STATIONS_ID;MESS_DATUM;QN_3;  FX;  FM;QN_4; RSK;RSKF; SDK;SHK_TAG;  NM; VPM;  PM; TMK; UPM; TXK; TNK; TGK;eor
       4177;20180106;   10;   4.9;   1.9;    3;   1.1;   6;    0.733;   0;   7.8;   9.7;  993.51;    7.8;   92.13;   10.5;    5.7;    4.8;eor
       4177;20180107;   10;  14.6;   5.7;    3;   0.0;   0;    0.000;   0;  -999;   8.7; 1003.43;    7.1;   85.88;    7.9;    6.4;    6.0;eor
       4177;20180108;   10;  12.8;   6.1;    3;   0.0;   0;    0.000;   0;   7.1;   8.0; 1005.15;    7.5;   76.88;    8.7;    6.4;    5.2;eor
       4177;20180109;   10;   9.0;   2.5;    3;   0.3;   6;    2.300;   0;   7.1;   7.8;  999.08;    5.6;   86.25;    8.0;    3.4;    2.3;eor
       4177;20180110;   10;   5.8;   1.3;    3;   0.1;   6;    2.383;   0;   7.1;   8.2;  998.22;    6.4;   86.46;    9.7;    3.0;    0.7;eor
       4177;20180111;   10;   4.4;   1.1;    3;   0.0;   0;    1.017;   0;   6.6;   7.9; 1001.98;    5.2;   89.71;    8.9;    1.5;   -0.3;eor
       4177;20180112;   10;   8.5;   3.3;    3;   0.0;   0;    2.350;   0;   6.1;   7.0; 1010.57;    4.8;   81.33;    7.0;    3.3;    1.3;eor
       4177;20180113;   10;   7.6;   3.2;    3;   0.0;   0;    0.000;   0;   6.7;   6.5; 1009.70;    4.9;   74.58;    6.1;    2.9;    0.2;eor
       4177;20180114;   10;   9.2;   3.5;    3;   0.0;   0;    7.050;   0;   0.7;   5.6; 1007.31;    2.1;   78.58;    5.3;   -3.0;   -5.2;eor
       4177;20180115;   10;  19.6;   3.8;    3;  11.5;   6;    0.283;   0;   6.4;   6.1;  999.46;    2.1;   85.29;    8.4;   -3.8;   -5.8;eor
       4177;20180116;   10;  18.9;   8.3;    3;   5.0;   6;    0.400;   0;   7.5;   8.1;  985.55;    6.8;   82.54;    9.2;    3.9;    3.1;eor
       4177;20180117;   10;  16.6;   8.2;    3;   6.9;   8;    1.867;   0;   6.9;   6.4;  991.99;    4.0;   78.33;    5.8;    1.5;    0.8;eor
       4177;20180118;   10;  23.0;   9.8;    3;   7.9;   8;    0.517;   0;   7.1;   7.9;  991.70;    6.5;   81.67;    9.6;    4.0;    3.1;eor
       4177;20180119;   10;  12.7;   5.4;    3;  12.6;   8;    0.100;   0;   6.3;   7.0;  997.08;    4.5;   83.42;    7.8;    2.7;    1.2;eor
       4177;20180120;   10;  15.1;   3.9;    3;  14.2;   6;    0.000;   0;   7.0;   7.0;  992.70;    3.2;   91.25;    4.9;    0.7;    0.0;eor
       4177;20180121;   10;   8.0;   2.5;    3;   6.1;   8;    3.233;   0;   6.4;   6.2; 1000.21;    3.3;   80.54;    6.1;    1.0;   -0.3;eor
       4177;20180122;   10;   8.1;   2.3;    3;   9.3;   6;    0.000;   0;   7.6;   9.2;  997.85;    6.1;   94.88;   10.2;    0.5;    0.0;eor
       4177;20180123;   10;  12.7;   4.4;    3;   0.0;   0;    0.000;   0;   7.8;   8.1; 1011.15;    7.6;   77.71;    9.1;    5.7;    5.0;eor
       4177;20180124;   10;  12.5;   5.0;    3;   0.0;   0;    6.717;   0;   7.0;   9.4; 1007.67;   10.3;   74.63;   13.2;    6.5;    2.9;eor
       4177;20180125;   10;  11.1;   3.6;    3;   4.7;   6;    1.100;   0;   7.9;   8.8; 1001.33;   10.9;   68.33;   13.7;    6.8;    2.6;eor
       4177;20180126;   10;   6.7;   1.2;    3;   6.3;   6;    0.000;   0;   7.1;   9.6; 1004.70;    7.3;   93.67;   10.0;    5.4;    4.7;eor
       4177;20180127;   10;   5.2;   1.8;    3;   0.0;   6;    0.067;   0;   7.4;   8.7; 1017.04;    6.0;   93.42;    7.9;    4.1;    2.0;eor
       4177;20180128;   10;  13.7;   6.5;    3;   0.0;   6;    0.000;   0;   7.7;   8.6; 1021.04;    7.8;   81.25;    9.1;    5.6;    4.6;eor
       4177;20180129;   10;  14.3;   7.2;    3;   0.1;   6;    0.000;   0;   7.7;   9.1; 1017.43;    9.0;   78.96;   10.2;    8.0;    7.5;eor
       4177;20180130;   10;   8.6;   2.8;    3;   0.0;   6;    0.000;   0;   7.4;   9.5; 1014.90;    8.3;   86.00;    9.6;    7.0;    5.9;eor
       4177;20180131;   10;  16.6;   7.7;    3;  10.5;   6;    0.233;   0;   7.2;   8.7;  999.43;    8.4;   78.63;   10.1;    5.5;    4.2;eor
       4177;20180201;   10;  12.6;   5.1;    3;   1.5;   6;    1.617;   0;   6.3;   6.9;  990.72;    4.4;   82.50;    5.9;    2.4;    0.9;eor
       4177;20180202;   10;  12.0;   5.3;    3;   0.1;   6;    0.117;   0;   6.9;   6.2;  993.52;    3.5;   79.29;    5.0;    1.4;    0.0;eor
       4177;20180203;   10;   8.4;   3.4;    3;   3.0;   8;    0.250;   0;   7.1;   6.3;  994.11;    3.0;   83.50;    4.7;    0.3;    0.0;eor
       4177;20180204;   10;   7.4;   2.3;    3;   6.4;   8;    0.000;   0;   7.5;   6.0; 1001.92;    0.6;   93.38;    2.6;   -0.4;   -0.9;eor
       4177;20180205;   10;  10.9;   4.7;    3;   0.0;   0;    4.583;   2;   6.4;   5.4; 1007.10;    0.8;   82.96;    3.4;   -0.2;   -0.8;eor
       4177;20180206;   10;   8.5;   3.8;    3;   0.0;   0;    2.850;   0;   6.7;   5.0;  998.67;    0.7;   77.00;    4.0;   -1.8;   -4.2;eor
       4177;20180207;   10;   3.7;   1.5;    3;   0.0;   0;    2.150;   0;   7.3;   5.0;  999.52;    0.1;   80.88;    3.1;   -2.4;   -4.1;eor
       4177;20180208;   10;   3.7;   1.1;    3;   0.0;   0;    3.217;   0;   7.0;   5.1; 1005.40;    0.3;   82.25;    3.5;   -2.9;   -4.7;eor
       4177;20180209;   10;   4.2;   1.1;    3;   0.0;   6;    0.000;   0;   8.0;   5.6; 1002.55;    1.7;   81.92;    3.3;    0.0;   -0.2;eor
       4177;20180210;   10;   8.6;   3.5;    3;   0.0;   6;    0.000;   0;   7.7;   5.9; 1003.43;    2.4;   81.63;    3.6;    0.9;   -0.7;eor
       4177;20180211;   10;  16.3;   6.0;    3;   0.8;   8;    0.000;   0;   7.6;   6.1;  995.11;    3.4;   77.46;    5.8;    1.1;   -0.1;eor
       4177;20180212;   10;  11.3;   4.9;    3;   0.0;   8;    4.067;   0;   4.8;   5.4; 1001.60;    2.1;   75.54;    4.7;   -2.1;   -5.2;eor
       4177;20180213;   10;   7.3;   2.0;    3;   0.0;   0;    9.050;   0;   1.8;   4.1; 1001.17;    0.6;   66.00;    5.6;   -2.9;   -6.5;eor
       4177;20180214;   10;   5.5;   1.9;    3;   0.0;   0;    9.100;   0;   1.5;   3.7; 1002.63;    0.1;   63.08;    6.6;   -6.3;   -8.7;eor
       4177;20180215;   10;   4.5;   1.4;    3;  10.0;   8;    0.000;   0;   7.6;   6.1; 1002.99;    1.6;   87.08;    5.3;   -1.3;   -3.3;eor
       4177;20180216;   10;   5.2;   2.3;    3;   0.2;   4;    4.333;   0;   5.5;   7.8; 1010.92;    5.4;   87.38;    9.7;   -0.1;   -2.4;eor
       4177;20180217;   10;  11.4;   4.2;    3;   6.6;   8;    0.000;   0;   7.8;   6.2; 1007.51;    1.5;   91.38;    2.7;   -0.8;   -3.3;eor
       4177;20180218;   10;   7.7;   2.1;    3;   0.0;   0;    3.333;   0;   6.0;   5.5; 1012.30;    0.4;   88.42;    3.9;   -3.1;   -4.9;eor
       4177;20180219;   10;   3.9;   1.7;    3;   0.0;   0;    0.000;   0;   8.0;   5.3; 1005.94;    1.5;   77.38;    2.6;    0.3;   -0.4;eor
       4177;20180220;   10;   5.8;   2.4;    3;   0.0;   0;    0.000;   0;   7.4;   4.7; 1003.06;    1.0;   71.79;    3.5;   -2.4;   -5.2;eor
       4177;20180221;   10;  11.1;   4.1;    3;   0.0;   0;    6.300;   0;   5.0;   4.4; 1006.07;    1.5;   64.58;    5.5;   -0.9;   -3.1;eor
       4177;20180222;   10;  15.8;   6.6;    3;   0.0;   0;    4.667;   0;   5.3;   3.5; 1003.85;    0.4;   57.13;    3.1;   -2.0;   -3.9;eor
       4177;20180223;   10;  13.9;   7.1;    3;   0.0;   0;    5.350;   0;   6.3;   3.4; 1003.03;    0.1;   55.08;    2.8;   -2.5;   -3.9;eor
       4177;20180224;   10;  15.9;   8.1;    3;   0.0;   0;    9.533;   0;   0.8;   3.0; 1005.11;    0.0;   50.96;    4.9;   -3.8;   -4.8;eor
       4177;20180225;   10;  13.0;   7.0;    3;   0.0;   0;    9.783;   0;   1.4;   2.1; 1009.85;   -3.0;   44.42;    0.1;   -5.8;   -7.2;eor
       4177;20180226;   10;  13.9;   6.0;    3;   0.0;   0;    6.450;   0;   2.3;   2.0; 1009.19;   -5.5;   48.58;   -2.7;   -7.6;   -9.2;eor
       4177;20180227;   10;   9.3;   4.0;    3;   0.0;   0;    8.800;   0;   7.0;   1.9; 1004.55;   -7.2;   54.04;   -3.9;  -11.4;  -13.8;eor
       4177;20180228;   10;  13.8;   5.6;    3;   0.0;   0;    8.933;   0;   4.2;   1.9; 1002.13;   -6.4;   51.79;   -1.4;  -12.0;  -14.0;eor
       4177;20180301;   10;  13.4;   7.2;    3;   0.0;   0;    0.833;   0;   7.7;   2.2;  991.06;   -3.0;   45.63;    0.8;   -6.6;   -6.6;eor
       4177;20180302;   10;  13.0;   4.7;    3;   1.2;   7;    0.467;   0;   8.0;   3.2;  983.68;   -2.1;   61.58;    0.3;   -4.0;   -3.9;eor
       4177;20180303;   10;   7.3;   2.7;    3;   1.3;   6;    4.817;   1;  -999;   5.4;  983.92;    0.4;   86.00;    6.6;   -4.9;   -7.9;eor
       4177;20180304;   10;   7.3;   1.8;    3;   1.5;   6;    1.300;   0;   7.3;   7.4;  984.50;    4.3;   89.42;   11.8;    0.1;   -1.5;eor
       4177;20180305;   10;   8.8;   3.0;    3;   0.0;   0;    9.833;   0;   6.8;   7.3;  981.84;    7.4;   73.42;   14.5;   -0.7;   -2.4;eor
       4177;20180306;   10;   9.2;   2.7;    3;   0.5;   6;    5.500;   0;   7.2;   7.2;  978.52;    5.4;   80.00;   11.1;   -1.6;   -3.7;eor
       4177;20180307;   10;  18.1;   4.6;    3;   1.1;   6;    1.850;   0;   6.4;   7.5;  984.32;    6.1;   80.96;   10.6;    0.0;   -1.7;eor
       4177;20180308;   10;  12.8;   6.0;    3;   0.0;   6;    6.700;   0;   6.6;   7.0;  991.75;    8.4;   65.00;   12.6;    4.7;    3.4;eor
       4177;20180309;   10;   6.9;   1.6;    3;   0.1;   6;    0.417;   0;   8.0;   8.1;  994.47;    8.7;   72.83;   13.4;    4.1;    3.2;eor
       4177;20180310;   10;   7.6;   1.5;    3;   0.7;   6;    0.000;   0;   7.1;  11.2;  990.72;    9.9;   91.42;   13.5;    5.2;    3.0;eor
       4177;20180311;   10;   6.0;   1.5;    3;   0.4;   6;    0.683;   0;   7.6;  10.8;  983.96;    9.1;   92.75;   13.6;    3.9;    2.3;eor
       4177;20180312;   10;  15.5;   5.5;    3;   0.6;   6;    2.317;   0;   7.5;  10.2;  983.27;   10.6;   80.50;   14.0;    8.3;    6.5;eor
       4177;20180313;   10;  16.1;   7.5;    3;   4.5;   6;    0.300;   0;   7.6;   8.6;  992.59;    8.0;   80.25;    9.1;    6.2;    5.5;eor
       4177;20180314;   10;   8.5;   3.2;    3;   0.0;   0;    8.467;   0;   4.1;   7.5;  997.15;    8.3;   70.29;   12.8;    5.2;    2.1;eor
       4177;20180315;   10;  11.3;   3.9;    3;   0.8;   6;    0.383;   0;   6.8;   7.6;  984.60;    7.5;   74.00;   11.9;    3.9;    1.2;eor
       4177;20180316;   10;  10.9;   3.5;    3;   0.2;   6;    2.917;   0;   6.3;   8.6;  987.84;    8.7;   77.50;   14.4;    1.8;   -0.7;eor
       4177;20180317;   10;  13.4;   6.4;    3;   2.6;   8;    0.000;   0;   7.5;   5.7;  986.90;    2.0;   79.79;    6.0;   -2.5;   -2.6;eor
       4177;20180318;   10;  12.0;   6.2;    3;   0.0;   0;    0.000;   2;   7.7;   4.2;  990.43;   -1.2;   75.54;    0.5;   -3.2;   -3.5;eor
       4177;20180319;   10;   9.0;   4.7;    3;   0.0;   0;    0.000;   0;   8.0;   4.0;  995.82;    0.0;   65.17;    1.8;   -1.5;   -2.2;eor
       4177;20180320;   10;   9.2;   2.7;    3;   0.0;   8;    3.800;   0;   6.4;   4.3; 1004.07;    0.1;   70.13;    3.0;   -4.6;   -7.4;eor
       4177;20180321;   10;   8.6;   2.0;    3;   0.0;   0;   10.400;   0;   3.0;   4.2; 1013.20;    0.7;   68.38;    6.6;   -5.1;   -7.3;eor
       4177;20180322;   10;  12.5;   4.7;    3;   4.7;   8;    0.017;   0;   7.2;   5.3; 1005.78;    0.7;   81.33;    4.7;   -4.6;   -6.9;eor
       4177;20180323;   10;   8.2;   3.2;    3;   1.7;   6;    0.000;   0;  -999;   7.4;  995.11;    4.3;   89.25;    8.3;    0.0;   -2.6;eor
       4177;20180324;   10;  11.0;   3.6;    3;   0.0;   0;   11.333;   0;   4.9;   6.3;  987.77;    6.1;   69.75;   12.4;    0.0;   -3.1;eor
       4177;20180325;   10;   5.2;   1.2;    3;   0.0;   0;   10.650;   0;   7.2;   6.1;  992.65;    5.8;   69.67;   14.2;   -2.5;   -5.0;eor
       4177;20180326;   10;   5.1;   1.6;    3;   1.5;   6;    0.017;   0;   7.8;   7.1; 1000.48;    6.8;   73.54;   10.6;    2.4;    0.1;eor
       4177;20180327;   10;  12.3;   4.1;    3;   0.8;   6;    2.767;   0;   7.2;   7.5;  999.75;    7.5;   75.04;   12.9;    2.3;   -0.7;eor
       4177;20180328;   10;  15.6;   6.5;    3;   7.9;   4;    1.100;   0;   7.5;   9.9;  991.32;    9.7;   82.13;   12.0;    7.3;    6.3;eor
       4177;20180329;   10;  11.1;   3.7;    3;   0.0;   0;    6.150;   0;   6.8;   6.5;  994.16;    6.7;   67.75;   10.8;    0.0;   -1.8;eor
       4177;20180330;   10;   9.9;   2.8;    3;   0.1;   6;    4.817;   0;   7.2;   7.4;  988.29;    7.2;   75.33;   15.9;   -1.7;   -4.1;eor
       4177;20180331;   10;   9.7;   2.2;    3;   0.1;   6;    6.667;   0;   7.7;   7.5;  986.60;    8.8;   68.79;   13.9;    4.1;    1.9;eor
       4177;20180401;   10;  18.0;   5.9;    3;   2.8;   6;    0.250;   0;   7.4;   8.1;  996.39;    7.2;   79.79;    8.7;    5.1;    4.3;eor
       4177;20180402;   10;   5.6;   1.3;    3;   0.3;   6;    6.600;   0;   6.6;   7.6;  995.68;    8.5;   70.96;   15.4;   -0.7;   -3.0;eor
       4177;20180403;   10;  12.0;   3.3;    3;   0.6;   6;    7.767;   0;   7.8;   8.8;  990.90;   14.7;   56.04;   20.8;    8.3;    6.7;eor
       4177;20180404;   10;  21.6;   4.2;    3;   4.2;   6;    2.717;   0;   7.4;  10.8;  991.32;   12.1;   76.63;   17.7;    9.5;    6.4;eor
       4177;20180405;   10;  15.1;   6.2;    3;   2.2;   6;    1.000;   0;   7.5;   8.5; 1000.95;   10.0;   69.13;   12.4;    5.6;    1.9;eor
       4177;20180406;   10;  11.3;   4.4;    3;   0.0;   0;   12.150;   0;   2.7;   7.1; 1005.02;   10.3;   59.13;   17.5;    0.9;   -1.3;eor
       4177;20180407;   10;   6.7;   2.0;    3;   0.0;   0;   12.083;   0;   0.8;   8.2;  998.28;   13.0;   59.04;   23.4;    1.1;   -1.3;eor
       4177;20180408;   10;   8.3;   2.6;    3;   0.0;   0;   10.300;   0;   4.4;   9.6;  993.34;   14.9;   61.04;   24.2;    4.6;    2.3;eor
       4177;20180409;   10;   6.5;   1.8;    3;   0.0;   6;    0.917;   0;   7.0;  11.0;  990.25;   14.4;   68.04;   19.0;    7.4;    5.9;eor
       4177;20180410;   10;  15.4;   3.2;    3;   3.5;   6;    4.150;   0;   7.9;  11.1;  990.73;   12.0;   80.25;   19.6;    6.3;    5.0;eor
       4177;20180411;   10;  10.6;   2.7;    3;   0.0;   0;   11.750;   0;   4.4;   9.2;  991.34;   12.0;   69.50;   18.9;    2.1;    0.4;eor
       4177;20180412;   10;  10.5;   2.9;    3;   0.0;   6;    5.483;   0;   7.1;  11.2;  985.88;   13.2;   75.25;   19.8;    6.7;    4.2;eor
       4177;20180413;   10;   9.2;   2.4;    3;   3.3;   6;    0.633;   0;   7.4;  10.8;  995.27;    9.6;   89.71;   14.0;    4.8;    2.6;eor
       4177;20180414;   10;   5.7;   1.8;    3;   0.0;   4;   10.750;   0;   5.3;   9.8; 1004.08;   12.5;   71.04;   20.7;    2.4;    0.4;eor
       4177;20180415;   10;   5.6;   2.0;    3;   0.3;   4;    6.550;   0;   7.3;  12.1;  999.15;   15.5;   69.83;   20.7;    9.8;    7.9;eor
       4177;20180416;   10;   7.5;   2.6;    3;   0.0;   0;    9.867;   0;   5.1;  11.9; 1001.33;   15.6;   69.88;   21.0;    8.7;    6.0;eor
       4177;20180417;   10;   5.0;   1.4;    3;   0.0;   0;   12.567;   0;   3.7;  10.7; 1010.83;   14.8;   67.33;   23.6;    5.3;    3.4;eor
       4177;20180418;   10;  11.4;   3.1;    3;   0.0;   0;   12.800;   0;  -999;  10.8; 1015.12;   17.0;   60.63;   25.4;    6.6;    4.2;eor
       4177;20180419;   10;  10.4;   4.0;    3;   0.0;   0;   12.833;   0;   3.1;  11.0; 1012.19;   19.1;   52.67;   27.2;   11.4;    8.2;eor
       4177;20180420;   10;   4.2;   1.1;    3;   0.0;   0;   12.617;   0;   5.9;  11.8; 1008.55;   17.4;   63.79;   28.0;    7.5;    4.3;eor
       4177;20180421;   10;   4.7;   1.3;    3;   0.0;   0;   12.317;   0;   3.1;  12.3; 1004.92;   18.0;   64.67;   28.7;    7.7;    6.2;eor
       4177;20180422;   10;   7.9;   2.5;    3;   0.0;   0;   10.867;-999;   4.3;  12.7; 1000.53;   19.5;   60.17;   27.9;    8.8;    6.9;eor
       4177;20180423;   10;  12.9;   4.2;    3;   4.8;   6;    2.083;   0;   7.5;  14.5; 1002.72;   16.3;   77.96;   20.1;   13.4;   11.4;eor
       4177;20180424;   10;   9.4;   3.0;    3;   0.0;   0;    9.250;   0;   7.2;  13.3; 1003.69;   15.4;   78.75;   21.2;    9.3;    6.6;eor
       4177;20180425;   10;  16.1;   5.0;    3;   0.1;   6;    7.533;   0;   5.0;  12.2;  999.90;   15.0;   73.21;   20.5;    8.4;    5.7;eor
       4177;20180426;   10;  13.1;   4.4;    3;   0.0;   0;    8.567;   0;   6.1;   8.7; 1004.90;   11.8;   64.42;   16.2;    5.0;    2.4;eor
       4177;20180427;   10;   8.4;   2.3;    3;   0.0;   0;   10.933;   0;   5.7;   8.8;  998.22;   13.2;   61.58;   22.5;    1.6;   -0.1;eor
       4177;20180428;   10;   6.6;   2.4;    3;   7.3;   6;    6.467;   0;   6.8;   9.9;  998.77;   14.3;   62.38;   20.2;    9.6;    6.0;eor
       4177;20180429;   10;  15.5;   3.7;    3;   0.1;   6;    9.800;   0;   5.8;  13.8;  990.43;   17.5;   71.58;   25.9;    9.9;    8.7;eor
       4177;20180430;   10;  18.5;   7.6;    3;   0.0;   6;    9.033;   0;   4.4;   9.3;  991.36;   14.3;   57.96;   18.4;    9.9;    8.8;eor
       4177;20180501;   10;  12.2;   3.7;    3;   0.0;   0;    8.250;-999;   5.8;   7.4;  999.95;    9.5;   63.88;   14.1;    3.5;    1.4;eor
       4177;20180502;   10;   5.9;   2.3;    3;   0.0;   6;    1.683;-999;   7.8;   8.7;  998.70;   10.7;   69.42;   16.9;    2.6;    0.8;eor
       4177;20180503;   10;   8.8;   3.1;    3;   0.0;   6;    5.067;-999;   7.3;  10.4; 1000.93;   14.4;   66.08;   19.0;    9.7;    9.0;eor
       4177;20180504;   10;  11.9;   4.9;    3;   0.0;   0;   10.733;-999;   3.1;  10.2; 1004.08;   16.5;   54.92;   22.7;    9.0;    7.1;eor
       4177;20180505;   10;  13.1;   5.3;    3;   0.0;   0;   12.767;-999;   0.7;  11.1; 1006.29;   18.1;   53.71;   24.8;   10.8;    9.4;eor
       4177;20180506;   10;  12.7;   4.8;    3;   0.0;   0;   13.783;-999;   0.3;  10.1; 1006.40;   18.5;   49.46;   25.2;   12.0;    9.1;eor
       4177;20180507;   10;  13.9;   4.1;    3;   0.0;   0;   13.833;-999;   0.6;  10.2; 1002.43;   18.3;   52.17;   25.9;    9.8;    6.6;eor
       4177;20180508;   10;  10.9;   3.8;    3;   0.0;   0;   13.883;-999;   0.3;   9.9;  995.65;   18.8;   50.54;   27.5;    9.2;    7.3;eor
       4177;20180509;   10;   9.0;   2.7;    3;   0.0;   0;   11.900;-999;   3.5;  11.4;  992.40;   18.6;   56.38;   26.6;   10.6;    8.2;eor
       4177;20180510;   10;  11.1;   3.6;    3;   4.2;   6;    0.000;-999;   7.3;  13.4;  998.52;   13.1;   88.46;   16.2;    9.8;    7.2;eor
       4177;20180511;   10;   9.0;   2.4;    3;   0.0;   0;   12.100;-999;   1.9;  11.9; 1004.04;   15.1;   72.50;   22.1;    5.8;    3.7;eor
       4177;20180512;   10;  10.0;   2.3;    3;   4.8;   6;   10.183;-999;   3.6;  13.7;  999.27;   17.9;   70.13;   27.0;    8.0;    6.2;eor
       4177;20180513;   10;   9.7;   4.5;    3;  18.3;   6;    0.000;-999;   7.5;  14.6;  996.43;   13.4;   94.38;   15.7;   11.2;   11.0;eor
       4177;20180514;   10;   7.9;   3.4;    3;   1.6;   4;    0.000;-999;   7.3;  14.0;  995.71;   13.1;   92.25;   15.6;   11.4;   11.0;eor
       4177;20180515;   10;  13.5;   2.5;    3;   9.2;   6;    7.717;   0;   6.6;  13.6;  998.43;   15.6;   78.79;   22.1;   11.7;   10.7;eor
       4177;20180516;   10;   8.1;   2.4;    3;   3.7;   6;    2.367;   0;   7.5;  13.9; 1000.60;   13.9;   87.92;   18.2;   11.8;   11.6;eor
       4177;20180517;   10;   5.5;   1.7;    3;   0.3;   6;    1.950;   0;   6.6;  13.3; 1004.40;   14.1;   83.92;   18.3;    8.2;    6.2;eor
       4177;20180518;   10;   7.9;   2.7;    3;   0.0;   0;   13.700;   0;   2.8;  10.6; 1006.11;   13.2;   72.29;   19.3;    5.5;    3.9;eor
       4177;20180519;   10;  10.3;   3.1;    3;   3.5;   6;   12.650;   0;   4.3;  11.2; 1005.78;   14.7;   69.08;   20.8;    6.9;    5.7;eor
       4177;20180520;   10;   7.5;   2.8;    3;   5.7;   6;    0.050;   0;   6.6;  14.4; 1004.98;   14.1;   89.42;   18.6;    9.1;    7.7;eor
       4177;20180521;   10;   6.9;   2.3;    3;   0.0;   0;   12.250;   0;   6.3;  14.2;  999.53;   18.1;   69.79;   24.7;   11.2;    9.7;eor
       4177;20180522;   10;  10.8;   1.8;    3;   7.4;   6;    7.033;   0;   5.9;  15.4;  998.41;   16.9;   81.88;   26.0;   11.4;    9.9;eor
       4177;20180523;   10;   7.3;   2.1;    3;   0.1;   6;    5.400;   0;   5.7;  16.7; 1002.88;   17.9;   82.25;   23.2;   14.2;   13.6;eor
       4177;20180524;   10;   6.6;   1.7;    3;   1.7;   6;    3.117;-999;   6.7;  17.3; 1003.60;   17.3;   87.96;   22.1;   12.5;   11.3;eor
       4177;20180525;   10;   6.1;   1.5;    3;   0.0;   0;   13.600;-999;   3.0;  16.1; 1003.77;   19.1;   75.63;   26.4;   10.6;    9.5;eor
       4177;20180526;   10;   8.0;   2.8;    3;   0.0;   0;   12.933;-999;   4.8;  17.3; 1004.70;   21.5;   69.71;   28.3;   14.6;   12.2;eor
       4177;20180527;   10;   7.0;   1.8;    3;   0.0;   0;   10.350;-999;   6.6;  18.8; 1003.26;   22.0;   72.38;   28.8;   14.7;   13.0;eor
       4177;20180528;   10;   9.8;   2.9;    3;   0.0;   6;    9.500;-999;   5.4;  19.4; 1001.26;   23.4;   70.08;   29.6;   16.8;   15.5;eor
       4177;20180529;   10;   9.8;   3.8;    3;   0.0;   0;    5.800;-999;   5.0;  18.1; 1000.11;   20.3;   77.38;   25.0;   14.3;   12.8;eor
       4177;20180530;   10;   7.6;   1.9;    3;   0.0;   6;   11.800;-999;   2.7;  16.9; 1000.04;   22.0;   66.83;   29.2;   12.7;   11.4;eor
       4177;20180531;   10;  16.0;   3.2;    3;  11.4;   6;   11.467;-999;   5.2;  18.6; 1000.39;   22.5;   69.58;   27.9;   16.4;   15.1;eor
       4177;20180601;   10;  13.0;   4.2;    3;   7.4;   8;    8.267;-999;   5.2;  18.0; 1004.33;   19.4;   81.08;   25.0;   16.2;   15.0;eor
       4177;20180602;   10;   7.4;   2.5;    3;   0.0;   0;   12.900;-999;   1.1;  16.9; 1004.98;   19.9;   74.96;   25.2;   14.7;   13.3;eor
       4177;20180603;   10;  10.2;   2.4;    3;   0.0;   0;   13.183;-999;   3.6;  16.8; 1002.54;   20.9;   70.79;   27.6;   12.5;   11.5;eor
       4177;20180604;   10;   9.2;   3.2;    3;   0.0;   0;   13.900;-999;   3.8;  16.6;  996.55;   23.1;   61.33;   30.0;   15.2;   13.7;eor
       4177;20180605;   10;  10.2;   2.9;    3;   0.0;   0;   13.433;-999;   2.7;  16.8;  995.88;   22.9;   62.38;   29.1;   14.2;   12.9;eor
       4177;20180606;   10;   7.5;   2.5;    3;   2.0;   8;   11.300;-999;   3.3;  18.0;  997.56;   22.7;   66.54;   29.8;   17.9;   16.6;eor
       4177;20180607;   10;   8.7;   2.8;    3;   3.5;   6;    3.533;-999;   7.0;  19.2; 1000.77;   20.8;   79.29;   25.8;   16.6;   15.7;eor
       4177;20180608;   10;   9.0;   1.9;    3;   3.1;   8;    9.583;-999;   5.8;  19.3;  998.42;   21.4;   78.21;   28.3;   14.6;   13.6;eor
       4177;20180609;   10;   8.1;   2.4;    3;   2.0;   6;    8.000;-999;   6.6;  20.7;  998.10;   21.4;   82.75;   29.0;   18.1;   17.7;eor
       4177;20180610;   10;  14.0;   2.5;    3;   0.1;   6;   11.900;-999;   4.0;  19.7;  997.58;   22.7;   73.58;   29.0;   17.1;   15.8;eor
       4177;20180611;   10;  10.9;   2.0;    3;  28.7;   6;    4.017;-999;   6.0;  19.8;  995.79;   20.0;   85.83;   27.5;   16.3;   15.5;eor
       4177;20180612;   10;   9.0;   2.7;    3;   1.2;   6;    0.033;-999;   7.3;  18.0;  995.93;   17.6;   88.96;   19.9;   15.5;   14.9;eor
       4177;20180613;   10;   9.3;   3.4;    3;   0.0;   0;    0.267;-999;   7.8;  12.5; 1000.82;   16.2;   68.21;   18.8;   13.8;   13.4;eor
       4177;20180614;   10;   5.8;   1.4;    3;   0.0;   0;    6.150;-999;   7.8;  12.8; 1002.82;   17.0;   68.33;   22.0;   13.3;   13.1;eor
       4177;20180615;   10;   5.7;   1.9;    3;   0.0;   0;    9.133;-999;   5.6;  14.6; 1002.92;   18.7;   69.63;   24.0;   13.1;   11.6;eor
       4177;20180616;   10;   5.5;   1.5;    3;   0.0;   0;    9.833;-999;   5.2;  14.7; 1001.68;   19.6;   68.92;   27.2;   11.1;   10.4;eor
       4177;20180617;   10;   7.5;   2.7;    3;   0.0;   0;    5.533;-999;   7.0;  14.9; 1004.82;   19.9;   65.38;   24.2;   16.0;   14.9;eor
       4177;20180618;   10;   7.4;   2.4;    3;   0.0;   0;    5.383;-999;   6.2;  14.6; 1008.72;   19.2;   67.88;   24.6;   14.6;   14.1;eor
       4177;20180619;   10;   8.9;   2.6;    3;   0.0;   0;    9.483;-999;   3.5;  16.9; 1010.08;   20.7;   71.33;   27.1;   14.7;   13.2;eor
       4177;20180620;   10;   6.6;   2.2;    3;   0.0;   0;   14.900;-999;   0.4;  17.6; 1006.25;   23.4;   65.42;   30.8;   14.3;   13.2;eor
       4177;20180621;   10;  13.2;   4.7;    3;   0.0;   6;   10.400;-999;   3.7;  14.5; 1004.08;   21.1;   58.08;   27.9;   12.3;    8.7;eor
       4177;20180622;   10;   7.4;   2.5;    3;   0.0;   0;    8.417;-999;   3.9;   9.1; 1011.48;   14.1;   58.42;   19.6;    7.4;    5.3;eor
       4177;20180623;   10;   9.5;   2.3;    3;   0.0;   0;   10.667;-999;  -999;  10.0; 1011.55;   14.7;   62.54;   22.2;    6.1;    4.4;eor
       4177;20180624;   10;   8.1;   2.0;    3;   0.0;   0;    4.983;-999;   7.8;  11.2; 1007.73;   16.9;   60.63;   22.4;    8.9;    8.0;eor
       4177;20180625;   10;   8.4;   2.7;    3;   0.0;   0;    6.033;   0;   5.3;  12.3; 1008.62;   18.9;   57.29;   23.5;   13.4;   11.4;eor
       4177;20180626;   10;  10.1;   1.8;    3;   0.0;   0;    4.550;   0;   3.9;  13.9; 1008.68;   18.8;   66.79;   25.1;   11.1;    9.9;eor
       4177;20180627;   10;  12.3;   3.4;    3;   0.0;   0;    9.867;   0;   1.2;  12.7; 1007.40;   20.2;   57.08;   27.7;   11.6;    9.5;eor
       4177;20180628;   10;  16.3;   3.6;    3;   0.0;   6;    8.350;   0;   4.2;  13.2; 1005.12;   20.5;   56.33;   27.4;   11.6;    9.3;eor
       4177;20180629;   10;   9.0;   2.9;    3;   0.0;   6;    8.567;   0;   4.7;  16.4; 1001.50;   23.1;   60.42;   30.0;   16.7;   14.8;eor
       4177;20180630;   10;  10.0;   3.7;    3;   0.0;   0;   14.867;   0;   0.3;  13.5;  999.21;   24.1;   49.00;   31.8;   14.8;   13.3;eor
       4177;20180701;   10;  11.7;   5.6;    3;   0.0;   0;   14.967;   0;   0.1;   9.0; 1000.23;   22.7;   33.71;   29.0;   16.0;   14.9;eor
       4177;20180702;   10;  10.7;   5.0;    3;   0.0;   0;   14.867;   0;   0.4;   9.4;  999.83;   22.9;   35.67;   29.9;   15.4;   14.3;eor
       4177;20180703;   10;   8.1;   3.3;    3;   0.0;   0;   12.850;   0;   3.5;  11.9; 1001.42;   22.7;   44.13;   29.1;   16.4;   15.2;eor
       4177;20180704;   10;   9.6;   2.8;    3;   0.0;   6;    8.250;   0;   7.3;  17.0; 1000.89;   22.9;   62.38;   29.8;   15.4;   14.5;eor
       4177;20180705;   10;   8.1;   2.9;    3;   8.1;   6;    0.000;   0;   7.4;  19.1; 1000.97;   18.5;   89.71;   20.5;   15.3;   14.6;eor
       4177;20180706;   10;   7.2;   2.7;    3;   2.9;   6;    5.433;   0;   5.8;  19.1; 1004.80;   20.2;   82.13;   26.5;   14.8;   13.6;eor
       4177;20180707;   10;   6.2;   1.7;    3;   0.0;   6;    7.317;   0;   5.0;  16.2; 1007.85;   21.5;   66.17;   27.9;   13.9;   12.7;eor
       4177;20180708;   10;   7.7;   2.1;    3;   0.0;   0;   14.700;   0;   1.4;  12.5; 1007.51;   21.1;   54.63;   28.2;   13.3;   11.3;eor
       4177;20180709;   10;   8.3;   2.7;    3;   0.0;   0;   13.367;   0;   3.5;  12.0; 1005.84;   20.8;   52.92;   28.6;   10.7;    9.6;eor
       4177;20180710;   10;  10.0;   2.4;    3;   0.2;   6;    4.583;   0;   5.5;  13.0; 1002.86;   18.3;   63.04;   22.9;   14.2;   12.3;eor
       4177;20180711;   10;   8.6;   2.8;    3;   0.0;   6;    6.383;   0;   5.9;  12.3; 1002.66;   18.1;   60.42;   22.9;   14.8;   14.5;eor
       4177;20180712;   10;   6.4;   2.4;    3;   0.0;   6;    7.500;   0;   4.3;  13.5; 1003.74;   19.8;   59.71;   26.3;   13.5;   12.2;eor
       4177;20180713;   10;   6.2;   2.2;    3;   0.0;   0;   14.467;   0;   1.1;  13.7; 1004.89;   22.1;   56.13;   29.7;   11.6;   10.5;eor
       4177;20180714;   10;   7.7;   2.3;    3;   0.0;   0;   14.283;   0;   2.8;  14.0; 1003.57;   23.3;   53.63;   31.3;   14.2;   12.8;eor
       4177;20180715;   10;  10.0;   2.0;    3;  20.9;   6;    6.583;   0;   5.9;  16.2; 1001.39;   21.1;   67.38;   31.0;   14.8;   13.7;eor
       4177;20180716;   10;   7.8;   2.0;    3;   0.0;   0;   12.600;   0;   4.5;  16.3;  999.43;   22.3;   64.29;   29.2;   16.2;   14.9;eor
       4177;20180717;   10;  12.0;   3.1;    3;   0.1;   6;   12.917;   0;   2.6;  15.7; 1000.95;   22.9;   60.33;   31.6;   14.0;   13.0;eor
       4177;20180718;   10;   9.2;   2.2;    3;   0.0;   0;   13.883;   0;   1.9;  15.0; 1003.25;   22.6;   58.58;   29.0;   15.6;   13.9;eor
       4177;20180719;   10;   6.5;   2.5;    3;   0.0;   0;   13.300;   0;   3.1;  13.4; 1002.57;   22.3;   54.67;   30.3;   13.0;   11.6;eor
       4177;20180720;   10;  10.1;   2.4;    3;   0.0;   6;   10.467;   0;   4.8;  14.4;  998.87;   23.6;   53.71;   31.3;   14.9;   13.7;eor
       4177;20180721;   10;  12.0;   3.5;    3;  19.1;   6;    1.167;   0;   7.6;  19.8;  998.50;   20.2;   84.00;   24.1;   17.1;   17.0;eor
       4177;20180722;   10;  15.5;   2.6;    3;   0.2;   6;    4.750;   0;   7.4;  19.0; 1000.51;   20.8;   78.50;   26.2;   18.0;   17.3;eor
       4177;20180723;   10;   7.7;   1.2;    3;   0.0;   0;   12.167;   0;   2.6;  18.4; 1002.90;   22.7;   70.29;   29.5;   15.9;   14.8;eor
       4177;20180724;   10;  10.4;   2.2;    3;   0.0;   0;   14.217;   0;   0.4;  17.1; 1000.11;   24.5;   61.13;   32.7;   15.4;   14.1;eor
       4177;20180725;   10;   8.1;   1.8;    3;   0.0;   0;   13.633;   0;   1.0;  17.4;  999.98;   25.8;   58.46;   34.7;   15.7;   14.6;eor
       4177;20180726;   10;   9.4;   2.7;    3;   0.0;   0;   13.967;   0;   0.9;  16.9;  999.90;   26.5;   54.58;   34.7;   17.2;   15.9;eor
       4177;20180727;   10;   6.7;   1.8;    3;   0.0;   0;   14.183;   0;   0.8;  15.5;  997.59;   25.8;   52.25;   34.7;   15.9;   14.7;eor
       4177;20180728;   10;  15.1;   4.0;    3;   2.1;   6;    3.133;-999;   6.9;  19.3;  996.74;   23.4;   68.17;   30.2;   17.9;   16.5;eor
       4177;20180729;   10;   6.9;   2.0;    3;   0.0;   0;   10.367;-999;   4.1;  17.0; 1000.52;   24.4;   60.33;   32.1;   17.8;   16.5;eor
       4177;20180730;   10;   6.7;   1.7;    3;   0.0;   0;   12.733;-999;   1.7;  16.5; 1001.26;   25.8;   55.29;   34.6;   15.4;   14.4;eor
       4177;20180731;   10;   7.0;   2.0;    3;   0.0;   0;   12.883;-999;   1.1;  17.5; 1002.03;   26.8;   54.46;   36.0;   16.6;   15.5;eor
       4177;20180801;   10;  10.3;   2.7;    3;  -999;   6;    4.500;-999;   7.0;  19.4; 1005.44;   23.9;   66.83;   29.4;   19.7;   19.1;eor
       4177;20180802;   10;   7.2;   1.8;    3;   0.0;   0;   13.450;-999;   2.0;  20.7; 1007.01;   25.1;   68.50;   32.1;   17.4;   16.4;eor
       4177;20180803;   10;  12.6;   2.6;    3;   0.0;   0;   13.700;-999;   0.0;  19.5; 1004.80;   27.8;   56.92;   36.4;   19.2;   18.4;eor
       4177;20180804;   10;   7.4;   2.1;    3;   0.0;   0;   11.917;-999;   1.9;  17.7; 1002.65;   28.6;   50.00;   36.3;   18.7;   17.8;eor
       4177;20180805;   10;   9.5;   3.7;    3;   0.0;   0;   12.167;-999;   1.4;  16.1; 1004.44;   26.8;   47.00;   32.5;   19.1;   17.7;eor
       4177;20180806;   10;   7.4;   2.9;    3;   0.0;   0;   13.900;-999;   0.9;  16.1; 1001.13;   27.3;   46.58;   35.8;   19.4;   18.1;eor
       4177;20180807;   10;   9.4;   2.6;    3;   0.0;   0;    9.833;-999;   3.8;  17.5;  997.37;   27.2;   52.38;   35.7;   18.9;   18.1;eor
       4177;20180808;   10;  10.9;   3.4;    3;   0.0;   6;    7.450;-999;   5.1;  17.9;  999.22;   25.9;   55.00;   31.6;   19.9;   18.8;eor
       4177;20180809;   10;  24.4;   4.0;    3;   0.0;   6;    7.550;-999;   5.8;  18.0;  999.90;   24.3;   60.71;   35.4;   18.5;   17.7;eor
       4177;20180810;   10;   9.9;   3.7;    3;   0.0;   0;   11.233;-999;   3.6;  12.2; 1009.36;   19.9;   55.04;   25.9;   15.1;   13.8;eor
       4177;20180811;   10;  11.8;   3.4;    3;   0.0;   0;   10.383;-999;   4.6;  11.3; 1009.08;   19.5;   52.42;   26.0;   11.7;    9.9;eor
       4177;20180812;   10;   7.5;   1.7;    3;   0.0;   0;   13.633;-999;   0.6;  11.2; 1001.90;   20.5;   52.58;   30.8;    9.0;    7.8;eor
       4177;20180813;   10;  10.6;   3.4;    3;   1.1;   6;    2.833;-999;   6.3;  17.1;  996.59;   19.5;   74.83;   25.5;   13.4;   12.6;eor
       4177;20180814;   10;   9.8;   3.8;    3;   0.0;   0;   10.217;-999;   2.8;  15.3; 1002.04;   20.7;   64.58;   26.5;   14.8;   12.9;eor
       4177;20180815;   10;   7.9;   2.2;    3;   0.0;   6;    4.700;-999;   4.3;  15.5; 1006.01;   20.1;   68.29;   26.7;   14.0;   12.7;eor
       4177;20180816;   10;   5.4;   1.3;    3;   0.0;   0;   13.367;-999;   1.6;  15.0; 1001.94;   22.1;   61.29;   31.2;   12.1;   10.7;eor
       4177;20180817;   10;  11.8;   2.2;    3;   0.6;   6;    9.817;-999;   4.6;  16.8; 1001.46;   22.2;   66.75;   31.6;   14.3;   13.2;eor
       4177;20180818;   10;   7.9;   1.7;    3;   0.0;   0;   11.167;-999;   2.2;  16.8; 1007.39;   21.3;   69.63;   28.1;   14.3;   13.3;eor
       4177;20180819;   10;   6.7;   1.7;    3;   0.0;   0;   10.217;-999;   4.6;  14.6; 1006.84;   22.6;   56.75;   30.5;   16.2;   15.2;eor
       4177;20180820;   10;   9.4;   2.5;    3;   0.0;   0;   11.750;-999;   1.3;  16.2; 1005.49;   23.0;   59.17;   30.4;   16.1;   14.1;eor
       4177;20180821;   10;   7.8;   2.3;    3;   0.0;   6;   10.317;-999;   1.3;  16.5; 1004.74;   24.1;   57.79;   31.3;   16.5;   15.5;eor
       4177;20180822;   10;   5.9;   2.1;    3;   0.0;   0;   13.017;-999;   0.3;  15.7; 1002.11;   25.2;   52.04;   33.8;   18.5;   17.2;eor
       4177;20180823;   10;  10.7;   2.8;    3;   0.3;   6;    9.000;-999;   4.1;  17.5;  999.29;   24.3;   60.96;   32.1;   16.7;   15.8;eor
       4177;20180824;   10;  13.6;   4.1;    3;   0.8;   6;    0.017;-999;   7.3;  16.1;  999.79;   18.5;   74.58;   20.6;   13.7;   10.7;eor
       4177;20180825;   10;   9.3;   4.1;    3;   1.8;   6;    2.683;-999;   5.8;  12.8; 1000.47;   14.5;   77.29;   17.5;   11.7;    9.7;eor
       4177;20180826;   10;   7.6;   2.2;    3;   0.0;   6;   11.250;-999;   3.2;   9.7; 1003.33;   14.8;   62.71;   22.2;    7.0;    4.7;eor
       4177;20180827;   10;  12.0;   2.9;    3;   0.0;   6;    1.033;-999;   7.6;  13.3; 1001.87;   18.3;   63.54;   24.0;   10.4;    9.8;eor
       4177;20180828;   10;   6.0;   2.1;    3;   0.0;   0;   11.817;-999;   3.7;  14.6; 1004.54;   19.6;   67.42;   26.2;   12.7;   11.1;eor
       4177;20180829;   10;  11.2;   3.5;    3;   0.5;   6;    8.817;-999;   4.1;  15.6; 1000.06;   20.6;   65.96;   29.8;   10.7;    9.4;eor
       4177;20180830;   10;  11.8;   3.0;    3;   0.0;   6;    0.783;-999;  -999;  15.4; 1006.25;   18.0;   75.13;   22.5;   13.9;   12.9;eor
       4177;20180831;   10;   5.6;   2.2;    3;   0.9;   6;    0.000;-999;   7.1;  13.9; 1006.83;   16.1;   76.67;   20.2;   12.9;   12.1;eor
       4177;20180901;   10;   9.9;   2.6;    3;   0.0;   0;   10.433;-999;   4.7;  11.0; 1009.36;   17.2;   59.71;   23.2;   10.6;    8.7;eor
       4177;20180902;   10;   7.4;   2.8;    3;   0.1;   6;    0.000;-999;   7.8;  12.8; 1007.52;   16.3;   69.00;   18.7;   11.2;   10.5;eor
       4177;20180903;   10;   5.3;   1.8;    3;   0.0;   0;    1.617;-999;  -999;  15.7; 1002.82;   18.2;   76.33;   24.0;   14.9;   14.7;eor
       4177;20180904;   10;   5.9;   1.7;    3;   0.0;   0;    7.950;-999;   4.1;  15.2; 1002.09;   19.5;   69.38;   27.0;   12.1;   10.6;eor
       4177;20180905;   10;  10.4;   1.9;    3;   0.0;   0;    9.467;-999;   2.4;  15.2; 1001.53;   20.6;   66.63;   29.2;   12.1;   11.2;eor
       4177;20180906;   10;   9.0;   2.7;    3;   2.2;   6;    7.417;-999;   5.7;  16.6;  998.00;   19.8;   74.67;   28.5;   14.0;   13.1;eor
       4177;20180907;   10;  10.7;   3.7;    3;   0.0;   0;    4.200;-999;   5.9;  15.4; 1001.73;   18.3;   74.50;   22.7;   14.3;   12.8;eor
       4177;20180908;   10;   9.0;   1.8;    3;   0.0;   0;   11.983;-999;   2.4;  10.8; 1007.13;   15.7;   65.25;   23.4;    7.7;    5.2;eor
       4177;20180909;   10;   6.6;   1.6;    3;   0.0;   0;   11.800;-999;   4.0;  11.0; 1007.62;   16.7;   63.46;   27.1;    7.3;    6.1;eor
       4177;20180910;   10;   8.4;   2.2;    3;   0.0;   0;   11.100;-999;   4.5;  11.5; 1008.62;   18.9;   58.25;   30.0;    7.6;    6.3;eor
       4177;20180911;   10;   8.6;   2.3;    3;   0.0;   0;   12.017;-999;   1.3;  13.1; 1010.15;   20.0;   60.88;   29.5;   11.0;    8.8;eor
       4177;20180912;   10;   8.6;   2.3;    3;   0.0;   6;   11.733;-999;   1.0;  14.1; 1006.33;   21.6;   59.75;   32.0;   10.5;    8.9;eor
       4177;20180913;   10;   6.8;   2.0;    3;   3.9;   6;    0.700;-999;   7.4;  17.3; 1005.07;   18.7;   80.50;   22.5;   17.0;   16.4;eor
       4177;20180914;   10;   4.3;   1.7;    3;   0.0;   6;    2.450;-999;   7.0;  16.5; 1006.30;   17.7;   82.17;   22.6;   15.9;   15.0;eor
       4177;20180915;   10;   5.8;   1.7;    3;   0.0;   0;   10.717;-999;   4.0;  12.0; 1010.15;   16.5;   66.79;   22.5;    9.1;    7.5;eor
       4177;20180916;   10;   6.3;   2.2;    3;   0.0;   0;   10.783;-999;   4.9;  11.7; 1008.00;   17.2;   63.92;   26.8;    8.7;    7.3;eor
       4177;20180917;   10;   7.6;   1.4;    3;   0.0;   0;   11.683;-999;   1.9;  11.9; 1005.34;   18.1;   63.54;   29.1;    8.6;    7.1;eor
       4177;20180918;   10;   9.2;   2.6;    3;   0.0;   0;    9.667;-999;   2.9;  14.5; 1002.59;   20.5;   63.29;   30.3;    9.6;    8.3;eor
       4177;20180919;   10;   6.9;   2.3;    3;   0.0;   0;   11.317;-999;   1.8;  15.2; 1005.40;   21.7;   62.58;   30.6;   14.8;   13.0;eor
       4177;20180920;   10;  11.1;   2.5;    3;   0.0;   0;   10.883;-999;   3.7;  15.1; 1004.07;   21.2;   64.17;   29.9;   13.7;   11.7;eor
       4177;20180921;   10;  14.6;   4.1;    3;   2.1;   6;    2.300;-999;   6.9;  13.9; 1000.01;   16.9;   74.96;   26.7;   12.2;   10.7;eor
       4177;20180922;   10;   9.6;   3.5;    3;   1.6;   6;    6.450;-999;   6.9;  10.5; 1008.35;   14.8;   64.17;   19.8;    9.8;    8.5;eor
       4177;20180923;   10;  21.7;   6.4;    3;  15.0;   8;    0.767;-999;   7.0;  15.3; 1000.42;   16.5;   80.50;   24.6;   10.1;    8.4;eor
       4177;20180924;   10;   7.9;   2.1;    3;   0.0;   0;   10.483;-999;   3.2;   8.7; 1018.54;   12.0;   64.79;   16.8;    6.1;    4.3;eor
       4177;20180925;   10;  11.5;   3.7;    3;   0.0;   0;   11.067;-999;   0.9;   7.6; 1023.02;   10.6;   63.08;   16.7;    3.6;    1.9;eor
       4177;20180926;   10;   5.9;   1.8;    3;   0.0;   0;   10.983;-999;   3.8;   7.4; 1019.99;   10.4;   61.67;   19.2;    3.6;    0.2;eor
       4177;20180927;   10;   3.8;   1.0;    3;   0.0;   0;   11.083;-999;   0.2;   9.1; 1014.12;   12.1;   69.63;   23.9;    2.2;    0.8;eor
       4177;20180928;   10;  14.0;   3.6;    3;   0.1;   6;    9.983;-999;   3.5;  10.6; 1009.09;   15.0;   65.29;   22.0;    8.1;    6.2;eor
       4177;20180929;   10;  12.0;   5.1;    3;   0.0;   0;   10.933;-999;  -999;   6.9; 1010.97;   12.4;   50.17;   18.8;    5.4;    2.9;eor
       4177;20180930;   10;   4.7;   1.4;    3;   0.0;   0;   10.733;-999;   0.9;   9.1; 1003.01;   11.4;   68.88;   20.7;    1.4;   -0.7;eor
       4177;20181001;   10;   8.4;   2.3;    3;   0.5;   6;    2.650;-999;   6.8;   9.0; 1004.18;   11.6;   67.04;   16.4;    5.9;    3.0;eor
       4177;20181002;   10;  13.2;   5.2;    3;   0.0;   6;    0.567;   0;   6.7;   8.3; 1009.68;    9.4;   71.42;   12.2;    3.8;    0.9;eor
       4177;20181003;   10;  11.4;   4.6;    3;   0.2;   6;    0.700;   0;  -999;  11.4; 1011.88;   12.4;   79.29;   17.0;    6.5;    3.8;eor
       4177;20181004;   10;   8.5;   2.8;    3;   0.0;   0;   10.650;   0;   0.1;   9.3; 1012.40;   11.8;   71.71;   20.2;    5.0;    2.7;eor
       4177;20181005;   10;   3.7;   1.1;    3;   0.0;   0;   10.083;   0;   1.0;  10.1; 1005.67;   11.7;   76.54;   22.7;    2.2;    0.1;eor
       4177;20181006;   10;   7.0;   1.3;    3;   0.0;   0;    2.967;   0;   7.3;  12.3;  998.23;   13.9;   79.38;   22.6;    6.2;    4.3;eor
       4177;20181007;   10;   8.8;   2.5;    3;   0.0;   0;    9.217;   0;   1.9;  12.5; 1001.23;   14.5;   77.54;   21.7;    8.2;    5.7;eor
       4177;20181008;   10;   7.8;   3.2;    3;   0.0;   0;    7.700;   0;   3.9;  12.1; 1006.55;   13.7;   79.04;   22.5;    8.4;    5.8;eor
       4177;20181009;   10;   8.0;   2.2;    3;   0.0;   0;    6.217;   0;   4.3;  12.7; 1007.26;   13.8;   81.46;   23.3;    5.6;    3.6;eor
       4177;20181010;   10;   9.7;   3.3;    3;   0.0;   0;    8.883;   0;   0.8;  13.2; 1002.42;   16.2;   74.42;   24.1;    8.8;    5.9;eor
       4177;20181011;   10;   5.7;   1.7;    3;   0.0;   6;    3.233;   0;   6.0;  13.8; 1001.06;   14.0;   86.71;   19.3;    7.3;    5.6;eor
       4177;20181012;   10;   6.5;   1.4;    3;   0.0;   0;    8.850;   0;   2.5;  13.6; 1007.77;   16.8;   75.50;   27.0;    9.3;    7.2;eor
       4177;20181013;   10;   6.7;   1.7;    3;   0.0;   0;   10.167;   0;   0.0;  12.5; 1005.92;   16.1;   72.79;   27.2;    7.9;    5.9;eor
       4177;20181014;   10;   5.3;   1.6;    3;   0.0;   0;   10.117;   0;   0.0;  12.6;  998.74;   15.4;   75.63;   27.0;    7.3;    5.7;eor
       4177;20181015;   10;   6.3;   1.5;    3;   0.0;   0;    9.967;   0;   0.5;  11.3;  999.95;   13.8;   75.17;   23.4;    6.2;    4.2;eor
       4177;20181016;   10;   5.8;   1.5;    3;   0.0;   0;    9.850;   0;   0.5;  10.5; 1004.33;   12.7;   75.42;   23.9;    4.3;    2.6;eor
       4177;20181017;   10;   6.2;   1.9;    3;   0.0;   0;    8.300;   0;   5.4;  11.2; 1004.67;   13.4;   75.38;   22.6;    4.8;    3.1;eor
       4177;20181018;   10;  10.1;   3.7;    3;   0.0;   0;    8.283;   0;   4.7;  12.7; 1005.87;   15.4;   73.50;   21.7;   10.2;    8.9;eor
       4177;20181019;   10;   7.4;   3.3;    3;   0.0;   0;    8.017;   0;  -999;  12.0; 1008.54;   13.0;   81.33;   19.8;    8.3;    5.8;eor
       4177;20181020;   10;   6.6;   2.3;    3;   0.0;   0;    7.183;   0;  -999;  10.6; 1013.90;   11.6;   79.46;   18.6;    5.5;    3.2;eor
       4177;20181021;   10;   9.5;   3.5;    3;   0.0;   0;    9.350;   0;   1.8;   8.3; 1013.31;    9.9;   71.25;   17.6;    4.9;    1.9;eor
       4177;20181022;   10;   9.9;   4.0;    3;   0.0;   6;    7.117;   0;   4.5;   8.2; 1014.73;   10.7;   64.46;   17.3;    4.3;    1.6;eor
       4177;20181023;   10;  14.0;   5.4;    3;   0.0;   6;    0.800;   0;   6.1;   8.5; 1013.92;    9.9;   71.83;   14.5;    1.7;   -0.7;eor
       4177;20181024;   10;  13.9;   6.9;    3;   0.1;   6;    0.000;   0;  -999;  11.1; 1011.00;   12.3;   77.13;   13.4;   11.1;   11.2;eor
       4177;20181025;   10;   9.1;   3.9;    3;   0.0;   6;    0.217;   0;   7.3;  11.8; 1006.39;   13.4;   77.29;   15.7;   11.7;   11.1;eor
       4177;20181026;   10;  10.5;   4.3;    3;   2.1;   6;    0.433;   0;   7.6;   9.7;  997.37;   11.3;   73.04;   13.8;    9.4;    8.3;eor
       4177;20181027;   10;   9.9;   2.9;    3;   0.8;   6;    0.000;   0;  -999;   8.7;  994.84;    8.3;   79.67;    9.8;    7.0;    6.4;eor
       4177;20181028;   10;  13.3;   5.1;    3;   7.4;   6;    0.000;   0;  -999;   7.9;  994.20;    5.4;   87.96;    7.3;    4.4;    4.0;eor
       4177;20181029;   10;  12.0;   4.7;    3;   0.8;   6;    0.000;   0;  -999;   8.0;  984.15;    5.7;   87.04;    6.5;    4.7;    4.4;eor
       4177;20181030;   10;  20.9;   7.7;    3;   0.2;   6;    0.117;   0;   5.8;   7.6;  984.20;    6.4;   78.42;    8.4;    0.2;   -1.7;eor
       4177;20181031;   10;   7.6;   2.5;    3;   0.0;   0;    1.000;   0;   6.5;   7.5;  999.67;    6.4;   79.42;   14.0;   -1.1;   -3.1;eor
       4177;20181101;   10;   6.9;   1.8;    3;   0.3;   6;    2.983;   0;   5.9;   8.7;  999.14;    6.4;   90.83;   12.8;    1.5;   -0.1;eor
       4177;20181102;   10;   7.3;   1.4;    3;   0.0;   0;    5.183;   0;   6.2;   9.3; 1008.65;    9.1;   81.25;   15.0;    2.4;    0.7;eor
       4177;20181103;   10;   7.4;   2.7;    3;   0.0;   0;    3.950;   0;   7.5;   9.0; 1011.97;    9.1;   78.25;   12.9;    3.9;    1.7;eor
       4177;20181104;   10;  10.2;   3.4;    3;   0.0;   0;    2.150;   0;   7.8;  10.6; 1001.91;   11.3;   79.75;   14.3;    9.2;    8.6;eor
       4177;20181105;   10;   5.3;   1.6;    3;   0.1;   4;    0.000;   0;   7.8;  10.5;  995.66;    8.1;   97.04;   10.6;    5.0;    3.1;eor
       4177;20181106;   10;   9.3;   2.6;    3;   0.0;   0;    0.950;   0;   8.0;  10.1;  994.90;    7.6;   96.33;   11.8;    4.8;    3.1;eor
       4177;20181107;   10;   3.7;   1.1;    3;   0.2;   6;    6.917;   0;   6.0;   9.5;  998.69;    8.5;   86.50;   16.1;    1.7;    0.1;eor
       4177;20181108;   10;   9.7;   2.2;    3;   0.0;   0;    0.733;   0;   7.9;  11.0; 1006.16;   11.8;   79.88;   14.8;    8.8;    7.1;eor
       4177;20181109;   10;   2.9;   1.1;    3;   0.0;   6;    5.183;   0;   7.1;   9.9; 1001.19;    8.9;   87.71;   15.6;    3.5;    1.3;eor
       4177;20181110;   10;   4.2;   1.0;    3;   5.3;   6;    0.067;   0;   7.9;  10.5;  995.50;    8.7;   92.38;   12.6;    3.0;    1.0;eor
       4177;20181111;   10;  12.9;   2.8;    3;   3.3;   6;    8.167;   0;   3.8;  11.7;  998.16;   11.5;   87.17;   17.2;    7.2;    5.1;eor
       4177;20181112;   10;   4.5;   1.0;    3;  11.3;   6;    1.217;   0;   7.0;  11.7; 1002.90;   11.1;   89.04;   16.1;    7.4;    6.0;eor
       4177;20181113;   10;  10.7;   3.3;    3;   1.3;   6;    1.683;   0;   5.0;  11.6; 1013.20;   10.5;   90.63;   13.9;    2.8;    0.4;eor
       4177;20181114;   10;   3.6;   1.4;    3;   0.0;   0;    2.850;   0;   5.6;   8.7; 1015.28;    5.0;   98.63;    7.4;    0.6;   -1.4;eor
       4177;20181115;   10;   7.1;   2.5;    3;   0.0;   0;    0.000;   0;  -999;   8.3; 1013.36;    5.4;   92.29;    6.4;    4.1;    4.5;eor
       4177;20181116;   10;   9.2;   3.9;    3;   0.0;   0;    8.000;   0;   0.0;   7.3; 1013.56;    6.3;   77.46;   10.2;    2.1;    0.1;eor
       4177;20181117;   10;  12.4;   5.1;    3;   0.0;   0;    7.900;   0;   0.0;   6.0; 1012.90;    5.1;   70.04;   10.6;    1.4;   -0.2;eor
       4177;20181118;   10;  13.1;   5.1;    3;   0.0;   0;    8.117;   0;   1.8;   4.9; 1009.46;    3.7;   61.92;    7.3;    0.9;   -1.0;eor
       4177;20181119;   10;  13.4;   5.3;    3;   0.0;   6;    0.017;   0;   6.0;   4.9;  998.98;    2.5;   66.13;    4.8;   -0.9;   -2.9;eor
       4177;20181120;   10;   9.6;   4.2;    3;   0.0;   0;    1.600;   0;   6.7;   5.4;  993.05;    2.9;   71.67;    5.9;    0.2;   -2.2;eor
       4177;20181121;   10;  10.6;   3.8;    3;   0.0;   0;    3.183;   0;  -999;   5.7; 1000.93;    1.5;   83.63;    3.0;   -2.0;   -4.3;eor
       4177;20181122;   10;   5.2;   1.5;    3;   0.0;   0;    5.400;   0;   3.8;   5.8; 1005.64;    1.7;   84.00;    7.2;   -2.8;   -4.7;eor
       4177;20181123;   10;   9.3;   2.6;    3;   1.8;   6;    5.900;   0;   4.0;   5.9; 1003.47;    1.5;   85.71;    7.4;   -4.1;   -6.1;eor
       4177;20181124;   10;   6.2;   1.8;    3;   0.6;   6;    1.700;   0;   7.3;   8.1;  998.93;    5.0;   92.75;    9.7;    2.0;    1.9;eor
       4177;20181125;   10;   8.8;   3.0;    3;   0.0;   6;    4.267;   0;   6.8;   7.7;  994.62;    5.6;   85.29;   10.1;    0.0;   -2.2;eor
       4177;20181126;   10;   8.1;   3.3;    3;   4.2;   6;    0.000;   0;   7.3;   7.6;  994.85;    5.4;   85.33;    6.2;    4.8;    4.3;eor
       4177;20181127;   10;   4.3;   1.5;    3;   0.1;   6;    0.000;   0;  -999;   7.3; 1005.20;    3.6;   92.75;    4.9;    0.1;   -2.6;eor
       4177;20181128;   10;   3.3;   1.0;    3;   0.4;   6;    0.883;   0;   7.8;   7.1; 1009.20;    2.8;   94.50;    6.3;   -1.3;   -3.3;eor
       4177;20181129;   10;   4.5;   1.5;    3;   0.0;   0;    1.683;   0;   8.0;   7.5; 1004.47;    3.9;   91.83;    7.2;   -0.4;   -2.2;eor
       4177;20181130;   10;   6.6;   2.1;    3;   3.7;   6;    0.000;   0;   7.3;   8.7; 1001.50;    5.2;   96.54;    8.5;   -0.5;   -2.0;eor
       4177;20181201;   10;   8.1;   3.1;    3;   2.9;   6;    1.417;   0;   7.2;   9.4; 1002.43;    8.3;   85.83;   10.7;    5.0;    3.0;eor
       4177;20181202;   10;  16.5;   7.8;    3;   8.6;   6;    0.000;   0;   7.5;  11.5;  993.35;   11.2;   85.42;   13.6;    8.4;    7.1;eor
       4177;20181203;   10;  15.3;   7.4;    3;  25.2;   6;    0.000;   0;   7.5;  13.3;  992.62;   12.8;   89.63;   14.1;   10.5;    9.5;eor
       4177;20181204;   10;  11.4;   3.7;    3;   0.1;   6;    0.400;   0;   7.4;   9.9; 1005.93;    8.4;   88.75;   11.1;    3.5;    2.1;eor
       4177;20181205;   10;   5.8;   1.4;    3;   0.7;   6;    1.833;   0;   7.7;   8.4; 1009.68;    5.4;   93.63;    8.9;    2.8;    1.0;eor
       4177;20181206;   10;  10.2;   3.9;    3;   0.2;   6;    0.933;   0;   7.5;  11.4; 1005.86;    9.9;   92.63;   12.5;    5.4;    5.1;eor
       4177;20181207;   10;  18.7;   7.6;    3;   5.2;   6;    0.500;   0;   7.8;  11.0;  999.32;   11.3;   81.96;   13.0;    8.0;    7.0;eor
       4177;20181208;   10;  20.6;  10.1;    3;   7.1;   6;    0.000;   0;   7.5;   8.5;  997.38;    7.9;   80.08;    9.9;    6.7;    5.4;eor
       4177;20181209;   10;  19.1;   8.8;    3;   1.9;   6;    0.000;   0;   7.0;   9.0;  993.01;    8.7;   80.29;   10.8;    6.3;    5.0;eor
       4177;20181210;   10;  10.5;   4.7;    3;   0.2;   6;    2.467;   0;   6.2;   7.3; 1008.30;    5.9;   79.00;    7.9;    3.5;    1.7;eor
       4177;20181211;   10;   8.3;   4.2;    3;   0.4;   8;    0.183;   0;   6.0;   6.6; 1010.63;    2.8;   88.33;    4.1;    0.7;   -0.3;eor
       4177;20181212;   10;   6.2;   2.1;    3;   0.0;   6;    0.950;   0;   6.5;   6.4; 1009.20;    2.1;   89.42;    4.7;    0.3;   -1.1;eor
       4177;20181213;   10;  10.9;   4.6;    3;   0.0;   7;    1.400;   0;   4.2;   4.9; 1003.71;    0.8;   75.13;    1.8;   -0.8;   -2.7;eor
       4177;20181214;   10;   9.7;   3.5;    3;   0.0;   0;    0.000;   0;   8.0;   4.3; 1006.50;    1.0;   66.08;    1.4;    0.2;   -0.3;eor
       4177;20181215;   10;   7.0;   2.8;    3;   3.2;   7;    1.633;   0;   6.5;   4.0; 1009.44;   -0.3;   66.88;    1.6;   -2.9;   -5.4;eor
       4177;20181216;   10;   4.3;   1.6;    3;   1.0;   8;    0.000;   3;  -999;   5.9; 1000.50;    0.1;   94.88;    2.5;   -2.0;   -2.5;eor
       4177;20181217;   10;   7.2;   3.0;    3;   0.8;   6;    0.000;   0;   7.3;   7.8; 1008.50;    4.0;   95.75;    6.2;    0.9;    0.6;eor
       4177;20181218;   10;   4.3;   1.5;    3;   0.3;   6;    5.033;   0;   4.8;   6.7; 1009.70;    1.8;   96.63;    7.2;   -1.6;   -4.2;eor
       4177;20181219;   10;   3.3;   1.2;    3;   2.2;   6;    0.067;   0;   7.8;   7.0; 1002.32;    2.1;   97.88;    5.4;   -1.0;   -0.8;eor
       4177;20181220;   10;  12.1;   5.1;    3;   2.3;   6;    0.400;   0;   7.6;   8.2; 1003.11;    6.7;   83.29;    8.7;    2.3;    0.4;eor
       4177;20181221;   10;  19.8;   9.1;    3;  13.6;   6;    0.000;   0;   7.4;  10.0;  998.78;   10.0;   81.17;   12.6;    7.7;    6.6;eor
       4177;20181222;   10;  17.6;   7.0;    3;   9.7;   8;    0.167;   0;   7.2;  11.0; 1003.73;   11.0;   83.83;   12.7;    9.1;    8.2;eor
       4177;20181223;   10;  15.6;   6.0;    3;  17.9;   8;    0.000;   0;   7.5;  11.1; 1006.93;   10.0;   89.50;   12.7;    8.5;    7.7;eor
       4177;20181224;   10;  15.3;   3.3;    3;   0.1;   6;    0.017;   0;   7.3;   8.3; 1013.37;    6.9;   81.38;   13.0;   -1.1;   -3.1;eor
       4177;20181225;   10;   5.1;   1.7;    3;   0.0;   6;    7.117;   0;   2.9;   5.3; 1021.87;   -0.1;   88.75;    5.5;   -3.6;   -5.4;eor
       4177;20181226;   10;   4.5;   1.5;    3;   0.0;   8;    0.000;   0;   8.0;   5.5; 1019.62;   -1.4;   99.08;   -0.8;   -2.2;   -1.9;eor
       4177;20181227;   10;   3.8;   1.6;    3;   0.0;   0;    0.000;   0;   8.0;   5.3; 1014.76;   -1.6;   96.83;   -1.0;   -2.1;   -1.7;eor
       4177;20181228;   10;   9.0;   3.3;    3;   0.0;   0;    0.000;   0;   7.6;   5.8; 1016.23;    0.1;   93.88;    1.2;   -1.1;   -1.0;eor
       4177;20181229;   10;  12.9;   4.4;    3;   0.1;   6;    0.000;   0;  -999;   6.1; 1019.77;    1.4;   89.71;    3.1;    0.1;   -0.4;eor
       4177;20181230;   10;  12.8;   6.0;    3;   1.4;   6;    0.000;   0;  -999;   7.4; 1020.06;    4.6;   86.71;    5.8;    2.2;    2.1;eor
       4177;20181231;   10;   9.0;   4.4;    3;   0.4;   6;    0.000;   0;   7.7;   9.0; 1020.21;    5.7;   97.67;    6.9;    4.5;    4.3;eor
       4177;20190101;   10;  11.9;   5.4;    3;   1.9;   6;    0.000;   0;   7.0;   8.8; 1016.58;    6.4;   91.83;    6.7;    5.3;    3.7;eor
       4177;20190102;   10;  10.2;   3.2;    3;   0.0;   6;    1.150;   0;   5.0;   5.5; 1019.68;    2.8;   74.83;    6.2;   -3.4;   -6.1;eor
       4177;20190103;   10;   6.7;   2.9;    3;   0.3;   8;    0.000;   0;   5.7;   5.1; 1023.80;   -0.9;   88.79;    1.2;   -4.9;   -7.4;eor
       4177;20190104;   10;   7.3;   3.3;    3;   1.3;   8;    1.000;   0;   7.6;   5.9; 1022.49;    1.3;   88.25;    2.8;   -1.2;   -3.2;eor
       4177;20190105;   10;  12.1;   6.2;    3;   4.5;   8;    0.000;   0;   7.3;   7.0; 1017.28;    2.4;   95.17;    4.0;    0.5;    0.1;eor
       4177;20190106;   10;   8.1;   4.8;    3;   2.6;   6;    0.000;   0;   7.6;   7.9; 1018.18;    3.9;   97.63;    4.2;    3.7;    3.5;eor
       4177;20190107;   10;  15.9;   4.4;    3;   1.0;   8;    0.000;   0;   7.5;   7.4; 1018.68;    3.8;   92.50;    4.6;    3.2;    2.4;eor
       4177;20190108;   10;  16.7;   8.1;    3;   2.6;   6;    1.750;   0;   6.2;   7.4; 1005.20;    4.8;   85.83;    7.7;    2.9;    2.3;eor
       4177;20190109;   10;  12.9;   4.3;    3;   0.9;   8;    0.217;   0;   7.3;   6.0; 1002.28;    3.3;   76.92;    4.7;    1.2;    0.6;eor
       4177;20190110;   10;   8.5;   2.1;    3;   0.1;   8;    0.000;   0;   7.5;   5.5; 1009.87;    1.2;   83.38;    2.4;   -2.1;   -4.9;eor
       4177;20190111;   10;  11.7;   5.0;    3;   1.9;   8;    0.000;   0;  -999;   5.4; 1012.02;   -0.3;   90.71;    1.2;   -1.8;   -3.6;eor
       4177;20190112;   10;  15.5;   7.6;    3;   7.4;   6;    0.000;   0;  -999;   6.9; 1008.40;    2.8;   92.29;    4.5;    0.9;    0.3;eor
       4177;20190113;   10;  14.8;   7.9;    3;   8.1;   6;    0.000;   0;   7.7;   9.2;  996.07;    6.6;   93.54;    9.4;    4.2;    3.7;eor
       4177;20190114;   10;  14.2;   4.1;    3;   2.5;   8;    0.467;   0;   6.6;   7.5;  999.67;    5.0;   85.71;    7.7;    1.7;   -0.2;eor
       4177;20190115;   10;   9.1;   4.4;    3;   0.0;   6;    0.600;   0;   7.8;   6.7; 1008.19;    4.2;   80.96;    6.1;    1.4;    0.2;eor
       4177;20190116;   10;  11.4;   3.2;    3;   0.0;   6;    4.767;   0;   7.8;   6.2; 1000.00;    4.1;   76.46;    6.8;   -0.9;   -3.0;eor
       4177;20190117;   10;  16.1;   7.3;    3;   1.2;   8;    1.267;   0;   6.7;   7.3;  994.61;    6.0;   78.00;    7.9;    1.7;    0.7;eor
       4177;20190118;   10;   9.5;   3.3;    3;   0.0;   8;    2.117;   0;   7.0;   5.4; 1005.07;    1.2;   80.71;    4.0;   -2.6;   -4.8;eor
       4177;20190119;   10;   8.5;   3.0;    3;   0.0;   0;    7.683;   0;   2.4;   4.4; 1002.12;   -1.8;   82.21;    1.7;   -6.3;   -8.2;eor
       4177;20190120;   10;   7.8;   2.6;    3;   0.0;   0;    0.000;   0;   7.4;   4.1; 1001.89;   -2.7;   82.63;   -0.2;   -6.6;   -8.0;eor
       4177;20190121;   10;   7.3;   2.9;    3;   0.0;   0;    7.500;   0;   1.5;   3.9; 1007.03;   -3.5;   81.83;    0.6;   -7.7;   -9.7;eor
       4177;20190122;   10;   3.5;   1.3;    3;   0.0;   0;    0.083;   0;   6.9;   4.2;  996.90;   -2.9;   85.63;    0.4;   -8.1;   -9.4;eor
       4177;20190123;   10;   7.5;   2.7;    3;   0.0;   8;    0.000;   0;   7.9;   4.2;  985.55;   -1.5;   76.38;    0.6;   -3.7;   -5.0;eor
       4177;20190124;   10;   4.4;   1.8;    3;   0.2;   8;    0.000;   0;   7.5;   4.2;  996.01;   -2.0;   78.88;   -1.2;   -2.8;   -4.6;eor
       4177;20190125;   10;  12.6;   4.8;    3;   0.0;   8;    0.000;   1;   7.4;   4.4; 1002.88;   -1.2;   77.79;    1.9;   -4.2;   -6.7;eor
       4177;20190126;   10;  14.7;   7.4;    3;   1.1;   6;    0.000;   0;  -999;   6.3;  997.26;    3.6;   79.33;    6.3;    1.7;    1.1;eor
       4177;20190127;   10;  16.7;   7.8;    3;   1.9;   8;    0.383;   0;   7.3;   7.4;  979.70;    6.5;   76.92;    9.1;    2.9;    2.5;eor
       4177;20190128;   10;  15.1;   7.3;    3;   1.8;   8;    0.000;   0;   6.1;   6.5;  986.00;    2.4;   90.00;    3.4;    1.3;    0.0;eor
       4177;20190129;   10;   6.0;   2.8;    3;   0.0;   8;    1.067;   0;   7.5;   5.5;  991.88;    1.9;   79.13;    4.5;   -1.0;   -3.8;eor
       4177;20190130;   10;  17.7;   5.7;    3;   0.9;   8;    0.000;   0;   6.2;   5.2;  981.57;    1.9;   73.08;    4.1;   -2.5;   -4.8;eor
       4177;20190131;   10;   6.4;   1.9;    3;   1.7;   8;    2.233;   0;   5.9;   5.3;  982.79;    0.5;   83.63;    3.8;   -2.8;   -5.2;eor
       4177;20190201;   10;   5.8;   2.3;    3;   2.7;   6;    0.000;   0;   7.2;   7.2;  976.78;    3.0;   94.04;    6.8;    0.2;   -0.8;eor
       4177;20190202;   10;   5.1;   1.5;    3;   0.8;   6;    0.000;   0;   7.7;   7.8;  983.30;    4.2;   94.83;    6.8;    2.5;    2.2;eor
       4177;20190203;   10;  11.9;   4.2;    3;   0.1;   8;    0.000;   0;   7.5;   6.0; 1003.07;    3.2;   77.92;    4.7;    1.7;    0.8;eor
       4177;20190204;   10;   6.8;   1.6;    3;   0.0;   0;    7.633;   0;   6.1;   5.2; 1014.78;    1.4;   78.50;    6.1;   -3.5;   -6.3;eor
       4177;20190205;   10;   4.9;   1.3;    3;   0.0;   0;    8.750;   0;   2.0;   4.9; 1014.77;    0.4;   79.83;    7.8;   -4.0;   -6.5;eor
       4177;20190206;   10;   3.7;   1.1;    3;   0.0;   0;    8.383;   0;   5.6;   4.8; 1011.97;   -0.8;   83.54;    7.0;   -5.6;   -7.8;eor
       4177;20190207;   10;   7.6;   2.4;    3;   2.9;   6;    0.000;   0;   6.7;   6.4; 1003.02;    1.7;   91.17;    6.3;   -3.5;   -5.4;eor
       4177;20190208;   10;  12.6;   5.1;    3;   1.5;   6;    4.117;   0;   7.1;   7.2; 1002.77;    6.8;   73.92;   10.2;    3.0;   -1.4;eor
       4177;20190209;   10;  17.1;   7.1;    3;   0.8;   6;    0.133;   0;   7.7;   7.6;  998.50;    8.5;   68.58;   11.2;    5.7;    2.6;eor
       4177;20190210;   10;  23.1;   8.3;    3;   5.1;   8;    0.317;   0;   6.7;   7.9;  989.47;    8.8;   70.25;   13.8;    5.2;    2.6;eor
       4177;20190211;   10;  12.3;   5.5;    3;   0.4;   6;    0.683;   0;   7.3;   6.7; 1005.97;    5.0;   77.17;    7.3;    2.0;   -0.8;eor
       4177;20190212;   10;   6.0;   2.6;    3;   0.0;   0;    2.617;   0;   6.3;   6.0; 1021.06;    2.4;   83.92;    6.5;   -2.3;   -4.9;eor
       4177;20190213;   10;   3.8;   1.3;    3;   0.0;   0;    9.217;   0;   2.8;   5.3; 1022.98;    1.8;   78.33;   10.1;   -3.9;   -6.2;eor
       4177;20190214;   10;   6.8;   1.7;    3;   0.0;   0;    8.083;   0;   2.9;   5.6; 1022.08;    2.2;   79.13;   10.6;   -4.1;   -6.5;eor
       4177;20190215;   10;   3.4;   1.1;    3;   0.0;   0;    9.367;   0;   0.0;   5.8; 1018.13;    3.2;   78.58;   15.1;   -3.4;   -5.9;eor
       4177;20190216;   10;   4.8;   1.3;    3;   0.0;   0;    9.350;   0;   0.9;   5.9; 1014.25;    3.7;   76.79;   14.0;   -3.8;   -6.2;eor
       4177;20190217;   10;   2.6;   0.9;    3;   0.0;   0;    9.483;   0;   5.3;   5.7; 1010.44;    4.5;   72.96;   17.1;   -3.4;   -6.0;eor
       4177;20190218;   10;   3.4;   1.3;    3;   0.0;   0;    9.150;   0;   1.4;   5.8; 1006.72;    4.5;   72.88;   15.4;   -3.2;   -5.5;eor
       4177;20190219;   10;   8.3;   2.9;    3;   0.0;   6;    0.900;   0;   6.3;   7.2; 1007.29;    4.9;   82.63;    9.1;   -0.3;   -3.5;eor
       4177;20190220;   10;   6.9;   1.4;    3;   0.0;   0;    8.400;   0;   6.8;   7.0; 1010.86;    4.2;   85.00;   12.4;   -2.4;   -5.0;eor
       4177;20190221;   10;   5.7;   2.1;    3;   0.0;   6;    4.567;   0;   4.9;   7.8; 1014.52;    6.7;   80.42;   14.7;   -1.1;   -3.5;eor
       4177;20190222;   10;   6.4;   2.3;    3;   0.0;   6;    0.283;   0;   6.0;   9.0; 1020.16;    8.9;   79.29;   13.5;    1.9;   -0.6;eor
       4177;20190223;   10;  12.2;   5.4;    3;   0.0;   0;    7.883;   0;   4.5;   5.1; 1023.18;    6.1;   56.67;   11.4;    1.8;    0.4;eor
       4177;20190224;   10;  10.9;   5.2;    3;   0.0;   0;    9.917;   0;   2.0;   3.4; 1022.78;    6.2;   36.88;   13.3;    0.0;   -1.6;eor
       4177;20190225;   10;  10.3;   4.4;    3;   0.0;   0;    9.967;   0;   3.5;   4.8; 1022.31;    8.5;   42.83;   16.6;    2.1;    0.0;eor
       4177;20190226;   10;   8.2;   3.2;    3;   0.0;   0;    9.883;   0;   3.2;   7.0; 1019.26;    9.1;   63.13;   18.4;    1.5;   -1.2;eor
       4177;20190227;   10;   4.2;   1.1;    3;   0.0;   0;   10.083;   0;   0.0;   6.4; 1012.76;    7.0;   69.29;   19.4;   -1.6;   -4.5;eor
       4177;20190228;   10;  15.4;   5.5;    3;   5.5;   6;    9.667;   0;   3.2;   8.2; 1005.27;   10.4;   66.79;   19.2;    2.5;   -1.8;eor
       4177;20190301;   10;  13.2;   4.8;    3;   4.7;   6;    0.283;   0;   6.6;   9.9; 1002.40;    8.8;   87.71;   11.5;    7.2;    6.8;eor
       4177;20190302;   10;  11.7;   4.8;    3;   0.0;   6;    0.783;   0;   7.2;   8.9; 1004.21;    8.9;   78.88;   12.1;    6.3;    5.9;eor
       4177;20190303;   10;  16.7;   8.0;    3;   0.0;   6;    0.050;   0;   7.7;   8.8;  999.33;   11.0;   67.63;   13.1;    9.2;    5.9;eor
       4177;20190304;   10;  26.8;   7.8;    3;   8.5;   8;    1.133;   0;   7.0;   8.0;  989.17;    9.3;   69.13;   13.2;    5.7;    4.5;eor
       4177;20190305;   10;  18.4;   6.8;    3;   5.5;   6;    0.267;   0;   6.9;   8.1;  997.23;    6.6;   83.08;    8.0;    4.2;    2.8;eor
       4177;20190306;   10;   5.0;   1.3;    3;   0.2;   6;    6.700;   0;   7.0;   8.4;  991.82;    8.6;   77.21;   15.9;    0.2;   -1.7;eor
       4177;20190307;   10;  18.1;   7.8;    3;   1.1;   6;    3.933;   0;   5.3;   8.4;  988.64;   10.1;   68.04;   13.0;    6.9;    4.4;eor
       4177;20190308;   10;  18.7;   6.8;    3;   1.7;   6;    4.333;   0;   6.1;   7.6; 1001.37;    8.7;   68.08;   11.5;    6.7;    4.3;eor
       4177;20190309;   10;  19.6;   8.6;    3;   5.7;   6;    0.083;   0;   7.3;   9.1; 1003.49;    9.9;   74.13;   12.0;    7.2;    6.2;eor
       4177;20190310;   10;  29.9;   9.6;    3;   3.8;   6;    3.717;   0;   5.4;   9.2;  998.76;   11.2;   68.83;   15.7;    6.3;    4.6;eor
       4177;20190311;   10;  17.9;   7.1;    3;   0.0;   6;    1.183;   0;   5.1;   5.5; 1007.69;    6.3;   58.38;    7.8;    3.9;    2.1;eor
       4177;20190312;   10;  23.3;   5.2;    3;   0.1;   6;    5.417;   0;   6.3;   5.3; 1005.08;    7.2;   55.21;   13.3;    1.4;   -1.8;eor
       4177;20190313;   10;  19.9;   9.2;    3;   2.9;   6;    1.450;   0;   6.9;   7.0;  998.19;    7.1;   69.88;    9.5;    5.2;    3.9;eor
       4177;20190314;   10;  20.9;   8.9;    3;  17.3;   6;    0.000;   0;   6.1;   8.1;  995.70;    6.3;   85.29;    7.8;    5.1;    4.3;eor
       4177;20190315;   10;  20.7;   8.6;    3;   9.8;   6;    0.000;   0;   6.0;  10.8;  997.28;    9.6;   89.83;   12.5;    6.7;    5.4;eor
       4177;20190316;   10;  18.9;   8.0;    3;   0.0;   6;    2.967;   0;   5.8;  10.0;  998.84;   11.3;   74.50;   14.3;    8.3;    3.6;eor
       4177;20190317;   10;  17.5;   6.3;    3;   2.2;   6;    5.200;   0;   4.2;   7.8;  994.22;    8.0;   73.79;   15.3;    1.9;   -0.6;eor
       4177;20190318;   10;  11.2;   4.4;    3;   0.1;   6;    3.483;   0;   4.7;   7.0; 1005.96;    5.4;   77.54;    9.9;    3.4;    0.0;eor
       4177;20190319;   10;   5.8;   1.7;    3;   0.0;   0;    8.950;   0;   2.3;   6.1; 1013.94;    5.2;   71.79;   11.3;   -1.2;   -3.5;eor
       4177;20190320;   10;   7.9;   2.0;    3;   0.0;   0;   11.333;   0;   1.5;   5.3; 1019.77;    4.6;   67.42;   12.6;   -3.1;   -6.0;eor
       4177;20190321;   10;  10.4;   3.4;    3;   0.0;   0;   11.417;   0;   2.8;   5.8; 1018.62;    7.5;   60.08;   16.1;   -0.8;   -3.3;eor
       4177;20190322;   10;   4.6;   1.8;    3;   0.0;   0;   10.167;   0;   3.4;   6.8; 1015.08;    8.6;   63.96;   18.7;   -0.6;   -2.6;eor
       4177;20190323;   10;   8.2;   2.4;    3;   0.0;   0;   11.233;   0;   0.1;   7.6; 1013.48;    9.7;   67.25;   19.0;    0.3;   -2.0;eor
       4177;20190324;   10;   8.6;   2.7;    3;   0.0;   0;    7.383;   0;   2.7;   8.5; 1010.61;    9.4;   73.17;   15.7;    2.6;    0.0;eor
       4177;20190325;   10;  16.1;   3.6;    3;   1.1;   6;    3.700;   0;   5.5;   6.8; 1009.69;    7.1;   68.83;   11.8;    2.6;   -0.8;eor
       4177;20190326;   10;   6.5;   1.5;    3;   0.0;   0;    3.817;   0;   5.5;   6.6; 1016.23;    5.5;   75.00;   10.3;    0.7;   -1.5;eor
       4177;20190327;   10;   8.5;   2.1;    3;   0.0;   0;    5.367;   0;   5.1;   6.8; 1018.05;    7.3;   68.88;   13.0;    2.0;   -0.7;eor
       4177;20190328;   10;  10.8;   3.3;    3;   0.0;   0;    8.433;   0;   3.2;   7.1; 1018.92;    8.5;   66.42;   16.0;   -1.3;   -3.2;eor
       4177;20190329;   10;  10.3;   4.0;    3;   0.0;   0;   11.850;   0;   0.0;   8.4; 1014.86;   11.7;   63.63;   17.9;    5.2;    1.8;eor
       4177;20190330;   10;   7.2;   1.4;    3;   0.0;   0;   11.783;   0;   0.0;   7.5; 1009.08;   10.6;   64.38;   20.6;    0.5;   -1.9;eor
       4177;20190331;   10;  10.4;   2.8;    3;   0.0;   0;   11.183;   0;   0.6;   7.4; 1005.86;   11.7;   59.08;   20.7;    0.9;   -1.7;eor
       4177;20190401;   10;  11.6;   4.9;    3;   0.0;   0;   11.050;   0;   0.7;   8.6; 1003.96;   11.9;   62.88;   18.0;    6.1;    4.8;eor
       4177;20190402;   10;  15.3;   3.3;    3;   0.5;   4;   10.383;   0;   7.3;   8.4;  995.12;   13.6;   58.21;   21.7;    4.4;    1.9;eor
       4177;20190403;   10;   8.1;   2.7;    3;   8.4;   4;    0.017;   0;   7.1;   9.2;  989.94;    7.9;   86.25;   12.4;    4.7;    4.4;eor
       4177;20190404;   10;   9.1;   3.0;    3;   6.3;   4;    0.000;   0;   6.5;   7.8;  987.75;    4.5;   92.42;    5.3;    3.7;    3.4;eor
       4177;20190405;   10;   5.3;   2.1;    3;   0.0;   4;    0.000;   0;   7.7;   8.1;  991.26;    6.5;   84.33;    9.1;    3.0;    0.1;eor
       4177;20190406;   10;  10.4;   2.3;    3;   0.0;   0;    6.000;   0;   5.6;   8.7;  989.80;    8.4;   80.92;   15.7;   -0.6;   -2.7;eor
       4177;20190407;   10;  10.5;   3.1;    3;   0.0;   4;    5.050;   0;   5.6;   9.8;  991.32;   10.3;   79.38;   16.6;    3.0;    0.7;eor
       4177;20190408;   10;   9.4;   3.6;    3;   0.0;   4;    1.083;   0;   7.0;  10.8;  996.35;   11.0;   82.92;   14.8;    8.7;    6.9;eor
       4177;20190409;   10;   4.8;   1.7;    3;   2.6;   6;    0.017;   0;   6.9;  11.6;  996.24;   10.1;   94.04;   12.2;    7.6;    5.7;eor
       4177;20190410;   10;   8.6;   3.9;    3;   0.2;   6;    0.067;   0;   5.6;   9.2;  997.55;   10.5;   72.92;   13.4;    6.8;    4.5;eor
       4177;20190411;   10;  10.3;   4.4;    3;   0.0;   0;   12.533;   0;   1.9;   5.7; 1004.20;    7.9;   54.96;   13.2;    2.5;    0.1;eor
       4177;20190412;   10;  10.0;   4.8;    3;   0.0;   0;    4.567;   0;   5.8;   5.2; 1006.75;    6.0;   56.38;   11.1;    1.4;   -0.6;eor
       4177;20190413;   10;   8.4;   3.7;    3;   0.1;   6;    0.000;   0;   6.8;   6.1; 1006.60;    4.4;   73.00;    5.6;    3.0;    1.4;eor
       4177;20190414;   10;   8.6;   3.2;    3;   0.0;   6;    1.150;   0;   5.8;   6.5; 1007.18;    6.1;   70.54;   10.9;    2.8;    1.2;eor
       4177;20190415;   10;  12.0;   4.0;    3;   0.0;   0;   12.417;   0;   0.0;   7.3; 1006.87;    9.8;   63.25;   18.5;    1.2;   -0.8;eor
       4177;20190416;   10;   6.8;   2.0;    3;   2.3;   6;    6.133;   0;   5.4;   8.8; 1003.88;   11.2;   67.33;   18.2;    1.9;   -1.2;eor
       4177;20190417;   10;   7.3;   1.9;    3;   0.0;   0;    2.133;   0;   5.8;  11.6; 1007.20;   13.0;   79.54;   18.8;    6.5;    3.5;eor
       4177;20190418;   10;  10.9;   4.3;    3;   0.0;   0;   12.883;   0;   0.5;   8.4; 1008.29;   14.6;   52.04;   22.5;    6.0;    3.7;eor
       4177;20190419;   10;   9.6;   4.1;    3;   0.0;   0;   13.033;   0;   0.0;   8.8; 1011.56;   16.5;   48.38;   23.9;   10.1;    5.5;eor
       4177;20190420;   10;  10.8;   4.0;    3;   0.0;   0;   13.133;   0;   0.0;   7.9; 1011.36;   16.0;   46.88;   24.5;    6.6;    2.6;eor
       4177;20190421;   10;  12.1;   4.0;    3;   0.0;   0;   12.633;   0;   1.6;   7.2; 1004.00;   16.4;   43.00;   25.4;    7.9;    4.1;eor
       4177;20190422;   10;  12.7;   4.9;    3;   0.0;   0;    9.817;   0;   6.4;   7.3;  992.80;   17.4;   38.75;   25.8;    8.1;    5.0;eor
       4177;20190423;   10;   8.7;   3.3;    3;   0.0;   0;    3.617;   0;   6.7;   9.7;  984.61;   15.9;   54.54;   22.3;    7.7;    5.5;eor
       4177;20190424;   10;  20.1;   3.3;    3;   0.1;   6;    8.300;   0;   5.5;  11.1;  989.48;   13.8;   73.38;   24.9;    4.4;    2.2;eor
       4177;20190425;   10;  12.7;   3.2;    3;   3.0;   6;    6.850;   0;   5.0;   9.5;  994.66;   13.5;   67.13;   26.6;    2.9;    0.7;eor
       4177;20190426;   10;   7.9;   3.3;    3;   5.4;   6;    0.617;   0;   7.3;  10.4; 1001.56;    9.8;   86.04;   13.0;    6.5;    3.7;eor
       4177;20190427;   10;  16.6;   4.5;    3;   6.1;   8;    1.633;   0;   6.6;   9.6; 1003.17;    8.7;   84.58;   13.2;    6.0;    3.7;eor
       4177;20190428;   10;  10.7;   3.5;    3;   0.2;   6;    6.650;   0;   4.9;   8.2; 1006.58;    7.5;   80.08;   12.2;    1.7;   -0.1;eor
       4177;20190429;   10;   8.8;   1.9;    3;   3.3;   6;    3.350;   0;   6.2;   8.6; 1008.61;    8.0;   81.83;   14.6;   -0.2;   -1.7;eor
       4177;20190430;   10;   7.8;   2.0;    3;   0.0;   0;    7.183;   0;   3.5;   9.6; 1005.75;   11.7;   74.21;   17.7;    5.9;    3.0;eor
       4177;20190501;    3;   7.0;   1.5;    3;   0.0;   0;   13.500;-999;   0.0;   9.0; 1001.69;   12.0;   69.29;   20.6;    2.3;    0.1;eor
       4177;20190502;    3;  15.2;   3.6;    3;   1.1;   6;    5.917;-999;   6.5;  10.7;  996.78;   11.9;   78.46;   20.0;    4.7;    2.5;eor
       4177;20190503;    3;   8.1;   1.9;    3;   1.4;   6;    1.483;-999;   6.9;  10.3;  997.63;   11.1;   78.83;   14.3;    8.4;    7.0;eor
       4177;20190504;    3;  12.2;   3.7;    3;   9.8;   8;    0.000;-999;   6.0;   8.3;  996.22;    5.8;   88.88;    9.6;    2.7;    2.3;eor
       4177;20190505;    3;   9.3;   2.8;    3;   0.0;   6;    5.667;-999;   6.0;   6.7; 1004.45;    6.5;   71.17;   10.7;    3.0;    1.7;eor
       4177;20190506;    3;   6.0;   1.8;    3;   0.0;   6;    3.083;-999;   6.2;   7.4; 1006.99;    7.9;   71.71;   12.9;    2.1;   -0.4;eor
       4177;20190507;    3;   5.3;   1.5;    3;   0.2;   6;    9.900;-999;   6.5;   6.9; 1003.43;    8.8;   64.92;   16.0;   -0.5;   -2.5;eor
       4177;20190508;    3;  13.4;   2.7;    3;   7.2;   6;    0.000;-999;   7.1;  11.0;  991.23;   10.2;   86.50;   14.2;    5.2;    3.5;eor
       4177;20190509;    3;  14.7;   5.0;    3;  10.4;   6;    0.433;-999;   7.3;  11.5;  988.63;   10.9;   88.00;   13.8;    7.6;    5.5;eor
       4177;20190510;    3;   9.3;   3.0;    3;   2.6;   6;    7.233;-999;   5.4;  11.4;  997.09;   13.0;   77.54;   17.7;    8.4;    6.0;eor
       4177;20190511;    3;  16.4;   4.6;    3;   2.7;   6;    2.450;-999;   7.2;  11.6;  998.36;   12.7;   80.33;   18.4;    7.2;    5.7;eor
       4177;20190512;    3;   9.2;   3.0;    3;   0.0;   0;    6.233;-999;   3.9;   8.2; 1016.26;    9.3;   72.38;   14.2;    3.3;    1.3;eor
       4177;20190513;    3;  13.2;   3.7;    3;   0.0;   0;   13.517;-999;   1.8;   6.6; 1019.79;   10.0;   58.96;   17.1;    0.9;   -1.0;eor
       4177;20190514;    3;  12.7;   4.1;    3;   0.0;   0;   10.517;-999;   2.2;   6.3; 1014.90;   10.1;   53.25;   16.2;    3.1;    0.6;eor
       4177;20190515;    3;  13.8;   3.9;    3;   0.0;   0;   13.317;-999;   2.8;   6.3; 1009.08;    9.9;   54.96;   16.1;    1.2;   -1.4;eor
       4177;20190516;    3;   9.2;   3.1;    3;   0.0;   0;    8.033;-999;   5.2;   8.1; 1000.66;   11.3;   61.71;   18.0;    2.5;    0.9;eor
       4177;20190517;    3;   8.1;   2.8;    3;   0.0;   0;   10.883;-999;   3.4;  10.7;  992.35;   14.6;   67.08;   21.7;    6.8;    5.5;eor
       4177;20190518;    3;   9.7;   2.0;    3;  15.9;   8;    7.283;-999;   7.1;  12.7;  991.68;   14.6;   78.92;   22.7;    7.8;    6.1;eor
       4177;20190519;    3;   7.3;   2.8;    3;   0.5;   6;    4.183;-999;   6.7;  14.8;  990.73;   15.4;   84.79;   20.5;   12.0;   11.9;eor
       4177;20190520;    3;   6.3;   3.0;    3;  10.7;   6;    0.017;-999;   7.4;  15.3;  991.73;   15.0;   89.58;   18.0;   13.0;   12.5;eor
       4177;20190521;    3;  10.5;   4.5;    3;  28.0;   6;    0.000;-999;   6.8;  14.2;  998.42;   12.6;   97.21;   14.0;   11.6;   11.5;eor
       4177;20190522;    3;   6.4;   2.6;    3;   0.0;   0;    5.767;-999;   4.8;  12.1; 1005.18;   13.6;   80.00;   19.8;    7.6;    5.3;eor
       4177;20190523;    3;   7.3;   1.8;    3;   0.0;   0;   13.967;-999;   3.8;  10.6; 1004.68;   14.1;   69.88;   21.5;    5.3;    3.5;eor
       4177;20190524;    3;   4.0;   1.2;    3;   0.0;   0;   11.017;-999;   7.3;  11.9; 1000.79;   16.6;   66.71;   24.6;    8.4;    6.8;eor
       4177;20190525;    3;  11.9;   1.7;    3;   4.1;   6;    9.300;-999;   5.4;  13.7; 1001.55;   15.9;   77.33;   22.9;    9.3;    8.2;eor
       4177;20190526;    3;   9.4;   3.2;    3;   0.0;   0;   14.200;-999;   4.8;  12.7; 1001.75;   16.3;   71.25;   22.6;   10.2;    8.2;eor
       4177;20190527;    3;   9.0;   3.1;    3;  11.2;   8;    6.350;-999;   6.2;  14.2;  996.63;   16.1;   78.17;   20.8;    9.7;    7.8;eor
       4177;20190528;    3;  11.1;   3.9;    3;   0.0;   6;    6.850;-999;   6.7;  12.5;  995.55;   14.8;   75.96;   18.7;   11.4;    9.9;eor
       4177;20190529;    3;   8.5;   1.9;    3;   0.2;   6;    2.900;-999;   6.3;  11.6; 1006.60;   13.9;   74.08;   18.5;    8.7;    6.6;eor
       4177;20190530;    3;   8.9;   2.3;    3;   0.0;   0;   11.817;-999;   4.5;  11.9; 1011.48;   15.3;   71.08;   21.8;    5.7;    4.3;eor
       4177;20190531;    3;   6.1;   1.6;    3;   0.0;   0;    9.867;-999;   5.8;  14.6; 1011.12;   18.7;   70.96;   25.5;   12.1;   10.1;eor
       4177;20190601;    3;   7.4;   1.4;    3;   0.0;   0;   14.433;-999;   3.8;  15.4; 1007.52;   20.4;   67.96;   28.3;   10.8;    9.1;eor
       4177;20190602;    3;   5.9;   1.2;    3;   0.0;   0;   14.917;-999;   2.9;  16.0; 1002.25;   22.2;   64.83;   31.0;   12.0;    9.9;eor
       4177;20190603;    3;  19.8;   2.5;    3;   0.2;   6;    9.767;-999;   3.3;  16.7; 1000.66;   19.9;   74.21;   30.4;   12.5;   11.0;eor
       4177;20190604;    3;   8.1;   2.3;    3;   0.0;   6;   13.700;-999;   2.3;  15.8;  995.73;   23.5;   59.96;   32.3;   12.2;   10.6;eor
       4177;20190605;    3;  15.7;   2.9;    3;   0.0;   6;   11.683;-999;   5.3;  15.2;  991.81;   24.0;   52.88;   29.9;   16.2;   13.9;eor
       4177;20190606;    3;  15.0;   4.3;    3;   2.1;   6;    1.417;-999;   5.2;  12.2; 1000.49;   13.3;   79.38;   19.4;    7.8;    5.8;eor
       4177;20190607;    3;  16.3;   4.1;    3;   0.5;   6;   10.167;-999;   4.6;  12.8;  998.67;   17.0;   67.46;   28.2;    8.5;    7.1;eor
       4177;20190608;    3;  14.5;   5.1;    3;   0.0;   0;   13.100;-999;   3.5;   9.6; 1008.64;   16.8;   52.63;   22.3;    8.0;    5.6;eor
       4177;20190609;    3;   9.0;   2.6;    3;   4.3;   6;    6.283;-999;   6.5;  12.7; 1006.76;   17.0;   67.67;   23.8;    7.0;    5.4;eor
       4177;20190610;    1;   6.9;   2.0;    1;  24.3;   6;    0.650;-999;   7.0;  17.3; 1000.34;   16.9;   90.04;   20.3;   15.0;   14.7;eor
       4177;20190611;    1;   7.0;   2.0;    1;   0.0;   6;    1.850;-999;   7.1;  14.9;  997.72;   16.4;   81.25;   20.6;   13.2;   12.3;eor
       4177;20190612;    1;  11.1;   3.4;    1;   1.8;   6;    6.000;-999;   5.9;  14.2;  997.31;   16.1;   78.92;   21.0;   13.1;   12.8;eor
       4177;20190613;    1;   9.7;   2.3;    1;   0.0;   0;   12.000;-999;   2.5;  13.2; 1000.85;   18.3;   66.58;   25.3;   13.2;   11.1;eor
       4177;20190614;    1;   7.1;   1.7;    1;   0.1;   6;    2.867;-999;   5.6;  15.9; 1000.55;   17.7;   78.42;   23.0;    9.5;    7.8;eor
       4177;20190615;    1;  12.1;   4.1;    1;  14.7;   6;    7.550;-999;   6.6;  16.2; 1000.67;   19.7;   72.54;   24.9;   14.4;   12.2;eor
       4177;20190616;    1;   7.4;   2.7;    1;   0.6;   6;    8.800;-999;   3.6;  15.3; 1007.37;   18.2;   76.42;   24.1;   12.3;   10.9;eor
       4177;20190617;    1;   9.8;   2.9;    1;   0.0;   0;   15.067;-999;   0.3;  15.2; 1004.94;   20.1;   68.04;   27.0;   10.5;    9.1;eor
       4177;20190618;    1;   8.5;   1.4;    1;   0.0;   0;   11.817;-999;   3.5;  17.4; 1000.15;   21.8;   70.25;   30.1;   13.0;   11.4;eor
       4177;20190619;    1;  26.2;   2.8;    1;   1.2;   6;   12.933;-999;   4.4;  16.5;  996.23;   23.6;   61.96;   31.7;   14.9;   13.5;eor
       4177;20190620;    1;   8.1;   3.2;    1;   0.2;   6;    7.200;-999;   6.5;  17.7;  999.81;   20.1;   76.50;   24.9;   15.6;   15.0;eor
       4177;20190621;    1;   7.0;   2.4;    1;   0.0;   0;   12.750;-999;   3.6;  14.6; 1003.90;   21.1;   60.71;   25.7;   16.0;   14.5;eor
       4177;20190622;    1;  12.2;   2.2;    1;   1.4;   6;    0.367;-999;   7.5;  16.3; 1003.69;   18.0;   78.29;   23.3;   14.5;   13.0;eor
       4177;20190623;    1;   9.6;   2.6;    1;   0.0;   0;    9.233;-999;   5.0;  17.9; 1003.77;   20.9;   75.21;   28.5;   13.1;   12.2;eor
       4177;20190624;    1;  10.3;   3.8;    1;   0.0;   0;   14.900;-999;   4.1;  19.4; 1004.10;   25.3;   62.46;   32.1;   17.0;   15.0;eor
       4177;20190625;    1;   6.0;   1.6;    1;   0.0;   0;   13.150;-999;   3.2;  20.4; 1004.82;   26.3;   63.00;   34.8;   16.9;   15.1;eor
       4177;20190626;    1;   7.4;   1.7;    1;   0.0;   0;   14.333;-999;   0.4;  22.3; 1007.58;   28.2;   62.92;   36.3;   18.8;   18.0;eor
       4177;20190627;    1;   8.8;   3.9;    1;   0.0;   0;   14.767;-999;   0.0;  17.5; 1008.78;   26.7;   51.33;   32.3;   15.7;   13.5;eor
       4177;20190628;    1;  14.1;   3.5;    1;   0.0;   0;   15.150;-999;   0.0;  13.3; 1007.99;   23.3;   48.50;   30.8;   15.3;   13.2;eor
       4177;20190629;    1;   9.8;   3.9;    1;   0.0;   0;   15.133;-999;   0.0;  13.7; 1004.07;   25.2;   46.08;   33.7;   16.7;   14.9;eor
       4177;20190630;    1;   9.4;   3.0;    1;   0.0;   0;   14.783;-999;   0.5;  19.1; 1000.99;   27.5;   56.29;   37.3;   14.3;   12.9;eor
       4177;20190701;    1;   9.2;   3.3;    1;   0.0;   6;    8.250;-999;   6.1;  17.9; 1002.95;   25.5;   55.67;   29.3;   19.7;   17.6;eor
       4177;20190702;    1;   9.3;   3.7;    1;   0.0;   0;   14.783;-999;   1.0;  11.6; 1006.30;   22.0;   45.21;   27.3;   16.0;   13.5;eor
       4177;20190703;    1;  12.0;   4.2;    1;   0.0;   0;   14.733;-999;   4.0;  10.6; 1007.08;   21.2;   44.21;   27.5;   14.7;   12.9;eor
       4177;20190704;    1;   9.5;   3.4;    1;   0.0;   0;   15.050;-999;   0.9;  10.4; 1007.10;   20.9;   44.96;   28.5;   13.2;   11.3;eor
       4177;20190705;    1;   8.0;   1.8;    1;   0.0;   0;    9.483;-999;   5.5;  12.4; 1003.08;   21.0;   55.58;   30.6;   10.0;    8.8;eor
       4177;20190706;    1;   9.8;   3.2;    1;   0.2;   6;   12.583;-999;   2.7;  14.0;  997.64;   23.3;   54.13;   32.3;   11.9;   10.4;eor
       4177;20190707;    1;   9.6;   2.5;    1;   5.1;   6;    2.567;-999;   6.7;  15.9;  999.45;   19.0;   73.00;   23.6;   16.7;   15.3;eor
       4177;20190708;    1;   9.6;   2.8;    1;   0.0;   0;   10.517;-999;   5.6;  11.6; 1003.70;   17.7;   59.46;   22.9;   10.1;    8.9;eor
       4177;20190709;    1;   9.9;   3.3;    1;   0.0;   0;   13.833;-999;   6.0;  10.0; 1005.40;   15.9;   58.42;   21.5;    9.2;    7.6;eor
