STATIONS_ID;MESS_DATUM;QN_3;  FX;  FM;QN_4; RSK;RSKF; SDK;SHK_TAG;  NM; VPM;  PM; TMK; UPM; TXK; TNK; TGK;eor
       3231;20180106;   10;   6.7;   2.4;    3;   7.3;   6;    0.000;   0;   7.6;   8.9;  955.15;    5.5;   98.38;    6.3;    3.8;    3.2;eor
       3231;20180107;   10;  11.5;   4.5;    3;   0.0;   6;    0.000;   0;   7.6;   6.5;  967.75;    2.1;   91.38;    3.8;    1.1;    1.1;eor
       3231;20180108;   10;   9.5;   3.8;    3;   0.0;   0;    1.933;   0;   7.2;   6.4;  970.35;    2.4;   87.79;    4.7;    0.5;   -0.5;eor
       3231;20180109;   10;   5.6;   1.7;    3;   0.3;   6;    0.433;   0;   5.5;   6.9;  960.84;    2.5;   94.71;    5.5;   -1.2;   -3.0;eor
       3231;20180110;   10;   5.2;   1.9;    3;   0.1;   6;    2.817;   0;   6.5;   7.1;  959.16;    2.5;   97.38;    6.0;    0.0;   -1.7;eor
       3231;20180111;   10;   3.7;   1.1;    3;   0.0;   0;    0.000;   0;   7.5;   6.8;  962.67;    1.7;   98.08;    4.6;   -0.3;   -1.1;eor
       3231;20180112;   10;   2.2;   0.8;    3;   0.0;   6;    0.000;   0;   7.6;   6.9;  970.72;    1.6;   99.83;    2.7;   -0.2;   -0.1;eor
       3231;20180113;   10;   8.0;   2.5;    3;   0.0;   6;    0.000;   0;   7.6;   6.2;  971.56;    1.8;   88.58;    2.8;   -1.4;   -1.4;eor
       3231;20180114;   10;   8.5;   3.6;    3;   0.0;   0;    0.167;   0;   7.6;   4.3;  968.96;   -0.5;   73.63;    1.3;   -1.8;   -3.3;eor
       3231;20180115;   10;  11.8;   5.0;    3;  11.3;   8;    0.000;   0;   5.8;   5.2;  959.27;   -1.1;   91.46;    1.0;   -3.0;   -3.9;eor
       3231;20180116;   10;  18.1;   4.8;    3;   6.5;   8;    1.083;   0;   6.2;   6.5;  941.65;    2.1;   91.08;    5.5;   -0.4;   -2.1;eor
       3231;20180117;   10;  17.6;   5.6;    3;   3.3;   8;    1.567;   6;   6.9;   5.3;  946.25;    0.1;   85.54;    1.2;   -1.3;   -3.7;eor
       3231;20180118;   10;  29.1;   7.0;    3;   3.9;   8;    1.850;   9;   5.5;   5.6;  946.78;    2.3;   78.88;    7.5;   -0.2;   -1.2;eor
       3231;20180119;   10;   8.9;   2.3;    3;   2.5;   8;    0.050;   3;   7.4;   5.6;  953.58;    0.6;   88.13;    2.2;   -1.1;   -8.8;eor
       3231;20180120;   10;   6.5;   3.1;    3;   3.9;   8;    0.233;   5;   7.5;   5.8;  951.88;   -0.2;   96.08;    0.6;   -1.6;   -3.5;eor
       3231;20180121;   10;   9.9;   2.9;    3;   1.5;   8;    0.067;  11;   7.5;   5.6;  957.55;   -0.6;   96.17;    0.2;   -1.5;   -1.0;eor
       3231;20180122;   10;  11.2;   3.7;    3;   2.5;   8;    0.000;  12;   7.6;   5.8;  957.18;   -0.4;   97.63;    3.1;   -1.5;   -0.5;eor
       3231;20180123;   10;   8.8;   2.9;    3;   0.7;   6;    0.000;   8;   7.1;   7.1;  968.28;    3.7;   89.21;    4.7;    1.1;    0.0;eor
       3231;20180124;   10;  10.6;   4.7;    3;   0.0;   6;    0.000;   0;   7.8;   9.0;  966.38;    6.1;   95.67;    8.4;    4.2;    2.9;eor
       3231;20180125;   10;   9.3;   3.6;    3;   2.0;   6;    0.000;   0;   7.7;   9.2;  961.23;    7.2;   90.38;    8.1;    6.1;    5.4;eor
       3231;20180126;   10;   6.5;   2.1;    3;   0.5;   6;    0.000;   0;   7.4;   8.2;  964.21;    4.7;   96.21;    6.2;    3.1;    2.2;eor
       3231;20180127;   10;  10.6;   2.6;    3;   0.0;   6;    1.983;   0;   6.9;   7.3;  975.58;    2.9;   96.50;    5.8;    0.8;    0.6;eor
       3231;20180128;   10;  11.3;   3.9;    3;   0.2;   6;    0.000;   0;   7.3;   7.7;  976.37;    4.6;   90.75;    6.3;    2.5;    2.5;eor
       3231;20180129;   10;  14.9;   4.6;    3;   0.2;   6;    0.000;   0;   7.1;   8.4;  972.18;    7.2;   82.33;    8.2;    5.6;    4.7;eor
       3231;20180130;   10;  10.2;   3.1;    3;   0.0;   6;    5.083;   0;   4.5;   5.6;  973.00;    2.5;   77.04;    5.7;   -1.6;   -2.7;eor
       3231;20180131;   10;  11.8;   4.5;    3;   5.4;   8;    0.000;   0;   7.7;   7.8;  956.90;    3.7;   97.29;    6.1;   -0.9;   -1.0;eor
       3231;20180201;   10;  10.4;   3.0;    3;   0.2;   8;    2.283;   0;   6.7;   5.7;  948.57;    1.6;   82.67;    3.6;   -0.8;   -2.6;eor
       3231;20180202;   10;   9.3;   3.9;    3;   1.6;   8;    0.000;   0;   7.3;   5.8;  950.77;    0.1;   94.29;    1.2;   -1.2;   -2.1;eor
       3231;20180203;   10;   7.4;   2.4;    3;   1.5;   7;    1.850;   0;   7.3;   5.0;  952.21;    0.1;   80.71;    1.5;   -1.5;   -2.6;eor
       3231;20180204;   10;   7.6;   3.1;    3;   1.1;   8;    0.000;   3;   7.0;   4.6;  961.45;   -2.3;   89.21;   -0.8;   -4.8;  -10.1;eor
       3231;20180205;   10;   8.2;   3.1;    3;   0.0;   0;    4.533;   4;   4.5;   3.7;  969.84;   -3.9;   81.33;   -1.5;   -6.9;  -15.1;eor
       3231;20180206;   10;   4.3;   1.2;    3;   0.0;   0;    0.867;   4;   5.6;   3.6;  960.76;   -3.9;   79.50;   -0.4;   -7.7;  -14.7;eor
       3231;20180207;   10;   7.5;   2.6;    3;   0.0;   0;    8.017;   4;   2.4;   3.9;  959.21;   -3.3;   82.38;    2.2;   -7.2;  -12.4;eor
       3231;20180208;   10;   3.4;   1.1;    3;   0.0;   0;    5.900;   5;   2.9;   3.7;  964.06;   -4.3;   85.63;    0.9;   -8.2;  -13.2;eor
       3231;20180209;   10;   7.9;   2.4;    3;   0.0;   8;    0.000;   5;   6.7;   4.2;  961.94;   -4.3;   92.92;   -1.8;   -7.8;  -12.7;eor
       3231;20180210;   10;   6.3;   2.4;    3;   0.0;   8;    0.150;   5;   7.6;   5.0;  961.26;   -1.1;   88.50;    0.6;   -2.8;   -4.8;eor
       3231;20180211;   10;  14.0;   4.5;    3;   3.7;   8;    0.000;   4;   7.0;   5.5;  952.55;   -0.6;   93.67;    0.7;   -2.2;   -8.2;eor
       3231;20180212;   10;  10.8;   2.8;    3;   0.9;   8;    2.417;  10;   6.5;   4.8;  958.02;   -1.2;   86.29;    1.5;   -6.1;   -5.5;eor
       3231;20180213;   10;   4.5;   2.2;    3;   0.0;   0;    2.133;   9;   4.9;   4.2;  961.46;   -4.0;   91.92;   -0.5;   -7.5;   -9.7;eor
       3231;20180214;   10;   5.8;   1.8;    3;   0.0;   0;    8.800;   8;   0.2;   3.3;  963.83;   -4.5;   77.75;    1.0;   -9.1;  -10.8;eor
       3231;20180215;   10;  11.1;   3.8;    3;   2.7;   8;    0.000;   8;   7.0;   4.4;  963.38;   -3.0;   88.08;   -0.8;   -6.9;   -7.4;eor
       3231;20180216;   10;   5.1;   1.8;    3;   0.0;   6;    0.583;   9;   7.1;   5.7;  970.25;   -0.9;   99.54;    0.4;   -2.9;   -4.4;eor
       3231;20180217;   10;   6.9;   2.1;    3;   0.0;   0;    0.000;   7;   7.7;   5.0;  968.87;   -1.1;   88.58;    1.6;   -2.8;   -7.2;eor
       3231;20180218;   10;   5.9;   1.8;    3;   0.0;   0;    5.433;   7;   4.3;   4.4;  972.01;   -1.3;   79.58;    2.3;   -4.2;   -9.2;eor
       3231;20180219;   10;   3.1;   1.3;    3;   0.0;   0;    0.617;   7;   7.1;   4.0;  965.78;   -2.6;   78.92;    1.1;   -5.7;   -9.4;eor
       3231;20180220;   10;   7.2;   2.4;    3;   0.0;   8;    2.250;   8;   6.1;   4.0;  962.90;   -3.3;   83.88;   -0.3;   -7.2;  -10.3;eor
       3231;20180221;   10;  10.5;   4.6;    3;   0.0;   0;    7.500;   8;   3.9;   3.6;  967.11;   -2.9;   73.71;    0.2;   -5.9;   -8.0;eor
       3231;20180222;   10;  14.7;   5.9;    3;   0.0;   0;    9.233;   8;   2.9;   3.1;  966.74;   -3.3;   64.17;   -1.1;   -6.4;   -9.3;eor
       3231;20180223;   10;  10.9;   4.2;    3;   0.0;   0;    9.417;   8;   0.0;   2.5;  966.14;   -5.5;   62.92;   -1.8;   -9.1;  -13.7;eor
       3231;20180224;   10;  15.7;   6.2;    3;   0.0;   8;    7.300;   8;   2.0;   2.3;  969.75;   -5.7;   57.00;   -2.8;   -8.9;  -10.9;eor
       3231;20180225;   10;  11.8;   5.0;    3;   0.0;   7;    9.000;   7;   2.7;   1.9;  971.89;   -8.2;   58.33;   -5.5;  -11.9;  -14.6;eor
       3231;20180226;   10;  14.9;   5.1;    3;   0.0;   7;    2.800;   7;   5.5;   2.2;  969.14;   -9.1;   70.46;   -7.4;  -11.2;  -13.8;eor
       3231;20180227;   10;  12.4;   5.0;    3;   0.0;   7;    9.600;   7;   1.8;   1.6;  964.04;  -10.8;   60.63;   -7.4;  -14.6;  -16.1;eor
       3231;20180228;   10;  10.3;   3.6;    3;   0.0;   7;    8.750;   7;   2.2;   1.7;  964.69;  -11.5;   66.29;   -8.8;  -15.3;  -17.7;eor
       3231;20180301;   10;  11.2;   4.7;    3;   0.0;   0;    8.517;   7;   6.1;   1.9;  955.67;   -8.2;   57.50;   -3.7;  -13.2;  -14.2;eor
       3231;20180302;   10;   7.6;   2.7;    3;   1.6;   7;    6.617;   7;   7.2;   2.3;  946.15;   -7.1;   64.63;   -2.9;  -11.2;  -11.9;eor
       3231;20180303;   10;   4.9;   2.1;    3;   1.0;   8;    0.000;  11;   7.0;   3.7;  946.08;   -4.3;   82.21;   -1.2;   -6.9;   -5.0;eor
       3231;20180304;   10;   7.2;   2.8;    3;   0.1;   8;    2.067;  11;   7.5;   5.1;  947.06;   -0.4;   85.04;    4.0;   -3.9;   -2.6;eor
       3231;20180305;   10;   7.0;   2.3;    3;   0.0;   0;    3.017;   9;   7.8;   6.0;  944.41;    2.5;   83.00;    7.1;   -0.7;   -5.9;eor
       3231;20180306;   10;   5.3;   1.6;    3;   0.0;   6;    0.667;   6;   7.7;   5.3;  939.22;    0.2;   86.21;    3.4;   -4.0;   -7.8;eor
       3231;20180307;   10;   9.6;   2.5;    3;   1.5;   8;    1.567;   5;   7.6;   6.3;  942.55;    2.7;   85.21;    7.3;   -1.1;   -2.2;eor
       3231;20180308;   10;  15.0;   4.4;    3;   2.0;   6;    2.217;   2;   6.8;   6.3;  950.08;    3.9;   78.67;    7.0;    1.7;   -0.1;eor
       3231;20180309;   10;   7.0;   2.5;    3;   3.7;   6;    0.083;   1;   7.0;   6.8;  954.81;    2.1;   95.04;    3.8;   -0.1;   -0.9;eor
       3231;20180310;   10;   9.6;   3.2;    3;   0.1;   6;    1.250;   1;   7.8;   9.3;  952.10;    6.9;   93.21;   11.0;    3.1;    2.9;eor
       3231;20180311;   10;   9.0;   2.9;    3;   4.6;   6;    5.333;   0;   7.8;   9.9;  946.33;   10.4;   79.96;   15.5;    6.7;    6.5;eor
       3231;20180312;   10;   9.5;   2.7;    3;   2.9;   6;    0.083;   0;   7.5;   9.9;  942.29;    8.5;   89.13;   10.4;    6.1;    5.9;eor
       3231;20180313;   10;  12.6;   4.3;    3;   4.1;   6;    0.000;   0;   7.3;   8.1;  949.46;    5.5;   88.92;    7.2;    1.9;    1.4;eor
       3231;20180314;   10;   7.0;   2.0;    3;   0.0;   6;    0.050;   0;   7.4;   6.4;  957.43;    3.2;   83.46;    5.3;    0.7;   -1.0;eor
       3231;20180315;   10;  10.0;   3.5;    3;   7.0;   6;    8.533;   0;   4.3;   5.9;  949.19;    4.1;   74.29;    9.3;   -1.7;   -2.9;eor
       3231;20180316;   10;   9.3;   2.6;    3;   3.4;   8;    0.000;   0;   7.6;   6.6;  948.82;    1.6;   95.21;    4.6;   -2.9;   -2.6;eor
       3231;20180317;   10;  14.1;   7.1;    3;   0.1;   7;    0.000;   1;   7.6;   3.4;  951.28;   -5.4;   82.13;   -2.9;   -6.5;   -5.9;eor
       3231;20180318;   10;  14.1;   7.2;    3;   0.0;   7;    0.000;   3;   7.2;   2.7;  954.10;   -6.0;   68.42;   -4.5;   -7.7;   -8.3;eor
       3231;20180319;   10;  10.2;   3.9;    3;   0.0;   0;    9.633;   4;   7.0;   2.7;  957.26;   -5.6;   66.38;   -2.2;   -9.5;  -12.0;eor
       3231;20180320;   10;  12.2;   2.7;    3;   1.8;   8;    0.150;   3;   5.5;   3.7;  962.10;   -4.8;   82.54;   -1.3;   -9.2;  -11.9;eor
       3231;20180321;   10;   7.0;   2.4;    3;   0.0;   0;   10.850;   3;   4.7;   3.4;  971.57;   -1.3;   63.88;    2.9;   -6.9;  -13.6;eor
       3231;20180322;   10;   8.8;   2.7;    3;   2.7;   8;    0.000;   2;   7.4;   5.0;  962.11;   -1.1;   87.79;    0.3;   -3.4;   -4.5;eor
       3231;20180323;   10;   4.8;   1.8;    3;   0.2;   6;    0.150;   2;   7.8;   6.7;  954.00;    1.9;   95.63;    5.3;   -0.2;   -0.2;eor
       3231;20180324;   10;   7.1;   2.0;    3;   0.0;   0;    7.567;   1;   6.4;   5.9;  950.32;    4.2;   74.63;    9.4;    0.4;   -3.1;eor
       3231;20180325;   10;   6.3;   1.7;    3;   0.0;   0;   10.333;   1;   5.9;   5.5;  953.68;    4.5;   67.00;   11.0;   -2.5;   -5.3;eor
       3231;20180326;   10;   6.0;   2.3;    3;   0.0;   8;    0.233;   1;   7.5;   6.3;  959.73;    4.2;   76.63;    7.1;    2.1;   -1.0;eor
       3231;20180327;   10;   8.2;   2.5;    3;   1.9;   8;    2.133;   1;   6.2;   5.9;  959.28;    3.8;   75.54;    8.5;   -1.5;   -2.8;eor
       3231;20180328;   10;  14.9;   3.6;    3;   5.5;   8;    0.000;   1;   7.5;   8.5;  949.74;    5.3;   95.38;    8.0;    3.1;    3.0;eor
       3231;20180329;   10;  11.2;   3.5;    3;   0.0;   8;    3.483;   1;   6.0;   5.7;  952.70;    3.8;   72.25;    8.0;   -0.9;   -2.9;eor
       3231;20180330;   10;   9.7;   2.6;    3;  10.3;   6;    6.550;   0;   7.4;   6.3;  950.79;    5.3;   72.50;   11.2;   -1.8;   -4.1;eor
       3231;20180331;   10;   7.3;   2.2;    3;   0.5;   6;    1.017;   0;   5.9;   8.2;  945.93;    5.1;   94.04;    7.6;    2.1;   -0.4;eor
       3231;20180401;   10;  11.4;   3.0;    3;   1.8;   6;    0.483;   0;   6.8;   6.9;  952.97;    3.5;   88.50;    7.1;    0.0;   -0.8;eor
       3231;20180402;   10;  11.2;   3.3;    3;   0.0;   6;    6.583;   0;   7.0;   6.7;  956.41;    6.2;   72.88;   10.1;    1.4;    0.1;eor
       3231;20180403;   10;  12.4;   3.7;    3;   0.0;   6;    4.217;   0;   7.4;   7.8;  952.17;   12.3;   56.17;   17.5;    6.4;    4.9;eor
       3231;20180404;   10;  21.5;   3.9;    3;   3.4;   4;    6.217;   0;   6.4;   9.1;  951.58;   11.7;   68.13;   19.6;    6.5;    2.9;eor
       3231;20180405;   10;  15.0;   4.6;    3;   1.9;   4;    1.233;   0;   7.0;   7.8;  958.57;    6.5;   79.67;   11.4;   -0.4;   -2.4;eor
       3231;20180406;   10;  10.1;   3.3;    3;   0.0;   0;   12.150;   0;   1.7;   4.5;  968.15;    5.1;   56.88;   12.1;   -2.6;   -5.3;eor
       3231;20180407;   10;   8.8;   3.5;    3;   0.0;   0;   12.267;   0;   4.0;   5.6;  962.00;   11.0;   43.96;   19.9;    2.1;   -0.3;eor
       3231;20180408;   10;   6.6;   2.2;    3;   0.0;   0;   12.233;   0;   0.6;   8.5;  957.18;   12.8;   59.58;   20.4;    5.5;    1.8;eor
       3231;20180409;   10;   5.3;   1.6;    3;   0.0;   0;    4.850;   0;   6.6;   9.0;  953.02;   13.6;   60.38;   20.2;    5.0;    2.0;eor
       3231;20180410;   10;  11.9;   2.4;    3;   4.1;   4;    8.550;   0;   5.3;  10.6;  950.65;   13.8;   68.67;   22.3;    7.5;    3.5;eor
       3231;20180411;   10;   6.5;   2.2;    3;   0.1;   4;    4.017;   0;   5.6;  10.8;  953.96;   10.6;   85.50;   15.8;    7.8;    6.3;eor
       3231;20180412;   10;  11.0;   3.0;    3;   1.4;   4;    4.967;   0;   5.9;  10.1;  949.30;   14.4;   64.38;   20.2;    8.3;    6.3;eor
       3231;20180413;   10;  12.6;   3.5;    3;   6.3;   4;    1.233;   0;   7.5;  10.7;  953.79;   10.9;   82.83;   14.9;    8.0;    7.3;eor
       3231;20180414;   10;   7.9;   2.9;    3;   0.0;   0;    6.850;   0;   7.2;  10.0;  965.20;   11.3;   77.21;   17.2;    6.5;    5.7;eor
       3231;20180415;   10;   7.8;   1.7;    3;   0.3;   4;    6.033;   0;   7.6;   9.8;  960.28;   14.0;   63.96;   19.6;    6.6;    3.9;eor
       3231;20180416;   10;  12.3;   2.4;    3;   1.0;   4;    1.850;   0;   6.2;  11.7;  961.67;   12.4;   82.08;   17.3;    7.7;    4.7;eor
       3231;20180417;   10;   4.6;   1.4;    3;   0.0;   0;    6.183;   0;   4.7;  10.6;  972.18;   13.2;   72.38;   19.8;    6.2;    3.1;eor
       3231;20180418;   10;   5.4;   1.2;    3;   0.0;   0;   12.983;   0;   3.4;  10.2;  977.99;   16.3;   59.92;   24.3;    7.4;    3.4;eor
       3231;20180419;   10;   6.8;   1.9;    3;   0.0;   0;   13.000;   0;   3.4;   8.7;  976.17;   17.9;   46.29;   25.2;    9.0;    3.4;eor
       3231;20180420;   10;   7.7;   2.1;    3;   0.0;   0;   13.017;   0;   2.8;  10.5;  971.16;   18.5;   52.17;   25.5;   11.0;    4.8;eor
       3231;20180421;   10;   8.5;   2.6;    3;   0.0;   0;   12.617;   0;   3.6;  11.8;  966.93;   17.4;   60.79;   23.3;   10.6;    5.9;eor
       3231;20180422;   10;   9.1;   2.3;    3;   0.4;   4;    9.433;   0;   4.9;  12.6;  962.54;   18.3;   62.58;   24.8;    9.9;    5.6;eor
       3231;20180423;   10;  11.3;   3.0;    3;   0.1;   4;    1.683;   0;   6.8;  12.3;  961.77;   16.2;   66.46;   20.7;    9.3;    7.2;eor
       3231;20180424;   10;  13.5;   3.2;    3;   0.0;   0;    8.117;   0;   7.0;   9.4;  963.12;   13.2;   64.13;   19.2;    5.8;    4.3;eor
       3231;20180425;   10;  14.4;   4.4;    3;   2.9;   4;    4.317;   0;   5.7;  10.4;  958.56;   11.8;   75.83;   17.1;    8.3;    7.1;eor
       3231;20180426;   10;  12.5;   3.8;    3;   0.3;   6;    6.300;   0;   4.8;   7.3;  962.80;    8.9;   64.58;   12.7;    4.6;   -0.3;eor
       3231;20180427;   10;   9.6;   2.9;    3;   0.0;   0;   11.350;   0;   6.3;   7.2;  960.17;    9.6;   63.42;   16.2;    1.5;   -0.5;eor
       3231;20180428;   10;  12.0;   3.3;    3;   7.7;   6;    9.033;   0;   5.1;   9.0;  959.18;   12.7;   62.29;   18.1;    5.2;    3.0;eor
       3231;20180429;   10;   8.8;   2.2;    3;   0.0;   0;   10.533;   0;   6.2;  12.9;  954.89;   16.2;   72.88;   23.2;    9.3;    8.0;eor
       3231;20180430;   10;  17.1;   5.2;    3;   0.0;   6;    5.383;   0;   5.9;   9.4;  950.60;   13.6;   60.21;   18.0;    9.2;    8.0;eor
       3231;20180501;   10;  14.8;   4.7;    3;   0.0;   0;    8.117;-999;   4.7;   6.3;  958.87;    8.0;   59.33;   12.4;    2.7;   -0.3;eor
       3231;20180502;   10;   7.0;   2.2;    3;   0.0;   0;    2.067;-999;   6.9;   7.7;  959.90;    9.0;   67.50;   15.2;    0.9;   -1.9;eor
       3231;20180503;   10;  10.9;   4.4;    3;   0.0;   0;    4.617;-999;   7.2;   9.0;  962.17;   11.3;   67.79;   16.3;    7.1;    5.3;eor
       3231;20180504;   10;   9.7;   4.3;    3;   0.0;   0;   13.467;-999;   0.8;   7.3;  967.90;   11.8;   53.08;   16.7;    7.1;    4.8;eor
       3231;20180505;   10;  10.0;   4.0;    3;   0.0;   0;   13.850;-999;   0.2;   8.3;  970.75;   13.6;   53.42;   19.4;    7.2;    4.5;eor
       3231;20180506;   10;  11.6;   3.8;    3;   0.0;   0;   13.983;-999;   0.0;   8.1;  970.74;   14.9;   47.79;   20.5;    8.2;    3.3;eor
       3231;20180507;   10;  10.6;   3.1;    3;   0.0;   0;   14.033;-999;   0.0;   9.2;  966.79;   16.7;   50.00;   23.5;    9.8;    3.7;eor
       3231;20180508;   10;   9.4;   2.7;    3;   0.0;   0;   14.033;-999;   0.1;   9.4;  960.26;   18.2;   46.54;   24.2;   11.9;    5.7;eor
       3231;20180509;   10;  10.9;   2.0;    3;   0.3;   6;    7.900;-999;   3.8;  11.9;  955.94;   17.1;   62.75;   24.0;   10.9;    8.1;eor
       3231;20180510;   10;  10.7;   2.8;    3;   6.1;   6;    7.083;-999;   4.8;  12.4;  957.82;   14.0;   79.79;   23.0;    9.5;    6.7;eor
       3231;20180511;   10;   5.7;   2.0;    3;   0.0;   0;    3.250;-999;   6.4;  11.4;  966.00;   13.0;   77.33;   17.9;    9.0;    8.5;eor
       3231;20180512;   10;   7.6;   1.7;    3;   0.0;   0;   12.983;-999;   3.4;  12.2;  962.61;   17.0;   65.71;   23.5;   10.5;    8.8;eor
       3231;20180513;   10;  11.8;   2.8;    3;  11.4;   8;    8.000;-999;   6.0;  14.6;  957.12;   17.4;   74.21;   24.5;   11.0;    9.5;eor
       3231;20180514;   10;  15.7;   5.3;    3;   0.0;   0;   11.850;-999;   3.0;  10.9;  957.61;   17.9;   53.58;   23.5;   12.8;   10.2;eor
       3231;20180515;   10;  13.4;   4.8;    3;   8.3;   6;    7.867;-999;   6.6;  10.5;  960.84;   13.3;   70.08;   18.8;    9.8;    8.0;eor
       3231;20180516;   10;   9.1;   3.7;    3;   1.2;   6;    2.983;-999;   7.3;  12.7;  960.76;   12.2;   89.25;   15.1;    9.8;    9.7;eor
       3231;20180517;   10;  10.3;   5.0;    3;   0.0;   0;    5.950;-999;   7.5;  10.9;  963.74;   11.9;   79.13;   15.9;    8.7;    6.8;eor
       3231;20180518;   10;   8.4;   3.7;    3;   0.0;   0;    4.433;-999;   7.7;   9.5;  966.88;    9.2;   81.79;   13.2;    6.4;    4.9;eor
       3231;20180519;   10;   9.7;   2.8;    3;   0.0;   0;    7.517;-999;   7.8;  10.1;  967.68;   11.1;   77.79;   16.6;    4.5;    3.3;eor
       3231;20180520;   10;  12.0;   4.0;    3;   0.0;   0;   12.917;-999;   2.5;   9.9;  968.36;   15.4;   58.96;   21.3;    9.6;    7.0;eor
       3231;20180521;   10;  10.4;   3.4;    3;   0.0;   0;   11.967;-999;   1.9;   9.8;  963.74;   17.3;   51.75;   23.5;   11.2;    5.9;eor
       3231;20180522;   10;   9.0;   2.5;    3;   0.3;   6;    9.183;-999;   4.8;  11.3;  960.98;   17.8;   57.04;   23.8;   12.7;    8.7;eor
       3231;20180523;   10;  10.7;   3.6;    3;   4.6;   6;    5.283;-999;   7.5;  13.3;  965.48;   16.8;   69.96;   22.6;   13.0;   11.1;eor
       3231;20180524;   10;   6.2;   2.2;    3;   8.1;   6;    0.083;-999;   7.5;  15.4;  966.54;   15.0;   90.38;   17.7;   13.2;   12.6;eor
       3231;20180525;   10;   7.5;   1.3;    3;  10.2;   6;    4.317;-999;   6.9;  15.3;  966.70;   16.7;   81.38;   21.0;   12.9;   10.8;eor
       3231;20180526;   10;   7.5;   2.0;    3;   0.0;   0;   13.033;-999;   2.9;  14.1;  968.47;   18.9;   66.21;   25.2;   11.6;    9.4;eor
       3231;20180527;   10;   7.4;   2.0;    3;   0.0;   6;    9.850;-999;   4.6;  14.7;  966.75;   19.7;   65.29;   26.4;   12.5;   10.8;eor
       3231;20180528;   10;   7.8;   1.8;    3;   0.1;   6;    9.483;-999;   3.3;  16.5;  965.36;   20.8;   68.92;   27.6;   12.8;   11.4;eor
       3231;20180529;   10;  12.7;   2.0;    3;   5.3;   6;    7.900;-999;   5.7;  18.0;  961.78;   20.0;   78.08;   27.6;   15.6;   13.5;eor
       3231;20180530;   10;   5.1;   1.7;    3;   0.0;   0;    9.583;-999;   5.1;  17.7;  962.76;   20.2;   77.21;   25.9;   15.2;   14.8;eor
       3231;20180531;   10;   8.3;   1.9;    3;   0.0;   6;    9.067;-999;   6.0;  18.0;  962.43;   20.5;   76.21;   27.9;   14.0;   13.1;eor
       3231;20180601;   10;   9.8;   3.2;    3;   0.0;   0;    8.150;-999;   7.5;  16.5;  964.21;   19.2;   75.08;   22.8;   15.5;   14.1;eor
       3231;20180602;   10;   6.1;   2.2;    3;   0.0;   0;    1.533;-999;   6.3;  15.3;  965.84;   17.0;   78.88;   20.3;   13.8;   11.2;eor
       3231;20180603;   10;   7.0;   2.0;    3;   0.0;   0;    9.017;-999;   2.8;  15.3;  965.27;   18.5;   74.17;   24.6;   12.2;   10.1;eor
       3231;20180604;   10;   8.2;   2.6;    3;   0.0;   0;   12.400;-999;   1.8;  14.6;  960.33;   20.2;   64.54;   26.0;   13.8;   10.9;eor
       3231;20180605;   10;   9.1;   3.8;    3;   0.0;   0;   14.850;-999;   0.8;  15.6;  959.97;   18.2;   75.71;   23.7;   14.1;   11.3;eor
       3231;20180606;   10;   7.0;   2.1;    3;   0.0;   0;   12.683;-999;   2.4;  14.4;  961.42;   20.5;   61.58;   27.1;   13.4;   10.3;eor
       3231;20180607;   10;  18.4;   2.2;    3;  21.6;   8;    9.117;-999;   4.8;  16.5;  962.81;   20.2;   71.21;   27.3;   16.0;   13.1;eor
       3231;20180608;   10;   7.9;   2.4;    3;   0.0;   0;    8.750;-999;   6.8;  15.6;  960.90;   21.1;   65.00;   27.0;   15.3;   15.3;eor
       3231;20180609;   10;  20.2;   2.4;    3;  56.0;   8;    8.967;-999;   5.4;  17.1;  959.85;   20.4;   73.17;   28.0;   13.2;   13.6;eor
       3231;20180610;   10;   8.0;   2.3;    3;   2.7;   6;    5.183;-999;   6.5;  17.8;  959.55;   19.4;   80.25;   24.7;   14.9;   14.3;eor
       3231;20180611;   10;   7.9;   3.0;    3;   7.1;   6;    1.767;-999;   7.2;  18.2;  958.68;   17.6;   90.17;   21.9;   14.7;   14.2;eor
       3231;20180612;   10;   9.2;   3.9;    3;   0.0;   6;    0.083;-999;   7.7;  13.5;  958.22;   14.7;   80.88;   17.2;   12.6;   12.2;eor
       3231;20180613;   10;   9.0;   4.0;    3;   0.0;   6;    0.533;-999;   7.9;  10.8;  961.25;   12.1;   76.67;   15.0;   10.7;   10.2;eor
       3231;20180614;   10;   8.4;   2.1;    3;   0.0;   0;    7.867;-999;   7.0;  10.3;  963.72;   14.6;   62.96;   19.3;   10.0;    9.7;eor
       3231;20180615;   10;   4.0;   1.1;    3;   0.0;   0;    0.400;-999;   7.9;  13.1;  964.78;   15.4;   75.33;   19.2;   10.3;    9.8;eor
       3231;20180616;   10;   6.4;   1.8;    3;   0.0;   6;    4.633;-999;   6.0;  13.9;  963.73;   18.8;   66.04;   23.6;   14.3;   11.0;eor
       3231;20180617;   10;   9.8;   2.7;    3;   0.2;   6;    6.100;-999;   6.4;  12.9;  964.84;   17.0;   67.75;   21.0;   12.4;    9.8;eor
       3231;20180618;   10;   7.5;   2.6;    3;   0.0;   0;    5.450;-999;   6.0;  12.3;  968.87;   16.6;   65.46;   20.2;   12.1;    8.4;eor
       3231;20180619;   10;   7.2;   2.4;    3;   0.0;   0;    4.850;-999;   5.3;  14.7;  970.72;   17.7;   73.42;   22.8;   12.6;    9.7;eor
       3231;20180620;   10;   7.7;   2.1;    3;   0.0;   0;   11.133;-999;   3.9;  15.6;  968.60;   20.8;   66.17;   27.1;   12.5;   10.2;eor
       3231;20180621;   10;  16.0;   4.6;    3;   0.0;   6;   11.467;-999;   3.0;  11.8;  963.83;   16.6;   61.96;   23.3;    9.0;    7.3;eor
       3231;20180622;   10;  11.9;   4.1;    3;   1.9;   6;    2.717;-999;   5.7;   9.4;  969.05;    9.9;   76.92;   13.7;    7.4;    4.1;eor
       3231;20180623;   10;  10.1;   3.5;    3;   0.2;   6;    0.733;-999;   6.9;   9.6;  970.62;   11.0;   73.71;   14.3;    7.3;    5.2;eor
       3231;20180624;   10;   9.0;   3.3;    3;   1.4;   6;    2.550;-999;   7.5;  10.5;  968.06;   12.8;   71.42;   16.8;   10.4;   10.3;eor
       3231;20180625;   10;   8.9;   3.3;    3;   0.0;   6;    4.917;-999;   7.3;  12.3;  969.17;   14.1;   77.58;   19.1;   10.8;   10.8;eor
       3231;20180626;   10;   9.0;   3.0;    3;   0.0;   6;    5.917;-999;   5.0;  12.9;  970.38;   16.1;   71.88;   21.4;   12.9;   12.2;eor
       3231;20180627;   10;  11.1;   4.5;    3;   0.0;   0;   12.967;-999;   2.7;  11.7;  970.52;   17.0;   62.00;   21.9;   12.2;   10.4;eor
       3231;20180628;   10;  13.6;   4.6;    3;   0.0;   0;    7.650;-999;   5.7;  12.7;  967.96;   18.8;   58.92;   23.9;   12.5;    9.8;eor
       3231;20180629;   10;   9.6;   4.5;    3;   0.0;   0;   12.883;-999;   3.6;  12.6;  964.22;   21.6;   50.04;   27.1;   17.1;   14.0;eor
       3231;20180630;   10;  10.0;   4.3;    3;   0.0;   0;   14.933;-999;   0.3;  10.2;  964.32;   17.7;   52.04;   22.7;   12.7;    7.6;eor
       3231;20180701;   10;  10.8;   3.3;    3;   0.0;   0;   15.283;-999;   0.0;   7.8;  965.91;   16.0;   44.08;   21.3;    9.2;    5.3;eor
       3231;20180702;   10;   9.0;   2.3;    3;   0.0;   0;   15.267;-999;   0.3;   7.9;  964.57;   17.1;   41.58;   23.3;    9.3;    4.6;eor
       3231;20180703;   10;   7.4;   1.6;    3;   0.0;   0;   15.250;-999;   0.7;   7.3;  964.49;   19.4;   34.67;   26.5;    8.9;    4.7;eor
       3231;20180704;   10;   7.6;   1.8;    3;   0.0;   0;    9.950;-999;   6.8;  10.2;  962.70;   21.6;   40.71;   28.5;   12.0;    8.4;eor
       3231;20180705;   10;  10.4;   2.4;    3;   0.0;   6;    8.350;-999;   5.5;  14.8;  961.01;   20.3;   63.92;   27.9;   14.6;   12.1;eor
       3231;20180706;   10;  10.9;   4.3;    3;   0.0;   0;   12.617;-999;   3.8;  13.1;  965.35;   18.7;   62.00;   23.4;   14.5;   12.2;eor
       3231;20180707;   10;  11.3;   3.8;    3;   0.0;   0;   15.100;-999;   2.5;   8.8;  969.00;   18.1;   43.71;   24.3;   11.1;    7.6;eor
       3231;20180708;   10;   9.3;   3.5;    3;   0.0;   0;   12.933;-999;   2.2;  11.5;  968.95;   18.1;   56.29;   24.7;   11.3;    8.2;eor
       3231;20180709;   10;  12.1;   4.1;    3;   1.2;   6;   10.683;-999;   4.3;  11.3;  967.49;   18.2;   55.63;   23.8;   13.9;   11.8;eor
       3231;20180710;   10;   9.4;   3.1;    3;  11.7;   6;    2.333;-999;   7.2;  11.9;  963.11;   14.4;   73.88;   18.9;   11.3;   11.3;eor
       3231;20180711;   10;   7.8;   2.2;    3;   1.2;   6;    2.317;-999;   7.2;  12.7;  962.49;   13.8;   81.88;   17.6;   10.9;   11.2;eor
       3231;20180712;   10;   9.4;   3.2;    3;   0.0;   0;    6.267;-999;   6.5;  14.2;  964.41;   16.3;   78.04;   22.5;   11.8;   10.6;eor
       3231;20180713;   10;   7.7;   3.0;    3;   0.0;   0;   11.917;-999;   3.7;  13.2;  966.83;   19.7;   60.50;   25.3;   13.7;   11.3;eor
       3231;20180714;   10;   9.4;   2.5;    3;   0.0;   0;   12.700;-999;   2.7;  12.7;  966.44;   20.4;   55.04;   26.1;   13.0;   10.2;eor
       3231;20180715;   10;   8.3;   2.7;    3;   0.0;   0;   13.833;-999;   2.7;  13.2;  963.84;   20.4;   57.58;   26.6;   14.7;   12.5;eor
       3231;20180716;   10;  13.3;   1.6;    3;  18.0;   8;    7.250;-999;   5.4;  15.2;  961.94;   18.0;   75.04;   26.1;   13.2;   12.2;eor
       3231;20180717;   10;  10.9;   2.6;    3;   0.4;   6;   11.050;-999;   5.6;  13.4;  961.97;   20.8;   58.96;   27.6;   11.7;   10.4;eor
       3231;20180718;   10;   9.8;   4.5;    3;   0.0;   0;   13.650;-999;   1.5;  12.7;  964.77;   20.2;   54.92;   24.6;   15.9;   13.8;eor
       3231;20180719;   10;   8.6;   3.2;    3;   0.0;   0;   14.567;-999;   2.1;  10.3;  965.29;   19.6;   47.58;   25.5;   11.7;    9.3;eor
       3231;20180720;   10;   6.2;   1.7;    3;   0.0;   0;   12.633;-999;   5.7;  10.6;  961.85;   21.8;   42.04;   27.5;   13.9;   10.5;eor
       3231;20180721;   10;   6.1;   1.5;    3;   7.0;   6;    1.533;-999;   7.1;  15.7;  960.04;   17.6;   79.08;   20.3;   15.8;   13.6;eor
       3231;20180722;   10;   3.3;   1.2;    3;   1.9;   6;    0.100;-999;   7.9;  17.3;  962.53;   17.2;   88.75;   19.9;   15.2;   14.0;eor
       3231;20180723;   10;   7.0;   1.8;    3;   0.0;   0;   10.150;-999;   2.0;  15.2;  964.63;   20.9;   65.00;   27.1;   13.3;   12.2;eor
       3231;20180724;   10;   5.2;   1.5;    3;   0.0;   0;   13.667;-999;   0.2;  13.8;  963.45;   23.6;   49.71;   30.5;   14.7;   11.8;eor
       3231;20180725;   10;   9.5;   2.6;    3;   0.0;   0;   12.383;-999;   1.9;  15.2;  963.45;   25.0;   49.17;   30.8;   17.1;   14.7;eor
       3231;20180726;   10;  10.4;   2.7;    3;   0.0;   0;   13.900;-999;   1.6;  13.6;  964.21;   24.9;   44.92;   30.5;   18.1;   14.5;eor
       3231;20180727;   10;  10.1;   2.3;    3;   0.2;   6;    8.717;-999;   3.2;  14.5;  961.95;   24.3;   48.58;   30.3;   17.6;   14.3;eor
       3231;20180728;   10;  12.5;   2.7;    3;   3.5;   6;    8.333;-999;   4.7;  16.3;  958.60;   22.2;   64.50;   30.2;   15.7;   14.7;eor
       3231;20180729;   10;   7.4;   1.8;    3;   0.0;   0;    5.633;-999;   6.7;  16.2;  963.38;   21.6;   66.67;   27.8;   13.9;   13.2;eor
       3231;20180730;   10;   6.1;   1.4;    3;   0.0;   0;   13.083;-999;   1.4;  12.9;  964.25;   25.8;   43.71;   32.7;   16.8;   14.2;eor
       3231;20180731;   10;  13.0;   2.5;    3;   0.1;   6;   13.067;-999;   2.5;  13.7;  964.52;   27.3;   39.71;   35.3;   17.6;   15.2;eor
       3231;20180801;   10;   9.9;   3.7;    3;   9.8;   8;    7.200;-999;   6.2;  17.3;  967.44;   24.7;   56.50;   29.8;   19.4;   18.2;eor
       3231;20180802;   10;  10.7;   2.7;    3;   0.0;   6;    9.533;-999;   5.4;  19.8;  969.66;   23.5;   70.13;   29.8;   18.3;   17.9;eor
       3231;20180803;   10;   9.3;   2.6;    3;   0.0;   0;   12.450;-999;   0.7;  19.3;  968.70;   25.5;   60.79;   30.9;   19.0;   16.2;eor
       3231;20180804;   10;   8.4;   2.6;    3;   0.0;   0;    9.100;-999;   3.1;  17.3;  965.83;   26.1;   52.96;   31.8;   18.4;   16.6;eor
       3231;20180805;   10;   9.2;   4.3;    3;   0.0;   0;   13.350;-999;   3.7;  14.8;  967.79;   21.6;   58.13;   26.1;   17.0;   12.8;eor
       3231;20180806;   10;   6.9;   1.7;    3;   0.0;   0;   13.983;-999;   0.4;  11.0;  965.61;   22.6;   43.67;   30.6;   13.1;    9.3;eor
       3231;20180807;   10;  11.4;   3.0;    3;   0.0;   0;    9.633;-999;   3.5;  14.1;  960.95;   25.1;   45.04;   33.6;   17.1;   15.5;eor
       3231;20180808;   10;  11.3;   3.2;    3;   0.0;   6;    8.317;-999;   4.9;  16.0;  961.22;   23.7;   56.17;   30.2;   17.8;   15.8;eor
       3231;20180809;   10;  17.0;   3.4;    3;   0.0;   0;    8.350;-999;   4.7;  15.5;  961.81;   23.7;   55.38;   32.9;   16.7;   14.7;eor
       3231;20180810;   10;  10.7;   3.5;    3;   0.0;   0;    9.867;-999;   4.0;  10.5;  969.25;   18.1;   51.54;   22.3;   13.7;   12.3;eor
       3231;20180811;   10;  11.3;   3.3;    3;   0.0;   0;    8.383;-999;   6.5;   9.1;  969.18;   17.0;   48.50;   22.5;   12.1;    8.0;eor
       3231;20180812;   10;   9.8;   2.1;    3;   0.0;   0;   12.433;-999;   6.1;   8.9;  964.47;   18.3;   45.04;   25.9;    8.8;    5.8;eor
       3231;20180813;   10;  11.5;   3.2;    3;   0.6;   6;    4.500;-999;   6.0;  13.6;  957.99;   17.7;   66.13;   22.7;   12.2;    9.9;eor
       3231;20180814;   10;  10.2;   3.2;    3;   0.0;   6;    2.033;-999;   6.0;  14.4;  961.77;   17.5;   72.92;   21.8;   13.0;   10.6;eor
       3231;20180815;   10;   8.0;   2.0;    3;   0.0;   6;    4.117;-999;   5.5;  13.1;  967.24;   17.4;   67.29;   22.5;   13.2;    9.9;eor
       3231;20180816;   10;   9.3;   2.0;    3;   0.0;   0;   13.300;-999;   1.0;  12.7;  964.87;   20.4;   56.38;   28.6;   10.8;    8.6;eor
       3231;20180817;   10;   9.2;   3.1;    3;   1.5;   6;    8.400;-999;   6.6;  14.5;  963.58;   21.6;   58.42;   29.1;   14.9;   13.0;eor
       3231;20180818;   10;   7.4;   3.0;    3;   0.0;   0;   10.933;-999;   3.5;  14.7;  968.41;   20.1;   64.38;   26.4;   14.6;   12.5;eor
       3231;20180819;   10;   8.3;   2.3;    3;   0.0;   0;   12.833;-999;   1.7;  11.2;  967.96;   21.9;   45.00;   29.7;   12.2;    9.8;eor
       3231;20180820;   10;   7.0;   2.5;    3;   0.0;   0;    3.717;-999;   5.3;  14.9;  966.89;   19.8;   64.38;   24.0;   13.8;   12.2;eor
       3231;20180821;   10;   7.3;   2.0;    3;   0.0;   0;    2.000;-999;   6.0;  15.6;  968.11;   19.9;   68.75;   25.2;   16.2;   12.9;eor
       3231;20180822;   10;  10.6;   1.4;    3;   0.0;   0;   10.633;-999;   3.2;  14.1;  965.43;   22.5;   55.00;   29.7;   13.6;   11.3;eor
       3231;20180823;   10;  12.3;   3.0;    3;   0.2;   6;    9.250;-999;   4.4;  15.8;  960.80;   22.6;   59.25;   29.7;   16.1;   13.9;eor
       3231;20180824;   10;  10.1;   2.7;    3;   1.1;   6;    1.383;-999;   7.6;  14.2;  959.14;   17.3;   72.08;   21.4;   14.0;   13.7;eor
       3231;20180825;   10;  11.6;   3.5;    3;   1.6;   6;    5.733;-999;   5.2;   9.5;  959.55;   13.0;   63.92;   16.6;    8.3;    4.4;eor
       3231;20180826;   10;   6.8;   2.0;    3;   0.0;   0;    7.817;-999;   4.4;   8.1;  963.86;   11.9;   61.46;   18.3;    4.3;    1.4;eor
       3231;20180827;   10;  13.6;   3.9;    3;   0.0;   6;    2.033;-999;   6.2;  11.2;  962.36;   13.6;   70.29;   18.6;    7.6;    6.8;eor
       3231;20180828;   10;   6.0;   1.7;    3;   0.0;   0;   11.317;-999;  -999;  11.5;  966.61;   16.9;   62.46;   22.8;   10.6;    8.0;eor
       3231;20180829;   10;   9.5;   2.3;    3;   1.7;   6;   11.717;-999;   3.6;  12.8;  962.23;   20.1;   57.13;   27.6;   11.2;    7.1;eor
       3231;20180830;   10;  11.0;   3.4;    3;   0.0;   6;    2.533;-999;   5.6;  13.5;  965.35;   15.9;   74.75;   19.4;   11.0;    8.2;eor
       3231;20180831;   10;   7.4;   3.2;    3;   0.0;   0;    1.417;-999;   6.8;  10.2;  968.56;   13.5;   68.08;   18.2;    9.5;    6.7;eor
       3231;20180901;   10;  11.1;   4.2;    3;   0.0;   0;    9.033;-999;   5.0;   9.1;  971.20;   14.1;   58.33;   19.7;    7.3;    5.3;eor
       3231;20180902;   10;   9.7;   3.8;    3;   4.5;   6;    0.000;-999;   7.4;  13.1;  969.93;   13.5;   84.25;   14.8;   12.6;   12.1;eor
       3231;20180903;   10;   6.0;   2.5;    3;   1.2;   6;    0.000;-999;   7.0;  16.2;  964.50;   15.0;   95.00;   17.8;   12.2;   10.9;eor
       3231;20180904;   10;   8.2;   2.2;    3;   0.0;   0;    8.267;-999;   4.4;  14.6;  963.88;   17.9;   73.88;   25.0;   11.2;   10.0;eor
       3231;20180905;   10;   5.4;   1.5;    3;   0.0;   0;    7.967;-999;   3.1;  13.4;  964.60;   18.9;   63.75;   25.3;   12.0;    8.9;eor
       3231;20180906;   10;   9.5;   2.2;    3;   0.6;   6;    7.633;-999;   4.7;  14.2;  960.13;   18.3;   69.54;   25.8;   12.5;   10.4;eor
       3231;20180907;   10;  10.3;   2.2;    3;   0.2;   6;    2.700;-999;   5.7;  14.2;  961.60;   15.6;   81.21;   20.8;   11.1;    7.6;eor
       3231;20180908;   10;   8.3;   2.4;    3;   0.0;   0;    9.667;-999;   5.0;   9.5;  967.78;   13.7;   63.96;   19.6;    6.0;    3.1;eor
       3231;20180909;   10;   7.1;   2.1;    3;   0.0;   0;    4.583;-999;   7.8;  10.6;  969.20;   15.2;   62.79;   22.3;    8.5;    6.7;eor
       3231;20180910;   10;   9.6;   2.8;    3;   0.0;   0;    5.533;-999;   6.9;  11.4;  969.68;   17.2;   61.17;   24.8;    8.5;    7.1;eor
       3231;20180911;   10;   9.3;   2.7;    3;   0.0;   0;   11.483;-999;  -999;  11.9;  970.50;   19.1;   56.21;   25.3;   13.4;   10.0;eor
       3231;20180912;   10;  10.2;   3.4;    3;   0.0;   0;   11.417;-999;   0.5;  11.9;  968.07;   19.3;   57.04;   28.3;   10.4;    9.1;eor
       3231;20180913;   10;   6.9;   2.9;    3;   0.1;   6;    0.100;-999;   7.5;  14.2;  966.56;   14.8;   84.42;   18.7;   12.4;   11.2;eor
       3231;20180914;   10;   7.3;   2.3;    3;   0.0;   6;    1.383;-999;   7.5;  13.1;  967.25;   15.3;   76.33;   20.4;   12.3;   10.3;eor
       3231;20180915;   10;   8.6;   2.4;    3;   0.0;   0;    7.450;-999;   6.0;   9.4;  970.60;   14.1;   59.83;   19.2;    8.6;    4.9;eor
       3231;20180916;   10;   6.5;   1.5;    3;   0.0;   0;   10.633;-999;   6.2;   9.1;  970.55;   14.5;   59.25;   22.0;    6.6;    3.8;eor
       3231;20180917;   10;   5.9;   2.0;    3;   0.0;   0;   10.150;-999;   5.5;   9.9;  967.63;   16.6;   54.92;   25.2;    8.3;    5.6;eor
       3231;20180918;   10;   9.8;   2.9;    3;   0.0;   0;   11.367;-999;   1.1;  11.9;  964.43;   19.4;   54.21;   27.9;   11.0;    7.6;eor
       3231;20180919;   10;  10.8;   3.1;    3;   0.0;   0;    9.800;-999;   4.3;  13.6;  966.90;   20.1;   59.67;   27.1;   12.8;   11.7;eor
       3231;20180920;   10;  11.1;   3.0;    3;   0.0;   0;    9.883;-999;   6.7;  13.0;  965.72;   19.9;   58.46;   27.2;   13.9;   12.1;eor
       3231;20180921;   10;  16.3;   4.1;    3;   1.6;   6;    2.617;-999;   7.0;  12.0;  959.76;   15.5;   68.25;   23.8;    9.9;    7.4;eor
       3231;20180922;   10;   9.3;   3.4;    3;   3.4;   6;    3.483;-999;   6.4;   8.9;  967.08;   11.2;   67.29;   15.3;    8.6;    7.2;eor
       3231;20180923;   10;  18.0;   4.6;    3;  26.8;   8;    0.000;-999;   7.5;  11.6;  959.24;    9.6;   95.50;   16.5;    5.8;    4.8;eor
       3231;20180924;   10;  13.9;   4.5;    3;   1.9;   6;    6.850;-999;   5.0;   7.9;  975.74;    7.9;   75.79;   12.1;    3.9;    1.7;eor
       3231;20180925;   10;   8.3;   2.5;    3;   0.0;   0;    8.967;-999;   3.8;   7.4;  983.59;    6.8;   76.63;   12.1;    2.2;    0.7;eor
       3231;20180926;   10;   7.6;   2.4;    3;   0.0;   0;    8.217;-999;   5.5;   6.4;  980.78;    7.5;   65.42;   14.1;    0.9;   -0.9;eor
       3231;20180927;   10;   6.6;   2.4;    3;   0.0;   0;   10.867;-999;   0.0;   6.9;  974.80;   11.8;   54.67;   20.3;    4.1;    2.2;eor
       3231;20180928;   10;  10.1;   3.7;    3;   0.0;   6;    4.567;-999;   3.7;   8.4;  970.30;    9.4;   71.21;   15.9;    4.8;    2.3;eor
       3231;20180929;   10;   6.2;   2.1;    3;   0.0;   0;   10.717;-999;   1.1;   7.0;  973.56;    8.0;   67.25;   14.4;    2.0;   -0.9;eor
       3231;20180930;   10;   6.8;   2.1;    3;   0.0;   0;   10.683;-999;   0.7;   6.6;  964.46;    9.2;   60.42;   16.8;    2.2;    0.1;eor
       3231;20181001;   10;  13.8;   3.8;    3;   0.7;   6;    2.750;-999;   6.6;   7.7;  962.41;    6.9;   77.58;   11.8;    4.5;    0.9;eor
       3231;20181002;   10;  11.6;   3.6;    3;   2.2;   6;    0.000;-999;   7.0;   8.3;  965.94;    5.7;   90.38;    9.7;    3.0;    1.7;eor
       3231;20181003;   10;  12.0;   3.8;    3;   0.0;   0;    5.700;   0;   6.6;   8.6;  969.65;   10.3;   69.63;   13.6;    4.2;    1.1;eor
       3231;20181004;   10;   5.0;   1.6;    3;   0.0;   0;    4.117;   0;   4.5;   8.5;  973.60;    7.9;   80.67;   15.3;    1.1;    0.4;eor
       3231;20181005;   10;   7.8;   2.5;    3;   0.0;   0;   10.317;-999;   1.1;   9.1;  968.02;   11.3;   71.54;   19.2;    3.8;    1.1;eor
       3231;20181006;   10;   8.4;   2.8;    3;   0.0;   0;    8.117;   0;   6.5;  11.3;  960.06;   13.9;   71.88;   20.8;    6.8;    4.2;eor
       3231;20181007;   10;  10.6;   3.4;    3;   0.0;   0;    3.683;   0;   5.5;  11.7;  963.43;   11.1;   88.50;   15.1;    6.2;    3.4;eor
       3231;20181008;   10;   3.3;   1.0;    3;   0.1;   4;    3.650;   0;   5.8;  11.2;  968.69;   10.0;   91.08;   16.5;    4.3;    2.0;eor
       3231;20181009;   10;   3.9;   1.3;    3;   0.0;   4;    5.367;   0;   6.3;  12.4;  969.81;   12.4;   87.42;   19.6;    6.3;    4.8;eor
       3231;20181010;   10;   7.9;   2.0;    3;   0.0;   4;    9.967;   0;   0.6;  12.2;  966.85;   14.4;   76.58;   21.5;    7.4;    3.5;eor
       3231;20181011;   10;   7.1;   2.7;    3;   0.0;   6;    9.800;   0;   0.9;   9.9;  963.76;   15.8;   57.33;   22.1;   11.2;    6.0;eor
       3231;20181012;   10;   6.8;   2.5;    3;   0.0;   0;    9.817;   0;   1.5;  11.9;  969.96;   16.4;   63.75;   22.8;   10.5;    6.8;eor
       3231;20181013;   10;   5.8;   2.2;    3;   0.0;   0;    9.750;   0;   0.0;  11.2;  969.50;   16.4;   62.75;   23.7;   10.1;    7.0;eor
       3231;20181014;   10;   5.9;   2.2;    3;   0.0;   0;    9.650;   0;   0.0;  10.6;  962.52;   14.7;   64.50;   20.6;    8.6;    5.0;eor
       3231;20181015;   10;   4.7;   1.7;    3;   0.0;   0;    9.600;   0;   0.0;   9.4;  962.65;   14.6;   58.08;   21.4;    9.5;    4.9;eor
       3231;20181016;   10;   7.2;   1.8;    3;   0.0;   0;    4.133;   0;   5.0;  10.9;  966.10;   13.1;   73.00;   19.3;    6.4;    3.3;eor
       3231;20181017;   10;   4.7;   1.3;    3;   0.0;   0;    7.233;   0;   2.1;  12.3;  966.59;   13.8;   79.54;   20.5;    6.6;    4.3;eor
       3231;20181018;   10;   9.8;   3.1;    3;   0.0;   6;    5.917;   0;   3.7;  12.2;  968.42;   12.0;   87.25;   15.9;    8.3;    4.9;eor
       3231;20181019;   10;   4.7;   1.5;    3;   0.0;   0;    0.067;   0;   7.5;  10.9;  970.70;   11.7;   79.92;   14.1;    9.3;    6.5;eor
       3231;20181020;   10;   7.1;   2.6;    3;   0.0;   0;    8.967;   0;   3.3;   8.6;  974.67;    8.9;   76.63;   13.8;    5.0;    0.7;eor
       3231;20181021;   10;   4.1;   1.3;    3;   0.0;   0;    4.150;   0;   5.1;   8.2;  974.90;    7.5;   79.92;   13.5;    3.1;    0.5;eor
       3231;20181022;   10;   8.7;   2.4;    3;   0.0;   6;    1.767;   0;   4.5;   8.4;  975.24;    6.0;   89.96;   11.4;    2.1;   -1.5;eor
       3231;20181023;   10;  13.8;   4.2;    3;   2.0;   6;    0.000;   0;   6.7;   8.4;  969.47;    6.2;   87.58;   10.0;    0.8;   -1.3;eor
       3231;20181024;   10;  14.1;   5.4;    3;   1.6;   6;    0.333;   0;   7.3;  11.5;  965.75;   10.4;   91.29;   12.1;    9.3;    8.8;eor
       3231;20181025;   10;  12.1;   4.4;    3;   0.0;   6;    2.283;   0;   7.2;  10.1;  964.18;   10.5;   79.50;   12.6;    8.5;    7.3;eor
       3231;20181026;   10;   9.1;   3.0;    3;   0.9;   6;    0.283;   0;   7.8;   8.7;  956.06;    8.3;   79.29;   10.3;    7.0;    6.2;eor
       3231;20181027;   10;   9.3;   2.4;    3;   0.0;   6;    0.000;   0;   7.7;   6.9;  954.70;    5.1;   78.58;    7.5;    2.6;    1.7;eor
       3231;20181028;   10;  11.1;   5.3;    3;   1.0;   8;    0.000;   0;   7.1;   6.4;  956.90;    3.0;   84.71;    4.0;    2.1;    2.0;eor
       3231;20181029;   10;   9.0;   3.8;    3;   1.1;   6;    0.233;   0;   7.9;   6.8;  947.73;    3.6;   86.42;    5.9;    2.5;    2.3;eor
       3231;20181030;   10;  18.9;   5.6;    3;   5.3;   8;    0.467;   0;   6.2;   8.0;  943.21;    5.3;   89.88;    9.2;    2.9;    1.4;eor
       3231;20181031;   10;   9.4;   2.6;    3;   0.0;   0;    4.283;   0;   5.2;   7.1;  962.60;    5.9;   76.83;   10.6;    0.4;   -2.3;eor
       3231;20181101;   10;   8.2;   2.1;    3;   0.2;   6;    1.150;   0;   5.8;   7.7;  959.97;    6.9;   78.42;   13.1;    2.2;   -1.0;eor
       3231;20181102;   10;   6.1;   2.4;    3;   0.0;   0;    3.333;   0;   7.3;   8.8;  968.85;    7.3;   86.29;   11.6;    3.7;    1.9;eor
       3231;20181103;   10;   5.7;   2.5;    3;   0.0;   6;    4.900;   0;   6.4;   8.0;  973.24;    6.7;   81.75;   10.7;    3.6;    1.7;eor
       3231;20181104;   10;   5.9;   1.8;    3;   0.0;   6;    0.000;   0;   8.0;  10.2;  964.67;    8.3;   92.83;    9.4;    6.7;    6.4;eor
       3231;20181105;   10;   6.0;   2.5;    3;   0.0;   0;    3.700;   0;   5.2;  10.5;  957.72;   10.3;   84.46;   15.1;    6.1;    5.0;eor
       3231;20181106;   10;   4.8;   2.1;    3;   0.0;   0;    5.967;   0;   5.5;  10.1;  957.13;   10.9;   79.25;   17.1;    6.4;    3.0;eor
       3231;20181107;   10;   5.0;   2.1;    3;   0.0;   6;    2.683;   0;   6.8;   9.8;  959.90;    7.1;   97.13;   11.0;    4.5;    3.0;eor
       3231;20181108;   10;   4.6;   1.7;    3;   1.0;   6;    0.050;   0;   7.8;  10.4;  967.28;    8.4;   94.25;   10.7;    6.8;    6.7;eor
       3231;20181109;   10;   7.4;   2.5;    3;   0.0;   0;    0.000;   0;   7.9;   9.8;  963.38;    7.5;   94.50;    8.6;    5.4;    3.6;eor
       3231;20181110;   10;  10.4;   4.3;    3;   1.6;   6;    0.000;   0;   7.9;   9.1;  958.08;    7.0;   91.08;    8.3;    6.0;    6.0;eor
       3231;20181111;   10;  10.5;   4.5;    3;   1.5;   6;    0.567;   0;   7.5;  10.2;  959.82;    8.3;   92.67;   11.5;    6.0;    6.0;eor
       3231;20181112;   10;   7.4;   3.1;    3;   2.4;   6;    1.517;   0;   6.3;  10.1;  964.83;    9.9;   82.79;   12.8;    6.7;    5.5;eor
       3231;20181113;   10;   8.8;   2.8;    3;   2.1;   6;    0.400;   0;   5.9;   9.8;  971.34;    8.6;   87.21;   10.0;    4.5;    1.7;eor
       3231;20181114;   10;   6.1;   2.4;    3;   0.1;   6;    0.000;   0;   7.1;   7.9;  976.34;    4.0;   96.83;    5.4;    1.2;    0.4;eor
       3231;20181115;   10;   6.7;   2.8;    3;   0.0;   0;    2.217;   0;   6.1;   7.1;  974.25;    3.5;   90.29;    6.2;    0.4;   -1.4;eor
       3231;20181116;   10;   5.1;   1.8;    3;   0.0;   0;    7.517;   0;   0.9;   6.1;  976.14;    3.3;   79.29;    8.2;   -0.3;   -3.6;eor
       3231;20181117;   10;   7.5;   1.8;    3;   0.0;   0;    7.483;   0;   0.7;   4.9;  976.90;    2.9;   66.63;    8.6;   -1.1;   -4.8;eor
       3231;20181118;   10;   9.6;   2.6;    3;   0.0;   8;    6.683;   0;   2.2;   3.5;  972.34;    0.2;   58.54;    6.0;   -4.2;   -7.5;eor
       3231;20181119;   10;  12.1;   5.4;    3;   0.4;   8;    0.150;   0;   7.2;   5.4;  962.67;    0.6;   84.67;    2.0;   -1.2;   -2.8;eor
       3231;20181120;   10;  10.1;   3.9;    3;   2.9;   8;    0.000;   0;   7.0;   5.0;  957.09;   -0.3;   84.04;    0.5;   -1.9;  -10.1;eor
       3231;20181121;   10;   4.8;   1.6;    3;   0.0;   8;    0.000;   2;   6.0;   5.5;  962.49;   -0.3;   91.42;    1.9;   -3.3;  -11.4;eor
       3231;20181122;   10;   4.4;   1.7;    3;   0.0;   6;    0.000;   0;   7.2;   5.9;  966.21;    1.2;   88.17;    2.3;   -0.1;   -0.1;eor
       3231;20181123;   10;   6.1;   2.6;    3;   0.0;   0;    0.000;   0;   7.9;   6.0;  965.55;    0.8;   92.96;    1.5;    0.2;   -0.6;eor
       3231;20181124;   10;   6.8;   2.2;    3;   1.1;   6;    0.000;   0;   7.8;   6.8;  959.35;    1.7;   97.38;    4.2;   -0.7;   -0.6;eor
       3231;20181125;   10;   5.9;   2.1;    3;   0.0;   6;    0.000;   0;   7.7;   7.7;  956.84;    4.0;   93.92;    5.1;    3.0;    1.0;eor
       3231;20181126;   10;   8.2;   3.6;    3;   0.0;   8;    0.000;   0;   7.2;   6.4;  956.68;    2.6;   87.50;    4.1;    0.7;    0.7;eor
       3231;20181127;   10;   7.0;   2.4;    3;   0.0;   0;    0.200;   0;   7.8;   4.9;  965.05;   -0.3;   81.42;    1.4;   -2.1;   -2.6;eor
       3231;20181128;   10;  10.4;   3.3;    3;   0.0;   8;    0.450;   0;   7.8;   4.8;  970.28;   -0.5;   80.58;    2.0;   -1.8;   -2.4;eor
       3231;20181129;   10;  11.6;   4.8;    3;   0.0;   6;    0.400;   0;   7.7;   4.2;  966.77;    0.2;   69.38;    2.3;   -1.7;   -1.8;eor
       3231;20181130;   10;   7.6;   3.2;    3;   1.1;   6;    0.000;   0;   7.5;   4.9;  962.15;   -0.6;   83.79;    0.0;   -1.5;   -1.7;eor
       3231;20181201;   10;   8.4;   2.7;    3;   0.6;   6;    0.000;   0;   7.8;   7.1;  961.95;    2.3;   98.21;    4.9;   -0.2;    0.0;eor
       3231;20181202;   10;   9.0;   4.3;    3;  19.7;   6;    0.000;   0;   7.5;   9.5;  952.18;    6.7;   95.21;   10.2;    4.2;    3.8;eor
       3231;20181203;   10;   8.2;   3.8;    3;   6.2;   6;    0.183;   0;   7.6;  11.1;  950.56;    9.4;   94.29;   11.1;    8.1;    7.7;eor
       3231;20181204;   10;  12.5;   3.5;    3;   0.4;   8;    2.750;   0;   4.8;   6.9;  963.80;    4.3;   82.29;    9.5;   -2.9;   -3.8;eor
       3231;20181205;   10;   7.2;   2.2;    3;   0.0;   6;    1.100;   0;   7.2;   5.3;  971.21;   -0.5;   90.13;    1.7;   -3.6;   -5.0;eor
       3231;20181206;   10;   7.8;   3.5;    3;   0.3;   6;    0.000;   0;   7.8;   7.3;  964.88;    3.2;   93.17;    8.0;    1.1;    0.7;eor
       3231;20181207;   10;  17.6;   5.0;    3;   6.7;   6;    0.000;   0;   7.1;   9.9;  956.27;    8.4;   88.92;    9.7;    4.1;    2.7;eor
       3231;20181208;   10;  14.2;   5.7;    3;  11.8;   6;    0.033;   0;   6.8;   7.2;  952.25;    4.6;   84.46;    6.0;    3.5;    1.8;eor
       3231;20181209;   10;  19.1;   5.1;    3;   3.8;   8;    0.000;   0;   7.3;   7.3;  947.27;    5.2;   82.29;    6.9;    2.3;    1.6;eor
       3231;20181210;   10;  14.9;   5.4;    3;   0.4;   8;    1.850;   0;   6.3;   5.6;  962.38;    2.3;   77.50;    3.6;    0.2;   -0.1;eor
       3231;20181211;   10;  10.6;   4.4;    3;   1.1;   8;    0.317;   0;   7.2;   5.8;  965.47;    1.7;   83.75;    2.6;    0.7;    0.0;eor
       3231;20181212;   10;   8.1;   3.2;    3;   0.0;   8;    0.417;   0;   7.3;   5.6;  968.46;    0.5;   88.92;    1.4;   -1.4;   -2.2;eor
       3231;20181213;   10;  10.2;   3.9;    3;   0.0;   0;    4.667;   0;   4.1;   4.1;  966.01;   -1.9;   76.63;   -0.9;   -3.5;   -5.4;eor
       3231;20181214;   10;   7.8;   3.2;    3;   0.0;   0;    0.000;   0;   8.0;   3.6;  967.44;   -2.2;   70.08;   -1.9;   -2.5;   -2.7;eor
       3231;20181215;   10;  10.2;   3.2;    3;   0.0;   0;    0.000;   0;   8.0;   3.4;  969.90;   -2.7;   68.38;   -2.3;   -3.2;   -3.2;eor
       3231;20181216;   10;  11.7;   3.9;    3;   0.6;   8;    0.000;   0;   7.7;   3.9;  960.32;   -3.7;   84.25;   -2.2;   -4.7;   -5.8;eor
       3231;20181217;   10;   6.7;   2.6;    3;   0.3;   8;    0.000;   2;   7.8;   6.0;  966.75;   -0.1;   98.71;    1.8;   -2.2;   -2.1;eor
       3231;20181218;   10;  11.9;   3.1;    3;   0.0;   6;    0.050;   1;   7.7;   6.5;  970.22;    1.4;   95.63;    2.9;    0.1;   -0.6;eor
       3231;20181219;   10;   7.8;   3.6;    3;   0.5;   8;    0.000;   0;   7.9;   5.8;  962.97;   -0.1;   95.54;    0.8;   -0.8;   -1.1;eor
       3231;20181220;   10;   8.4;   3.6;    3;   1.6;   6;    0.000;   0;   7.8;   7.2;  961.65;    2.5;   97.54;    4.2;    0.6;    0.5;eor
       3231;20181221;   10;  16.7;   5.8;    3;   8.6;   6;    0.000;   0;   7.5;   8.6;  955.55;    6.4;   89.25;   10.6;    3.8;    3.6;eor
       3231;20181222;   10;  17.7;   5.4;    3;   4.2;   6;    1.400;   0;   7.1;   7.9;  958.95;    7.6;   75.13;    9.9;    5.0;    3.1;eor
       3231;20181223;   10;   8.2;   2.9;    3;  16.3;   8;    0.000;   0;   7.5;   7.9;  964.16;    5.4;   88.00;    6.4;    3.7;    2.9;eor
       3231;20181224;   10;  11.9;   4.4;    3;   2.1;   8;    0.017;   0;   7.2;   6.3;  970.58;    1.5;   91.17;    3.7;   -2.0;   -3.8;eor
       3231;20181225;   10;   7.1;   2.1;    3;   0.0;   8;    0.000;   0;   7.8;   5.4;  978.58;    0.9;   82.29;    2.5;   -0.9;   -1.4;eor
       3231;20181226;   10;   7.5;   1.8;    3;   0.0;   6;    0.000;   0;   6.9;   5.3;  976.85;   -0.5;   90.08;    1.1;   -2.0;   -4.5;eor
       3231;20181227;   10;   4.6;   1.9;    3;   0.0;   0;    0.000;   0;   7.8;   5.8;  973.21;   -0.3;   97.17;    0.5;   -0.9;   -1.0;eor
       3231;20181228;   10;   3.6;   1.3;    3;   0.0;   8;    0.667;   0;   7.5;   5.4;  973.46;   -1.5;   98.08;    0.2;   -2.8;   -2.5;eor
       3231;20181229;   10;  10.1;   2.7;    3;   3.1;   8;    0.000;   0;   7.9;   5.7;  974.93;   -0.5;   96.83;    3.4;   -2.2;   -1.8;eor
       3231;20181230;   10;  16.0;   5.5;    3;   0.6;   6;    0.017;   0;   7.4;   7.0;  974.13;    4.6;   81.88;    5.4;    3.3;    2.6;eor
       3231;20181231;   10;   5.5;   1.7;    3;   0.7;   6;    0.000;   0;   7.7;   8.3;  977.16;    5.3;   93.00;    6.3;    3.9;    3.8;eor
       3231;20190101;   10;  15.8;   4.7;    3;   1.5;   8;    0.000;   0;   7.2;   7.1;  970.90;    4.7;   82.46;    6.3;    0.2;   -0.4;eor
       3231;20190102;   10;  17.6;   6.7;    3;   0.5;   8;    3.267;   0;   5.2;   4.2;  973.93;    0.4;   66.96;    1.7;   -2.3;   -3.9;eor
       3231;20190103;   10;   8.8;   3.1;    3;   0.0;   8;    2.317;   0;   3.7;   4.1;  979.90;   -2.4;   79.71;   -0.8;   -5.7;   -9.3;eor
       3231;20190104;   10;  10.0;   4.0;    3;   1.8;   8;    0.083;   1;   7.5;   5.1;  977.40;    0.0;   83.67;    1.8;   -1.7;   -2.7;eor
       3231;20190105;   10;  14.3;   5.5;    3;   5.8;   8;    0.000;   1;   7.5;   7.4;  970.02;    3.8;   92.08;    5.3;    1.6;    0.6;eor
       3231;20190106;   10;   9.6;   3.9;    3;   2.2;   8;    0.000;   0;   7.5;   7.9;  973.50;    4.4;   94.63;    4.8;    3.3;    3.3;eor
       3231;20190107;   10;   9.8;   3.4;    3;   2.2;   8;    0.000;   0;   7.4;   6.6;  974.19;    2.9;   88.38;    3.7;    1.5;    1.2;eor
       3231;20190108;   10;  16.7;   6.1;    3;   3.1;   8;    0.000;   0;   6.8;   6.4;  956.80;    2.8;   85.25;    4.3;    0.5;    0.0;eor
       3231;20190109;   10;  18.1;   7.0;    3;   0.9;   8;    0.000;   1;   7.3;   5.1;  957.16;   -0.7;   87.92;    1.2;   -1.4;   -1.6;eor
       3231;20190110;   10;  11.3;   4.4;    3;   0.5;   8;    0.100;   3;   7.5;   4.5;  967.73;   -2.1;   85.42;   -1.2;   -3.4;   -2.7;eor
       3231;20190111;   10;   9.0;   2.2;    3;   4.4;   8;    0.000;   3;   7.3;   5.0;  967.16;   -1.7;   92.29;    2.6;   -3.3;   -2.5;eor
       3231;20190112;   10;  10.6;   3.8;    3;   4.5;   8;    0.000;   3;   7.2;   6.4;  962.17;    2.5;   87.88;    3.4;    1.7;   -0.1;eor
       3231;20190113;   10;  17.1;   4.9;    3;   8.7;   8;    0.000;   0;   6.8;   7.4;  950.23;    4.6;   86.71;    7.2;    2.8;    1.6;eor
       3231;20190114;   10;  16.9;   6.2;    3;   0.5;   8;    0.750;   0;   7.3;   5.2;  954.46;    1.7;   74.33;    4.4;   -0.4;   -1.0;eor
       3231;20190115;   10;  12.2;   4.0;    3;   0.1;   6;    0.017;   0;   7.3;   5.4;  963.07;    1.9;   76.67;    3.6;    0.2;   -0.6;eor
       3231;20190116;   10;  10.5;   3.9;    3;   0.0;   6;    0.000;   0;   7.3;   6.0;  957.36;    2.1;   83.79;    3.4;    0.5;   -0.4;eor
       3231;20190117;   10;  13.0;   4.4;    3;   3.3;   8;    0.500;   0;   6.7;   6.0;  950.67;    2.5;   82.25;    5.0;   -1.1;   -2.5;eor
       3231;20190118;   10;   9.6;   2.6;    3;   0.0;   7;    7.083;   2;   4.0;   3.8;  963.18;   -2.5;   74.54;   -0.2;   -7.6;  -12.4;eor
       3231;20190119;   10;   3.9;   1.1;    3;   0.0;   0;    6.800;   2;   5.2;   2.8;  963.13;   -5.0;   69.13;    0.3;   -9.1;  -14.0;eor
       3231;20190120;   10;   3.2;   0.9;    3;   0.0;   0;    7.200;   2;   0.5;   2.9;  962.40;   -5.8;   74.38;   -0.1;  -10.2;  -15.2;eor
       3231;20190121;   10;   5.0;   1.3;    3;   0.0;   0;    2.283;   2;   4.6;   3.2;  966.15;   -5.4;   78.71;   -2.2;   -9.8;  -14.4;eor
       3231;20190122;   10;   8.4;   3.4;    3;   0.0;   7;    0.000;   2;   5.8;   2.9;  956.64;   -8.4;   87.21;   -6.4;  -11.9;  -13.8;eor
       3231;20190123;   10;   8.0;   2.6;    3;   0.0;   7;    0.000;   2;   7.7;   3.2;  946.83;   -6.4;   85.54;   -5.2;   -9.1;  -11.1;eor
       3231;20190124;   10;   5.9;   1.8;    3;   0.0;   7;    0.000;   3;  -999;   3.2;  954.54;   -6.5;   85.33;   -4.3;   -8.4;   -8.6;eor
       3231;20190125;   10;   8.4;   2.1;    3;   5.1;   8;    0.000;   5;   7.5;   3.4;  959.67;   -5.3;   83.33;   -2.9;   -6.5;   -7.8;eor
       3231;20190126;   10;  12.8;   3.6;    3;   2.1;   8;    0.000;   7;   7.6;   6.1;  952.85;    0.6;   94.63;    3.6;   -2.9;   -3.0;eor
       3231;20190127;   10;  11.9;   5.0;    3;   5.0;   8;    0.000;   2;   7.7;   6.8;  938.38;    2.2;   95.50;    3.6;    1.0;    0.4;eor
       3231;20190128;   10;  12.1;   4.7;    3;   2.6;   8;    0.000;   1;   7.0;   5.6;  940.59;    0.2;   90.33;    1.3;   -0.7;   -2.6;eor
       3231;20190129;   10;  11.8;   2.9;    3;   0.9;   8;    0.000;   4;   7.3;   4.9;  950.76;   -1.1;   86.71;    0.4;   -4.2;   -6.4;eor
       3231;20190130;   10;   9.8;   3.8;    3;   0.0;   8;    0.000;   5;   7.5;   4.3;  942.57;   -2.4;   82.83;    0.3;   -4.8;   -7.8;eor
       3231;20190131;   10;   8.3;   3.4;    3;   0.2;   8;    6.117;   4;   5.2;   4.1;  944.45;   -1.8;   77.33;    1.2;   -5.0;  -11.7;eor
       3231;20190201;   10;   9.7;   2.7;    3;   1.9;   8;    0.000;   4;   7.1;   5.1;  939.40;   -0.6;   87.38;    1.2;   -3.6;   -5.4;eor
       3231;20190202;   10;   5.7;   1.4;    3;   0.0;   8;    0.000;   3;   7.9;   6.2;  943.63;    0.5;   97.58;    1.0;   -0.2;    0.0;eor
       3231;20190203;   10;  15.0;   5.9;    3;   0.0;   8;    0.000;   2;   7.4;   4.9;  960.50;   -0.6;   82.96;    0.2;   -1.3;   -2.1;eor
       3231;20190204;   10;   8.7;   3.0;    3;   0.0;   0;    7.083;   2;   5.0;   4.3;  973.30;   -1.1;   77.46;    2.0;   -4.9;   -8.8;eor
       3231;20190205;   10;   8.0;   3.1;    3;   0.0;   8;    0.000;   3;   7.3;   4.6;  973.49;   -2.0;   87.67;   -1.0;   -3.2;   -5.0;eor
       3231;20190206;   10;   6.4;   2.9;    3;   0.0;   0;    2.550;   3;   7.5;   4.5;  971.70;   -2.7;   90.13;   -1.2;   -5.1;   -8.6;eor
       3231;20190207;   10;   9.0;   3.5;    3;   0.1;   8;    0.000;   3;   7.9;   4.3;  961.92;   -3.9;   93.38;   -0.2;   -5.4;   -6.7;eor
       3231;20190208;   10;  10.9;   4.5;    3;   0.4;   8;    0.000;   3;   7.6;   6.3;  961.42;    2.4;   87.17;    5.0;   -0.2;   -0.9;eor
       3231;20190209;   10;  15.9;   5.4;    3;   0.2;   6;    2.467;   2;   6.8;   6.4;  955.64;    4.7;   75.33;    7.6;    1.3;    0.5;eor
       3231;20190210;   10;  15.3;   5.0;    3;  18.5;   8;    0.000;   0;   7.1;   7.3;  947.35;    4.3;   87.71;    6.7;    2.1;    0.6;eor
       3231;20190211;   10;  13.0;   5.1;    3;   0.0;   8;    0.467;   0;   5.9;   5.6;  960.04;    1.8;   80.79;    3.1;    0.4;   -0.8;eor
       3231;20190212;   10;  11.7;   4.0;    3;   0.1;   8;    0.000;   0;   7.5;   5.2;  976.68;    1.4;   75.96;    2.4;    0.5;   -0.8;eor
       3231;20190213;   10;   5.0;   2.2;    3;   0.0;   0;    1.967;   0;   7.4;   5.6;  981.34;    2.1;   78.83;    6.3;   -1.2;   -3.1;eor
       3231;20190214;   10;   3.5;   1.8;    3;   0.0;   0;    4.350;   0;   4.6;   5.5;  982.04;    1.3;   83.04;    7.6;   -2.3;   -4.1;eor
       3231;20190215;   10;   4.1;   2.3;    3;   0.0;   0;    8.883;   0;   0.0;   5.5;  979.78;    3.3;   74.38;   11.1;   -2.4;   -4.8;eor
       3231;20190216;   10;   5.8;   2.9;    3;   0.0;   0;    8.933;   0;   0.4;   5.5;  974.64;    4.1;   68.08;   10.9;   -0.6;   -3.9;eor
       3231;20190217;   10;   4.8;   2.4;    3;   0.0;   0;    8.617;   0;   7.2;   5.9;  971.33;    3.8;   74.67;   10.6;   -2.1;   -3.7;eor
       3231;20190218;   10;   6.5;   2.6;    3;   0.0;   0;    9.083;   0;   0.6;   5.9;  966.94;    4.3;   71.79;   10.6;   -1.2;   -4.0;eor
       3231;20190219;   10;   7.6;   2.7;    3;   0.0;   6;    0.967;   0;   5.5;   5.8;  965.40;    1.9;   83.00;    6.9;   -2.0;   -4.3;eor
       3231;20190220;   10;   6.4;   2.7;    3;   0.0;   0;    1.283;   0;   7.5;   6.1;  969.72;    3.2;   79.79;    7.9;   -1.7;   -2.1;eor
       3231;20190221;   10;   8.4;   2.4;    3;   0.0;   6;    0.650;   0;   7.4;   7.0;  972.94;    4.3;   84.33;    8.7;   -0.9;   -2.5;eor
       3231;20190222;   10;   8.4;   4.3;    3;   0.1;   6;    0.033;   0;   7.4;   7.8;  980.10;    5.5;   85.08;    7.6;   -0.3;   -3.3;eor
       3231;20190223;   10;   6.2;   2.1;    3;   0.0;   0;    6.717;   0;   6.4;   3.9;  985.41;    0.4;   64.00;    5.3;   -3.6;   -5.7;eor
       3231;20190224;   10;   4.7;   1.7;    3;   0.0;   0;    9.467;   0;   1.8;   3.1;  984.15;    2.8;   45.33;   11.7;   -3.9;   -6.1;eor
       3231;20190225;   10;   4.0;   1.3;    3;   0.0;   0;    9.400;   0;   3.5;   4.6;  983.50;    6.5;   49.29;   16.0;   -1.7;   -5.0;eor
       3231;20190226;   10;   7.2;   2.1;    3;   0.0;   0;    8.800;   0;   4.5;   4.2;  979.84;    7.8;   45.38;   16.0;   -0.5;   -4.0;eor
       3231;20190227;   10;   5.2;   2.2;    3;   0.0;   0;    9.683;   0;   0.5;   4.1;  973.22;    7.5;   41.42;   16.7;   -0.1;   -4.0;eor
       3231;20190228;   10;  13.0;   3.5;    3;   1.2;   6;    8.100;   0;   3.3;   6.2;  962.36;    7.0;   61.46;   14.2;   -1.5;   -4.0;eor
       3231;20190301;   10;  11.5;   2.8;    3;   1.6;   6;    0.267;   0;   7.3;   8.4;  959.90;    6.4;   87.13;    8.9;    3.4;    3.0;eor
       3231;20190302;   10;   8.1;   2.7;    3;   0.4;   6;    0.000;   0;   7.5;   7.3;  962.24;    3.9;   89.83;    6.0;    2.0;    1.7;eor
       3231;20190303;   10;  11.5;   4.7;    3;   0.2;   6;    0.000;   0;   7.3;   8.2;  957.21;    7.6;   78.58;    8.7;    6.0;    5.6;eor
       3231;20190304;   10;  22.5;   6.2;    3;   3.6;   8;    1.850;   0;   7.0;   7.1;  946.02;    6.8;   71.71;   11.6;    3.0;    2.1;eor
       3231;20190305;   10;  15.1;   4.1;    3;   3.1;   8;    0.883;   0;   5.9;   6.3;  953.88;    3.2;   82.13;    5.1;    1.2;   -1.6;eor
       3231;20190306;   10;  11.9;   4.5;    3;   0.3;   6;    0.550;   0;   7.7;   7.3;  954.08;    5.9;   80.33;   11.4;    0.0;   -0.4;eor
       3231;20190307;   10;  16.2;   5.1;    3;   1.4;   6;    1.000;   0;   6.8;   7.4;  947.25;    7.6;   71.46;   10.6;    4.3;    3.1;eor
       3231;20190308;   10;  14.7;   4.6;    3;   3.3;   6;    1.250;   0;   6.5;   6.5;  957.92;    5.2;   73.75;    7.2;    3.6;    2.5;eor
       3231;20190309;   10;  19.3;   6.3;    3;   6.5;   8;    0.783;   0;   6.6;   7.3;  958.40;    5.8;   78.71;    9.4;    3.5;    2.4;eor
       3231;20190310;   10;  27.0;   6.6;    3;   7.3;   8;    2.917;   0;   5.7;   7.0;  953.83;    6.4;   72.63;   12.1;    0.1;   -0.2;eor
       3231;20190311;   10;  15.0;   5.7;    3;   3.1;   8;    1.017;   2;   5.3;   5.3;  961.53;    1.4;   79.25;    2.8;   -0.5;   -1.2;eor
       3231;20190312;   10;  13.4;   5.2;    3;   0.8;   6;    4.233;   0;   7.1;   5.0;  963.13;    3.8;   65.08;    6.4;    0.7;   -0.1;eor
       3231;20190313;   10;  17.3;   5.8;    3;   3.1;   8;    0.250;   0;   6.5;   5.8;  953.26;    3.7;   73.50;    6.0;    1.8;    0.7;eor
       3231;20190314;   10;  13.5;   5.6;    3;   4.8;   8;    0.000;   0;   6.6;   6.7;  950.35;    3.4;   85.13;    5.7;    1.7;    1.6;eor
       3231;20190315;   10;  18.9;   5.1;    3;  12.2;   6;    0.017;   0;   7.2;   8.1;  951.82;    6.5;   83.25;   10.5;    4.1;    2.5;eor
       3231;20190316;   10;  13.0;   4.5;    3;   1.9;   8;    0.283;   0;   5.8;   8.0;  955.55;    6.8;   80.42;   10.3;    4.5;    3.7;eor
       3231;20190317;   10;  14.4;   4.1;    3;   2.1;   8;    1.567;   0;   5.5;   7.0;  951.82;    4.9;   80.67;    9.6;    1.4;   -0.1;eor
       3231;20190318;   10;  11.7;   3.6;    3;   0.4;   8;    4.550;   0;   4.7;   5.5;  962.64;    2.9;   73.21;    6.7;    0.4;   -2.1;eor
       3231;20190319;   10;   8.2;   2.0;    3;   0.0;   0;    4.933;   0;   3.2;   4.7;  973.10;    2.0;   67.21;    6.5;   -2.8;   -5.0;eor
       3231;20190320;   10;   6.6;   1.8;    3;   0.0;   0;   10.967;   0;   2.5;   4.9;  979.31;    3.9;   64.00;   11.0;   -3.2;   -5.5;eor
       3231;20190321;   10;   4.4;   1.4;    3;   0.0;   0;   11.217;   0;   2.7;   6.1;  979.78;    7.4;   62.04;   15.3;   -0.8;   -3.4;eor
       3231;20190322;   10;   7.0;   1.9;    3;   0.0;   0;    9.100;   0;   4.0;   7.8;  976.52;   10.7;   64.00;   18.3;    3.2;   -0.7;eor
       3231;20190323;   10;  11.3;   3.0;    3;   0.0;   0;   10.900;   0;   4.2;   7.8;  973.55;    9.5;   68.58;   16.7;    3.9;    0.1;eor
       3231;20190324;   10;   8.8;   2.5;    3;   0.0;   8;    0.167;   0;   5.2;   7.7;  970.46;    6.1;   81.33;    9.6;    2.9;    0.9;eor
       3231;20190325;   10;  15.5;   4.4;    3;   1.7;   8;    4.033;   0;   5.2;   5.6;  965.68;    2.8;   74.58;    7.0;    1.3;   -1.4;eor
       3231;20190326;   10;  10.3;   4.0;    3;   0.7;   6;    0.683;   0;   7.4;   6.0;  973.69;    3.7;   76.67;    6.0;    2.0;    1.3;eor
       3231;20190327;   10;   7.6;   2.8;    3;   0.0;   6;    2.217;   0;   7.0;   6.4;  977.23;    5.2;   73.92;    9.4;    1.1;   -0.3;eor
       3231;20190328;   10;   9.2;   2.8;    3;   0.0;   6;    1.217;   0;   7.3;   7.9;  979.49;    7.7;   75.04;   10.8;    4.7;    4.0;eor
       3231;20190329;   10;   8.3;   1.9;    3;   0.0;   0;    7.650;   0;   4.3;   7.6;  976.91;    9.7;   65.63;   15.1;    3.6;    0.8;eor
       3231;20190330;   10;   7.9;   2.4;    3;   0.0;   0;   11.617;   0;   3.6;   6.9;  969.90;    9.5;   62.17;   17.1;    1.0;   -1.3;eor
       3231;20190331;   10;   9.9;   3.1;    3;   0.0;   0;    8.667;   0;   1.5;   7.4;  968.34;    8.1;   69.38;   14.0;    3.7;   -0.9;eor
       3231;20190401;   10;   7.6;   2.8;    3;   0.0;   0;   11.450;   0;   2.0;   6.2;  967.46;    7.1;   61.63;   13.4;    1.2;   -3.0;eor
       3231;20190402;   10;  10.4;   3.5;    3;   0.0;   6;    7.800;   0;   4.6;   6.5;  957.46;    9.7;   54.63;   16.0;    1.3;   -2.7;eor
       3231;20190403;   10;  13.7;   2.7;    3;   5.9;   8;    2.483;   0;   6.8;   8.6;  949.95;    9.1;   75.50;   14.1;    3.2;    2.2;eor
       3231;20190404;   10;   8.9;   3.7;    3;   0.2;   6;    1.117;   0;   7.7;   8.2;  946.17;    5.9;   88.54;    9.8;    3.4;    2.6;eor
       3231;20190405;   10;   6.7;   2.3;    3;   0.0;   6;    0.083;   0;   7.0;   8.6;  951.69;    5.9;   92.58;    8.9;    3.8;    4.1;eor
       3231;20190406;   10;  10.1;   2.7;    3;   0.0;   6;    9.167;   0;   1.4;   9.0;  952.37;   11.2;   70.71;   18.1;    5.0;    0.6;eor
       3231;20190407;   10;  11.4;   3.3;    3;   0.0;   0;    7.933;   0;   5.1;   8.4;  953.24;   11.6;   62.71;   16.3;    5.5;    0.1;eor
       3231;20190408;   10;   7.2;   2.1;    3;   0.1;   6;    4.617;   0;   6.7;   9.0;  956.27;   12.5;   62.83;   17.2;    8.4;    5.6;eor
       3231;20190409;   10;   8.4;   3.3;    3;   0.0;   0;    6.600;   0;   6.9;   8.3;  957.79;    9.6;   69.50;   14.3;    5.1;    2.0;eor
       3231;20190410;   10;  11.6;   4.4;    3;   0.0;   0;   11.567;   0;   4.4;   5.5;  960.34;    5.6;   60.92;   10.5;    1.0;   -2.5;eor
       3231;20190411;   10;  12.3;   4.8;    3;   0.0;   0;   12.333;   0;   0.1;   3.9;  966.66;    2.2;   55.46;    6.9;   -1.1;   -6.3;eor
       3231;20190412;   10;   9.6;   3.7;    3;   0.0;   0;    1.183;   0;   7.0;   4.1;  968.49;    0.6;   65.21;    3.6;   -1.5;   -5.7;eor
       3231;20190413;   10;   8.6;   3.2;    3;   0.0;   7;    3.950;   0;   6.5;   4.4;  967.00;    0.9;   68.92;    4.7;   -2.1;   -4.9;eor
       3231;20190414;   10;  11.7;   4.0;    3;   0.0;   8;    2.033;   0;   5.7;   5.5;  968.42;    1.3;   80.75;    4.0;   -1.6;   -5.4;eor
       3231;20190415;   10;  12.5;   3.6;    3;   0.0;   0;   12.467;   0;   2.0;   5.9;  969.85;    7.5;   60.21;   13.5;    2.7;   -1.8;eor
       3231;20190416;   10;   9.4;   2.3;    3;   0.0;   0;   12.083;   0;   1.9;   4.9;  965.89;   10.0;   41.79;   16.6;    1.2;   -4.4;eor
       3231;20190417;   10;   8.8;   2.7;    3;   0.0;   0;    7.367;   0;   5.8;   5.5;  969.82;   11.9;   40.58;   18.4;    4.3;    0.1;eor
       3231;20190418;   10;  15.6;   3.7;    3;   0.0;   0;   12.950;   0;   1.7;   6.2;  972.90;   13.7;   41.88;   19.4;    7.4;   -0.2;eor
       3231;20190419;   10;  11.6;   3.2;    3;   0.0;   0;   13.000;   0;   0.0;   6.6;  975.63;   15.3;   39.21;   21.9;    9.0;   -0.3;eor
       3231;20190420;   10;   8.6;   2.5;    3;   0.0;   0;   13.067;   0;   0.0;   6.5;  974.85;   15.2;   39.29;   22.0;    7.3;    0.6;eor
       3231;20190421;   10;   7.5;   2.1;    3;   0.0;   0;   13.133;   0;   0.1;   6.2;  967.76;   15.5;   37.17;   21.9;    6.1;    1.2;eor
       3231;20190422;   10;  13.4;   4.1;    3;   0.0;   0;   13.017;   0;   3.4;   6.5;  958.93;   14.2;   41.63;   20.7;    7.6;    0.4;eor
       3231;20190423;   10;  12.0;   4.5;    3;   0.0;   0;    9.350;   0;   3.2;   8.2;  950.04;   14.0;   51.83;   19.7;    7.7;    2.7;eor
       3231;20190424;   10;  17.1;   4.1;    3;   2.3;   6;   10.867;   0;   6.0;   9.2;  951.74;   15.7;   55.42;   24.1;    6.8;    4.2;eor
       3231;20190425;   10;  11.8;   3.4;    3;   0.0;   0;   10.883;   0;   3.5;   7.9;  957.05;   14.6;   54.13;   23.9;    4.4;    2.1;eor
       3231;20190426;   10;   9.3;   3.0;    3;  10.8;   6;    0.817;   0;   6.5;   9.2;  959.67;    9.0;   80.96;   11.6;    6.7;    3.8;eor
       3231;20190427;   10;  12.7;   3.4;    3;  10.8;   6;    1.383;   0;   7.4;   9.2;  961.36;    7.3;   90.08;   13.0;    4.4;    3.5;eor
       3231;20190428;   10;   5.0;   1.7;    3;   0.6;   6;    2.817;   0;   5.8;   7.4;  965.27;    6.5;   77.00;   10.9;    2.6;    0.6;eor
       3231;20190429;   10;  12.6;   4.8;    3;   3.4;   6;    0.183;   0;   7.3;   8.4;  966.87;    6.2;   87.63;    9.0;    1.4;   -1.0;eor
       3231;20190430;   10;  11.2;   4.9;    3;   0.0;   0;   12.067;   0;   2.0;   7.5;  965.45;    9.8;   64.71;   15.0;    4.6;    3.2;eor
       3231;20190501;    3;   7.4;   2.1;    3;   0.0;   6;    2.833;-999;   4.0;   9.1;  962.21;   11.2;   70.58;   16.9;    5.1;    1.6;eor
       3231;20190502;    3;   8.3;   2.7;    3;   0.0;   6;    8.650;-999;   4.6;   8.4;  956.14;   11.0;   66.46;   15.8;    5.1;    0.9;eor
       3231;20190503;    3;  11.0;   3.5;    3;   4.7;   8;    2.333;-999;   7.4;   6.7;  956.70;    7.2;   66.29;    9.6;    4.4;    3.9;eor
       3231;20190504;    3;  10.5;   3.6;    3;   2.7;   8;    2.117;-999;   5.6;   6.0;  954.84;    2.6;   82.75;    6.4;   -0.2;   -0.9;eor
       3231;20190505;    3;   9.2;   3.8;    3;   0.0;   6;    7.550;-999;   4.6;   5.1;  963.26;    3.9;   64.83;    7.7;    0.4;   -0.7;eor
       3231;20190506;    3;   8.0;   2.8;    3;   0.0;   6;    3.367;-999;   6.1;   5.5;  965.64;    5.0;   64.25;    8.1;    1.7;    0.0;eor
       3231;20190507;    3;   5.4;   1.6;    3;   0.0;   6;    1.700;-999;   7.3;   6.1;  963.97;    6.5;   64.13;    9.8;    1.9;    0.4;eor
       3231;20190508;    3;  13.3;   3.8;    3;   2.9;   6;    0.400;-999;   7.2;   8.8;  952.69;    7.5;   82.38;   10.1;    2.1;   -0.5;eor
       3231;20190509;    3;   9.9;   3.4;    3;   1.8;   6;    1.217;-999;   7.1;   9.8;  948.67;    9.0;   85.71;   12.9;    6.9;    5.9;eor
       3231;20190510;    3;   9.8;   2.9;    3;   6.5;   6;    5.483;-999;   6.0;   8.7;  956.62;   10.4;   70.42;   15.4;    7.2;    5.3;eor
       3231;20190511;    3;  13.4;   3.8;    3;  14.3;   6;    0.000;-999;   6.9;   9.5;  958.99;    7.2;   93.46;    8.6;    4.6;    4.1;eor
       3231;20190512;    3;  12.3;   5.8;    3;   0.0;   0;    8.783;-999;   3.7;   6.6;  975.16;    7.0;   68.54;   11.8;    3.5;    2.7;eor
       3231;20190513;    3;  12.1;   4.7;    3;   0.0;   0;   13.450;-999;   0.5;   5.3;  980.99;    7.6;   53.42;   12.6;    2.0;    0.4;eor
       3231;20190514;    3;  14.8;   5.2;    3;   0.0;   6;    9.050;-999;   2.8;   5.7;  976.54;    6.8;   58.42;   10.8;    2.2;   -0.6;eor
       3231;20190515;    3;  13.1;   4.7;    3;   0.3;   6;    6.567;-999;   4.8;   5.2;  970.77;    5.8;   57.04;    9.1;    0.6;   -1.8;eor
       3231;20190516;    3;   9.0;   3.1;    3;   0.8;   6;    0.417;-999;   7.5;   7.6;  962.33;    6.0;   80.88;    7.6;    4.3;    3.9;eor
       3231;20190517;    3;   8.3;   2.6;    3;   0.0;   0;    4.983;-999;   5.2;   9.3;  955.95;   10.6;   74.88;   16.5;    5.7;    3.5;eor
       3231;20190518;    3;   9.5;   2.1;    3;   0.0;   0;   12.800;-999;   4.8;  10.0;  953.62;   14.2;   63.71;   20.9;    4.9;    1.3;eor
       3231;20190519;    3;  11.3;   2.7;    3;   1.6;   6;    9.933;-999;   6.0;  11.4;  952.00;   15.5;   65.79;   20.9;    9.9;    7.6;eor
       3231;20190520;    3;  16.8;   4.5;    3;  34.4;   6;    0.350;-999;   7.7;  13.3;  950.66;   13.4;   86.67;   20.3;   10.0;    8.7;eor
       3231;20190521;    3;  11.7;   5.4;    3;   2.4;   6;    2.000;-999;   7.2;  13.4;  954.39;   12.9;   89.50;   17.0;   11.7;   11.4;eor
       3231;20190522;    3;  10.1;   4.3;    3;   0.0;   6;    2.667;-999;   5.7;  10.5;  964.08;   11.0;   79.83;   13.5;    5.3;    2.8;eor
       3231;20190523;    3;   6.5;   1.6;    3;   0.0;   0;    7.467;-999;   6.8;   9.5;  965.83;   12.1;   69.67;   18.3;    3.8;    2.4;eor
       3231;20190524;    3;   6.7;   1.7;    3;   0.0;   0;    8.800;-999;   6.3;  10.0;  962.48;   14.9;   62.21;   20.4;    7.7;    5.0;eor
       3231;20190525;    3;  10.5;   3.1;    3;   0.0;   0;   11.933;-999;   4.8;  10.6;  962.51;   14.4;   65.96;   19.1;    9.1;    6.6;eor
       3231;20190526;    3;   8.7;   2.7;    3;   0.0;   0;   10.800;-999;   4.5;  10.0;  961.87;   14.8;   61.96;   20.0;    7.4;    4.7;eor
       3231;20190527;    3;   8.0;   2.7;    3;   0.4;   6;    3.000;-999;   6.7;  12.3;  956.86;   14.1;   76.46;   17.5;   11.3;    9.2;eor
       3231;20190528;    3;   8.3;   2.3;    3;   4.2;   6;    0.000;-999;   6.9;  11.3;  955.70;   10.8;   87.88;   14.9;    7.3;    5.8;eor
       3231;20190529;    3;   7.7;   3.1;    3;   0.0;   0;    6.083;-999;   4.3;   8.8;  967.33;   10.2;   73.08;   14.7;    6.0;    3.6;eor
       3231;20190530;    3;  10.2;   2.9;    3;   0.0;   6;    8.050;-999;   4.5;   9.5;  971.82;   12.5;   66.33;   18.4;    3.3;    1.7;eor
       3231;20190531;    3;   5.4;   1.7;    3;   0.0;   0;    3.567;-999;   7.5;  13.2;  971.91;   16.8;   69.58;   21.2;   12.1;   11.1;eor
       3231;20190601;    3;   7.8;   2.4;    3;   0.0;   0;   11.500;-999;   6.0;  13.8;  969.75;   18.7;   66.96;   24.7;   10.5;    9.0;eor
       3231;20190602;    3;   8.3;   2.8;    3;   0.0;   0;   14.650;-999;   2.5;  14.1;  965.47;   21.0;   59.21;   27.2;   12.4;   10.6;eor
       3231;20190603;    3;  19.2;   3.0;    3;   0.1;   6;   10.350;-999;   3.3;  14.0;  962.69;   19.9;   63.04;   28.7;   13.9;   11.4;eor
       3231;20190604;    3;   8.3;   2.6;    3;   0.0;   0;   14.100;-999;   2.0;  14.3;  960.15;   20.5;   62.79;   27.5;   12.3;    8.8;eor
       3231;20190605;    3;   7.3;   2.7;    3;   0.0;   0;   12.800;-999;   3.2;  13.6;  955.80;   23.4;   49.38;   29.8;   14.5;   12.9;eor
       3231;20190606;    3;   9.3;   3.6;    3;   2.5;   6;    2.033;-999;   5.6;  12.6;  959.25;   14.9;   75.04;   21.5;    8.0;    5.6;eor
       3231;20190607;    3;  19.1;   2.9;    3;   4.0;   6;    7.533;-999;   5.1;  12.6;  961.14;   14.7;   77.54;   24.3;    6.8;    5.5;eor
       3231;20190608;    3;  16.1;   4.3;    3;   0.0;   0;    7.783;-999;   4.4;   9.3;  968.70;   13.5;   62.21;   18.0;    9.0;    6.3;eor
       3231;20190609;    3;   6.2;   1.7;    3;   0.0;   6;    9.667;-999;   5.9;  10.5;  969.28;   15.9;   60.29;   23.3;    6.3;    3.7;eor
       3231;20190610;    1;   7.4;   2.4;    1;   9.6;   6;    4.117;-999;   6.8;  15.1;  961.40;   16.9;   79.79;   23.0;   12.8;   12.5;eor
       3231;20190611;    1;  16.0;   3.0;    1;  39.8;   8;    3.233;-999;   7.1;  15.4;  958.60;   16.1;   84.58;   20.2;   13.2;   13.4;eor
       3231;20190612;    1;   9.6;   2.1;    1;   3.4;   6;    3.350;-999;   5.9;  15.3;  958.01;   15.2;   88.17;   21.0;   11.2;    9.7;eor
       3231;20190613;    1;   8.9;   2.8;    1;   0.0;   0;    8.983;-999;   3.5;  13.0;  962.87;   15.9;   74.25;   22.0;   10.7;    8.4;eor
       3231;20190614;    1;   9.8;   2.9;    1;   0.0;   6;    6.800;-999;   4.5;  13.4;  963.80;   19.2;   62.21;   26.0;   10.8;    8.3;eor
       3231;20190615;    1;  11.2;   3.4;    1;   0.0;   6;    9.633;-999;   5.3;  14.1;  960.81;   19.9;   60.83;   23.1;   12.2;   10.8;eor
       3231;20190616;    1;   5.1;   1.6;    1;   1.1;   6;    0.033;-999;   7.0;  14.2;  968.05;   15.6;   80.50;   18.9;   11.9;    9.7;eor
       3231;20190617;    1;   7.2;   1.7;    1;   0.0;   0;   13.467;-999;   1.5;  13.5;  968.13;   18.2;   67.75;   24.5;    9.3;    7.7;eor
       3231;20190618;    1;   6.9;   1.8;    1;   0.0;   0;   13.367;-999;   4.3;  13.9;  963.55;   21.5;   55.96;   26.9;   15.2;   10.6;eor
       3231;20190619;    1;   9.8;   2.8;    1;   4.1;   6;   13.050;-999;   4.3;  14.8;  958.58;   22.7;   55.50;   28.4;   15.3;   13.6;eor
       3231;20190620;    1;  12.1;   2.6;    1;   4.3;   6;    6.483;-999;   6.4;  15.6;  960.37;   18.5;   74.71;   24.2;   12.9;   12.4;eor
       3231;20190621;    1;   6.4;   2.2;    1;   0.0;   0;    7.217;-999;   4.3;  13.8;  965.51;   17.3;   72.00;   21.9;   11.8;   11.4;eor
       3231;20190622;    1;  10.6;   4.4;    1;   0.0;   0;    7.850;-999;   4.3;  13.9;  966.80;   19.0;   63.50;   24.5;   13.6;   11.8;eor
       3231;20190623;    1;  11.4;   3.5;    1;   0.0;   0;   11.600;-999;   3.8;  13.7;  967.43;   21.4;   54.96;   26.7;   16.1;   14.4;eor
       3231;20190624;    1;   7.5;   2.5;    1;   0.0;   0;   15.233;-999;   3.1;  14.4;  969.24;   23.3;   52.17;   28.9;   15.5;   12.4;eor
       3231;20190625;    1;   7.5;   2.7;    1;   0.0;   0;   15.067;-999;   4.0;  15.6;  969.02;   24.9;   50.79;   31.1;   18.4;   15.3;eor
       3231;20190626;    1;   7.9;   2.8;    1;   0.0;   0;   14.817;-999;   0.2;  18.4;  970.52;   26.3;   55.67;   33.2;   18.1;   16.5;eor
       3231;20190627;    1;  10.6;   4.9;    1;   0.0;   0;   15.250;-999;   0.2;  12.3;  971.88;   20.6;   52.58;   25.5;   13.8;   12.3;eor
       3231;20190628;    1;   8.5;   3.3;    1;   0.0;   0;   15.133;-999;   0.0;  11.1;  971.20;   17.7;   57.96;   24.2;   10.6;    9.4;eor
       3231;20190629;    1;   5.0;   1.5;    1;   0.0;   0;   15.317;-999;   0.0;  10.1;  968.25;   22.0;   42.83;   30.8;   11.0;    7.3;eor
       3231;20190630;    1;  10.9;   3.4;    1;   0.0;   6;   15.100;-999;   0.3;  13.8;  963.59;   25.8;   43.46;   34.4;   15.7;   13.3;eor
       3231;20190701;    1;   9.4;   3.4;    1;   0.0;   0;    6.150;-999;   5.3;  14.0;  964.12;   21.9;   53.75;   26.2;   16.2;   14.7;eor
       3231;20190702;    1;  10.8;   3.8;    1;   0.0;   0;   10.717;-999;   2.6;  10.2;  968.33;   16.2;   56.13;   21.1;   11.3;    7.7;eor
       3231;20190703;    1;  10.0;   3.3;    1;   0.0;   0;   13.433;-999;   0.8;   8.8;  970.04;   14.9;   53.13;   20.1;    8.6;    5.2;eor
       3231;20190704;    1;   7.4;   2.7;    1;   0.0;   0;   14.233;-999;   2.5;   8.4;  969.46;   16.1;   47.75;   22.3;    9.1;    7.6;eor
       3231;20190705;    1;   9.3;   2.5;    1;   0.0;   0;    7.867;-999;   6.2;  10.0;  964.40;   18.5;   48.17;   24.2;   10.9;   10.5;eor
       3231;20190706;    1;  11.8;   3.3;    1;   0.1;   6;    6.467;-999;   7.5;  11.3;  958.76;   20.4;   50.00;   27.2;   13.1;   10.3;eor
       3231;20190707;    1;  13.0;   4.0;    1;   0.0;   6;    3.933;-999;   6.3;  10.0;  960.46;   14.5;   61.38;   18.5;   11.0;    7.9;eor
       3231;20190708;    1;   9.0;   2.9;    1;   0.0;   0;    4.033;-999;   5.0;   8.6;  964.79;   12.5;   60.46;   15.6;    7.0;    4.3;eor
       3231;20190709;    1;   8.9;   3.5;    1;   0.0;   0;    2.633;-999;   6.5;   9.0;  966.30;   12.2;   64.17;   15.8;    9.4;    8.2;eor
