STATIONS_ID;MESS_DATUM;QN_3;  FX;  FM;QN_4; RSK;RSKF; SDK;SHK_TAG;  NM; VPM;  PM; TMK; UPM; TXK; TNK; TGK;eor
       5906;20180106;   10;   6.4;   2.5;    3;   1.9;   6;    0.000;   0;   7.7;  10.6;  996.01;    8.1;   97.67;    9.3;    5.8;    4.1;eor
       5906;20180107;   10;   9.7;   3.8;    3;   0.0;   0;    0.000;   0;   8.0;   8.7; 1006.92;    7.2;   85.71;    8.1;    6.1;    5.7;eor
       5906;20180108;   10;   7.8;   3.7;    3;   0.0;   0;    0.983;   0;   7.4;   7.9; 1009.03;    7.3;   77.75;    9.0;    5.4;    1.6;eor
       5906;20180109;   10;   6.3;   2.2;    3;   0.3;   6;    2.383;   0;   5.6;   7.9; 1001.54;    5.4;   87.83;    9.1;    2.0;   -0.1;eor
       5906;20180110;   10;  10.5;   3.3;    3;   0.6;   6;    2.217;   0;   7.0;   8.8; 1000.35;    7.7;   83.96;   11.6;    5.3;    2.9;eor
       5906;20180111;   10;   4.4;   1.4;    3;   0.0;   6;    0.200;   0;   7.9;   9.4; 1004.34;    7.0;   93.04;    9.0;    5.3;    3.7;eor
       5906;20180112;   10;   5.8;   1.8;    3;   0.0;   0;    0.000;   0;   8.0;   8.2; 1013.11;    5.7;   89.04;    7.1;    4.4;    4.2;eor
       5906;20180113;   10;   6.8;   2.8;    3;   0.0;   0;    0.617;   0;   7.8;   6.9; 1012.75;    5.6;   75.92;    7.4;    4.3;    3.8;eor
       5906;20180114;   10;   7.6;   2.9;    3;   0.0;   0;    0.267;   0;   5.5;   6.0; 1010.27;    2.6;   81.04;    5.2;   -2.7;   -5.2;eor
       5906;20180115;   10;  16.6;   5.1;    3;   2.0;   6;    0.000;   0;   6.8;   6.5; 1001.29;    2.9;   85.46;    6.4;   -2.7;   -5.2;eor
       5906;20180116;   10;  15.4;   5.5;    3;   7.2;   6;    0.367;   0;   7.0;   8.0;  986.23;    6.7;   81.63;    8.6;    2.9;   -0.6;eor
       5906;20180117;   10;  17.5;   5.0;    3;   1.7;   8;    3.733;   0;   5.4;   6.3;  992.62;    4.2;   76.13;    6.2;    1.3;    0.2;eor
       5906;20180118;   10;  18.9;   6.3;    3;   3.4;   6;    1.667;   0;   6.3;   7.5;  992.58;    6.5;   78.58;   12.0;    3.1;    1.2;eor
       5906;20180119;   10;  12.5;   3.1;    3;   1.6;   6;    1.167;   0;   7.0;   7.1;  998.40;    4.2;   86.67;    7.0;    1.8;   -0.3;eor
       5906;20180120;   10;   8.8;   3.2;    3;   9.5;   8;    0.000;   0;   7.7;   7.2;  994.63;    2.9;   96.21;    4.5;    1.6;    0.2;eor
       5906;20180121;   10;   8.4;   2.6;    3;   3.4;   8;    1.967;   0;   6.9;   6.4; 1002.01;    2.8;   85.50;    5.2;    0.0;   -2.5;eor
       5906;20180122;   10;   8.5;   2.5;    3;   2.1;   8;    0.000;   0;   7.8;   8.4;  999.87;    4.9;   96.29;    8.1;    0.5;    0.0;eor
       5906;20180123;   10;   9.7;   3.8;    3;   0.0;   6;    0.033;   0;   7.9;   8.6; 1012.72;    7.5;   82.38;    8.9;    5.9;    4.9;eor
       5906;20180124;   10;   9.9;   4.9;    3;   0.0;   6;    0.000;   0;   7.6;   9.8; 1009.57;    9.4;   82.96;   12.3;    7.8;    6.1;eor
       5906;20180125;   10;  11.4;   3.8;    3;   6.0;   6;    0.000;   0;   7.5;   9.8; 1003.35;   10.8;   76.00;   12.1;    8.6;    6.5;eor
       5906;20180126;   10;   5.1;   1.4;    3;   1.1;   6;    0.000;   0;   7.3;  10.0; 1006.90;    7.5;   96.25;    8.8;    5.4;    3.5;eor
       5906;20180127;   10;   6.5;   2.0;    3;   0.0;   6;    0.000;   0;   7.7;   8.4; 1019.35;    4.5;   99.04;    5.9;    1.6;    0.1;eor
       5906;20180128;   10;   8.6;   4.1;    3;   0.3;   6;    0.000;   0;   7.9;   9.1; 1022.48;    7.3;   88.38;    9.2;    4.3;    3.0;eor
       5906;20180129;   10;  12.0;   4.6;    3;   2.1;   6;    0.000;   0;   7.8;   9.7; 1018.63;    9.1;   84.54;   10.6;    7.7;    7.2;eor
       5906;20180130;   10;   7.8;   2.1;    3;   0.0;   6;    4.983;   0;   5.3;   8.7; 1016.95;    6.6;   89.46;    9.5;    1.4;   -1.1;eor
       5906;20180131;   10;  12.8;   5.9;    3;   5.3;   6;    0.000;   0;   7.9;   9.5; 1000.88;    8.0;   88.33;    9.8;    5.3;    4.4;eor
       5906;20180201;   10;  11.8;   3.1;    3;   0.3;   6;    1.000;   0;   6.5;   7.1;  992.31;    4.1;   87.33;    6.6;   -0.2;   -2.6;eor
       5906;20180202;   10;  10.2;   3.9;    3;   0.4;   8;    0.067;   0;   6.2;   6.6;  995.00;    2.7;   89.17;    4.8;   -0.6;   -2.7;eor
       5906;20180203;   10;   5.4;   1.9;    3;   2.5;   8;    0.000;   0;   7.5;   6.7;  995.90;    2.3;   92.96;    4.4;    0.8;   -1.6;eor
       5906;20180204;   10;  11.2;   2.9;    3;   2.2;   8;    0.250;   0;   7.9;   6.1; 1004.23;    1.1;   92.50;    2.2;    0.0;   -0.9;eor
       5906;20180205;   10;   8.7;   3.4;    3;   0.0;   7;    7.917;   0;   3.8;   5.1; 1010.58;    1.2;   76.75;    4.7;   -0.8;   -3.2;eor
       5906;20180206;   10;   6.6;   2.5;    3;   0.0;   0;    3.017;   0;   5.4;   4.8; 1001.75;    1.1;   73.13;    3.9;   -1.8;   -4.3;eor
       5906;20180207;   10;   5.0;   2.1;    3;   0.0;   0;    3.250;   0;   3.3;   4.8; 1001.88;   -0.7;   83.83;    3.8;   -4.3;   -6.7;eor
       5906;20180208;   10;   5.0;   1.7;    3;   0.0;   0;    5.050;   0;   4.7;   4.8; 1007.68;   -0.7;   84.38;    3.5;   -3.7;   -6.3;eor
       5906;20180209;   10;   5.4;   2.0;    3;   0.0;   0;    0.000;   0;   8.0;   5.7; 1004.86;    1.0;   87.17;    2.7;   -1.8;   -2.1;eor
       5906;20180210;   10;   8.1;   2.7;    3;   0.0;   6;    0.000;   0;   8.0;   6.0; 1005.18;    2.3;   83.21;    4.1;    0.4;   -0.8;eor
       5906;20180211;   10;  13.1;   4.4;    3;   2.4;   8;    0.000;   0;   7.2;   6.4;  996.70;    2.6;   86.38;    5.0;    0.6;   -0.9;eor
       5906;20180212;   10;  11.5;   3.3;    3;   0.2;   8;    2.567;   0;   5.4;   5.5; 1003.01;    2.0;   78.54;    5.8;   -2.5;   -5.0;eor
       5906;20180213;   10;   8.9;   3.6;    3;   0.0;   0;    6.933;   0;   2.9;   4.6; 1003.68;    0.7;   72.00;    5.3;   -2.6;   -7.4;eor
       5906;20180214;   10;  10.8;   3.2;    3;   0.0;   0;    9.367;   0;   1.1;   4.2; 1005.46;    0.2;   68.54;    5.2;   -5.6;   -9.6;eor
       5906;20180215;   10;   8.7;   4.0;    3;   7.3;   8;    0.000;   0;   7.7;   6.2; 1005.23;    2.2;   85.21;    4.6;   -0.3;   -1.3;eor
       5906;20180216;   10;   5.6;   1.6;    3;   0.0;   0;    4.733;   0;   5.3;   7.5; 1013.27;    4.7;   87.83;    9.7;    0.2;   -2.6;eor
       5906;20180217;   10;   8.4;   2.5;    3;   1.2;   8;    0.000;   0;  -999;   6.1; 1010.56;    2.1;   86.29;    3.9;   -2.1;   -4.1;eor
       5906;20180218;   10;   7.4;   1.8;    3;   0.0;   0;    8.267;   0;   2.0;   5.3; 1014.90;    0.4;   84.83;    5.6;   -4.9;   -6.9;eor
       5906;20180219;   10;   5.8;   1.8;    3;   0.0;   0;    0.150;   0;   7.4;   5.1; 1008.60;    0.6;   79.54;    2.5;   -2.3;   -4.6;eor
       5906;20180220;   10;   6.8;   1.9;    3;   0.0;   0;    0.367;   0;   7.3;   4.9; 1005.60;    1.0;   75.04;    4.6;   -3.1;   -4.7;eor
       5906;20180221;   10;  10.1;   3.6;    3;   0.0;   0;    8.733;   0;   3.6;   4.4; 1009.05;    1.7;   64.96;    6.3;   -2.3;   -5.7;eor
       5906;20180222;   10;  14.4;   4.7;    3;   0.0;   0;    9.717;   0;   0.8;   3.5; 1007.47;    0.9;   54.83;    4.7;   -3.5;   -6.8;eor
       5906;20180223;   10;  10.2;   4.3;    3;   0.0;   0;    9.683;   0;   0.6;   3.2; 1006.74;    0.1;   52.92;    3.8;   -2.9;   -6.5;eor
       5906;20180224;   10;  14.0;   5.1;    3;   0.0;   0;    9.867;   0;   0.6;   2.9; 1009.45;    0.0;   48.29;    5.4;   -3.9;   -7.2;eor
       5906;20180225;   10;  12.1;   4.7;    3;   0.0;   0;   10.017;   0;   2.0;   2.0; 1013.65;   -2.8;   42.21;    0.6;   -6.2;   -9.6;eor
       5906;20180226;   10;  13.5;   4.5;    3;   0.0;   0;    6.867;   0;   2.9;   2.0; 1012.50;   -5.2;   49.38;   -1.4;   -8.5;  -12.9;eor
       5906;20180227;   10;   8.5;   3.1;    3;   0.0;   0;    9.650;   0;   4.5;   1.9; 1007.35;   -6.8;   53.83;   -2.9;  -10.5;  -13.8;eor
       5906;20180228;   10;  12.5;   4.3;    3;   0.0;   0;    8.833;   0;   2.6;   1.9; 1005.88;   -5.9;   49.25;   -1.0;   -9.8;  -14.2;eor
       5906;20180301;   10;  10.1;   4.3;    3;   0.0;   0;    4.700;   0;   7.5;   2.2;  994.88;   -2.2;   42.38;    2.6;   -6.4;   -7.6;eor
       5906;20180302;   10;   7.8;   3.0;    3;   1.3;   8;    0.650;   0;   8.0;   3.2;  986.97;   -1.9;   60.21;    1.0;   -4.0;   -3.7;eor
       5906;20180303;   10;   6.2;   1.9;    3;   0.9;   8;    4.500;   1;   6.5;   5.7;  986.40;    1.4;   85.46;    6.7;   -2.0;   -1.7;eor
       5906;20180304;   10;  11.1;   2.8;    3;   0.4;   6;    5.300;   0;   6.6;   7.5;  986.70;    6.1;   81.13;   13.0;    0.6;   -1.4;eor
       5906;20180305;   10;   6.7;   2.4;    3;   0.0;   0;    9.783;   0;   4.5;   7.6;  984.45;    7.6;   75.79;   14.5;   -0.2;   -3.5;eor
       5906;20180306;   10;   3.8;   1.6;    3;   0.7;   6;    2.200;   0;   4.8;   6.7;  980.69;    4.3;   81.50;   10.7;   -2.6;   -5.1;eor
       5906;20180307;   10;  16.7;   3.8;    3;   1.5;   6;    1.433;   0;   6.5;   7.9;  985.93;    6.2;   84.96;   11.4;    1.3;   -1.8;eor
       5906;20180308;   10;  13.3;   4.7;    3;   2.9;   6;    1.467;   0;   6.8;   7.5;  993.60;    7.0;   76.71;   12.9;    0.7;   -2.3;eor
       5906;20180309;   10;   6.7;   2.2;    3;   3.4;   6;    0.017;   0;   7.6;   9.4;  996.79;    7.0;   93.33;    9.7;    4.2;    3.6;eor
       5906;20180310;   10;   8.7;   2.8;    3;   2.0;   6;    0.000;   0;   7.5;  11.6;  992.85;   10.0;   93.75;   13.1;    5.7;    3.4;eor
       5906;20180311;   10;   6.1;   2.1;    3;   0.6;   6;    1.350;   0;   6.5;  11.3;  986.12;   10.0;   92.13;   14.6;    5.8;    2.9;eor
       5906;20180312;   10;  12.2;   3.6;    3;   2.3;   6;    1.050;   0;   7.6;  11.1;  984.73;   10.4;   88.42;   14.8;    7.8;    5.4;eor
       5906;20180313;   10;  13.7;   5.5;    3;   6.1;   6;    0.000;   0;   7.9;   9.0;  993.77;    8.4;   81.79;   10.2;    5.4;    5.0;eor
       5906;20180314;   10;   8.9;   2.1;    3;   0.0;   0;    6.483;   0;   4.6;   7.8;  999.52;    7.4;   77.58;   11.9;    3.4;   -0.3;eor
       5906;20180315;   10;   9.2;   2.8;    3;   4.4;   6;    2.200;   0;   5.0;   7.9;  987.38;    8.0;   74.79;   14.1;    1.7;   -1.9;eor
       5906;20180316;   10;   7.4;   2.8;    3;   2.4;   6;    0.733;   0;   7.8;  10.3;  989.91;    8.1;   95.63;   12.7;    4.6;    4.6;eor
       5906;20180317;   10;  11.1;   4.7;    3;   3.1;   8;    0.000;   0;   8.0;   5.4;  990.39;    1.3;   79.21;    4.6;   -2.8;   -2.6;eor
       5906;20180318;   10;  11.0;   4.4;    3;   0.1;   7;    0.017;   2;   7.8;   4.1;  993.98;   -1.4;   75.13;    0.7;   -3.1;   -2.7;eor
       5906;20180319;   10;   7.4;   2.8;    3;   0.0;   7;    0.000;   0;   7.6;   3.9;  998.87;   -0.1;   64.33;    2.4;   -1.7;   -4.0;eor
       5906;20180320;   10;   7.9;   2.2;    3;   0.1;   8;    2.617;   0;   4.5;   4.4; 1006.54;   -0.5;   74.71;    3.6;   -6.0;   -8.5;eor
       5906;20180321;   10;   6.6;   2.1;    3;   0.0;   0;   11.050;   0;   1.6;   4.0; 1015.58;    1.1;   64.96;    7.6;   -5.4;   -8.3;eor
       5906;20180322;   10;   8.4;   3.3;    3;   4.0;   8;    0.000;   0;   7.3;   5.9; 1007.36;    1.0;   87.25;    4.3;   -4.0;   -6.9;eor
       5906;20180323;   10;   5.9;   2.9;    3;   0.8;   6;    0.000;   0;   7.3;   8.1;  997.04;    4.4;   96.29;    7.4;    0.0;   -2.3;eor
       5906;20180324;   10;   7.4;   2.0;    3;   0.0;   0;    7.900;   0;   1.5;   6.2;  990.73;    5.3;   72.96;   12.3;   -1.6;   -4.1;eor
       5906;20180325;   10;   8.1;   1.8;    3;   0.0;   0;   11.033;   0;   1.5;   6.1;  995.00;    5.6;   70.92;   15.1;   -2.1;   -5.1;eor
       5906;20180326;   10;   5.6;   2.1;    3;   0.1;   6;    2.267;   0;   7.0;   7.1; 1002.48;    7.1;   70.96;   11.3;    0.9;   -3.0;eor
       5906;20180327;   10;  10.7;   3.7;    3;   3.7;   6;    3.217;   0;   6.8;   7.8; 1001.69;    6.9;   80.13;   13.0;   -0.2;   -3.3;eor
       5906;20180328;   10;  14.0;   4.4;    3;   6.0;   6;    0.867;   0;   7.5;   9.8;  992.67;    9.4;   83.83;   13.9;    6.9;    5.9;eor
       5906;20180329;   10;  11.9;   3.3;    3;   0.0;   6;    2.333;   0;   6.5;   6.9;  995.96;    7.1;   68.92;   11.8;    1.2;   -1.3;eor
       5906;20180330;   10;  10.8;   2.2;    3;   0.0;   6;    4.667;   0;   7.2;   7.7;  990.74;    7.8;   74.75;   14.0;   -1.0;   -2.9;eor
       5906;20180331;   10;   7.8;   2.1;    3;   0.0;   6;    6.933;   0;   6.5;   7.7;  988.44;    9.0;   70.96;   14.7;    2.2;    0.3;eor
       5906;20180401;   10;  14.3;   4.1;    3;   1.4;   6;    1.100;   0;   7.3;   8.1;  997.44;    8.0;   75.50;   10.5;    3.4;    1.0;eor
       5906;20180402;   10;   9.2;   3.6;    3;   0.0;   6;    6.167;   0;   5.7;   7.7;  997.78;    9.3;   69.25;   15.3;    0.0;   -2.2;eor
       5906;20180403;   10;   9.6;   3.8;    3;   0.0;   6;    6.000;   0;  -999;   8.3;  992.86;   15.1;   50.08;   20.4;    8.9;    6.1;eor
       5906;20180404;   10;-999;-999;    3;  -999;-999;-999;-999;  -999;  -999;    -999;   13.0;-999;   18.3;    9.0;    6.0;eor
       5906;20180405;   10;  13.4;-999;    3;  -999;   6;-999;-999;  -999;  -999;    -999;   10.0;-999;   12.3;    0.0;   -2.7;eor
       5906;20180406;   10;-999;   2.6;    3;   0.0;   0;-999;   0;  -999;   6.6; 1008.33;    9.1;   60.88;   16.3;   -1.0;   -3.4;eor
       5906;20180407;   10;   4.3;   1.3;    3;   0.0;   0;-999;   0;  -999;   7.9; 1000.95;   13.0;   57.75;   24.8;    1.1;   -2.7;eor
       5906;20180408;   10;   4.7;   1.4;    3;   0.0;   0;   10.500;   0;  -999;   9.6;  995.99;   15.5;   57.29;   25.2;    4.5;    1.0;eor
       5906;20180409;   10;   4.1;   1.6;    3;   0.0;   0;    2.500;   0;  -999;  10.9;  992.43;   14.8;   65.83;   20.7;    7.7;    3.8;eor
       5906;20180410;   10;  10.1;   2.8;    3;   0.1;   6;    5.700;   0;   8.0;  11.3;  992.34;   13.4;   75.13;   20.1;    8.2;    5.3;eor
       5906;20180411;   10;   7.1;   2.2;    3;   0.0;   6;   10.250;   0;   4.6;  10.2;  993.83;   13.3;   69.17;   20.5;    6.0;    2.3;eor
       5906;20180412;   10;   8.7;   2.3;    3;   0.0;   0;    7.667;   0;   7.5;  11.2;  988.13;   15.0;   67.13;   20.2;    9.1;    4.6;eor
       5906;20180413;   10;   6.3;   2.0;    3;  24.8;   6;    0.000;   0;   7.6;  11.4;  996.96;   10.0;   92.92;   11.3;    5.6;    2.6;eor
       5906;20180414;   10;   6.1;   2.0;    3;   0.1;   6;   10.217;   0;   5.8;  10.8; 1006.30;   13.1;   73.92;   20.6;    4.8;    2.1;eor
       5906;20180415;   10;   6.1;   1.6;    3;   0.1;   6;    6.367;   0;   7.8;  12.6; 1001.27;   15.1;   75.17;   21.2;    9.4;    7.9;eor
       5906;20180416;   10;   6.0;   1.7;    3;   0.0;   0;    9.550;   0;   5.4;  12.1; 1003.27;   15.4;   71.88;   21.1;    8.5;    5.5;eor
       5906;20180417;   10;   5.0;   1.1;    3;   0.0;   0;   12.567;   0;   3.4;  11.1; 1013.16;   15.1;   68.29;   23.7;    6.1;    3.2;eor
       5906;20180418;   10;   6.5;   1.5;    3;   0.0;   0;   12.767;   0;   4.1;  11.0; 1017.91;   16.8;   62.83;   26.1;    6.7;    3.7;eor
       5906;20180419;   10;   5.7;   1.4;    3;   0.0;   0;   12.767;   0;   3.7;  11.2; 1015.12;   18.2;   57.88;   28.6;    7.9;    4.7;eor
       5906;20180420;   10;   4.2;   1.1;    3;   0.0;   0;   12.567;   0;  -999;  12.1; 1010.84;   17.6;   63.92;   28.8;    8.7;    4.3;eor
       5906;20180421;   10;   4.0;   1.1;    3;   0.0;   0;   10.733;   0;   3.5;  13.5; 1007.17;   18.2;   68.75;   27.6;    7.7;    5.2;eor
       5906;20180422;   10;   8.9;   2.3;    3;   0.0;   0;   10.700;   0;   4.0;  13.6; 1002.41;   19.8;   62.54;   27.8;    9.8;    7.2;eor
       5906;20180423;   10;  12.6;   3.9;    3;   1.8;   6;    5.683;   0;   6.9;  15.0; 1003.91;   17.1;   76.54;   21.4;   11.7;    9.0;eor
       5906;20180424;   10;   9.4;   2.8;    3;   0.0;   0;   10.583;   0;   7.1;  11.9; 1005.51;   15.2;   72.04;   21.3;    9.3;    4.7;eor
       5906;20180425;   10;  14.0;   4.5;    3;   0.7;   6;    7.950;   0;   4.9;  12.1; 1001.50;   14.6;   73.96;   19.7;    9.2;    5.6;eor
       5906;20180426;   10;  10.9;   3.9;    3;   0.0;   0;    6.917;   0;   5.7;   8.3; 1006.54;   11.1;   64.67;   16.0;    5.0;    1.7;eor
       5906;20180427;   10;   8.2;   2.1;    3;   0.0;   0;   12.267;   0;   5.3;   8.5; 1000.60;   13.0;   59.96;   20.9;    1.9;   -1.0;eor
       5906;20180428;   10;   8.1;   2.7;    3;   5.9;   6;    6.833;   0;   6.1;  10.0; 1000.83;   13.6;   65.96;   19.4;    7.1;    4.0;eor
       5906;20180429;   10;  14.1;   2.2;    3;   0.4;   6;   10.767;   0;   6.5;  13.8;  993.05;   17.9;   70.67;   26.1;    7.4;    5.8;eor
       5906;20180430;   10;  19.0;   6.1;    3;   0.0;   4;    5.717;   0;   5.7;   9.6;  992.94;   14.5;   58.38;   18.2;   10.3;    8.7;eor
       5906;20180501;   10;  12.9;   3.3;    3;   0.0;   0;    7.433;-999;   5.0;   7.1; 1001.89;    9.4;   61.92;   15.0;    2.4;   -0.5;eor
       5906;20180502;   10;   5.6;   1.9;    3;   0.0;   0;    4.733;-999;   7.2;   8.3; 1001.08;   10.3;   68.75;   17.1;    1.3;   -1.4;eor
       5906;20180503;   10;   8.1;   2.9;    3;   0.0;   0;    7.483;-999;   7.6;  10.0; 1003.37;   14.0;   63.67;   19.9;    9.0;    7.3;eor
       5906;20180504;   10;  11.2;   4.4;    3;   0.0;   0;   11.100;-999;   3.0;   9.7; 1007.07;   15.7;   55.21;   22.4;    8.1;    6.5;eor
       5906;20180505;   10;  10.5;   3.7;    3;   0.0;   0;   13.333;-999;   0.5;  10.8; 1009.33;   18.1;   52.21;   24.9;    8.8;    7.0;eor
       5906;20180506;   10;  10.2;   3.2;    3;   0.0;   0;   13.767;-999;   0.0;   9.6; 1009.35;   18.8;   46.96;   25.4;   10.2;    6.7;eor
       5906;20180507;   10;   8.2;   2.8;    3;   0.0;   0;   13.767;-999;   0.2;  10.2; 1005.30;   19.8;   46.00;   26.0;   11.4;    7.6;eor
       5906;20180508;   10;   8.5;   2.4;    3;   0.0;   0;   13.817;-999;   0.3;  10.2;  998.49;   20.4;   44.92;   26.9;   11.0;    8.4;eor
       5906;20180509;   10;   6.4;   1.5;    3;   0.0;   6;   11.483;-999;   3.3;  12.2;  994.80;   19.5;   56.71;   26.7;   10.2;    7.2;eor
       5906;20180510;   10;  10.7;   2.4;    3;   0.8;   6;    0.350;-999;   7.9;  13.7; 1000.05;   15.0;   80.50;   19.4;   11.0;    9.5;eor
       5906;20180511;   10;   5.8;   1.2;    3;   0.0;   0;    7.883;-999;   3.1;  12.1; 1006.53;   15.2;   72.83;   22.4;    6.8;    4.2;eor
       5906;20180512;   10;   6.4;   1.6;    3;   0.0;   6;   12.067;-999;   4.7;  13.6; 1001.68;   18.9;   65.50;   26.5;    8.6;    5.4;eor
       5906;20180513;   10;   8.3;   2.7;    3;   5.8;   6;    1.950;-999;   7.7;  15.9;  997.67;   17.3;   80.58;   21.1;   14.6;   13.5;eor
       5906;20180514;   10;   7.6;   2.1;    3;   2.6;   6;    2.900;-999;   7.7;  16.6;  997.40;   15.8;   92.46;   22.0;   12.2;   12.4;eor
       5906;20180515;   10;   9.9;   2.9;    3;   7.6;   6;    8.733;-999;   7.1;  12.2; 1000.62;   16.9;   66.54;   23.1;   11.4;    9.8;eor
       5906;20180516;   10;   8.6;   2.3;    3;   5.5;   6;    4.350;-999;   7.8;  13.7; 1002.50;   15.1;   81.54;   20.5;   11.8;   10.3;eor
       5906;20180517;   10;   8.3;   3.0;    3;   0.0;   0;    6.050;-999;   7.3;  12.4; 1006.45;   14.1;   78.33;   18.2;    7.9;    5.6;eor
       5906;20180518;   10;   8.3;   2.9;    3;   0.0;   0;   13.233;-999;   3.7;  10.6; 1008.67;   12.5;   74.25;   17.9;    6.6;    3.4;eor
       5906;20180519;   10;   7.7;   2.5;    3;   0.4;   6;   12.550;-999;   6.3;  10.8; 1008.38;   14.2;   69.54;   20.8;    6.7;    4.7;eor
       5906;20180520;   10;   7.6;   2.1;    3;   1.2;   6;    0.000;-999;   7.8;  13.7; 1007.70;   14.6;   82.04;   18.6;   11.7;   10.4;eor
       5906;20180521;   10;  11.0;   1.9;    3;   0.0;   6;   10.167;-999;   6.5;  13.2; 1001.91;   19.5;   58.92;   26.1;   13.0;   11.1;eor
       5906;20180522;   10;   9.3;   1.6;    3;   1.2;   8;    7.300;-999;   6.4;  15.2; 1000.56;   18.1;   74.50;   25.7;   10.5;    8.6;eor
       5906;20180523;   10;  12.9;   1.6;    3;   6.5;   6;    2.967;-999;   7.8;  16.7; 1005.21;   17.2;   85.46;   24.5;   12.6;   11.2;eor
       5906;20180524;   10;   7.4;   1.4;    3;   0.0;   6;    5.333;-999;   7.1;  16.7; 1005.83;   17.6;   84.63;   24.0;   11.6;   10.3;eor
       5906;20180525;   10;   5.7;   1.5;    3;   0.0;   0;   10.900;-999;   5.8;  16.9; 1006.17;   19.1;   78.88;   25.8;   11.4;    9.8;eor
       5906;20180526;   10;   4.6;   1.4;    3;   0.0;   0;   13.617;-999;   6.4;  16.7; 1007.37;   21.3;   69.00;   28.9;   13.1;   10.8;eor
       5906;20180527;   10;   5.2;   1.5;    3;   0.3;   6;    6.783;-999;   6.9;  19.0; 1005.65;   21.8;   74.75;   29.7;   15.4;   13.7;eor
       5906;20180528;   10;   7.8;   1.9;    3;   0.0;   0;   11.300;-999;   7.0;  18.2; 1003.65;   23.8;   65.00;   31.0;   14.0;   12.3;eor
       5906;20180529;   10;   8.1;   2.7;    3;   0.0;   6;    8.883;-999;   6.1;  18.5; 1001.68;   21.0;   75.33;   26.2;   15.4;   12.7;eor
       5906;20180530;   10;   5.6;   1.6;    3;   2.9;   6;   13.883;-999;   2.1;  16.6; 1002.38;   22.7;   64.17;   30.1;   13.0;   10.9;eor
       5906;20180531;   10;  21.6;   2.1;    3;  36.0;   8;   12.933;-999;   5.9;  19.1; 1002.01;   23.4;   67.96;   29.4;   16.0;   15.5;eor
       5906;20180601;   10;  14.4;   3.8;    3;   0.0;   6;    8.833;-999;   5.9;  17.7; 1005.82;   19.8;   78.00;   24.9;   16.0;   14.1;eor
       5906;20180602;   10;   7.4;   1.7;    3;   0.0;   0;   10.533;-999;   3.5;  16.6; 1006.97;   20.2;   72.54;   26.1;   14.0;   11.9;eor
       5906;20180603;   10;   7.8;   2.1;    3;   0.0;   0;   14.917;-999;   3.0;  16.0; 1004.99;   21.6;   65.04;   27.4;   14.6;   12.9;eor
       5906;20180604;   10;   8.3;   2.5;    3;   0.0;   0;   11.750;-999;   3.8;  16.1;  999.06;   22.8;   60.29;   29.3;   16.1;   15.1;eor
       5906;20180605;   10;   9.2;   3.2;    3;   0.0;   0;   12.817;-999;   2.7;  16.6;  998.47;   23.2;   60.71;   29.0;   17.2;   15.8;eor
       5906;20180606;   10;   9.8;   2.0;    3;   0.0;   6;   10.200;-999;   5.1;  18.5;  999.92;   22.9;   67.25;   29.5;   15.8;   14.6;eor
       5906;20180607;   10;   7.8;   1.9;    3;   9.0;   6;    7.300;-999;   7.4;  19.3; 1002.37;   22.1;   73.96;   27.5;   18.0;   17.0;eor
       5906;20180608;   10;   7.6;   1.8;    3;   0.0;   6;    8.400;-999;   7.7;  20.4; 1000.51;   22.9;   75.13;   28.9;   18.8;   18.4;eor
       5906;20180609;   10;   9.7;   2.0;    3;   0.6;   6;    7.883;-999;   6.3;  20.0;  999.86;   22.4;   75.54;   29.6;   17.8;   16.9;eor
       5906;20180610;   10;   7.9;   1.5;    3;   4.1;   6;    8.250;-999;   6.0;  21.3;  999.57;   22.9;   78.42;   28.6;   18.3;   17.4;eor
       5906;20180611;   10;  15.3;   2.0;    3;  23.9;   4;    5.283;-999;   7.0;  20.9;  997.84;   20.7;   86.79;   27.1;   17.1;   16.6;eor
       5906;20180612;   10;   8.6;   3.2;    3;   3.2;   4;    0.000;-999;   8.0;  17.1;  998.25;   17.0;   88.08;   19.0;   16.0;   15.7;eor
       5906;20180613;   10;   9.2;   3.5;    3;   0.0;   4;    1.750;-999;   7.8;  12.4; 1003.07;   15.8;   68.92;   18.1;   14.4;   13.8;eor
       5906;20180614;   10;   5.5;   1.4;    3;   0.0;   6;    3.617;-999;   7.9;  12.9; 1004.90;   17.3;   67.00;   21.5;   13.3;   13.0;eor
       5906;20180615;   10;   4.5;   1.4;    3;   0.0;   0;    2.783;-999;   7.7;  15.2; 1005.14;   18.9;   70.67;   23.0;   13.9;   12.5;eor
       5906;20180616;   10;   5.3;   1.4;    3;   0.0;   6;    9.133;-999;   6.8;  15.6; 1003.65;   21.2;   64.38;   27.0;   15.6;   14.5;eor
       5906;20180617;   10;   7.5;   2.4;    3;   0.0;   0;    5.000;-999;   7.2;  14.0; 1006.57;   19.9;   61.38;   23.7;   15.6;   12.7;eor
       5906;20180618;   10;   8.1;   1.9;    3;   0.0;   0;    4.483;-999;   7.5;  13.8; 1010.49;   19.5;   62.21;   24.7;   13.2;   11.9;eor
       5906;20180619;   10;   7.5;   2.4;    3;   0.0;   0;    8.700;-999;   6.7;  16.6; 1012.04;   20.7;   69.13;   25.9;   15.7;   13.9;eor
       5906;20180620;   10;   6.1;   1.6;    3;   0.0;   4;   15.183;-999;   0.5;  17.2; 1008.56;   23.3;   63.25;   30.7;   13.9;   11.9;eor
       5906;20180621;   10;  13.4;   4.0;    3;   0.0;   6;   11.150;-999;   4.0;  13.5; 1006.13;   20.2;   56.96;   26.6;   11.0;    7.8;eor
       5906;20180622;   10;  11.4;   3.5;    3;   0.0;   0;    7.517;-999;   4.2;   9.1; 1013.35;   14.0;   58.04;   19.4;    8.9;    5.5;eor
       5906;20180623;   10;  10.6;   2.6;    3;   0.0;   0;   10.767;-999;   4.3;  10.0; 1013.71;   14.2;   64.38;   21.5;    6.7;    3.6;eor
       5906;20180624;   10;   8.5;   2.1;    3;   0.0;   0;    4.517;-999;   8.0;  11.2; 1009.82;   16.8;   60.54;   21.7;    8.6;    6.3;eor
       5906;20180625;   10;   7.7;   2.7;    3;   0.0;   0;    6.267;-999;   7.5;  12.5; 1010.79;   18.4;   60.38;   24.1;   14.2;   13.1;eor
       5906;20180626;   10;   8.7;   2.2;    3;   0.0;   0;    9.150;-999;   5.7;  13.6; 1010.89;   20.0;   60.08;   26.1;   13.5;   10.6;eor
       5906;20180627;   10;   9.7;   2.9;    3;   0.0;   6;   13.450;-999;   1.7;  12.2; 1009.96;   20.3;   54.83;   27.8;   12.5;    9.6;eor
       5906;20180628;   10;   9.7;   3.0;    3;   0.0;   0;    8.650;-999;   5.9;  13.0; 1007.63;   21.5;   52.25;   27.9;   12.5;    8.9;eor
       5906;20180629;   10;   7.5;   2.0;    3;   0.0;   0;    6.983;-999;   4.9;  15.5; 1003.77;   23.8;   54.92;   30.4;   16.6;   13.8;eor
       5906;20180630;   10;   8.3;   2.8;    3;   0.0;   0;   14.117;-999;   0.6;  12.7; 1001.85;   24.0;   44.04;   31.1;   15.9;   13.2;eor
       5906;20180701;   10;   8.6;   2.9;    3;   0.0;   0;   15.450;-999;   0.0;   8.2; 1003.56;   22.3;   31.46;   28.1;   14.7;   10.3;eor
       5906;20180702;   10;   8.4;   2.7;    3;   0.0;   0;   15.417;-999;   0.0;   8.6; 1002.93;   22.3;   33.17;   29.1;   15.3;   10.2;eor
       5906;20180703;   10;   6.4;   1.9;    3;   0.0;   0;   14.433;-999;   2.3;   9.2; 1003.69;   23.1;   35.17;   31.3;   12.5;    8.6;eor
       5906;20180704;   10;  17.1;   2.0;    3;   3.8;   8;    7.367;-999;   7.7;  16.3; 1002.93;   21.4;   65.29;   30.8;   14.7;   12.6;eor
       5906;20180705;   10;   6.1;   2.3;    3;   0.0;   6;    2.183;-999;   7.8;  18.7; 1002.50;   20.0;   80.58;   23.5;   14.5;   12.9;eor
       5906;20180706;   10;  11.6;   3.1;    3;   0.0;   0;   11.100;-999;   5.5;  15.8; 1006.42;   22.6;   60.79;   29.7;   15.5;   12.5;eor
       5906;20180707;   10;   8.1;   2.2;    3;   0.0;   0;   11.217;-999;   5.9;  13.6; 1009.85;   22.3;   53.75;   29.7;   13.8;   11.1;eor
       5906;20180708;   10;  12.5;   2.9;    3;   0.0;   0;   15.250;-999;   0.6;  10.2; 1009.73;   22.1;   41.88;   28.7;   13.4;   10.1;eor
       5906;20180709;   10;   9.0;   3.3;    3;   0.0;   6;   13.633;-999;   3.8;  10.9; 1008.06;   22.3;   42.25;   28.5;   15.1;   11.3;eor
       5906;20180710;   10;   9.8;   3.6;    3;   0.3;   6;    4.450;-999;   7.2;  12.0; 1004.88;   19.1;   55.25;   22.4;   15.7;   14.6;eor
       5906;20180711;   10;   7.5;   2.3;    3;   0.0;   6;    2.450;-999;   7.4;  12.4; 1004.53;   17.6;   63.21;   22.5;   12.7;    9.2;eor
       5906;20180712;   10;   7.9;   2.2;    3;   0.0;   0;    8.350;-999;   4.3;  14.0; 1005.72;   20.5;   60.08;   25.4;   14.8;   12.1;eor
       5906;20180713;   10;  13.3;   2.0;    3;   0.0;   0;   13.083;-999;   3.2;  13.9; 1007.13;   22.3;   55.83;   29.8;   13.4;   10.5;eor
       5906;20180714;   10;   7.0;   2.1;    3;   0.0;   6;    9.900;-999;   3.6;  13.4; 1005.95;   23.8;   48.58;   30.9;   15.3;   12.4;eor
       5906;20180715;   10;  11.5;   2.4;    3;   3.7;   6;    7.433;-999;   5.3;  15.2; 1003.55;   22.2;   59.71;   30.5;   16.6;   14.7;eor
       5906;20180716;   10;   7.2;   1.7;    3;   0.0;   0;   12.800;-999;   5.4;  15.4; 1001.55;   22.5;   60.63;   30.0;   16.6;   13.7;eor
       5906;20180717;   10;  12.6;   2.1;    3;   0.0;   6;   10.317;-999;   5.0;  15.0; 1002.83;   22.5;   58.25;   30.8;   14.0;   11.0;eor
       5906;20180718;   10;   9.0;   2.5;    3;   0.0;   0;   14.650;-999;   1.4;  12.7; 1005.48;   22.6;   49.79;   29.2;   15.7;   11.7;eor
       5906;20180719;   10;   8.5;   2.4;    3;   0.0;   0;   14.117;-999;   5.1;  11.7; 1004.95;   23.4;   42.88;   30.2;   15.2;   10.5;eor
       5906;20180720;   10;   7.6;   2.0;    3;   0.0;   0;   11.517;-999;   5.2;  11.7; 1000.89;   24.6;   40.96;   32.1;   15.2;   12.5;eor
       5906;20180721;   10;   8.2;   2.2;    3;   3.0;   6;    0.733;-999;   7.9;  19.0; 1000.31;   20.3;   80.00;   23.0;   17.8;   15.7;eor
       5906;20180722;   10;  18.6;   1.6;    3;  25.7;   8;    3.917;-999;   6.9;  19.3; 1002.44;   20.2;   83.13;   27.8;   16.3;   14.4;eor
       5906;20180723;   10;   5.4;   1.2;    3;   0.0;   0;   11.833;-999;   2.5;  17.6; 1004.90;   22.9;   67.13;   30.5;   16.0;   14.3;eor
       5906;20180724;   10;   6.1;   1.1;    3;   0.0;   0;   13.367;-999;   0.7;  16.5; 1002.43;   25.1;   56.96;   33.3;   16.1;   14.2;eor
       5906;20180725;   10;   7.6;   1.5;    3;   0.0;   6;   11.233;-999;   3.9;  16.0; 1002.21;   27.1;   49.38;   35.7;   17.3;   15.4;eor
       5906;20180726;   10;   7.8;   1.8;    3;   0.0;   0;   12.233;-999;   1.6;  15.8; 1002.16;   28.0;   45.54;   35.7;   18.8;   16.5;eor
       5906;20180727;   10;   6.4;   1.6;    3;   0.0;   0;   13.150;-999;   1.3;  15.1;  999.76;   27.4;   44.50;   34.7;   18.0;   16.0;eor
       5906;20180728;   10;  12.3;   3.1;    3;   0.1;   6;    5.717;-999;   5.7;  17.7;  998.27;   25.1;   56.88;   31.6;   19.2;   17.0;eor
       5906;20180729;   10;   8.9;   2.4;    3;   0.0;   0;   10.550;-999;   6.1;  16.4; 1002.62;   25.0;   54.88;   31.8;   18.6;   16.0;eor
       5906;20180730;   10;   7.1;   1.6;    3;   0.0;   0;   13.383;-999;   3.0;  14.5; 1003.34;   26.8;   45.67;   35.6;   17.0;   14.5;eor
       5906;20180731;   10;   8.6;   1.9;    3;   0.0;   0;   11.867;-999;   2.4;  15.4; 1003.93;   28.3;   43.58;   36.6;   17.7;   15.3;eor
       5906;20180801;   10;  12.7;   3.5;    3;   0.5;   6;    5.883;-999;   6.4;  18.5; 1007.60;   25.2;   58.88;   32.3;   20.2;   19.1;eor
       5906;20180802;   10;   6.5;   1.6;    3;   0.0;   0;   11.117;-999;   2.8;  19.3; 1009.03;   25.9;   61.88;   33.9;   18.5;   16.9;eor
       5906;20180803;   10;   7.1;   1.9;    3;   0.0;   0;   11.933;-999;   0.6;  17.6; 1007.08;   28.9;   47.92;   36.8;   20.6;   18.7;eor
       5906;20180804;   10;   8.5;   2.5;    3;   0.0;   0;   13.183;-999;   2.7;  16.0; 1004.80;   29.4;   41.67;   36.6;   19.5;   17.7;eor
       5906;20180805;   10;   9.5;   4.0;    3;   0.0;   0;   12.567;-999;   3.6;  15.4; 1006.93;   26.9;   44.54;   32.4;   20.2;   16.3;eor
       5906;20180806;   10;   8.4;   2.1;    3;   0.0;   0;   13.517;-999;   1.2;  14.9; 1003.57;   27.3;   43.00;   35.6;   18.6;   15.6;eor
       5906;20180807;   10;  11.8;   3.0;    3;   0.0;   0;   10.717;-999;   5.0;  16.6;  999.31;   28.0;   46.38;   36.3;   18.9;   16.5;eor
       5906;20180808;   10;  11.9;   3.5;    3;   0.0;   0;    9.417;-999;   7.2;  16.7; 1001.12;   26.8;   48.13;   31.9;   22.2;   20.0;eor
       5906;20180809;   10;  22.5;   3.7;    3;   0.1;   6;    5.417;-999;   6.7;  17.0; 1001.81;   24.8;   55.71;   34.7;   19.4;   17.3;eor
       5906;20180810;   10;  11.6;   3.6;    3;   0.0;   0;    9.433;-999;   5.6;  11.5; 1011.12;   20.6;   48.54;   26.1;   15.4;   13.8;eor
       5906;20180811;   10;  10.0;   2.9;    3;   0.0;   6;    7.767;-999;   6.3;  10.3; 1010.86;   20.4;   44.75;   26.8;   12.5;    8.5;eor
       5906;20180812;   10;  11.1;   1.6;    3;   0.0;   6;   13.350;-999;   4.4;  10.0; 1004.23;   20.7;   45.29;   29.5;    9.6;    6.8;eor
       5906;20180813;   10;  11.3;   2.6;    3;   6.9;   6;    3.600;-999;   6.4;  16.6;  998.38;   19.1;   74.08;   24.3;   13.9;   11.3;eor
       5906;20180814;   10;   9.5;   3.1;    3;   0.0;   0;    6.350;-999;   5.8;  15.8; 1003.58;   20.8;   65.79;   25.8;   16.6;   13.7;eor
       5906;20180815;   10;   8.5;   1.8;    3;   0.0;   0;    4.783;-999;   5.8;  15.4; 1008.04;   20.2;   67.54;   25.9;   14.6;   12.2;eor
       5906;20180816;   10;   6.9;   1.4;    3;   0.0;   0;   13.050;-999;   2.8;  14.3; 1004.20;   22.4;   57.79;   31.0;   13.0;   10.5;eor
       5906;20180817;   10;   9.0;   2.7;    3;   0.0;   0;    8.317;-999;   6.3;  15.6; 1003.54;   23.2;   57.29;   31.7;   14.8;   12.7;eor
       5906;20180818;   10;   7.7;   2.3;    3;   0.0;   0;   12.917;-999;   3.9;  13.7; 1009.30;   21.9;   54.58;   28.7;   16.1;   13.6;eor
       5906;20180819;   10;   8.0;   2.1;    3;   0.0;   0;   12.867;-999;   2.3;  12.3; 1008.73;   22.9;   46.29;   30.7;   13.8;   10.8;eor
       5906;20180820;   10;   6.4;   1.9;    3;   0.0;   0;    7.933;-999;   3.1;  15.6; 1007.51;   22.8;   57.08;   29.5;   15.9;   12.3;eor
       5906;20180821;   10;   6.2;   1.9;    3;   0.0;   0;    9.950;-999;   4.9;  15.7; 1007.21;   25.0;   51.58;   31.2;   18.8;   16.1;eor
       5906;20180822;   10;   6.6;   1.4;    3;   0.0;   0;   12.800;-999;  -999;  14.9; 1004.31;   25.3;   49.83;   33.8;   17.2;   14.8;eor
       5906;20180823;   10;  10.7;   2.1;    3;   4.3;   8;    8.883;-999;   4.5;  16.4; 1001.09;   24.1;   58.25;   32.9;   17.2;   14.9;eor
       5906;20180824;   10;  10.0;   2.9;    3;   0.5;   6;    0.817;-999;   7.8;  15.5; 1001.21;   18.6;   72.42;   20.7;   15.9;   13.6;eor
       5906;20180825;   10;   9.1;   3.0;    3;   1.5;   6;    2.633;-999;   6.1;  11.0; 1001.84;   14.8;   66.42;   19.1;    8.9;    5.4;eor
       5906;20180826;   10;   8.3;   2.1;    3;   0.0;   6;    9.150;-999;   6.2;   9.6; 1005.32;   14.9;   61.21;   21.5;    7.2;    3.8;eor
       5906;20180827;   10;   8.0;   2.8;    3;   0.5;   6;    0.033;-999;   7.7;  13.9; 1003.77;   17.4;   68.96;   21.3;   12.5;   10.3;eor
       5906;20180828;   10;   5.5;   1.3;    3;   0.0;   0;   12.283;-999;  -999;  12.6; 1006.92;   18.8;   62.71;   26.2;   10.2;    6.4;eor
       5906;20180829;   10;  11.3;   2.5;    3;   0.0;   6;    8.450;-999;   4.9;  15.0; 1001.85;   20.9;   62.38;   30.0;   10.9;    8.3;eor
       5906;20180830;   10;   9.9;   3.4;    3;   0.0;   0;    0.983;-999;   7.8;  13.4; 1007.97;   19.2;   60.33;   21.4;   16.5;   16.0;eor
       5906;20180831;   10;   7.2;   2.7;    3;   0.0;   0;    2.033;-999;   7.7;  12.0; 1009.02;   16.8;   63.38;   21.6;   11.4;    7.5;eor
       5906;20180901;   10;  10.2;   2.9;    3;   0.0;   0;   10.467;-999;   2.8;   9.2; 1011.73;   16.6;   52.00;   23.3;    8.9;    5.3;eor
       5906;20180902;   10;   7.7;   2.9;    3;   0.5;   6;    0.000;-999;   7.4;  12.2; 1009.96;   16.6;   63.79;   19.7;   12.4;    9.0;eor
       5906;20180903;   10;   5.3;   1.9;    3;   0.3;   6;    1.483;-999;   7.9;  15.7; 1004.85;   18.7;   74.00;   23.4;   14.9;   12.9;eor
       5906;20180904;   10;   5.7;   1.3;    3;   0.5;   6;    6.200;-999;   7.3;  17.0; 1004.15;   20.0;   74.83;   26.7;   13.5;   11.0;eor
       5906;20180905;   10;   5.3;   1.3;    3;   0.0;   6;    9.467;-999;   4.1;  15.4; 1003.78;   21.8;   62.58;   30.0;   13.3;   11.1;eor
       5906;20180906;   10;  10.9;   1.7;    3;   5.1;   6;    4.117;-999;   7.1;  16.6;  999.96;   19.5;   74.00;   28.5;   14.7;   12.3;eor
       5906;20180907;   10;  10.4;   2.9;    3;   0.1;   6;    3.517;-999;   7.0;  15.6; 1003.30;   18.4;   74.92;   22.8;   14.5;   11.2;eor
       5906;20180908;   10;   6.6;   1.7;    3;   0.0;   0;   12.100;-999;   3.5;  11.5; 1009.09;   16.4;   64.92;   22.7;    9.6;    5.8;eor
       5906;20180909;   10;   5.2;   1.3;    3;   0.0;   0;    9.617;-999;   6.3;  11.4; 1009.76;   17.0;   62.88;   25.9;    8.4;    5.9;eor
       5906;20180910;   10;   9.4;   2.5;    3;   0.0;   0;    8.317;-999;   6.4;  12.3; 1010.42;   19.6;   58.58;   29.6;    8.8;    5.7;eor
       5906;20180911;   10;   8.0;   2.0;    3;   0.0;   0;   12.233;-999;  -999;  12.6; 1012.02;   19.7;   59.67;   28.7;   10.5;    7.3;eor
       5906;20180912;   10;  10.1;   2.8;    3;   0.0;   0;   10.983;-999;   2.3;  13.4; 1008.25;   22.8;   52.83;   32.2;   12.3;    8.5;eor
       5906;20180913;   10;   6.1;   2.6;    3;   1.0;   6;    0.150;-999;   7.7;  15.8; 1007.15;   18.1;   76.46;   22.1;   15.3;   14.7;eor
       5906;20180914;   10;   5.9;   2.3;    3;   0.0;   0;    3.533;-999;   7.5;  15.1; 1008.18;   18.5;   71.96;   23.2;   14.7;   14.4;eor
       5906;20180915;   10;   7.8;   1.9;    3;   0.0;   0;    8.883;-999;   5.6;  10.1; 1012.25;   16.2;   57.21;   22.3;    8.6;    5.1;eor
       5906;20180916;   10;   5.6;   1.2;    3;   0.0;   0;   11.317;-999;   6.3;  10.1; 1010.45;   16.4;   58.17;   26.1;    6.7;    3.0;eor
       5906;20180917;   10;   6.1;   1.5;    3;   0.0;   0;   11.650;-999;   4.6;  11.1; 1007.48;   18.5;   56.75;   28.2;    8.5;    5.1;eor
       5906;20180918;   10;   8.6;   2.7;    3;   0.0;   0;   10.583;-999;   3.0;  14.1; 1004.23;   21.5;   56.50;   31.0;   10.0;    7.0;eor
       5906;20180919;   10;   8.2;   2.6;    3;   0.0;   0;   10.883;-999;   3.3;  15.0; 1007.25;   23.0;   55.46;   30.2;   17.0;   13.5;eor
       5906;20180920;   10;   8.2;   1.9;    3;   0.0;   0;   10.817;-999;   6.5;  15.0; 1005.97;   21.5;   61.04;   29.5;   14.6;   11.4;eor
       5906;20180921;   10;  14.3;   4.4;    3;   2.8;   6;    1.550;-999;   7.9;  14.0; 1001.48;   18.7;   65.58;   25.8;   12.7;   10.2;eor
       5906;20180922;   10;  10.0;   3.2;    3;   7.5;   6;    5.250;-999;   7.7;  10.3; 1009.94;   14.1;   66.00;   20.0;    9.7;    7.9;eor
       5906;20180923;   10;  24.6;   5.7;    3;   7.5;   6;    1.583;-999;   7.3;  14.5; 1001.74;   15.3;   82.75;   23.9;   10.0;    9.4;eor
       5906;20180924;   10;  11.0;   2.7;    3;   0.0;   0;    6.567;-999;   4.2;   8.8; 1020.44;   11.4;   66.67;   16.2;    7.4;    4.2;eor
       5906;20180925;   10;   7.6;   1.9;    3;   0.0;   0;   10.883;-999;   3.0;   7.6; 1025.73;   10.2;   64.92;   16.7;    3.5;   -0.1;eor
       5906;20180926;   10;   5.1;   1.2;    3;   0.0;   0;   10.583;-999;   8.0;   7.1; 1022.38;   10.7;   58.75;   19.1;    2.6;   -0.8;eor
       5906;20180927;   10;   4.3;   1.1;    3;   0.0;   0;   11.300;-999;   0.0;   9.1; 1016.15;   13.4;   63.71;   23.7;    3.7;    0.9;eor
       5906;20180928;   10;  11.4;   3.0;    3;   0.0;   6;    8.617;-999;   3.3;  10.0; 1011.50;   14.1;   65.29;   21.7;    6.5;    3.2;eor
       5906;20180929;   10;   8.4;   2.9;    3;   0.0;   0;   10.983;-999;  -999;   7.1; 1014.12;   11.4;   55.63;   17.9;    4.4;    0.5;eor
       5906;20180930;   10;   6.3;   1.4;    3;   0.0;   0;   10.883;-999;   1.6;   8.1; 1005.32;   11.3;   62.42;   20.1;    2.3;   -1.9;eor
       5906;20181001;   10;  10.8;   3.3;    3;   0.0;   6;    2.183;-999;   7.1;   8.2; 1006.04;   11.3;   62.04;   16.2;    6.7;    3.7;eor
       5906;20181002;   10;  11.4;   3.8;    3;   0.0;   6;    0.183;   0;   6.8;   8.6; 1010.87;    8.5;   77.08;   11.5;    2.9;   -1.4;eor
       5906;20181003;   10;   7.6;   2.9;    3;   0.0;   0;    4.833;   0;   6.8;  10.3; 1013.27;   12.8;   71.17;   18.2;    4.8;    1.2;eor
       5906;20181004;   10;   3.8;   1.0;    3;   0.0;   0;   10.667;   0;   0.1;   8.8; 1015.01;   10.4;   72.79;   20.4;    2.6;   -0.5;eor
       5906;20181005;   10;   5.6;   1.4;    3;   0.0;   0;   10.800;   0;   0.5;  10.0; 1007.87;   12.3;   73.67;   22.1;    2.8;   -0.4;eor
       5906;20181006;   10;   8.0;   2.1;    3;   0.0;   0;    5.367;   0;   7.8;  11.9; 1000.05;   15.2;   71.54;   23.7;    6.3;    4.2;eor
       5906;20181007;   10;   9.9;   2.8;    3;   0.0;   0;    9.600;   0;   4.1;  12.1; 1003.50;   13.8;   78.00;   21.5;    7.5;    4.7;eor
       5906;20181008;   10;   4.9;   1.8;    3;   0.0;   0;    9.833;   0;   4.4;  11.9; 1009.03;   13.7;   77.46;   21.8;    7.5;    5.2;eor
       5906;20181009;   10;   5.3;   1.4;    3;   0.0;   0;    9.500;   0;   5.7;  12.8; 1009.75;   14.2;   80.67;   22.6;    6.9;    4.0;eor
       5906;20181010;   10;   9.0;   1.8;    3;   0.0;   0;   10.333;   0;   0.1;  12.3; 1005.20;   15.9;   71.54;   24.5;    6.9;    3.6;eor
       5906;20181011;   10;   5.5;   1.5;    3;   0.0;   6;    6.383;   0;   4.6;  13.2; 1003.02;   14.8;   79.42;   20.7;    6.5;    3.6;eor
       5906;20181012;   10;   7.7;   2.3;    3;   0.0;   0;   10.133;   0;   5.0;  14.1; 1009.74;   18.6;   68.21;   26.5;   11.6;    8.7;eor
       5906;20181013;   10;   4.9;   1.1;    3;   0.0;   0;   10.350;   0;   0.1;  12.0; 1008.23;   17.2;   65.38;   27.4;    8.3;    6.0;eor
       5906;20181014;   10;   7.0;   1.2;    3;   0.0;   0;   10.233;   0;   0.0;  10.8; 1000.95;   16.5;   62.50;   26.9;    7.6;    4.8;eor
       5906;20181015;   10;   4.9;   1.4;    3;   0.0;   0;    9.933;   0;   3.2;  11.3; 1002.10;   15.7;   66.50;   25.1;    8.2;    4.7;eor
       5906;20181016;   10;   5.0;   1.0;    3;   0.0;   0;    9.967;   0;   0.3;  10.7; 1006.52;   14.4;   68.54;   25.0;    5.2;    2.2;eor
       5906;20181017;   10;   3.9;   1.2;    3;   0.0;   0;    9.350;   0;   6.0;  11.8; 1007.00;   14.4;   73.92;   22.0;    6.4;    3.5;eor
       5906;20181018;   10;  11.1;   3.0;    3;   0.0;   0;    9.117;   0;   4.3;  12.5; 1008.46;   15.0;   74.96;   22.4;    7.7;    4.7;eor
       5906;20181019;   10;   5.0;   2.1;    3;   0.0;   0;    8.850;   0;   2.6;  11.9; 1011.00;   13.7;   77.00;   20.1;    8.4;    6.8;eor
       5906;20181020;   10;   6.5;   2.0;    3;   0.0;   0;    8.600;   0;   5.9;  10.6; 1016.17;   12.7;   74.00;   19.0;    5.9;    1.1;eor
       5906;20181021;   10;   5.2;   1.4;    3;   0.0;   0;    9.117;   0;   2.3;   7.9; 1016.00;    9.7;   69.29;   18.4;    2.4;   -0.9;eor
       5906;20181022;   10;   9.3;   2.5;    3;   0.0;   0;    5.717;   0;   4.1;   8.7; 1017.30;    9.5;   74.58;   16.7;    3.5;   -0.9;eor
       5906;20181023;   10;   9.0;   2.7;    3;   0.0;   6;    0.217;   0;   6.8;   8.0; 1015.21;    9.4;   71.50;   14.6;    1.1;   -2.8;eor
       5906;20181024;   10;  10.6;   3.6;    3;   0.7;   6;    0.000;   0;   7.8;  12.2; 1011.57;   13.4;   78.79;   15.7;   11.6;   11.1;eor
       5906;20181025;   10;   7.4;   2.7;    3;   0.0;   6;    0.683;   0;   7.8;  12.1; 1007.78;   13.4;   78.96;   16.3;   10.7;    9.8;eor
       5906;20181026;   10;   9.8;   3.3;    3;   2.4;   6;    0.783;   0;   7.9;   9.2;  998.95;   10.9;   71.38;   13.4;    8.0;    4.6;eor
       5906;20181027;   10;   8.1;   1.8;    3;   0.0;   6;    0.717;   0;   7.9;   7.9;  996.98;    8.1;   73.46;   10.5;    6.1;    4.6;eor
       5906;20181028;   10;  10.4;   4.2;    3;   0.8;   6;    0.000;   0;   7.7;   7.1;  997.16;    6.1;   75.96;    7.2;    5.1;    4.3;eor
       5906;20181029;   10;   9.8;   3.6;    3;   0.5;   6;    0.000;   0;   8.0;   7.6;  987.05;    6.2;   79.54;    7.4;    5.4;    5.2;eor
       5906;20181030;   10;  15.5;   5.9;    3;   2.3;   6;    0.000;   0;   6.8;   7.7;  985.69;    6.6;   79.33;    7.9;    4.9;    1.9;eor
       5906;20181031;   10;   5.1;   1.7;    3;   0.0;   0;    0.683;   0;   6.4;   7.8; 1002.45;    6.4;   80.50;   11.5;    0.1;   -2.2;eor
       5906;20181101;   10;   7.0;   1.8;    3;   0.1;   6;    1.533;   0;   6.8;   8.7; 1001.05;    6.7;   88.04;   11.6;    1.0;   -0.8;eor
       5906;20181102;   10;   7.6;   2.3;    3;   0.0;   0;    7.433;   0;   4.3;   9.2; 1010.85;   10.0;   76.04;   15.0;    5.0;    0.3;eor
       5906;20181103;   10;   5.9;   2.5;    3;   0.0;   0;    6.600;   0;   7.3;   8.4; 1014.46;    9.7;   69.67;   14.2;    4.9;    2.6;eor
       5906;20181104;   10;   5.5;   1.3;    3;   0.0;   0;    0.000;   0;   8.0;  10.5; 1004.70;   11.1;   79.33;   13.1;    9.2;    9.1;eor
       5906;20181105;   10;   3.9;   1.2;    3;   0.1;   4;    2.883;   0;   6.5;  10.7;  997.73;   10.2;   86.83;   14.7;    6.6;    3.8;eor
       5906;20181106;   10;   7.5;   1.8;    3;   0.0;   4;    1.050;   0;   8.0;   9.9;  997.10;    7.4;   96.08;   10.8;    4.5;    2.6;eor
       5906;20181107;   10;   5.1;   1.6;    3;   0.6;   6;    7.583;   0;   5.2;  10.1; 1000.60;   10.4;   81.38;   17.2;    3.0;    0.0;eor
       5906;20181108;   10;   5.5;   2.0;    3;   0.0;   6;    4.533;   0;   7.8;  11.1; 1008.28;   12.1;   79.33;   14.9;   10.1;    7.5;eor
       5906;20181109;   10;   5.5;   1.5;    3;   0.1;   6;    5.900;   0;   7.6;  10.5; 1003.30;   10.3;   84.58;   15.9;    4.9;    1.9;eor
       5906;20181110;   10;   7.8;   2.8;    3;   3.8;   6;    0.583;   0;   7.9;  10.7;  997.32;   11.6;   77.88;   14.6;    8.7;    5.7;eor
       5906;20181111;   10;  10.7;   3.6;    3;   5.0;   6;    8.100;   0;   3.8;  12.1; 1000.05;   13.1;   81.21;   16.9;   10.2;    8.4;eor
       5906;20181112;   10;   7.1;   2.5;    3;   6.1;   6;    0.467;   0;   7.8;  11.5; 1004.78;   14.5;   70.17;   17.0;   11.9;    9.1;eor
       5906;20181113;   10;   8.8;   2.9;    3;   1.7;   6;    2.400;   0;   4.7;  11.8; 1014.72;   11.2;   88.29;   13.8;    5.7;    2.4;eor
       5906;20181114;   10;   4.4;   1.4;    3;   0.0;   0;    0.000;   0;   6.8;   9.0; 1017.83;    5.5;   99.46;    7.1;    2.2;   -0.6;eor
       5906;20181115;   10;   3.9;   1.6;    3;   0.0;   0;    0.000;   0;   8.0;   8.7; 1015.92;    6.4;   89.75;    7.0;    5.8;    5.9;eor
       5906;20181116;   10;   6.6;   1.8;    3;   0.0;   0;    8.183;   0;   2.1;   7.1; 1016.64;    6.8;   73.04;   11.8;    2.8;   -0.4;eor
       5906;20181117;   10;   9.8;   3.4;    3;   0.0;   0;    8.300;   0;   0.1;   5.8; 1016.38;    5.9;   64.04;   11.5;    1.1;   -1.9;eor
       5906;20181118;   10;   7.3;   3.2;    3;   0.0;   6;    8.217;   0;   2.3;   4.5; 1012.62;    4.3;   55.29;    9.6;   -0.1;   -3.6;eor
       5906;20181119;   10;  10.9;   4.0;    3;   0.0;   6;    0.017;   0;   6.5;   5.3; 1002.38;    2.7;   71.08;    4.8;   -1.4;   -3.6;eor
       5906;20181120;   10;  10.3;   2.8;    3;   0.0;   0;    0.000;   0;   6.8;   5.5;  996.24;    3.5;   70.42;    5.4;    0.8;   -3.0;eor
       5906;20181121;   10;   4.3;   1.7;    3;   0.0;   0;    2.800;   0;   5.7;   5.7; 1003.63;    2.1;   81.29;    3.9;   -2.4;   -5.8;eor
       5906;20181122;   10;   4.9;   1.8;    3;   0.0;   0;    3.650;   0;   4.3;   5.7; 1008.30;    2.3;   79.04;    5.1;   -2.6;   -5.8;eor
       5906;20181123;   10;   3.4;   1.1;    3;   1.0;   6;    6.967;   0;   4.0;   5.6; 1006.28;    0.8;   87.17;    6.5;   -4.0;   -6.4;eor
       5906;20181124;   10;   8.2;   2.5;    3;   0.2;   6;    1.000;   0;   7.6;   8.1; 1000.96;    5.6;   88.46;    8.8;    1.2;    1.1;eor
       5906;20181125;   10;   4.6;   1.7;    3;   0.0;   0;    2.133;   0;   8.0;   8.5;  997.26;    6.9;   85.42;    9.0;    4.2;    1.6;eor
       5906;20181126;   10;   6.4;   2.3;    3;   1.3;   6;    0.000;   0;   7.8;   7.5;  997.45;    5.9;   80.79;    7.6;    4.1;    3.3;eor
       5906;20181127;   10;   4.1;   1.8;    3;   0.0;   0;    0.000;   0;   8.0;   7.0; 1007.43;    3.7;   87.29;    4.6;    2.9;    1.7;eor
       5906;20181128;   10;   6.9;   2.0;    3;   0.7;   6;    0.833;   0;   8.0;   6.7; 1011.47;    3.6;   85.33;    6.5;   -1.1;   -3.5;eor
       5906;20181129;   10;   4.9;   1.5;    3;   0.0;   6;    0.617;   0;   7.9;   7.4; 1006.68;    5.0;   84.21;    7.3;    2.7;   -0.7;eor
       5906;20181130;   10;   6.2;   2.4;    3;   3.9;   6;    0.000;   0;   7.8;   8.6; 1003.34;    6.5;   88.46;    7.7;    3.5;   -0.4;eor
       5906;20181201;   10;   8.4;   3.1;    3;   2.8;   6;    3.100;   0;   7.6;   9.3; 1004.19;    7.7;   89.38;   10.2;    5.0;    2.6;eor
       5906;20181202;   10;  11.3;   4.5;    3;  21.5;   6;    0.217;   0;   7.7;  11.4;  994.79;   10.3;   89.63;   12.4;    7.6;    7.2;eor
       5906;20181203;   10;  10.3;   4.0;    3;  37.9;   6;    0.000;   0;   7.6;  13.2;  993.84;   11.7;   95.46;   12.7;   10.6;    9.4;eor
       5906;20181204;   10;   9.7;   2.7;    3;   0.9;   6;    0.983;   0;   6.2;   9.1; 1007.67;    7.6;   86.50;   11.7;    1.3;   -1.1;eor
       5906;20181205;   10;   3.0;   1.1;    3;   1.3;   6;    2.167;   0;   7.6;   7.5; 1012.15;    3.9;   93.21;    7.6;    1.1;   -0.3;eor
       5906;20181206;   10;   6.4;   3.0;    3;   0.0;   6;    0.000;   0;   7.9;  11.1; 1007.45;    9.5;   93.25;   12.0;    6.0;    5.4;eor
       5906;20181207;   10;  14.6;   5.7;    3;   0.0;   6;    0.017;   0;   7.9;  10.7; 1000.49;   11.5;   78.33;   12.8;    7.8;    6.3;eor
       5906;20181208;   10;  14.6;   6.6;    3;   1.9;   6;    0.067;   0;   7.5;   8.7;  997.97;    7.8;   81.13;    8.9;    6.9;    6.1;eor
       5906;20181209;   10;  17.5;   6.6;    3;   1.2;   6;    0.000;   0;   7.6;   8.5;  993.50;    8.9;   74.58;   11.3;    6.7;    5.2;eor
       5906;20181210;   10;  14.9;   4.3;    3;   0.2;   6;    0.817;   0;   6.7;   6.8; 1009.23;    6.0;   72.96;    7.9;    3.7;    0.5;eor
       5906;20181211;   10;   8.4;   2.8;    3;   0.0;   6;    0.383;   0;   7.1;   6.4; 1011.88;    3.9;   80.38;    6.3;    1.7;   -0.7;eor
       5906;20181212;   10;   6.0;   1.9;    3;   0.0;   6;    1.750;   0;   5.4;   6.3; 1011.60;    2.6;   85.79;    5.0;    0.0;   -2.3;eor
       5906;20181213;   10;  11.2;   3.1;    3;   0.0;   0;    4.517;   0;   2.8;   4.6; 1006.98;    1.0;   69.54;    2.7;   -0.9;   -4.6;eor
       5906;20181214;   10;   6.5;   2.4;    3;   0.0;   0;    0.000;   0;   8.0;   4.3; 1009.43;    1.1;   64.79;    1.4;    0.6;   -0.6;eor
       5906;20181215;   10;   7.6;   2.2;    3;   1.2;   7;    0.000;   0;   7.6;   4.3; 1012.01;    0.5;   68.46;    1.3;   -1.0;   -4.0;eor
       5906;20181216;   10;   7.6;   2.0;    3;   1.1;   8;    0.000;   1;   7.8;   5.6; 1002.75;    0.2;   89.79;    3.1;   -1.8;   -1.8;eor
       5906;20181217;   10;   7.4;   2.6;    3;   1.9;   6;    0.183;   0;   7.5;   7.7; 1010.31;    3.7;   97.25;    4.9;    1.8;    0.9;eor
       5906;20181218;   10;   7.8;   2.6;    3;   0.1;   6;    6.450;   0;   6.4;   7.3; 1011.81;    5.0;   84.08;    8.0;    1.8;   -1.8;eor
       5906;20181219;   10;   6.1;   2.6;    3;   0.7;   6;    0.000;   0;   7.9;   7.3; 1004.18;    4.7;   85.46;    6.6;    2.4;    0.0;eor
       5906;20181220;   10;  10.5;   4.4;    3;   0.3;   6;    0.067;   0;   7.9;   8.6; 1004.75;    6.7;   87.79;    7.7;    5.1;    4.2;eor
       5906;20181221;   10;  13.6;   6.3;    3;   1.7;   6;    0.000;   0;   7.8;  10.0; 1000.05;    9.5;   84.25;   12.7;    7.1;    6.0;eor
       5906;20181222;   10;  12.2;   4.6;    3;   0.1;   6;    0.033;   0;   7.9;  10.2; 1004.53;   11.1;   77.08;   12.4;    9.2;    7.3;eor
       5906;20181223;   10;  11.2;   3.5;    3;  13.5;   6;    0.000;   0;   7.8;  10.7; 1008.10;    9.5;   89.29;   13.8;    7.4;    6.2;eor
       5906;20181224;   10;  17.0;   3.4;    3;   0.0;   6;    0.083;   0;   6.3;   7.8; 1015.31;    5.9;   81.96;   14.2;   -1.0;   -3.6;eor
       5906;20181225;   10;   3.9;   1.3;    3;   0.0;   0;    3.683;   0;   4.7;   5.3; 1024.18;   -0.5;   90.96;    3.7;   -4.0;   -6.7;eor
       5906;20181226;   10;   5.5;   1.9;    3;   0.0;   0;    0.000;   0;   7.3;   5.4; 1021.85;   -1.5;   98.00;   -0.7;   -3.1;   -6.2;eor
       5906;20181227;   10;   4.0;   1.3;    3;   0.0;   0;    0.000;   0;   8.0;   5.6; 1016.89;   -0.8;   96.21;    0.2;   -1.4;   -1.0;eor
       5906;20181228;   10;   4.1;   1.7;    3;   0.0;   0;    0.000;   0;   8.0;   5.6; 1018.32;   -0.1;   92.33;    0.9;   -0.9;   -0.7;eor
       5906;20181229;   10;  10.1;   3.1;    3;   1.1;   6;    0.000;   0;   7.8;   6.3; 1021.21;    1.5;   91.67;    4.5;   -0.1;    0.0;eor
       5906;20181230;   10;   9.6;   3.6;    3;   1.0;   6;    0.000;   0;   7.8;   7.9; 1020.84;    6.0;   84.33;    7.5;    4.4;    3.9;eor
       5906;20181231;   10;   4.6;   2.4;    3;   1.2;   6;    0.000;   0;   8.0;   9.2; 1021.74;    5.9;   99.54;    7.3;    4.8;    4.8;eor
       5906;20190101;   10;  10.4;   3.8;    3;   0.3;   6;    0.000;   0;   7.5;   8.5; 1017.69;    6.7;   86.46;    7.7;    4.8;    2.8;eor
       5906;20190102;   10;  11.6;   3.8;    3;   0.0;   6;    3.817;   0;   4.3;   5.4; 1021.01;    3.6;   67.79;    6.1;   -2.5;   -6.8;eor
       5906;20190103;   10;   4.1;   1.4;    3;   1.1;   8;    0.000;   0;   6.9;   5.3; 1025.63;   -1.1;   92.79;    0.5;   -4.3;   -7.7;eor
       5906;20190104;   10;   7.6;   1.8;    3;   4.1;   6;    1.100;   0;   7.9;   6.1; 1024.02;    1.2;   91.38;    4.2;   -1.9;   -4.4;eor
       5906;20190105;   10;   7.5;   2.9;    3;   8.1;   8;    0.000;   0;   7.8;   7.5; 1017.88;    4.7;   88.25;    7.4;    2.5;    2.2;eor
       5906;20190106;   10;   7.5;   2.8;    3;   2.3;   6;    0.000;   0;   7.7;   8.1; 1019.39;    5.5;   89.42;    6.5;    4.8;    4.3;eor
       5906;20190107;   10;   9.7;   2.6;    3;   4.2;   8;    0.367;   0;   7.8;   7.4; 1020.04;    4.7;   87.00;    6.1;    3.3;    3.0;eor
       5906;20190108;   10;  14.7;   5.9;    3;   3.0;   8;    0.750;   0;   7.0;   7.3; 1005.29;    5.3;   81.83;    7.5;    3.3;    1.8;eor
       5906;20190109;   10;  12.5;   4.8;    3;   0.0;   8;    0.600;   0;   7.7;   5.8; 1003.53;    3.3;   75.33;    4.9;    0.1;   -0.7;eor
       5906;20190110;   10;   6.8;   2.8;    3;   0.0;   7;    0.000;   0;   7.8;   5.1; 1011.99;    1.5;   74.46;    2.8;   -1.3;   -3.0;eor
       5906;20190111;   10;   6.8;   2.6;    3;   3.4;   8;    0.000;   0;   7.9;   5.6; 1013.36;   -0.1;   92.54;    0.8;   -1.1;   -2.4;eor
       5906;20190112;   10;   8.7;   3.9;    3;   6.6;   6;    0.000;   0;   7.8;   7.2; 1008.98;    2.9;   95.92;    4.8;    0.7;    0.5;eor
       5906;20190113;   10;  14.4;   4.0;    3;   6.6;   6;    0.000;   0;   7.4;   9.2;  996.66;    7.0;   91.21;   10.3;    4.1;    3.4;eor
       5906;20190114;   10;  13.7;   3.9;    3;   2.8;   6;    1.250;   0;   6.7;   6.8; 1000.76;    5.3;   76.08;    7.5;    2.2;   -0.8;eor
       5906;20190115;   10;   8.4;   3.2;    3;   0.0;   6;    0.283;   0;   7.9;   6.7; 1009.38;    4.4;   79.42;    6.3;    1.6;    0.5;eor
       5906;20190116;   10;   8.1;   3.5;    3;   0.2;   6;    1.817;   0;   8.0;   6.4; 1001.63;    5.0;   73.92;    6.3;    2.2;    0.3;eor
       5906;20190117;   10;  14.3;   5.0;    3;   1.4;   8;    2.367;   0;   6.6;   7.2;  995.67;    5.8;   77.08;    8.3;    2.3;    0.3;eor
       5906;20190118;   10;   8.0;   2.2;    3;   0.4;   8;    4.000;   0;   6.8;   5.3; 1007.04;    1.9;   75.42;    4.5;   -2.3;   -5.1;eor
       5906;20190119;   10;   7.7;   1.6;    3;  -999;-999;    7.867;   0;   3.4;   4.2; 1004.87;   -1.3;   76.83;    3.8;   -5.4;   -8.7;eor
       5906;20190120;   10;-999;-999;    3;  -999;-999;    6.500;-999;  -999;  -999;    -999;   -4.0;-999;   -1.5;   -7.0;   -9.0;eor
       5906;20190121;   10;-999;-999;    3;   0.0;   4;    7.800;-999;  -999;  -999;    -999;   -4.5;-999;    0.7;   -6.3;  -10.1;eor
       5906;20190122;   10;   8.7;   2.1;    3;   0.0;   7;    0.000;   0;   6.3;   3.9;  999.36;   -3.3;   81.67;   -0.4;   -7.7;  -11.0;eor
       5906;20190123;   10;   5.5;   2.3;    3;   0.0;   0;    0.417;   0;   8.0;   3.9;  988.40;   -1.5;   70.29;   -0.2;   -3.3;   -4.9;eor
       5906;20190124;   10;   4.9;   1.7;    3;   0.0;   7;    0.000;   0;   7.9;   3.8;  998.29;   -2.4;   72.96;   -1.6;   -3.5;   -5.2;eor
       5906;20190125;   10;   9.7;   3.8;    3;   1.6;   8;    0.000;   0;   7.6;   4.3; 1004.53;   -1.2;   76.29;    1.4;   -3.9;   -6.6;eor
       5906;20190126;   10;  11.0;   5.7;    3;   0.4;   6;    0.000;   0;   7.7;   6.4;  998.67;    2.6;   86.63;    4.8;   -0.4;   -0.5;eor
       5906;20190127;   10;  14.5;   6.0;    3;   1.3;   6;    0.033;-999;   7.8;   7.3;  981.28;    5.8;   78.75;    7.8;    3.2;    2.1;eor
       5906;20190128;   10;  11.8;   5.3;    3;   0.1;   6;    0.000;-999;   7.6;   5.9;  986.47;    3.1;   78.04;    4.0;    1.9;    0.5;eor
       5906;20190129;   10;   7.5;   3.1;    3;   0.0;   7;    1.700;   0;   7.4;   5.4;  993.92;    1.9;   76.79;    4.5;    0.3;   -2.6;eor
       5906;20190130;   10;  15.9;   4.6;    3;   0.0;   8;    0.083;   1;   7.6;   5.0;  983.55;    1.8;   71.63;    4.0;   -0.2;   -3.1;eor
       5906;20190131;   10;   9.0;   2.9;    3;   0.8;   8;    1.833;   0;   6.2;   5.0;  985.34;    0.7;   78.75;    3.7;   -1.8;   -5.1;eor
       5906;20190201;   10;   9.0;   2.2;    3;   0.8;   6;    0.000;   0;   7.2;   6.6;  979.33;    3.0;   86.50;    5.7;    1.5;    0.3;eor
       5906;20190202;   10;   6.3;   1.8;    3;   0.1;   6;    0.017;   0;   8.0;   7.5;  985.50;    3.9;   92.63;    6.2;    2.3;    1.1;eor
       5906;20190203;   10;  12.6;   4.3;    3;   0.0;   6;    0.000;   0;   8.0;   5.7; 1005.29;    3.1;   74.38;    4.1;    0.5;   -2.5;eor
       5906;20190204;   10;   7.9;   2.5;    3;   0.0;   0;    7.650;   0;   6.1;   5.0; 1017.06;    1.9;   72.50;    5.9;   -2.8;   -6.7;eor
       5906;20190205;   10;   6.8;   2.5;    3;   0.0;   0;    5.733;   0;   4.9;   5.3; 1016.92;    2.7;   72.33;    6.8;   -2.0;   -5.6;eor
       5906;20190206;   10;   8.6;   1.8;    3;   0.0;   0;    6.967;   0;   7.0;   5.0; 1014.16;    0.4;   79.79;    6.2;   -4.2;   -7.9;eor
       5906;20190207;   10;   9.8;   3.9;    3;   0.5;   8;    0.117;   0;   7.4;   6.1; 1004.73;    2.2;   83.63;    5.6;   -2.7;   -5.4;eor
       5906;20190208;   10;  11.3;   4.5;    3;   0.7;   6;    0.267;   0;   7.9;   7.1; 1004.67;    6.4;   74.42;    9.9;    2.7;    0.9;eor
       5906;20190209;   10;  14.3;   4.9;    3;   3.3;   6;    0.200;   0;   7.8;   7.9; 1000.00;    7.6;   75.33;   10.4;    5.6;    3.6;eor
       5906;20190210;   10;  16.7;   5.8;    3;   3.8;   6;    0.000;   0;   7.8;   7.9;  990.62;    8.2;   72.13;   12.5;    5.3;    3.7;eor
       5906;20190211;   10;  12.7;   4.8;    3;   0.0;   6;    1.067;   0;   6.8;   6.2; 1006.85;    5.7;   67.79;    8.0;    2.7;   -1.2;eor
       5906;20190212;   10;   7.0;   2.5;    3;   0.0;   0;    1.450;   0;   7.5;   5.8; 1022.82;    4.3;   69.96;    7.3;    1.0;   -3.0;eor
       5906;20190213;   10;   4.8;   1.3;    3;   0.0;   0;    8.300;   0;   4.0;   5.3; 1025.36;    2.9;   72.17;   10.4;   -2.8;   -6.5;eor
       5906;20190214;   10;   3.5;   1.0;    3;   0.0;   0;    7.550;   0;   4.8;   5.5; 1024.70;    1.4;   81.46;    9.6;   -4.5;   -8.3;eor
       5906;20190215;   10;   2.9;   0.9;    3;   0.0;   0;    9.633;   0;   0.0;   6.0; 1020.85;    3.6;   78.04;   14.8;   -3.6;   -7.6;eor
       5906;20190216;   10;   7.8;   1.6;    3;   0.0;   0;    9.617;   0;   0.6;   5.9; 1016.41;    4.3;   73.79;   14.8;   -3.7;   -7.7;eor
       5906;20190217;   10;   6.9;   1.5;    3;   0.0;   0;    9.717;   0;   6.5;   5.7; 1012.60;    4.8;   70.79;   16.9;   -3.7;   -7.4;eor
       5906;20190218;   10;   7.9;   1.6;    3;   0.0;   0;    9.283;   0;   1.5;   5.6; 1008.74;    5.2;   67.42;   15.8;   -3.3;   -7.2;eor
       5906;20190219;   10;   6.5;   2.3;    3;   0.0;   6;    3.500;   0;   6.0;   6.8; 1009.07;    6.2;   71.63;   11.6;    1.9;   -3.7;eor
       5906;20190220;   10;   5.8;   1.8;    3;   0.0;   0;    7.633;   0;   6.8;   6.8; 1012.96;    5.5;   77.58;   12.5;   -1.4;   -5.9;eor
       5906;20190221;   10;   6.8;   1.5;    3;   0.0;   6;    1.967;   0;   6.7;   8.0; 1016.53;    7.3;   78.63;   13.0;   -0.5;   -4.4;eor
       5906;20190222;   10;   6.1;   2.0;    3;   0.0;   0;    0.917;   0;   6.7;   8.6; 1022.54;    9.7;   72.13;   13.4;    4.4;   -1.0;eor
       5906;20190223;   10;   7.1;   2.5;    3;   0.0;   0;    8.167;   0;   5.9;   4.7; 1026.58;    6.2;   51.46;   11.5;    2.1;   -3.9;eor
       5906;20190224;   10;   8.0;   1.9;    3;   0.0;   0;   10.233;   0;   2.4;   3.2; 1026.03;    5.0;   38.83;   13.6;   -3.5;   -8.1;eor
       5906;20190225;   10;   5.4;   1.6;    3;   0.0;   0;   10.233;   0;   4.2;   4.4; 1025.35;    6.9;   46.17;   16.7;   -2.6;   -7.0;eor
       5906;20190226;   10;   5.4;   1.2;    3;   0.0;   0;   10.100;   0;  -999;   5.9; 1021.99;    7.5;   60.67;   18.8;   -1.8;   -6.0;eor
       5906;20190227;   10;   4.6;   0.9;    3;   0.0;   0;   10.367;   0;   0.3;   5.5; 1015.10;    7.2;   60.75;   19.3;   -2.8;   -7.1;eor
       5906;20190228;   10;  14.7;   4.1;    3;   3.0;   6;    9.600;   0;   2.6;   7.6; 1006.54;   10.9;   58.96;   19.6;    3.8;   -2.9;eor
       5906;20190301;   10;   9.1;   3.4;    3;   1.3;   6;    0.217;   0;   7.8;   9.1; 1003.80;    9.4;   77.79;   11.9;    6.6;    6.1;eor
       5906;20190302;   10;  10.2;   3.2;    3;   0.0;   6;    0.317;   0;   7.8;   8.6; 1005.82;    8.7;   76.88;   12.1;    6.1;    5.3;eor
       5906;20190303;   10;  11.3;   5.4;    3;   0.0;   6;    0.000;   0;   7.9;   8.7; 1000.97;   10.8;   67.75;   12.4;    8.8;    7.3;eor
       5906;20190304;   10;  20.1;   6.2;    3;   2.3;   6;    1.483;   0;   7.6;   7.7;  990.13;    9.9;   63.71;   13.7;    6.5;    4.6;eor
       5906;20190305;   10;  13.6;   5.0;    3;   0.3;   6;    0.350;   0;   7.8;   7.5;  998.55;    6.8;   75.21;    8.0;    5.7;    4.2;eor
       5906;20190306;   10;  11.1;   3.4;    3;   0.0;   6;    6.267;   0;   7.8;   7.5;  994.01;   10.6;   62.17;   16.1;    2.5;   -1.6;eor
       5906;20190307;   10;  17.9;   6.1;    3;   2.1;   6;    2.583;   0;   6.5;   8.0;  989.93;   11.0;   61.33;   15.9;    7.5;    5.3;eor
       5906;20190308;   10;  12.8;   5.0;    3;   0.1;   6;    1.717;   0;   7.8;   7.1; 1002.66;    8.8;   63.08;   11.0;    6.8;    2.8;eor
       5906;20190309;   10;  17.9;   6.5;    3;   3.4;   6;    0.267;   0;   7.9;   8.4; 1004.25;   10.0;   68.46;   12.4;    7.6;    6.4;eor
       5906;20190310;   10;  27.0;   7.3;    3;   2.0;   6;    3.867;   0;   6.8;   8.8;  999.39;   10.9;   68.17;   16.0;    5.1;    3.4;eor
       5906;20190311;   10;  17.9;   5.9;    3;   0.1;   6;    2.883;   0;   5.5;   5.2; 1008.58;    6.2;   54.79;    9.0;    3.4;    0.9;eor
       5906;20190312;   10;  13.9;   5.1;    3;   0.2;   6;    5.767;   0;   7.2;   5.1; 1006.83;    6.9;   53.54;   11.3;    1.2;   -2.7;eor
       5906;20190313;   10;  15.5;   6.7;    3;   3.2;   6;    2.567;   0;   7.2;   6.5;  999.07;    7.2;   64.71;    9.7;    3.2;    2.4;eor
       5906;20190314;   10;  16.0;   6.0;    3;   1.3;   6;    0.033;   0;   7.2;   7.8;  996.32;    6.6;   79.79;    8.5;    5.2;    4.1;eor
       5906;20190315;   10;  16.1;   5.5;    3;   5.8;   6;    0.000;   0;   7.7;  10.0;  997.81;    9.8;   82.21;   13.1;    6.3;    4.3;eor
       5906;20190316;   10;  15.0;   6.1;    3;   0.0;   6;    0.383;   0;   6.5;   9.6; 1000.14;   11.3;   71.46;   12.7;    7.9;    5.5;eor
       5906;20190317;   10;  14.9;   5.1;    3;   0.7;   6;    2.933;   0;   5.6;   7.6;  995.79;    8.0;   70.88;   12.8;    2.5;    0.1;eor
       5906;20190318;   10;  13.5;   3.5;    3;   1.5;   6;    4.533;   0;   5.3;   6.4; 1007.52;    5.3;   73.21;   10.5;    1.9;   -0.1;eor
       5906;20190319;   10;   7.5;   1.7;    3;   0.0;   0;   11.200;   0;   1.3;   5.4; 1016.38;    4.5;   67.71;   10.4;   -1.4;   -4.1;eor
       5906;20190320;   10;   6.8;   1.2;    3;   0.0;   0;   11.517;   0;   2.4;   5.2; 1022.24;    5.6;   61.79;   13.9;   -3.0;   -6.2;eor
       5906;20190321;   10;   7.9;   1.8;    3;   0.0;   0;   11.633;   0;   5.0;   5.3; 1021.39;    8.5;   53.00;   17.6;   -1.3;   -4.8;eor
       5906;20190322;   10;   7.1;   1.2;    3;   0.0;   0;   11.183;   0;   4.0;   6.1; 1017.46;   10.0;   55.75;   20.6;   -0.1;   -3.5;eor
       5906;20190323;   10;   9.8;   2.5;    3;   0.0;   0;   11.000;   0;   0.0;   7.6; 1015.72;   10.1;   64.00;   18.5;    2.1;   -2.5;eor
       5906;20190324;   10;   9.2;   2.7;    3;   0.0;   0;    7.400;   0;   2.6;   8.0; 1012.96;    9.0;   70.67;   15.4;    1.5;   -1.9;eor
       5906;20190325;   10;  17.1;   3.9;    3;   1.2;   6;    4.000;   0;   5.1;   6.2; 1011.36;    5.9;   68.04;   11.5;   -0.6;   -4.6;eor
       5906;20190326;   10;   9.9;   2.0;    3;   0.0;   0;    1.833;   0;   6.5;   6.4; 1018.53;    5.7;   71.04;    8.6;    1.6;   -1.5;eor
       5906;20190327;   10;   7.4;   1.8;    3;   0.0;   0;    5.933;   0;   4.8;   6.4; 1020.60;    7.0;   65.88;   12.7;    1.7;   -2.8;eor
       5906;20190328;   10;   8.1;   2.1;    3;   0.0;   0;    6.767;   0;   3.8;   6.9; 1021.65;    7.8;   67.25;   15.7;   -1.4;   -4.8;eor
       5906;20190329;   10;   7.1;   1.7;    3;   0.0;   0;   10.700;   0;   0.4;   7.7; 1017.73;   10.8;   62.96;   18.2;    3.6;   -1.1;eor
       5906;20190330;   10;   7.0;   1.6;    3;   0.0;   0;   11.950;   0;   0.1;   7.0; 1011.20;   10.9;   59.42;   20.7;    0.8;   -2.8;eor
       5906;20190331;   10;  10.8;   2.2;    3;   0.0;   0;   11.067;   0;   1.1;   7.1; 1008.58;   12.1;   54.92;   20.7;    1.3;   -1.9;eor
       5906;20190401;   10;   8.4;   2.8;    3;   0.0;   0;    8.967;   0;   0.7;   7.7; 1006.97;   12.0;   56.71;   19.2;    4.3;    2.2;eor
       5906;20190402;   10;  13.7;   3.7;    3;   0.2;   6;   10.067;   0;   6.0;   7.9;  997.36;   13.9;   53.08;   21.8;    4.2;    0.5;eor
       5906;20190403;   10;   8.7;   2.9;    3;   9.4;   6;    0.017;   0;   7.8;   9.1;  991.87;    8.7;   81.04;   13.2;    5.1;    4.7;eor
       5906;20190404;   10;   6.7;   2.2;    3;   1.1;   6;    0.067;   0;   7.9;   8.0;  989.50;    5.6;   87.75;    7.5;    4.5;    4.6;eor
       5906;20190405;   10;   4.1;   1.5;    3;   0.2;   6;    0.083;   0;   7.8;   8.6;  993.60;    6.8;   87.04;    9.2;    3.5;    0.9;eor
       5906;20190406;   10;   7.8;   1.4;    3;   0.0;   0;    7.667;   0;   6.0;   8.8;  992.32;    9.4;   75.75;   16.7;    0.3;   -2.1;eor
       5906;20190407;   10;   6.3;   1.5;    3;   0.0;   0;    7.983;   0;   5.3;   9.6;  993.04;   11.9;   71.29;   19.1;    4.4;    2.0;eor
       5906;20190408;   10;   5.4;   1.9;    3;   0.0;   0;    0.900;   0;   7.6;  10.4;  998.21;   10.8;   80.92;   14.8;    6.1;    2.8;eor
       5906;20190409;   10;   7.3;   1.3;    3;   5.2;   6;    1.067;   0;   8.0;  11.4;  998.28;   11.1;   86.46;   15.4;    7.1;    5.7;eor
       5906;20190410;   10;  10.7;   3.3;    3;   0.0;   6;    0.683;   0;   6.9;   8.4; 1000.36;   10.2;   67.88;   14.5;    4.1;    0.0;eor
       5906;20190411;   10;  12.0;   3.8;    3;   0.0;   0;   12.350;   0;   1.0;   5.1; 1007.20;    7.5;   50.79;   13.1;    1.3;   -1.0;eor
       5906;20190412;   10;  12.5;   3.9;    3;   0.0;   0;    6.500;   0;   4.8;   4.8; 1009.75;    5.3;   54.17;   10.5;   -0.7;   -3.5;eor
       5906;20190413;   10;   9.9;   3.5;    3;   1.4;   6;    0.667;   0;   7.8;   5.7; 1009.35;    4.1;   69.83;    6.8;    2.0;    2.2;eor
       5906;20190414;   10;  11.3;   3.4;    3;   0.0;   6;    7.883;   0;   5.6;   6.1; 1009.83;    5.7;   70.25;   12.4;    0.5;   -2.5;eor
       5906;20190415;   10;  14.3;   2.4;    3;   0.0;   0;   12.300;   0;   0.8;   7.1; 1009.80;   10.0;   60.63;   18.5;    0.0;   -3.6;eor
       5906;20190416;   10;   7.0;   2.3;    3;   2.7;   6;    8.983;   0;   5.3;   7.7; 1006.13;   12.2;   55.50;   19.0;    1.9;   -1.5;eor
       5906;20190417;   10;   9.2;   1.8;    3;   0.0;   4;    8.333;   0;   5.3;  10.4; 1009.81;   14.1;   66.50;   20.1;    9.8;    6.0;eor
       5906;20190418;   10;  10.4;   3.3;    3;   0.0;   0;   12.767;   0;   0.4;   7.9; 1011.48;   16.6;   42.46;   22.6;    9.2;    3.8;eor
       5906;20190419;   10;   8.5;   2.1;    3;   0.0;   0;   12.883;   0;   0.0;   7.4; 1014.41;   18.0;   37.00;   24.8;    9.3;    3.7;eor
       5906;20190420;   10;   9.6;   2.2;    3;   0.0;   0;   12.883;   0;   0.0;   7.1; 1014.19;   17.0;   41.00;   25.0;    7.1;    3.3;eor
       5906;20190421;   10;   9.2;   2.2;    3;   0.0;   0;   12.900;   0;   0.0;   6.9; 1006.79;   17.5;   38.04;   25.5;    8.0;    2.7;eor
       5906;20190422;   10;  12.3;   3.4;    3;   0.0;   0;   11.567;   0;   6.1;   6.7;  996.05;   18.0;   35.96;   25.6;    6.5;    1.3;eor
       5906;20190423;   10;  13.4;   2.4;    3;   0.0;   0;    1.550;   0;   7.9;   9.3;  987.49;   16.4;   50.71;   21.2;   11.1;    7.6;eor
       5906;20190424;   10;  21.3;   2.5;    3;   0.6;   6;    9.983;   0;   5.4;  10.7;  991.51;   15.2;   65.79;   25.8;    5.7;    2.2;eor
       5906;20190425;   10;  14.8;   2.7;    3;   1.8;   6;    8.417;   0;   4.5;   9.1;  996.83;   14.8;   59.92;   26.6;    3.9;    0.8;eor
       5906;20190426;   10;   8.4;   2.7;    3;   2.8;   6;    0.217;   0;   7.4;  10.3; 1003.23;   10.0;   83.83;   12.6;    6.8;    3.6;eor
       5906;20190427;   10;  16.0;   4.3;    3;   5.3;   6;    2.167;   0;   7.0;   9.6; 1004.55;    9.5;   80.21;   12.5;    6.9;    6.0;eor
       5906;20190428;   10;   9.4;   2.8;    3;   0.0;   6;    6.633;   0;   5.5;   8.2; 1008.36;    8.3;   75.75;   12.9;    3.5;    0.9;eor
       5906;20190429;   10;  10.6;   1.6;    3;   6.2;   6;    2.450;   0;   7.4;   9.0; 1010.61;    8.4;   82.46;   14.3;    1.4;   -1.0;eor
       5906;20190430;   10;   9.2;   2.7;    3;   0.0;   0;    9.867;   0;   3.8;   9.2; 1007.73;   12.4;   67.38;   18.4;    6.7;    3.5;eor
       5906;20190501;    3;   5.8;   1.1;    3;   0.0;   0;   13.150;-999;   0.0;   8.6; 1003.85;   12.7;   63.33;   20.9;    3.9;    1.2;eor
       5906;20190502;    3;  11.5;   1.9;    3;   1.7;   6;    5.167;-999;   6.7;  10.3;  998.51;   12.7;   71.92;   19.6;    5.0;    2.6;eor
       5906;20190503;    3;   8.6;   2.6;    3;   0.9;   6;    3.633;-999;   6.8;   9.2;  999.56;   11.4;   69.29;   14.8;    8.7;    7.5;eor
       5906;20190504;    3;  14.3;   3.5;    3;   2.3;   6;    0.933;-999;   7.7;   7.9;  998.05;    6.3;   82.38;    9.3;    2.6;    0.7;eor
       5906;20190505;    3;   9.6;   3.5;    3;   0.0;   0;    5.967;-999;   5.4;   6.4; 1006.70;    6.3;   68.63;   10.9;    0.9;   -1.5;eor
       5906;20190506;    3;   7.6;   2.4;    3;   0.0;   0;    4.917;-999;   5.9;   6.6; 1009.05;    7.9;   64.21;   12.3;    2.5;   -0.9;eor
       5906;20190507;    3;   7.6;   1.6;    3;   0.1;   6;    9.500;-999;   6.8;   6.7; 1005.75;    8.9;   61.67;   15.2;    0.3;   -2.1;eor
       5906;20190508;    3;  11.3;   3.4;    3;   4.2;   6;    0.000;-999;   7.8;  10.5;  993.17;   10.4;   81.67;   13.4;    4.3;    1.9;eor
       5906;20190509;    3;  14.9;   4.3;    3;   8.8;   6;    0.150;-999;   7.5;  11.3;  990.10;   11.2;   84.08;   13.6;    8.5;    7.5;eor
       5906;20190510;    3;   8.2;   2.8;    3;   7.1;   6;    3.367;-999;   7.2;  10.9;  998.90;   12.9;   73.75;   17.0;    9.3;    8.1;eor
       5906;20190511;    3;  17.1;   4.2;    3;   1.7;   6;    1.250;-999;   7.6;  11.7; 1000.37;   11.7;   85.17;   16.6;    5.3;    1.9;eor
       5906;20190512;    3;   9.8;   3.7;    3;   0.0;   0;    4.517;-999;   3.3;   7.7; 1018.65;    8.7;   70.67;   14.7;    3.5;    0.0;eor
       5906;20190513;    3;  11.9;   4.0;    3;   0.0;   0;   14.217;-999;   1.1;   6.1; 1022.73;   11.0;   50.54;   17.1;    4.2;   -0.2;eor
       5906;20190514;    3;  11.1;   3.5;    3;   0.0;   0;   10.667;-999;   2.3;   6.0; 1017.76;   10.5;   49.75;   16.7;    3.6;   -0.9;eor
       5906;20190515;    3;  12.3;   3.2;    3;   0.0;   0;   13.583;-999;   2.1;   6.0; 1011.84;   10.4;   50.00;   16.4;    1.0;   -2.1;eor
       5906;20190516;    3;  10.1;   2.6;    3;   0.0;   0;    6.133;-999;   7.5;   8.1; 1003.29;   12.0;   58.54;   17.8;    7.2;    5.7;eor
       5906;20190517;    3;   6.9;   1.6;    3;   0.0;   6;    6.833;-999;   6.8;  10.4;  995.00;   14.6;   65.13;   20.7;    8.1;    6.6;eor
       5906;20190518;    3;   7.6;   1.9;    3;   1.0;   6;    4.933;-999;   7.7;  12.5;  993.92;   14.5;   76.63;   21.2;    7.3;    4.9;eor
       5906;20190519;    3;   9.5;   1.8;    3;   0.1;   6;    8.600;-999;   7.0;  13.4;  992.44;   16.5;   74.33;   23.4;   10.4;    9.3;eor
       5906;20190520;    3;  10.2;   3.0;    3;  13.8;   8;    0.750;-999;   7.9;  13.7;  993.61;   14.3;   84.29;   17.1;    9.2;    6.9;eor
       5906;20190521;    3;  10.7;   3.6;    3;  20.3;   6;    0.000;-999;   7.8;  13.5;  999.42;   13.1;   89.25;   13.7;   12.2;   11.4;eor
       5906;20190522;    3;   9.5;   2.2;    3;   0.0;   0;    6.183;-999;   5.3;  11.6; 1007.20;   13.4;   76.83;   17.6;    7.2;    4.1;eor
       5906;20190523;    3;   5.4;   1.3;    3;   0.0;   0;   13.417;-999;   6.4;  10.4; 1007.14;   14.2;   67.88;   22.3;    5.0;    2.8;eor
       5906;20190524;    3;   5.2;   1.4;    3;   0.0;   0;   13.017;-999;   7.6;  11.3; 1003.03;   16.9;   62.50;   23.9;    7.9;    5.3;eor
       5906;20190525;    3;   8.4;   2.5;    3;   0.0;   0;    9.650;-999;   6.6;  11.5; 1003.67;   17.0;   61.58;   22.2;   10.3;    8.2;eor
       5906;20190526;    3;   9.2;   2.7;    3;   0.0;   0;   11.383;-999;   4.6;  11.3; 1003.43;   16.4;   62.75;   23.0;    7.4;    5.3;eor
       5906;20190527;    3;   9.0;   2.8;    3;   0.8;   6;    2.233;-999;   7.7;  14.0;  998.51;   15.4;   79.88;   19.8;   11.5;    9.9;eor
       5906;20190528;    3;  11.4;   3.2;    3;   0.3;   6;    6.617;-999;   7.0;  12.1;  997.11;   15.2;   72.13;   20.3;   10.4;    8.5;eor
       5906;20190529;    3;   7.0;   2.4;    3;   0.0;   0;    4.750;-999;   5.3;  10.8; 1008.78;   13.6;   71.04;   18.8;    7.8;    4.5;eor
       5906;20190530;    3;   9.2;   3.0;    3;   0.0;   0;    7.317;-999;   5.3;  11.6; 1013.41;   15.2;   69.83;   21.0;    5.5;    3.0;eor
       5906;20190531;    3;   7.0;   1.6;    3;   0.0;   0;    7.400;-999;   7.3;  14.7; 1013.20;   18.5;   70.88;   23.9;   11.7;    9.4;eor
       5906;20190601;    3;   5.4;   1.3;    3;   0.0;   0;   14.300;-999;   5.1;  14.1; 1009.77;   20.6;   62.29;   28.6;    9.9;    7.9;eor
       5906;20190602;    3;  10.0;   3.0;    3;   0.0;   0;   14.000;-999;   2.3;  14.1; 1004.27;   22.6;   56.58;   30.8;   11.1;    8.8;eor
       5906;20190603;    3;  13.4;   3.9;    3;   1.9;   6;    9.000;-999;   4.0;  16.2; 1002.19;   21.0;   67.17;   31.0;   12.7;   10.4;eor
       5906;20190604;    3;  11.8;   2.7;    3;   0.0;   0;   12.900;-999;   5.8;  15.4;  998.13;   24.0;   56.21;   31.6;   12.2;    9.9;eor
       5906;20190605;    3;  18.6;   2.3;    3;   4.6;   6;   12.833;-999;   3.3;  15.9;  993.56;   24.9;   52.38;   31.5;   17.6;   13.9;eor
       5906;20190606;    3;  11.3;   3.7;    3;   1.2;   6;    1.650;-999;   6.8;  13.1; 1001.88;   14.1;   80.67;   18.5;    7.9;    5.6;eor
       5906;20190607;    3;  17.6;   2.4;    3;   2.9;   6;   10.917;-999;   4.1;  12.9; 1001.09;   16.8;   69.54;   28.2;    8.3;    5.2;eor
       5906;20190608;    3;  14.3;   4.8;    3;   0.0;   0;   12.150;-999;   4.6;   9.7; 1010.54;   16.4;   53.75;   21.7;    8.5;    5.8;eor
       5906;20190609;    3;   7.0;   2.1;    3;   1.7;   6;    9.400;-999;   7.1;  12.3; 1009.07;   17.8;   63.21;   24.7;    7.1;    4.6;eor
       5906;20190610;    1;   8.4;   2.5;    1;  17.5;   6;    1.833;-999;   7.8;  17.1; 1002.21;   17.5;   85.75;   21.3;   15.6;   15.0;eor
       5906;20190611;    1;   6.1;   1.5;    1;   0.0;   0;    4.233;-999;   7.4;  15.5;  999.61;   17.5;   78.29;   21.2;   13.6;   13.0;eor
       5906;20190612;    1;   9.4;   2.1;    1;   5.3;   6;    5.350;-999;   6.8;  14.4;  999.07;   16.4;   77.71;   20.9;   12.9;   10.4;eor
       5906;20190613;    1;  10.5;   2.7;    1;   0.0;   0;   13.233;-999;   3.2;  12.8; 1002.91;   18.3;   63.58;   24.4;   10.7;    8.6;eor
       5906;20190614;    1;   7.7;   1.9;    1;   0.4;   6;    4.783;-999;   5.4;  16.0; 1002.86;   18.7;   75.13;   25.0;    9.8;    7.8;eor
       5906;20190615;    1;  11.1;   3.2;    1;   4.2;   6;    9.233;-999;   6.3;  16.0; 1002.09;   20.0;   70.50;   25.8;   13.9;   11.6;eor
       5906;20190616;    1;  11.2;   2.3;    1;   0.1;   6;    4.350;-999;   5.9;  15.7; 1009.21;   18.2;   77.08;   23.2;   12.2;   10.6;eor
       5906;20190617;    1;   6.3;   1.4;    1;   0.0;   0;   14.467;-999;   1.3;  14.7; 1007.41;   20.1;   66.13;   27.5;   10.4;    8.6;eor
       5906;20190618;    1;   9.1;   2.0;    1;   0.0;   0;   12.700;-999;   5.0;  16.6; 1002.13;   23.0;   62.83;   30.3;   12.9;   11.1;eor
       5906;20190619;    1;  18.1;   3.7;    1;  13.4;   8;   12.167;-999;   5.0;  16.3;  997.64;   24.7;   56.46;   31.5;   15.4;   14.0;eor
       5906;20190620;    1;  10.5;   3.7;    1;   4.0;   6;    8.033;-999;   6.0;  17.6; 1001.23;   20.1;   75.58;   24.2;   16.0;   13.7;eor
       5906;20190621;    1;  10.1;   2.0;    1;   0.0;   0;   11.833;-999;   3.8;  14.4; 1006.18;   19.7;   64.75;   25.3;   14.0;   12.7;eor
       5906;20190622;    1;   8.7;   2.8;    1;   0.0;   6;    7.683;-999;   6.5;  15.6; 1005.77;   19.6;   69.38;   27.2;   13.2;   12.3;eor
       5906;20190623;    1;   9.1;   2.1;    1;   0.0;   0;   10.900;-999;   5.3;  18.3; 1005.96;   22.1;   70.88;   28.7;   15.3;   13.9;eor
       5906;20190624;    1;   9.1;   2.4;    1;   0.0;   0;   15.467;-999;  -999;  18.8; 1006.77;   25.4;   59.75;   31.6;   15.6;   14.1;eor
       5906;20190625;    1;   7.0;   2.0;    1;   0.0;   0;   13.183;-999;   5.2;  20.2; 1006.81;   26.3;   61.00;   34.0;   17.3;   14.9;eor
       5906;20190626;    1;   6.3;   1.5;    1;   0.0;   0;   14.467;-999;   0.1;  20.9; 1009.41;   28.8;   57.00;   36.6;   18.9;   17.2;eor
       5906;20190627;    1;  10.8;   3.4;    1;   0.0;   0;   14.917;-999;   0.1;  15.8; 1011.07;   26.2;   48.54;   31.7;   16.9;   12.3;eor
       5906;20190628;    1;   7.9;   2.6;    1;   0.0;   0;   15.483;-999;   0.0;  12.7; 1010.36;   22.6;   49.58;   30.2;   14.7;   10.9;eor
       5906;20190629;    1;   5.6;   1.8;    1;   0.0;   0;   15.483;-999;   0.0;  13.0; 1006.45;   24.5;   46.83;   33.6;   12.9;    9.9;eor
       5906;20190630;    1;  10.8;   2.8;    1;   0.0;   0;   15.083;-999;   0.4;  17.2; 1002.41;   28.0;   49.88;   38.9;   14.5;   12.0;eor
       5906;20190701;    1;   8.9;   2.9;    1;   0.0;   6;   10.050;-999;   5.7;  15.9; 1004.48;   25.9;   48.96;   31.1;   19.1;   17.2;eor
       5906;20190702;    1;  10.0;   3.1;    1;   0.0;   0;   15.217;-999;   1.1;  11.1; 1008.45;   21.3;   45.79;   27.3;   14.3;   10.8;eor
       5906;20190703;    1;  10.7;   2.6;    1;   0.0;   0;   15.350;-999;   1.8;   9.9; 1009.64;   20.2;   44.25;   26.3;   11.3;    8.1;eor
       5906;20190704;    1;   8.0;   2.3;    1;   0.0;   0;   15.150;-999;   1.4;   9.8; 1009.45;   20.1;   44.71;   28.0;   12.1;    9.9;eor
       5906;20190705;    1;   7.9;   1.8;    1;   0.0;   0;    8.933;-999;   7.1;  10.9; 1004.91;   21.8;   45.25;   29.9;   11.2;    8.7;eor
       5906;20190706;    1;  12.9;   2.9;    1;   5.0;   6;   12.417;-999;   4.5;  11.2;  999.12;   24.2;   42.13;   34.0;   12.2;   10.0;eor
       5906;20190707;    1;  10.2;   2.9;    1;   0.0;   6;    3.250;-999;   7.8;  13.4; 1001.48;   18.6;   63.75;   22.4;   15.5;   11.8;eor
       5906;20190708;    1;  10.4;   3.1;    1;   0.0;   6;   11.833;-999;   5.9;   9.5; 1006.23;   17.0;   50.96;   22.6;   10.5;    7.5;eor
       5906;20190709;    1;  10.0;   2.6;    1;   0.0;   0;   10.950;-999;   6.8;   9.4; 1007.90;   14.8;   58.88;   21.0;    7.7;    5.2;eor
