STATIONS_ID;MESS_DATUM;QN_3;  FX;  FM;QN_4; RSK;RSKF; SDK;SHK_TAG;  NM; VPM;  PM; TMK; UPM; TXK; TNK; TGK;eor
        232;20180106;   10;   6.3;   1.7;    3;   0.0;   0;    5.717;   0;   6.4;   8.8;  952.18;    6.1;   93.38;   10.0;    0.9;   -1.1;eor
        232;20180107;   10;   8.2;   2.8;    3;   0.0;   0;    0.000;   0;   7.8;   7.5;  961.03;    3.4;   96.96;    5.3;    2.0;    2.3;eor
        232;20180108;   10;  10.6;   3.9;    3;   0.0;   0;    0.000;   0;   7.9;   7.8;  963.90;    4.9;   89.46;    5.7;    4.2;    4.0;eor
        232;20180109;   10;   8.0;   2.1;    3;   0.0;   0;    4.017;   0;   6.2;   7.2;  957.29;    4.1;   88.83;   10.2;   -1.8;   -4.3;eor
        232;20180110;   10;   3.7;   1.2;    3;   0.0;   0;    6.883;   0;   5.2;   6.5;  956.89;    2.0;   91.83;    9.4;   -1.4;   -4.4;eor
        232;20180111;   10;   4.6;   1.5;    3;   0.0;   6;    0.000;   0;   8.0;   6.8;  959.40;    1.9;   97.13;    3.2;    0.6;    0.9;eor
        232;20180112;   10;   5.0;   2.0;    3;   0.0;   0;    0.000;   0;   8.0;   6.4;  967.27;    2.3;   89.08;    3.6;    1.3;    1.3;eor
        232;20180113;   10;   7.9;   3.3;    3;   0.0;   8;    0.000;   0;   7.8;   6.2;  966.76;    1.9;   87.79;    3.2;    0.1;    0.0;eor
        232;20180114;   10;   7.7;   2.4;    3;   0.0;   8;    0.317;   0;   6.6;   5.3;  964.64;   -0.2;   88.00;    2.5;   -3.9;   -7.9;eor
        232;20180115;   10;  10.7;   2.6;    3;   0.9;   6;    2.367;   0;   6.2;   5.4;  959.63;    0.2;   86.63;    4.5;   -5.3;   -8.0;eor
        232;20180116;   10;  21.4;   8.1;    3;   7.2;   8;    0.400;   0;   7.2;   6.9;  944.35;    4.8;   80.38;    8.2;    0.6;   -0.1;eor
        232;20180117;   10;  19.1;   7.2;    3;   4.1;   8;    2.300;   0;   7.0;   5.7;  948.20;    1.2;   84.79;    3.1;   -0.6;   -2.5;eor
        232;20180118;   10;  26.8;  10.0;    3;   8.5;   8;    0.367;   4;   7.5;   6.7;  950.15;    3.7;   84.33;    7.3;    0.1;   -0.8;eor
        232;20180119;   10;  15.2;   5.4;    3;   2.0;   8;    2.750;   0;   6.8;   6.1;  953.54;    2.5;   83.96;    4.9;   -0.2;   -2.3;eor
        232;20180120;   10;  13.0;   4.4;    3;  12.1;   8;    0.483;   0;   7.2;   5.9;  951.07;    1.2;   88.88;    3.5;    0.0;   -1.0;eor
        232;20180121;   10;  12.1;   4.4;    3;   4.1;   8;    0.683;   2;   7.7;   5.4;  955.77;    0.0;   87.63;    1.3;   -3.6;   -6.0;eor
        232;20180122;   10;   8.6;   2.5;    3;  13.3;   8;    0.000;   5;   7.6;   6.6;  955.79;    1.4;   96.42;    6.5;   -2.2;   -2.3;eor
        232;20180123;   10;   8.0;   3.8;    3;   0.1;   6;    0.133;   0;   7.7;   6.9;  968.37;    4.3;   83.58;    6.9;    0.5;   -1.9;eor
        232;20180124;   10;   6.5;   2.4;    3;   0.0;   0;    7.267;   0;   6.7;   7.1;  967.22;    5.6;   79.50;   12.9;    0.9;   -2.1;eor
        232;20180125;   10;   6.0;   2.2;    3;   0.0;   0;    4.500;   0;   8.0;   7.2;  961.32;    6.3;   76.58;   13.0;    1.9;   -1.3;eor
        232;20180126;   10;   5.3;   2.3;    3;   0.0;   0;    3.700;   0;   8.0;   7.4;  961.21;    5.1;   83.67;    8.7;    0.7;   -1.5;eor
        232;20180127;   10;   4.8;   1.6;    3;   0.0;   6;    0.000;   0;   8.0;   8.4;  973.04;    4.9;   97.04;    5.7;    3.9;    2.2;eor
        232;20180128;   10;  11.6;   4.6;    3;   0.0;   6;    1.033;   0;   7.2;   7.5;  977.31;    6.5;   77.46;    9.7;    3.8;    0.0;eor
        232;20180129;   10;  12.0;   5.1;    3;   0.0;   6;    4.317;   0;   6.3;   8.2;  973.70;    6.8;   82.58;    9.3;    4.0;    0.8;eor
        232;20180130;   10;  13.4;   3.1;    3;   0.4;   6;    0.000;   0;   7.8;   8.1;  971.72;    5.3;   90.63;    7.3;    2.8;    0.6;eor
        232;20180131;   10;  19.2;   4.1;    3;   4.4;   6;    1.783;   0;   6.4;   7.3;  958.47;    6.5;   76.33;   10.2;    2.8;   -0.2;eor
        232;20180201;   10;  15.3;   4.3;    3;   3.9;   8;    0.000;   0;   7.4;   6.7;  948.40;    2.8;   88.71;    6.2;    0.2;   -2.3;eor
        232;20180202;   10;  10.1;   3.8;    3;   0.1;   7;    4.333;   0;   7.1;   5.1;  951.13;    1.4;   75.75;    4.8;   -1.6;   -4.5;eor
        232;20180203;   10;   6.2;   2.2;    3;   0.5;   8;    0.017;   0;   7.6;   5.3;  950.63;    0.5;   84.67;    2.5;   -2.0;   -4.0;eor
        232;20180204;   10;   3.6;   1.2;    3;   0.0;   8;    2.300;   0;   5.3;   5.1;  957.92;   -0.8;   88.29;    2.7;   -4.1;   -7.2;eor
        232;20180205;   10;  10.8;   3.7;    3;   0.0;   0;    4.467;   0;   4.4;   4.6;  963.56;   -1.1;   81.75;    2.2;   -4.2;   -7.8;eor
        232;20180206;   10;   9.0;   3.1;    3;   0.0;   0;    5.067;   0;   7.1;   4.4;  956.13;   -1.3;   79.58;    3.0;   -3.8;   -7.2;eor
        232;20180207;   10;   3.8;   1.6;    3;   7.3;   8;    0.000;   0;   7.0;   4.5;  954.84;   -3.0;   91.50;   -2.2;   -5.0;   -8.1;eor
        232;20180208;   10;   2.2;   0.8;    3;   0.0;   8;    0.000;  11;   7.9;   4.8;  960.85;   -1.6;   89.00;    1.9;   -4.5;   -3.7;eor
        232;20180209;   10;   4.2;   1.5;    3;   0.0;   8;    0.000;   7;   8.0;   4.6;  959.46;   -1.5;   84.38;    0.5;   -4.1;   -4.2;eor
        232;20180210;   10;   4.5;   1.6;    3;   0.1;   8;    0.000;   6;   7.8;   5.1;  959.68;   -0.3;   85.58;    2.0;   -3.6;   -8.3;eor
        232;20180211;   10;   9.3;   4.0;    3;   0.4;   8;    0.183;   4;   7.7;   5.5;  953.02;    0.8;   84.04;    2.4;   -1.3;   -4.5;eor
        232;20180212;   10;  10.9;   3.1;    3;   0.3;   7;    3.000;   1;   6.9;   5.0;  957.44;   -0.1;   82.96;    2.5;   -4.6;   -9.0;eor
        232;20180213;   10;   7.2;   2.6;    3;   0.0;   0;    7.150;   1;   1.5;   3.9;  958.74;   -2.5;   77.25;    1.4;   -7.1;  -11.7;eor
        232;20180214;   10;   5.9;   2.2;    3;   0.0;   0;    8.817;   0;   0.0;   3.7;  960.29;   -3.7;   78.71;    1.7;   -9.5;  -12.4;eor
        232;20180215;   10;   8.6;   2.4;    3;   7.9;   8;    0.000;   0;   7.0;   4.6;  961.87;   -2.0;   84.29;    1.2;   -5.1;   -9.5;eor
        232;20180216;   10;   5.0;   1.4;    3;   1.9;   6;    0.000;   1;   7.8;   6.8;  967.65;    2.1;   95.67;    5.4;   -1.2;   -3.0;eor
        232;20180217;   10;   7.6;   3.1;    3;  11.5;   8;    0.000;   0;   7.5;   5.6;  963.51;   -0.6;   95.83;    0.0;   -1.0;   -1.1;eor
        232;20180218;   10;   7.4;   2.4;    3;   0.0;   8;    0.000;  12;   6.8;   5.0;  967.97;   -1.5;   91.25;    0.3;   -7.6;   -6.5;eor
        232;20180219;   10;   6.2;   2.2;    3;   0.0;   8;    0.000;   9;   7.8;   4.3;  962.10;   -3.2;   88.13;   -2.2;   -4.9;   -5.5;eor
        232;20180220;   10;   4.0;   1.4;    3;   0.2;   8;    0.017;   9;   7.9;   4.3;  958.60;   -3.1;   87.79;    0.4;   -4.7;   -3.6;eor
        232;20180221;   10;   9.3;   2.6;    3;   0.0;   0;    3.267;   7;   6.7;   4.2;  961.02;   -3.0;   85.08;   -0.6;   -5.1;   -5.3;eor
        232;20180222;   10;  11.0;   5.4;    3;   0.0;   7;    0.400;   7;   7.3;   3.7;  958.93;   -3.4;   76.75;   -1.3;   -5.9;   -2.3;eor
        232;20180223;   10;   9.4;   4.5;    3;   0.0;   7;    0.000;   6;   7.9;   3.7;  958.70;   -3.0;   76.38;   -1.4;   -4.8;   -2.7;eor
        232;20180224;   10;  12.4;   6.1;    3;   0.0;   0;    8.850;   6;   3.0;   3.0;  961.65;   -4.1;   66.50;   -0.8;   -7.2;   -4.9;eor
        232;20180225;   10;  12.3;   5.3;    3;   0.0;   0;    9.750;   5;   0.1;   1.9;  964.75;   -8.3;   59.46;   -5.3;  -12.9;  -13.0;eor
        232;20180226;   10;  10.0;   3.4;    3;   0.0;   0;    7.450;   5;   3.9;   1.7;  962.84;  -12.1;   68.42;   -8.7;  -14.8;  -15.0;eor
        232;20180227;   10;   7.3;   3.0;    3;   0.0;   0;    2.683;   5;   5.8;   1.7;  958.43;  -11.7;   69.67;   -8.8;  -15.8;  -19.8;eor
        232;20180228;   10;  13.3;   4.1;    3;   0.0;   0;    9.100;   5;   3.4;   1.7;  958.67;  -11.5;   67.88;   -7.7;  -18.0;  -20.4;eor
        232;20180301;   10;  11.7;   4.7;    3;   0.0;   0;    2.467;   5;   7.1;   2.2;  949.25;   -7.8;   65.50;   -3.8;  -11.3;  -12.2;eor
        232;20180302;   10;   8.5;   3.0;    3;   0.0;   8;    3.150;   5;   6.7;   3.0;  941.31;   -5.9;   74.75;   -1.4;   -9.9;  -11.5;eor
        232;20180303;   10;   6.3;   2.3;    3;   0.4;   8;    1.100;   6;   7.0;   4.9;  942.28;   -1.3;   88.46;    2.4;   -6.6;  -10.1;eor
        232;20180304;   10;   7.9;   2.0;    3;   0.0;   0;    6.300;   6;   5.9;   6.1;  944.37;    2.3;   84.79;    8.2;   -5.0;   -7.7;eor
        232;20180305;   10;   7.4;   2.4;    3;   0.0;   0;    4.467;   1;   7.9;   6.2;  941.27;    2.9;   83.25;    8.3;   -0.6;   -3.5;eor
        232;20180306;   10;   4.3;   1.6;    3;   0.0;   6;    0.000;   1;   7.8;   5.7;  936.65;    1.1;   85.67;    4.5;   -1.7;   -2.5;eor
        232;20180307;   10;  11.5;   4.8;    3;   0.4;   6;    1.817;   0;   7.1;   6.5;  942.68;    4.9;   76.71;    9.8;    0.6;   -2.8;eor
        232;20180308;   10;  11.0;   4.6;    3;   0.0;   0;    7.683;   0;   5.1;   5.7;  950.82;    5.0;   66.79;   10.1;    1.7;   -2.1;eor
        232;20180309;   10;  10.1;   2.6;    3;   0.1;   6;    0.200;   0;   7.8;   6.6;  953.47;    6.7;   68.71;   12.4;    0.3;   -1.7;eor
        232;20180310;   10;   7.6;   2.5;    3;   1.5;   6;    0.000;   0;   7.5;   8.9;  951.32;    8.4;   80.25;   12.5;    4.5;    1.9;eor
        232;20180311;   10;   5.0;   1.9;    3;   4.6;   6;    1.317;   0;   7.3;   8.7;  943.75;    8.3;   80.88;   13.8;    2.3;   -0.6;eor
        232;20180312;   10;  14.0;   4.8;    3;   0.5;   6;    2.083;   0;   7.4;   9.2;  942.42;    8.6;   82.63;   12.8;    4.7;    1.1;eor
        232;20180313;   10;  16.9;   7.3;    3;   3.1;   6;    2.350;   0;   7.4;   7.4;  950.60;    6.9;   74.21;    9.9;    4.2;    3.4;eor
        232;20180314;   10;   7.2;   3.1;    3;   0.0;   6;    3.283;   0;   4.9;   6.9;  955.24;    4.7;   80.92;    8.5;    1.6;   -2.2;eor
        232;20180315;   10;  12.3;   3.6;    3;   0.2;   6;    3.217;   0;   6.0;   7.1;  944.58;    5.2;   80.58;   11.1;    0.0;   -3.1;eor
        232;20180316;   10;  11.8;   3.5;    3;   0.4;   6;    3.567;   0;   5.5;   7.7;  946.27;    6.5;   79.92;   12.0;    0.2;   -3.7;eor
        232;20180317;   10;  12.8;   4.8;    3;   4.6;   8;    0.000;   0;   7.8;   6.0;  942.63;    0.7;   91.79;    3.3;   -3.1;   -4.4;eor
        232;20180318;   10;  11.0;   4.9;    3;   0.1;   7;    0.033;   4;   7.7;   3.9;  946.42;   -3.7;   84.58;   -2.0;   -4.6;   -4.5;eor
        232;20180319;   10;   6.0;   3.0;    3;   0.0;   8;    0.000;   2;   7.8;   3.6;  952.03;   -4.7;   84.29;   -3.9;   -5.5;   -8.3;eor
        232;20180320;   10;   8.1;   2.2;    3;   0.9;   8;    8.500;   2;   6.8;   3.6;  958.41;   -2.7;   72.54;    1.7;   -6.8;  -11.2;eor
        232;20180321;   10;   7.9;   2.7;    3;   0.0;   0;    7.033;   1;   4.7;   3.8;  967.85;   -1.7;   72.29;    3.2;   -5.8;   -8.6;eor
        232;20180322;   10;  11.3;   3.2;    3;   0.5;   8;    4.533;   0;   6.3;   4.2;  961.88;   -0.9;   75.54;    5.0;   -6.2;   -9.6;eor
        232;20180323;   10;   7.4;   2.9;    3;   0.0;   6;    0.767;   0;   7.5;   6.2;  952.24;    2.4;   85.88;    6.5;    0.1;   -0.1;eor
        232;20180324;   10;  14.5;   3.7;    3;   0.0;   0;   11.117;   0;   5.0;   5.6;  946.28;    3.3;   73.92;    8.9;   -2.4;   -5.8;eor
        232;20180325;   10;   6.3;   1.6;    3;   0.0;   0;   11.117;   0;   4.9;   5.6;  950.16;    3.0;   76.29;   12.0;   -5.2;   -7.5;eor
        232;20180326;   10;   8.8;   2.1;    3;   0.2;   6;    1.450;   0;   7.1;   6.4;  956.57;    3.8;   80.42;    8.9;   -2.0;   -4.7;eor
        232;20180327;   10;   8.3;   2.5;    3;   0.6;   6;    6.350;   0;   6.6;   6.3;  957.82;    5.3;   72.67;    9.6;    2.3;    0.3;eor
        232;20180328;   10;  13.6;   5.6;    3;   6.1;   6;    1.417;   0;   7.5;   9.2;  950.10;    8.2;   84.17;   12.1;    4.0;    3.6;eor
        232;20180329;   10;  12.2;   3.4;    3;   0.0;   0;    4.633;   0;   6.3;   6.7;  951.62;    6.3;   71.54;    9.8;    1.3;   -2.7;eor
        232;20180330;   10;  12.5;   3.4;    3;   0.1;   6;    6.883;   0;   6.0;   7.1;  947.34;    6.3;   76.25;   14.2;   -2.0;   -5.0;eor
        232;20180331;   10;  10.9;   3.3;    3;   0.4;   6;    0.683;   0;   7.7;   7.2;  944.06;    6.1;   77.17;    9.4;    3.7;    0.9;eor
        232;20180401;   10;  20.2;   6.5;    3;   0.9;   8;    1.917;   0;   7.0;   7.0;  952.76;    5.2;   78.96;    8.7;    1.6;   -0.5;eor
        232;20180402;   10;   6.7;   2.8;    3;   0.0;   6;   10.833;   0;   5.0;   6.1;  955.16;    7.6;   62.38;   15.1;   -2.2;   -4.7;eor
        232;20180403;   10;   5.8;   2.1;    3;   0.0;   0;    5.417;   0;   7.7;   8.4;  951.47;   12.8;   58.67;   19.6;    5.5;    2.8;eor
        232;20180404;   10;  19.6;   4.1;    3;   0.0;   0;    7.617;   0;   6.5;   8.1;  950.73;   12.2;   61.00;   22.1;    5.3;    1.4;eor
        232;20180405;   10;  16.1;   5.8;    3;   1.4;   6;    5.567;   0;   3.9;   7.8;  958.46;    8.3;   71.08;   14.5;    0.1;   -2.5;eor
        232;20180406;   10;  10.5;   3.4;    3;   0.0;   0;   12.283;   0;   3.5;   6.3;  964.35;    6.3;   68.46;   13.0;   -1.4;   -5.4;eor
        232;20180407;   10;   6.4;   2.0;    3;   0.0;   0;   12.367;   0;   0.0;   7.2;  958.52;   10.0;   60.63;   19.2;   -0.1;   -4.7;eor
        232;20180408;   10;   6.6;   1.9;    3;   0.0;   0;   12.100;   0;   0.7;   8.9;  953.65;   11.5;   68.08;   20.0;    0.5;   -3.7;eor
        232;20180409;   10;   6.9;   1.5;    3;   0.0;   0;    4.367;   0;   7.0;  10.0;  949.57;   11.6;   74.50;   20.1;    2.9;    0.7;eor
        232;20180410;   10;  11.9;   2.3;    3;   6.6;   6;    5.183;   0;   7.6;  10.2;  947.94;   11.8;   74.67;   18.3;    4.1;    0.5;eor
        232;20180411;   10;   8.6;   3.5;    3;   0.0;   0;    9.550;   0;   6.1;   9.6;  949.89;   12.3;   69.04;   17.9;    7.6;    7.3;eor
        232;20180412;   10;   9.1;   2.8;    3;   0.0;   0;    5.900;   0;   7.3;   9.6;  945.07;   14.4;   60.83;   21.5;    6.8;    3.4;eor
        232;20180413;   10;  18.6;   4.3;    3;   0.2;   6;    3.900;   0;   6.5;   8.8;  953.22;    9.8;   74.21;   16.7;    2.7;   -0.4;eor
        232;20180414;   10;   7.8;   1.9;    3;   0.0;   0;   11.350;   0;   5.1;   8.5;  962.93;   10.7;   69.75;   18.9;    0.8;   -2.0;eor
        232;20180415;   10;   4.8;   1.8;    3;   0.4;   6;    1.900;   0;   7.8;   9.8;  956.96;   11.3;   73.42;   17.2;    3.2;    0.6;eor
        232;20180416;   10;   6.7;   2.4;    3;   0.4;   6;    1.017;   0;   7.3;  12.3;  959.41;   12.2;   86.00;   16.8;    9.3;    5.3;eor
        232;20180417;   10;   6.5;   1.6;    3;   0.0;   0;   11.267;   0;   3.6;  10.5;  969.10;   13.3;   72.33;   20.4;    4.9;    2.2;eor
        232;20180418;   10;  10.8;   2.8;    3;   0.0;   0;   12.917;   0;   2.1;   9.5;  974.49;   13.8;   64.33;   21.9;    3.6;    0.7;eor
        232;20180419;   10;  12.6;   4.1;    3;   0.0;   0;   12.900;   0;   4.0;   9.2;  971.97;   15.9;   54.46;   23.9;    6.5;    3.0;eor
        232;20180420;   10;   6.8;   1.9;    3;   0.0;   0;   12.917;   0;   5.4;  10.7;  967.68;   16.2;   61.21;   25.6;    5.4;    1.7;eor
        232;20180421;   10;   7.6;   2.2;    3;   0.0;   0;   12.650;   0;   3.9;  11.2;  963.75;   16.5;   63.58;   26.1;    6.1;    2.7;eor
        232;20180422;   10;   9.5;   2.1;    3;   0.3;   6;   11.050;   0;   4.3;  11.1;  960.44;   16.8;   62.21;   26.3;    7.1;    4.2;eor
        232;20180423;   10;  11.5;   3.8;    3;   1.9;   8;    3.367;   0;   7.8;  12.7;  961.25;   15.3;   73.75;   22.5;    9.7;    5.8;eor
        232;20180424;   10;  12.2;   3.3;    3;   0.0;   0;   10.017;   0;   6.4;  11.8;  962.30;   14.7;   73.38;   20.5;    6.9;    4.4;eor
        232;20180425;   10;  17.7;   5.0;    3;   0.0;   6;    9.117;   0;   5.4;  10.7;  958.08;   15.6;   63.13;   22.8;    6.7;    2.9;eor
        232;20180426;   10;  10.3;   4.6;    3;   0.0;   4;    0.517;   0;   8.0;   8.7;  961.85;   11.0;   65.75;   13.4;    5.5;    2.5;eor
        232;20180427;   10;  10.0;   3.3;    3;   0.0;   6;   12.400;   0;  -999;  -999;    -999;   12.8;-999;   20.4;    1.6;   -0.3;eor
        232;20180428;   10;   7.8;   2.4;    3;   0.0;   0;   11.950;   0;   6.4;  10.4;  956.49;   14.9;   63.79;   22.1;    6.6;    3.2;eor
        232;20180429;   10;  10.7;   3.7;    3;   0.0;   6;   10.600;   0;   3.9;  10.7;  951.08;   17.4;   57.29;   26.0;    7.6;    5.7;eor
        232;20180430;   10;  18.1;   4.4;    3;   1.7;   6;    8.083;   0;   6.2;   8.8;  950.45;   14.0;   56.63;   19.6;    8.3;    7.7;eor
        232;20180501;   10;   7.3;   2.9;    3;   0.0;   6;    2.500;-999;   7.6;   8.4;  956.88;   10.9;   64.96;   14.9;    6.5;    3.7;eor
        232;20180502;   10;   6.3;   2.3;    3;   0.0;   0;    1.300;-999;   8.0;   9.3;  955.15;   12.0;   66.58;   18.2;    6.9;    5.9;eor
        232;20180503;   10;   9.6;   3.3;    3;   0.0;   0;    3.067;-999;   7.6;  10.6;  957.09;   14.2;   65.50;   19.6;    8.7;    6.3;eor
        232;20180504;   10;   9.6;   4.6;    3;   0.0;   6;    3.633;-999;   6.9;  12.3;  960.96;   16.0;   67.71;   21.0;   11.5;   10.4;eor
        232;20180505;   10;  11.3;   5.3;    3;   0.0;   6;    9.183;-999;   3.7;  12.0;  964.10;   16.3;   64.50;   22.6;   10.9;    9.9;eor
        232;20180506;   10;   9.7;   4.5;    3;   0.0;   0;   13.650;-999;   0.3;   9.4;  964.80;   16.3;   52.71;   22.7;   10.1;    7.5;eor
        232;20180507;   10;  12.8;   4.4;    3;   0.0;   0;   13.833;-999;   1.8;   8.6;  961.27;   15.4;   52.25;   23.8;    7.8;    4.1;eor
        232;20180508;   10;  11.0;   4.1;    3;   0.0;   0;   13.950;-999;   1.3;   8.6;  955.32;   17.0;   46.88;   23.6;    8.0;    2.6;eor
        232;20180509;   10;  10.3;   3.1;    3;   0.0;   0;   11.700;-999;   2.6;   9.8;  951.90;   15.2;   60.08;   23.1;    6.9;    3.1;eor
        232;20180510;   10;  12.5;   5.2;    3;   0.3;   6;    6.833;-999;   4.8;  11.2;  956.15;   14.0;   71.04;   20.9;    8.2;    5.5;eor
        232;20180511;   10;   8.8;   2.5;    3;   0.0;   0;    6.567;-999;   5.0;  11.5;  962.52;   13.4;   76.21;   20.1;    8.3;    5.3;eor
        232;20180512;   10;   8.4;   2.5;    3;   0.0;   0;    8.750;-999;   3.5;  12.0;  958.53;   16.6;   67.42;   25.2;    6.1;    3.8;eor
        232;20180513;   10;  16.8;   2.8;    3;  13.4;   8;    8.867;-999;   4.3;  13.7;  952.72;   16.5;   75.42;   25.6;    8.9;    5.9;eor
        232;20180514;   10;  10.2;   2.2;    3;   0.3;   6;    1.833;-999;   7.5;  15.0;  952.30;   15.1;   87.88;   21.1;    9.7;    6.9;eor
        232;20180515;   10;   9.9;   2.5;    3;   3.6;   6;    4.000;-999;   5.8;  11.4;  955.52;   12.3;   82.00;   19.3;    7.6;    4.5;eor
        232;20180516;   10;   7.3;   3.2;    3;   9.6;   6;    0.567;-999;   7.5;  12.1;  957.89;   10.9;   92.50;   14.1;    9.2;    8.4;eor
        232;20180517;   10;   8.7;   3.6;    3;   2.3;   8;    0.150;-999;   7.8;  12.9;  961.05;   12.4;   89.79;   16.4;    8.7;    6.8;eor
        232;20180518;   10;   6.4;   1.8;    3;   0.0;   0;   10.117;-999;   4.6;  11.4;  963.13;   13.5;   76.21;   19.5;    6.5;    3.8;eor
        232;20180519;   10;  13.9;   2.6;    3;  16.8;   6;    7.000;-999;   7.1;  12.2;  963.12;   12.9;   82.83;   19.7;    6.2;    3.3;eor
        232;20180520;   10;  11.8;   3.8;    3;   0.0;   6;    3.567;-999;   7.8;  12.4;  962.78;   15.1;   74.42;   20.9;   11.3;   11.0;eor
        232;20180521;   10;   8.5;   2.8;    3;   0.0;   0;   12.983;-999;   2.9;  12.2;  958.56;   16.7;   65.58;   23.1;    9.8;    5.8;eor
        232;20180522;   10;   8.3;   2.5;    3;   1.6;   6;   10.967;-999;   7.0;  13.3;  957.09;   17.1;   70.92;   23.9;    9.4;    6.3;eor
        232;20180523;   10;   7.4;   2.0;    3;   6.3;   6;    5.033;-999;   7.5;  15.6;  961.05;   17.6;   78.54;   22.7;   13.4;   12.9;eor
        232;20180524;   10;   7.5;   1.8;    3;   9.5;   8;    2.450;-999;   7.6;  15.9;  962.60;   16.2;   86.88;   21.6;   11.4;    9.4;eor
        232;20180525;   10;   8.5;   1.9;    3;   0.0;   0;   13.017;-999;   2.9;  14.9;  963.09;   17.0;   78.29;   24.0;    8.9;    6.9;eor
        232;20180526;   10;   6.5;   2.2;    3;   0.0;   0;   12.350;-999;   6.6;  15.9;  964.74;   17.7;   80.54;   24.4;   10.4;    8.4;eor
        232;20180527;   10;   5.6;   1.5;    3;   0.0;   6;   10.767;-999;   7.0;  15.9;  963.19;   19.2;   74.50;   26.5;   11.7;    9.6;eor
        232;20180528;   10;  12.2;   2.5;    3;   2.0;   6;   13.200;-999;   5.0;  15.8;  961.10;   20.6;   68.33;   27.5;   11.7;    8.8;eor
        232;20180529;   10;   8.2;   1.8;    3;   0.0;   6;    8.583;-999;   7.7;  17.3;  958.77;   19.5;   78.46;   26.1;   12.6;   10.1;eor
        232;20180530;   10;  13.9;   2.6;    3;   4.9;   8;   11.250;-999;   4.1;  16.7;  959.88;   20.4;   72.25;   25.9;   13.9;   11.9;eor
        232;20180531;   10;  11.1;   2.4;    3;   2.9;   6;   11.767;-999;   4.6;  18.0;  959.25;   20.0;   78.75;   27.7;   13.2;   12.0;eor
        232;20180601;   10;   8.8;   2.7;    3;   0.5;   6;    5.667;-999;   6.9;  16.1;  963.03;   18.7;   75.71;   23.8;   14.1;   12.9;eor
        232;20180602;   10;   7.5;   1.9;    3;   0.0;   0;   11.617;-999;   4.3;  16.1;  963.59;   18.3;   77.96;   23.4;   11.8;   10.1;eor
        232;20180603;   10;   7.1;   1.9;    3;   0.0;   0;   11.967;-999;   2.8;  15.4;  961.48;   19.0;   72.58;   26.0;   11.2;    9.2;eor
        232;20180604;   10;   9.5;   2.6;    3;   0.0;   0;   13.883;-999;   2.5;  15.0;  955.75;   20.4;   65.38;   26.9;   12.5;    9.2;eor
        232;20180605;   10;   8.7;   2.4;    3;   0.0;   0;   12.900;-999;   1.0;  14.4;  955.16;   20.6;   62.92;   27.1;   10.7;    9.1;eor
        232;20180606;   10;   8.0;   2.5;    3;  13.1;   8;    8.150;-999;   5.0;  17.1;  957.04;   19.5;   76.21;   26.7;   14.8;   12.1;eor
        232;20180607;   10;   6.3;   1.9;    3;   0.0;   6;    5.250;-999;   7.2;  18.0;  959.54;   19.2;   82.00;   26.0;   13.3;   11.5;eor
        232;20180608;   10;   8.5;   2.3;    3;   0.5;   8;    6.800;-999;   7.1;  18.1;  957.05;   20.0;   79.33;   26.6;   14.6;   13.3;eor
        232;20180609;   10;  10.6;   2.6;    3;   0.0;   0;    8.050;-999;   5.3;  18.2;  957.08;   19.7;   80.67;   26.9;   14.8;   13.3;eor
        232;20180610;   10;  12.8;   1.9;    3;   2.8;   6;    8.650;-999;   3.7;  18.4;  957.30;   19.1;   84.25;   25.4;   13.0;   11.2;eor
        232;20180611;   10;  16.2;   1.8;    3;  11.3;   6;    9.033;-999;   4.7;  18.2;  954.85;   20.6;   78.79;   29.4;   13.6;   11.6;eor
        232;20180612;   10;  10.0;   2.3;    3;  30.9;   8;    3.600;-999;   7.2;  17.5;  953.90;   18.2;   84.71;   23.8;   15.1;   14.1;eor
        232;20180613;   10;   9.5;   4.0;    3;   0.0;   6;    0.000;-999;   8.0;  13.0;  956.79;   13.6;   83.29;   15.8;   11.7;   11.3;eor
        232;20180614;   10;   4.7;   1.3;    3;   0.0;   0;    3.417;-999;   6.1;  11.4;  961.20;   13.7;   74.54;   19.2;    8.0;    6.0;eor
        232;20180615;   10;   6.3;   1.8;    3;   0.0;   0;   10.317;-999;   6.5;  11.7;  961.63;   14.8;   72.79;   20.8;    7.4;    5.3;eor
        232;20180616;   10;   7.0;   1.4;    3;   0.0;   0;   12.267;-999;   4.2;  12.7;  960.70;   16.9;   69.79;   24.7;    6.8;    5.2;eor
        232;20180617;   10;   7.9;   2.5;    3;   0.0;   6;    3.567;-999;   7.5;  14.8;  962.60;   17.8;   73.75;   23.1;   11.0;    8.6;eor
        232;20180618;   10;   7.0;   2.3;    3;   0.0;   0;    4.233;-999;   6.5;  13.7;  966.82;   17.8;   68.54;   23.5;   12.6;    8.9;eor
        232;20180619;   10;   7.3;   2.0;    3;   0.0;   0;    8.200;-999;   4.0;  14.8;  968.67;   18.5;   71.96;   24.9;   10.5;    8.3;eor
        232;20180620;   10;  10.0;   1.7;    3;   0.0;   0;   13.767;-999;  -999;  15.9;  965.72;   20.5;   69.21;   27.7;   11.2;    9.5;eor
        232;20180621;   10;  13.5;   4.6;    3;   4.2;   6;    8.233;-999;   4.8;  15.1;  961.31;   20.2;   65.29;   28.1;   12.1;    9.6;eor
        232;20180622;   10;  14.3;   4.6;    3;   0.0;   0;   10.367;-999;   2.6;   8.2;  967.69;   11.8;   60.58;   16.1;    4.9;    2.4;eor
        232;20180623;   10;   9.1;   2.9;    3;   0.0;   6;    7.300;-999;   5.4;   9.3;  968.30;   12.5;   67.00;   18.3;    3.3;    0.9;eor
        232;20180624;   10;   6.4;   2.0;    3;   0.7;   6;    5.033;-999;   7.5;  11.0;  965.11;   15.1;   65.42;   19.5;   10.1;    8.6;eor
        232;20180625;   10;   6.2;   2.2;    3;   0.0;   0;    3.733;-999;   6.8;  11.7;  966.04;   15.1;   70.50;   20.8;    8.3;    5.9;eor
        232;20180626;   10;   7.2;   1.9;    3;   0.0;   0;    1.733;-999;   6.0;  12.5;  966.86;   14.7;   76.54;   20.9;    6.8;    4.6;eor
        232;20180627;   10;  11.4;   2.6;    3;   0.0;   6;    9.017;-999;   3.1;  11.4;  965.70;   15.2;   69.42;   22.8;    6.6;    4.1;eor
        232;20180628;   10;  10.2;   2.2;    3;  19.8;   6;    0.550;-999;   7.4;  14.5;  963.30;   13.7;   91.17;   16.7;    6.6;    4.8;eor
        232;20180629;   10;   6.1;   1.7;    3;   0.5;   6;    4.817;-999;   5.7;  17.8;  960.38;   18.0;   87.33;   24.6;   13.9;   12.3;eor
        232;20180630;   10;   7.7;   2.7;    3;   0.0;   0;   14.217;-999;   0.5;  14.8;  958.96;   19.7;   66.63;   26.1;   12.1;   10.2;eor
        232;20180701;   10;   9.6;   3.5;    3;   0.0;   0;   15.033;-999;   0.0;   9.9;  960.78;   16.7;   53.75;   22.3;    8.9;    6.5;eor
        232;20180702;   10;   8.6;   2.6;    3;   0.0;   0;   15.033;-999;  -999;  10.3;  960.11;   16.4;   58.25;   23.6;    7.1;    3.5;eor
        232;20180703;   10;   8.2;   2.0;    3;   0.0;   0;   14.033;-999;   5.0;  13.1;  961.22;   18.7;   63.92;   26.4;    7.3;    6.0;eor
        232;20180704;   10;  12.7;   2.1;    3;  12.0;   8;    6.733;-999;   6.4;  17.7;  960.94;   19.3;   80.46;   27.2;   13.4;   11.1;eor
        232;20180705;   10;  13.0;   2.9;    3;   4.5;   6;    4.117;-999;   6.5;  16.4;  959.48;   18.3;   79.83;   25.1;   11.3;    9.0;eor
        232;20180706;   10;   9.4;   3.6;    3;   6.0;   6;    1.633;-999;   7.4;  17.3;  962.73;   17.4;   87.46;   21.1;   13.4;   11.2;eor
        232;20180707;   10;   9.1;   2.1;    3;   0.0;   0;   12.050;-999;   3.1;  13.7;  966.31;   17.8;   71.13;   24.0;   10.1;    8.3;eor
        232;20180708;   10;   9.2;   2.4;    3;   0.0;   0;   12.483;-999;   4.4;  13.6;  965.38;   18.2;   68.83;   24.5;   10.3;    8.3;eor
        232;20180709;   10;   6.2;   1.4;    3;   0.0;   0;   11.217;-999;   4.8;  13.4;  963.75;   19.2;   63.29;   26.7;    9.3;    7.3;eor
        232;20180710;   10;  12.4;   2.2;    3;   2.5;   6;    2.433;-999;   7.4;  14.3;  960.33;   16.7;   76.00;   22.6;   12.4;   11.5;eor
        232;20180711;   10;   8.8;   2.6;    3;   0.0;   6;    6.250;-999;   4.6;  11.6;  960.57;   13.9;   75.21;   19.2;    8.0;    7.0;eor
        232;20180712;   10;   6.8;   2.2;    3;   0.0;   0;    6.717;-999;   3.4;  12.6;  962.21;   15.4;   74.38;   22.8;    7.0;    5.2;eor
        232;20180713;   10;   5.7;   1.4;    3;   0.0;   0;   14.250;-999;   0.7;  12.9;  963.87;   18.5;   65.63;   26.9;    7.4;    5.6;eor
        232;20180714;   10;   8.0;   1.7;    3;   0.3;   6;    8.517;-999;   4.0;  15.8;  962.98;   18.8;   75.04;   27.1;   10.3;    8.3;eor
        232;20180715;   10;   9.3;   1.8;    3;   7.3;   6;    8.650;-999;   5.7;  15.6;  960.96;   18.0;   78.63;   27.1;   11.3;    9.4;eor
        232;20180716;   10;   7.5;   1.8;    3;   0.7;   6;    5.283;-999;   6.2;  16.0;  958.92;   17.9;   79.92;   24.7;   11.7;    9.5;eor
        232;20180717;   10;  11.9;   2.6;    3;   0.1;   6;    9.583;-999;   4.1;  14.7;  960.17;   18.6;   72.17;   26.9;   10.0;    8.0;eor
        232;20180718;   10;   7.1;   2.2;    3;   0.0;   0;   11.233;-999;   1.5;  14.6;  961.80;   19.7;   67.50;   27.3;   11.4;    9.5;eor
        232;20180719;   10;   6.5;   1.7;    3;   0.0;   0;   13.633;-999;   2.8;  12.9;  961.55;   19.4;   62.46;   27.8;   10.4;    8.3;eor
        232;20180720;   10;   6.8;   1.6;    3;   6.0;   6;    9.017;-999;   5.1;  14.4;  958.65;   20.7;   62.46;   28.6;   10.2;    8.0;eor
        232;20180721;   10;   6.5;   1.7;    3;  30.3;   8;    0.583;-999;   7.5;  18.3;  957.73;   17.7;   90.67;   20.1;   16.5;   16.0;eor
        232;20180722;   10;   7.2;   2.5;    3;   7.8;   6;    0.233;-999;   7.6;  18.8;  959.29;   17.5;   94.21;   19.8;   16.0;   15.5;eor
        232;20180723;   10;   6.2;   1.7;    3;   0.0;   6;    7.767;-999;   5.6;  18.4;  962.06;   19.8;   81.42;   25.6;   16.0;   15.6;eor
        232;20180724;   10;   7.1;   2.0;    3;   0.0;   0;   13.567;-999;   0.8;  17.4;  960.39;   21.2;   72.83;   28.2;   14.2;   12.0;eor
        232;20180725;   10;  15.5;   2.1;    3;   1.2;   6;   12.483;-999;   1.6;  17.0;  959.99;   21.2;   72.38;   30.3;   12.9;   11.3;eor
        232;20180726;   10;   7.8;   2.0;    3;   0.0;   0;   13.583;-999;   1.5;  16.9;  960.43;   21.2;   70.63;   28.4;   13.5;   11.9;eor
        232;20180727;   10;   7.0;   2.0;    3;   0.0;   0;   10.483;-999;   4.1;  17.0;  958.42;   22.4;   65.79;   29.5;   16.2;   14.7;eor
        232;20180728;   10;  11.3;   3.7;    3;   0.0;   6;    7.383;-999;   5.5;  17.6;  957.03;   21.9;   69.17;   27.9;   14.3;   12.4;eor
        232;20180729;   10;   5.7;   1.5;    3;   0.0;   4;   12.467;-999;   6.2;  17.5;  960.70;   22.2;   68.21;   29.1;   14.7;   13.0;eor
        232;20180730;   10;   5.3;   1.5;    3;   0.0;   0;   13.433;-999;   1.4;  16.5;  961.54;   23.3;   62.46;   31.6;   14.7;   12.7;eor
        232;20180731;   10;   6.0;   1.4;    3;   0.0;   0;   13.667;-999;   0.1;  17.4;  961.97;   24.0;   63.00;   33.2;   14.2;   12.2;eor
        232;20180801;   10;  10.9;   2.7;    3;   0.0;   0;   12.650;-999;   2.7;  18.1;  963.02;   24.6;   62.04;   32.8;   15.1;   13.9;eor
        232;20180802;   10;  12.6;   2.5;    3;   0.0;   0;    9.317;-999;   4.8;  19.2;  965.81;   22.2;   72.96;   30.0;   16.0;   14.8;eor
        232;20180803;   10;   6.9;   1.8;    3;   0.0;   0;   12.683;-999;   2.2;  20.2;  964.62;   24.0;   71.25;   32.1;   15.5;   14.6;eor
        232;20180804;   10;   5.5;   1.4;    3;   0.0;   6;   11.317;-999;   2.6;  18.6;  962.47;   24.9;   64.00;   33.5;   15.1;   13.7;eor
        232;20180805;   10;   8.5;   2.4;    3;   0.0;   6;   12.950;-999;   2.2;  18.5;  963.11;   23.2;   67.58;   29.8;   15.7;   14.1;eor
        232;20180806;   10;   6.7;   1.9;    3;   0.0;   0;   12.867;-999;   7.0;  16.7;  962.00;   23.4;   60.04;   30.8;   15.8;   13.4;eor
        232;20180807;   10;   8.4;   1.9;    3;   0.0;   6;    6.150;-999;   6.7;  16.9;  959.37;   22.9;   63.54;   30.6;   15.7;   14.1;eor
        232;20180808;   10;  12.6;   2.1;    3;   9.3;   8;    6.467;-999;   4.5;  18.9;  959.89;   21.5;   75.79;   29.2;   14.8;   12.7;eor
        232;20180809;   10;  15.8;-999;    3;   1.3;   6;   11.817;-999;   4.7;  16.4;  959.82;   23.7;   61.29;   33.5;   15.0;   13.4;eor
        232;20180810;   10;-999;-999;    3;   1.4;   6;    2.467;-999;   5.9;  15.0;  968.17;   16.8;   78.96;   20.3;   11.0;    7.9;eor
        232;20180811;   10;   9.5;   2.6;    3;   0.0;   0;   10.833;-999;   4.9;  11.8;  967.51;   16.6;   67.42;   24.2;    9.2;    6.4;eor
        232;20180812;   10;   5.8;   1.7;    3;   0.0;   0;   13.567;-999;   1.7;  12.9;  961.64;   18.9;   63.79;   28.9;    6.5;    4.6;eor
        232;20180813;   10;  12.1;   2.9;    3;   2.2;   6;    6.117;-999;   4.8;  16.6;  956.59;   20.3;   72.25;   28.7;   13.5;   11.0;eor
        232;20180814;   10;   9.5;   3.3;    3;   0.0;   6;    5.800;-999;   7.0;  15.1;  960.47;   19.6;   68.00;   25.1;   15.5;   13.9;eor
        232;20180815;   10;   6.1;   1.4;    3;   0.0;   0;    9.317;-999;   2.6;  14.6;  964.72;   18.9;   69.33;   25.0;   11.9;   10.1;eor
        232;20180816;   10;   8.8;   1.9;    3;   0.0;   0;   13.250;-999;   0.4;  13.8;  962.01;   19.3;   66.54;   27.7;   10.1;    8.3;eor
        232;20180817;   10;   7.3;   1.6;    3;   0.1;   6;   11.417;-999;   5.4;  14.2;  960.64;   20.8;   62.21;   29.7;   10.5;    8.1;eor
        232;20180818;   10;   6.2;   1.9;    3;   0.0;   6;    5.717;-999;   5.0;  16.8;  965.15;   20.3;   72.42;   27.3;   14.3;   12.7;eor
        232;20180819;   10;   6.1;   1.3;    3;   0.0;   0;   10.517;-999;   2.9;  15.5;  965.13;   20.7;   67.83;   30.0;   12.0;   10.1;eor
        232;20180820;   10;   9.4;   2.0;    3;   0.0;   6;   10.917;-999;   3.2;  14.6;  964.04;   21.5;   61.75;   29.4;   13.6;   11.5;eor
        232;20180821;   10;   9.5;   1.7;    3;   0.0;   0;   12.000;-999;   1.6;  15.3;  964.05;   21.4;   63.42;   29.1;   12.7;   10.8;eor
        232;20180822;   10;   6.4;   1.5;    3;   0.0;   0;   12.683;-999;   1.6;  14.8;  962.08;   23.0;   56.46;   31.7;   13.3;   11.0;eor
        232;20180823;   10;  10.0;   2.8;    3;   0.0;   6;    6.983;-999;   6.2;  16.4;  959.45;   21.6;   66.04;   28.2;   14.7;   12.6;eor
        232;20180824;   10;  10.8;   3.4;    3;   3.9;   6;    1.767;-999;   7.6;  16.5;  958.33;   17.1;   83.96;   22.9;   10.8;    8.6;eor
        232;20180825;   10;   8.0;   3.1;    3;   5.0;   6;    0.000;-999;   7.6;  12.3;  959.04;   13.1;   82.21;   16.6;   10.3;    9.8;eor
        232;20180826;   10;   6.3;   1.8;    3;   0.0;   0;   10.767;-999;   5.2;   9.8;  961.98;   12.2;   71.96;   18.3;    4.9;    2.4;eor
        232;20180827;   10;   9.6;   2.8;    3;   0.0;   6;    6.483;-999;   5.8;  11.4;  961.33;   16.5;   63.88;   24.6;    5.0;    2.4;eor
        232;20180828;   10;   5.7;   1.4;    3;   0.0;   0;    8.633;-999;   5.6;  14.9;  963.66;   18.5;   72.17;   25.1;   11.5;    9.1;eor
        232;20180829;   10;  10.7;   2.3;    3;   8.5;   6;   10.817;-999;   5.1;  15.6;  959.87;   19.4;   73.29;   29.8;    8.1;    6.6;eor
        232;20180830;   10;   8.7;   3.5;    3;   0.0;   6;    2.050;-999;   7.3;  15.2;  963.85;   17.0;   79.54;   20.4;   12.0;   10.4;eor
        232;20180831;   10;   5.6;   1.9;    3;   3.9;   6;    0.000;-999;   7.6;  14.4;  964.20;   13.7;   91.54;   14.9;   12.3;   10.9;eor
        232;20180901;   10;   8.9;   3.2;    3;   5.6;   6;    0.000;-999;   7.9;  12.9;  966.55;   12.5;   89.04;   13.7;   11.2;   11.2;eor
        232;20180902;   10;   4.0;   1.7;    3;   0.8;   6;    0.000;-999;   7.7;  14.9;  964.86;   13.3;   97.08;   15.3;   11.3;   11.3;eor
        232;20180903;   10;   5.3;   1.5;    3;   0.0;   6;    0.667;-999;   7.5;  16.2;  960.87;   15.8;   90.83;   19.6;   13.1;   11.8;eor
        232;20180904;   10;   6.0;   2.1;    3;  16.0;   6;    2.383;-999;   6.3;  16.5;  961.02;   15.4;   94.17;   19.7;   12.5;   10.3;eor
        232;20180905;   10;   6.2;   1.7;    3;   0.0;   6;    9.950;-999;   2.4;  16.1;  961.56;   16.8;   85.25;   23.7;   10.4;    8.4;eor
        232;20180906;   10;   9.5;   1.7;    3;   1.7;   6;    7.600;-999;   6.2;  16.1;  957.41;   17.5;   82.33;   24.7;    9.7;    8.9;eor
        232;20180907;   10;   8.4;   2.6;    3;   0.3;   6;    2.833;-999;   6.4;  16.4;  959.93;   16.6;   87.08;   20.8;   11.2;    8.7;eor
        232;20180908;   10;   4.0;   1.2;    3;   0.0;   0;    8.183;-999;   5.7;  13.6;  965.48;   15.3;   80.54;   22.2;   10.1;    6.6;eor
        232;20180909;   10;   6.8;   1.6;    3;   0.0;   4;   11.650;-999;   5.7;  13.1;  966.55;   16.0;   75.83;   24.5;    9.1;    6.1;eor
        232;20180910;   10;   6.6;   1.8;    3;   0.0;   0;    9.850;-999;   4.5;  13.2;  967.91;   17.1;   72.00;   25.4;    7.2;    5.5;eor
        232;20180911;   10;   9.7;   2.4;    3;   0.0;   0;   11.500;-999;   5.2;  13.6;  969.24;   18.3;   67.50;   27.2;    9.8;    7.4;eor
        232;20180912;   10;   7.1;   2.0;    3;   0.2;   6;   11.817;-999;   0.7;  14.0;  966.23;   19.5;   66.71;   28.8;   10.9;    7.2;eor
        232;20180913;   10;  10.5;   1.9;    3;  12.3;   6;    3.267;-999;   6.4;  17.7;  962.88;   18.4;   84.63;   25.4;   12.5;   10.5;eor
        232;20180914;   10;   4.4;   1.4;    3;   0.0;   6;    3.950;-999;   6.7;  16.2;  964.39;   16.6;   86.96;   21.5;   13.2;   11.1;eor
        232;20180915;   10;   6.7;   1.9;    3;   0.0;   0;    7.350;-999;   3.6;  13.9;  967.75;   15.2;   82.54;   20.8;    8.7;    5.6;eor
        232;20180916;   10;   7.5;   1.8;    3;   0.0;   6;   10.167;-999;   5.3;  13.2;  967.27;   14.9;   79.46;   22.6;    5.3;    3.1;eor
        232;20180917;   10;   4.4;   1.4;    3;   0.0;   0;   11.400;-999;   1.7;  15.6;  965.08;   17.7;   79.67;   26.1;    8.9;    7.0;eor
        232;20180918;   10;  10.6;   2.6;    3;   0.0;   0;   10.217;-999;   2.8;  15.1;  962.87;   19.1;   71.83;   27.4;    9.0;    7.6;eor
        232;20180919;   10;   5.2;   2.0;    3;   0.7;   6;    8.517;-999;   3.2;  15.9;  965.75;   18.5;   76.42;   26.6;   11.7;    9.9;eor
        232;20180920;   10;   5.7;   2.2;    3;   0.0;   0;   11.400;-999;   0.7;  14.9;  964.29;   19.3;   70.46;   27.3;   12.1;    8.4;eor
        232;20180921;   10;  15.9;   4.5;    3;   1.1;   6;    7.200;-999;   5.6;  14.1;  959.55;   17.9;   72.04;   27.9;   10.8;    7.0;eor
        232;20180922;   10;   8.5;   3.3;    3;   5.5;   6;    7.317;-999;   7.5;   9.6;  966.56;   13.3;   64.17;   17.4;    9.2;    7.5;eor
        232;20180923;   10;  22.4;   6.6;    3;  12.5;   8;    3.000;-999;   7.4;  15.0;  959.16;   16.5;   80.67;   24.7;    9.5;    9.2;eor
        232;20180924;   10;  10.0;   3.8;    3;   0.0;   0;    5.883;-999;   3.7;   8.0;  974.15;    8.1;   76.13;   13.1;    2.1;   -0.2;eor
        232;20180925;   10;   7.6;   2.6;    3;   0.0;   0;   10.983;-999;   0.2;   6.6;  980.31;    5.9;   73.92;   12.2;    0.2;   -2.0;eor
        232;20180926;   10;   5.3;   1.8;    3;   0.0;   0;    9.883;-999;   5.3;   7.8;  977.79;    8.0;   74.00;   17.2;   -0.2;   -3.8;eor
        232;20180927;   10;   4.2;   1.6;    3;   0.0;   0;   11.067;-999;   0.0;  10.3;  972.59;   11.9;   77.42;   21.9;    3.2;    0.3;eor
        232;20180928;   10;  10.4;   2.9;    3;   0.0;   6;   10.067;-999;   3.1;  10.8;  966.20;   13.3;   73.33;   20.6;    5.4;    1.4;eor
        232;20180929;   10;   9.8;   4.3;    3;   0.0;   0;    8.767;-999;   3.4;   8.0;  968.52;    9.6;   66.92;   15.5;    3.3;   -1.2;eor
        232;20180930;   10;   5.7;   1.4;    3;   6.5;   6;   10.700;-999;   1.3;   9.2;  961.35;    9.6;   76.08;   19.6;   -0.9;   -3.3;eor
        232;20181001;   10;  10.2;   3.6;    3;   1.2;   6;    1.050;-999;   7.4;  10.1;  959.86;   10.0;   82.42;   12.8;    6.1;    3.9;eor
        232;20181002;   10;  12.5;   4.9;    3;   0.0;   6;    4.167;   0;   7.6;   7.7;  966.28;    8.4;   71.08;   11.1;    3.0;    0.9;eor
        232;20181003;   10;  10.6;   4.4;    3;   0.0;   6;    0.000;   0;   7.3;  10.0;  969.06;    9.8;   82.92;   13.3;    3.4;    0.9;eor
        232;20181004;   10;   5.8;   1.5;    3;   0.0;   0;    7.050;   0;   3.0;   9.1;  970.70;    8.2;   85.38;   16.5;    1.7;   -0.4;eor
        232;20181005;   10;   4.4;   1.3;    3;   0.0;   0;   10.600;   0;   2.5;  10.2;  965.19;    9.7;   85.08;   19.9;    0.8;   -1.9;eor
        232;20181006;   10;   5.1;   1.6;    3;   0.0;   6;    5.433;   0;   7.9;  12.5;  958.35;   13.5;   82.54;   23.0;    5.5;    2.2;eor
        232;20181007;   10;   5.8;   1.7;    3;   0.1;   4;    4.817;   0;   5.0;  14.0;  959.24;   15.1;   82.58;   21.3;   10.9;    6.7;eor
        232;20181008;   10;   6.4;   2.1;    3;   0.2;   6;    2.350;   0;   5.7;  13.3;  964.89;   11.9;   95.00;   16.7;    7.4;    4.8;eor
        232;20181009;   10;   4.1;   1.3;    3;   0.2;   6;    0.967;   0;   7.4;  12.0;  966.38;   10.2;   96.08;   16.0;    5.4;    5.5;eor
        232;20181010;   10;   7.1;   1.8;    3;   0.0;   6;    4.067;   0;   4.3;  12.5;  962.85;   11.8;   90.58;   19.7;    5.0;    2.3;eor
        232;20181011;   10;   4.8;   1.5;    3;   0.0;   6;    9.533;   0;   2.8;  11.6;  960.48;   13.8;   75.92;   23.6;    3.4;    0.6;eor
        232;20181012;   10;   6.0;   1.7;    3;   0.0;   0;   10.183;   0;   1.1;  12.8;  967.65;   15.5;   75.63;   23.9;    7.8;    4.2;eor
        232;20181013;   10;   9.0;   1.9;    3;   0.0;   0;   10.000;   0;   0.1;  11.1;  965.88;   13.0;   77.50;   22.7;    3.9;    2.0;eor
        232;20181014;   10;   7.5;   1.9;    3;   0.0;   0;   10.050;   0;   0.0;  10.6;  959.24;   13.3;   74.29;   23.5;    4.6;    2.2;eor
        232;20181015;   10;   5.9;   1.5;    3;   0.0;   0;   10.000;   0;   0.1;   9.8;  959.51;   11.9;   75.13;   22.7;    3.8;    0.7;eor
        232;20181016;   10;   3.3;   1.1;    3;   0.0;   0;    9.883;   0;   0.8;   9.6;  963.11;   11.2;   76.79;   22.6;    2.4;   -0.5;eor
        232;20181017;   10;   4.7;   1.4;    3;   0.0;   0;    9.783;   0;   0.3;   9.9;  963.36;   10.6;   80.17;   20.3;    3.4;    0.7;eor
        232;20181018;   10;   5.5;   1.3;    3;   0.0;   0;    9.033;   0;   6.0;  10.3;  963.95;   10.2;   83.96;   19.0;    2.1;    0.5;eor
        232;20181019;   10;   6.7;   1.8;    3;   0.0;   0;    6.450;   0;   3.3;  10.7;  966.30;    9.7;   89.13;   17.0;    2.6;    0.9;eor
        232;20181020;   10;   3.5;   1.1;    3;   0.0;   0;    2.117;   0;   6.9;   9.6;  971.22;    8.2;   89.38;   16.3;    2.9;    0.0;eor
        232;20181021;   10;   8.7;   2.4;    3;   0.0;   0;    7.933;   0;   3.7;   7.5;  971.15;    6.9;   78.46;   14.3;   -0.4;   -4.2;eor
        232;20181022;   10;   7.5;   1.7;    3;   0.0;   6;    9.417;   0;   2.7;   7.3;  971.30;    6.1;   78.67;   13.1;   -3.8;   -6.4;eor
        232;20181023;   10;  15.3;   4.7;    3;   0.0;   6;    0.050;   0;   7.7;   9.3;  969.55;   10.3;   75.17;   12.7;    7.6;    6.5;eor
        232;20181024;   10;  14.9;   7.2;    3;   1.9;   6;    0.000;   0;   7.7;  10.4;  965.87;   11.3;   78.29;   12.6;   10.5;    9.9;eor
        232;20181025;   10;  10.5;   3.9;    3;   0.0;   0;    1.567;   0;   6.9;  11.3;  963.58;   10.8;   87.54;   13.7;    6.7;    3.7;eor
        232;20181026;   10;   7.2;   1.8;    3;   2.6;   6;    6.417;   0;   6.5;   9.4;  955.11;    9.5;   80.75;   15.7;    3.2;    0.2;eor
        232;20181027;   10;   8.6;   2.3;    3;  29.2;   8;    0.000;   0;   7.1;   8.1;  952.39;    5.1;   92.54;    7.3;    2.7;    0.5;eor
        232;20181028;   10;  10.8;   4.7;    3;   4.9;   8;    0.000;   1;   7.7;   6.9;  949.63;    2.0;   97.21;    3.0;    0.3;    0.1;eor
        232;20181029;   10;  13.8;   3.5;    3;   1.8;   6;    0.000;   0;   7.3;   9.2;  941.20;    5.7;   98.83;   11.6;    2.8;    2.4;eor
        232;20181030;   10;  12.0;   4.0;    3;   0.0;   6;    0.433;   0;   5.2;   7.5;  944.21;    6.1;   79.83;   11.2;   -0.3;   -3.9;eor
        232;20181031;   10;   9.5;   1.9;    3;   0.0;   0;    3.367;   0;   5.7;   7.2;  959.70;    4.8;   83.88;   10.4;   -1.9;   -5.1;eor
        232;20181101;   10;   7.7;   1.9;    3;   0.0;   0;    4.083;   0;   5.8;   8.6;  957.22;    7.3;   85.00;   15.2;    1.5;   -1.4;eor
        232;20181102;   10;   4.1;   1.2;    3;   0.0;   6;    0.633;   0;   7.9;   9.1;  966.12;    6.6;   93.00;   10.7;    1.7;    0.1;eor
        232;20181103;   10;   6.7;   2.2;    3;   0.0;   6;    0.000;   0;   7.9;  10.5;  968.47;    8.8;   92.13;   10.7;    6.8;    6.4;eor
        232;20181104;   10;   5.9;   2.7;    3;   0.0;   6;    0.000;   0;   8.0;  11.4;  960.77;    9.2;   97.25;    9.7;    8.6;    8.6;eor
        232;20181105;   10;   5.4;   1.7;    3;   0.0;   0;    4.900;   0;   5.3;  11.3;  954.48;    9.9;   93.00;   17.0;    3.2;    1.2;eor
        232;20181106;   10;   5.2;   1.3;    3;   0.0;   0;    2.633;   0;   6.3;   9.7;  953.74;    6.9;   95.25;   14.9;   -0.1;   -2.0;eor
        232;20181107;   10;   5.0;   1.6;    3;   0.2;   6;    7.517;   0;   5.8;   9.5;  957.25;    7.0;   94.58;   14.2;    1.3;   -0.9;eor
        232;20181108;   10;   7.2;   1.9;    3;   0.3;   6;    0.800;   0;   6.6;  10.5;  964.12;    8.4;   95.42;   12.8;    4.6;    1.7;eor
        232;20181109;   10;   5.3;   1.7;    3;   0.0;   6;    0.000;   0;   7.9;  10.3;  960.55;    7.8;   97.38;    9.3;    6.7;    6.6;eor
        232;20181110;   10;   5.3;   2.3;    3;   0.1;   6;    0.117;   0;   8.0;   9.8;  955.92;    7.0;   97.54;    8.7;    5.3;    5.7;eor
        232;20181111;   10;   5.3;   2.0;    3;   0.8;   6;    1.750;   0;   5.7;  10.7;  959.18;    8.5;   95.96;   13.9;    3.7;    1.2;eor
        232;20181112;   10;   4.8;   1.5;    3;   0.0;   0;    7.983;   0;   3.3;   8.8;  963.67;    5.5;   96.13;   12.1;    1.1;   -0.6;eor
        232;20181113;   10;   7.4;   2.0;    3;   0.2;   6;    0.683;   0;   5.7;   8.7;  970.98;    5.0;   97.42;   10.3;   -0.1;   -1.8;eor
        232;20181114;   10;   5.5;   1.9;    3;   0.0;   6;    0.000;   0;   7.7;   7.6;  973.60;    2.8;   99.83;    5.7;   -0.5;   -2.6;eor
        232;20181115;   10;   5.2;   2.1;    3;   0.0;   6;    0.000;   0;   8.0;   8.1;  970.86;    4.2;   98.67;    5.1;    3.4;    3.7;eor
        232;20181116;   10;  11.6;   2.7;    3;   0.0;   0;    2.967;   0;   4.1;   6.5;  971.21;    2.0;   92.13;    5.7;   -0.3;   -4.2;eor
        232;20181117;   10;  12.0;   4.2;    3;   0.0;   0;    8.267;   0;   0.0;   5.5;  969.77;    2.1;   78.54;    7.9;   -1.8;   -5.9;eor
        232;20181118;   10;   9.6;   3.3;    3;   0.1;   7;    8.117;   0;   2.3;   5.1;  965.36;    0.9;   78.79;    5.1;   -2.2;   -6.0;eor
        232;20181119;   10;  12.5;   4.7;    3;   0.0;   7;    1.150;   0;   7.8;   4.9;  955.45;    0.0;   79.92;    1.1;   -1.7;   -2.0;eor
        232;20181120;   10;  10.6;   3.4;    3;   0.0;   0;    4.583;   0;   4.3;   5.6;  950.48;    1.3;   83.29;    5.7;   -2.7;   -5.9;eor
        232;20181121;   10;   6.9;   2.5;    3;   0.0;   6;    0.000;   0;   7.8;   5.9;  958.09;   -0.3;   98.50;    0.9;   -2.2;   -5.5;eor
        232;20181122;   10;   3.3;   1.5;    3;   0.0;   0;    0.183;   0;   7.6;   6.1;  963.11;    0.9;   94.00;    2.8;   -1.7;   -4.4;eor
        232;20181123;   10;   7.8;   2.6;    3;   0.1;   6;    0.000;   0;   8.0;   6.6;  962.20;    0.9;   99.96;    2.3;   -0.5;   -0.1;eor
        232;20181124;   10;   7.6;   2.3;    3;   2.8;   6;    2.350;   0;   6.9;   7.7;  957.54;    3.7;   96.17;    8.9;   -0.3;   -2.7;eor
        232;20181125;   10;   7.1;   2.2;    3;   0.1;   6;    0.000;   0;   7.9;   6.7;  953.03;    1.2;   99.96;    4.1;   -2.4;   -3.9;eor
        232;20181126;   10;   6.7;   2.5;    3;  10.8;   8;    0.000;   0;   7.8;   6.9;  951.01;    1.8;   98.75;    3.2;    0.1;    0.1;eor
        232;20181127;   10;   2.3;   0.9;    3;   1.4;   8;    0.000;   4;   7.5;   6.2;  961.31;    0.5;   98.54;    2.6;   -1.9;   -3.4;eor
        232;20181128;   10;   7.6;   3.2;    3;   0.0;   0;    1.317;   1;   7.3;   5.6;  968.12;   -0.6;   96.25;    0.3;   -2.7;   -5.0;eor
        232;20181129;   10;   6.5;   2.8;    3;   1.4;   6;    3.233;   0;   7.6;   5.5;  964.57;   -0.3;   92.00;    1.9;   -1.5;   -1.4;eor
        232;20181130;   10;   5.4;   1.4;    3;   3.7;   6;    0.000;   0;   7.6;   6.4;  959.98;    1.0;   96.67;    5.3;   -0.7;   -0.6;eor
        232;20181201;   10;   6.3;   2.3;    3;   0.0;   6;    2.267;   0;   7.8;   8.1;  961.23;    4.7;   94.58;    8.3;    0.5;   -2.6;eor
        232;20181202;   10;  17.1;   5.6;    3;   4.6;   6;    0.000;   0;   7.8;   9.1;  953.93;    6.9;   89.54;   10.3;    2.2;    1.3;eor
        232;20181203;   10;  17.6;   7.3;    3;   6.4;   6;    0.050;   0;   7.8;  11.7;  952.23;   11.3;   87.42;   13.4;    9.4;    7.8;eor
        232;20181204;   10;  11.7;   4.4;    3;   0.1;   6;    0.183;   0;   6.8;   8.8;  962.70;    6.9;   88.71;    9.7;    1.7;    0.2;eor
        232;20181205;   10;   6.6;   2.3;    3;   1.4;   6;    0.000;   0;   8.0;   7.5;  968.27;    3.6;   94.96;    5.2;    0.3;   -1.3;eor
        232;20181206;   10;   8.3;   3.1;    3;   0.0;   6;    0.117;   0;   7.8;   9.6;  964.35;    7.1;   94.83;   10.1;    3.0;    1.2;eor
        232;20181207;   10;  20.0;   5.8;    3;   1.3;   6;    0.217;   0;   7.6;  10.0;  957.95;    9.9;   82.00;   12.5;    6.5;    5.0;eor
        232;20181208;   10;  20.5;   9.6;    3;   4.2;   6;    2.667;   0;   6.5;   6.9;  956.00;    6.1;   73.79;    7.5;    3.4;    1.7;eor
        232;20181209;   10;  20.9;   8.3;    3;  12.6;   8;    0.000;   0;   7.5;   8.1;  950.14;    5.8;   87.79;    8.1;    3.9;    2.7;eor
        232;20181210;   10;  13.9;   5.8;    3;   3.1;   8;    0.133;   0;   7.5;   6.7;  962.80;    2.6;   90.88;    4.9;    0.1;   -0.7;eor
        232;20181211;   10;  11.0;   4.8;    3;   1.2;   8;    0.333;   0;   7.6;   6.0;  965.27;    0.9;   92.75;    1.9;    0.0;   -1.6;eor
        232;20181212;   10;   6.4;   2.4;    3;   0.0;   7;    0.033;   0;   7.7;   5.9;  964.82;    0.5;   92.67;    1.8;   -0.7;   -1.5;eor
        232;20181213;   10;   9.4;   4.2;    3;   0.0;   8;    0.000;   0;   7.9;   4.9;  959.48;   -1.0;   85.96;   -0.4;   -1.7;   -1.5;eor
        232;20181214;   10;   8.4;   3.0;    3;   0.0;   8;    0.000;   0;   8.0;   4.2;  962.36;   -2.3;   82.00;   -1.6;   -2.7;   -2.5;eor
        232;20181215;   10;   7.2;   2.4;    3;   0.0;   7;    0.000;   0;   7.0;   4.0;  966.11;   -2.4;   78.38;   -1.6;   -6.4;   -9.8;eor
        232;20181216;   10;   6.1;   2.0;    3;   0.6;   8;    0.000;   0;   7.7;   4.9;  958.39;   -2.4;   93.42;    0.4;   -5.8;   -8.7;eor
        232;20181217;   10;   7.2;   2.2;    3;   0.0;   6;    0.150;   1;   7.6;   6.4;  965.73;    1.0;   96.92;    3.1;   -1.4;   -1.0;eor
        232;20181218;   10;   8.6;   2.4;    3;   0.0;   0;    6.817;   0;   5.1;   6.2;  968.23;    1.3;   92.71;    5.9;   -2.0;   -5.3;eor
        232;20181219;   10;   4.6;   1.9;    3;   2.9;   6;    0.000;   0;   7.5;   5.9;  961.25;    0.6;   93.08;    2.8;   -1.5;   -2.4;eor
        232;20181220;   10;  11.0;   3.9;    3;   0.0;   6;    3.133;   0;   7.2;   7.1;  962.05;    4.4;   85.50;    7.5;    1.8;    0.4;eor
        232;20181221;   10;  21.1;   7.9;    3;   6.4;   6;    0.000;   0;   7.8;   8.1;  959.00;    6.9;   80.58;   10.0;    3.4;    1.7;eor
        232;20181222;   10;  17.3;   7.6;    3;   5.0;   6;    0.050;   0;   7.7;   9.8;  960.85;    9.1;   84.67;   10.9;    6.7;    5.4;eor
        232;20181223;   10;  15.2;   5.6;    3;  20.7;   8;    0.000;   0;   7.5;   9.7;  964.52;    7.7;   91.42;   10.6;    6.0;    4.9;eor
        232;20181224;   10;  21.9;   5.5;    3;   2.2;   8;    1.033;   0;   7.4;   7.9;  967.73;    4.6;   91.63;   10.8;    1.2;   -0.5;eor
        232;20181225;   10;   5.1;   1.8;    3;   0.0;   0;    1.200;   0;   5.5;   5.5;  977.26;   -0.4;   93.38;    1.8;   -4.3;   -7.2;eor
        232;20181226;   10;   4.2;   1.6;    3;   0.0;   7;    0.483;   0;   7.2;   4.8;  975.11;   -2.9;   97.38;   -1.6;   -4.6;   -7.5;eor
        232;20181227;   10;   2.9;   1.0;    3;   0.0;   0;    0.400;   0;   8.0;   4.8;  970.94;   -3.1;   99.08;   -1.0;   -4.7;   -5.8;eor
        232;20181228;   10;   5.1;   1.2;    3;   0.0;   8;    6.067;   0;   3.9;   5.2;  971.07;   -1.1;   92.04;    4.7;   -3.9;   -6.1;eor
        232;20181229;   10;  10.3;   3.4;    3;   0.5;   8;    0.000;   1;   7.8;   5.5;  974.65;   -0.6;   94.42;    1.5;   -2.4;   -2.7;eor
        232;20181230;   10;  11.4;   5.7;    3;   0.2;   6;    0.000;   0;   7.9;   7.0;  974.08;    2.9;   92.33;    4.4;    0.4;    0.1;eor
        232;20181231;   10;   7.0;   3.0;    3;   2.3;   6;    0.000;   0;   7.8;   7.9;  975.70;    3.7;   98.42;    4.9;    2.6;    2.1;eor
        232;20190101;   10;  15.0;   5.5;    3;   3.1;   8;    0.000;   0;   7.9;   7.5;  971.35;    3.9;   93.13;    5.0;    2.6;    1.9;eor
        232;20190102;   10;  16.3;   5.8;    3;   0.5;   8;    0.667;   1;   6.3;   5.1;  971.98;    0.2;   82.38;    3.1;   -2.8;   -6.2;eor
        232;20190103;   10;   7.9;   3.2;    3;   0.0;   0;    0.850;   0;   7.5;   4.1;  977.58;   -2.2;   79.38;   -0.7;   -4.5;   -7.5;eor
        232;20190104;   10;  11.1;   4.4;    3;   1.6;   8;    0.000;   0;   7.3;   5.1;  976.37;   -1.1;   90.71;   -0.1;   -1.9;   -2.5;eor
        232;20190105;   10;  13.0;   6.7;    3;   9.5;   8;    0.000;   5;   7.7;   6.0;  969.96;    0.3;   96.25;    1.2;   -0.4;   -0.8;eor
        232;20190106;   10;   7.0;   3.7;    3;   3.9;   8;    0.000;   4;   8.0;   6.5;  971.66;    1.3;   97.75;    1.8;    0.5;    0.0;eor
        232;20190107;   10;   8.8;   3.8;    3;   0.9;   8;    0.000;   1;   7.8;   6.5;  973.55;    1.5;   95.04;    2.4;    0.1;    0.0;eor
        232;20190108;   10;  16.3;   8.2;    3;   7.2;   8;    1.067;   0;   7.0;   6.5;  959.73;    1.8;   92.83;    4.1;    0.6;    0.0;eor
        232;20190109;   10;  14.1;   5.7;    3;  10.3;   8;    0.000;   3;   7.3;   5.6;  955.17;   -0.3;   93.63;    1.5;   -1.6;    0.0;eor
        232;20190110;   10;   6.4;   3.3;    3;   2.0;   7;    0.000;  18;   7.5;   5.2;  963.20;   -1.4;   93.96;   -0.8;   -3.7;    0.0;eor
        232;20190111;   10;  10.4;   3.4;    3;   1.2;   8;    0.750;  18;   7.6;   4.4;  966.93;   -3.2;   91.42;   -1.1;   -7.3;    0.0;eor
        232;20190112;   10;  14.4;   7.1;    3;   3.8;   8;    0.000;  18;   7.7;   5.9;  963.69;    0.8;   90.71;    2.4;   -1.1;    0.0;eor
        232;20190113;   10;  16.6;   8.1;    3;   7.7;   8;    0.000;  10;   7.4;   6.8;  952.27;    2.4;   93.96;    5.2;    0.9;    0.0;eor
        232;20190114;   10;  13.0;   6.3;    3;   4.8;   8;    0.000;   0;   6.8;   6.5;  953.55;    2.3;   90.08;    4.8;    0.0;    0.0;eor
        232;20190115;   10;   9.8;   5.1;    3;   0.0;   0;    1.283;   2;   8.0;   5.5;  964.03;    1.6;   80.38;    3.5;   -0.4;    0.0;eor
        232;20190116;   10;   6.9;   2.9;    3;   0.0;   0;    7.167;   0;   7.4;   5.2;  958.10;    1.3;   78.00;    5.5;   -2.9;   -1.2;eor
        232;20190117;   10;  13.5;   5.9;    3;   2.0;   8;    0.167;   0;   7.5;   6.4;  952.44;    4.1;   77.54;    8.1;    0.3;   -1.3;eor
        232;20190118;   10;  10.4;   3.5;    3;   0.0;   7;    1.367;   0;   7.5;   4.7;  961.02;   -0.8;   82.25;    2.1;   -3.4;   -4.5;eor
        232;20190119;   10;   7.2;   2.3;    3;   0.0;   0;    4.050;   0;   5.4;   3.9;  958.85;   -4.3;   87.13;   -1.3;   -8.7;   -7.3;eor
        232;20190120;   10;   4.2;   1.4;    3;   0.0;   8;    1.833;   0;   6.6;   3.6;  958.44;   -6.0;   92.33;   -2.7;  -10.3;   -7.4;eor
        232;20190121;   10;   3.9;   1.7;    3;   0.0;   0;    0.000;   1;   7.2;   4.1;  962.30;   -4.2;   91.46;   -2.6;   -6.7;   -5.5;eor
        232;20190122;   10;   6.0;   2.4;    3;   0.0;   8;    0.000;   1;   8.0;   4.2;  953.99;   -4.0;   92.33;   -3.4;   -5.2;   -2.4;eor
        232;20190123;   10;   5.0;   2.5;    3;   0.0;   8;    0.000;   1;   8.0;   3.9;  942.65;   -4.7;   89.58;   -4.0;   -5.5;   -2.6;eor
        232;20190124;   10;   5.0;   1.8;    3;   0.1;   8;    0.000;   1;   7.6;   4.0;  951.09;   -4.1;   87.75;   -1.9;   -7.0;   -5.0;eor
        232;20190125;   10;   7.5;   3.1;    3;   0.7;   8;    0.583;   1;   7.5;   3.7;  958.85;   -3.9;   81.33;   -2.3;   -5.2;   -2.4;eor
        232;20190126;   10;  13.2;   6.1;    3;   0.0;   8;    0.083;   1;   7.3;   5.5;  954.70;    0.8;   84.21;    3.8;   -2.5;   -1.7;eor
        232;20190127;   10;  14.4;   5.1;    3;   0.1;   8;    1.283;   1;   7.4;   6.3;  940.04;    3.7;   78.92;    7.4;    1.0;   -0.9;eor
        232;20190128;   10;  15.4;   7.7;    3;   0.2;   8;    0.417;   1;   7.5;   5.4;  942.70;    1.3;   80.46;    2.7;   -0.2;   -0.7;eor
        232;20190129;   10;   9.4;   3.7;    3;   0.0;   7;    0.750;   1;   7.0;   4.8;  949.41;   -0.3;   80.21;    2.7;   -3.0;   -4.5;eor
        232;20190130;   10;  18.4;   4.1;    3;   0.0;   0;    0.650;   0;   7.4;   4.2;  941.50;   -1.0;   74.58;    4.0;   -5.5;   -8.4;eor
        232;20190131;   10;   8.9;   2.4;    3;   0.0;   8;    6.417;   0;   4.7;   4.0;  942.09;   -1.1;   71.29;    3.3;   -7.0;  -10.5;eor
        232;20190201;   10;   6.7;   1.9;    3;   0.3;   6;    0.000;   1;   6.3;   5.0;  936.19;    0.4;   78.92;    1.8;   -1.1;   -3.0;eor
        232;20190202;   10;   4.0;   1.4;    3;   1.2;   6;    2.483;   1;  -999;   6.7;  940.90;    1.5;   97.25;    6.1;   -0.1;   -2.2;eor
        232;20190203;   10;  10.2;   4.3;    3;  10.2;   7;    0.000;   0;   7.6;   6.0;  956.41;   -0.2;   99.17;    1.5;   -1.6;   -0.4;eor
        232;20190204;   10;   7.1;   1.8;    3;   0.0;   0;    7.100;  12;   4.7;   4.5;  971.43;   -3.3;   93.71;    0.9;  -10.4;   -6.0;eor
        232;20190205;   10;   4.2;   1.5;    3;   0.0;   7;    0.000;   9;   7.8;   4.2;  971.90;   -4.6;   96.21;   -1.6;   -6.7;   -3.7;eor
        232;20190206;   10;   4.5;   1.5;    3;   0.0;   8;    0.000;   7;   8.0;   4.1;  969.94;   -5.1;   97.29;   -1.7;   -7.4;   -3.0;eor
        232;20190207;   10;   8.5;   2.5;    3;   3.1;   6;    0.000;   7;   7.7;   5.0;  961.30;   -2.4;   93.50;    2.8;  -10.3;   -6.8;eor
        232;20190208;   10;   9.4;   3.1;    3;   0.1;   6;    6.983;   4;   7.3;   5.8;  962.18;    2.6;   80.13;    7.2;   -0.6;   -4.7;eor
        232;20190209;   10;  12.6;   4.4;    3;   0.0;   6;    2.517;   2;   7.6;   6.5;  957.90;    5.0;   74.00;    9.6;   -1.2;   -4.4;eor
        232;20190210;   10;  22.6;   5.9;    3;   1.6;   8;    0.850;   0;   7.4;   6.8;  950.03;    6.2;   72.13;   11.3;    2.8;    0.0;eor
        232;20190211;   10;  16.1;   6.9;    3;   1.4;   8;    0.200;   0;   7.3;   6.1;  960.31;    2.3;   84.21;    4.1;    0.0;   -2.6;eor
        232;20190212;   10;   9.8;   4.0;    3;   0.0;   8;    0.333;   0;   7.1;   5.3;  975.90;    1.0;   81.13;    3.2;   -0.9;   -2.7;eor
        232;20190213;   10;   3.8;   1.7;    3;   0.0;   0;    8.433;   0;   4.6;   5.0;  979.61;    1.0;   77.83;    7.7;   -3.5;   -5.7;eor
        232;20190214;   10;   4.0;   1.5;    3;   0.0;   0;    7.683;   0;   4.4;   5.4;  979.28;    1.2;   81.88;   10.5;   -3.9;   -6.4;eor
        232;20190215;   10;   6.8;   1.4;    3;   0.0;   0;    9.283;   0;   0.6;   5.5;  976.50;    2.6;   77.58;   12.5;   -5.0;   -8.0;eor
        232;20190216;   10;   3.6;   1.4;    3;   0.0;   0;    9.267;   0;   0.0;   5.5;  972.51;    2.3;   79.13;   14.4;   -4.9;   -8.5;eor
        232;20190217;   10;   5.1;   2.1;    3;   0.0;   0;    9.400;   0;   0.7;   5.0;  969.23;    4.2;   64.38;   17.1;   -3.4;   -7.8;eor
        232;20190218;   10;   3.9;   1.6;    3;   0.0;   0;    9.467;   0;   0.0;   5.1;  964.92;    3.0;   69.50;   13.6;   -5.0;   -9.0;eor
        232;20190219;   10;   9.0;   2.8;    3;   0.0;   6;    5.550;   0;   5.8;   6.3;  964.46;    4.8;   74.08;   12.1;   -3.7;   -7.3;eor
        232;20190220;   10;   6.9;   1.4;    3;   0.0;   0;    2.000;   0;   7.9;   7.3;  967.97;    5.9;   79.54;   10.1;    3.2;    1.3;eor
        232;20190221;   10;   7.1;   2.1;    3;   0.3;   6;    5.400;   0;   6.9;   7.4;  971.43;    6.9;   75.33;   13.2;   -0.7;   -3.8;eor
        232;20190222;   10;   7.6;   3.4;    3;   0.0;   6;    0.300;   0;   6.8;   8.4;  976.20;    7.1;   82.71;   10.5;    2.0;   -2.1;eor
        232;20190223;   10;  10.4;   3.8;    3;   0.0;   0;    9.233;   0;   3.3;   3.5;  980.90;    1.1;   54.29;    6.1;   -3.9;   -7.9;eor
        232;20190224;   10;   6.8;   2.1;    3;   0.0;   0;    6.283;   0;   3.6;   3.1;  980.38;    0.1;   51.58;    7.3;   -5.5;   -9.3;eor
        232;20190225;   10;   6.9;   1.8;    3;   0.0;   0;    9.700;   0;   3.1;   4.9;  979.85;    3.3;   63.46;   14.0;   -5.2;   -7.7;eor
        232;20190226;   10;   3.9;   1.3;    3;   0.0;   0;    9.283;   0;   6.0;   6.1;  976.77;    4.9;   74.29;   16.0;   -3.5;   -6.5;eor
        232;20190227;   10;   3.9;   1.5;    3;   0.0;   0;    9.983;   0;   0.4;   5.6;  970.84;    5.5;   67.42;   16.7;   -3.2;   -6.3;eor
        232;20190228;   10;  16.0;   5.2;    3;   1.3;   6;    9.267;   0;   1.7;   6.4;  962.17;    9.7;   56.17;   18.0;    0.5;   -4.9;eor
        232;20190301;   10;  11.9;   5.1;    3;   2.9;   6;    0.133;   0;   7.7;   8.4;  959.40;    7.1;   83.75;    9.3;    5.9;    5.0;eor
        232;20190302;   10;   8.2;   4.1;    3;   0.2;   6;    0.000;   0;   7.7;   7.7;  961.73;    6.4;   80.75;    8.2;    5.0;    3.0;eor
        232;20190303;   10;  13.4;   5.5;    3;   0.0;   0;    6.483;   0;   7.4;   7.5;  958.63;    9.3;   64.67;   13.8;    6.3;    3.1;eor
        232;20190304;   10;  26.7;   7.9;    3;   2.4;   8;    3.100;   0;   6.6;   6.2;  948.42;    8.1;   58.63;   14.5;    3.5;    0.2;eor
        232;20190305;   10;  16.6;   7.0;    3;   4.2;   8;    2.667;   0;   5.9;   6.5;  955.47;    5.0;   75.50;    9.4;    2.3;    0.4;eor
        232;20190306;   10;   8.2;   2.8;    3;   0.0;   0;    6.183;   0;   7.1;   7.6;  952.93;    6.3;   80.13;   13.0;    0.3;   -2.4;eor
        232;20190307;   10;  17.3;   4.6;    3;   0.7;   6;    3.283;   0;   5.3;   7.0;  948.73;    6.4;   73.58;   11.7;   -0.1;   -3.2;eor
        232;20190308;   10;  15.9;   5.4;    3;   0.0;   6;    3.000;   0;   5.7;   6.4;  959.43;    6.5;   66.83;   11.1;    2.5;   -0.4;eor
        232;20190309;   10;  19.2;   8.3;    3;   2.8;   6;    0.183;   0;   7.7;   7.6;  961.33;    8.4;   69.33;   11.1;    4.3;    2.0;eor
        232;20190310;   10;  26.9;   9.5;    3;   6.4;   8;    1.733;   0;   6.2;   8.6;  956.38;    9.5;   71.54;   13.8;    4.0;    1.3;eor
        232;20190311;   10;  19.1;   7.3;    3;   0.4;   8;    2.750;   0;   4.9;   5.0;  963.16;    2.8;   67.58;    5.3;   -0.2;   -1.5;eor
        232;20190312;   10;  11.4;   4.8;    3;   0.0;   6;    6.917;   0;   6.5;   4.6;  963.83;    4.2;   57.33;    8.8;   -0.1;   -1.3;eor
        232;20190313;   10;  18.2;   7.9;    3;   0.6;   6;    3.367;   0;   7.0;   5.5;  955.68;    5.7;   61.50;    9.3;    3.0;    1.9;eor
        232;20190314;   10;  20.8;   8.5;    3;   7.3;   6;    0.000;   0;   7.0;   6.7;  953.52;    3.8;   83.79;    5.6;    2.8;    1.9;eor
        232;20190315;   10;  17.7;   7.4;    3;  12.0;   6;    0.000;   0;   7.0;   8.9;  954.71;    6.8;   88.33;    9.8;    2.6;    0.6;eor
        232;20190316;   10;  17.8;   7.3;    3;   0.0;   6;    4.250;   0;   6.0;   8.4;  956.98;   10.2;   68.08;   14.3;    3.1;   -2.0;eor
        232;20190317;   10;  18.4;   6.2;    3;   1.7;   8;    5.883;   0;   6.0;   6.2;  952.68;    8.7;   58.63;   16.7;    2.9;   -2.3;eor
        232;20190318;   10;  12.0;   4.3;    3;   0.1;   8;    3.683;   0;   6.3;   5.9;  962.90;    3.2;   77.67;    7.1;   -1.1;   -5.0;eor
        232;20190319;   10;   7.8;   1.7;    3;   0.0;   0;    4.817;   0;   3.2;   5.0;  970.54;    1.5;   76.79;    8.2;   -3.8;   -6.8;eor
        232;20190320;   10;   8.9;   1.6;    3;   0.0;   0;   11.233;   0;   0.2;   4.4;  976.70;    1.5;   68.88;    9.1;   -5.6;   -8.8;eor
        232;20190321;   10;  11.1;   2.9;    3;   0.0;   0;   11.333;   0;   2.7;   4.6;  976.02;    3.7;   62.67;   13.0;   -3.9;   -8.5;eor
        232;20190322;   10;   7.5;   1.9;    3;   0.0;   0;    9.750;   0;   3.0;   5.8;  973.35;    5.2;   69.17;   15.8;   -3.4;   -7.7;eor
        232;20190323;   10;   6.3;   1.8;    3;   0.0;   0;   11.300;   0;   1.3;   6.6;  970.97;    7.9;   66.67;   18.0;   -2.2;   -6.1;eor
        232;20190324;   10;   9.6;   2.2;    3;   0.0;   6;    9.717;   0;   0.9;   7.3;  966.85;    7.5;   72.92;   17.5;   -1.7;   -5.3;eor
        232;20190325;   10;  19.1;   4.9;    3;   0.6;   8;    5.683;   0;   5.9;   6.3;  964.79;    4.9;   73.33;    8.0;    0.1;   -2.7;eor
        232;20190326;   10;   8.0;   2.6;    3;   1.8;   8;    2.400;   1;   6.1;   5.4;  971.74;    3.4;   71.79;    7.8;   -3.9;   -6.5;eor
        232;20190327;   10;   5.1;   1.6;    3;   0.0;   6;    0.467;   0;   7.0;   6.7;  974.70;    4.4;   80.79;    8.4;    1.2;    0.8;eor
        232;20190328;   10;   7.5;   2.6;    3;   0.0;   0;    5.133;   0;   6.8;   7.3;  975.89;    7.4;   73.08;   12.6;    2.2;    1.3;eor
        232;20190329;   10;  11.6;   3.9;    3;   0.0;   0;   11.100;   0;   0.6;   7.5;  973.21;    7.9;   73.29;   14.4;    0.9;   -3.3;eor
        232;20190330;   10;   4.8;   1.4;    3;   0.0;   0;   11.767;   0;   1.9;   6.4;  967.81;    7.2;   68.46;   18.0;   -2.0;   -5.1;eor
        232;20190331;   10;  10.1;   2.5;    3;   0.0;   0;   11.233;   0;   1.0;   6.6;  964.18;    9.1;   61.50;   17.8;   -0.7;   -5.2;eor
        232;20190401;   10;  11.0;   4.5;    3;   0.0;   0;    8.983;   0;   0.7;   8.2;  962.12;    9.0;   72.21;   14.9;    4.3;   -0.4;eor
        232;20190402;   10;  10.0;   2.0;    3;   0.0;   6;    9.917;   0;   7.5;   7.4;  955.21;   10.6;   62.75;   20.3;   -0.3;   -3.8;eor
        232;20190403;   10;  14.2;   3.3;    3;   0.0;   0;    7.017;   0;   6.2;   7.4;  947.14;   10.7;   60.88;   18.1;    1.8;   -1.2;eor
        232;20190404;   10;  11.3;   4.0;    3;   0.0;   6;    1.500;   0;   7.4;   6.9;  943.96;    5.1;   79.29;   11.0;    2.0;    1.4;eor
        232;20190405;   10;   5.6;   2.2;    3;   0.0;   0;    0.000;   0;   6.5;   7.0;  949.07;    4.4;   83.75;    7.8;   -0.2;   -2.9;eor
        232;20190406;   10;  10.4;   3.0;    3;   0.0;   0;    6.783;   0;   6.8;   8.2;  948.45;    8.8;   73.54;   15.2;    0.9;    0.6;eor
        232;20190407;   10;   6.5;   1.8;    3;   0.0;   6;    7.250;   0;   4.8;   7.9;  949.14;    8.8;   70.58;   15.8;   -0.4;   -3.2;eor
        232;20190408;   10;   7.0;   2.9;    3;   1.1;   6;    0.000;   0;   7.6;   9.5;  954.24;   10.0;   77.79;   12.5;    8.4;    7.5;eor
        232;20190409;   10;   9.7;   1.6;    3;  10.3;   8;    1.583;   0;   7.4;  10.4;  953.68;   10.2;   84.63;   15.5;    7.9;    7.2;eor
        232;20190410;   10;  10.0;   3.2;    3;   0.2;   6;    0.317;   0;   7.3;   9.0;  954.25;    9.3;   77.33;   12.2;    6.6;    5.6;eor
        232;20190411;   10;   8.8;   4.0;    3;   0.0;   6;    0.333;   0;   6.8;   6.4;  960.26;    6.2;   67.54;   10.1;    3.3;    2.3;eor
        232;20190412;   10;   9.5;   3.8;    3;   0.0;   0;    1.967;   0;   6.6;   5.0;  962.91;    3.9;   62.04;    8.1;   -1.3;   -2.8;eor
        232;20190413;   10;   9.7;   3.4;    3;   0.0;   6;    4.800;   0;   6.9;   4.9;  961.75;    5.5;   55.58;    9.8;    1.7;   -0.3;eor
        232;20190414;   10;  10.1;   3.5;    3;   0.0;   6;    4.100;   0;   7.8;   5.5;  962.44;    5.3;   62.58;    9.6;    0.0;   -2.8;eor
        232;20190415;   10;  11.9;   4.0;    3;   0.0;   0;   10.450;   0;   2.8;   6.9;  965.10;    8.6;   63.17;   14.5;    4.1;   -0.9;eor
        232;20190416;   10;   5.1;   1.7;    3;   0.0;   0;   11.183;   0;   3.9;   6.8;  962.03;    9.4;   59.38;   18.0;   -1.0;   -4.6;eor
        232;20190417;   10;  12.0;   3.2;    3;   0.0;   0;   11.350;   0;   6.0;   6.6;  965.85;   11.2;   53.75;   17.8;    3.4;    1.6;eor
        232;20190418;   10;  12.5;   5.2;    3;   0.0;   0;   12.850;   0;   1.8;   7.5;  967.46;   12.9;   52.33;   19.4;    3.5;    0.5;eor
        232;20190419;   10;   8.9;   3.1;    3;   0.0;   0;   13.000;   0;   0.0;   6.9;  970.91;   13.1;   48.50;   20.9;    4.5;   -0.1;eor
        232;20190420;   10;   9.8;   3.0;    3;   0.0;   0;   13.033;   0;   0.0;   6.4;  970.36;   12.9;   46.08;   21.5;    2.5;   -1.3;eor
        232;20190421;   10;  10.7;   3.0;    3;   0.0;   0;   12.983;   0;   0.0;   5.8;  963.69;   11.8;   46.75;   21.8;   -0.7;   -4.4;eor
        232;20190422;   10;  13.5;   4.5;    3;   0.0;   0;   12.483;   0;   5.1;   6.4;  953.38;   14.8;   39.58;   22.7;    5.0;   -1.5;eor
        232;20190423;   10;  12.5;   4.2;    3;   0.0;   0;    2.883;   0;   7.5;   9.2;  945.48;   14.9;   55.21;   21.5;    8.0;    4.0;eor
        232;20190424;   10;  15.0;   3.3;    3;   0.0;   0;    8.550;   0;   4.3;   8.5;  949.50;   15.1;   55.00;   25.3;    5.4;    0.6;eor
        232;20190425;   10;  12.0;   3.9;    3;   0.0;   0;   11.983;   0;   4.1;   7.8;  954.60;   16.1;   49.25;   25.3;    5.3;    0.3;eor
        232;20190426;   10;  11.1;   4.7;    3;   1.3;   6;    2.700;   0;   5.8;   8.6;  958.93;    8.1;   79.67;   11.4;    5.8;    2.1;eor
        232;20190427;   10;  15.1;   5.1;    3;   7.0;   6;    4.267;   0;   6.9;   8.5;  961.46;    8.8;   75.58;   13.6;    2.9;    2.3;eor
        232;20190428;   10;   8.8;   3.0;    3;   0.6;   6;    3.417;   0;   6.8;   6.8;  963.94;    5.3;   77.79;   10.8;    1.4;   -1.0;eor
        232;20190429;   10;   9.2;   3.1;    3;   6.2;   6;    0.350;   0;   7.6;   8.0;  964.37;    6.3;   84.00;   10.6;    1.4;   -0.6;eor
        232;20190430;   10;   9.6;   3.6;    3;   0.1;   6;    3.467;   0;   5.7;   8.9;  962.45;    8.7;   80.38;   13.4;    2.6;   -1.0;eor
        232;20190501;    3;   6.7;   1.3;    3;   0.0;   0;   12.950;-999;   0.3;   7.5;  960.15;    9.3;   69.08;   18.2;   -1.0;   -3.1;eor
        232;20190502;    3;  17.1;   3.4;    3;   4.0;   6;    8.283;-999;   4.1;   8.6;  954.82;   11.4;   66.54;   19.0;    3.1;    0.0;eor
        232;20190503;    3;   7.4;   3.2;    3;   0.9;   6;    0.167;-999;   7.2;   9.8;  955.02;    9.2;   84.33;   12.6;    2.6;   -0.1;eor
        232;20190504;    3;  13.8;   3.8;    3;   7.2;   6;    1.550;-999;   6.5;   7.5;  952.37;    4.5;   88.46;   11.9;    0.7;   -1.9;eor
        232;20190505;    3;   9.7;   3.1;    3;   0.0;   6;    1.450;-999;   7.4;   6.1;  959.88;    3.4;   78.54;    7.8;   -2.0;   -4.1;eor
        232;20190506;    3;   8.1;   1.8;    3;   0.0;   6;    3.767;-999;   6.3;   5.8;  963.66;    4.1;   72.79;    9.1;   -1.8;   -4.2;eor
        232;20190507;    3;   5.5;   1.7;    3;   0.0;   0;    9.350;-999;   5.4;   5.8;  961.81;    6.6;   63.54;   13.7;   -2.3;   -4.5;eor
        232;20190508;    3;  10.8;   2.5;    3;   0.5;   6;    0.000;-999;   7.6;   8.8;  951.99;   10.0;   71.25;   15.1;    4.0;    1.2;eor
        232;20190509;    3;  16.9;   5.5;    3;   2.9;   6;    5.483;-999;   6.0;   9.3;  949.09;   10.9;   71.88;   16.4;    6.3;    4.3;eor
        232;20190510;    3;  10.2;   3.6;    3;   4.1;   6;    3.067;-999;   6.5;  10.0;  956.38;   10.4;   80.00;   15.9;    6.0;    3.1;eor
        232;20190511;    3;  13.7;   5.0;    3;   4.2;   6;    0.400;-999;   7.6;  10.6;  956.89;   11.0;   81.04;   15.0;    7.1;    6.8;eor
        232;20190512;    3;  11.5;   4.0;    3;   3.3;   6;    0.000;-999;   7.8;   8.3;  970.89;    6.8;   84.17;    9.9;    4.3;    4.1;eor
        232;20190513;    3;  10.4;   3.8;    3;   0.0;   0;    7.150;-999;   5.2;   6.7;  975.89;    8.8;   60.96;   14.3;    3.2;   -1.0;eor
        232;20190514;    3;  15.7;   3.8;    3;   0.0;   6;    9.400;-999;   4.1;   5.8;  971.24;    6.8;   60.92;   12.4;   -0.5;   -4.5;eor
        232;20190515;    3;   8.1;   3.4;    3;   0.0;   0;    2.100;-999;   7.8;   6.6;  965.70;    6.9;   67.38;   11.1;    1.4;   -0.9;eor
        232;20190516;    3;   5.7;   2.3;    3;   0.0;   0;    0.000;-999;   7.7;   8.4;  958.73;    7.9;   79.04;   11.2;    3.4;    1.1;eor
        232;20190517;    3;   9.5;   2.7;    3;   0.0;   6;   10.683;-999;   3.9;   9.4;  951.90;   12.1;   69.67;   19.9;    2.7;   -1.0;eor
        232;20190518;    3;   8.3;   2.1;    3;   0.0;   0;   10.100;-999;   5.2;  10.3;  949.82;   13.8;   67.83;   20.8;    4.7;    1.9;eor
        232;20190519;    3;   7.3;   2.2;    3;   5.5;   6;    8.417;-999;   5.0;  11.1;  948.17;   14.4;   70.83;   22.9;    4.2;    1.0;eor
        232;20190520;    3;  12.6;   4.3;    3;  48.8;   6;    0.000;-999;   7.6;  13.3;  948.07;   12.6;   90.50;   14.8;   11.5;   10.3;eor
        232;20190521;    3;  14.6;   7.0;    3;  14.3;   6;    0.000;-999;   7.7;  12.4;  953.82;   11.3;   92.42;   11.8;   10.6;   10.3;eor
        232;20190522;    3;   8.7;   4.0;    3;   0.0;   6;    1.167;-999;   6.3;  11.5;  962.50;   11.0;   87.33;   14.2;    5.0;    2.3;eor
        232;20190523;    3;   6.3;   1.6;    3;   0.0;   0;   13.267;-999;   5.0;   9.1;  963.57;   11.2;   71.92;   18.3;    3.1;    1.7;eor
        232;20190524;    3;   5.5;   1.4;    3;   0.0;   0;   13.500;-999;   3.5;   9.8;  959.98;   13.9;   65.63;   21.6;    3.2;    1.3;eor
        232;20190525;    3;  10.3;   2.0;    3;   0.0;   6;    4.717;-999;   7.3;  11.3;  960.07;   14.6;   70.38;   21.6;    7.1;    4.6;eor
        232;20190526;    3;   4.6;   1.5;    3;   0.0;   0;    7.267;-999;   4.7;  11.9;  960.42;   15.2;   71.58;   21.2;    8.2;    5.4;eor
        232;20190527;    3;   5.8;   1.8;    3;  37.6;   6;    6.767;-999;   4.8;  12.5;  955.43;   14.8;   76.33;   20.6;    7.4;    4.6;eor
        232;20190528;    3;  10.7;   3.3;    3;   1.4;   6;    0.367;-999;   7.6;  12.4;  953.49;   12.8;   84.25;   15.0;    9.9;    9.1;eor
        232;20190529;    3;   8.2;   2.9;    3;   0.0;   6;    1.083;-999;   7.7;  10.9;  963.78;   11.4;   81.25;   14.7;    8.0;    5.5;eor
        232;20190530;    3;   6.0;   1.4;    3;   0.0;   0;   11.500;-999;   3.8;   9.7;  970.08;   12.7;   69.71;   18.7;    4.8;    3.0;eor
        232;20190531;    3;   4.3;   1.3;    3;   0.0;   6;    4.483;-999;   6.5;  12.6;  970.21;   15.8;   71.67;   21.5;   10.6;    7.5;eor
        232;20190601;    3;   8.8;   1.6;    3;   0.0;   0;   13.567;-999;   4.8;  13.2;  967.48;   17.1;   70.63;   24.9;    8.0;    5.6;eor
        232;20190602;    3;   8.2;   2.6;    3;   0.0;   0;   14.883;-999;   2.9;  13.5;  963.35;   19.7;   62.29;   26.7;    9.4;    6.6;eor
        232;20190603;    3;  15.3;   2.3;    3;   0.9;   4;   11.183;-999;   2.8;  14.3;  960.98;   19.6;   66.54;   29.3;    9.6;    7.7;eor
        232;20190604;    3;   7.3;   2.7;    3;   0.0;   0;   14.267;-999;   1.3;  14.6;  957.87;   20.6;   63.38;   27.6;   10.8;    8.6;eor
        232;20190605;    3;   8.1;   2.7;    3;   0.0;   0;   14.633;-999;   1.3;  14.3;  952.71;   21.2;   59.21;   28.4;   10.9;    8.1;eor
        232;20190606;    3;  11.4;   3.9;    3;   0.0;   6;    3.817;-999;   5.3;  13.1;  957.52;   15.5;   74.25;   19.4;    7.7;    5.5;eor
        232;20190607;    3;  15.4;   3.8;    3;   0.0;   6;   14.500;-999;   0.4;  13.0;  958.10;   17.3;   68.08;   26.1;    6.3;    3.1;eor
        232;20190608;    3;   9.9;   3.1;    3;   0.0;   6;    8.067;-999;   5.1;   9.4;  967.99;   15.7;   55.00;   21.7;    8.6;    4.8;eor
        232;20190609;    3;  10.1;   2.4;    3;   0.6;   6;    7.633;-999;   6.0;  12.2;  966.00;   16.5;   66.79;   24.3;    6.3;    3.1;eor
        232;20190610;    1;  13.0;   2.3;    1;   7.4;   6;    4.383;-999;   6.3;  15.8;  958.90;   16.3;   85.96;   23.2;   11.8;    9.3;eor
        232;20190611;    1;   9.8;   3.2;    1;   0.0;   6;    3.433;-999;   7.0;  15.9;  955.72;   16.6;   84.08;   21.6;   12.9;   12.4;eor
        232;20190612;    1;  10.2;   2.7;    1;   0.2;   6;    0.983;-999;   6.9;  14.6;  955.93;   14.3;   89.29;   18.2;   11.5;    9.8;eor
        232;20190613;    1;   6.1;   1.6;    1;   0.0;   0;   13.533;-999;   2.0;  12.9;  960.37;   17.5;   67.88;   23.9;   10.6;    8.6;eor
        232;20190614;    1;   9.3;   2.6;    1;   0.0;   0;   11.417;-999;   3.6;  15.8;  960.26;   20.6;   66.71;   28.6;    8.8;    6.0;eor
        232;20190615;    1;  13.4;   3.9;    1;  31.9;   6;    7.700;-999;   6.0;  16.1;  959.18;   20.3;   68.75;   24.6;   14.0;   13.1;eor
        232;20190616;    1;  11.5;   3.1;    1;   0.0;   6;    3.717;-999;   5.9;  15.2;  965.93;   16.0;   84.58;   20.2;   10.6;    7.8;eor
        232;20190617;    1;   9.3;   2.5;    1;   0.0;   0;    8.483;-999;   4.3;  14.9;  964.34;   17.1;   78.71;   24.5;    8.2;    7.0;eor
        232;20190618;    1;   7.2;   1.5;    1;   0.0;   0;   13.233;-999;   2.2;  16.1;  960.57;   20.0;   71.17;   27.0;   11.4;    7.6;eor
        232;20190619;    1;   8.2;   1.9;    1;   0.2;   6;   11.250;-999;   4.4;  15.6;  957.21;   22.0;   62.00;   29.5;   15.3;   13.3;eor
        232;20190620;    1;  11.4;   3.0;    1;   1.7;   6;    5.967;-999;   6.4;  16.6;  959.52;   18.9;   76.50;   24.1;   12.8;   10.8;eor
        232;20190621;    1;   7.7;   1.8;    1;   0.0;   6;    7.483;-999;   6.5;  16.2;  962.81;   18.1;   78.42;   24.1;   10.6;    8.7;eor
        232;20190622;    1;  10.5;   2.7;    1;  36.5;   8;    2.183;-999;   7.3;  17.1;  961.56;   17.3;   87.08;   23.0;   12.8;   11.0;eor
        232;20190623;    1;   8.3;   2.0;    1;   2.7;   6;    3.217;-999;   5.8;  17.8;  963.47;   18.2;   85.33;   23.0;   14.2;   13.0;eor
        232;20190624;    1;  11.0;   3.8;    1;   0.0;   0;   14.867;-999;   3.0;  17.4;  965.52;   21.5;   70.13;   27.4;   15.0;   12.6;eor
        232;20190625;    1;   4.8;   1.6;    1;   0.0;   0;   14.800;-999;   4.7;  19.6;  966.09;   23.4;   69.63;   31.6;   14.1;   11.1;eor
        232;20190626;    1;   4.5;   1.4;    1;   0.0;   0;   14.500;-999;   1.0;  20.9;  968.13;   25.4;   68.88;   34.6;   15.8;   13.5;eor
        232;20190627;    1;   9.2;   2.8;    1;   0.0;   0;   14.500;-999;   0.0;  20.9;  967.54;   24.5;   69.17;   31.0;   13.3;    9.9;eor
        232;20190628;    1;   7.0;   1.9;    1;   0.0;   0;   15.117;-999;   0.0;  13.0;  967.16;   19.7;   60.88;   27.6;    9.7;    7.1;eor
        232;20190629;    1;   7.9;   2.4;    1;   0.0;   0;   15.100;-999;   0.0;  13.5;  964.93;   20.8;   58.75;   29.2;   10.2;    7.7;eor
        232;20190630;    1;   8.6;   2.4;    1;   0.0;   0;   14.983;-999;   1.1;  16.6;  962.40;   23.4;   60.75;   33.5;   10.1;    7.9;eor
        232;20190701;    1;  13.1;   2.8;    1;  21.7;   6;    8.117;-999;   6.0;  19.8;  962.47;   22.5;   74.54;   31.5;   17.3;   15.2;eor
        232;20190702;    1;   7.7;   2.4;    1;   0.0;   4;   12.400;-999;   2.6;  15.3;  964.46;   19.9;   68.21;   25.0;   12.8;   10.5;eor
        232;20190703;    1;   8.1;   2.0;    1;   0.0;   0;   13.817;-999;   3.6;  12.3;  965.48;   17.8;   62.96;   24.3;   10.3;    8.0;eor
        232;20190704;    1;   5.3;   1.8;    1;   0.0;   0;   15.017;-999;   0.9;  11.0;  965.63;   17.1;   61.21;   25.4;    7.8;    5.7;eor
        232;20190705;    1;   8.0;   2.1;    1;   0.0;   0;   10.633;-999;   5.3;  12.5;  962.55;   18.7;   62.50;   27.2;    9.2;    7.3;eor
        232;20190706;    1;  15.5;   2.9;    1;   2.3;   6;    8.283;-999;   5.2;  15.2;  957.81;   21.0;   63.96;   28.2;   12.6;    9.9;eor
        232;20190707;    1;  13.5;   3.1;    1;   8.4;   6;    3.050;-999;   7.5;  16.1;  957.79;   17.6;   80.46;   23.2;   13.3;   12.2;eor
        232;20190708;    1;   6.6;   2.2;    1;   0.0;   0;    1.500;-999;   7.4;  13.3;  961.75;   15.6;   76.08;   19.7;   10.9;    8.2;eor
        232;20190709;    1;   9.3;   2.5;    1;   0.0;   0;    9.350;-999;   5.7;  10.2;  962.83;   14.4;   63.92;   19.5;    6.7;    4.6;eor
