STATIONS_ID;MESS_DATUM;QN_3;  FX;  FM;QN_4; RSK;RSKF; SDK;SHK_TAG;  NM; VPM;  PM; TMK; UPM; TXK; TNK; TGK;eor
       1468;20180104;   10;  26.6;   7.2;    3;  77.4;   8;    0.000;   0;   7.4;   8.9;  909.82;    5.3;   97.79;    9.3;    0.6;   -0.1;eor
       1468;20180105;   10;  18.5;   6.2;    3;  17.4;   6;    1.750;   0;   7.7;   8.3;  910.55;    5.7;   90.63;    8.0;    3.9;    2.8;eor
       1468;20180106;   10;   5.9;   1.9;    3;   0.3;   6;    0.017;   0;   7.9;   8.3;  914.65;    4.4;   98.38;    6.4;    1.5;    0.3;eor
       1468;20180107;   10;  12.3;   4.2;    3;   0.0;   6;    0.000;   0;   7.9;   7.3;  922.48;    2.6;   99.71;    4.2;    1.0;   -0.7;eor
       1468;20180108;   10;   8.9;   4.5;    3;   0.0;   0;    0.000;   0;   7.8;   7.3;  924.47;    2.6;   99.33;    3.4;    1.5;    1.5;eor
       1468;20180109;   10;  11.4;   2.9;    3;   0.2;   6;    2.467;   0;   7.8;   7.3;  919.26;    3.6;   92.58;    8.5;    0.5;   -0.2;eor
       1468;20180110;   10;   7.8;   2.6;    3;   0.2;   6;    0.783;   0;   8.0;   6.4;  918.97;    3.9;   80.17;    6.7;    1.3;   -1.2;eor
       1468;20180111;   10;   6.1;   1.8;    3;   0.0;   0;    2.117;   0;   7.5;   6.7;  921.57;    2.2;   93.96;    4.9;   -0.1;   -2.0;eor
       1468;20180112;   10;   7.2;   2.7;    3;   0.0;   0;    0.000;   0;   7.8;   5.9;  928.72;   -0.1;   98.25;    1.3;   -1.7;   -2.1;eor
       1468;20180113;   10;-999;   3.5;    3;   0.0;   0;    0.000;   0;   7.8;   5.4;  927.72;   -0.4;   90.96;    0.2;   -1.9;   -3.4;eor
       1468;20180114;   10;-999;-999;    3;   0.0;   0;    0.000;   0;   7.5;   5.0;  925.66;   -1.6;   92.29;   -0.7;   -3.2;   -4.5;eor
       1468;20180115;   10;  22.3;   4.9;    3;  26.3;   8;    0.467;   0;   6.5;   5.5;  919.60;    1.1;   83.46;    3.6;   -4.1;   -5.4;eor
       1468;20180116;   10;  20.1;   7.7;    3;  41.6;   8;    0.000;   0;   7.4;   7.0;  907.44;    2.2;   96.79;    4.0;    0.2;   -0.1;eor
       1468;20180117;   10;  26.2;   9.5;    3;  18.3;   8;    0.017;   4;   7.7;   5.2;  912.40;   -1.0;   90.38;    1.0;   -2.7;   -0.5;eor
       1468;20180118;   10;  22.7;   8.1;    3;  40.3;   8;    0.000;  15;   7.5;   6.6;  913.33;    1.4;   96.58;    3.8;   -1.1;   -0.2;eor
       1468;20180119;   10;  18.2;   6.2;    3;  13.1;   8;    0.183;   9;   7.5;   5.7;  916.76;    0.1;   93.08;    2.3;   -1.2;   -0.1;eor
       1468;20180120;   10;  13.7;   4.5;    3;  29.5;   8;    0.000;  24;   7.0;   5.8;  912.49;   -0.2;   96.42;    1.3;   -1.3;   -0.1;eor
       1468;20180121;   10;  15.3;   4.8;    3;  15.5;   8;    3.183;  28;   7.5;   5.3;  919.09;   -1.1;   93.21;    0.5;   -2.0;   -0.1;eor
       1468;20180122;   10;  15.1;   5.1;    3;  21.7;   6;    0.000;  23;   7.7;   8.0;  918.31;    4.1;   96.50;    6.4;   -1.4;   -0.1;eor
       1468;20180123;   10;  12.7;   4.5;    3;   0.0;   6;    0.750;  16;   7.5;   6.5;  930.66;    2.4;   89.21;    4.0;    1.3;   -0.1;eor
       1468;20180124;   10;  13.9;   5.0;    3;   0.0;   0;    7.333;  11;   7.5;   7.8;  928.71;    6.7;   80.04;    9.5;    3.6;   -0.1;eor
       1468;20180125;   10;  10.8;   3.9;    3;   1.2;   6;    1.533;   5;   7.9;   7.2;  923.10;    6.8;   72.75;    8.4;    5.1;   -0.1;eor
       1468;20180126;   10;  10.1;   2.5;    3;   3.2;   6;    0.000;   2;   7.8;   7.6;  924.05;    3.7;   94.83;    7.1;    1.6;   -0.1;eor
       1468;20180127;   10;   9.9;   2.2;    3;   0.0;   6;    0.000;   0;   7.9;   7.3;  935.29;    2.9;   96.92;    4.4;    1.8;   -0.1;eor
       1468;20180128;   10;  13.8;   5.7;    3;   0.0;   6;    1.700;   0;   7.5;   7.2;  939.69;    3.6;   91.42;    5.0;    1.8;   -0.1;eor
       1468;20180129;   10;  19.6;   6.2;    3;   4.7;   6;    0.000;   0;   7.8;   7.8;  936.72;    3.9;   96.38;    4.9;    3.2;    2.1;eor
       1468;20180130;   10;   7.9;   3.2;    3;   1.1;   6;    0.617;-999;   7.7;   7.7;  934.19;    3.9;   94.79;    5.0;    2.5;    1.7;eor
       1468;20180131;   10;  17.7;   5.9;    3;  35.6;   8;    1.200;   0;   7.4;   7.1;  920.42;    3.2;   92.50;    4.9;    2.0;    0.9;eor
       1468;20180201;   10;  11.8;-999;    3;   2.6;   4;    0.367;   7;   7.7;   5.6;  910.75;   -0.4;   94.00;    2.6;   -2.3;   -0.8;eor
       1468;20180202;   10;-999;-999;    3;   0.7;   8;    0.267;   7;   6.8;   5.0;  913.29;   -1.9;   93.29;   -0.7;   -3.1;   -2.2;eor
       1468;20180203;   10;   7.6;   3.0;    3;   0.5;   8;    0.883;   6;   7.8;   4.8;  913.15;   -2.0;   91.08;   -0.2;   -3.9;   -2.5;eor
       1468;20180204;   10;   5.5;   2.3;    3;   0.9;   8;    0.867;   5;   8.0;   4.6;  919.61;   -2.8;   92.25;   -0.2;   -4.9;   -3.6;eor
       1468;20180205;   10;  10.2;   4.3;    3;   0.0;   0;    1.550;   5;   7.6;   4.4;  923.96;   -3.0;   90.04;   -0.9;   -3.9;   -2.2;eor
       1468;20180206;   10;   4.3;   1.9;    3;   0.0;   0;    7.483;   4;   7.2;   4.5;  916.93;   -2.4;   88.75;    3.1;   -5.1;   -5.7;eor
       1468;20180207;   10;   5.7;   2.0;    3;   0.4;   7;    2.050;   4;   7.9;   4.6;  917.03;   -2.5;   91.08;    1.0;   -4.6;   -4.8;eor
       1468;20180208;   10;   3.5;   1.6;    3;   0.1;   8;    3.767;   4;   7.8;   4.7;  922.57;   -2.0;   89.08;    2.5;   -3.9;   -3.2;eor
       1468;20180209;   10;   5.0;   1.8;    3;   0.0;   8;    0.000;   4;   7.9;   4.7;  920.50;   -2.7;   93.92;   -1.8;   -3.4;   -1.9;eor
       1468;20180210;   10;   9.4;   3.1;    3;   0.1;   8;    0.017;   4;   7.3;   4.8;  921.60;   -2.3;   92.88;   -1.4;   -2.8;   -2.6;eor
       1468;20180211;   10;  14.6;   4.6;    3;   6.0;   8;    0.000;   3;   7.8;   5.1;  914.78;   -1.4;   91.33;    0.0;   -3.2;   -2.7;eor
       1468;20180212;   10;  13.9;   5.9;    3;   1.7;   8;    2.650;  10;   6.1;   4.2;  920.00;   -3.2;   87.33;   -0.8;   -6.2;   -2.1;eor
       1468;20180213;   10;   8.5;   3.6;    3;   0.0;   0;    9.250;  10;   1.0;   3.3;  919.38;   -4.7;   77.88;   -1.4;   -7.3;   -3.4;eor
       1468;20180214;   10;   6.6;   2.4;    3;   0.0;   7;    9.250;   9;   1.7;   3.2;  920.77;   -5.2;   78.04;   -0.4;  -11.2;   -4.2;eor
       1468;20180215;   10;  10.5;   3.7;    3;  13.0;   8;    0.000;   9;   7.9;   6.0;  922.27;    0.2;   90.92;    5.3;   -5.5;   -2.7;eor
       1468;20180216;   10;   9.1;   2.7;    3;   0.0;   8;    0.433;   3;   7.5;   6.4;  929.75;    1.8;   92.63;    3.7;   -0.6;   -5.7;eor
       1468;20180217;   10;   7.0;   3.0;    3;  20.0;   7;    0.000;   1;   7.8;   5.4;  924.98;   -1.5;   98.67;    0.2;   -3.3;   -3.0;eor
       1468;20180218;   10;   8.7;   2.9;    3;   0.0;   0;    0.000;  21;   7.9;   4.5;  929.21;   -3.1;   91.88;   -1.5;   -4.1;   -0.4;eor
       1468;20180219;   10;   6.0;   1.8;    3;   0.0;   8;    0.000;  19;   7.9;   4.1;  923.21;   -4.1;   91.71;   -3.3;   -4.9;   -0.4;eor
       1468;20180220;   10;   7.3;   2.2;    3;   0.0;   8;    0.000;  17;   7.7;   3.8;  920.26;   -4.4;   86.75;   -3.5;   -5.7;   -0.5;eor
       1468;20180221;   10;  10.4;   4.3;    3;   0.0;   7;    2.583;  16;   7.0;   3.8;  922.61;   -4.9;   90.33;   -2.8;   -6.9;   -0.9;eor
       1468;20180222;   10;  14.2;   6.2;    3;   0.0;   8;    0.050;  15;   7.1;   3.2;  919.73;   -5.9;   82.33;   -4.1;   -8.5;   -1.0;eor
       1468;20180223;   10;  14.6;   6.1;    3;   0.0;   7;    0.000;  14;   8.0;   3.3;  919.10;   -5.4;   81.38;   -3.9;   -7.2;   -0.6;eor
       1468;20180224;   10;  17.8;   7.6;    3;   0.0;   8;    8.000;  14;   3.5;   2.9;  920.97;   -4.6;   68.21;   -1.1;   -8.1;   -1.1;eor
       1468;20180225;   10;  15.8;   6.3;    3;   0.0;   0;    9.967;  14;   1.3;   1.8;  924.24;   -9.6;   61.54;   -6.2;  -12.4;   -2.2;eor
       1468;20180226;   10;  12.9;   5.2;    3;   0.0;   7;    5.583;  14;   4.8;   1.6;  922.90;  -12.8;   70.21;  -10.2;  -15.0;   -2.4;eor
       1468;20180227;   10;   8.0;   3.4;    3;   0.0;   7;    2.583;  14;   7.0;   1.6;  918.78;  -13.9;   77.96;  -11.1;  -16.1;   -3.1;eor
       1468;20180228;   10;  12.2;   4.7;    3;   0.0;   0;    9.117;  14;   4.8;   1.7;  917.13;  -12.6;   72.96;   -8.4;  -17.0;   -3.6;eor
       1468;20180301;   10;   9.3;   4.4;    3;   0.1;   7;    0.150;  14;   8.0;   2.3;  908.19;   -9.1;   74.88;   -5.5;  -12.2;   -2.0;eor
       1468;20180302;   10;   7.4;   3.2;    3;   3.1;   8;    1.067;  14;   7.8;   3.6;  902.11;   -4.6;   80.13;    0.0;   -8.9;   -1.4;eor
       1468;20180303;   10;  10.1;   2.9;    3;   3.8;   8;    3.333;  19;   6.3;   5.6;  903.76;    0.3;   89.83;    4.6;   -3.1;   -1.0;eor
       1468;20180304;   10;  13.7;   4.1;    3;   1.4;   6;    5.650;  18;   6.1;   6.6;  906.11;    4.6;   79.25;    8.0;    1.2;   -0.1;eor
       1468;20180305;   10;   8.6;   3.1;    3;   0.0;   0;    9.617;  10;   8.0;   6.4;  903.76;    3.6;   82.17;    8.1;   -0.9;   -0.1;eor
       1468;20180306;   10;   9.2;   3.3;    3;   0.1;   8;    7.967;   8;   8.0;   6.3;  900.09;    3.4;   82.50;    9.6;   -1.5;   -1.8;eor
       1468;20180307;   10;  13.8;   4.2;    3;   4.2;   8;    1.550;   5;   7.4;   6.3;  905.86;    2.3;   87.75;    4.9;    0.5;   -0.1;eor
       1468;20180308;   10;  13.6;   4.8;    3;   0.0;   6;    4.600;   4;   7.3;   5.6;  912.94;    3.5;   73.63;    6.9;    0.3;   -0.2;eor
       1468;20180309;   10;   8.3;   3.1;    3;   0.1;   6;    0.017;   0;   8.0;   6.3;  915.90;    6.5;   65.71;    9.2;    3.2;   -0.3;eor
       1468;20180310;   10;  13.0;   3.8;    3;   4.7;   6;    0.000;   0;   7.2;   9.0;  913.50;    7.5;   87.50;    9.0;    4.9;    2.2;eor
       1468;20180311;   10;  10.6;   3.6;    3;   1.6;   6;    0.933;   0;   7.8;   8.8;  907.06;    8.0;   81.88;   14.6;    4.1;    1.5;eor
       1468;20180312;   10;  16.3;   4.8;    3;  15.1;   6;    0.650;   0;   7.7;   8.5;  906.13;    5.7;   93.29;    7.2;    3.8;    3.4;eor
       1468;20180313;   10;  16.3;   6.4;    3;  18.0;   8;    0.000;   0;   7.5;   7.1;  913.85;    2.5;   97.00;    4.2;    1.1;    0.3;eor
       1468;20180314;   10;   9.9;   3.5;    3;   0.0;   0;    6.350;   0;   4.3;   6.2;  917.43;    3.0;   82.75;    7.9;   -0.3;   -2.7;eor
       1468;20180315;   10;  10.7;   2.7;    3;   1.7;   6;    0.033;   0;   7.5;   6.6;  906.46;    2.3;   90.54;    5.5;   -1.3;   -3.3;eor
       1468;20180316;   10;  10.8;   3.6;    3;   3.8;   6;    3.067;   0;   4.8;   7.2;  909.52;    3.9;   89.42;    7.7;   -0.2;   -2.5;eor
       1468;20180317;   10;-999;-999;    3;   5.8;   8;    0.000;   0;   7.8;   5.6;  905.36;   -1.2;   98.54;    1.9;   -5.6;   -4.9;eor
       1468;20180318;   10;-999;-999;    3;   0.0;   7;    0.000;   6;   8.0;   3.9;  907.62;   -5.6;   95.71;   -4.3;   -6.6;   -3.5;eor
       1468;20180319;   10;-999;-999;    3;   0.0;   8;    0.000;   4;   7.9;   3.8;  913.15;   -5.3;   92.79;   -4.0;   -6.0;   -2.7;eor
       1468;20180320;   10;  11.0;-999;    3;   0.6;   7;    5.883;   4;   6.3;   3.6;  920.71;   -4.7;   82.79;    0.3;   -8.6;   -6.9;eor
       1468;20180321;   10;   8.7;   3.3;    3;   0.0;   0;   10.033;   5;   3.6;   3.0;  929.92;   -3.6;   66.25;    0.1;   -7.9;   -9.8;eor
       1468;20180322;   10;  11.5;   4.5;    3;   0.4;   8;    0.500;   3;   7.3;   3.8;  923.95;   -2.9;   75.92;    0.5;   -8.1;  -10.2;eor
       1468;20180323;   10;   7.3;   2.9;    3;   0.0;   8;    1.767;   3;   7.8;   5.9;  914.74;    0.7;   91.67;    4.9;   -1.4;   -2.4;eor
       1468;20180324;   10;   8.7;   2.8;    3;   0.0;   0;    9.833;   0;   5.5;   5.2;  908.37;    2.3;   74.79;    8.0;   -2.0;   -4.0;eor
       1468;20180325;   10;   7.8;   3.0;    3;   0.0;   0;    9.833;   0;   7.7;   5.2;  913.22;    4.1;   66.21;   10.1;   -2.3;   -4.5;eor
       1468;20180326;   10;   7.7;   3.3;    3;   0.9;   8;    0.267;   0;   7.6;   5.6;  920.30;    3.1;   73.42;    6.9;   -0.4;   -2.8;eor
       1468;20180327;   10;  11.0;   3.8;    3;  11.4;   6;    2.933;   0;   7.7;   6.1;  920.11;    3.0;   82.67;    8.6;   -0.3;   -1.3;eor
       1468;20180328;   10;  19.0;   6.8;    3;  27.0;   8;    0.550;   0;   7.5;   8.6;  912.95;    5.3;   95.58;    7.2;    2.1;    1.7;eor
       1468;20180329;   10;  14.6;   3.8;    3;   0.0;   6;    4.783;   0;   6.7;   5.8;  914.54;    2.4;   80.42;    6.6;   -0.8;   -2.3;eor
       1468;20180330;   10;  11.5;   4.2;    3;   1.0;   6;    5.600;   0;   6.2;   6.4;  909.74;    4.7;   77.29;   11.7;   -1.0;   -3.1;eor
       1468;20180331;   10;   9.7;   3.1;    3;   0.8;   8;    6.000;   0;   8.0;   6.1;  908.03;    4.3;   74.83;    8.7;    1.0;   -1.3;eor
       1468;20180401;   10;  17.2;   5.5;    3;   4.1;   8;    1.167;   0;   7.5;   6.5;  916.87;    2.0;   91.54;    3.8;    0.4;   -1.1;eor
       1468;20180402;   10;   8.5;   3.3;    3;   0.4;   6;    7.700;   0;   7.1;   6.0;  917.08;    6.4;   64.50;   13.5;   -0.4;   -2.3;eor
       1468;20180403;   10;  14.0;   3.9;    3;   0.0;   6;    6.533;   0;   7.5;   6.6;  914.35;   11.8;   48.63;   16.4;    7.3;    4.1;eor
       1468;20180404;   10;  21.3;   4.7;    3;   3.7;   6;    4.600;   0;   7.5;   8.2;  914.06;    9.2;   72.33;   17.0;    4.9;    3.6;eor
       1468;20180405;   10;  16.4;   5.1;    3;   4.0;   6;    0.883;   0;   6.5;   7.5;  921.70;    4.4;   88.58;    6.4;   -1.2;   -2.9;eor
       1468;20180406;   10;  11.1;   3.5;    3;   0.0;   0;   12.283;   0;   1.9;   6.4;  925.52;    5.7;   72.50;   13.3;   -0.8;   -2.8;eor
       1468;20180407;   10;   6.2;   2.6;    3;   0.0;   0;   12.100;   0;   0.4;   6.9;  920.90;   12.3;   54.00;   21.1;    1.4;   -1.0;eor
       1468;20180408;   10;   8.7;   2.9;    3;   0.0;   0;   10.583;   0;   5.9;   7.7;  916.72;   14.7;   48.54;   21.3;    6.7;    3.7;eor
       1468;20180409;   10;   7.9;   2.8;    3;   0.1;   6;    1.617;   0;   7.5;   8.7;  913.41;   12.8;   59.25;   17.7;    9.2;    4.9;eor
       1468;20180410;   10;  16.5;   4.3;    3;   1.7;   6;    4.417;   0;   7.9;   9.1;  912.61;    8.2;   84.08;   15.9;    2.7;    0.8;eor
       1468;20180411;   10;  10.6;   2.9;    3;   0.0;   0;   11.450;   0;   5.1;   7.4;  913.07;    9.3;   65.71;   14.6;    1.4;   -1.1;eor
       1468;20180412;   10;   9.6;   2.9;    3;   0.0;   0;    7.033;   0;   6.7;   8.4;  908.79;   10.9;   66.13;   17.1;    6.1;    3.7;eor
       1468;20180413;   10;  13.4;   4.3;    3;   0.0;   6;    5.450;   0;   6.3;   8.5;  917.13;    8.1;   78.79;   11.6;    4.8;    2.4;eor
       1468;20180414;   10;   7.4;   2.7;    3;   0.0;   0;    9.433;   0;   5.8;   7.9;  925.81;   11.3;   60.38;   16.3;    4.7;    2.3;eor
       1468;20180415;   10;   6.8;   2.9;    3;   1.5;   6;    7.533;   0;   6.8;   9.8;  921.17;   11.7;   72.46;   17.2;    7.0;    4.9;eor
       1468;20180416;   10;   8.1;   2.9;    3;   0.0;   0;    3.117;   0;   6.6;  10.1;  923.52;   11.3;   77.00;   15.8;    7.3;    5.2;eor
       1468;20180417;   10;   6.6;   2.1;    3;   0.0;   0;   12.750;   0;   2.7;   8.2;  932.50;   12.9;   57.88;   18.9;    4.8;    2.1;eor
       1468;20180418;   10;  12.9;   4.2;    3;   0.0;   0;   13.000;   0;   6.8;   8.5;  936.95;   14.9;   52.17;   20.6;    8.0;    4.2;eor
       1468;20180419;   10;   8.5;   3.4;    3;   0.0;   0;   13.033;   0;  -999;   8.5;  934.88;   16.6;   45.92;   23.3;   10.3;    5.7;eor
       1468;20180420;   10;   7.2;   1.9;    3;   0.0;   0;   13.067;   0;   4.8;   8.9;  931.54;   17.4;   46.79;   24.5;    8.4;    4.7;eor
       1468;20180421;   10;   6.2;   1.8;    3;   0.0;   0;    8.533;   0;   2.9;   9.6;  928.34;   18.2;   46.29;   23.6;   10.9;    7.1;eor
       1468;20180422;   10;  11.3;   3.7;    3;   0.0;   0;   10.383;   0;   4.6;   9.0;  924.75;   18.9;   42.96;   24.2;   12.1;    7.9;eor
       1468;20180423;   10;  13.6;   4.6;    3;   4.3;   6;    1.500;   0;   7.8;  11.6;  925.70;   13.1;   78.96;   17.3;   10.0;    8.9;eor
       1468;20180424;   10;  10.8;   3.8;    3;   0.0;   0;    9.633;   0;   7.4;  11.0;  926.07;   12.9;   75.38;   17.7;    9.2;    7.6;eor
       1468;20180425;   10;  16.6;   5.2;    3;   2.9;   6;    5.283;   0;   5.8;  10.4;  922.51;   12.8;   70.50;   16.6;    7.6;    6.8;eor
       1468;20180426;   10;  13.2;   4.4;    3;   0.0;   6;    4.700;   0;   7.3;   7.4;  925.70;    6.9;   74.83;   11.0;    1.3;   -0.6;eor
       1468;20180427;   10;  10.5;   3.3;    3;   0.0;   0;   12.700;   0;   6.0;   6.7;  920.30;   10.7;   55.04;   19.5;    1.5;   -0.9;eor
       1468;20180428;   10;  10.4;   2.8;    3;   2.3;   6;    3.917;   0;   7.7;   9.7;  920.56;   11.5;   71.58;   18.0;    7.3;    5.0;eor
       1468;20180429;   10;  16.5;   3.7;    3;   0.7;   6;   11.067;   0;   5.5;  10.3;  914.23;   14.8;   64.29;   22.5;    5.9;    4.0;eor
       1468;20180430;   10;  19.2;   6.5;    3;   0.0;   6;    9.033;   0;   5.9;   7.3;  913.95;    9.5;   63.08;   14.5;    6.1;    5.2;eor
       1468;20180501;   10;  10.4;   3.4;    3;   0.0;   0;    2.083;-999;   7.8;   6.8;  920.22;    6.1;   73.08;   10.7;    3.2;    1.5;eor
       1468;20180502;   10;   7.4;   2.5;    3;   1.3;   6;    1.800;-999;   7.9;   7.2;  919.62;    8.3;   65.92;   14.0;    3.8;    2.9;eor
       1468;20180503;   10;  10.7;   3.6;    3;   0.0;   0;    0.033;-999;   8.0;   9.1;  922.18;    9.3;   77.96;   12.2;    6.4;    6.1;eor
       1468;20180504;   10;  12.8;   4.3;    3;   0.0;   0;    6.533;-999;   6.7;  10.3;  925.10;   12.2;   72.00;   16.9;    7.0;    4.8;eor
       1468;20180505;   10;  13.0;   4.3;    3;   0.0;   0;   10.300;-999;   2.3;  10.8;  927.56;   13.9;   68.00;   20.7;    7.4;    5.6;eor
       1468;20180506;   10;  10.5;   3.9;    3;   0.0;   0;   13.833;-999;   0.0;  10.3;  928.25;   15.2;   61.17;   21.2;    9.7;    6.1;eor
       1468;20180507;   10;  11.6;   3.9;    3;   0.0;   0;   14.150;-999;   0.9;   8.1;  924.82;   15.1;   48.46;   20.9;    8.8;    3.6;eor
       1468;20180508;   10;   9.9;   3.3;    3;   0.0;   0;   14.167;-999;   0.3;   8.1;  919.10;   16.2;   45.33;   22.1;   10.2;    6.1;eor
       1468;20180509;   10;   8.9;   2.5;    3;   0.2;   6;    8.317;-999;   2.8;   9.6;  916.23;   15.0;   57.33;   20.6;    8.2;    5.0;eor
       1468;20180510;   10;  15.1;   4.8;    3;   3.0;   6;    0.067;-999;   7.3;  10.8;  920.85;    9.5;   90.25;   12.9;    5.0;    3.1;eor
       1468;20180511;   10;   8.5;   2.8;    3;   0.0;   0;    9.617;-999;   2.6;  10.0;  925.76;   10.9;   78.08;   17.3;    3.4;    1.4;eor
       1468;20180512;   10;   8.9;   2.7;    3;  12.4;   8;    6.250;-999;   6.0;  11.9;  922.32;   15.2;   71.83;   22.3;    8.4;    5.8;eor
       1468;20180513;   10;  10.8;   4.7;    3;   0.2;   6;    0.100;-999;   7.7;  12.3;  918.43;   10.7;   95.42;   13.8;    7.9;    8.0;eor
       1468;20180514;   10;  10.2;   2.9;    3;  12.2;   6;    0.000;-999;   7.8;  12.5;  917.50;   10.2;   99.42;   12.1;    7.8;    7.9;eor
       1468;20180515;   10;  12.5;   3.3;    3;   3.9;   6;    5.600;-999;   7.6;  11.0;  920.35;   11.7;   81.58;   16.2;    9.0;    8.1;eor
       1468;20180516;   10;   7.8;   3.2;    3;   5.5;   6;    1.067;-999;   7.9;  11.0;  922.33;    9.6;   92.21;   12.7;    8.0;    6.7;eor
       1468;20180517;   10;   9.9;   3.2;    3;   0.6;   6;    1.433;-999;   7.8;  11.6;  925.67;   10.6;   91.04;   14.3;    6.9;    4.9;eor
       1468;20180518;   10;   7.5;   2.0;    3;   0.0;   6;    6.867;-999;   5.0;   9.9;  926.90;   11.1;   76.50;   17.5;    4.6;    2.9;eor
       1468;20180519;   10;   7.3;   2.7;    3;   2.5;   6;    6.417;-999;   7.4;  10.8;  926.90;   11.0;   82.63;   17.0;    6.6;    4.4;eor
       1468;20180520;   10;  10.1;   3.0;    3;  13.6;   8;    0.217;-999;   7.0;  11.8;  926.24;   10.4;   93.54;   15.0;    6.9;    3.9;eor
       1468;20180521;   10;   9.1;   2.4;    3;   1.3;   8;    8.600;-999;   7.1;  13.1;  922.48;   13.4;   85.58;   19.3;    8.9;    7.1;eor
       1468;20180522;   10;  10.0;   2.3;    3;   3.8;   6;    7.250;-999;   7.6;  12.4;  921.63;   13.5;   82.38;   21.1;    8.2;    6.9;eor
       1468;20180523;   10;   6.1;   2.2;    3;   0.1;   6;    3.633;-999;   7.0;  13.5;  925.47;   14.1;   84.63;   19.3;    9.7;    8.9;eor
       1468;20180524;   10;   6.9;   1.9;    3;  10.0;   8;    2.150;-999;   6.2;  14.8;  926.32;   14.4;   90.33;   19.1;   10.9;    9.3;eor
       1468;20180525;   10;   7.4;   2.3;    3;   2.8;   6;   10.083;-999;   4.6;  13.7;  926.92;   16.3;   75.63;   21.8;    9.5;    7.7;eor
       1468;20180526;   10;   6.6;   2.0;    3;   4.6;   8;    9.733;-999;   6.8;  15.4;  928.51;   17.5;   78.58;   24.3;   11.0;    8.9;eor
       1468;20180527;   10;   8.7;   2.3;    3;   2.1;   6;    6.333;-999;   7.5;  15.9;  927.37;   18.7;   74.38;   24.0;   13.4;   11.3;eor
       1468;20180528;   10;  10.4;   3.3;    3;   1.6;   6;   10.067;-999;   6.5;  16.0;  925.36;   18.9;   75.13;   24.6;   13.4;   12.2;eor
       1468;20180529;   10;   9.3;   4.0;    3;   0.0;   0;    7.750;-999;   6.2;  15.7;  923.80;   17.0;   82.13;   21.1;   13.0;   10.8;eor
       1468;20180530;   10;  10.4;   3.4;    3;   4.0;   6;   12.717;-999;   3.0;  14.4;  924.04;   18.8;   69.33;   24.5;   12.0;   10.0;eor
       1468;20180531;   10;  18.4;   3.4;    3;  12.7;   8;    7.050;-999;   5.7;  16.0;  924.17;   17.3;   82.17;   22.4;   12.3;   11.6;eor
       1468;20180601;   10;  10.5;   4.1;    3;   0.6;   6;   10.717;-999;   4.8;  14.1;  927.39;   15.4;   81.71;   20.4;   12.0;   11.1;eor
       1468;20180602;   10;   7.2;   2.7;    3;   0.0;   4;   10.117;-999;   4.4;  14.3;  927.89;   16.1;   79.38;   21.8;   10.8;    9.4;eor
       1468;20180603;   10;   7.2;   2.6;    3;   0.0;   0;   13.667;-999;   6.0;  13.9;  925.87;   18.2;   68.46;   23.6;   12.6;    9.6;eor
       1468;20180604;   10;  10.1;   3.4;    3;   0.0;   0;   14.400;-999;   6.1;  13.6;  920.66;   20.0;   59.25;   24.7;   13.9;   11.0;eor
       1468;20180605;   10;   9.0;   2.7;    3;   0.0;   0;    9.233;-999;   5.3;  14.0;  920.04;   20.0;   60.63;   25.0;   16.0;   11.6;eor
       1468;20180606;   10;   8.4;   2.5;    3;   0.7;   6;    9.183;-999;   6.9;  15.9;  921.71;   19.3;   72.63;   25.2;   15.1;   10.9;eor
       1468;20180607;   10;   9.5;   2.9;    3;  58.6;   8;    0.733;-999;   7.3;  16.2;  924.24;   16.3;   87.96;   21.4;   12.0;   10.3;eor
       1468;20180608;   10;   8.6;   2.6;    3;   1.6;   6;    8.967;-999;   6.6;  16.5;  922.29;   17.5;   83.92;   23.5;   11.6;   10.1;eor
       1468;20180609;   10;   6.4;   3.0;    3;   3.0;   6;    3.717;-999;   7.3;  18.3;  922.20;   17.5;   90.92;   21.6;   14.4;   13.6;eor
       1468;20180610;   10;   9.1;   2.7;    3;   0.0;   0;   12.317;-999;   5.0;  16.3;  921.95;   19.3;   75.25;   24.4;   13.2;   11.8;eor
       1468;20180611;   10;  13.8;   2.9;    3;   2.8;   6;    2.600;-999;   6.8;  17.3;  919.86;   17.6;   86.63;   23.5;   12.2;   11.2;eor
       1468;20180612;   10;   9.9;   3.1;    3;   1.8;   6;    0.817;-999;   7.8;  15.7;  918.80;   15.1;   91.54;   19.3;   10.8;   11.0;eor
       1468;20180613;   10;  10.1;   4.1;    3;   0.0;   6;    0.550;-999;   8.0;  10.9;  922.36;   10.7;   84.67;   12.6;    9.3;    9.1;eor
       1468;20180614;   10;   7.0;   2.2;    3;   0.0;   0;    6.300;-999;   6.3;  10.2;  924.83;   11.8;   75.08;   18.5;    5.2;    3.3;eor
       1468;20180615;   10;   8.0;   2.2;    3;   0.0;   0;   10.000;-999;   5.8;  11.2;  925.48;   14.5;   69.42;   20.1;    8.4;    6.8;eor
       1468;20180616;   10;   8.1;   2.0;    3;   0.0;   0;    8.767;-999;   4.1;  12.6;  925.08;   16.2;   69.29;   21.2;    8.9;    7.1;eor
       1468;20180617;   10;  10.5;   4.5;    3;   0.0;   6;    3.350;-999;   7.1;  12.7;  927.55;   15.4;   72.50;   19.2;   11.7;   10.1;eor
       1468;20180618;   10;   8.4;   3.5;    3;   0.0;   0;   12.750;-999;   5.0;  11.9;  931.03;   15.3;   70.00;   20.8;   10.1;    8.8;eor
       1468;20180619;   10;   6.3;   2.5;    3;   0.0;   0;    7.283;-999;   4.4;  14.6;  932.82;   17.5;   74.58;   24.3;   11.5;    9.8;eor
       1468;20180620;   10;   7.7;   2.2;    3;   0.0;   0;   14.000;-999;   0.8;  15.3;  930.07;   20.2;   67.29;   26.9;   13.4;   10.0;eor
       1468;20180621;   10;  14.3;   5.6;    3;   0.0;   0;   10.300;-999;   3.7;  13.3;  927.27;   17.2;   66.83;   21.3;    7.4;    5.4;eor
       1468;20180622;   10;  10.3;   4.0;    3;   0.0;   0;   10.783;-999;   2.4;   7.7;  932.05;    9.4;   66.54;   13.9;    4.5;    1.7;eor
       1468;20180623;   10;   8.8;   2.8;    3;   0.0;   0;   12.117;-999;   4.0;   8.8;  932.07;   11.4;   67.29;   18.1;    4.5;    2.1;eor
       1468;20180624;   10;   7.9;   2.1;    3;   0.0;   0;    2.567;-999;   7.9;   9.8;  929.15;   12.1;   70.42;   16.4;    7.1;    5.3;eor
       1468;20180625;   10;   7.0;   2.4;    3;   0.0;   0;    6.217;-999;   6.3;  10.5;  930.30;   13.4;   69.38;   18.7;   10.2;    7.6;eor
       1468;20180626;   10;   5.9;   2.1;    3;   0.0;   0;    1.933;-999;   5.6;  12.4;  931.03;   14.7;   74.38;   19.5;   10.0;    7.0;eor
       1468;20180627;   10;  11.9;   3.5;    3;   0.0;   0;   11.533;-999;   2.1;  11.2;  929.76;   16.1;   63.67;   21.5;   10.8;    7.1;eor
       1468;20180628;   10;  13.0;   4.0;    3;   0.1;   6;    6.000;-999;   5.2;  12.2;  927.71;   14.3;   74.96;   19.0;    9.7;    6.3;eor
       1468;20180629;   10;  11.4;   4.0;    3;   0.0;   0;    5.667;-999;   5.7;  15.1;  925.03;   17.4;   77.00;   22.7;   12.9;   12.6;eor
       1468;20180630;   10;   9.0;   2.9;    3;   0.0;   0;   14.250;-999;   1.0;  13.7;  923.30;   21.1;   56.38;   26.7;   14.3;   11.2;eor
       1468;20180701;   10;  10.0;   3.6;    3;   0.0;   0;   15.117;-999;   0.7;  10.4;  923.67;   18.1;   49.88;   23.7;   12.4;   10.1;eor
       1468;20180702;   10;   7.1;   3.0;    3;   0.0;   0;   14.600;-999;   1.0;  10.1;  923.51;   18.6;   47.96;   25.4;   11.3;    9.1;eor
       1468;20180703;   10;   8.8;   2.7;    3;   0.0;   0;    8.833;-999;   6.8;  12.3;  925.43;   19.3;   54.88;   24.2;   13.4;   11.0;eor
       1468;20180704;   10;   8.2;   3.0;    3;   0.8;   6;    7.417;-999;   7.7;  14.9;  925.45;   19.8;   66.04;   25.4;   14.7;   12.4;eor
       1468;20180705;   10;   8.4;   3.0;    3;  18.2;   6;    0.000;-999;   7.4;  16.0;  924.45;   15.6;   90.42;   18.9;   13.9;   12.3;eor
       1468;20180706;   10;  10.0;   3.7;    3;   0.4;   6;    5.567;-999;   6.3;  15.4;  928.03;   16.4;   83.42;   21.5;   13.7;   11.5;eor
       1468;20180707;   10;   8.4;   2.7;    3;   0.0;   0;    9.850;-999;   4.2;  13.5;  931.05;   17.9;   66.67;   23.1;   13.1;   10.2;eor
       1468;20180708;   10;   7.4;   2.9;    3;   0.0;   0;   10.650;-999;   4.1;  11.3;  930.32;   18.2;   54.63;   23.3;   12.9;   10.5;eor
       1468;20180709;   10;   9.1;   3.0;    3;   0.0;   0;   11.750;-999;   4.2;  10.6;  928.70;   18.6;   49.46;   24.1;   11.4;    8.5;eor
       1468;20180710;   10;  13.3;   4.6;    3;   0.1;   6;    6.250;-999;   5.1;  11.4;  925.40;   14.6;   68.42;   18.5;    9.5;    7.7;eor
       1468;20180711;   10;   9.8;   3.9;    3;   0.0;   6;    3.883;-999;   4.8;  10.6;  925.05;   12.3;   75.04;   16.3;    8.9;    7.2;eor
       1468;20180712;   10;   7.7;   2.4;    3;   0.0;   0;    2.267;-999;   5.8;  11.9;  926.59;   15.1;   69.58;   19.7;   10.0;    8.1;eor
       1468;20180713;   10;   6.0;   1.8;    3;   0.0;   0;    9.133;-999;   2.7;  11.7;  928.33;   18.4;   57.96;   24.6;    9.9;    7.4;eor
       1468;20180714;   10;   9.7;   2.3;    3;   0.0;   0;    9.133;-999;   3.9;  12.7;  927.48;   20.2;   54.25;   24.8;   14.4;   10.7;eor
       1468;20180715;   10;   8.4;   2.5;    3;  10.0;   8;    3.317;-999;   7.6;  14.8;  925.40;   17.6;   73.63;   24.3;   13.2;   11.1;eor
       1468;20180716;   10;   7.1;   2.3;    3;   0.1;   6;   10.000;-999;   5.3;  13.4;  923.24;   18.1;   66.58;   23.8;   12.9;   10.3;eor
       1468;20180717;   10;  14.0;   3.5;    3;   1.1;   6;    9.117;-999;   5.7;  13.0;  925.42;   18.2;   64.79;   25.1;   12.3;    9.8;eor
       1468;20180718;   10;   8.9;   2.8;    3;   0.0;   0;   10.067;-999;   4.0;  13.7;  926.74;   19.0;   63.33;   24.1;   13.6;   11.3;eor
       1468;20180719;   10;   7.8;   2.4;    3;   0.0;   0;    9.617;-999;   4.5;  10.9;  926.26;   20.2;   47.08;   25.9;   14.7;   10.4;eor
       1468;20180720;   10;  10.6;   2.8;    3;   0.4;   6;    7.450;-999;   7.0;  12.8;  923.40;   20.2;   55.46;   27.5;   13.5;   11.2;eor
       1468;20180721;   10;   9.8;   3.6;    3;   2.0;   6;    0.550;-999;   7.9;  16.0;  922.27;   16.4;   85.42;   20.3;   15.1;   14.7;eor
       1468;20180722;   10;   9.5;   4.0;    3;   4.7;   8;    1.750;-999;   7.8;  15.4;  924.14;   16.5;   83.21;   21.7;   13.9;   13.3;eor
       1468;20180723;   10;   6.3;   2.6;    3;   0.0;   0;    6.683;-999;   4.5;  15.9;  926.75;   18.6;   75.25;   24.1;   14.4;   12.9;eor
       1468;20180724;   10;   8.4;   2.8;    3;   0.0;   0;   12.100;-999;   1.3;  14.8;  924.89;   21.4;   59.63;   26.8;   14.1;   10.9;eor
       1468;20180725;   10;  11.5;   2.3;    3;   1.2;   6;   11.850;-999;   1.5;  14.2;  925.30;   22.4;   54.46;   28.9;   14.8;   12.3;eor
       1468;20180726;   10;  10.4;   3.3;    3;   0.0;   0;   14.083;-999;   0.7;  13.0;  925.14;   23.7;   45.17;   28.4;   17.3;   13.6;eor
       1468;20180727;   10;   9.0;   2.4;    3;   0.0;   6;   10.683;-999;   2.5;  13.6;  923.06;   23.1;   49.00;   28.9;   15.7;   12.3;eor
       1468;20180728;   10;  13.4;   4.2;    3;   0.0;   6;    3.033;-999;   6.9;  15.8;  922.10;   20.7;   64.92;   24.7;   16.4;   14.1;eor
       1468;20180729;   10;   7.5;   2.6;    3;   0.0;   0;   10.450;-999;   5.2;  14.7;  925.11;   21.2;   61.54;   28.1;   14.5;   12.4;eor
       1468;20180730;   10;   7.6;   2.2;    3;   0.0;   0;   11.367;-999;   3.4;  14.2;  926.45;   23.5;   51.25;   30.1;   15.5;   12.6;eor
       1468;20180731;   10;   8.6;   2.7;    3;   1.0;   6;    8.867;-999;   4.2;  14.0;  927.24;   24.9;   45.88;   30.9;   17.9;   13.8;eor
       1468;20180801;   10;  16.3;   4.2;    3;   2.7;   6;    6.600;-999;   7.6;  16.6;  929.40;   21.7;   65.29;   27.9;   16.2;   15.8;eor
       1468;20180802;   10;   7.8;   2.4;    3;   0.0;   0;   12.583;-999;   2.9;  17.0;  931.13;   21.7;   68.29;   27.8;   15.9;   15.7;eor
       1468;20180803;   10;  10.4;   2.9;    3;   0.0;   0;   13.250;-999;   0.6;  17.6;  929.80;   24.5;   58.83;   30.3;   18.6;   15.5;eor
       1468;20180804;   10;   8.1;   2.2;    3;   0.0;   6;    8.217;-999;   3.1;  15.7;  928.13;   25.0;   50.50;   30.6;   18.2;   15.4;eor
       1468;20180805;   10;   9.5;   3.4;    3;   0.0;   0;   12.533;-999;   3.6;  14.7;  928.68;   23.3;   51.46;   28.3;   19.3;   16.0;eor
       1468;20180806;   10;   7.8;   2.2;    3;   0.0;   0;   11.583;-999;   7.2;  14.5;  926.32;   23.8;   50.54;   31.2;   16.8;   13.3;eor
       1468;20180807;   10;  12.7;   3.9;    3;  11.6;   8;    5.483;-999;   5.8;  17.0;  923.65;   21.5;   67.25;   27.5;   17.7;   16.7;eor
       1468;20180808;   10;  16.7;   4.1;    3;  23.3;   8;    5.717;-999;   7.3;  16.9;  924.29;   21.7;   66.63;   26.6;   16.1;   15.5;eor
       1468;20180809;   10;  17.1;   3.9;    3;   7.4;   8;    8.017;-999;   5.7;  16.7;  924.64;   19.6;   75.17;   28.6;   14.0;   13.3;eor
       1468;20180810;   10;  12.0;   3.4;    3;   0.0;   0;    8.650;-999;   5.6;  11.0;  931.73;   15.1;   66.13;   20.6;   10.4;    9.4;eor
       1468;20180811;   10;  10.0;   3.7;    3;   0.0;   0;    9.400;-999;   5.7;  10.0;  931.73;   15.2;   58.96;   20.4;    9.4;    7.3;eor
       1468;20180812;   10;   9.1;   2.7;    3;   0.0;   0;   13.717;-999;   2.8;   9.5;  925.83;   19.0;   46.04;   26.2;   10.0;    6.4;eor
       1468;20180813;   10;  14.7;   3.9;    3;   6.7;   6;    2.933;-999;   6.3;  15.1;  921.10;   17.1;   78.79;   20.7;   13.5;   12.7;eor
       1468;20180814;   10;  11.9;   4.2;    3;   0.0;   0;    5.500;-999;   5.8;  13.8;  925.48;   15.7;   78.46;   20.4;   12.2;   10.0;eor
       1468;20180815;   10;   5.8;   2.2;    3;   0.0;   0;    6.550;-999;   4.3;  13.8;  929.17;   16.7;   74.08;   21.8;   11.6;   10.1;eor
       1468;20180816;   10;   7.8;   2.0;    3;   0.0;   0;   12.900;-999;   2.9;  13.3;  926.11;   19.6;   61.92;   26.4;   11.4;    8.6;eor
       1468;20180817;   10;  11.5;   3.3;    3;   0.1;   6;    9.017;-999;   7.3;  14.2;  925.75;   20.4;   61.25;   27.1;   14.4;   12.1;eor
       1468;20180818;   10;   6.3;   2.3;    3;   6.8;   6;    6.217;-999;   6.1;  16.5;  930.37;   17.4;   83.63;   22.1;   13.1;   11.7;eor
       1468;20180819;   10;   6.2;   2.3;    3;   0.0;   0;    6.367;-999;   6.2;  13.8;  930.47;   19.5;   61.88;   25.0;   13.4;   12.3;eor
       1468;20180820;   10;   9.2;   3.1;    3;   0.0;   0;   13.267;-999;   1.1;  14.4;  929.28;   19.8;   64.04;   25.5;   14.3;   11.9;eor
       1468;20180821;   10;   6.4;   2.2;    3;   0.0;   0;    8.967;-999;   2.4;  15.4;  928.77;   20.6;   64.79;   26.2;   14.1;   11.6;eor
       1468;20180822;   10;   7.0;   1.6;    3;   0.0;   6;    8.083;-999;   3.1;  14.8;  927.00;   21.5;   58.96;   28.6;   14.4;   11.7;eor
       1468;20180823;   10;   9.8;   3.6;    3;   1.2;   6;    5.067;-999;   5.2;  16.0;  924.26;   20.5;   67.04;   26.0;   16.0;   14.5;eor
       1468;20180824;   10;  12.0;   4.5;    3;   1.1;   6;    1.717;-999;   7.7;  14.2;  923.05;   14.2;   86.88;   18.6;    9.2;    8.1;eor
       1468;20180825;   10;   9.5;   3.9;    3;   8.6;   6;    0.433;-999;   7.3;  10.8;  922.82;    9.2;   93.08;   10.3;    6.4;    5.3;eor
       1468;20180826;   10;   5.9;   2.0;    3;   0.0;   0;    8.450;-999;   5.5;   8.3;  925.24;   10.6;   68.67;   16.8;    3.4;    1.8;eor
       1468;20180827;   10;  12.4;   3.6;    3;   0.0;   6;    4.883;-999;   7.4;  11.0;  925.11;   15.5;   61.25;   20.1;   11.2;   10.2;eor
       1468;20180828;   10;   7.8;   2.2;    3;   0.0;   0;    8.233;-999;   6.3;  14.2;  927.56;   17.2;   74.54;   23.5;   11.7;    9.2;eor
       1468;20180829;   10;  12.7;   4.1;    3;   2.0;   6;    8.117;-999;   6.9;  15.2;  924.31;   18.3;   73.29;   24.8;   12.3;    9.8;eor
       1468;20180830;   10;  15.0;   4.6;    3;   1.5;   6;    5.383;-999;   7.1;  13.3;  928.39;   13.3;   87.13;   17.4;   10.2;    8.9;eor
       1468;20180831;   10;   6.7;   2.4;    3;  24.3;   6;    0.000;-999;   7.9;  12.1;  928.32;   10.9;   92.71;   11.5;    9.9;    9.0;eor
       1468;20180901;   10;  10.2;   3.5;    3;   0.0;   6;    4.767;-999;   7.5;  10.7;  930.69;   12.5;   74.83;   16.1;    9.4;    8.6;eor
       1468;20180902;   10;   7.1;   2.9;    3;   1.0;   6;    0.000;-999;   7.9;  12.2;  928.81;   11.4;   90.29;   11.9;   10.6;   10.0;eor
       1468;20180903;   10;   5.0;   1.6;    3;   0.1;   6;    1.033;-999;   7.9;  13.3;  925.25;   13.7;   86.33;   17.1;   10.3;    8.5;eor
       1468;20180904;   10;   5.9;   1.7;    3;   0.0;   0;    7.500;-999;   5.5;  13.7;  925.33;   14.9;   81.83;   20.2;    9.4;    7.4;eor
       1468;20180905;   10;   6.3;   2.3;    3;   0.0;   0;   10.800;-999;   2.1;  14.3;  925.46;   17.1;   75.29;   23.1;   11.1;    8.9;eor
       1468;20180906;   10;  11.7;   3.5;    3;   3.2;   6;    6.000;-999;   7.1;  14.4;  921.88;   17.0;   76.29;   23.0;   12.2;   10.6;eor
       1468;20180907;   10;   9.5;   3.7;    3;   0.8;   6;    5.067;-999;   5.7;  13.4;  924.57;   13.7;   86.21;   17.3;    9.3;    7.3;eor
       1468;20180908;   10;   7.2;   2.4;    3;   0.0;   0;   10.800;-999;   4.4;  11.0;  929.09;   13.1;   74.88;   20.1;    7.1;    5.0;eor
       1468;20180909;   10;   5.8;   2.1;    3;   0.0;   0;   11.383;-999;   5.5;  10.1;  930.49;   15.5;   60.79;   22.8;    7.9;    5.3;eor
       1468;20180910;   10;   8.0;   2.6;    3;   0.0;   0;   11.317;-999;   5.8;  10.5;  932.19;   17.8;   54.25;   23.6;    9.8;    6.4;eor
       1468;20180911;   10;  10.1;   3.3;    3;   0.0;   0;   11.883;-999;   3.5;  12.3;  933.60;   18.7;   59.25;   24.3;   12.8;    9.6;eor
       1468;20180912;   10;  11.3;   3.0;    3;   7.1;   6;   11.633;-999;   2.0;  13.1;  930.65;   19.4;   61.92;   26.4;   12.9;    9.6;eor
       1468;20180913;   10;  11.9;   2.5;    3;   5.8;   6;    1.950;-999;   7.6;  14.8;  927.71;   15.5;   85.17;   21.7;   10.8;    9.4;eor
       1468;20180914;   10;   5.3;   1.5;    3;   0.0;   6;    2.650;-999;   7.3;  14.0;  928.50;   13.7;   90.00;   18.3;    9.2;    8.2;eor
       1468;20180915;   10;   7.1;   2.8;    3;   0.0;   0;   11.267;-999;   3.0;  10.2;  931.92;   13.1;   68.79;   18.0;    9.0;    6.1;eor
       1468;20180916;   10;   6.9;   2.5;    3;   0.0;   0;   10.850;-999;   5.2;  11.4;  930.64;   15.0;   67.21;   22.2;    7.8;    3.7;eor
       1468;20180917;   10;   7.0;   2.4;    3;   0.0;   0;   11.750;-999;   1.4;  11.2;  928.88;   17.7;   58.63;   24.2;   10.6;    8.0;eor
       1468;20180918;   10;   8.9;   3.2;    3;   0.6;   6;    7.683;-999;   3.8;  13.5;  927.05;   19.6;   59.04;   24.9;   14.1;   10.6;eor
       1468;20180919;   10;   7.1;   2.9;    3;   0.0;   0;   11.333;-999;   1.2;  12.8;  929.55;   19.8;   56.33;   25.6;   13.8;   10.7;eor
       1468;20180920;   10;   8.6;   3.1;    3;   0.0;   0;   11.467;-999;   5.0;  13.7;  928.34;   20.0;   59.13;   24.7;   14.0;   11.6;eor
       1468;20180921;   10;  19.7;   5.1;    3;   0.8;   6;    3.233;-999;   7.5;  12.5;  923.88;   16.0;   70.00;   21.9;    8.2;    7.3;eor
       1468;20180922;   10;  12.2;   3.3;    3;   3.0;   6;    5.950;-999;   8.0;   9.2;  929.78;   10.0;   75.54;   14.0;    6.9;    5.6;eor
       1468;20180923;   10;  27.9;   6.5;    3;  26.1;   8;    0.000;-999;   7.7;  13.6;  923.62;   12.9;   89.79;   18.5;    6.6;    6.5;eor
       1468;20180924;   10;  10.2;   3.3;    3;   0.0;   0;   10.500;-999;   4.7;   7.3;  937.80;    6.7;   76.08;   11.1;    3.5;    1.4;eor
       1468;20180925;   10;  11.4;   4.2;    3;   0.0;   0;   10.433;-999;   3.3;   6.7;  941.66;    6.2;   72.17;   11.3;    2.4;   -0.6;eor
       1468;20180926;   10;   5.1;   1.9;    3;   0.0;   0;   11.200;-999;   5.6;   6.9;  939.91;    9.4;   62.67;   20.6;   -0.5;   -3.0;eor
       1468;20180927;   10;   5.1;   2.3;    3;   0.0;   0;   11.167;-999;   0.0;   8.1;  935.67;   13.9;   53.21;   22.8;    5.6;    2.2;eor
       1468;20180928;   10;  12.7;   4.1;    3;   0.1;   6;    9.883;-999;   4.0;  10.2;  930.31;   13.4;   67.50;   19.1;    7.9;    7.1;eor
       1468;20180929;   10;  11.4;   4.6;    3;   0.0;   0;   10.700;-999;   6.0;   7.5;  930.82;    8.3;   69.67;   13.5;    3.3;    0.3;eor
       1468;20180930;   10;   9.7;   3.0;    3;   0.0;   6;   10.933;-999;   1.2;   9.4;  924.71;   11.0;   72.83;   18.6;    1.9;   -0.6;eor
       1468;20181001;   10;  10.0;   4.2;    3;   0.8;   6;    2.300;-999;   7.5;   8.2;  924.80;    6.9;   82.63;   10.7;    3.5;    2.0;eor
       1468;20181002;   10;  11.9;   4.2;    3;   0.2;   6;    0.483;   0;   7.0;   7.2;  929.73;    4.7;   84.17;    7.0;    1.1;   -0.7;eor
       1468;20181003;   10;  10.8;   4.1;    3;   0.3;   6;    0.217;   0;   7.1;  10.3;  932.78;    8.3;   93.38;   11.2;    6.1;    3.4;eor
       1468;20181004;   10;   5.7;   2.4;    3;   0.0;   0;    9.417;   0;   2.3;   9.4;  933.23;    9.7;   80.29;   15.2;    5.2;    2.2;eor
       1468;20181005;   10;   6.5;   2.4;    3;   0.0;   0;   10.717;   0;   1.8;  10.5;  927.92;   13.3;   71.29;   20.9;    4.8;    2.3;eor
       1468;20181006;   10;  12.0;   3.4;    3;   0.0;   0;    2.150;   0;   8.0;  10.7;  921.89;   15.9;   59.42;   18.8;   10.3;    7.0;eor
       1468;20181007;   10;   8.3;   3.3;    3;   0.0;   6;    7.700;   0;   3.6;  12.2;  923.53;   13.9;   77.25;   19.0;   10.5;    7.2;eor
       1468;20181008;   10;   7.2;   2.5;    3;   0.0;   0;    8.167;   0;   3.6;  12.4;  928.20;   12.9;   85.13;   18.9;    9.0;    5.6;eor
       1468;20181009;   10;   6.6;   2.3;    3;   0.0;   0;    3.500;   0;   6.9;  12.4;  929.35;   11.8;   89.88;   16.6;    6.8;    4.5;eor
       1468;20181010;   10;   6.4;   2.3;    3;   0.0;   0;    5.433;   0;   4.0;  12.5;  925.38;   12.4;   88.04;   19.4;    9.2;    6.1;eor
       1468;20181011;   10;   8.0;   2.8;    3;   0.0;   6;    4.833;   0;   4.8;  11.3;  923.94;   13.9;   71.29;   18.1;    8.9;    5.5;eor
       1468;20181012;   10;   9.4;   3.0;    3;   0.0;   0;    9.517;   0;   4.3;  11.7;  931.07;   17.3;   60.17;   22.4;   12.7;    8.3;eor
       1468;20181013;   10;   6.0;   2.4;    3;   0.0;   0;   10.233;   0;   0.0;  12.0;  929.25;   16.0;   67.58;   21.8;    9.8;    6.4;eor
       1468;20181014;   10;   7.8;   3.2;    3;   0.0;   0;   10.167;   0;   0.0;  10.0;  922.58;   15.9;   58.46;   22.1;   10.2;    6.6;eor
       1468;20181015;   10;   5.8;   2.2;    3;   0.0;   0;   10.083;   0;   1.5;   8.9;  923.00;   15.2;   52.75;   20.5;    9.3;    4.6;eor
       1468;20181016;   10;   6.1;   1.7;    3;   0.0;   0;    9.400;   0;   1.3;   8.5;  926.97;   14.4;   53.63;   20.2;    8.3;    3.9;eor
       1468;20181017;   10;   5.7;   2.2;    3;   0.0;   0;    9.150;   0;   6.0;   9.4;  926.99;   13.9;   60.21;   19.7;    8.2;    4.6;eor
       1468;20181018;   10;   8.9;   2.9;    3;   0.0;   0;    8.617;   0;   7.9;  10.5;  927.61;   12.9;   71.08;   17.4;    9.1;    5.1;eor
       1468;20181019;   10;   5.7;   2.1;    3;   0.0;   0;    6.650;   0;   3.7;  11.0;  929.64;   10.2;   88.83;   15.6;    6.9;    3.5;eor
       1468;20181020;   10;   5.7;   1.9;    3;   0.0;   0;    6.283;   0;   3.5;  10.6;  934.39;    9.9;   86.83;   15.6;    4.8;    1.2;eor
       1468;20181021;   10;   7.2;   2.7;    3;   0.0;   0;    8.950;   0;   3.4;   7.8;  933.34;    7.2;   77.21;   12.1;    3.5;   -0.8;eor
       1468;20181022;   10;   8.3;   3.3;    3;   0.0;   4;    8.217;   0;   4.3;   6.9;  934.19;    6.7;   70.38;   11.4;    2.0;   -2.6;eor
       1468;20181023;   10;  17.2;   5.8;    3;   0.0;   0;    0.433;   0;   8.0;   7.8;  933.98;    7.7;   75.88;   10.0;    5.4;    4.7;eor
       1468;20181024;   10;  17.9;   6.9;    3;   0.2;   6;    0.000;   0;   7.4;   9.8;  931.71;    7.7;   92.50;    9.0;    6.5;    5.9;eor
       1468;20181025;   10;  10.8;   4.1;    3;   0.0;   6;    0.183;   0;   7.6;  10.3;  927.45;    8.4;   92.92;   10.2;    6.4;    4.9;eor
       1468;20181026;   10;  10.4;   3.8;    3;   4.4;   6;    7.383;   0;   7.7;   8.2;  918.60;    6.9;   83.33;   11.2;    5.0;    2.9;eor
       1468;20181027;   10;  10.9;   3.4;    3;   6.7;   8;    0.000;   0;   7.5;   7.2;  915.00;    2.8;   95.33;    5.0;    0.5;    0.3;eor
       1468;20181028;   10;  17.2;   6.0;    3;   7.9;   8;    0.000;   1;   7.9;   6.1;  912.56;   -0.1;  100.00;    0.5;   -0.6;   -0.1;eor
       1468;20181029;   10;  11.7;   4.5;    3;   2.5;   8;    0.000;   3;   8.0;   6.5;  904.05;    0.9;  100.00;    2.7;   -0.2;   -0.1;eor
       1468;20181030;   10;  21.2;   6.9;    3;   4.2;   8;    0.000;   0;   5.6;   6.5;  906.02;    1.6;   93.67;    4.7;   -0.3;   -1.7;eor
       1468;20181031;   10;   8.3;   2.9;    3;   0.0;   0;    0.433;   0;   6.6;   6.7;  920.87;    4.0;   83.17;    7.3;   -0.2;   -2.6;eor
       1468;20181101;   10;  15.0;   3.3;    3;   4.8;   6;    4.483;   0;   6.5;   7.9;  920.24;    7.0;   79.83;   11.1;    3.4;    0.7;eor
       1468;20181102;   10;   7.6;   2.2;    3;   0.0;   6;    1.800;   0;   6.5;   8.7;  928.78;    6.1;   92.38;    9.3;    3.1;    0.4;eor
       1468;20181103;   10;   6.5;   2.8;    3;   0.0;   6;    1.700;   0;   7.7;   8.8;  931.15;    5.9;   94.46;    8.8;    4.2;    2.3;eor
       1468;20181104;   10;   6.0;   2.1;    3;   0.0;   0;    1.300;   0;   7.8;   9.5;  922.87;    6.8;   96.58;    9.2;    5.6;    5.6;eor
       1468;20181105;   10;   7.7;   2.3;    3;   0.0;   0;    5.417;   0;   6.2;   9.8;  917.07;    8.8;   87.17;   14.4;    4.1;    2.6;eor
       1468;20181106;   10;  14.1;   3.1;    3;   0.0;   0;    1.583;   0;   7.8;   8.8;  916.77;   10.0;   72.21;   14.1;    6.0;    3.0;eor
       1468;20181107;   10;   7.6;   2.7;    3;   0.2;   6;    7.183;   0;   4.5;   8.9;  920.40;    8.7;   78.83;   13.9;    5.2;    1.8;eor
       1468;20181108;   10;  12.5;   3.0;    3;   0.0;   6;    0.217;   0;   7.8;   9.6;  926.90;    7.3;   93.96;    9.1;    6.0;    4.4;eor
       1468;20181109;   10;   6.4;   2.4;    3;   0.0;   0;    6.500;   0;   7.0;   9.2;  922.85;    7.5;   89.29;   12.3;    4.6;    1.3;eor
       1468;20181110;   10;  11.3;   3.1;    3;   5.7;   6;    0.367;   0;   7.9;   9.1;  917.90;   10.0;   74.88;   14.4;    3.4;    0.5;eor
       1468;20181111;   10;  14.8;   4.1;    3;   3.7;   6;    4.550;   0;   6.3;  10.8;  921.02;    9.3;   92.46;   11.2;    6.9;    4.9;eor
       1468;20181112;   10;  10.7;   3.7;    3;   4.6;   6;    3.783;   0;   4.7;  10.0;  925.84;   12.5;   69.54;   16.7;    8.9;    6.3;eor
       1468;20181113;   10;   9.8;   3.7;    3;   2.1;   6;    0.017;   0;   6.4;  10.2;  933.73;    7.7;   96.29;   11.7;    4.2;    1.3;eor
       1468;20181114;   10;   6.1;   2.0;    3;   0.0;   0;    8.433;   0;   3.8;   8.3;  934.71;    5.0;   95.17;    8.9;    1.0;   -1.4;eor
       1468;20181115;   10;   4.8;   1.5;    3;   0.0;   0;    4.967;   0;   4.6;   7.5;  931.91;    2.9;   99.25;    7.2;    0.8;   -3.0;eor
       1468;20181116;   10;   7.8;   3.4;    3;   0.0;   0;    4.300;   0;   4.9;   6.3;  932.01;    1.6;   92.58;    5.5;   -0.6;   -1.9;eor
       1468;20181117;   10;  12.2;   4.7;    3;   0.0;   0;    4.850;   0;   4.0;   5.4;  930.61;    0.6;   85.38;    4.6;   -1.9;   -3.3;eor
       1468;20181118;   10;   9.7;   4.2;    3;   0.0;   0;    8.167;   0;   1.6;   4.4;  926.90;   -1.2;   79.38;    2.0;   -3.7;   -5.4;eor
       1468;20181119;   10;  12.6;   5.1;    3;   0.6;   8;    1.183;   0;   7.6;   4.0;  916.44;   -2.8;   80.83;   -1.3;   -4.5;   -5.6;eor
       1468;20181120;   10;   9.9;   3.8;    3;   0.0;   0;    0.000;   1;   6.7;   4.6;  912.07;   -2.3;   90.08;   -1.3;   -3.7;   -6.7;eor
       1468;20181121;   10;   4.6;   2.0;    3;   0.0;   0;    5.917;   0;   5.5;   5.1;  919.25;   -1.7;   95.54;    2.3;   -3.7;   -6.8;eor
       1468;20181122;   10;   5.2;   2.0;    3;   0.0;   0;    7.983;   0;   3.0;   6.1;  924.28;    2.0;   87.04;    8.8;   -2.4;   -3.2;eor
       1468;20181123;   10;   6.5;   2.2;    3;   1.5;   6;    4.817;   0;   4.0;   6.4;  922.76;    2.9;   85.71;    7.1;   -0.4;   -3.4;eor
       1468;20181124;   10;  12.5;   3.7;    3;   0.0;   0;    1.450;   0;   7.3;   7.1;  919.33;    4.0;   86.54;    6.5;    1.7;   -0.9;eor
       1468;20181125;   10;   7.7;   3.3;    3;   0.6;   8;    7.517;   0;   4.5;   6.4;  914.98;    3.0;   84.92;    6.9;    0.4;   -1.8;eor
       1468;20181126;   10;   7.4;   2.5;    3;   3.2;   8;    0.000;   0;   8.0;   6.2;  913.85;    0.5;   97.54;    1.1;   -0.2;   -0.3;eor
       1468;20181127;   10;   5.2;-999;    3;   1.6;   8;    0.000;   1;   7.9;   5.9;  923.53;    0.1;   96.00;    0.6;   -0.3;   -0.7;eor
       1468;20181128;   10;   5.5;-999;    3;   0.3;   6;    0.083;   0;   8.0;   6.0;  928.14;    0.6;   94.38;    2.2;   -1.0;   -1.4;eor
       1468;20181129;   10;   7.8;   2.5;    3;   0.0;   6;    2.267;   0;   8.0;   6.8;  924.67;    4.0;   84.38;    7.2;    1.0;   -0.4;eor
       1468;20181130;   10;  12.4;   4.1;    3;   3.3;   6;    0.000;   0;   7.7;   7.1;  921.93;    5.0;   81.79;    6.4;    3.9;    1.7;eor
       1468;20181201;   10;  12.9;   3.6;    3;   3.7;   6;    0.900;   0;   7.6;   7.4;  923.00;    4.1;   90.33;    5.7;    3.0;    1.6;eor
       1468;20181202;   10;  18.3;   6.3;    3;  31.9;   6;    0.000;   0;   7.3;   9.4;  916.03;    7.1;   92.38;    8.9;    3.7;    3.0;eor
       1468;20181203;   10;  23.3;   7.7;    3;  28.6;   6;    0.000;   0;   7.4;  10.7;  915.40;    8.8;   94.08;    9.6;    6.6;    6.1;eor
       1468;20181204;   10;  17.2;   5.2;    3;   3.8;   6;    0.100;   0;   7.4;   7.7;  925.93;    4.4;   91.67;    6.8;    2.5;    2.2;eor
       1468;20181205;   10;   9.3;   2.1;    3;   4.1;   6;    0.300;   0;   7.8;   7.8;  929.14;    4.1;   94.38;    6.7;    1.9;    0.1;eor
       1468;20181206;   10;  12.2;   4.0;    3;   3.1;   6;    0.000;   0;   7.6;   9.3;  926.91;    6.8;   93.83;    8.2;    4.5;    3.5;eor
       1468;20181207;   10;  26.2;   7.1;    3;  13.8;   8;    0.350;   0;   7.5;   9.1;  920.96;    6.7;   91.83;    8.2;    2.4;    1.8;eor
       1468;20181208;   10;  21.0;   7.3;    3;  30.8;   8;    0.000;   0;   7.5;   6.8;  918.98;    2.5;   92.92;    5.4;    0.7;    0.0;eor
       1468;20181209;   10;  25.4;   9.9;    3;  28.6;   8;    0.000;   0;   7.3;   7.2;  914.71;    3.3;   92.21;    5.4;    1.4;    0.9;eor
       1468;20181210;   10;  17.9;   8.4;    3;   3.3;   8;    0.533;   0;   7.0;   5.8;  927.10;    0.8;   88.88;    1.8;   -0.6;   -2.3;eor
       1468;20181211;   10;  13.8;   5.1;    3;   1.5;   8;    0.083;   1;   6.5;   4.9;  928.47;   -1.4;   88.04;   -0.3;   -3.4;   -8.1;eor
       1468;20181212;   10;   8.1;   2.5;    3;   0.2;   8;    0.000;   3;   6.4;   4.8;  926.60;   -2.6;   94.25;   -1.1;   -5.6;  -10.8;eor
       1468;20181213;   10;  11.1;   4.6;    3;   0.1;   8;    0.000;   2;   7.8;   4.3;  920.38;   -3.7;   92.42;   -2.6;   -4.3;   -4.7;eor
       1468;20181214;   10;   9.9;   3.6;    3;   0.0;   8;    0.000;   2;   8.0;   3.6;  923.12;   -4.6;   83.63;   -4.1;   -5.4;   -5.4;eor
       1468;20181215;   10;   7.0;   3.0;    3;   5.7;   8;    0.017;   2;   7.5;   3.2;  926.23;   -6.1;   83.63;   -4.8;   -8.6;  -13.1;eor
       1468;20181216;   10;  10.2;   3.2;    3;   2.5;   8;    0.000;   9;   7.8;   5.3;  919.26;   -1.4;   94.54;    1.5;   -6.4;   -6.5;eor
       1468;20181217;   10;   8.6;   3.2;    3;   5.7;   8;    0.200;   6;   7.7;   6.2;  927.40;    0.8;   95.63;    1.7;   -1.8;   -4.9;eor
       1468;20181218;   10;   7.2;   3.1;    3;   0.1;   6;    7.183;   3;   6.3;   5.5;  928.77;    0.0;   89.33;    2.7;   -3.0;   -7.7;eor
       1468;20181219;   10;  10.1;   3.4;    3;   2.2;   6;    0.000;   3;   7.8;   6.6;  922.31;    3.3;   84.79;    5.5;   -1.9;   -3.7;eor
       1468;20181220;   10;  11.5;   4.7;    3;   4.1;   8;    0.000;   0;   7.7;   6.9;  923.64;    2.7;   93.04;    3.4;    1.9;    1.3;eor
       1468;20181221;   10;  25.7;   8.0;    3;  53.7;   6;    0.000;   0;   7.5;   8.5;  920.88;    5.5;   93.54;    7.9;    3.0;    2.2;eor
       1468;20181222;   10;  21.0;   8.0;    3;  35.1;   6;    0.000;   0;   7.7;   8.9;  925.13;    6.4;   92.21;    8.5;    4.2;    3.6;eor
       1468;20181223;   10;  16.9;   6.5;    3;  84.8;   6;    0.000;   0;   7.5;   8.9;  927.75;    6.1;   93.58;    8.6;    4.4;    3.5;eor
       1468;20181224;   10;  23.7;   4.7;    3;   0.4;   8;    0.867;   0;   6.2;   7.0;  931.92;    2.4;   93.75;    8.7;   -2.0;   -4.7;eor
       1468;20181225;   10;   5.5;   1.5;    3;   0.0;   6;    2.483;   0;   6.3;   4.7;  938.48;   -3.0;   95.46;   -1.1;   -4.8;   -7.1;eor
       1468;20181226;   10;   4.9;   1.5;    3;   0.0;   0;    7.483;   0;   4.2;   3.3;  936.01;   -0.8;   58.46;    4.4;   -5.2;   -8.0;eor
       1468;20181227;   10;   5.7;   2.4;    3;   0.0;   0;    5.567;   0;   7.5;   2.7;  931.82;    2.5;   37.79;    8.6;   -2.5;   -5.3;eor
       1468;20181228;   10;   8.6;   3.9;    3;   0.0;   0;    6.500;   0;   4.4;   4.1;  932.93;    0.9;   65.04;    5.5;   -4.7;   -6.6;eor
       1468;20181229;   10;-999;   3.1;    3;   0.2;   6;    1.983;   0;   6.7;   4.9;  936.67;   -2.1;   93.13;    1.2;   -5.4;   -7.1;eor
       1468;20181230;   10;-999;-999;    3;   0.1;   6;    0.000;   0;  -999;   6.2;  937.88;    0.5;   98.08;    1.2;   -0.5;   -0.6;eor
       1468;20181231;   10;   8.7;   3.2;    3;   0.0;   6;    0.000;   0;   7.9;   7.1;  938.32;    2.6;   96.33;    4.4;    1.1;    0.3;eor
       1468;20190101;   10;  17.8;   5.4;    3;   2.9;   8;    0.000;   0;   7.6;   6.5;  935.11;    1.7;   94.50;    3.7;    0.8;   -0.7;eor
       1468;20190102;   10;  15.1;   5.7;    3;   0.3;   8;    1.450;   0;   6.3;   4.4;  936.68;   -1.4;   79.08;    1.1;   -4.3;   -7.0;eor
       1468;20190103;   10;   6.6;   3.0;    3;   1.1;   8;    0.167;   0;   6.5;   3.9;  939.75;   -3.7;   82.29;   -1.5;   -7.0;   -9.3;eor
       1468;20190104;   10;  10.1;   2.9;    3;   0.3;   8;    1.917;   2;   8.0;   4.4;  938.89;   -2.4;   85.42;    0.2;   -4.7;   -8.1;eor
       1468;20190105;   10;  16.7;   7.2;    3;   0.8;   8;    0.000;   2;   7.8;   5.3;  934.63;   -1.1;   93.75;    0.4;   -2.3;   -2.4;eor
       1468;20190106;   10;  11.0;   5.9;    3;   0.1;   8;    0.000;   3;   7.9;   5.5;  935.62;   -0.2;   91.96;    0.5;   -0.7;   -1.6;eor
       1468;20190107;   10;  12.9;   3.7;    3;   8.0;   8;    0.067;   2;   7.8;   5.3;  936.21;   -0.7;   91.33;   -0.1;   -1.3;   -2.6;eor
       1468;20190108;   10;  21.8;   8.7;    3;  15.4;   8;    0.000;   4;   7.4;   5.8;  924.55;    0.1;   93.54;    0.9;   -1.2;   -1.4;eor
       1468;20190109;   10;  19.2;   7.0;    3;   3.3;   8;    0.733;  14;   7.7;   4.7;  920.39;   -2.0;   88.38;   -0.3;   -3.7;   -0.1;eor
       1468;20190110;   10;   8.0;   3.1;    3;   0.2;   8;    0.000;  16;   8.0;   4.3;  926.62;   -3.6;   90.71;   -3.0;   -5.0;   -0.5;eor
       1468;20190111;   10;  11.6;   4.0;    3;   1.3;   8;    0.000;  15;   7.8;   3.8;  929.08;   -4.8;   88.75;   -2.7;   -6.5;   -0.9;eor
       1468;20190112;   10;  16.3;   5.8;    3;  25.3;   8;    0.000;  16;   7.5;   5.4;  926.97;   -1.0;   94.67;    0.1;   -2.8;   -0.6;eor
       1468;20190113;   10;  21.5;   7.6;    3;  50.2;   8;    0.000;  30;   7.4;   6.8;  916.95;    1.8;   96.75;    4.3;    0.0;   -0.2;eor
       1468;20190114;   10;  19.5;   7.3;    3;   6.4;   8;    0.000;  16;   7.7;   5.9;  919.10;    0.9;   90.42;    3.5;   -1.5;   -0.1;eor
       1468;20190115;   10;   9.4;   4.2;    3;   0.0;   8;    0.400;  19;   7.8;   5.2;  926.90;   -0.5;   87.46;    0.6;   -1.8;   -0.1;eor
       1468;20190116;   10;  12.9;   4.0;    3;   0.1;   8;    3.867;  18;   7.8;   5.0;  919.64;    0.6;   78.75;    3.1;   -3.0;   -0.1;eor
       1468;20190117;   10;  19.0;   7.2;    3;  13.7;   8;    0.067;  15;   7.6;   5.9;  915.12;    1.3;   87.71;    3.2;   -2.9;   -0.1;eor
       1468;20190118;   10;  10.2;   3.4;    3;   0.2;   8;    0.617;  23;   7.8;   4.1;  922.75;   -3.8;   88.83;   -1.7;   -6.2;   -0.1;eor
       1468;20190119;   10;-999;   1.1;    3;   0.1;   8;    1.083;  21;   5.8;   3.3;  919.57;   -7.1;   92.46;   -5.3;  -10.0;   -0.2;eor
       1468;20190120;   10;   6.5;   1.9;    3;   0.7;   8;    0.000;  20;   8.0;   4.4;  919.00;   -3.4;   92.08;    0.2;   -9.7;   -0.6;eor
       1468;20190121;   10;   4.2;   1.1;    3;   0.0;   0;    0.400;  21;   7.7;   4.5;  923.38;   -3.4;   94.46;   -2.0;   -5.7;   -0.2;eor
       1468;20190122;   10;   4.7;   1.9;    3;   0.0;   8;    0.000;  20;   7.7;   3.7;  914.45;   -5.8;   92.54;   -4.1;   -7.5;   -0.4;eor
       1468;20190123;   10;   3.1;   1.2;    3;   1.0;   8;    0.050;  20;   7.9;   3.5;  903.84;   -6.3;   91.25;   -4.1;   -9.4;   -0.5;eor
       1468;20190124;   10;   6.8;   2.2;    3;   0.1;   7;    0.000;  22;   7.9;   3.3;  912.99;   -6.8;   88.33;   -5.4;   -7.5;   -0.3;eor
       1468;20190125;   10;  13.5;   3.5;    3;   0.6;   8;    1.650;  22;   7.8;   3.4;  920.34;   -6.3;   87.00;   -3.8;   -9.8;   -0.4;eor
       1468;20190126;   10;-999;-999;    3;   4.9;   8;    0.000;  20;   7.8;   5.6;  917.08;   -0.5;   94.21;    1.3;   -4.1;   -0.2;eor
       1468;20190127;   10;  18.2;   6.8;    3;  18.8;   8;    0.033;  17;   7.6;   6.2;  901.80;    1.1;   92.75;    2.8;   -1.8;   -0.1;eor
       1468;20190128;   10;  16.2;   6.6;    3;  20.7;   8;    0.000;  29;   7.6;   4.9;  906.24;   -1.8;   91.88;   -1.4;   -2.3;   -0.1;eor
       1468;20190129;   10;  10.3;   3.7;    3;   1.2;   8;    1.183;  54;   7.6;   4.2;  911.11;   -3.2;   87.33;   -0.2;   -6.7;   -0.1;eor
       1468;20190130;   10;  18.0;   4.9;    3;   3.0;   8;    0.033;  50;   6.5;   4.1;  902.21;   -3.5;   86.79;   -1.7;   -7.1;   -0.1;eor
       1468;20190131;   10;   8.4;   3.3;    3;   7.4;   8;    2.167;  48;   6.9;   4.1;  902.82;   -3.6;   86.88;   -0.8;   -6.0;   -0.1;eor
       1468;20190201;   10;  10.2;   2.6;    3;   6.4;   6;    0.000;  43;   7.5;   6.1;  898.14;    0.6;   96.17;    2.3;   -2.3;   -0.1;eor
       1468;20190202;   10;   5.9;   2.3;    3;   0.8;   8;    1.250;  34;   7.7;   6.2;  903.78;    1.3;   92.96;    4.1;   -0.1;   -0.1;eor
       1468;20190203;   10;-999;-999;    3;   1.7;   4;    0.000;  33;   7.7;   5.0;  920.86;   -1.9;   93.71;    0.3;   -3.4;   -0.1;eor
       1468;20190204;   10;-999;-999;    3;   0.0;   0;    6.817;  36;  -999;   4.0;  932.11;   -3.5;   85.50;    0.4;   -8.4;   -0.1;eor
       1468;20190205;   10;   4.9;   1.8;    3;   0.0;   0;    8.933;  35;  -999;   3.7;  932.34;   -2.6;   73.96;    2.0;   -7.6;   -0.1;eor
       1468;20190206;   10;   6.2;   2.6;    3;   0.0;   0;    8.867;  34;  -999;   2.7;  930.05;    0.6;   45.38;    6.2;   -6.7;   -0.1;eor
       1468;20190207;   10;  14.7;   4.8;    3;   5.2;   8;    0.000;  33;  -999;   5.2;  922.59;    1.9;   73.75;    3.7;   -1.3;   -0.1;eor
       1468;20190208;   10;  14.9;   4.2;    3;   4.8;   8;    2.450;  28;  -999;   6.0;  923.23;    2.2;   84.13;    4.6;    0.8;   -0.1;eor
       1468;20190209;   10;  19.0;   5.9;    3;   6.2;   6;    1.717;  25;  -999;   6.4;  919.84;    3.5;   81.58;    5.6;    1.5;   -0.1;eor
       1468;20190210;   10;  23.4;   7.2;    3;  21.3;   8;    0.533;  21;  -999;   6.5;  911.90;    4.5;   78.33;    8.8;    0.1;   -0.1;eor
       1468;20190211;   10;  20.5;   8.1;    3;   0.9;   8;    1.383;  22;  -999;   5.3;  924.78;   -0.3;   88.21;    0.6;   -1.1;   -0.1;eor
       1468;20190212;   10;   9.9;   3.6;    3;   0.0;   8;    2.050;  23;  -999;   4.7;  938.24;   -1.3;   83.75;    0.5;   -5.2;   -0.1;eor
       1468;20190213;   10;   5.6;   1.9;    3;   0.0;   0;    9.333;  23;   4.3;   4.4;  940.60;   -0.1;   74.33;    7.4;   -6.1;   -0.1;eor
       1468;20190214;   10;   5.8;   2.5;    3;   0.0;   0;    8.417;  22;   4.8;   3.9;  940.54;    4.3;   47.92;   10.6;   -1.8;   -0.1;eor
       1468;20190215;   10;   5.6;   2.6;    3;   0.0;   0;    9.500;  20;   0.0;   4.2;  937.73;    5.9;   45.63;   11.6;   -0.2;   -0.1;eor
       1468;20190216;   10;   6.3;   2.7;    3;   0.0;   0;    9.550;  19;   0.8;   3.7;  934.36;    9.2;   33.13;   16.6;    1.3;   -0.1;eor
       1468;20190217;   10;   8.9;   3.4;    3;   0.0;   0;    9.617;  18;   5.0;   2.9;  931.16;   10.0;   24.63;   15.1;    3.3;   -0.1;eor
       1468;20190218;   10;   9.5;   3.3;    3;   0.0;   0;    9.517;  16;   1.5;   4.5;  927.31;    7.9;   42.50;   13.3;    2.8;   -0.1;eor
       1468;20190219;   10;  10.7;   4.2;    3;   0.0;   6;    1.017;  15;   7.1;   6.2;  927.21;    4.2;   74.92;    6.7;    1.0;   -0.1;eor
       1468;20190220;   10;   9.3;   2.5;    3;   0.0;   0;    7.167;  12;   7.1;   6.5;  930.28;    4.3;   79.38;    8.2;   -0.3;   -0.1;eor
       1468;20190221;   10;   9.6;   4.1;    3;   0.0;   6;    7.433;  11;   3.8;   6.8;  934.22;    6.3;   73.00;   11.1;    1.6;   -0.1;eor
       1468;20190222;   10;  10.5;   3.7;    3;   0.1;   6;    0.283;   7;   6.2;   7.5;  939.07;    5.2;   84.83;    7.3;    1.6;   -0.1;eor
       1468;20190223;   10;  10.4;   3.8;    3;   0.0;   0;    6.333;   6;   7.9;   4.5;  940.59;    2.0;   65.25;    6.4;   -1.6;   -0.1;eor
       1468;20190224;   10;   8.0;   3.4;    3;   0.0;   0;   10.017;   5;   2.5;   2.1;  940.79;    3.4;   27.42;   10.5;   -2.5;   -0.4;eor
       1468;20190225;   10;  11.4;   3.6;    3;   0.0;   0;   10.050;   3;   4.0;   4.4;  941.28;    6.6;   42.58;   11.8;    2.0;   -1.0;eor
       1468;20190226;   10;   6.5;   2.8;    3;   0.0;   0;    9.483;   0;   5.5;   6.0;  939.28;    8.5;   55.75;   14.4;    4.1;   -0.5;eor
       1468;20190227;   10;   8.8;   2.1;    3;   0.0;   0;   10.150;   0;   0.0;   4.8;  933.51;    9.9;   41.79;   16.4;    3.1;   -0.4;eor
       1468;20190228;   10;  17.2;   6.6;    3;  11.3;   6;    9.500;   0;   3.6;   6.3;  926.60;    9.6;   53.54;   13.9;    4.7;   -0.1;eor
       1468;20190301;   10;  15.2;   5.7;    3;  20.8;   6;    0.000;   0;   7.4;   7.7;  922.83;    4.1;   93.83;    5.1;    2.7;   -0.1;eor
       1468;20190302;   10;  13.1;   3.9;    3;   3.4;   8;    0.050;   0;   7.6;   7.3;  924.52;    3.6;   92.29;    5.7;    2.1;    1.7;eor
       1468;20190303;   10;  19.7;   5.9;    3;   0.0;   6;    1.333;   0;   7.8;   7.4;  921.10;    5.8;   80.50;    8.5;    3.6;    1.7;eor
       1468;20190304;   10;  30.1;   7.7;    3;  19.3;   8;    0.650;   0;   7.3;   6.0;  911.67;    5.5;   70.21;   11.2;    0.4;   -0.1;eor
       1468;20190305;   10;  19.5;   5.7;    3;  15.3;   8;    1.150;   1;   7.5;   6.5;  917.91;    1.9;   92.25;    3.7;    0.5;   -0.1;eor
       1468;20190306;   10;   9.6;   4.2;    3;   1.5;   6;    4.917;   0;   8.0;   5.8;  914.28;    6.7;   60.71;   11.8;    0.6;   -1.7;eor
       1468;20190307;   10;  18.7;   6.1;    3;   7.6;   6;    0.433;   0;   7.0;   6.8;  911.43;    5.7;   76.17;   10.5;    4.0;    2.0;eor
       1468;20190308;   10;  16.4;   5.1;    3;   3.2;   8;    3.417;   0;   7.1;   6.2;  922.18;    3.9;   77.04;    7.3;    1.5;    0.8;eor
       1468;20190309;   10;  18.2;   6.7;    3;  11.3;   6;    0.000;   0;   7.5;   7.7;  924.75;    4.8;   89.08;    7.2;    3.1;    2.4;eor
       1468;20190310;   10;  25.1;   8.7;    3;  40.4;   8;    0.400;   0;   7.3;   8.1;  920.82;    6.3;   83.17;    8.8;    1.8;   -0.2;eor
       1468;20190311;   10;  21.7;   8.8;    3;   5.0;   8;    0.417;   4;   5.8;   4.7;  926.96;   -0.3;   78.04;    1.7;   -2.1;   -0.3;eor
       1468;20190312;   10;  22.9;   4.7;    3;   3.7;   8;    7.567;   4;   7.1;   4.7;  925.18;    2.1;   67.21;    8.2;   -2.5;   -0.1;eor
       1468;20190313;   10;  24.7;   7.0;    3;  15.6;   8;    0.717;   0;   7.5;   5.7;  918.72;    1.1;   86.46;    3.7;    0.0;   -0.1;eor
       1468;20190314;   10;  20.3;   7.4;    3;  35.7;   8;    0.000;   5;   7.4;   6.2;  916.68;    0.8;   95.46;    2.9;    0.1;   -0.1;eor
       1468;20190315;   10;  23.0;   9.2;    3;  65.4;   6;    0.000;  11;   7.2;   8.5;  918.62;    5.3;   94.88;    7.2;    2.4;   -0.1;eor
       1468;20190316;   10;  20.0;   7.7;    3;   0.3;   6;    2.983;   0;   5.9;   8.1;  920.46;    7.1;   81.46;    9.7;    5.5;    2.7;eor
       1468;20190317;   10;  19.0;   6.8;    3;   7.0;   8;    5.650;   0;   6.2;   5.7;  915.72;    5.9;   65.25;   12.9;   -0.3;   -0.6;eor
       1468;20190318;   10;  11.8;   4.6;    3;   1.8;   8;    2.333;   2;   4.9;   5.5;  925.02;    0.2;   89.29;    2.1;   -1.3;   -0.8;eor
       1468;20190319;   10;   5.2;   1.6;    3;   0.1;   8;    3.567;   0;   5.0;   5.2;  932.13;    1.3;   77.79;    6.5;   -2.8;   -1.6;eor
       1468;20190320;   10;   7.7;   2.3;    3;   0.0;   0;   11.400;   0;   1.7;   4.3;  937.71;    2.3;   62.00;    7.8;   -3.8;   -3.2;eor
       1468;20190321;   10;  11.9;   4.5;    3;   0.0;   0;   11.467;   0;   4.5;   4.1;  937.19;    4.9;   49.54;   11.3;   -0.8;   -2.9;eor
       1468;20190322;   10;   6.2;   2.7;    3;   0.0;   0;   10.467;   0;   4.3;   5.3;  935.11;    7.8;   50.08;   14.9;    3.0;   -1.5;eor
       1468;20190323;   10;   5.9;   2.7;    3;   0.0;   0;   11.550;   0;   0.5;   6.1;  933.65;    9.8;   51.54;   16.0;    4.1;   -0.6;eor
       1468;20190324;   10;  10.3;   3.0;    3;   0.0;   0;   10.667;   0;   1.0;   7.3;  930.20;    7.7;   72.08;   13.6;    1.8;   -1.4;eor
       1468;20190325;   10;  17.7;   5.3;    3;   2.6;   8;    4.417;   0;   6.3;   5.7;  928.49;    2.3;   79.79;    6.3;   -0.3;   -1.6;eor
       1468;20190326;   10;   8.4;-999;    3;   0.1;   8;    2.383;   1;   6.9;   5.2;  934.08;    1.3;   79.42;    5.6;   -1.6;   -3.7;eor
       1468;20190327;   10;   7.0;   2.5;    3;   0.0;   6;    0.067;   0;   7.9;   5.7;  936.26;    2.9;   76.54;    6.3;   -0.4;   -3.0;eor
       1468;20190328;   10;  13.0;   4.0;    3;   0.0;   0;    9.017;   0;   2.5;   5.9;  937.31;    5.2;   68.46;   10.8;   -1.1;   -4.7;eor
       1468;20190329;   10;  11.3;   3.6;    3;   0.0;   0;    9.417;   0;   2.9;   7.1;  934.63;    7.8;   69.08;   13.4;    3.0;    0.2;eor
       1468;20190330;   10;   5.8;   2.7;    3;   0.0;   0;    9.100;   0;   1.1;   6.0;  930.24;   10.0;   51.83;   15.8;    3.0;   -0.6;eor
       1468;20190331;   10;   9.0;   2.8;    3;   0.0;   0;   11.217;   0;   1.6;   5.8;  926.88;   10.6;   46.96;   16.4;    4.4;   -0.6;eor
       1468;20190401;   10;   9.7;   3.3;    3;   0.0;   0;    9.383;   0;   2.6;   7.5;  924.45;    8.4;   70.42;   14.4;    2.8;   -0.2;eor
       1468;20190402;   10;  13.1;   3.9;    3;   3.0;   6;   10.167;   0;   8.0;   6.4;  917.75;   11.1;   52.08;   17.0;    3.4;    0.4;eor
       1468;20190403;   10;  13.4;   3.7;    3;   9.0;   8;    1.050;   0;   7.7;   7.3;  910.79;    4.2;   88.54;    9.4;    0.2;   -0.1;eor
       1468;20190404;   10;-999;   3.0;    3;   4.3;   8;    0.000;   0;   7.8;   6.0;  907.59;    0.4;   95.00;    1.6;   -0.2;   -0.7;eor
       1468;20190405;   10;-999;-999;    3;   0.0;   0;    0.017;   0;   7.2;   6.4;  911.36;    2.0;   89.92;    5.2;   -0.7;   -2.0;eor
       1468;20190406;   10;   7.7;   2.9;    3;   0.0;   0;    6.333;   0;   4.8;   7.1;  911.24;    5.4;   79.29;   10.7;   -2.1;   -3.2;eor
       1468;20190407;   10;  10.6;   3.5;    3;   5.1;   6;    0.233;   0;   7.3;   8.4;  913.00;    6.5;   87.50;    9.8;    3.2;    0.5;eor
       1468;20190408;   10;   8.3;   3.3;    3;   0.4;   6;    0.850;   0;   7.9;   8.4;  917.49;    6.6;   86.54;   10.3;    4.4;    3.9;eor
       1468;20190409;   10;   3.9;   1.4;    3;   4.1;   6;    0.000;   0;   7.8;   9.2;  917.23;    6.4;   95.42;    7.7;    5.1;    4.4;eor
       1468;20190410;   10;   9.4;   2.9;    3;   5.5;   6;    0.000;   0;   7.9;   8.7;  917.87;    5.8;   94.71;    7.1;    4.1;    2.0;eor
       1468;20190411;   10;  11.0;   3.7;    3;   0.0;   0;   11.217;   0;   6.1;   5.4;  923.08;    3.8;   67.25;    8.2;    0.1;   -2.5;eor
       1468;20190412;   10;   6.2;   2.5;    3;   0.0;   0;    0.850;   0;   6.2;   4.6;  924.83;    1.8;   66.75;    5.5;   -2.0;   -4.1;eor
       1468;20190413;   10;   6.4;   2.5;    3;   2.0;   8;    0.500;   0;   7.8;   5.0;  924.20;    0.0;   82.50;    3.3;   -1.4;   -1.3;eor
       1468;20190414;   10;   9.7;   2.9;    3;   0.6;   8;    0.500;   1;   6.5;   5.5;  925.26;    0.4;   87.58;    4.2;   -2.2;   -3.7;eor
       1468;20190415;   10;  12.0;   4.4;    3;   0.0;   0;    7.683;   0;   2.9;   6.3;  926.55;    5.3;   72.46;   13.5;   -1.9;   -4.1;eor
       1468;20190416;   10;   7.9;   2.5;    3;   1.9;   6;    5.933;   0;   5.9;   7.6;  924.82;    7.9;   72.54;   14.8;    0.7;   -2.2;eor
       1468;20190417;   10;   8.0;   2.3;    3;   0.0;   6;    2.300;   0;   6.1;   9.1;  928.08;    9.2;   79.33;   14.3;    6.1;    2.1;eor
       1468;20190418;   10;  10.9;   3.4;    3;   0.0;   0;   12.983;   0;   0.6;   6.8;  929.45;   11.4;   50.67;   18.0;    5.4;    1.2;eor
       1468;20190419;   10;   8.3;   2.5;    3;   0.0;   0;   12.467;   0;   0.3;   7.1;  933.16;   13.5;   47.00;   19.7;    6.7;    1.7;eor
       1468;20190420;   10;  10.2;   3.3;    3;   0.0;   0;   13.167;   0;   0.0;   6.0;  932.99;   14.2;   37.29;   20.0;    8.6;    2.5;eor
       1468;20190421;   10;  10.4;   3.4;    3;   0.0;   0;   12.200;   0;   3.2;   4.9;  926.30;   14.7;   30.00;   20.5;    9.0;    1.8;eor
       1468;20190422;   10;  11.3;   3.7;    3;   0.0;   0;    9.783;   0;   6.2;   6.0;  915.95;   14.6;   35.92;   20.1;    9.8;    3.5;eor
       1468;20190423;   10;   6.7;   2.3;    3;   0.0;   0;    4.950;   0;   6.6;   8.1;  908.20;   13.7;   52.38;   21.0;    8.1;    4.3;eor
       1468;20190424;   10;  25.2;   4.6;    3;   0.4;   6;    7.900;   0;   6.5;   8.4;  912.62;   12.9;   57.96;   22.1;    3.6;    1.8;eor
       1468;20190425;   10;  13.9;   4.4;    3;   2.4;   6;    9.183;   0;   4.8;   7.7;  917.07;   11.4;   61.25;   21.6;    2.8;    1.0;eor
       1468;20190426;   10;   9.6;   3.7;    3;   3.4;   6;    0.017;   0;   7.2;   8.0;  922.29;    5.5;   88.67;    7.5;    3.6;    2.8;eor
       1468;20190427;   10;  18.4;   5.4;    3;   6.6;   8;    0.517;   0;   7.4;   7.8;  923.96;    4.8;   90.79;    6.9;    1.7;    0.8;eor
       1468;20190428;   10;  10.8;   3.8;    3;   0.6;   8;    4.600;   0;   6.3;   6.5;  926.02;    3.1;   85.50;    8.6;    0.5;   -1.4;eor
       1468;20190429;   10;   9.3;   3.2;    3;   0.9;   6;    3.017;   0;   7.8;   6.7;  927.98;    4.8;   78.96;    8.9;   -0.3;   -1.6;eor
       1468;20190430;   10;   7.8;   2.8;    3;   0.0;   6;    5.050;   0;   5.5;   7.8;  926.20;    6.4;   82.29;   11.9;    1.7;   -0.6;eor
       1468;20190501;    3;   7.7;   2.3;    3;   0.0;   0;   13.450;-999;   0.5;   6.7;  923.20;    9.5;   59.13;   16.0;    1.8;   -1.5;eor
       1468;20190502;    3;  13.4;   4.1;    3;   4.4;   6;    7.100;-999;   6.8;   8.2;  918.85;    9.2;   72.96;   16.0;    4.5;    1.7;eor
       1468;20190503;    3;   7.5;   2.8;    3;   1.8;   6;    0.950;   0;   7.6;   8.3;  918.66;    6.4;   86.50;    9.3;    3.6;    1.4;eor
       1468;20190504;    3;-999;   4.1;    3;  10.6;   8;    0.467;   0;   6.8;   6.6;  915.82;    1.7;   93.88;    5.0;   -1.0;   -2.7;eor
       1468;20190505;    3;-999;-999;    3;   0.0;   8;    5.200;   1;   7.3;   5.3;  923.07;    1.2;   80.17;    5.5;   -0.8;   -2.4;eor
       1468;20190506;    3;   7.8;   2.4;    3;   0.0;   8;    0.533;   0;   7.8;   5.6;  926.29;    3.0;   74.75;    6.0;   -0.2;   -1.9;eor
       1468;20190507;    3;   6.9;   2.0;    3;   0.2;   6;    4.617;   0;   7.4;   5.6;  923.62;    6.1;   60.42;   12.2;   -1.8;   -3.4;eor
       1468;20190508;    3;  15.7;   4.2;    3;  21.7;   6;    0.000;   0;   7.5;   8.7;  913.62;    7.4;   84.08;    9.5;    5.6;    4.5;eor
       1468;20190509;    3;  17.6;   5.3;    3;  22.2;   6;    0.633;   0;   7.6;   9.0;  911.23;    6.7;   90.71;    8.4;    5.1;    4.0;eor
       1468;20190510;    3;   9.6;   3.2;    3;   4.4;   6;    1.467;   0;   7.6;   9.6;  919.03;    8.2;   88.08;   11.4;    6.2;    5.3;eor
       1468;20190511;    3;  16.5;   5.6;    3;  14.3;   6;    2.967;   0;   7.3;   9.5;  919.90;    8.3;   86.96;   12.8;    3.9;    3.0;eor
       1468;20190512;    3;  12.3;   4.7;    3;   0.0;   0;    9.433;   0;   3.8;   6.5;  934.69;    5.7;   71.75;    9.9;    2.9;    0.9;eor
       1468;20190513;    3;  13.9;   4.8;    3;   0.0;   0;   10.767;   0;   2.9;   5.4;  938.13;    6.7;   56.67;   11.6;    1.9;   -0.3;eor
       1468;20190514;    3;  12.7;   4.8;    3;   0.0;   0;    9.050;   0;   3.1;   4.8;  933.58;    5.9;   52.08;   11.0;    1.1;   -2.2;eor
       1468;20190515;    3;  10.9;   4.0;    3;   0.0;   0;    8.233;   0;   3.8;   5.4;  928.15;    5.2;   62.46;   10.4;    0.0;   -3.0;eor
       1468;20190516;    3;   7.1;   2.8;    3;   0.0;   0;    2.933;   0;   5.6;   7.2;  921.09;    6.2;   75.25;   11.0;    0.5;   -1.5;eor
       1468;20190517;    3;   7.6;   2.6;    3;   0.0;   6;    6.717;-999;   4.6;   9.0;  914.73;    9.9;   75.17;   15.5;    3.5;    0.9;eor
       1468;20190518;    3;  10.1;   2.9;    3;   4.7;   6;    4.983;-999;   7.9;  10.2;  914.15;   11.2;   77.04;   17.1;    7.5;    5.4;eor
       1468;20190519;    3;   7.3;   3.0;    3;  17.4;   6;    1.717;-999;   7.6;  11.7;  913.43;   11.1;   89.04;   15.6;    8.2;    7.5;eor
       1468;20190520;    3;  15.9;   6.0;    3;  18.4;   6;    0.000;-999;   7.9;  12.0;  914.35;   10.2;   95.71;   12.7;    8.5;    8.4;eor
       1468;20190521;    3;  15.7;   7.3;    3;   8.1;   6;    0.000;-999;   7.7;  10.8;  920.15;    8.8;   95.17;    9.6;    7.9;    7.6;eor
       1468;20190522;    3;  11.0;   4.4;    3;   0.0;   0;   10.833;-999;   4.8;   9.0;  926.35;    9.8;   75.96;   14.4;    4.6;    2.4;eor
       1468;20190523;    3;   8.0;   2.2;    3;   0.0;   0;   14.650;-999;   5.9;   8.1;  926.35;   11.4;   63.71;   17.9;    3.5;    0.9;eor
       1468;20190524;    3;   6.7;   1.8;    3;   0.4;   6;    5.750;-999;   7.1;  10.6;  923.40;   13.5;   69.42;   18.5;    6.0;    3.7;eor
       1468;20190525;    3;   9.0;   2.5;    3;   3.5;   6;    5.567;-999;   6.0;  10.8;  924.03;   12.4;   76.58;   17.9;    8.0;    6.3;eor
       1468;20190526;    3;   9.7;   3.3;    3;   0.0;   0;   12.100;-999;   5.3;  10.1;  924.12;   13.1;   69.00;   18.7;    6.6;    4.7;eor
       1468;20190527;    3;   9.7;   3.7;    3;   3.3;   6;    6.083;-999;   7.7;  10.8;  919.42;   13.0;   72.67;   17.5;    8.3;    6.3;eor
       1468;20190528;    3;  12.2;   4.4;    3;   3.0;   6;    2.183;-999;   7.7;  10.1;  917.97;    9.1;   87.71;   12.3;    5.7;    4.7;eor
       1468;20190529;    3;   8.1;   3.0;    3;   0.0;   6;    2.217;-999;   6.7;   8.9;  927.39;    9.0;   79.04;   13.6;    4.6;    2.6;eor
       1468;20190530;    3;   6.2;   2.5;    3;   0.0;   0;    5.383;-999;   5.1;   9.0;  932.90;   12.0;   66.71;   16.9;    3.8;    1.6;eor
       1468;20190531;    3;   5.3;   1.7;    3;   0.0;   0;    1.867;-999;   7.3;  12.0;  933.43;   15.1;   70.79;   19.8;   11.3;    8.3;eor
       1468;20190601;    3;   6.8;   2.1;    3;   0.0;   0;   14.900;-999;   4.3;  11.6;  930.82;   17.8;   60.17;   23.8;    9.2;    6.9;eor
       1468;20190602;    3;   8.8;   3.3;    3;   0.0;   0;   14.850;-999;   3.7;  10.9;  926.68;   21.0;   45.92;   27.3;   12.8;    8.9;eor
       1468;20190603;    3;  23.6;   3.8;    3;   0.0;   6;    9.750;-999;   4.6;  12.0;  925.01;   19.6;   53.71;   28.0;   14.6;   11.2;eor
       1468;20190604;    3;  11.8;   3.9;    3;   0.1;   6;   14.000;-999;   3.1;  12.0;  921.01;   21.5;   50.08;   27.7;   12.2;   10.0;eor
       1468;20190605;    3;  18.9;   3.8;    3;   0.0;   6;   11.217;-999;   4.5;  11.6;  916.88;   21.3;   45.63;   26.0;   16.3;   12.8;eor
       1468;20190606;    3;  16.0;   4.3;    3;   1.7;   6;    0.750;-999;   6.5;  10.3;  922.04;    9.1;   88.75;   16.2;    5.6;    3.0;eor
       1468;20190607;    3;  19.2;   4.8;    3;   1.7;   6;   10.533;-999;   4.6;  11.2;  921.43;   12.9;   76.71;   23.7;    5.6;    4.2;eor
       1468;20190608;    1;  14.6;   4.2;    1;   0.0;   0;   13.283;-999;   3.8;   7.4;  930.43;   12.6;   53.00;   18.0;    8.5;    5.3;eor
       1468;20190609;    1;  10.3;   2.9;    1;   4.0;   6;    5.917;-999;   7.2;  10.9;  929.16;   13.6;   70.17;   18.5;    8.8;    4.5;eor
       1468;20190610;    1;   7.8;   2.6;    1;  32.8;   6;    0.117;-999;   7.6;  14.3;  922.92;   13.3;   93.33;   16.4;   10.7;   10.5;eor
       1468;20190611;    1;   7.0;   1.8;    1;   0.6;   6;    1.083;-999;   7.5;  12.8;  920.07;   11.6;   93.46;   13.4;    9.3;    8.3;eor
       1468;20190612;    1;  11.9;   3.5;    1;   3.0;   6;    7.250;-999;   6.2;  11.5;  919.87;   12.2;   81.96;   16.4;    9.3;    9.1;eor
       1468;20190613;    1;  11.0;   3.0;    1;   0.0;   0;    9.900;-999;   3.7;  10.0;  923.83;   15.2;   60.46;   20.5;    9.2;    8.7;eor
       1468;20190614;    1;  10.2;   3.3;    1;   0.0;   6;    5.133;-999;   6.3;  12.2;  924.30;   17.7;   60.38;   21.7;   12.7;    8.7;eor
       1468;20190615;    1;  16.5;   4.6;    1;   9.1;   6;    5.617;-999;   6.8;  13.4;  924.06;   15.7;   75.38;   19.5;   11.7;   11.1;eor
       1468;20190616;    1;   7.8;   2.8;    1;   0.0;   6;    3.783;-999;   6.4;  12.5;  929.61;   14.0;   79.88;   19.5;   10.6;    8.4;eor
       1468;20190617;    1;   9.0;   2.9;    1;   0.0;   0;   14.300;-999;   0.6;  12.8;  927.92;   16.6;   69.29;   22.5;    9.5;    7.0;eor
       1468;20190618;    1;   7.9;   2.2;    1;   0.0;   0;   10.367;-999;   4.3;  14.3;  924.56;   19.6;   65.13;   25.7;   11.6;    9.7;eor
       1468;20190619;    1;  12.9;   3.9;    1;   4.1;   6;   13.000;-999;   4.9;  12.0;  921.35;   21.2;   50.17;   27.2;   13.0;   10.5;eor
       1468;20190620;    1;  12.8;   3.5;    1;   2.0;   6;    3.383;-999;   7.4;  14.5;  923.53;   15.9;   80.79;   20.6;   13.0;   12.1;eor
       1468;20190621;    1;   6.4;   2.2;    1;   1.7;   6;    5.217;-999;   7.0;  13.9;  926.72;   16.2;   76.33;   20.4;   12.3;   11.7;eor
       1468;20190622;    1;   7.5;   2.3;    1;   7.5;   6;    0.000;-999;   7.9;  14.6;  926.08;   14.7;   87.50;   18.1;   12.4;   12.1;eor
       1468;20190623;    1;   9.9;   3.1;    1;   0.0;   6;    7.200;-999;   7.4;  15.9;  926.93;   16.9;   83.75;   22.1;   12.3;   11.2;eor
       1468;20190624;    1;   7.6;   2.9;    1;   0.0;   0;   14.617;-999;   5.3;  17.4;  928.59;   20.6;   73.25;   26.9;   13.7;   10.8;eor
       1468;20190625;    1;   7.7;   2.0;    1;   0.0;   0;   13.933;-999;   3.4;  18.5;  929.99;   23.5;   66.38;   30.9;   14.3;   12.1;eor
       1468;20190626;    1;   6.5;   2.6;    1;   0.0;   0;   14.533;-999;   0.0;  20.1;  932.86;   26.3;   60.00;   32.3;   18.4;   16.0;eor
       1468;20190627;    1;   7.4;   2.7;    1;   0.0;   0;   13.350;-999;   0.6;  19.5;  932.83;   24.7;   61.42;   29.1;   17.9;   14.3;eor
       1468;20190628;    1;   9.1;   2.8;    1;   0.0;   0;   15.167;-999;   0.0;  11.3;  931.34;   20.7;   46.25;   26.6;   14.6;   10.1;eor
       1468;20190629;    1;   9.0;   3.3;    1;   0.0;   0;   15.167;-999;   0.0;  12.6;  928.63;   21.9;   49.13;   28.1;   13.4;    9.5;eor
       1468;20190630;    1;  10.6;   3.8;    1;   0.0;   0;   15.017;-999;   1.4;  15.6;  927.09;   25.5;   49.04;   31.9;   15.7;   12.5;eor
       1468;20190701;    1;  12.8;   3.9;    1;   0.2;   6;    9.267;-999;   6.5;  17.2;  927.38;   22.6;   62.58;   26.8;   15.6;   13.7;eor
       1468;20190702;    1;   7.1;   2.7;    1;   0.0;   0;    9.367;-999;   5.4;  12.1;  928.84;   18.2;   58.21;   22.9;   14.1;   12.5;eor
       1468;20190703;    1;   8.8;   3.1;    1;   0.0;   0;   12.333;-999;   5.9;  10.6;  929.37;   17.2;   54.96;   23.2;   12.2;    9.9;eor
       1468;20190704;    1;   6.7;   2.6;    1;   0.0;   0;   14.983;-999;   0.8;  10.1;  929.60;   17.8;   50.88;   24.6;   11.3;    8.7;eor
       1468;20190705;    1;   9.6;   3.3;    1;   0.0;   0;   14.100;-999;   4.3;   9.9;  927.02;   19.8;   44.67;   26.1;   11.3;    8.6;eor
       1468;20190706;    1;  12.3;   3.9;    1;   2.1;   8;    8.717;-999;   4.7;  12.7;  922.51;   21.1;   50.79;   26.2;   13.7;   10.0;eor
       1468;20190707;    1;  13.9;   4.1;    1;  -999;-999;    3.150;-999;   7.3;  13.8;  922.21;   17.2;   70.46;   20.8;   12.5;   12.5;eor
