STATIONS_ID;MESS_DATUM;QN_3;  FX;  FM;QN_4; RSK;RSKF; SDK;SHK_TAG;  NM; VPM;  PM; TMK; UPM; TXK; TNK; TGK;eor
       4887;20180106;   10;   7.3;   2.8;    3;   0.2;   6;    0.700;   0;   6.5;   8.5;  922.06;    5.2;   96.58;    6.7;    4.3;    3.3;eor
       4887;20180107;   10;  16.1;   7.0;    3;   0.0;   0;    0.000;   0;   7.7;   7.8;  930.05;    3.4;   99.67;    5.6;    2.2;    2.4;eor
       4887;20180108;   10;  16.1;   9.4;    3;   0.0;   0;    0.000;   0;   7.8;   7.4;  932.33;    2.7;   99.58;    3.4;    2.0;    2.2;eor
       4887;20180109;   10;  14.0;   4.6;    3;   0.0;   0;    4.200;   0;   4.8;   7.1;  926.70;    3.8;   89.79;   10.0;    1.4;   -1.1;eor
       4887;20180110;   10;   9.0;   2.2;    3;   1.0;   6;    4.800;   0;   5.5;   7.3;  926.45;    4.7;   84.96;    8.1;    2.3;   -0.3;eor
       4887;20180111;   10;   5.0;   2.0;    3;   0.0;   6;    4.400;   0;   4.6;   6.6;  928.63;    2.4;   90.38;    5.1;   -0.8;   -2.9;eor
       4887;20180112;   10;  10.3;   2.8;    3;   0.0;   6;    0.000;   0;   8.0;   5.8;  936.15;   -0.5;   99.50;   -0.1;   -1.3;   -0.9;eor
       4887;20180113;   10;  10.7;   4.9;    3;   0.0;   8;    0.000;   0;   7.8;   5.8;  935.45;   -0.2;   97.00;    0.7;   -2.1;   -1.7;eor
       4887;20180114;   10;   8.2;   3.1;    3;   0.0;   6;    0.267;   0;   6.5;   4.9;  933.35;   -2.3;   94.92;   -1.2;   -3.1;   -5.0;eor
       4887;20180115;   10;  18.8;   4.3;    3;   1.4;   8;    1.800;   0;   6.8;   5.2;  927.57;   -0.7;   89.17;    2.4;   -4.0;   -4.7;eor
       4887;20180116;   10;  26.0;  10.8;    3;  11.0;   8;    0.200;   0;   7.5;   6.6;  913.67;    2.3;   90.83;    5.0;   -1.1;   -1.3;eor
       4887;20180117;   10;  21.2;  10.8;    3;   7.0;   8;    0.000;   6;   7.6;   5.3;  917.81;   -1.0;   93.38;    1.2;   -2.6;   -2.3;eor
       4887;20180118;   10;  30.7;  11.8;    3;  11.3;   8;    0.100;  20;   7.5;   6.3;  919.37;    1.9;   89.13;    6.0;   -1.4;   -0.6;eor
       4887;20180119;   10;  18.9;   7.8;    3;   4.8;   8;    2.017;   4;   7.3;   5.8;  923.01;    0.5;   90.96;    3.2;   -1.3;   -1.2;eor
       4887;20180120;   10;  13.0;   5.0;    3;  17.0;   8;    0.000;  10;   7.5;   5.5;  919.85;   -0.6;   94.46;    0.3;   -1.7;   -2.3;eor
       4887;20180121;   10;  13.2;   5.1;    3;   9.3;   8;    0.000;  24;   7.4;   5.1;  925.46;   -2.1;   97.92;   -0.9;   -3.6;   -1.8;eor
       4887;20180122;   10;  11.9;   4.9;    3;  21.2;   6;    0.000;  25;   7.8;   6.9;  924.99;    1.5;   99.58;    5.0;   -2.7;   -1.5;eor
       4887;20180123;   10;  10.5;   5.2;    3;   0.4;   8;    0.933;  12;   7.0;   6.4;  937.48;    2.0;   90.21;    3.8;    0.3;   -3.4;eor
       4887;20180124;   10;  10.5;   4.6;    3;   0.0;   0;    7.000;   8;   4.1;   7.0;  936.23;    5.5;   78.08;    9.0;    1.9;    0.8;eor
       4887;20180125;   10;  10.7;   4.1;    3;   0.0;   6;    0.167;   3;   6.8;   6.9;  930.61;    6.3;   72.00;    8.5;    4.7;    2.7;eor
       4887;20180126;   10;   7.8;   2.7;    3;   0.0;   6;    0.383;   0;   7.7;   7.6;  931.14;    4.8;   88.88;    7.9;    3.3;    1.7;eor
       4887;20180127;   10;   8.0;   2.2;    3;   0.0;   0;    0.467;   0;   7.3;   7.3;  942.33;    3.2;   94.25;    4.7;    2.2;   -1.6;eor
       4887;20180128;   10;  11.7;   6.5;    3;   0.0;   6;    0.000;   0;   7.8;   7.1;  946.47;    4.4;   84.21;    6.2;    1.9;    1.0;eor
       4887;20180129;   10;  16.6;   8.2;    3;   0.5;   6;    1.583;   0;   7.5;   7.9;  943.05;    4.7;   92.08;    6.9;    3.7;    3.6;eor
       4887;20180130;   10;  14.3;   4.2;    3;   6.1;   6;    0.200;   0;   7.7;   7.7;  940.99;    3.8;   95.79;    5.2;    2.6;    1.8;eor
       4887;20180131;   10;  14.8;   6.2;    3;   9.6;   8;    0.633;   0;   7.0;   6.7;  927.60;    4.0;   81.71;    6.5;    1.6;   -1.5;eor
       4887;20180201;   10;  13.3;   6.0;    3;   5.1;   8;    0.000;   0;   7.3;   5.7;  917.73;    0.0;   92.25;    3.8;   -1.5;   -2.7;eor
       4887;20180202;   10;  10.6;   5.1;    3;   1.2;   8;    2.800;   2;   5.6;   4.6;  920.24;   -1.5;   83.42;    0.8;   -4.9;   -9.9;eor
       4887;20180203;   10;   7.3;   3.3;    3;   2.6;   8;    0.750;   3;   7.7;   4.8;  920.03;   -1.9;   89.79;    0.0;   -3.1;   -7.3;eor
       4887;20180204;   10;   6.4;   2.4;    3;   0.0;   8;    1.950;   2;   6.4;   4.7;  926.85;   -2.1;   89.42;    0.4;   -4.3;  -12.8;eor
       4887;20180205;   10;  14.6;   7.5;    3;   0.0;   8;    6.183;   0;   4.2;   4.3;  931.80;   -3.0;   87.13;   -1.0;   -4.3;   -6.1;eor
       4887;20180206;   10;  13.5;   5.7;    3;   0.0;   0;    4.050;   3;   4.2;   4.2;  924.50;   -3.7;   89.71;   -2.3;   -5.2;   -5.0;eor
       4887;20180207;   10;   6.9;   2.8;    3;   0.0;   8;    0.000;   3;   6.3;   4.2;  923.96;   -3.9;   91.21;   -1.7;   -5.8;  -12.7;eor
       4887;20180208;   10;   3.9;   2.0;    3;   0.0;   8;    1.067;   3;   5.9;   4.3;  929.75;   -3.7;   92.96;   -2.0;   -4.9;  -12.0;eor
       4887;20180209;   10;   5.4;   1.5;    3;   0.0;   8;    0.000;   3;   8.0;   4.5;  928.00;   -2.6;   89.17;   -1.3;   -3.9;   -3.6;eor
       4887;20180210;   10;   6.9;   2.8;    3;   0.0;   8;    0.000;   3;   7.9;   4.9;  928.64;   -1.9;   92.08;   -1.0;   -2.5;   -3.1;eor
       4887;20180211;   10;  12.6;   5.7;    3;   4.8;   8;    0.000;   3;   7.7;   5.2;  921.84;   -0.9;   90.50;    0.8;   -3.1;   -7.2;eor
       4887;20180212;   10;  12.2;   5.3;    3;   1.7;   8;    0.800;   7;   7.4;   4.5;  926.60;   -2.7;   89.83;   -0.1;   -5.7;   -6.6;eor
       4887;20180213;   10;   9.4;   2.9;    3;   0.0;   0;    9.017;  11;   0.5;   3.4;  927.16;   -4.0;   75.75;   -1.3;   -6.0;  -12.7;eor
       4887;20180214;   10;   9.1;   4.0;    3;   0.0;   0;    9.200;   9;   0.0;   3.4;  928.57;   -4.8;   79.42;   -1.1;   -8.5;  -12.2;eor
       4887;20180215;   10;   9.4;   4.0;    3;  10.7;   8;    0.000;   9;   7.0;   5.1;  929.97;   -1.8;   89.71;    3.8;   -6.2;   -6.2;eor
       4887;20180216;   10;   9.8;   3.4;    3;   0.9;   6;    0.650;   4;   7.1;   6.6;  936.82;    1.5;   97.17;    5.9;   -1.9;   -2.2;eor
       4887;20180217;   10;  11.5;   5.2;    3;   6.5;   8;    0.000;   3;   7.4;   5.3;  932.43;   -1.9;   99.13;   -0.6;   -3.0;   -3.6;eor
       4887;20180218;   10;   9.8;   3.3;    3;   0.0;   7;    0.000;  11;   8.0;   4.6;  936.69;   -3.2;   94.38;   -2.6;   -4.4;   -9.5;eor
       4887;20180219;   10;   8.6;   1.9;    3;   0.0;   8;    0.000;  10;  -999;   4.1;  930.63;   -4.3;   92.67;   -2.8;   -5.2;   -5.0;eor
       4887;20180220;   10;   6.8;   2.1;    3;   0.6;   8;    0.000;   9;   8.0;   3.9;  927.49;   -4.4;   88.33;   -3.0;   -5.2;   -6.0;eor
       4887;20180221;   10;  12.0;   4.1;    3;   0.0;   7;    6.267;   9;   5.3;   3.8;  930.08;   -4.1;   84.21;   -1.0;   -6.0;   -7.5;eor
       4887;20180222;   10;  13.4;   7.5;    3;   0.0;   7;    6.000;   8;   5.9;   3.1;  927.65;   -5.4;   75.38;   -3.4;   -8.1;   -8.9;eor
       4887;20180223;   10;  12.8;   6.8;    3;   0.0;   7;    0.000;   8;   8.0;   3.2;  927.23;   -5.1;   76.63;   -3.3;   -7.4;   -7.3;eor
       4887;20180224;   10;  16.9;   9.4;    3;   0.0;   0;    9.683;   7;   2.6;   2.7;  929.50;   -5.7;   68.00;   -1.9;   -9.6;  -10.6;eor
       4887;20180225;   10;  14.1;   7.5;    3;   0.0;   0;    9.917;   3;   0.1;   1.7;  932.50;   -9.9;   60.54;   -6.4;  -12.6;  -13.7;eor
       4887;20180226;   10;  11.4;   5.4;    3;   0.0;   7;    4.917;   3;   3.2;   1.6;  930.76;  -12.5;   66.79;   -9.3;  -14.8;  -16.0;eor
       4887;20180227;   10;   7.1;   3.4;    3;   0.0;   7;    5.333;   3;   2.7;   1.6;  926.41;  -13.2;   72.00;   -9.9;  -15.8;  -17.7;eor
       4887;20180228;   10;  17.7;   7.5;    3;   0.0;   0;    9.167;   4;   2.0;   1.6;  925.65;  -12.9;   72.21;  -10.1;  -16.3;  -17.6;eor
       4887;20180301;   10;  17.3;   9.9;    3;   0.0;   0;    0.950;   4;   6.0;   2.1;  916.38;  -10.2;   73.04;   -7.0;  -13.6;  -13.8;eor
       4887;20180302;   10;  15.0;   6.1;    3;   0.1;   8;    1.167;   3;   6.7;   2.9;  909.60;   -7.5;   81.17;   -3.6;  -11.3;  -11.1;eor
       4887;20180303;   10;   7.5;   3.4;    3;   0.6;   8;    3.317;   4;   6.1;   4.8;  911.32;   -2.3;   92.83;    2.2;   -6.8;   -7.6;eor
       4887;20180304;   10;   9.4;   3.8;    3;   0.0;   6;    2.467;   4;   7.5;   6.2;  913.73;    1.0;   94.13;    3.9;   -1.4;   -2.3;eor
       4887;20180305;   10;  10.8;   4.3;    3;   0.0;   0;    6.667;   1;   5.3;   6.4;  911.15;    3.2;   83.54;    6.5;   -0.6;   -1.1;eor
       4887;20180306;   10;   8.6;   3.5;    3;   0.0;   6;    0.417;   1;   4.3;   5.6;  906.75;    1.1;   84.75;    4.1;   -2.3;   -2.9;eor
       4887;20180307;   10;  12.7;   5.7;    3;   0.3;   8;    1.783;   1;   6.4;   6.0;  912.57;    2.9;   80.96;    5.4;    0.6;   -1.6;eor
       4887;20180308;   10;  16.2;   6.1;    3;   0.0;   0;    5.950;   1;   4.6;   5.7;  920.08;    3.8;   71.71;    8.5;    0.3;   -1.6;eor
       4887;20180309;   10;  12.0;   3.4;    3;   0.3;   6;    0.200;   0;   7.5;   6.6;  923.15;    5.7;   72.46;    9.6;    1.0;   -1.0;eor
       4887;20180310;   10;  10.7;   3.9;    3;   4.2;   6;    0.000;-999;   7.7;   8.4;  921.03;    7.9;   78.46;    9.3;    6.5;    4.2;eor
       4887;20180311;   10;   8.6;   3.2;    3;   2.9;   6;    3.000;-999;   5.1;   8.5;  914.30;    8.7;   76.54;   13.9;    4.2;    3.1;eor
       4887;20180312;   10;  16.9;   6.1;    3;   1.5;   6;    1.050;-999;   7.0;   8.6;  912.77;    6.9;   85.75;    9.4;    4.5;    3.4;eor
       4887;20180313;   10;  14.4;   7.5;    3;   9.5;   8;    0.200;   0;   7.8;   7.0;  920.38;    4.5;   83.92;    6.6;    1.1;    1.0;eor
       4887;20180314;   10;  11.4;   4.8;    3;   0.1;   8;    4.983;   0;   4.2;   6.2;  924.75;    2.5;   86.00;    7.0;    0.4;   -1.0;eor
       4887;20180315;   10;  12.8;   6.5;    3;   0.0;   6;    1.667;   0;   6.8;   6.7;  914.08;    2.9;   89.63;    6.7;   -0.9;   -0.5;eor
       4887;20180316;   10;  10.8;   4.1;    3;   0.7;   6;    3.100;   0;   4.8;   7.2;  916.40;    4.9;   83.13;    8.1;    2.2;   -3.5;eor
       4887;20180317;   10;  11.9;   4.5;    3;   5.1;   8;    0.000;   0;   7.2;   5.9;  912.66;   -0.3;   96.63;    3.8;   -5.3;   -5.1;eor
       4887;20180318;   10;  11.8;   6.3;    3;   0.0;   7;    0.017;   6;   7.8;   3.6;  915.37;   -5.9;   90.58;   -4.6;   -6.6;   -5.3;eor
       4887;20180319;   10;   8.9;   3.1;    3;   0.0;   8;    0.000;   2;   7.9;   3.5;  920.74;   -5.7;   86.71;   -3.3;   -6.8;   -6.2;eor
       4887;20180320;   10;  10.7;   3.3;    3;   0.6;   8;    6.417;   1;   5.8;   3.5;  927.61;   -4.5;   80.71;   -0.9;   -7.4;   -9.9;eor
       4887;20180321;   10;   9.1;   3.3;    3;   0.0;   0;   11.217;   1;   1.5;   3.1;  936.98;   -3.1;   65.50;    0.9;   -7.9;  -15.1;eor
       4887;20180322;   10;  10.5;   4.2;    3;   1.7;   8;    1.850;   0;   5.5;   4.0;  930.75;   -2.0;   74.88;    0.8;   -4.4;  -10.9;eor
       4887;20180323;   10;   8.2;   3.1;    3;   0.0;   8;    0.000;   1;   7.3;   6.1;  921.72;    0.5;   96.29;    3.5;   -1.4;   -3.5;eor
       4887;20180324;   10;  12.2;   4.5;    3;   0.0;   0;    8.650;   0;   3.0;   5.4;  915.94;    1.9;   79.33;    6.6;   -1.4;   -2.2;eor
       4887;20180325;   10;   6.4;   2.5;    3;   0.0;   0;    9.883;   0;   0.9;   5.5;  920.16;    5.0;   64.04;   10.4;   -1.4;   -3.6;eor
       4887;20180326;   10;   8.8;   3.9;    3;   0.5;   8;    0.750;   0;   5.6;   6.0;  926.74;    2.8;   80.42;    5.9;    1.1;   -3.8;eor
       4887;20180327;   10;   9.7;   3.7;    3;   1.8;   4;    4.083;   0;   6.9;   6.1;  927.20;    3.7;   78.42;    7.2;    0.8;    0.2;eor
       4887;20180328;   10;  18.8;   7.2;    3;   8.3;   4;    0.850;   0;   7.6;   8.6;  919.75;    6.2;   90.46;    9.5;    2.8;    2.6;eor
       4887;20180329;   10;  14.2;   4.9;    3;   0.0;   0;    5.633;   0;   5.6;   5.9;  921.49;    3.6;   75.33;    8.2;    0.6;   -2.7;eor
       4887;20180330;   10;  13.4;   4.8;    3;   9.0;   6;    7.400;   0;   3.6;   6.9;  917.10;    4.9;   81.21;   11.2;   -1.4;   -2.9;eor
       4887;20180331;   10;   9.7;   4.4;    3;   0.4;   8;    4.583;   0;   5.2;   6.7;  914.45;    4.4;   81.75;    8.6;    2.6;   -1.7;eor
       4887;20180401;   10;  20.2;   8.3;    3;   1.7;   8;    0.500;   0;   7.7;   6.6;  922.79;    2.8;   88.29;    4.5;    0.0;    0.0;eor
       4887;20180402;   10;   8.6;   3.2;    3;   0.0;   6;   10.200;   0;   3.5;   5.4;  924.62;    7.1;   57.17;   13.0;    0.1;   -3.2;eor
       4887;20180403;   10;  15.1;   4.5;    3;  -999;   6;    7.300;   0;   5.5;   7.2;  921.68;   13.6;   47.00;   19.2;    8.1;    4.8;eor
       4887;20180404;   10;  21.3;   5.0;    3;  -999;   6;    5.567;   0;   4.7;   7.8;  921.20;   11.3;   59.96;   20.1;    4.9;    2.8;eor
       4887;20180405;   10;  17.4;   6.9;    3;  -999;   6;    2.150;   0;   5.5;   7.2;  928.28;    5.8;   78.13;   10.7;    1.6;   -2.3;eor
       4887;20180406;   10;  12.2;   5.4;    3;   0.0;   0;   12.000;   0;   1.1;   6.1;  933.47;    5.2;   70.46;   10.8;   -0.4;   -1.9;eor
       4887;20180407;   10;  11.0;   4.7;    3;  -999;   0;   12.333;   0;   0.0;   6.9;  928.46;   10.5;   57.08;   18.7;    2.7;    1.6;eor
       4887;20180408;   10;   8.4;   4.2;    3;  -999;   0;   11.883;   0;   0.0;   8.1;  924.07;   12.5;   58.17;   19.0;    5.4;    3.7;eor
       4887;20180409;   10;   6.6;   2.8;    3;  -999;   0;    5.217;   0;   4.1;   8.2;  920.47;   13.5;   54.21;   19.2;    8.5;    7.6;eor
       4887;20180410;   10;  18.9;   4.2;    3;  -999;   6;    5.117;   0;   5.3;  10.1;  919.15;   10.3;   81.25;   16.6;    4.4;    2.7;eor
       4887;20180411;   10;  10.7;   3.7;    3;   0.0;   0;   10.733;   0;   3.1;   8.3;  920.35;    9.9;   69.04;   15.2;    3.9;    1.6;eor
       4887;20180412;   10;   9.9;   3.9;    3;  -999;   0;    5.450;   0;   4.3;   7.7;  915.97;   12.9;   52.63;   17.7;    8.5;    2.6;eor
       4887;20180413;   10;  15.5;   3.9;    3;   0.4;   6;    0.483;   0;   5.8;   7.8;  923.73;    8.3;   72.33;   11.4;    5.7;    1.1;eor
       4887;20180414;   10;   7.0;   2.5;    3;   0.0;   0;    9.567;   0;   1.7;   7.8;  933.06;   11.5;   58.79;   16.8;    5.9;   -0.6;eor
       4887;20180415;   10;   8.8;   2.6;    3;   0.4;   6;    3.117;   0;   4.3;   9.1;  927.77;   11.8;   65.46;   16.8;    8.0;    2.3;eor
       4887;20180416;   10;  10.7;   3.9;    3;   0.1;   6;    1.250;   0;   6.2;  10.9;  930.05;   11.3;   81.83;   14.6;    9.1;    3.2;eor
       4887;20180417;   10;   5.6;   2.2;    3;   0.0;   0;    9.800;   0;   1.2;   9.2;  939.50;   13.9;   59.08;   19.1;    8.7;    1.5;eor
       4887;20180418;   10;  11.5;   4.5;    3;   0.0;   0;   12.817;   0;   0.0;   9.2;  944.58;   15.6;   52.71;   20.5;   11.5;    5.9;eor
       4887;20180419;   10;  12.6;   5.6;    3;   0.0;   0;   12.800;   0;   0.0;   9.1;  942.29;   16.1;   50.63;   21.8;   11.0;    9.2;eor
       4887;20180420;   10;   8.6;   3.3;    3;   0.0;   0;   12.633;   0;   0.0;  10.0;  938.40;   18.1;   49.38;   23.8;   11.2;    8.0;eor
       4887;20180421;   10;   6.8;   2.9;    3;   0.0;   0;   12.567;   0;   0.3;  10.5;  935.05;   18.5;   50.33;   23.4;   14.3;    7.6;eor
       4887;20180422;   10;   9.8;   3.2;    3;   0.1;   6;   11.200;   0;   1.5;  11.1;  931.47;   18.8;   51.33;   23.9;   15.3;   10.6;eor
       4887;20180423;   10;  13.0;   5.2;    3;   0.3;   6;    4.433;   0;   6.6;  11.5;  932.19;   14.8;   69.79;   18.2;   10.7;    9.8;eor
       4887;20180424;   10;  11.8;   4.0;    3;   0.0;   0;   10.367;   0;   2.8;  11.2;  932.85;   13.4;   74.50;   17.6;    9.5;    5.3;eor
       4887;20180425;   10;  17.8;   7.0;    3;   1.0;   6;    7.183;   0;   3.6;  10.4;  928.88;   13.5;   68.46;   19.0;    7.6;    6.6;eor
       4887;20180426;   10;  13.2;   5.5;    3;   0.0;   6;    3.133;   0;   6.4;   7.5;  932.32;    7.6;   73.04;   11.8;    5.4;   -0.7;eor
       4887;20180427;   10;  11.5;   3.5;    3;   0.0;   0;   12.450;   0;   2.2;   7.3;  927.56;   11.7;   53.08;   18.6;    4.2;   -0.1;eor
       4887;20180428;   10;  10.1;   2.2;    3;   0.0;   6;    7.400;   0;   4.3;   9.3;  927.50;   13.2;   62.21;   19.1;    8.9;    5.3;eor
       4887;20180429;   10;  10.9;   4.9;    3;   1.2;   6;    9.233;-999;   3.6;  10.3;  921.81;   16.1;   57.83;   22.9;    8.7;    8.0;eor
       4887;20180430;   10;  22.2;   6.9;    3;   0.1;   6;    4.833;-999;   6.5;   8.1;  920.93;   11.2;   61.96;   17.6;    6.4;    5.7;eor
       4887;20180501;   10;   9.6;   3.6;    3;   0.0;   6;    2.400;-999;   6.3;   7.5;  927.25;    7.0;   75.08;   11.6;    3.9;    2.1;eor
       4887;20180502;   10;   7.5;   3.1;    3;   0.0;   6;    2.067;-999;   7.1;   8.2;  926.23;    9.7;   67.42;   14.9;    4.4;    3.1;eor
       4887;20180503;   10;   9.6;   4.3;    3;   0.0;   0;    0.367;-999;   7.5;   9.3;  928.60;   10.9;   72.04;   14.7;    7.0;    6.4;eor
       4887;20180504;   10;  10.8;   4.6;    3;   0.0;   0;    5.033;-999;   5.3;  10.9;  931.98;   14.0;   68.21;   19.7;    9.4;    8.6;eor
       4887;20180505;   10;  12.1;   5.9;    3;   0.0;   0;   11.833;-999;   1.7;  11.0;  934.80;   15.2;   64.13;   22.1;    8.4;    7.4;eor
       4887;20180506;   10;  10.6;   5.5;    3;   0.0;   0;   13.617;-999;   0.0;   9.2;  935.47;   15.5;   54.21;   21.8;    9.8;    8.9;eor
       4887;20180507;   10;  12.3;   5.5;    3;   0.0;   0;   13.717;-999;   0.3;   8.3;  932.08;   15.2;   49.00;   21.4;    8.9;    7.5;eor
       4887;20180508;   10;  12.6;   5.5;    3;   0.0;   0;   13.817;-999;   0.1;   8.3;  926.25;   16.2;   46.46;   21.8;   11.4;   10.1;eor
       4887;20180509;   10;   8.5;   3.4;    3;   0.0;   0;   11.600;-999;   2.3;   9.4;  923.02;   15.8;   54.00;   21.1;    9.6;    8.2;eor
       4887;20180510;   10;  14.5;   5.0;    3;   4.9;   6;    5.133;-999;   6.4;  10.9;  927.02;   11.5;   81.13;   16.6;    6.9;    6.8;eor
       4887;20180511;   10;   6.6;   2.8;    3;   0.0;   0;    6.450;-999;   4.4;  11.0;  933.00;   11.7;   81.04;   16.8;    6.6;    4.8;eor
       4887;20180512;   10;   8.2;   3.5;    3;   0.0;   0;   13.017;-999;   0.1;  11.7;  929.50;   17.0;   63.00;   22.7;   11.2;    8.3;eor
       4887;20180513;   10;  10.6;   4.7;    3;  14.5;   6;    2.967;-999;   7.4;  13.5;  924.57;   13.4;   88.29;   17.1;    9.7;   10.0;eor
       4887;20180514;   10;   9.4;   3.5;    3;   3.8;   6;    0.000;-999;   7.8;  13.2;  923.95;   11.1;   99.79;   12.3;    9.7;    9.7;eor
       4887;20180515;   10;  13.9;   3.1;    3;   5.4;   6;    4.567;-999;   5.6;  11.2;  926.75;   11.8;   81.25;   17.0;    8.8;    6.8;eor
       4887;20180516;   10;   9.4;   3.5;    3;  13.4;   6;    0.267;-999;   7.5;  11.5;  928.60;    9.2;   98.50;   11.6;    8.1;    7.6;eor
       4887;20180517;   10;   8.5;   3.9;    3;   0.2;   6;    0.000;-999;   7.6;  12.0;  931.86;    9.7;   99.92;   10.7;    8.7;    8.0;eor
       4887;20180518;   10;   5.7;   2.8;    3;   0.0;   0;   12.850;-999;   2.7;  10.7;  933.79;   11.6;   79.88;   17.2;    7.5;    6.5;eor
       4887;20180519;   10;  10.1;   2.8;    3;   8.8;   6;    7.667;-999;   4.2;  11.1;  933.85;   11.6;   81.83;   17.2;    7.1;    5.7;eor
       4887;20180520;   10;  13.2;   4.3;    3;   0.2;   6;    0.000;-999;   6.7;  11.9;  933.40;   12.1;   85.75;   15.8;    9.2;    9.1;eor
       4887;20180521;   10;  12.5;   4.4;    3;   0.0;   0;   11.200;-999;   3.5;  11.5;  929.35;   15.5;   65.54;   21.2;    9.9;    7.7;eor
       4887;20180522;   10;   8.5;   3.0;    3;   3.8;   6;    9.017;-999;   4.4;  12.7;  928.27;   16.2;   70.29;   21.9;   12.0;    8.2;eor
       4887;20180523;   10;   9.2;   2.8;    3;   1.0;   6;    5.783;-999;   5.9;  14.6;  932.19;   15.1;   85.25;   19.4;   11.8;   11.2;eor
       4887;20180524;   10;   6.7;   2.2;    3;   2.9;   6;    3.017;-999;   5.5;  14.5;  933.21;   14.8;   86.46;   19.7;   11.4;    9.0;eor
       4887;20180525;   10;   6.8;   2.4;    3;   0.0;   0;   10.683;-999;   1.2;  14.1;  933.86;   17.0;   72.96;   22.5;   11.2;    6.1;eor
       4887;20180526;   10;   7.9;   3.1;    3;   0.0;   0;   10.933;-999;   1.1;  14.2;  935.65;   18.1;   70.75;   23.7;   12.6;   11.8;eor
       4887;20180527;   10;   5.9;   2.3;    3;   0.0;   0;    9.350;-999;   2.5;  15.1;  934.34;   20.1;   64.83;   25.2;   15.7;   14.6;eor
       4887;20180528;   10;   8.6;   3.3;    3;   0.0;   0;   13.850;-999;   0.9;  14.8;  932.38;   20.7;   61.58;   25.5;   15.7;   12.3;eor
       4887;20180529;   10;   6.8;   3.0;    3;   0.3;   6;    6.933;-999;   2.5;  16.4;  930.33;   17.7;   81.00;   21.0;   14.4;   10.0;eor
       4887;20180530;   10;  10.1;   2.6;    3;   3.6;   6;   11.267;-999;   2.5;  15.4;  931.20;   19.5;   70.08;   24.4;   13.9;    8.9;eor
       4887;20180531;   10;  16.5;   2.8;    3;   0.5;   6;    9.450;-999;   3.7;  16.9;  930.68;   19.3;   76.42;   25.1;   13.5;   12.4;eor
       4887;20180601;   10;  10.7;   4.4;    3;   8.2;   6;    9.650;-999;   4.3;  14.7;  933.96;   16.3;   81.25;   21.8;   12.2;   11.6;eor
       4887;20180602;   10;   6.4;   2.7;    3;   0.0;   0;    8.817;-999;   4.0;  14.9;  934.66;   16.6;   80.17;   21.3;   12.5;   11.3;eor
       4887;20180603;   10;   6.4;   2.1;    3;   0.0;   0;   10.650;-999;   1.1;  14.5;  932.83;   19.3;   65.88;   23.6;   14.4;    8.7;eor
       4887;20180604;   10;   8.3;   3.4;    3;   0.0;   0;   12.933;-999;   1.2;  14.0;  927.52;   20.2;   60.21;   25.4;   15.1;   13.5;eor
       4887;20180605;   10;   8.2;   3.2;    3;   0.0;   6;    9.417;-999;   1.8;  13.8;  926.84;   20.1;   59.33;   25.8;   15.3;   14.0;eor
       4887;20180606;   10;   9.7;   3.8;    3;   0.3;   6;   12.817;-999;   2.3;  14.5;  928.47;   20.2;   62.79;   26.0;   14.8;   13.6;eor
       4887;20180607;   10;  14.1;   2.6;    3;  15.7;   8;    4.200;-999;   6.8;  16.4;  930.85;   17.5;   82.38;   23.2;   13.2;   11.6;eor
       4887;20180608;   10;   7.8;   2.5;    3;   0.3;   6;    4.067;-999;   4.8;  17.1;  928.77;   17.1;   87.46;   23.8;   12.5;   11.2;eor
       4887;20180609;   10;   9.1;   3.3;    3;   0.0;   6;    5.767;-999;   5.0;  18.1;  928.55;   17.9;   88.58;   24.0;   14.2;   13.3;eor
       4887;20180610;   10;  11.9;   2.3;    3;   0.2;   6;    6.833;-999;   4.2;  17.7;  928.66;   18.7;   83.00;   24.5;   14.9;   12.6;eor
       4887;20180611;   10;  15.6;   2.9;    3;  24.9;   6;    4.783;-999;   4.5;  17.8;  926.32;   19.3;   80.08;   24.5;   13.9;   12.6;eor
       4887;20180612;   10;   9.1;   2.8;    3;   9.7;   6;    0.617;-999;   7.3;  16.6;  925.37;   15.5;   94.08;   19.7;   12.3;   12.4;eor
       4887;20180613;   10;  11.9;   4.6;    3;   0.0;   6;    0.000;-999;   7.9;  11.5;  928.45;   10.7;   89.46;   12.4;    9.5;    9.3;eor
       4887;20180614;   10;   6.0;   1.4;    3;   0.0;   0;    3.783;-999;   5.3;  10.3;  931.77;   12.5;   72.21;   17.4;    9.3;    5.8;eor
       4887;20180615;   10;   6.0;   1.8;    3;   0.0;   0;   10.067;-999;   3.0;  11.3;  932.44;   15.1;   66.08;   19.6;   10.4;    5.4;eor
       4887;20180616;   10;   7.4;   1.9;    3;   0.0;   0;   11.367;-999;   2.3;  11.9;  931.85;   17.7;   59.71;   22.5;   11.9;   10.1;eor
       4887;20180617;   10;  10.1;   4.2;    3;   0.0;   6;    5.600;-999;   6.3;  13.6;  933.97;   16.0;   75.04;   20.3;   13.3;   10.4;eor
       4887;20180618;   10;   8.4;   3.4;    3;   0.0;   0;    8.400;-999;   4.3;  12.8;  937.74;   15.5;   73.42;   20.5;   12.1;    9.1;eor
       4887;20180619;   10;   7.7;   2.9;    3;   0.0;   0;   10.250;-999;   3.4;  14.8;  939.65;   17.4;   74.96;   22.5;   12.1;    9.1;eor
       4887;20180620;   10;   6.0;   2.2;    3;   0.0;   0;   13.683;-999;   1.4;  15.8;  936.92;   21.0;   65.21;   26.5;   14.9;   13.6;eor
       4887;20180621;   10;  13.8;   5.5;    3;   0.0;   0;    9.017;-999;   3.5;  14.2;  933.09;   18.6;   64.21;   23.8;    8.4;    7.1;eor
       4887;20180622;   10;  13.7;   5.3;    3;   0.0;   0;    8.683;-999;   3.1;   8.0;  938.29;    9.4;   68.21;   13.8;    4.9;    2.5;eor
       4887;20180623;   10;  10.3;   3.6;    3;   0.0;   0;    8.617;-999;   4.2;   9.1;  938.80;   10.8;   71.29;   16.3;    5.5;    3.3;eor
       4887;20180624;   10;   7.2;   2.2;    3;   0.0;   6;    4.133;-999;   7.0;  10.3;  935.90;   12.5;   71.71;   16.4;    8.2;    4.3;eor
       4887;20180625;   10;   7.7;   3.0;    3;   0.0;   6;    5.750;-999;   5.2;  11.0;  936.90;   13.5;   71.58;   18.7;    9.9;    7.7;eor
       4887;20180626;   10;   7.8;   2.2;    3;   0.0;   6;    0.883;-999;   6.2;  12.6;  937.87;   14.3;   77.25;   17.7;   10.9;    8.0;eor
       4887;20180627;   10;  10.6;   4.1;    3;   0.0;   6;    9.400;-999;   2.3;  11.2;  936.68;   16.0;   63.46;   22.3;   11.3;    9.1;eor
       4887;20180628;   10;   9.2;   3.6;    3;   7.1;   6;    2.067;-999;   5.3;  13.3;  934.53;   13.9;   83.25;   17.0;   11.0;    9.8;eor
       4887;20180629;   10;   9.2;   2.5;    3;   0.0;   6;    6.167;-999;   5.1;  15.8;  931.81;   17.9;   78.17;   23.5;   13.1;   11.7;eor
       4887;20180630;   10;  10.8;   2.8;    3;   0.0;   0;   11.233;-999;   1.0;  13.3;  930.28;   20.6;   54.96;   26.4;   14.0;   10.5;eor
       4887;20180701;   10;  11.8;   5.5;    3;   0.0;   0;   14.633;-999;   0.0;   9.1;  931.38;   16.3;   49.67;   22.2;   10.8;   10.0;eor
       4887;20180702;   10;  11.2;   4.1;    3;   0.0;   0;   14.567;-999;   0.4;   9.0;  930.90;   17.0;   48.25;   24.2;    9.4;    8.4;eor
       4887;20180703;   10;  10.9;   3.0;    3;   0.0;   6;   13.117;-999;   1.0;  11.3;  932.25;   20.1;   48.79;   25.2;   13.8;   12.6;eor
       4887;20180704;   10;  13.6;   2.8;    3;   0.0;   6;    9.383;-999;   3.8;  14.7;  932.13;   20.7;   61.17;   26.2;   16.8;   12.6;eor
       4887;20180705;   10;  10.4;   3.5;    3;  18.4;   6;    1.683;-999;   5.3;  16.2;  930.94;   16.6;   86.25;   19.8;   14.0;   11.0;eor
       4887;20180706;   10;  10.2;   4.2;    3;   2.3;   6;    3.350;-999;   6.1;  16.3;  934.08;   16.2;   89.04;   21.1;   14.0;   12.2;eor
       4887;20180707;   10;   9.2;   2.8;    3;   0.0;   0;   10.200;-999;   1.8;  13.5;  937.53;   17.6;   68.67;   22.9;   12.6;   10.1;eor
       4887;20180708;   10;   8.4;   3.1;    3;   0.0;   0;   12.483;-999;   1.8;  12.3;  936.83;   18.4;   59.46;   23.4;   14.2;   11.0;eor
       4887;20180709;   10;   8.3;   2.8;    3;   0.0;   0;   13.400;-999;   1.5;  11.1;  935.18;   19.0;   50.08;   24.5;   14.1;    8.7;eor
       4887;20180710;   10;  10.7;   3.8;    3;   6.0;   8;    4.767;-999;   5.9;  11.8;  931.63;   14.4;   71.67;   18.5;   10.8;    6.9;eor
       4887;20180711;   10;  10.1;   4.0;    3;   0.3;   6;    4.017;-999;   5.9;  11.1;  931.40;   12.5;   77.42;   16.6;    9.7;    7.0;eor
       4887;20180712;   10;   7.9;   3.1;    3;   0.0;   0;    7.467;-999;   4.3;  12.2;  933.16;   15.4;   70.33;   20.7;   11.6;    8.7;eor
       4887;20180713;   10;   6.9;   1.9;    3;   0.0;   0;   13.183;-999;   1.3;  12.5;  935.13;   19.5;   56.54;   24.8;   13.5;    6.7;eor
       4887;20180714;   10;  11.3;   2.4;    3;   0.0;   0;    8.650;-999;   2.7;  13.3;  934.27;   20.4;   56.04;   25.5;   15.9;   12.7;eor
       4887;20180715;   10;   8.8;   2.3;    3;  18.6;   8;    7.500;-999;   3.3;  14.3;  932.22;   18.7;   67.08;   24.4;   13.1;   11.4;eor
       4887;20180716;   10;   5.4;   1.7;    3;   0.9;   6;    5.367;-999;   5.1;  14.6;  930.14;   17.1;   75.33;   20.9;   13.2;   10.2;eor
       4887;20180717;   10;  19.2;   3.5;    3;  10.7;   8;   11.900;-999;   1.3;  13.7;  931.73;   19.1;   63.38;   25.4;   14.1;    9.2;eor
       4887;20180718;   10;   8.0;   3.5;    3;   0.0;   0;   14.033;-999;   1.0;  13.5;  933.42;   19.2;   61.25;   24.9;   14.2;   11.2;eor
       4887;20180719;   10;   7.0;   2.7;    3;   0.0;   0;   13.617;-999;   1.1;  11.7;  932.99;   20.4;   49.21;   25.3;   15.6;   11.8;eor
       4887;20180720;   10;  13.2;   2.9;    3;   6.9;   6;    8.350;-999;   3.8;  12.9;  930.10;   20.5;   54.50;   26.7;   15.8;   13.9;eor
       4887;20180721;   10;   7.6;   3.4;    3;  19.0;   6;    0.000;-999;   7.4;  16.9;  928.85;   15.6;   95.33;   16.9;   14.6;   14.1;eor
       4887;20180722;   10;   8.9;   3.7;    3;   0.4;   6;    1.083;-999;   7.4;  17.4;  930.48;   16.2;   94.83;   20.2;   14.7;   14.8;eor
       4887;20180723;   10;   9.1;   2.0;    3;   0.0;   6;    5.900;-999;   5.3;  16.6;  933.40;   18.5;   79.71;   24.1;   14.4;   12.1;eor
       4887;20180724;   10;   8.9;   2.6;    3;   0.0;   0;   13.467;-999;   0.2;  14.7;  931.83;   21.8;   57.04;   26.6;   17.0;   11.1;eor
       4887;20180725;   10;   8.3;   2.5;    3;   0.0;   0;   11.017;-999;   1.3;  15.1;  931.85;   23.8;   51.33;   28.4;   20.0;   13.3;eor
       4887;20180726;   10;  11.2;   3.2;    3;   0.0;   0;   13.333;-999;   0.5;  14.1;  932.04;   23.3;   50.13;   27.3;   18.8;   15.0;eor
       4887;20180727;   10;   8.0;   2.7;    3;   0.0;   0;   11.300;-999;  -999;  14.8;  929.99;   23.0;   52.19;   27.6;   18.6;   13.6;eor
       4887;20180728;   10;  15.3;   4.3;    3;   0.9;   6;    5.550;-999;   4.2;  15.9;  928.56;   21.8;   61.58;   27.9;   17.3;   14.2;eor
       4887;20180729;   10;   7.7;   2.0;    3;   0.0;   0;   10.750;-999;   2.7;  15.4;  931.99;   22.3;   59.50;   27.9;   16.9;   13.2;eor
       4887;20180730;   10;   7.5;   2.2;    3;   0.0;   6;   11.433;-999;   0.8;  14.7;  933.10;   24.8;   48.25;   30.3;   19.1;   13.4;eor
       4887;20180731;   10;   7.9;   2.8;    3;   0.0;   0;   13.150;-999;   2.0;  14.0;  933.73;   27.4;   39.63;   32.7;   22.6;   19.6;eor
       4887;20180801;   10;  11.8;   4.6;    3;   2.3;   6;    9.700;-999;   3.9;  16.8;  935.52;   24.1;   57.58;   30.7;   16.0;   15.5;eor
       4887;20180802;   10;  10.5;   3.9;    3;   1.5;   6;    9.683;-999;   4.7;  18.7;  937.65;   20.5;   78.58;   27.8;   15.4;   15.4;eor
       4887;20180803;   10;   8.6;   2.8;    3;   0.0;   0;   11.950;-999;   0.5;  18.3;  936.44;   24.9;   59.21;   30.3;   19.4;   17.8;eor
       4887;20180804;   10;   9.4;   2.9;    3;   0.0;   6;   12.333;-999;   0.5;  16.3;  934.45;   26.7;   47.79;   32.4;   22.8;   16.6;eor
       4887;20180805;   10;   8.2;   3.2;    3;   0.0;   0;   10.133;-999;   1.2;  15.6;  935.11;   23.4;   55.46;   29.0;   18.5;   16.3;eor
       4887;20180806;   10;   9.3;   3.4;    3;   2.1;   6;   13.067;-999;   1.8;  14.4;  933.37;   23.2;   52.38;   29.8;   16.9;   15.8;eor
       4887;20180807;   10;   9.1;   3.1;    3;   0.0;   6;    1.967;-999;   3.2;  16.3;  930.57;   21.5;   63.46;   24.3;   18.7;   15.9;eor
       4887;20180808;   10;  12.1;   2.8;    3;   3.3;   6;    3.817;-999;   3.8;  17.6;  931.21;   21.5;   68.83;   27.6;   17.9;   14.6;eor
       4887;20180809;   10;  18.7;   5.1;    3;   0.5;   6;   10.267;-999;   3.4;  16.5;  931.27;   22.0;   64.33;   31.5;   16.8;   15.8;eor
       4887;20180810;   10;  11.1;   3.7;    3;   0.0;   6;    5.883;-999;   5.2;  11.9;  938.54;   16.2;   66.38;   21.5;   12.2;   11.4;eor
       4887;20180811;   10;  10.4;   4.0;    3;   0.0;   0;    8.767;-999;   3.2;  10.3;  938.33;   16.5;   56.21;   22.2;   12.6;    7.3;eor
       4887;20180812;   10;   7.6;   2.7;    3;   0.0;   0;   13.650;-999;   0.0;   9.6;  932.73;   20.3;   41.88;   27.4;   12.5;    7.1;eor
       4887;20180813;   10;  15.1;   4.0;    3;  10.2;   6;    4.000;-999;   4.7;  14.5;  927.89;   19.2;   67.04;   25.1;   14.7;   13.1;eor
       4887;20180814;   10;  10.0;   4.4;    3;   0.0;   6;    4.850;-999;   5.0;  14.3;  931.78;   16.4;   78.33;   21.6;   12.7;   11.3;eor
       4887;20180815;   10;   7.8;   3.0;    3;   0.0;   0;   10.400;-999;   2.1;  13.7;  935.89;   17.7;   69.25;   23.4;   12.7;   10.9;eor
       4887;20180816;   10;   8.1;   2.6;    3;   0.0;   0;   12.750;-999;   0.0;  12.9;  933.13;   21.0;   53.50;   27.0;   15.4;   13.8;eor
       4887;20180817;   10;  11.5;   3.5;    3;   0.0;   6;   10.283;-999;   2.7;  13.8;  932.16;   22.0;   53.67;   28.5;   15.9;   15.6;eor
       4887;20180818;   10;   7.5;   4.1;    3;   0.4;   6;    6.583;-999;   4.5;  16.2;  936.83;   18.6;   77.38;   24.3;   14.5;   14.4;eor
       4887;20180819;   10;   8.2;   2.9;    3;   0.0;   0;   12.317;-999;   1.0;  14.0;  936.92;   21.1;   57.04;   27.3;   16.0;   11.7;eor
       4887;20180820;   10;   8.8;   4.1;    3;   0.0;   0;   12.683;-999;   0.8;  14.4;  935.74;   20.9;   59.29;   26.4;   15.8;   14.5;eor
       4887;20180821;   10;   6.8;   2.7;    3;   0.0;   0;   10.783;-999;   3.2;  14.4;  935.51;   21.9;   56.54;   28.0;   16.8;   15.5;eor
       4887;20180822;   10;  10.6;   2.6;    3;   1.1;   6;    7.533;-999;   2.8;  14.2;  933.67;   23.0;   51.58;   29.5;   17.7;   16.5;eor
       4887;20180823;   10;   8.6;   2.8;    3;   3.6;   6;    3.350;-999;   5.8;  15.6;  930.94;   20.2;   66.25;   26.2;   16.7;   15.1;eor
       4887;20180824;   10;  17.7;   5.0;    3;  11.1;   8;    2.267;-999;   6.2;  15.3;  929.31;   14.6;   91.04;   21.2;   10.2;    8.1;eor
       4887;20180825;   10;  11.6;   4.9;    3;   0.2;   6;    0.333;-999;   5.4;  10.9;  929.38;   10.5;   85.96;   13.0;    7.5;    6.1;eor
       4887;20180826;   10;   6.1;   2.6;    3;   0.0;   0;    9.800;-999;   2.4;   8.5;  932.29;   11.2;   67.71;   16.9;    6.0;    4.4;eor
       4887;20180827;   10;  12.9;   3.7;    3;   0.0;   6;    3.817;-999;   6.2;  10.8;  931.95;   16.1;   58.46;   21.6;   10.5;    8.5;eor
       4887;20180828;   10;   7.2;   2.5;    3;   0.0;   0;   11.717;-999;   2.0;  13.7;  934.63;   17.7;   69.58;   22.9;   12.6;    9.6;eor
       4887;20180829;   10;  12.2;   3.6;    3;   2.7;   6;    8.017;-999;   3.0;  15.0;  931.01;   20.1;   64.63;   27.4;   15.5;   13.1;eor
       4887;20180830;   10;  13.4;   5.0;    3;   0.0;   6;    3.517;-999;   5.9;  13.7;  934.75;   14.8;   82.08;   19.0;   12.4;    8.7;eor
       4887;20180831;   10;   5.2;   2.3;    3;   3.4;   6;    0.000;-999;   7.3;  12.8;  934.98;   12.2;   90.04;   14.2;   10.6;    9.3;eor
       4887;20180901;   10;   8.5;   2.8;    3;   4.3;   6;    0.033;-999;   7.7;  11.4;  937.35;   12.5;   79.54;   15.9;   10.3;   10.0;eor
       4887;20180902;   10;   5.6;   2.4;    3;   1.5;   6;    0.000;-999;   7.6;  13.6;  935.52;   11.6;   98.71;   12.8;    9.9;    9.7;eor
       4887;20180903;   10;   6.3;   2.3;    3;   0.3;   6;    1.167;-999;   6.9;  15.1;  931.93;   13.6;   97.08;   16.6;   12.0;    9.9;eor
       4887;20180904;   10;   6.2;   2.6;    3;   0.0;   6;    1.933;-999;   5.0;  15.3;  932.07;   14.7;   91.79;   19.6;   12.0;   10.9;eor
       4887;20180905;   10;   8.0;   2.2;    3;   0.0;   0;    8.300;-999;   0.3;  15.8;  932.47;   17.9;   78.25;   22.3;   14.1;   10.4;eor
       4887;20180906;   10;   9.6;   2.8;    3;   2.9;   6;    6.733;-999;   3.1;  15.8;  928.65;   17.3;   81.54;   22.5;   13.6;   13.6;eor
       4887;20180907;   10;  12.5;   4.9;    3;   7.2;   6;    3.083;-999;   5.0;  14.6;  930.93;   13.9;   91.29;   17.4;   10.3;    8.2;eor
       4887;20180908;   10;   5.8;   2.6;    3;   0.0;   0;   10.533;-999;   1.5;  11.9;  936.02;   14.0;   75.71;   19.2;    9.5;    7.0;eor
       4887;20180909;   10;   6.1;   2.1;    3;   0.0;   0;   11.450;-999;   1.2;  11.3;  937.36;   16.8;   61.13;   21.8;   11.3;    7.4;eor
       4887;20180910;   10;   8.8;   2.5;    3;   0.0;   0;   11.217;-999;   2.0;  -999;  938.93;   18.5;-999;   24.0;   15.7;    9.4;eor
       4887;20180911;   10;   9.5;   3.5;    3;   0.0;   0;   11.867;-999;   0.2;  12.3;  940.26;   19.0;   56.25;   24.5;   13.8;   10.6;eor
       4887;20180912;   10;  12.9;   3.0;    3;   1.0;   6;   11.717;-999;   0.8;  12.4;  937.43;   21.6;   48.79;   26.4;   16.6;   12.1;eor
       4887;20180913;   10;  11.3;   3.1;    3;   3.4;   6;    2.950;-999;   5.9;  15.4;  934.28;   17.1;   79.71;   21.1;   12.5;   11.8;eor
       4887;20180914;   10;   5.0;   1.8;    3;   0.0;   6;    2.450;-999;   7.5;  14.7;  935.30;   14.7;   88.54;   19.2;   12.2;   10.0;eor
       4887;20180915;   10;   8.8;   3.4;    3;   0.0;   0;    9.683;-999;   2.6;  11.6;  938.59;   14.0;   73.96;   18.2;   10.6;    8.4;eor
       4887;20180916;   10;   8.3;   3.2;    3;   0.0;   0;    9.900;-999;   0.9;  11.2;  937.82;   15.6;   63.21;   22.0;    9.3;    7.7;eor
       4887;20180917;   10;   6.6;   2.4;    3;   0.0;   0;   11.700;-999;   0.3;  11.3;  935.92;   19.1;   53.00;   24.0;   14.3;    7.8;eor
       4887;20180918;   10;  10.0;   2.8;    3;   0.2;   6;   10.250;-999;   2.6;  13.3;  933.81;   20.8;   55.46;   26.5;   16.4;   10.2;eor
       4887;20180919;   10;   7.4;   2.2;    3;   0.0;   0;   10.333;-999;   0.6;  13.1;  936.51;   20.3;   55.67;   25.5;   14.9;   10.6;eor
       4887;20180920;   10;   6.5;   2.2;    3;   0.0;   0;    9.483;-999;   0.7;  14.3;  935.13;   21.4;   56.58;   26.0;   18.1;   11.4;eor
       4887;20180921;   10;  19.0;   7.0;    3;   3.3;   6;    5.117;-999;   3.9;  13.2;  930.39;   17.4;   68.04;   25.8;    9.2;    8.7;eor
       4887;20180922;   10;  10.7;   4.5;    3;   6.1;   6;    6.383;-999;   5.3;   8.7;  936.57;   10.8;   68.88;   15.3;    7.2;    6.2;eor
       4887;20180923;   10;  30.1;   9.2;    3;  29.7;   8;    0.767;-999;   7.5;  13.8;  929.68;   13.3;   89.96;   21.5;    6.1;    5.9;eor
       4887;20180924;   10;  11.6;   5.1;    3;   0.0;   0;    6.367;-999;   4.7;   7.8;  944.31;    6.9;   79.33;   10.8;    4.3;    1.8;eor
       4887;20180925;   10;  10.3;   3.8;    3;   0.0;   4;   11.200;-999;   0.0;   6.5;  949.39;    6.2;   70.25;   11.7;    2.1;   -2.3;eor
       4887;20180926;   10;  10.4;   3.2;    3;   0.0;   4;   10.083;-999;   0.4;   7.1;  947.15;    9.9;   58.29;   17.3;    3.0;    2.0;eor
       4887;20180927;   10;   5.2;   1.9;    3;   0.0;   0;   11.167;-999;   0.0;   9.3;  942.67;   15.9;   52.21;   21.5;   10.8;    2.4;eor
       4887;20180928;   10;  10.4;   4.1;    3;   0.4;   6;   10.400;-999;   2.3;   9.9;  937.00;   13.6;   64.67;   18.1;    7.5;    6.7;eor
       4887;20180929;   10;  12.3;   6.2;    3;   0.0;   0;   10.900;-999;   1.2;   7.0;  938.31;    8.5;   64.08;   13.6;    4.0;    2.9;eor
       4887;20180930;   10;  10.8;   3.3;    3;   0.2;   6;   10.667;-999;   0.9;   8.5;  931.54;   10.3;   66.21;   16.9;    2.8;    1.7;eor
       4887;20181001;   10;  11.0;   4.7;    3;   2.1;   6;    1.400;-999;   7.3;   8.7;  930.73;    7.3;   85.46;   10.8;    4.1;    3.8;eor
       4887;20181002;   10;  14.1;   5.9;    3;   0.7;   6;    0.600;-999;   7.7;   7.4;  936.15;    5.5;   81.83;    8.4;    2.6;    2.7;eor
       4887;20181003;   10;  10.7;   4.9;    3;   0.6;   6;    0.750;-999;   6.5;  10.3;  939.15;    8.6;   92.46;   11.1;    6.4;    3.2;eor
       4887;20181004;   10;   7.1;   2.7;    3;   0.0;   0;   10.717;-999;   0.3;   8.5;  940.55;   10.5;   67.63;   15.6;    6.2;    0.7;eor
       4887;20181005;   10;   8.6;   3.0;    3;   0.0;   0;   10.667;-999;   0.1;  11.0;  935.18;   12.7;   74.21;   19.0;    5.8;    4.9;eor
       4887;20181006;   10;   5.3;   2.1;    3;   0.0;   6;    3.900;   0;   5.9;  12.9;  928.88;   16.3;   69.33;   19.9;   13.3;    7.0;eor
       4887;20181007;   10;   6.5;   3.0;    3;   0.0;   0;    7.950;   0;   2.9;  12.6;  930.27;   14.9;   74.79;   18.9;   10.8;    8.3;eor
       4887;20181008;   10;   7.6;   3.7;    3;   0.0;   4;    5.133;   0;   3.3;  13.1;  935.28;   11.8;   94.67;   15.1;    9.7;    9.1;eor
       4887;20181009;   10;   9.4;   3.5;    3;   0.0;   4;    5.167;   0;   4.3;  13.2;  936.55;   12.4;   92.08;   18.0;    9.5;    9.6;eor
       4887;20181010;   10;  11.1;   5.1;    3;   0.0;   0;    3.583;   0;   4.1;  12.7;  932.88;   11.4;   94.54;   14.3;    9.4;    8.6;eor
       4887;20181011;   10;   7.9;   2.9;    3;   0.0;   6;    7.967;   0;   2.4;  11.7;  931.20;   14.6;   72.63;   21.1;    8.7;    7.6;eor
       4887;20181012;   10;   7.5;   3.1;    3;   0.0;   0;   10.150;   0;   0.5;  12.3;  938.21;   17.6;   61.25;   22.0;   13.3;    7.2;eor
       4887;20181013;   10;   8.7;   4.0;    3;   0.0;   0;   10.217;   0;   0.0;  11.9;  936.42;   16.0;   65.63;   20.7;   12.7;   11.0;eor
       4887;20181014;   10;  10.4;   3.0;    3;   0.0;   0;   10.133;   0;   0.0;  10.3;  929.88;   16.0;   58.00;   21.0;   10.9;    7.6;eor
       4887;20181015;   10;  10.2;   2.9;    3;   0.0;   0;   10.050;   0;   0.0;   8.0;  930.14;   16.5;   42.67;   21.7;   13.2;    7.1;eor
       4887;20181016;   10;   5.3;   2.1;    3;   0.0;   0;    9.983;   0;   0.1;   8.9;  933.80;   16.7;   47.42;   21.0;   13.2;    4.4;eor
       4887;20181017;   10;   5.1;   2.1;    3;   0.0;   0;    9.467;-999;   0.2;   9.8;  933.96;   15.2;   57.13;   19.4;   11.7;    4.6;eor
       4887;20181018;   10;   8.5;   3.2;    3;   0.0;   0;    8.700;-999;   0.4;  10.8;  934.59;   13.6;   70.38;   18.9;    9.0;    7.3;eor
       4887;20181019;   10;   7.3;   3.3;    3;   0.0;   0;    6.400;   0;   1.0;  10.9;  936.69;   10.6;   86.13;   15.7;    7.0;    5.2;eor
       4887;20181020;   10;   5.4;   2.0;    3;   0.0;   0;    4.650;   0;   2.8;  10.4;  941.31;   10.8;   80.17;   14.7;    6.7;    0.4;eor
       4887;20181021;   10;   9.2;   3.6;    3;   0.0;   0;    7.367;   0;   2.0;   7.1;  940.75;    7.6;   68.92;   12.2;    3.6;   -1.2;eor
       4887;20181022;   10;   8.3;   3.7;    3;   0.1;   6;    8.317;   0;   3.1;   7.3;  941.23;    7.5;   71.13;   13.1;    2.6;   -0.3;eor
       4887;20181023;   10;  15.4;   6.6;    3;   0.0;   6;    0.350;   0;   7.2;   8.1;  939.77;    7.6;   79.38;    9.9;    4.8;    3.1;eor
       4887;20181024;   10;  16.6;   8.3;    3;   8.5;   6;    0.000;   0;   7.9;  10.0;  936.73;    8.5;   89.42;    9.9;    7.4;    6.3;eor
       4887;20181025;   10;  12.6;   5.6;    3;   0.3;   6;    0.083;   0;   7.8;  10.8;  933.82;    8.5;   96.50;    9.5;    7.1;    6.4;eor
       4887;20181026;   10;  10.2;   3.8;    3;   7.3;   6;    6.767;   0;   4.9;   8.8;  925.31;    7.3;   86.08;   11.7;    4.2;    1.1;eor
       4887;20181027;   10;  11.5;   3.9;    3;  16.1;   8;    0.000;   0;   7.0;   7.5;  922.12;    3.0;   97.79;    5.4;    0.0;    0.0;eor
       4887;20181028;   10;  16.7;   5.3;    3;   7.4;   8;    0.000;   7;   7.6;   6.1;  919.76;   -0.1;   99.83;    0.3;   -0.5;    0.0;eor
       4887;20181029;   10;  12.9;   5.3;    3;   0.8;   6;    0.000;   6;   7.9;   7.5;  911.47;    2.6;  100.00;    8.4;   -0.1;    0.0;eor
       4887;20181030;   10;  17.0;   6.6;    3;   1.2;   8;    0.000;   0;   4.8;   7.1;  913.59;    3.7;   88.42;    8.6;    1.0;   -2.5;eor
       4887;20181031;   10;  12.0;   5.4;    3;   0.0;   0;    3.333;   0;   3.6;   6.7;  928.89;    4.7;   78.58;    7.9;   -0.6;   -2.7;eor
       4887;20181101;   10;  13.2;   4.0;    3;   0.0;   6;    4.967;   0;   3.7;   7.7;  927.42;    7.0;   77.25;   11.6;    4.7;    0.9;eor
       4887;20181102;   10;   6.3;   2.4;    3;   0.0;   6;    2.083;   0;   6.1;   8.2;  935.99;    7.5;   78.88;   10.9;    5.0;    1.1;eor
       4887;20181103;   10;   8.4;   3.4;    3;   0.0;   6;    0.000;   0;   7.9;   9.0;  938.36;    7.0;   89.08;    8.9;    5.1;    4.9;eor
       4887;20181104;   10;  11.8;   4.3;    3;   0.0;   6;    0.000;   0;   8.0;   9.9;  930.28;    6.9;   99.17;    7.3;    6.4;    6.5;eor
       4887;20181105;   10;  10.3;   4.2;    3;   0.0;   0;    2.983;   0;   4.5;  10.2;  924.56;    9.0;   89.67;   13.2;    6.6;    6.5;eor
       4887;20181106;   10;  12.5;   4.8;    3;   0.0;   0;    3.450;   0;   1.8;   9.5;  924.16;    9.6;   79.25;   12.9;    6.5;    2.8;eor
       4887;20181107;   10;   7.7;   2.5;    3;   0.3;   6;    7.500;   0;   3.5;   9.4;  927.49;    9.6;   78.83;   13.3;    7.3;    3.0;eor
       4887;20181108;   10;   8.2;   2.5;    3;   0.5;   6;    0.000;   0;   7.2;   9.4;  934.20;    7.9;   88.17;    9.6;    6.1;    5.1;eor
       4887;20181109;   10;   9.0;   3.0;    3;   0.0;   0;    3.883;   0;   6.3;   9.4;  930.11;    6.7;   96.04;    9.8;    4.9;    2.8;eor
       4887;20181110;   10;   8.4;   3.3;    3;   0.3;   6;    3.533;   0;   6.8;   9.1;  925.36;    6.0;   97.54;    9.9;    4.6;    4.6;eor
       4887;20181111;   10;  10.1;   3.2;    3;   1.5;   6;    0.017;   0;   6.2;  10.3;  928.82;    8.8;   90.79;   12.1;    5.1;    5.1;eor
       4887;20181112;   10;   9.2;   3.4;    3;   0.0;   6;    4.617;   0;   4.2;   9.2;  933.39;   12.5;   64.50;   17.1;    6.8;    5.7;eor
       4887;20181113;   10;  11.4;   4.6;    3;   0.5;   6;    0.017;   0;   5.3;   9.4;  940.60;    8.4;   85.58;   14.1;    5.0;   -1.1;eor
       4887;20181114;   10;   7.8;   3.5;    3;   0.0;   0;    6.517;   0;   3.5;   7.8;  942.36;    4.2;   94.83;    7.1;    2.0;   -3.0;eor
       4887;20181115;   10;  10.2;   3.8;    3;   0.0;   6;    0.000;   0;   8.0;   7.0;  939.53;    2.0;   99.58;    2.9;    1.1;    1.2;eor
       4887;20181116;   10;  13.1;   6.8;    3;   0.0;   0;    4.667;   0;   4.0;   6.2;  939.66;    1.1;   93.17;    2.4;   -0.6;   -0.9;eor
       4887;20181117;   10;  16.8;   8.8;    3;   0.0;   0;    8.150;   0;   0.8;   5.0;  938.30;    1.5;   73.96;    5.6;   -1.2;   -2.5;eor
       4887;20181118;   10;  13.6;   6.6;    3;   0.0;   8;    8.100;   0;   2.2;   4.5;  934.40;    0.2;   72.54;    3.4;   -2.6;   -3.8;eor
       4887;20181119;   10;  18.1;   7.5;    3;   0.0;   0;    2.650;   0;   7.4;   3.9;  924.19;   -1.7;   72.46;   -0.4;   -2.8;   -3.2;eor
       4887;20181120;   10;  16.0;   6.7;    3;   0.0;   0;    0.150;   0;   5.3;   4.9;  919.61;   -1.0;   86.79;    1.2;   -2.6;   -3.6;eor
       4887;20181121;   10;  11.8;   4.4;    3;   0.0;   6;    0.000;   0;   7.7;   5.0;  926.78;   -2.5;   97.71;   -1.8;   -3.3;   -3.1;eor
       4887;20181122;   10;   6.6;   2.5;    3;   0.0;   0;    2.300;   0;   7.5;   5.5;  931.83;   -1.3;   98.29;    0.0;   -2.2;   -2.3;eor
       4887;20181123;   10;  12.2;   5.0;    3;   0.5;   8;    0.883;   0;   5.7;   5.7;  930.52;   -0.8;   97.96;    1.3;   -3.4;   -3.6;eor
       4887;20181124;   10;   9.4;   3.2;    3;   0.0;   6;    1.650;   1;   5.5;   6.9;  926.85;    2.3;   95.42;    5.0;   -0.2;   -0.3;eor
       4887;20181125;   10;   9.2;   4.1;    3;   0.9;   8;    2.367;   0;   5.4;   6.7;  922.45;    2.0;   95.38;    4.1;    0.7;   -0.7;eor
       4887;20181126;   10;   7.0;   3.1;    3;   6.3;   8;    0.000;   1;   7.7;   6.3;  920.93;    0.5;   98.29;    1.6;   -0.6;   -0.6;eor
       4887;20181127;   10;   4.1;   1.5;    3;   0.3;   8;    0.000;   2;   7.9;   5.7;  930.58;   -0.5;   96.71;    0.0;   -0.9;   -0.8;eor
       4887;20181128;   10;   9.5;   3.5;    3;   0.0;   8;    2.083;   1;   7.4;   5.5;  936.18;   -1.0;   96.83;    0.6;   -2.2;   -2.1;eor
       4887;20181129;   10;   9.9;   4.7;    3;   0.0;   0;    1.317;   1;   7.2;   5.5;  932.58;   -1.3;   97.83;   -0.2;   -2.3;   -2.4;eor
       4887;20181130;   10;   8.2;   3.0;    3;   5.5;   6;    0.400;   1;   7.3;   7.1;  929.02;    3.5;   89.63;    5.8;   -0.7;   -2.0;eor
       4887;20181201;   10;   9.5;   3.7;    3;   1.2;   6;    3.983;   1;   6.6;   7.6;  930.40;    4.3;   91.21;    7.2;    3.0;    2.0;eor
       4887;20181202;   10;  14.1;   6.1;    3;  13.8;   6;    0.000;   0;   7.8;   8.9;  923.15;    6.3;   92.25;    8.9;    3.3;    3.0;eor
       4887;20181203;   10;  23.1;   7.8;    3;   8.5;   6;    0.050;   0;   7.7;  10.7;  922.12;    9.4;   90.67;   11.4;    7.4;    6.8;eor
       4887;20181204;   10;  19.6;   6.4;    3;   2.6;   6;    0.167;   0;   7.8;   7.8;  932.41;    4.7;   91.71;    8.0;    1.5;   -0.7;eor
       4887;20181205;   10;   8.3;   3.5;    3;   2.1;   6;    0.000;   0;   7.9;   7.1;  936.96;    2.2;   99.38;    3.3;    1.4;    1.1;eor
       4887;20181206;   10;   9.9;   4.2;    3;   1.4;   6;    0.000;   0;   7.3;   8.9;  933.78;    6.1;   94.21;    8.5;    2.8;    2.6;eor
       4887;20181207;   10;  24.9;   6.7;    3;   2.1;   6;    0.067;   0;   7.8;   9.1;  927.73;    7.6;   86.46;    9.5;    3.4;    3.0;eor
       4887;20181208;   10;  21.9;  11.3;    3;   5.1;   8;    0.217;   0;   7.4;   6.3;  925.20;    4.0;   77.46;    5.7;    1.9;    0.9;eor
       4887;20181209;   10;  24.7;  12.9;    3;  14.0;   8;    0.000;   0;   7.4;   7.4;  919.86;    3.8;   91.75;    6.7;    2.3;    1.9;eor
       4887;20181210;   10;  16.0;   7.8;    3;   3.6;   8;    0.167;   0;   7.4;   6.0;  932.52;    0.6;   94.29;    2.5;   -1.2;   -1.1;eor
       4887;20181211;   10;  12.2;   5.7;    3;   4.6;   8;    0.000;   1;   7.5;   5.5;  934.70;   -1.2;   98.21;   -0.8;   -1.8;   -1.8;eor
       4887;20181212;   10;   7.9;   2.8;    3;   0.0;   8;    0.017;   4;   7.3;   5.2;  933.97;   -1.7;   96.13;   -0.8;   -3.5;   -5.7;eor
       4887;20181213;   10;  11.3;   6.0;    3;   0.3;   8;    0.000;   2;   7.8;   4.2;  928.28;   -3.4;   87.96;   -2.5;   -3.8;   -4.1;eor
       4887;20181214;   10;   9.7;   4.2;    3;   0.0;   8;    0.000;   4;   8.0;   3.6;  930.95;   -4.8;   84.46;   -3.7;   -5.3;   -5.2;eor
       4887;20181215;   10;  10.6;   3.0;    3;   0.3;   7;    0.000;   4;   7.5;   3.5;  934.15;   -5.0;   83.71;   -4.2;   -6.4;   -7.1;eor
       4887;20181216;   10;  11.2;   4.2;    3;   1.1;   8;    0.000;   5;   7.4;   5.1;  926.70;   -2.2;   93.71;    1.9;   -6.6;   -6.9;eor
       4887;20181217;   10;  10.8;   3.4;    3;   2.0;   8;    1.000;   6;   7.2;   6.1;  934.53;    1.2;   92.08;    3.7;   -0.7;   -2.0;eor
       4887;20181218;   10;  12.2;   3.5;    3;   0.0;   0;    6.817;   3;   3.5;   5.8;  936.63;    0.0;   93.83;    2.1;   -2.2;   -4.7;eor
       4887;20181219;   10;   8.4;   3.4;    3;   6.8;   6;    0.000;   3;   7.2;   6.3;  929.95;    1.3;   92.58;    4.2;   -2.6;   -2.8;eor
       4887;20181220;   10;  11.2;   4.9;    3;   0.1;   6;    0.733;   0;   6.9;   6.5;  930.95;    2.3;   90.17;    3.8;    0.4;   -0.2;eor
       4887;20181221;   10;  22.2;   9.9;    3;   8.4;   6;    0.000;   0;   7.0;   7.7;  927.99;    5.5;   84.46;    9.6;    1.5;    0.6;eor
       4887;20181222;   10;  27.0;  11.1;    3;  15.8;   6;    0.000;   0;   7.3;   9.0;  930.76;    6.8;   90.42;    9.1;    4.6;    4.4;eor
       4887;20181223;   10;  26.8;   8.6;    3;  36.3;   8;    0.017;   0;   7.4;   8.8;  933.91;    6.0;   92.92;    9.6;    4.4;    4.0;eor
       4887;20181224;   10;  26.2;   7.5;    3;   0.8;   8;    0.033;   0;   7.3;   7.1;  937.79;    2.5;   96.21;    9.5;   -0.7;   -0.6;eor
       4887;20181225;   10;   6.3;   2.3;    3;   0.0;   0;    2.383;   0;   4.5;   5.0;  945.88;   -1.6;   91.54;   -0.2;   -2.7;   -5.9;eor
       4887;20181226;   10;   5.3;   2.2;    3;   0.0;   0;    7.217;   0;   0.0;   4.0;  943.29;   -1.5;   73.83;    2.6;   -7.0;   -9.0;eor
       4887;20181227;   10;   7.2;   2.7;    3;   0.0;   0;    0.867;   0;   4.5;   4.0;  939.20;    0.9;   60.96;    3.9;   -1.9;   -4.2;eor
       4887;20181228;   10;   8.0;   3.5;    3;   0.0;   0;    6.967;   0;   3.8;   4.5;  940.05;   -0.4;   77.04;    2.6;   -3.9;   -4.3;eor
       4887;20181229;   10;  14.1;   4.3;    3;   2.3;   8;    0.000;   0;   7.8;   5.2;  943.26;   -2.0;   98.21;   -0.1;   -3.9;   -3.7;eor
       4887;20181230;   10;  14.1;   7.2;    3;   4.4;   8;    0.000;   0;   7.8;   6.5;  943.60;    0.9;   99.21;    1.7;   -0.2;   -0.2;eor
       4887;20181231;   10;   9.3;   4.4;    3;   3.8;   6;    0.000;   0;   8.0;   7.4;  944.93;    2.6;   99.96;    3.5;    1.0;    0.9;eor
       4887;20190101;   10;  18.7;   7.5;    3;   7.3;   8;    0.000;   0;   7.5;   7.0;  940.85;    2.1;   98.21;    3.4;    0.8;    0.5;eor
       4887;20190102;   10;  17.8;   7.5;    3;   1.9;   8;    0.167;   0;   6.7;   4.6;  941.90;   -1.7;   84.04;    0.8;   -4.2;   -5.4;eor
       4887;20190103;   10;   8.7;   4.6;    3;   0.7;   8;    0.417;   2;   5.8;   3.7;  946.35;   -4.7;   86.08;   -3.2;   -6.7;   -8.4;eor
       4887;20190104;   10;  12.4;   5.7;    3;   2.8;   8;    0.000;   3;   7.4;   4.8;  945.30;   -2.8;   97.13;   -1.7;   -3.5;   -3.5;eor
       4887;20190105;   10;  17.1;   9.3;    3;  49.6;   8;    0.000;   5;   8.0;   5.5;  939.74;   -1.2;   98.75;   -0.1;   -2.0;   -2.0;eor
       4887;20190106;   10;  12.0;   7.5;    3;  18.6;   8;    0.000;  29;   8.0;   5.9;  941.39;   -0.3;   98.96;   -0.1;   -0.6;   -0.1;eor
       4887;20190107;   10;  10.9;   6.0;    3;   6.1;   8;    0.000;  28;   7.8;   5.8;  942.72;   -0.4;   98.67;   -0.1;   -1.5;   -2.3;eor
       4887;20190108;   10;  20.8;  11.0;    3;  11.1;   8;    0.067;  26;   7.6;   6.0;  929.37;    0.2;   97.08;    1.5;   -1.1;   -1.1;eor
       4887;20190109;   10;  17.8;   8.8;    3;   6.8;   8;    0.000;  37;   7.1;   5.0;  925.41;   -2.3;   95.92;   -0.1;   -3.4;   -2.0;eor
       4887;20190110;   10;  10.7;   5.0;    3;   0.5;   8;    0.000;  45;   7.5;   4.5;  933.02;   -3.5;   95.67;   -2.8;   -5.8;   -5.0;eor
       4887;20190111;   10;  10.2;   4.5;    3;   2.6;   8;    0.000;  45;   7.0;   4.2;  935.62;   -4.4;   95.21;   -2.1;   -5.7;   -4.8;eor
       4887;20190112;   10;  19.1;   8.7;    3;   8.7;   8;    0.000;  48;   7.8;   5.7;  932.85;   -0.8;   98.29;    0.0;   -2.4;   -1.0;eor
       4887;20190113;   10;  24.5;  10.9;    3;  13.7;   8;    0.000;  56;   7.7;   6.8;  922.10;    1.7;   98.50;    4.0;   -0.3;   -0.1;eor
       4887;20190114;   10;  17.2;   8.6;    3;   1.7;   8;    0.000;  36;   7.7;   6.0;  924.11;    0.4;   95.08;    2.2;   -2.1;   -2.3;eor
       4887;20190115;   10;  16.9;   8.4;    3;   0.0;   8;    1.000;  36;   7.8;   5.0;  933.06;   -0.2;   84.46;    1.5;   -2.1;   -2.4;eor
       4887;20190116;   10;  11.2;   4.2;    3;   0.0;   0;    5.333;  36;   4.5;   4.7;  926.91;    0.8;   72.79;    4.5;   -2.2;   -6.4;eor
       4887;20190117;   10;  20.1;   9.6;    3;   3.2;   8;    0.017;  34;   7.3;   5.7;  921.65;    1.8;   82.13;    4.1;   -2.8;   -3.2;eor
       4887;20190118;   10;  13.9;   4.6;    3;   0.0;   8;    0.917;  37;   6.0;   4.3;  929.86;   -3.5;   90.29;   -1.0;   -6.3;  -14.6;eor
       4887;20190119;   10;  10.7;   3.8;    3;   0.0;   7;    0.000;  36;   5.3;   3.3;  927.24;   -7.1;   92.04;   -5.9;   -9.3;  -12.3;eor
       4887;20190120;   10;   7.4;   2.8;    3;   0.0;   8;    0.633;  35;   5.3;   3.4;  926.58;   -6.8;   91.25;   -3.8;  -11.3;  -13.7;eor
       4887;20190121;   10;   7.5;   2.6;    3;   0.0;   0;    0.000;  34;   8.0;   3.8;  930.78;   -5.2;   90.92;   -2.8;   -6.9;  -10.4;eor
       4887;20190122;   10;   7.7;   2.2;    3;   0.0;   7;    0.000;  34;   7.7;   3.5;  922.22;   -6.7;   93.54;   -4.9;   -9.3;   -9.7;eor
       4887;20190123;   10;   6.7;   2.3;    3;   1.3;   7;    0.000;  34;   7.4;   3.4;  911.40;   -6.8;   92.67;   -5.8;   -7.5;   -7.9;eor
       4887;20190124;   10;   7.0;   2.5;    3;   0.9;   7;    0.000;  36;   7.2;   3.3;  920.00;   -7.2;   92.21;   -6.5;   -7.6;   -7.9;eor
       4887;20190125;   10;  10.4;   4.2;    3;   2.0;   8;    0.017;  39;   7.4;   3.4;  927.30;   -6.4;   88.83;   -3.5;  -10.5;  -10.2;eor
       4887;20190126;   10;  14.2;   6.4;    3;   1.0;   8;    0.000;  39;   7.3;   5.6;  923.80;   -0.1;   92.50;    2.5;   -4.1;   -3.5;eor
       4887;20190127;   10;  17.9;   7.3;    3;   3.0;   8;    0.850;  36;   7.4;   5.8;  909.18;    1.3;   86.25;    4.0;   -1.6;   -0.2;eor
       4887;20190128;   10;  19.2;  10.6;    3;   4.9;   8;    0.233;  36;   7.3;   4.9;  912.06;   -1.4;   89.00;   -0.4;   -2.4;   -0.1;eor
       4887;20190129;   10;  12.0;   4.7;    3;   0.0;   8;    0.200;  85;   5.3;   4.6;  918.44;   -2.9;   92.54;   -1.2;   -5.7;   -0.3;eor
       4887;20190130;   10;  17.9;   6.7;    3;   0.0;   8;    0.433;  80;   5.2;   3.8;  910.20;   -3.3;   79.67;    0.5;   -6.1;   -1.1;eor
       4887;20190131;   10;  10.3;   3.5;    3;   0.2;   8;    5.117;  79;   2.7;   3.6;  910.99;   -3.5;   76.92;    0.1;   -6.3;   -2.6;eor
       4887;20190201;   10;  12.5;   3.7;    3;   3.0;   8;    0.000;  76;   6.1;   4.8;  905.82;   -0.5;   82.21;    1.6;   -2.5;   -1.9;eor
       4887;20190202;   10;   7.0;   2.5;    3;   0.2;   8;    1.600;  72;   7.4;   6.3;  910.77;    1.5;   92.25;    4.8;   -0.8;   -0.1;eor
       4887;20190203;   10;  13.8;   6.5;    3;   5.3;   8;    0.000;  65;   7.5;   5.2;  926.68;   -1.7;   95.50;    0.6;   -3.6;   -0.1;eor
       4887;20190204;   10;   7.9;   2.8;    3;   0.0;   0;    7.717;  72;   4.0;   4.2;  939.71;   -3.1;   87.38;   -1.2;   -4.6;   -0.9;eor
       4887;20190205;   10;   6.3;   2.0;    3;   0.0;   0;    8.633;  69;   0.7;   3.9;  939.80;   -3.1;   82.00;    2.1;   -8.2;   -3.1;eor
       4887;20190206;   10;   7.4;   3.7;    3;   0.0;   0;    8.800;  68;   0.0;   3.5;  937.55;   -4.3;   80.08;    0.8;   -8.8;   -3.4;eor
       4887;20190207;   10;  10.6;   4.1;    3;   3.7;   6;    0.000;  68;   5.2;   4.8;  929.68;   -0.9;   82.33;    3.1;   -8.3;   -3.1;eor
       4887;20190208;   10;  10.4;   4.7;    3;   0.0;   6;    6.667;  64;   3.5;   5.4;  930.84;    1.7;   78.75;    4.4;   -1.0;   -0.1;eor
       4887;20190209;   10;  21.7;   8.8;    3;   0.1;   6;    0.917;  62;   5.9;   5.7;  926.91;    4.0;   70.38;    5.4;    1.4;   -0.3;eor
       4887;20190210;   10;  25.8;   9.3;    3;   3.2;   8;    0.017;  58;   7.1;   6.1;  919.21;    4.0;   75.29;    7.9;    0.8;   -0.1;eor
       4887;20190211;   10;  19.6;   9.2;    3;   1.9;   8;    0.050;  61;   7.6;   5.3;  930.10;    0.0;   87.63;    1.1;   -1.0;   -0.1;eor
       4887;20190212;   10;  11.1;   4.8;    3;   0.0;   8;    0.350;  60;   7.6;   4.8;  944.90;   -0.8;   83.50;    0.4;   -1.7;   -0.1;eor
       4887;20190213;   10;   5.8;   2.2;    3;   0.0;   0;    9.000;  59;   0.8;   4.3;  948.11;    1.3;   65.58;    5.6;   -2.2;   -2.3;eor
       4887;20190214;   10;   7.3;   2.8;    3;   0.0;   0;    7.067;  58;   1.8;   3.8;  948.04;    5.2;   43.67;    9.0;    2.6;   -3.4;eor
       4887;20190215;   10;  11.4;   5.1;    3;   0.0;   0;    9.400;  55;   0.0;   4.9;  945.27;    5.3;   54.92;    8.7;    1.8;   -1.8;eor
       4887;20190216;   10;   7.5;   2.5;    3;   0.0;   0;    9.433;  51;   0.0;   5.0;  941.61;    7.9;   48.25;   14.8;    1.7;   -1.9;eor
       4887;20190217;   10;   5.9;   2.0;    3;   0.0;   0;    9.517;  50;   0.0;   4.1;  938.50;   10.4;   32.88;   15.4;    6.0;   -5.1;eor
       4887;20190218;   10;   6.6;   2.8;    3;   0.0;   0;    9.533;  49;   0.0;   4.1;  934.46;    8.6;   36.96;   11.1;    4.5;   -6.0;eor
       4887;20190219;   10;   9.2;   4.1;    3;   0.0;   6;    3.350;  48;   3.7;   5.9;  934.06;    4.5;   70.04;    8.5;    1.9;   -5.8;eor
       4887;20190220;   10;   7.2;   2.7;    3;   0.0;   0;    4.533;  46;   5.4;   6.4;  937.46;    3.9;   80.21;    7.1;    0.9;   -7.3;eor
       4887;20190221;   10;   7.4;   3.3;    3;   1.1;   6;    5.633;  45;   5.0;   7.0;  941.06;    5.7;   76.79;    8.3;    3.6;   -3.7;eor
       4887;20190222;   10;   9.1;   4.1;    3;   1.2;   6;    0.183;  40;   6.5;   7.6;  945.97;    4.5;   89.63;    6.4;    1.1;   -0.3;eor
       4887;20190223;   10;  12.7;   6.8;    3;   0.0;   0;    8.767;  38;   2.0;   3.7;  948.73;   -0.2;   62.33;    3.5;   -3.3;   -4.2;eor
       4887;20190224;   10;  10.9;   5.9;    3;   0.0;   0;    9.967;  37;   0.0;   2.4;  948.61;    0.9;   37.83;    7.5;   -4.6;   -5.8;eor
       4887;20190225;   10;   8.1;   4.9;    3;   0.0;   0;   10.000;  35;   0.1;   4.4;  948.97;    4.8;   48.38;   10.7;   -0.7;   -3.3;eor
       4887;20190226;   10;   6.1;   3.1;    3;   0.0;   0;    9.133;  32;   0.0;   5.6;  946.50;    9.1;   50.00;   15.6;    4.1;    0.8;eor
       4887;20190227;   10;   6.0;   2.3;    3;   0.0;   0;   10.100;  30;   0.0;   4.1;  940.61;   10.7;   32.04;   14.9;    7.0;   -2.7;eor
       4887;20190228;   10;  16.5;   8.4;    3;   6.4;   6;    9.900;  27;   1.8;   6.3;  932.62;    9.9;   51.79;   14.8;    6.0;    2.8;eor
       4887;20190301;   10;  16.8;   6.9;    3;  14.7;   6;    0.000;  18;   7.4;   8.0;  929.20;    4.4;   95.88;    6.0;    3.1;    2.9;eor
       4887;20190302;   10;  12.3;   5.4;    3;   0.4;   6;    0.050;  11;   7.7;   7.2;  931.24;    4.2;   87.29;    6.7;    2.4;    2.2;eor
       4887;20190303;   10;  15.2;   7.1;    3;   0.0;   6;    3.817;   5;   6.9;   7.4;  928.23;    6.6;   75.46;    9.8;    3.1;    1.9;eor
       4887;20190304;   10;  28.8;  10.6;    3;   2.7;   8;    2.117;   0;   5.9;   6.0;  918.11;    6.1;   65.38;   10.7;    0.9;    0.3;eor
       4887;20190305;   10;  19.0;   8.8;    3;   9.8;   8;    1.617;   0;   7.0;   6.0;  924.72;    2.8;   80.96;    5.6;    1.1;    0.1;eor
       4887;20190306;   10;  11.3;   3.6;    3;   0.0;   0;    4.933;   0;   4.0;   6.7;  922.25;    5.5;   75.38;   10.3;   -1.0;   -1.4;eor
       4887;20190307;   10;  22.6;   8.5;    3;   0.1;   6;    2.883;   0;   5.0;   6.3;  918.35;    7.5;   60.79;   10.6;    4.0;    2.2;eor
       4887;20190308;   10;  21.2;   8.4;    3;   0.9;   6;    3.300;   0;   6.5;   6.1;  928.85;    5.0;   69.58;    8.0;    2.1;    1.4;eor
       4887;20190309;   10;  26.7;  10.2;    3;   2.4;   6;    0.033;   0;   7.6;   7.0;  930.94;    5.7;   75.67;    7.6;    2.9;    1.8;eor
       4887;20190310;   10;  30.1;  12.5;    3;   9.1;   8;    1.967;   0;   6.7;   7.7;  926.27;    7.0;   76.21;   11.1;    2.1;    1.2;eor
       4887;20190311;   10;  22.7;  10.2;    3;   1.8;   8;    1.517;   0;   6.4;   4.7;  932.50;    0.8;   71.83;    2.2;   -1.9;   -1.7;eor
       4887;20190312;   10;  13.7;   6.2;    3;   0.4;   8;    7.317;   0;   5.9;   4.3;  932.58;    2.7;   59.54;    6.8;   -1.2;   -2.4;eor
       4887;20190313;   10;  21.5;  11.2;    3;   1.4;   8;    3.383;   0;   6.8;   5.4;  924.90;    2.9;   71.92;    7.2;   -0.2;   -0.6;eor
       4887;20190314;   10;  25.0;   9.9;    3;   8.6;   8;    0.000;   0;   7.5;   6.4;  922.67;    1.9;   90.88;    3.8;    0.6;    0.1;eor
       4887;20190315;   10;  29.1;  11.6;    3;  32.4;   6;    0.000;   0;   7.7;   8.5;  924.17;    5.5;   93.21;    8.6;    2.3;    1.6;eor
       4887;20190316;   10;  27.4;  10.5;    3;   0.0;   6;    4.817;   0;   4.5;   8.1;  926.65;    7.8;   77.00;   10.6;    5.2;    1.0;eor
       4887;20190317;   10;  23.7;   9.1;    3;   6.2;   8;    5.833;   0;   4.2;   5.5;  922.31;    7.4;   58.54;   14.8;    0.8;    0.4;eor
       4887;20190318;   10;  14.6;   6.0;    3;   0.3;   8;    3.067;   0;   6.3;   5.5;  931.81;    1.2;   83.42;    4.9;   -0.8;   -3.9;eor
       4887;20190319;   10;   7.2;   2.6;    3;   0.0;   4;    5.933;   0;   3.4;   5.0;  939.34;    1.8;   72.17;    6.4;   -1.0;   -5.4;eor
       4887;20190320;   10;   7.2;   2.4;    3;   0.0;   0;   11.150;   0;   0.4;   4.0;  945.25;    3.7;   51.13;    8.4;   -0.3;   -5.4;eor
       4887;20190321;   10;  11.7;   5.2;    3;   0.0;   0;   11.367;   0;   0.0;   4.3;  944.79;    5.4;   49.42;   11.8;   -0.3;   -3.2;eor
       4887;20190322;   10;  12.5;   4.4;    3;   0.0;   0;   10.083;   0;   0.1;   5.2;  942.39;    8.6;   47.21;   13.6;    3.8;    0.8;eor
       4887;20190323;   10;   8.3;   3.2;    3;   0.0;   0;   11.517;   0;   0.0;   6.3;  940.67;   10.2;   51.00;   15.0;    6.0;   -0.7;eor
       4887;20190324;   10;  10.5;   3.3;    3;   0.0;   6;   10.033;   0;   1.1;   7.5;  936.80;    8.4;   68.75;   14.1;    4.3;   -2.7;eor
       4887;20190325;   10;  19.5;   6.5;    3;   1.7;   8;    3.167;   0;   6.4;   5.7;  934.41;    2.2;   80.17;    5.5;   -0.5;   -1.8;eor
       4887;20190326;   10;   9.0;   3.5;    3;   0.1;   8;    1.700;   0;   6.9;   5.4;  940.88;    1.5;   80.88;    5.8;   -0.4;   -1.2;eor
       4887;20190327;   10;   5.9;   2.5;    3;   0.0;   8;    0.517;   0;   6.5;   5.7;  943.55;    3.1;   75.67;    7.4;    0.3;   -2.3;eor
       4887;20190328;   10;   9.7;   4.0;    3;   0.0;   6;    6.533;   0;   6.0;   6.5;  944.93;    6.4;   67.25;   11.8;    2.0;   -1.8;eor
       4887;20190329;   10;  11.2;   4.9;    3;   0.0;   0;    9.167;   0;   3.3;   7.4;  942.30;    8.0;   71.21;   12.9;    4.3;    2.4;eor
       4887;20190330;   10;   5.6;   2.1;    3;   0.0;   0;   11.750;   0;   0.0;   6.1;  937.35;   11.2;   47.33;   16.4;    5.9;   -1.7;eor
       4887;20190331;   10;  10.3;   3.1;    3;   0.0;   0;    7.233;   0;   2.4;   6.0;  934.11;   11.8;   44.29;   16.7;    6.3;   -0.1;eor
       4887;20190401;   10;  12.4;   6.0;    3;   0.0;   0;   11.250;   0;   0.4;   7.6;  931.75;    8.5;   70.33;   14.6;    3.0;    1.9;eor
       4887;20190402;   10;  13.8;   4.3;    3;   0.6;   6;    9.517;   0;   2.5;   6.7;  924.93;   11.1;   54.21;   19.1;    3.5;    2.4;eor
       4887;20190403;   10;  20.3;   4.2;    3;   0.3;   6;    3.317;   0;   6.8;   7.6;  917.72;    7.4;   75.79;   14.6;    1.3;    1.5;eor
       4887;20190404;   10;  10.3;   4.5;    3;   2.4;   8;    0.000;   0;   7.8;   6.7;  914.08;    1.4;   98.63;    2.5;    0.8;    0.9;eor
       4887;20190405;   10;   6.6;   2.7;    3;   0.0;   6;    0.000;   0;   7.1;   6.7;  918.60;    2.5;   92.04;    5.0;    0.0;   -2.5;eor
       4887;20190406;   10;  11.4;   4.2;    3;   0.0;   0;    3.067;   0;   4.3;   7.8;  918.49;    7.3;   76.71;   12.7;    1.8;   -1.7;eor
       4887;20190407;   10;   9.4;   3.2;    3;   0.0;   6;    4.983;   0;   4.6;   7.7;  919.48;    8.6;   69.17;   12.9;    3.7;    1.5;eor
       4887;20190408;   10;   9.7;   3.9;    3;   1.2;   6;    1.433;   0;   7.8;   8.8;  924.32;    7.7;   83.96;   10.7;    4.9;    4.6;eor
       4887;20190409;   10;   5.3;   2.4;    3;   7.9;   6;    0.600;   0;   7.2;  10.1;  924.10;    7.8;   95.04;   10.4;    6.2;    5.8;eor
       4887;20190410;   10;   8.4;   3.3;    3;   0.2;   6;    0.000;   0;   6.1;   8.3;  924.69;    6.6;   85.25;    9.8;    2.6;    0.6;eor
       4887;20190411;   10;   8.4;   3.7;    3;   0.0;   0;    4.433;   0;   5.5;   5.6;  930.05;    4.2;   68.79;    9.3;    0.2;   -1.5;eor
       4887;20190412;   10;   7.6;   3.9;    3;   0.0;   0;    3.267;   0;   5.8;   4.7;  932.07;    2.2;   66.63;    5.7;   -1.7;   -2.8;eor
       4887;20190413;   10;   7.4;   3.3;    3;   8.3;   8;    0.350;   0;   7.0;   5.1;  931.21;    1.2;   77.50;    5.3;   -1.4;   -0.9;eor
       4887;20190414;   10;   9.4;   3.5;    3;   0.0;   7;    5.100;   2;   6.5;   5.5;  932.15;    1.6;   81.75;    7.5;   -2.4;   -2.3;eor
       4887;20190415;   10;  15.1;   5.5;    3;   0.0;   7;   11.050;   0;   2.3;   6.4;  934.18;    6.6;   68.25;   13.0;    0.2;   -1.4;eor
       4887;20190416;   10;  10.4;   3.8;    3;   0.0;   6;    8.283;   0;   3.3;   6.8;  931.85;    8.8;   60.00;   14.8;    3.3;    1.7;eor
       4887;20190417;   10;  11.8;   3.5;    3;   0.0;   6;    7.900;   0;   3.9;   7.5;  935.53;   10.6;   61.21;   16.3;    6.6;    5.4;eor
       4887;20190418;   10;  12.0;   6.8;    3;   0.0;   0;   12.900;   0;   0.0;   6.9;  937.06;   11.4;   52.50;   17.2;    5.6;    3.8;eor
       4887;20190419;   10;  10.4;   4.6;    3;   0.0;   0;   12.950;   0;   0.0;   6.6;  940.67;   13.0;   45.96;   19.3;    6.8;    5.7;eor
       4887;20190420;   10;   9.3;   4.4;    3;   0.0;   0;   13.033;   0;   0.0;   5.8;  940.39;   13.9;   37.50;   19.7;    7.8;    4.9;eor
       4887;20190421;   10;  12.7;   4.9;    3;   0.0;   0;   13.050;   0;   0.0;   4.9;  933.77;   14.0;   31.25;   20.2;    7.2;    3.5;eor
       4887;20190422;   10;  15.1;   7.3;    3;   0.0;   0;   11.317;   0;   1.8;   6.0;  923.49;   14.5;   36.42;   20.2;    8.4;    6.6;eor
       4887;20190423;   10;  13.2;   6.1;    3;   0.0;   0;    5.083;   0;   2.4;   8.6;  915.72;   13.1;   57.38;   19.3;    8.2;    7.3;eor
       4887;20190424;   10;  25.5;   4.7;    3;   0.0;   6;    9.500;   0;   1.5;   8.3;  919.84;   13.7;   56.75;   22.5;    6.3;    1.9;eor
       4887;20190425;   10;  12.7;   4.6;    3;   0.0;   0;   11.533;   0;   1.6;   7.4;  924.71;   13.3;   53.38;   22.3;    5.8;    4.7;eor
       4887;20190426;   10;  13.3;   5.5;    3;   8.5;   6;    0.350;   0;   6.0;   8.3;  928.85;    5.2;   93.88;    6.2;    4.1;    3.2;eor
       4887;20190427;   10;  19.2;   5.8;    3;  10.3;   8;    3.217;   0;   6.1;   8.0;  930.78;    6.2;   84.67;   11.1;    2.0;    1.2;eor
       4887;20190428;   10;   9.3;   3.8;    3;   0.0;   8;    7.400;   0;   5.3;   6.4;  933.03;    4.5;   77.63;    9.1;    1.1;    0.1;eor
       4887;20190429;   10;  11.5;   4.8;    3;   8.6;   6;    0.050;   0;   6.8;   7.7;  934.37;    4.7;   90.58;    9.0;    1.9;    0.9;eor
       4887;20190430;   10;   8.6;   4.0;    3;   0.3;   6;    1.833;   0;   5.7;   8.6;  932.61;    6.7;   87.79;   10.9;    4.6;    1.0;eor
       4887;20190501;    3;   5.8;   2.1;    3;   0.0;   0;   11.000;-999;   1.2;   7.3;  930.17;   10.7;   58.08;   16.0;    5.2;    0.4;eor
       4887;20190502;    3;  18.4;   4.3;    3;   5.5;   6;    9.450;-999;   3.0;   8.6;  925.22;   10.7;   67.75;   16.0;    6.5;   -0.2;eor
       4887;20190503;    3;  10.3;   4.3;    3;   0.2;   6;    0.467;   0;   7.4;   8.6;  925.14;    6.6;   87.96;    9.8;    4.8;    1.1;eor
       4887;20190504;    3;  13.5;   4.8;    3;   7.3;   8;    2.033;   0;   6.6;   7.0;  922.24;    3.0;   91.58;    7.5;    0.1;   -0.2;eor
       4887;20190505;    3;   8.1;   3.8;    3;   0.0;   8;    0.767;   0;   6.4;   5.5;  929.68;    1.6;   80.96;    4.8;   -0.5;   -3.3;eor
       4887;20190506;    3;   8.1;   2.8;    3;   0.8;   8;    1.883;   0;   5.9;   5.9;  933.13;    2.6;   79.50;    6.5;   -1.2;   -4.4;eor
       4887;20190507;    3;   7.6;   2.0;    3;   0.0;   6;    6.533;   0;   3.7;   5.6;  931.03;    6.4;   59.00;   11.2;    1.6;   -5.5;eor
       4887;20190508;    3;  16.2;   4.1;    3;   5.3;   6;    0.000;   0;   7.0;   8.9;  921.40;    7.4;   84.38;    9.6;    4.5;    3.9;eor
       4887;20190509;    3;  20.2;   7.3;    3;   5.2;   6;    3.183;   0;   6.7;   8.9;  918.56;    7.9;   84.08;   12.1;    4.5;    3.4;eor
       4887;20190510;    3;  11.7;   4.5;    3;   2.3;   6;    4.600;   0;   6.5;   9.3;  926.08;    9.3;   80.00;   13.3;    6.3;    3.8;eor
       4887;20190511;    3;  19.9;   6.1;    3;  13.7;   6;    2.917;   0;   6.6;   9.9;  926.58;    9.4;   85.50;   14.9;    4.0;    4.0;eor
       4887;20190512;    3;  14.5;   5.9;    3;   0.0;   0;    4.767;   0;   6.7;   6.9;  940.97;    6.0;   75.17;   10.1;    3.2;    2.9;eor
       4887;20190513;    3;  10.8;   5.1;    3;   0.0;   0;   10.017;   0;   2.0;   5.6;  945.44;    7.3;   55.50;   12.4;    2.5;    0.7;eor
       4887;20190514;    3;  12.3;   5.2;    3;   0.0;   6;    8.617;   0;   3.4;   5.2;  940.81;    6.2;   55.21;   11.2;    1.2;   -0.3;eor
       4887;20190515;    3;   9.7;   3.9;    3;   0.0;   0;    5.717;   0;   5.1;   5.8;  935.29;    5.6;   65.13;   10.9;    0.7;   -1.1;eor
       4887;20190516;    3;   7.4;   2.6;    3;   0.0;   0;    0.150;   0;   6.8;   7.7;  928.25;    6.5;   79.92;   10.3;    1.3;   -0.2;eor
       4887;20190517;    3;  11.3;   3.8;    3;   0.0;   0;    8.950;-999;   4.6;   9.4;  921.98;   10.2;   77.29;   17.3;    4.5;    4.2;eor
       4887;20190518;    3;   9.7;   2.8;    3;   3.1;   6;    4.817;-999;   5.6;  10.9;  920.83;   11.3;   81.29;   16.4;    7.4;    6.5;eor
       4887;20190519;    3;   9.0;   3.9;    3;   0.4;   6;    4.933;-999;   6.6;  12.4;  919.60;   12.1;   88.58;   17.7;    8.7;    8.4;eor
       4887;20190520;    3;  13.7;   6.7;    3;  27.8;   6;    0.000;-999;   7.7;  12.4;  919.67;   10.1;  100.00;   11.3;    8.8;    8.8;eor
       4887;20190521;    3;  18.4;   8.9;    3;  92.7;   6;    0.000;-999;   7.5;  11.4;  924.81;    8.9;  100.00;    9.6;    8.3;    8.3;eor
       4887;20190522;    3;  12.3;   5.3;    3;   0.0;   6;    3.233;-999;   5.6;  10.6;  932.73;    9.5;   89.71;   13.3;    6.9;    0.4;eor
       4887;20190523;    3;   7.9;   2.1;    3;   0.0;   0;   14.267;-999;   0.1;   8.7;  933.50;   12.0;   63.79;   17.2;    6.3;   -1.0;eor
       4887;20190524;    3;   7.1;   2.3;    3;   0.0;   0;    9.800;-999;   2.9;   9.5;  930.38;   14.7;   56.54;   19.0;   10.3;    5.1;eor
       4887;20190525;    3;  12.8;   2.4;    3;   5.9;   8;    5.683;-999;   4.9;  11.0;  930.70;   13.4;   72.29;   19.7;    9.5;    5.5;eor
       4887;20190526;    3;   7.1;   3.0;    3;   0.0;   0;   11.433;-999;   1.8;  10.9;  930.85;   13.7;   71.04;   19.6;    8.7;    6.0;eor
       4887;20190527;    3;   7.8;   3.4;    3;   3.2;   6;    8.267;-999;   3.9;  11.4;  926.04;   14.0;   71.54;   18.4;    9.7;    5.4;eor
       4887;20190528;    3;  12.6;   4.3;    3;   2.1;   6;    0.717;-999;   7.1;  11.1;  924.13;   10.3;   88.88;   13.9;    7.7;    6.5;eor
       4887;20190529;    3;   8.4;   3.3;    3;   0.4;   6;    0.550;-999;   6.7;  10.0;  934.05;    8.6;   89.88;   11.7;    6.3;    2.9;eor
       4887;20190530;    3;   7.2;   2.2;    3;   0.0;   0;   11.900;-999;   2.5;   8.8;  939.86;   12.9;   60.96;   17.8;    7.0;    1.4;eor
       4887;20190531;    3;   6.0;   1.5;    3;   0.0;   0;    6.583;-999;   5.6;  11.9;  940.34;   15.7;   67.21;   20.3;   11.5;    9.5;eor
       4887;20190601;    3;   5.5;   2.0;    3;   0.0;   0;   13.950;-999;   0.3;  12.2;  937.91;   18.8;   57.04;   23.9;   13.7;    8.3;eor
       4887;20190602;    3;   8.5;   2.5;    3;   0.0;   0;   14.583;-999;   0.3;  12.7;  933.92;   20.9;   52.00;   25.7;   15.6;   11.8;eor
       4887;20190603;    3;  16.1;   3.2;    3;   0.3;   6;    7.983;-999;   2.7;  13.7;  931.81;   19.6;   60.88;   26.6;   15.2;   10.7;eor
       4887;20190604;    3;   9.2;   3.1;    3;   0.0;   0;   14.333;-999;   1.3;  13.1;  928.55;   21.1;   53.17;   25.9;   15.8;    7.9;eor
       4887;20190605;    3;  10.2;   3.8;    3;   0.0;   0;   13.833;-999;   1.6;  13.7;  923.95;   22.2;   52.13;   27.3;   17.3;   12.1;eor
       4887;20190606;    3;  15.7;   4.8;    3;   0.6;   6;    0.317;-999;   6.0;  11.4;  928.48;   11.0;   86.88;   19.8;    6.8;    3.3;eor
       4887;20190607;    3;  19.8;   5.4;    3;   0.3;   6;   12.867;-999;   1.8;  11.8;  928.47;   14.4;   74.00;   24.4;    5.9;    5.2;eor
       4887;20190608;    3;  12.2;   4.3;    3;   0.0;   0;   10.867;-999;   3.3;   8.3;  937.66;   14.0;   54.75;   19.0;    9.6;    6.9;eor
       4887;20190609;    3;  11.3;   3.3;    3;   1.5;   6;    6.217;-999;   3.6;  11.6;  936.43;   14.4;   70.67;   20.1;    9.6;    7.1;eor
       4887;20190610;    1;  10.5;   2.5;    1;  25.6;   6;    1.050;-999;   6.4;  14.8;  929.77;   14.1;   91.83;   16.9;   12.5;    8.8;eor
       4887;20190611;    1;  12.3;   3.8;    1;   0.2;   6;    1.967;-999;   7.0;  14.0;  926.73;   12.7;   94.88;   15.7;   10.2;    9.9;eor
       4887;20190612;    1;  14.8;   3.2;    1;   3.5;   6;    2.833;-999;   6.9;  13.6;  926.64;   12.3;   95.38;   15.3;   10.1;    9.8;eor
       4887;20190613;    1;   6.3;   2.1;    1;   0.0;   0;    7.333;-999;   4.4;  13.2;  930.91;   15.9;   75.17;   21.5;   11.4;   10.8;eor
       4887;20190614;    1;  11.7;   3.9;    1;   0.0;   6;    9.567;-999;   2.8;  13.7;  931.42;   19.2;   61.92;   25.3;   13.7;   12.3;eor
       4887;20190615;    1;  14.8;   5.3;    1;  15.6;   6;   10.167;-999;   4.2;  14.5;  930.43;   17.6;   72.38;   20.7;   12.5;   12.3;eor
       4887;20190616;    1;   9.2;   3.6;    1;   0.9;   6;    4.283;-999;   4.8;  14.0;  936.38;   13.7;   90.08;   17.5;   11.5;    8.8;eor
       4887;20190617;    1;   9.2;   3.4;    1;   0.0;   6;   13.133;-999;  -999;  13.8;  935.00;   17.0;   72.38;   22.2;   10.9;    7.5;eor
       4887;20190618;    1;   8.9;   2.5;    1;   0.5;   6;   10.950;-999;  -999;  14.3;  931.50;   19.8;   63.04;   25.8;   14.5;   12.9;eor
       4887;20190619;    1;  13.8;   2.9;    1;  11.4;   8;   11.167;-999;   2.4;  13.6;  928.25;   21.5;   53.58;   26.5;   15.3;   14.5;eor
       4887;20190620;    1;  11.9;   2.7;    1;  20.3;   8;    3.067;-999;   6.3;  15.7;  930.41;   16.3;   85.29;   20.5;   13.5;   11.9;eor
       4887;20190621;    1;   8.9;   2.4;    1;   0.0;   0;    6.750;-999;   5.5;  14.8;  933.58;   16.6;   79.67;   21.5;   13.1;   11.9;eor
       4887;20190622;    1;   9.8;   3.2;    1;   9.3;   6;    0.900;-999;   7.3;  15.8;  932.62;   16.1;   86.71;   19.9;   14.1;   13.4;eor
       4887;20190623;    1;  10.0;   3.7;    1;   0.0;   0;    6.600;-999;   5.1;  16.8;  933.97;   17.2;   86.17;   22.2;   13.2;   13.5;eor
       4887;20190624;    1;  11.1;   5.0;    1;   0.0;   0;   14.533;-999;   0.2;  17.4;  935.99;   20.1;   75.46;   24.9;   15.0;   14.5;eor
       4887;20190625;    1;   9.8;   3.1;    1;   0.0;   0;   14.367;-999;   0.2;  17.9;  937.05;   23.5;   63.75;   30.9;   16.6;   15.7;eor
       4887;20190626;    1;-999;   1.8;    1;   0.0;   6;   14.500;-999;   0.0;  20.4;  939.63;   27.1;   57.86;   31.9;   23.0;   16.4;eor
       4887;20190627;    1;   7.7;   3.2;    1;   0.0;   0;   14.017;-999;   0.3;  19.6;  939.29;   23.9;   64.50;   28.6;   15.5;   10.1;eor
       4887;20190628;    1;   5.7;   2.6;    1;   0.0;   0;   14.717;-999;   0.0;  11.7;  938.17;   20.0;   50.25;   25.6;   14.4;   10.1;eor
       4887;20190629;    1;   7.9;   4.0;    1;   0.0;   0;   14.733;-999;   0.0;  12.1;  935.81;   21.4;   48.13;   26.9;   15.2;   13.5;eor
       4887;20190630;    1;   8.4;   2.7;    1;   0.0;   0;   14.617;-999;   0.0;  15.2;  933.70;   25.7;   45.71;   31.0;   18.9;   16.1;eor
       4887;20190701;    1;  11.1;   4.0;    1;   0.0;   6;   10.400;-999;   2.5;  18.7;  933.74;   23.0;   65.83;   27.9;   17.5;   16.3;eor
       4887;20190702;    1;  12.5;   3.0;    1;   0.0;   0;   13.733;-999;   2.3;  12.1;  935.57;   18.2;   58.25;   23.0;   14.0;   12.2;eor
       4887;20190703;    1;   7.7;   3.4;    1;   0.0;   0;   14.267;-999;   0.8;  10.3;  936.30;   16.9;   54.42;   22.4;   11.3;   10.3;eor
       4887;20190704;    1;   6.8;   2.6;    1;   0.0;   0;   14.633;-999;   0.0;   9.8;  936.43;   17.7;   49.21;   23.4;   11.1;    9.7;eor
       4887;20190705;    1;   9.7;   3.0;    1;   0.0;   0;   10.483;-999;   4.2;  10.9;  933.55;   19.8;   47.50;   25.0;   15.1;    8.6;eor
       4887;20190706;    1;  17.3;   3.6;    1;   1.2;   6;    9.817;-999;   3.2;  12.0;  928.93;   21.6;   47.08;   26.5;   14.9;   11.2;eor
       4887;20190707;    1;  12.9;   4.3;    1;   2.1;   6;    3.300;-999;   6.3;  13.5;  928.74;   15.6;   76.67;   20.9;   11.1;   10.8;eor
       4887;20190708;    1;   7.8;   2.8;    1;   0.0;   0;    4.600;-999;   5.7;  10.7;  932.31;   13.5;   70.71;   17.4;    9.5;    7.8;eor
       4887;20190709;    1;  15.5;   3.0;    1;   0.0;   0;    9.233;-999;   3.5;   9.0;  933.40;   12.3;   63.92;   17.4;    8.0;    5.2;eor
