STATIONS_ID;MESS_DATUM;QN_3;  FX;  FM;QN_4; RSK;RSKF; SDK;SHK_TAG;  NM; VPM;  PM; TMK; UPM; TXK; TNK; TGK;eor
       5100;20180106;   10;  11.5;   3.1;    3;   7.2;   6;    0.000;   0;   7.8;   9.1;  975.06;    6.4;   95.08;    7.5;    5.3;    4.0;eor
       5100;20180107;   10;  13.4;   6.0;    3;   0.0;   6;    0.000;   0;   7.8;   7.4;  985.78;    4.4;   87.83;    5.3;    3.4;    3.4;eor
       5100;20180108;   10;  11.3;   5.4;    3;   0.0;   0;    0.017;   0;   7.6;   7.1;  986.59;    4.8;   82.08;    5.9;    3.3;    3.1;eor
       5100;20180109;   10;  12.8;   4.0;    3;   0.4;   6;    3.367;   0;   7.6;   7.6;  979.17;    5.9;   81.75;    9.7;    2.6;    0.5;eor
       5100;20180110;   10;   9.2;   3.6;    3;   1.0;   6;    2.300;   0;   7.5;   8.3;  978.10;    6.4;   86.04;    8.9;    4.6;    1.8;eor
       5100;20180111;   10;   5.6;   1.5;    3;   0.0;   6;    0.050;   0;   7.8;   8.8;  983.25;    6.3;   92.33;    8.0;    5.3;    4.4;eor
       5100;20180112;   10;   5.6;   2.4;    3;   0.0;   0;    0.000;   0;   7.9;   8.2;  991.79;    5.4;   90.92;    6.5;    3.5;    0.7;eor
       5100;20180113;   10;  11.1;   2.8;    3;   0.0;   0;    0.000;   0;   7.0;   6.4;  990.43;    3.8;   79.21;    4.8;    2.4;   -0.7;eor
       5100;20180114;   10;   5.6;   2.3;    3;   0.0;   0;    4.300;   0;   1.6;   5.7;  987.35;    1.5;   83.92;    5.6;   -1.8;   -4.4;eor
       5100;20180115;   10;  19.5;   6.6;    3;  11.7;   8;    0.000;   0;   7.0;   6.7;  977.39;    2.7;   89.04;    6.9;   -2.2;   -4.6;eor
       5100;20180116;   10;  16.8;   7.1;    3;   5.7;   8;    1.083;   0;   7.0;   7.3;  965.38;    5.1;   82.08;    6.7;    1.1;    0.9;eor
       5100;20180117;   10;  19.2;   6.6;    3;   2.7;   8;    2.617;   0;   5.8;   5.7;  972.27;    2.5;   78.63;    4.3;    0.9;   -0.2;eor
       5100;20180118;   10;  22.6;   7.9;    3;   5.7;   8;    4.500;   0;   5.5;   7.0;  971.22;    5.5;   78.46;   10.4;    2.1;    1.6;eor
       5100;20180119;   10;  11.1;   4.5;    3;   0.1;   8;    1.083;   0;   6.4;   6.3;  977.50;    2.8;   85.04;    4.6;    0.9;   -1.4;eor
       5100;20180120;   10;   9.1;   3.5;    3;  10.0;   8;    0.000;   0;   7.8;   6.3;  972.73;    1.2;   94.25;    2.5;   -0.2;    0.1;eor
       5100;20180121;   10;   6.8;   2.4;    3;   3.4;   8;    4.283;   0;   6.5;   6.0;  981.30;    1.6;   87.58;    3.8;   -0.2;   -1.7;eor
       5100;20180122;   10;   8.9;   2.4;    3;   1.0;   6;    0.000;   0;   7.5;   8.4;  978.97;    5.2;   93.63;    8.8;    0.4;    0.1;eor
       5100;20180123;   10;  11.8;   5.1;    3;   0.2;   6;    0.267;   0;   7.8;   8.3;  990.96;    6.5;   85.00;    8.7;    5.1;    4.2;eor
       5100;20180124;   10;  16.7;   7.4;    3;   1.3;   6;    0.000;   0;   7.7;  10.5;  986.88;    9.4;   89.13;   10.4;    8.1;    7.7;eor
       5100;20180125;   10;  17.1;   4.9;    3;  20.0;   6;    0.000;   0;   7.5;  10.1;  981.55;    8.2;   93.13;   10.6;    6.0;    5.8;eor
       5100;20180126;   10;   3.9;   0.9;    3;   0.3;   6;    0.000;   0;   7.7;   8.6;  986.32;    5.4;   96.04;    7.0;    3.2;    2.2;eor
       5100;20180127;   10;  12.9;   2.3;    3;   0.5;   6;    0.000;   0;   7.8;   7.4;  998.15;    3.0;   97.21;    4.0;    2.2;    2.7;eor
       5100;20180128;   10;  12.2;   6.5;    3;   0.9;   6;    0.000;   0;   7.5;   8.4; 1001.07;    5.1;   95.04;    7.0;    3.3;    3.1;eor
       5100;20180129;   10;  13.9;   6.2;    3;   0.5;   6;    0.000;   0;   7.5;   9.4;  997.42;    7.9;   88.00;    8.9;    6.9;    6.7;eor
       5100;20180130;   10;   6.7;   1.7;    3;   0.4;   6;    1.650;   0;   6.9;   8.3;  995.62;    5.8;   89.79;    8.9;    2.2;   -0.1;eor
       5100;20180131;   10;  18.0;   8.5;    3;   9.3;   6;    0.000;   0;   7.6;   8.9;  978.73;    6.3;   91.96;    8.0;    2.7;    2.3;eor
       5100;20180201;   10;  12.6;   4.2;    3;   1.3;   8;    1.883;   0;   5.5;   6.4;  971.00;    1.9;   90.92;    4.4;    0.0;   -2.4;eor
       5100;20180202;   10;  11.9;   4.9;    3;   0.9;   8;    0.067;   0;   6.8;   6.2;  973.53;    1.7;   90.50;    4.2;   -0.1;   -2.0;eor
       5100;20180203;   10;   6.8;   2.3;    3;   2.4;   8;    2.033;   0;   7.7;   5.9;  975.01;    1.9;   85.21;    4.6;    0.6;   -0.2;eor
       5100;20180204;   10;   9.4;   2.6;    3;   0.5;   8;    0.183;   0;   7.4;   5.0;  983.68;   -0.6;   84.96;    0.6;   -1.9;   -3.8;eor
       5100;20180205;   10;  12.8;   5.8;    3;   0.2;   8;    4.300;   0;   6.1;   4.6;  988.30;    0.1;   74.88;    3.8;   -1.5;   -2.0;eor
       5100;20180206;   10;   7.9;   4.1;    3;   3.8;   8;    0.000;   0;   7.7;   4.9;  979.71;   -1.4;   88.83;   -0.4;   -2.4;   -2.3;eor
       5100;20180207;   10;   7.6;   2.8;    3;   0.0;   0;    0.050;   2;   7.8;   4.8;  981.55;   -1.2;   85.58;    1.1;   -2.9;   -5.2;eor
       5100;20180208;   10;   5.3;   1.9;    3;   0.0;   0;    8.217;   0;   3.8;   4.0;  986.61;   -2.5;   79.29;    1.9;   -5.5;   -7.2;eor
       5100;20180209;   10;   8.7;   2.4;    3;   0.2;   8;    0.000;   0;   7.4;   4.7;  982.88;   -2.3;   90.46;   -0.4;   -5.3;   -7.6;eor
       5100;20180210;   10;  10.2;   3.8;    3;   0.4;   8;    0.000;   0;   7.8;   5.5;  983.60;    0.3;   88.38;    1.8;   -0.6;   -1.6;eor
       5100;20180211;   10;  15.0;   6.4;    3;   1.8;   8;    0.167;   1;   7.0;   6.0;  974.32;    1.6;   88.13;    4.1;   -0.3;   -0.7;eor
       5100;20180212;   10;   8.8;   3.5;    3;   0.0;   8;    2.583;   0;   4.9;   5.0;  982.17;    0.5;   78.75;    3.9;   -2.2;   -5.9;eor
       5100;20180213;   10;  11.3;   2.8;    3;   0.0;   0;    8.033;   0;   1.1;   4.1;  980.90;   -0.1;   68.96;    4.5;   -3.7;   -7.2;eor
       5100;20180214;   10;   8.5;   3.2;    3;   0.5;   8;    9.217;   0;   2.8;   3.7;  982.65;   -0.2;   63.21;    5.4;   -5.3;   -9.1;eor
       5100;20180215;   10;  10.4;   3.4;    3;   2.0;   8;    0.000;   0;   7.7;   6.7;  982.34;    3.0;   87.75;    4.8;    0.3;    0.1;eor
       5100;20180216;   10;   5.4;   2.1;    3;   0.0;   0;    8.333;   0;   4.9;   6.5;  992.31;    3.7;   81.96;    8.7;   -1.0;   -3.8;eor
       5100;20180217;   10;  11.1;   4.3;    3;   0.0;   0;    0.333;   0;   6.5;   5.5;  989.13;    1.1;   83.04;    4.1;   -2.3;   -6.1;eor
       5100;20180218;   10;   5.8;   1.3;    3;   0.0;   0;    4.267;   0;   4.6;   4.6;  993.01;   -1.3;   84.71;    5.4;   -4.9;   -6.9;eor
       5100;20180219;   10;   4.2;   1.0;    3;   0.0;   0;    1.633;   0;   7.4;   4.7;  987.00;   -0.5;   79.71;    2.9;   -3.1;   -6.8;eor
       5100;20180220;   10;   5.8;   2.2;    3;   0.0;   0;    4.683;   0;   5.2;   4.7;  984.42;    0.3;   75.96;    4.6;   -2.7;   -5.0;eor
       5100;20180221;   10;  12.1;   5.1;    3;   0.0;   0;    9.333;   0;   2.8;   4.2;  987.99;    0.9;   65.58;    5.6;   -2.3;   -4.8;eor
       5100;20180222;   10;  14.2;   6.7;    3;   0.0;   0;    9.883;   0;   0.8;   3.5;  986.17;   -0.4;   60.13;    4.3;   -3.3;   -5.0;eor
       5100;20180223;   10;  13.0;   6.1;    3;   0.0;   0;   10.067;   0;   0.0;   2.9;  984.82;   -1.3;   52.88;    2.8;   -4.2;   -5.7;eor
       5100;20180224;   10;  17.8;   6.6;    3;   0.0;   0;   10.083;   0;   0.9;   2.6;  986.60;   -1.2;   49.00;    5.8;   -6.4;   -8.4;eor
       5100;20180225;   10;  14.6;   6.9;    3;   0.0;   0;   10.317;   0;   1.7;   1.9;  990.98;   -3.3;   41.21;    1.0;   -6.8;   -8.2;eor
       5100;20180226;   10;  16.0;   6.5;    3;   0.5;   8;    4.683;   0;   4.4;   2.2;  990.83;   -5.6;   53.83;   -1.6;   -8.2;   -9.6;eor
       5100;20180227;   10;  12.3;   5.0;    3;   0.0;   7;   10.200;   1;   3.0;   2.1;  985.48;   -6.5;   56.21;   -3.1;   -9.4;  -12.0;eor
       5100;20180228;   10;  14.0;   5.9;    3;   0.0;   0;    9.633;   0;   2.8;   1.8;  982.29;   -7.0;   50.96;   -2.3;  -11.2;  -12.5;eor
       5100;20180301;   10;  12.1;   6.2;    3;   0.0;   6;    3.683;   0;   7.8;   2.0;  970.71;   -3.4;   43.33;    0.9;   -7.2;   -6.8;eor
       5100;20180302;   10;  11.7;   4.1;    3;   8.9;   4;    0.000;   0;   7.8;   3.2;  963.73;   -3.3;   67.96;   -0.9;   -4.4;   -3.6;eor
       5100;20180303;   10;   6.1;   1.8;    3;   1.1;   8;    4.450;   8;   6.7;   4.8;  964.46;   -1.1;   84.04;    4.9;   -6.6;   -8.9;eor
       5100;20180304;   10;  11.6;   3.0;    3;   0.6;   6;    0.533;   1;   7.7;   6.8;  964.63;    3.5;   87.29;    9.2;   -0.3;   -0.9;eor
       5100;20180305;   10;   7.8;   2.9;    3;   0.0;   0;    6.100;   0;   7.2;   7.5;  963.00;    7.3;   73.83;   13.3;    4.0;    1.4;eor
       5100;20180306;   10;   8.1;   2.4;    3;   0.7;   6;    4.350;   0;   7.3;   7.1;  960.03;    5.5;   79.29;   11.5;    0.5;   -1.7;eor
       5100;20180307;   10;  13.2;   4.1;    3;   1.6;   6;    0.067;   0;   6.9;   7.2;  964.63;    3.5;   91.00;    6.2;    0.1;   -2.3;eor
       5100;20180308;   10;  18.6;   6.2;    3;   4.0;   6;    0.867;   0;   7.3;   7.0;  971.77;    4.8;   82.33;    9.8;    2.3;    0.7;eor
       5100;20180309;   10;   6.4;   1.6;    3;   4.4;   6;    0.000;   0;   7.8;   8.5;  975.03;    5.4;   94.08;    7.7;    2.6;    1.5;eor
       5100;20180310;   10;   9.5;   3.1;    3;   0.3;   6;    0.033;   0;   6.6;  10.9;  970.92;    9.8;   89.38;   11.8;    6.8;    4.9;eor
       5100;20180311;   10;  15.8;   3.4;    3;   2.2;   6;    0.717;   0;   7.7;  11.0;  964.57;   10.8;   84.58;   13.8;    7.5;    6.2;eor
       5100;20180312;   10;  18.0;   5.3;    3;   2.1;   6;    2.817;   0;   7.4;   9.7;  963.57;    9.1;   84.33;   13.0;    7.3;    6.1;eor
       5100;20180313;   10;  16.6;   6.3;    3;   1.4;   6;    0.000;   0;   7.3;   8.1;  972.88;    6.5;   82.96;    7.9;    5.0;    4.3;eor
       5100;20180314;   10;  11.3;   2.8;    3;   0.0;   0;    6.583;   0;   4.5;   6.9;  977.88;    6.8;   71.46;   13.0;    2.2;   -1.1;eor
       5100;20180315;   10;  11.7;   2.9;    3;   1.8;   6;    0.050;   0;   7.5;   7.2;  965.42;    6.1;   76.38;    9.0;    3.3;    0.4;eor
       5100;20180316;   10;   9.3;   3.1;    3;   1.0;   6;    3.367;   0;   7.7;   9.0;  968.96;    7.9;   85.08;   12.7;    3.6;    1.3;eor
       5100;20180317;   10;  14.1;   6.4;    3;   0.0;   8;    0.000;   0;   8.0;   5.2;  968.67;   -0.3;   83.50;    4.9;   -3.0;   -2.8;eor
       5100;20180318;   10;  12.7;   6.2;    3;   0.2;   8;    0.000;   0;   7.8;   3.6;  972.16;   -2.8;   71.96;   -1.6;   -3.8;   -3.7;eor
       5100;20180319;   10;  10.2;   4.9;    3;   0.0;   0;    5.117;   0;   6.6;   3.5;  977.28;   -1.1;   62.96;    3.9;   -3.7;   -4.8;eor
       5100;20180320;   10;  13.2;   3.5;    3;   0.0;   8;    5.033;   0;   3.9;   3.2;  986.02;    0.1;   53.29;    7.6;   -6.3;   -9.5;eor
       5100;20180321;   10;   8.3;   2.1;    3;   0.0;   0;   11.600;   0;   3.9;   3.6;  994.60;    1.8;   53.79;    8.1;   -4.2;   -8.1;eor
       5100;20180322;   10;   9.4;   3.1;    3;   3.3;   8;    0.000;   0;   7.8;   6.0;  986.10;    1.0;   89.63;    3.5;   -2.1;   -5.3;eor
       5100;20180323;   10;   8.9;   3.0;    3;   0.0;   6;    0.000;   0;   7.8;   7.3;  975.82;    4.1;   89.96;    5.5;    2.3;   -1.4;eor
       5100;20180324;   10;   7.3;   3.0;    3;   0.0;   0;    9.983;   0;   3.7;   6.2;  969.49;    5.8;   70.29;   12.9;   -0.4;   -2.2;eor
       5100;20180325;   10;   8.5;   2.1;    3;   0.0;   0;    8.817;   0;   7.4;   5.7;  974.77;    5.9;   64.75;   13.3;   -1.9;   -4.8;eor
       5100;20180326;   10;   7.0;   1.7;    3;   0.0;   6;    2.633;   0;   7.9;   5.9;  982.46;    7.0;   59.38;   11.1;    3.7;    1.6;eor
       5100;20180327;   10;  12.6;   4.1;    3;   2.4;   6;    0.383;   0;   7.6;   7.2;  979.85;    5.1;   81.21;    8.7;    1.8;   -0.6;eor
       5100;20180328;   10;  16.8;   5.9;    3;   6.0;   6;    0.067;   0;   7.6;   8.7;  971.86;    7.4;   83.88;   10.4;    4.5;    3.9;eor
       5100;20180329;   10;  12.0;   4.3;    3;   0.0;   6;    4.100;   0;   6.8;   6.4;  974.59;    6.0;   69.58;   10.6;    3.5;    1.4;eor
       5100;20180330;   10;  16.8;   3.8;    3;   0.4;   6;    4.367;   0;   7.8;   7.1;  969.14;    7.1;   72.33;   13.8;    2.6;   -1.0;eor
       5100;20180331;   10;   7.3;   2.1;    3;   0.0;   6;    6.933;   0;   7.7;   7.3;  968.56;    6.8;   76.71;   13.3;    2.1;    0.7;eor
       5100;20180401;   10;  11.7;   3.7;    3;   3.5;   6;    1.150;   0;   7.6;   7.4;  977.30;    5.8;   80.21;    8.9;    3.6;    1.9;eor
       5100;20180402;   10;  11.8;   3.4;    3;   1.9;   6;    4.433;   0;   7.8;   7.0;  975.75;    8.9;   63.38;   13.9;    2.9;   -0.5;eor
       5100;20180403;   10;  12.0;   4.1;    3;   3.2;   6;    2.167;   0;   7.8;   9.0;  971.70;   11.5;   67.67;   16.5;    7.8;    4.8;eor
       5100;20180404;   10;  16.0;   5.4;    3;  11.0;   6;    1.917;   0;   7.3;  10.3;  971.46;    9.6;   86.25;   11.9;    7.6;    4.8;eor
       5100;20180405;   10;  15.1;   4.8;    3;   1.1;   6;    1.800;   0;   7.3;   8.0;  981.71;    7.3;   77.58;    9.7;    1.8;   -1.0;eor
       5100;20180406;   10;  10.3;   3.7;    3;   0.0;   0;   11.967;   0;   3.5;   6.4;  985.79;    8.9;   59.46;   16.3;    0.4;   -1.5;eor
       5100;20180407;   10;  12.9;   3.2;    3;   0.0;   0;   12.050;   0;   3.9;   7.9;  979.31;   14.4;   50.50;   22.9;    4.6;    1.5;eor
       5100;20180408;   10;   6.4;   2.3;    3;   0.0;   0;    9.250;   0;   7.0;   9.4;  975.48;   16.8;   51.96;   25.2;    8.8;    6.4;eor
       5100;20180409;   10;  11.3;   4.1;    3;   0.0;   6;    1.850;   0;   7.5;  10.4;  972.17;   14.0;   65.75;   20.0;    9.3;    6.8;eor
       5100;20180410;   10;  12.3;   2.7;    3;   0.7;   6;    0.133;   0;   8.0;  10.3;  972.52;   10.9;   79.17;   15.8;    6.6;    6.1;eor
       5100;20180411;   10;   9.2;   2.5;    3;   0.0;   0;    9.850;   0;   5.9;   8.9;  973.56;   11.0;   72.08;   18.4;    4.3;    4.2;eor
       5100;20180412;   10;  11.1;   3.4;    3;   0.0;   0;    7.200;   0;   6.5;  10.6;  968.54;   12.7;   73.42;   17.8;    8.0;    4.5;eor
       5100;20180413;   10;   9.5;   2.6;    3;   0.0;   0;    0.033;   0;   7.0;   9.3;  976.81;   10.1;   77.00;   15.2;    4.6;    2.2;eor
       5100;20180414;   10;   9.6;   2.3;    3;   3.8;   6;    6.450;   0;   5.1;   9.7;  985.35;   12.9;   67.71;   20.1;    5.5;    2.5;eor
       5100;20180415;   10;   6.6;   1.6;    3;   0.0;   0;    6.983;   0;   7.6;  11.5;  981.45;   13.6;   75.63;   18.9;    9.7;    6.8;eor
       5100;20180416;   10;   8.4;   1.9;    3;   0.0;   0;    8.617;   0;   5.4;   9.5;  983.65;   13.0;   66.88;   19.8;    7.2;    5.1;eor
       5100;20180417;   10;   7.1;   1.9;    3;   0.0;   0;   13.117;   0;   3.6;   9.2;  992.90;   13.5;   63.21;   21.6;    4.7;    2.2;eor
       5100;20180418;   10;   9.1;   3.3;    3;   0.0;   0;   13.067;   0;   2.5;   9.5;  997.20;   17.2;   53.79;   26.4;    7.0;    4.5;eor
       5100;20180419;   10;-999;   3.0;    3;   0.0;   0;   13.383;   0;  -999;  10.0;  994.16;   20.0;   46.25;   29.3;    9.9;    6.6;eor
       5100;20180420;   10;   6.9;   1.7;    3;   0.0;   0;   12.533;   0;   6.7;  10.8;  990.88;   19.2;   53.04;   28.3;   10.3;    7.2;eor
       5100;20180421;   10;   7.0;   2.7;    3;   0.0;   0;   11.450;   0;   0.7;  12.7;  987.41;   19.3;   58.75;   27.4;   11.6;    9.1;eor
       5100;20180422;   10;  14.5;   3.5;    3;   0.5;   6;   10.250;   0;   5.9;  12.9;  982.10;   19.2;   60.83;   28.2;   11.0;    8.5;eor
       5100;20180423;   10;  11.3;   3.6;    3;   0.0;   0;    8.050;   0;   6.5;  12.5;  984.03;   16.6;   66.88;   21.4;    9.6;    7.3;eor
       5100;20180424;   10;  11.0;   3.9;    3;   0.0;   0;   10.650;   0;   7.1;  10.0;  985.13;   13.6;   67.21;   20.7;    7.3;    5.0;eor
       5100;20180425;   10;  13.7;   5.0;    3;   0.0;   6;    2.583;   0;   4.7;  10.6;  981.21;   12.5;   73.00;   16.2;    7.1;    3.7;eor
       5100;20180426;   10;  11.5;   4.3;    3;   0.0;   0;    2.717;   0;   5.5;   7.1;  985.87;    9.4;   62.38;   14.7;    5.0;    2.2;eor
       5100;20180427;   10;   9.9;   3.2;    3;   0.0;   0;   10.417;   0;   6.3;   7.7;  979.53;   12.6;   57.21;   20.5;    3.3;    1.7;eor
       5100;20180428;   10;  12.6;   3.9;    3;   3.8;   6;    5.417;   0;   7.2;   9.4;  980.07;   11.9;   69.29;   18.1;    7.8;    5.2;eor
       5100;20180429;   10;  19.7;   3.4;    3;  15.9;   8;    3.900;   0;   7.7;  13.5;  973.08;   13.5;   87.04;   21.7;    7.7;    7.9;eor
       5100;20180430;   10;  22.2;   9.6;    3;   2.8;   6;    1.383;   0;   7.4;  10.1;  971.22;    9.5;   83.50;   12.5;    5.1;    4.9;eor
       5100;20180501;   10;  15.7;   4.5;    3;   0.0;   0;    4.967;-999;   5.4;   7.1;  980.75;    7.5;   69.33;   13.9;    3.5;    1.3;eor
       5100;20180502;   10;   6.4;   1.8;    3;   0.0;   0;    8.817;-999;   5.8;   7.9;  980.64;    9.0;   71.46;   16.8;    1.0;   -0.8;eor
       5100;20180503;   10;   9.5;   2.6;    3;   0.0;   0;    6.683;-999;   7.3;   8.4;  984.15;   11.0;   66.58;   17.5;    5.1;    3.8;eor
       5100;20180504;   10;  12.6;   4.6;    3;   0.0;   0;   14.150;-999;   1.0;   8.1;  987.80;   13.7;   54.25;   20.9;    5.0;    2.4;eor
       5100;20180505;   10;  13.1;   4.9;    3;   0.0;   0;   13.983;-999;   0.3;   9.8;  989.30;   16.4;   53.33;   23.8;    9.1;    8.2;eor
       5100;20180506;   10;  12.7;   4.8;    3;   0.0;   0;   14.383;-999;   0.1;   9.6;  988.85;   18.0;   48.58;   26.4;   10.4;    8.2;eor
       5100;20180507;   10;   9.2;   3.9;    3;   0.0;   0;   14.517;-999;   0.0;   9.7;  985.15;   18.3;   48.88;   25.8;   11.6;    9.5;eor
       5100;20180508;   10;  11.6;   3.6;    3;   0.0;   0;   14.500;-999;   0.1;   9.8;  978.47;   18.9;   48.42;   26.8;   11.0;    7.7;eor
       5100;20180509;   10;   6.3;   2.2;    3;   0.0;   0;   11.767;-999;   2.1;  11.0;  974.97;   18.5;   55.21;   27.5;    9.4;    7.6;eor
       5100;20180510;   10;   8.3;   2.1;    3;   0.5;   6;    0.917;-999;   6.6;  11.1;  980.84;   14.0;   69.54;   17.6;   10.3;    7.7;eor
       5100;20180511;   10;   7.7;   2.5;    3;   0.0;   0;    6.433;-999;  -999;  10.3;  985.91;   14.9;   63.29;   22.7;    8.8;    7.2;eor
       5100;20180512;   10;   7.5;   2.2;    3;   2.6;   6;   11.867;-999;   7.2;  11.7;  981.45;   17.8;   60.75;   26.2;    8.5;    6.1;eor
       5100;20180513;   10;  10.2;   2.6;    3;   3.0;   6;    0.000;-999;   7.6;  14.0;  979.15;   13.9;   88.21;   17.2;   12.1;   11.9;eor
       5100;20180514;   10;  10.4;   2.2;    3;  10.2;   8;    1.167;-999;   6.9;  14.4;  978.65;   14.0;   90.04;   20.2;   10.8;    9.3;eor
       5100;20180515;   10;  10.0;   2.9;    3;   1.8;   6;   11.467;-999;   6.2;  11.7;  981.46;   16.0;   68.33;   23.1;    9.3;    9.2;eor
       5100;20180516;   10;  12.9;   3.4;    3;   0.8;   6;    6.233;-999;   7.3;  12.3;  983.24;   15.5;   71.17;   20.9;   11.6;   11.5;eor
       5100;20180517;   10;   8.5;   3.3;    3;   0.0;   0;   12.800;-999;   6.5;   9.0;  987.41;   14.4;   57.42;   20.8;    9.2;    6.9;eor
       5100;20180518;   10;   9.3;   3.1;    3;   0.0;   0;   10.650;-999;   5.5;   8.5;  988.66;   12.4;   61.88;   20.1;    5.5;    4.0;eor
       5100;20180519;   10;   9.0;   3.3;    3;   0.0;   0;   13.583;-999;   2.2;   9.1;  988.40;   13.4;   61.83;   20.3;    6.4;    4.9;eor
       5100;20180520;   10;  13.4;   4.3;    3;   4.0;   6;    5.967;-999;   4.3;  11.5;  987.77;   13.5;   74.79;   20.1;    7.5;    5.7;eor
       5100;20180521;   10;   8.3;   2.9;    3;   0.0;   0;   10.367;-999;   5.7;  13.2;  981.90;   17.4;   69.29;   24.8;   11.2;   10.5;eor
       5100;20180522;   10;  11.1;   2.1;    3;   1.3;   6;    6.850;-999;   6.8;  14.2;  980.82;   16.5;   78.46;   25.4;   11.1;    9.4;eor
       5100;20180523;   10;  12.0;   2.6;    3;   5.8;   6;    3.250;-999;   7.6;  15.9;  985.58;   16.4;   86.38;   23.1;   13.1;   13.1;eor
       5100;20180524;   10;   9.3;   1.7;    3;  27.1;   8;    2.500;-999;   7.4;  16.6;  985.72;   15.9;   92.13;   20.3;   13.0;   12.3;eor
       5100;20180525;   10;   5.5;   1.4;    3;   0.0;   0;    8.433;-999;   7.8;  15.2;  986.14;   18.1;   76.79;   26.0;   12.2;   12.6;eor
       5100;20180526;   10;   6.9;   2.7;    3;   0.0;   0;   13.167;-999;   6.9;  15.9;  986.91;   21.8;   64.63;   29.5;   13.3;   12.5;eor
       5100;20180527;   10;   9.0;   2.7;    3;   0.0;   6;    6.083;-999;   7.3;  17.0;  985.81;   21.1;   68.25;   27.6;   15.7;   14.6;eor
       5100;20180528;   10;  10.7;   2.8;    3;   0.9;   6;    6.667;-999;   7.4;  17.7;  984.38;   21.0;   73.00;   29.0;   14.5;   13.5;eor
       5100;20180529;   10;  11.6;   3.2;    3;   0.0;   6;    7.100;-999;   6.1;  17.8;  982.20;   19.2;   80.71;   23.3;   14.6;   13.5;eor
       5100;20180530;   10;  11.0;   2.2;    3;  16.3;   6;   12.533;-999;   3.3;  16.4;  982.45;   20.9;   69.42;   28.0;   13.2;   12.2;eor
       5100;20180531;   10;   6.6;   2.0;    3;  42.6;   8;   10.567;-999;   6.3;  17.7;  983.09;   20.6;   75.00;   27.1;   15.2;   15.0;eor
       5100;20180601;   10;   8.8;   3.0;    3;  11.3;   6;    1.083;-999;   7.0;  17.8;  985.88;   17.1;   91.38;   21.8;   14.6;   14.0;eor
       5100;20180602;   10;   6.5;   2.0;    3;   0.0;   0;    5.333;-999;   5.3;  15.6;  987.38;   17.3;   80.71;   22.3;   12.6;   11.6;eor
       5100;20180603;   10;   7.7;   2.3;    3;   0.0;   0;   12.100;-999;   4.0;  14.1;  985.58;   18.7;   69.63;   26.4;   11.5;   10.1;eor
       5100;20180604;   10;   9.4;   3.6;    3;   0.0;   0;   11.983;-999;   6.4;  16.6;  980.15;   21.3;   67.29;   27.7;   14.3;   13.6;eor
       5100;20180605;   10;  10.1;   4.5;    3;   0.0;   0;   13.933;-999;   1.5;  17.0;  979.52;   20.9;   69.88;   26.8;   15.8;   14.9;eor
       5100;20180606;   10;   8.1;   2.6;    3;   2.7;   6;   10.217;-999;   5.4;  17.8;  980.52;   19.7;   78.75;   28.3;   15.0;   14.2;eor
       5100;20180607;   10;   5.8;   1.7;    3;   4.7;   6;    4.367;-999;   7.8;  18.0;  983.37;   19.0;   82.21;   24.0;   15.4;   14.8;eor
       5100;20180608;   10;   8.3;   2.5;    3;   0.0;   0;    4.950;-999;   6.8;  19.1;  981.57;   20.0;   82.54;   25.2;   16.5;   15.5;eor
       5100;20180609;   10;   6.5;   2.2;    3;   8.0;   8;    4.150;-999;   7.0;  18.8;  981.06;   19.8;   83.04;   27.6;   16.0;   15.1;eor
       5100;20180610;   10;   8.1;   1.5;    3;   0.9;   6;    5.417;-999;   7.3;  18.8;  980.21;   20.0;   81.79;   26.7;   15.4;   15.2;eor
       5100;20180611;   10;   9.8;   3.3;    3;   8.8;   6;    0.383;-999;   7.8;  19.4;  978.49;   18.3;   92.46;   22.0;   15.4;   15.4;eor
       5100;20180612;   10;  10.6;   4.1;    3;   1.8;   6;    0.333;-999;   7.0;  14.8;  979.14;   15.0;   86.58;   16.6;   11.1;    9.9;eor
       5100;20180613;   10;   7.8;   2.2;    3;   0.0;   6;    2.567;-999;   7.4;  11.7;  983.93;   13.8;   74.83;   16.8;   11.0;    9.9;eor
       5100;20180614;   10;   7.3;   2.0;    3;   2.3;   6;    7.033;-999;   7.7;  12.8;  984.84;   15.1;   76.63;   20.7;   10.2;    9.5;eor
       5100;20180615;   10;   5.8;   1.4;    3;   2.0;   6;    7.033;-999;   6.3;  15.3;  984.98;   17.1;   80.29;   24.8;   13.0;   13.0;eor
       5100;20180616;   10;   8.9;   2.2;    3;   0.0;   0;    8.817;-999;   6.7;  14.5;  983.99;   18.7;   69.92;   25.7;   13.4;   12.5;eor
       5100;20180617;   10;  10.7;   3.1;    3;   0.0;   0;    4.467;-999;   7.4;  12.7;  986.93;   16.5;   68.63;   20.8;   12.7;   11.6;eor
       5100;20180618;   10;   8.5;   3.1;    3;   0.0;   0;    3.250;-999;   6.9;  14.7;  990.19;   17.1;   75.13;   21.4;   11.8;   10.5;eor
       5100;20180619;   10;   5.5;   2.3;    3;   0.0;   0;    1.033;-999;   6.4;  16.7;  992.39;   18.4;   79.88;   22.5;   13.6;   12.2;eor
       5100;20180620;   10;   6.4;   1.7;    3;   0.0;   0;   14.300;-999;   1.5;  16.3;  989.05;   21.7;   66.46;   28.9;   14.3;   12.7;eor
       5100;20180621;   10;  12.3;   3.3;    3;   0.0;   6;   11.767;-999;   3.3;  12.1;  987.81;   16.8;   62.58;   20.8;    9.8;    8.8;eor
       5100;20180622;   10;  10.9;   2.7;    3;   0.0;   0;    7.700;-999;   3.9;   9.0;  993.89;   12.5;   63.13;   17.9;    7.3;    5.8;eor
       5100;20180623;   10;   9.2;   1.9;    3;   0.0;   6;    5.917;-999;   5.5;  10.2;  994.06;   12.7;   71.17;   18.5;    6.7;    5.3;eor
       5100;20180624;   10;   8.1;   2.1;    3;   0.0;   0;    7.650;-999;   7.5;  11.2;  990.13;   15.5;   66.21;   20.7;    9.2;    8.1;eor
       5100;20180625;   10;   7.9;   2.7;    3;   0.0;   0;    2.183;-999;   6.0;  12.9;  991.56;   15.8;   72.17;   19.8;   12.1;   10.5;eor
       5100;20180626;   10;   8.2;   2.7;    3;   0.0;   0;   15.350;-999;   1.1;  13.0;  991.29;   18.3;   65.42;   26.1;   10.5;    9.1;eor
       5100;20180627;   10;   9.8;   3.6;    3;   0.0;   0;   14.200;-999;   1.8;  12.8;  990.25;   19.7;   58.96;   26.6;   11.7;   10.2;eor
       5100;20180628;   10;  12.1;   4.4;    3;   0.0;   6;   14.300;-999;   4.4;  12.1;  988.12;   21.1;   49.63;   27.5;   13.2;   11.4;eor
       5100;20180629;   10;  11.2;   3.6;    3;   0.0;   0;   12.633;-999;   3.3;  13.7;  984.67;   23.7;   48.17;   29.4;   18.3;   16.1;eor
       5100;20180630;   10;   8.6;   3.4;    3;   0.0;   0;   14.850;-999;   1.1;  13.7;  981.98;   23.5;   49.08;   30.8;   15.3;   13.9;eor
       5100;20180701;   10;  10.3;   5.1;    3;   0.0;   0;   15.750;-999;   0.1;   8.7;  982.72;   21.2;   35.71;   27.5;   14.9;   13.9;eor
       5100;20180702;   10;  12.1;   4.8;    3;   0.0;   0;   15.733;-999;  -999;   9.1;  982.47;   21.2;   37.75;   28.3;   13.8;   12.9;eor
       5100;20180703;   10;   7.1;   2.5;    3;   0.0;   6;   12.800;-999;   5.7;  10.5;  984.12;   21.6;   43.08;   30.7;   12.8;   11.3;eor
       5100;20180704;   10;  14.4;   2.2;    3;   1.8;   6;    6.150;-999;   6.8;  16.5;  983.13;   20.0;   71.79;   31.0;   14.6;   13.5;eor
       5100;20180705;   10;   7.5;   2.2;    3;   0.9;   6;    0.550;-999;   7.8;  17.9;  982.97;   18.1;   86.88;   22.0;   14.6;   13.7;eor
       5100;20180706;   10;   9.3;   1.8;    3;   0.0;   0;    9.450;-999;   5.1;  15.1;  987.75;   20.2;   67.17;   28.2;   14.8;   13.5;eor
       5100;20180707;   10;   9.2;   2.1;    3;   0.0;   0;   11.350;-999;  -999;  13.5;  990.54;   20.9;   58.25;   28.1;   14.0;   12.5;eor
       5100;20180708;   10;  12.0;   2.7;    3;   0.0;   0;   15.467;-999;   0.7;  11.4;  990.91;   20.2;   51.63;   27.0;   12.6;   10.5;eor
       5100;20180709;   10;  10.0;   3.1;    3;   0.0;   0;   12.533;-999;   4.2;  12.3;  989.51;   19.9;   54.96;   25.8;   12.8;   11.1;eor
       5100;20180710;   10;  10.9;   2.8;    3;   0.0;   6;    2.533;-999;   7.7;  11.8;  986.07;   16.6;   62.63;   19.7;   14.2;   12.9;eor
       5100;20180711;   10;   8.1;   1.9;    3;   0.0;   0;    5.150;-999;   5.9;  11.6;  985.27;   17.1;   61.08;   21.7;   11.7;    9.4;eor
       5100;20180712;   10;   8.4;   2.3;    3;   0.0;   0;    8.367;-999;   4.8;  13.8;  986.27;   20.1;   59.79;   26.1;   15.7;   13.7;eor
       5100;20180713;   10;  10.3;   2.4;    3;   0.0;   0;   10.567;-999;   4.9;  13.9;  987.82;   20.6;   60.50;   29.3;   13.1;   11.3;eor
       5100;20180714;   10;   7.7;   2.5;    3;   0.2;   6;   10.900;-999;   4.2;  13.6;  986.54;   22.4;   54.21;   30.5;   14.2;   12.8;eor
       5100;20180715;   10;   8.0;   2.5;    3;   1.3;   6;    7.533;-999;   6.4;  14.4;  983.93;   21.0;   59.54;   29.6;   15.2;   13.4;eor
       5100;20180716;   10;   6.4;   1.7;    3;   0.0;   0;   13.600;-999;   5.4;  13.3;  981.52;   22.1;   54.88;   30.9;   14.3;   13.3;eor
       5100;20180717;   10;   9.4;   2.2;    3;   0.0;   0;   11.433;-999;   5.9;  13.5;  983.57;   22.2;   53.79;   29.8;   14.0;   12.9;eor
       5100;20180718;   10;   6.7;   2.4;    3;   0.0;   0;   13.317;-999;   1.7;  11.7;  986.18;   21.5;   48.88;   28.0;   14.2;   11.9;eor
       5100;20180719;   10;-999;   2.2;    3;   0.0;   0;   14.217;-999;   4.7;  11.3;  985.30;   22.0;   46.96;   30.4;   12.7;   10.9;eor
       5100;20180720;   10;   8.3;   2.1;    3;   0.0;   6;    9.833;-999;   7.2;  13.2;  981.42;   22.6;   50.54;   30.8;   14.2;   12.5;eor
       5100;20180721;   10;  10.0;   2.5;    3;   0.0;   6;    6.450;-999;   7.4;  15.9;  980.28;   20.9;   66.50;   29.1;   15.8;   14.9;eor
       5100;20180722;   10;   7.6;   1.8;    3;   0.0;   0;    8.950;-999;   5.4;  14.2;  983.10;   21.5;   59.79;   29.2;   15.5;   14.9;eor
       5100;20180723;   10;   6.6;   1.7;    3;   0.0;   0;   11.667;-999;   1.9;  14.2;  985.58;   22.3;   55.21;   29.9;   13.9;   12.8;eor
       5100;20180724;   10;   6.7;   1.9;    3;   0.0;   0;   11.683;-999;   1.7;  14.8;  982.97;   24.5;   52.50;   33.8;   15.9;   14.5;eor
       5100;20180725;   10;   6.5;   1.8;    3;   0.0;   0;   12.850;-999;   2.1;  14.0;  982.91;   26.0;   46.04;   36.1;   16.6;   14.9;eor
       5100;20180726;   10;  18.1;   2.3;    3;   3.1;   8;    8.100;-999;   4.0;  16.5;  982.73;   25.0;   54.17;   34.4;   18.4;   16.5;eor
       5100;20180727;   10;   5.6;   2.1;    3;   0.0;   6;   12.667;-999;   5.1;  13.8;  980.06;   26.8;   43.13;   35.6;   17.6;   15.4;eor
       5100;20180728;   10;  13.3;   3.8;    3;   0.0;   6;    6.483;-999;   7.3;  15.7;  978.75;   24.0;   53.58;   30.9;   18.5;   16.4;eor
       5100;20180729;   10;  10.6;   2.7;    3;   0.0;   0;    8.950;-999;   5.4;  12.8;  982.45;   23.2;   47.79;   31.8;   15.7;   13.8;eor
       5100;20180730;   10;   8.8;   2.2;    3;   0.0;   0;   11.567;-999;   5.4;  14.8;  984.05;   25.3;   48.46;   34.1;   17.5;   16.3;eor
       5100;20180731;   10;  10.0;   2.2;    3;   0.0;   6;   12.167;-999;   3.4;  15.4;  985.52;   25.2;   51.13;   33.8;   16.9;   15.3;eor
       5100;20180801;   10;   5.3;   1.9;    3;   8.6;   6;    3.817;-999;   5.9;  19.0;  988.83;   19.9;   81.92;   23.0;   17.3;   16.4;eor
       5100;20180802;   10;   8.4;   1.9;    3;   0.0;   0;   10.650;-999;   3.5;  16.6;  989.88;   23.5;   64.04;   33.3;   15.2;   15.5;eor
       5100;20180803;   10;   6.4;   2.3;    3;   0.0;   0;   12.633;-999;   1.2;  16.5;  988.15;   27.1;   49.29;   36.4;   18.2;   17.1;eor
       5100;20180804;   10;   9.8;   2.6;    3;   0.0;   0;   11.900;-999;   4.0;  15.9;  986.47;   27.3;   46.88;   36.1;   19.2;   18.4;eor
       5100;20180805;   10;   9.5;   3.9;    3;   0.0;   0;   12.850;-999;   5.3;  15.3;  988.27;   24.5;   52.71;   31.4;   18.9;   16.3;eor
       5100;20180806;   10;   8.6;   2.7;    3;   0.0;   0;   14.467;-999;   0.5;  13.0;  983.81;   25.1;   44.50;   35.2;   15.8;   14.1;eor
       5100;20180807;   10;  15.2;   2.7;    3;  11.2;   8;   11.517;-999;   3.4;  14.7;  979.05;   26.4;   46.75;   37.6;   17.6;   16.7;eor
       5100;20180808;   10;  19.0;   3.8;    3;   0.0;   6;    6.283;-999;   6.2;  18.3;  981.64;   22.3;   69.29;   27.5;   17.8;   16.6;eor
       5100;20180809;   10;  18.5;   5.7;    3;   2.2;   6;    4.100;-999;   6.6;  17.0;  981.59;   20.2;   72.42;   30.5;   14.3;   13.5;eor
       5100;20180810;   10;  11.4;   3.9;    3;   0.1;   6;    7.933;-999;   5.1;  11.2;  990.83;   17.4;   58.96;   24.9;   12.8;   11.6;eor
       5100;20180811;   10;  11.3;   3.0;    3;   0.0;   0;    9.633;-999;   6.8;  10.4;  990.78;   18.0;   52.42;   25.0;   12.0;    9.7;eor
       5100;20180812;   10;  10.6;   1.9;    3;   0.9;   6;   12.800;-999;   5.4;  10.3;  984.00;   19.1;   52.42;   29.5;    9.1;    7.6;eor
       5100;20180813;   10;  15.5;   3.5;    3;   7.3;   6;    2.450;-999;   6.9;  15.5;  977.77;   17.8;   77.08;   24.6;   13.7;   13.4;eor
       5100;20180814;   10;   7.3;   3.2;    3;   0.0;   6;    1.633;-999;   7.2;  15.8;  984.35;   18.1;   76.67;   24.1;   14.1;   12.9;eor
       5100;20180815;   10;   6.1;   1.8;    3;   0.0;   0;    3.733;-999;   5.0;  14.9;  988.14;   18.9;   70.67;   24.7;   14.1;   12.5;eor
       5100;20180816;   10;   6.8;   1.8;    3;   0.0;   0;   13.567;-999;   3.3;  13.9;  984.37;   20.7;   62.29;   30.1;   12.3;   10.7;eor
       5100;20180817;   10;   9.1;   2.6;    3;   0.3;   6;    5.750;-999;   6.3;  15.4;  985.21;   19.5;   68.58;   27.6;   14.3;   12.8;eor
       5100;20180818;   10;   6.3;   1.8;    3;   0.0;   0;   13.267;-999;   5.0;  11.5;  990.32;   19.1;   57.38;   27.8;   11.3;    9.5;eor
       5100;20180819;   10;   8.7;   2.4;    3;   0.0;   0;   13.450;-999;  -999;  13.1;  989.48;   20.2;   58.13;   29.4;   11.8;   10.4;eor
       5100;20180820;   10;   6.1;   1.6;    3;   0.0;   0;    4.250;-999;   4.6;  16.0;  988.29;   20.5;   67.63;   27.6;   14.8;   13.6;eor
       5100;20180821;   10;   5.5;   1.9;    3;   0.0;   0;    8.600;-999;   5.3;  15.9;  987.66;   22.1;   63.67;   30.7;   15.1;   13.6;eor
       5100;20180822;   10;   9.5;   2.3;    3;   0.0;   0;   13.150;-999;   2.1;  15.1;  985.02;   23.3;   57.04;   32.9;   14.9;   13.6;eor
       5100;20180823;   10;   9.8;   2.4;    3;   0.0;   0;   10.983;-999;   4.8;  16.6;  981.82;   22.7;   62.96;   32.1;   15.1;   13.7;eor
       5100;20180824;   10;  11.8;   3.8;    3;   2.1;   6;    5.083;-999;   7.2;  11.9;  981.56;   17.6;   59.88;   22.7;   12.7;   11.6;eor
       5100;20180825;   10;   9.9;   3.7;    3;   0.3;   6;    4.117;-999;   6.5;   9.4;  981.70;   13.7;   61.83;   18.8;    8.1;    6.3;eor
       5100;20180826;   10;   9.7;   2.7;    3;   2.1;   6;    8.650;-999;   5.3;   8.2;  984.40;   14.5;   55.33;   22.4;    5.7;    4.0;eor
       5100;20180827;   10;  12.5;   4.6;    3;   1.5;   6;    0.800;-999;   7.4;  13.9;  983.00;   15.2;   80.63;   19.6;   11.1;    9.3;eor
       5100;20180828;   10;   6.4;   1.5;    3;   0.0;   0;   11.017;-999;  -999;  12.3;  986.67;   16.5;   69.50;   25.7;    8.9;    7.5;eor
       5100;20180829;   10;  11.1;   2.4;    3;  14.9;   8;    6.250;-999;   7.1;  15.3;  982.21;   16.9;   79.46;   24.7;   11.1;    9.4;eor
       5100;20180830;   10;   7.0;   1.9;    3;   2.1;   6;    3.317;-999;   7.2;  13.3;  988.63;   15.9;   74.58;   20.8;   11.7;   10.9;eor
       5100;20180831;   10;   8.2;   2.6;    3;   0.0;   0;    3.300;-999;   7.6;  11.2;  989.73;   14.4;   69.46;   19.1;   10.3;    8.4;eor
       5100;20180901;   10;   8.9;   3.2;    3;   0.0;   0;   11.867;-999;   0.7;   9.4;  992.57;   14.6;   59.67;   21.8;    7.7;    6.2;eor
       5100;20180902;   10;  11.8;   3.6;    3;   0.0;   0;    6.017;-999;   5.4;  10.8;  990.55;   15.0;   64.42;   21.5;    7.1;    5.8;eor
       5100;20180903;   10;   8.8;   2.7;    3;   0.0;   0;    3.767;-999;   7.8;  14.3;  985.32;   18.1;   69.67;   23.7;   14.7;   13.8;eor
       5100;20180904;   10;   5.3;   1.3;    3;   0.0;   0;    3.483;-999;   6.0;  15.4;  984.52;   18.8;   73.13;   25.7;   13.3;   11.9;eor
       5100;20180905;   10;   8.7;   1.8;    3;  43.4;   8;    4.417;-999;   6.7;  16.7;  984.22;   18.7;   79.00;   28.8;   15.0;   13.5;eor
       5100;20180906;   10;   9.6;   1.7;    3;  13.0;   6;    1.767;-999;   7.6;  17.8;  980.84;   17.1;   91.42;   22.9;   14.3;   14.3;eor
       5100;20180907;   10;   9.7;   2.7;    3;   1.3;   6;    1.700;-999;   6.7;  14.5;  983.66;   14.9;   85.54;   17.9;    9.0;    7.6;eor
       5100;20180908;   10;   8.3;   2.0;    3;   0.0;   0;    9.117;-999;   5.5;  11.1;  988.70;   13.7;   73.88;   21.5;    6.4;    5.1;eor
       5100;20180909;   10;   6.1;   1.5;    3;   0.0;   0;   10.983;-999;   7.7;  12.1;  989.47;   16.9;   67.25;   25.3;   10.0;    8.8;eor
       5100;20180910;   10;  10.6;   2.5;    3;   0.0;   0;    9.100;-999;   6.9;  12.6;  990.46;   17.9;   64.79;   27.2;   10.6;    9.4;eor
       5100;20180911;   10;  10.0;   3.0;    3;   0.0;   0;   11.950;-999;   2.3;  13.0;  991.94;   18.7;   64.13;   26.9;   11.1;    9.5;eor
       5100;20180912;   10;   9.1;   2.6;    3;   0.0;   0;   11.783;-999;   1.8;  13.4;  988.60;   19.5;   63.63;   29.0;   11.3;    9.7;eor
       5100;20180913;   10;   8.3;   2.8;    3;   0.2;   6;    0.000;-999;   7.9;  15.0;  987.82;   15.6;   84.63;   17.8;   13.5;   12.5;eor
       5100;20180914;   10;   5.4;   1.9;    3;   0.0;   0;    4.150;-999;   6.9;  12.5;  988.65;   15.8;   71.54;   22.5;    9.9;    7.9;eor
       5100;20180915;   10;   7.2;   1.8;    3;   0.0;   0;    8.050;-999;   5.5;  10.7;  992.40;   14.0;   69.17;   20.8;    9.1;    7.6;eor
       5100;20180916;   10;   6.0;   2.0;    3;   0.0;   0;   11.317;-999;   6.2;  10.8;  990.00;   15.5;   65.50;   25.5;    6.9;    5.3;eor
       5100;20180917;   10;   7.2;   1.6;    3;   0.0;   0;   11.033;-999;   5.8;  11.2;  987.01;   17.4;   61.25;   27.6;    8.3;    6.4;eor
       5100;20180918;   10;  10.6;   2.7;    3;   0.0;   0;   11.083;-999;   2.6;  13.6;  983.80;   20.3;   59.83;   29.7;   10.8;    8.9;eor
       5100;20180919;   10;  12.0;   3.1;    3;   0.0;   0;   11.033;-999;   4.8;  15.9;  987.15;   20.7;   66.83;   28.3;   14.5;   12.6;eor
       5100;20180920;   10;  10.5;   2.9;    3;   0.0;   0;   11.150;-999;   6.1;  14.2;  985.72;   19.3;   66.54;   26.8;   12.7;   10.4;eor
       5100;20180921;   10;  19.5;   5.4;    3;   4.3;   6;    2.150;-999;   7.0;  12.2;  981.00;   15.8;   66.63;   20.1;   10.1;    7.2;eor
       5100;20180922;   10;  11.3;   3.4;    3;   8.1;   6;    3.183;-999;   7.7;  10.0;  988.90;   12.0;   72.83;   17.2;    8.5;    6.1;eor
       5100;20180923;   10;  27.6;   5.6;    3;  13.9;   8;    0.100;-999;   7.5;  14.8;  981.35;   13.7;   91.21;   20.5;    7.5;    5.6;eor
       5100;20180924;   10;   9.0;   1.8;    3;   0.0;   6;    6.100;-999;   4.6;   8.8; 1000.55;    9.2;   77.42;   14.6;    4.8;    3.4;eor
       5100;20180925;   10;   8.4;   2.8;    3;   0.0;   0;    8.950;-999;   3.9;   7.7; 1004.55;    8.5;   73.50;   16.4;    2.9;    1.5;eor
       5100;20180926;   10;   6.2;   1.8;    3;   0.0;   0;   11.000;-999;   5.3;   7.9; 1001.18;    9.7;   69.00;   19.1;    2.5;    1.0;eor
       5100;20180927;   10;   7.0;   1.8;    3;   0.0;   0;   11.450;-999;   0.0;   9.6;  995.40;   12.4;   70.17;   23.2;    3.7;    1.4;eor
       5100;20180928;   10;  12.1;   2.9;    3;   0.0;   6;    7.467;-999;   3.0;  10.5;  992.03;   10.9;   81.71;   20.2;    5.7;    3.9;eor
       5100;20180929;   10;   9.8;   3.9;    3;   0.0;   0;   10.983;-999;  -999;   7.5;  993.32;    9.6;   65.96;   16.6;    5.1;    2.7;eor
       5100;20180930;   10;   6.0;   2.0;    3;   0.0;   6;   11.000;-999;  -999;   8.0;  985.05;   10.1;   67.25;   19.3;    1.6;    0.3;eor
       5100;20181001;   10;  11.4;   2.3;    3;   0.1;   6;    3.200;-999;   6.7;   8.3;  986.95;    9.3;   71.71;   14.4;    5.9;    2.9;eor
       5100;20181002;   10;  13.5;   4.9;    3;   1.4;   6;    0.000;   0;   7.9;   9.7;  989.84;    8.0;   89.54;   10.8;    5.5;    5.0;eor
       5100;20181003;   10;   8.0;   2.7;    3;   0.0;   0;    6.200;   0;   5.9;  10.8;  993.10;   12.2;   77.29;   16.7;    6.1;    3.6;eor
       5100;20181004;   10;   4.8;   1.6;    3;   0.0;   0;   10.600;   0;   1.1;   9.7;  994.18;   10.4;   79.00;   18.6;    3.6;    2.0;eor
       5100;20181005;   10;   8.2;   1.9;    3;   0.0;   0;   10.167;   0;   2.1;  10.9;  986.75;   12.0;   79.79;   21.4;    4.8;    3.7;eor
       5100;20181006;   10;   8.1;   2.3;    3;   0.0;   6;    7.867;   0;   5.6;  12.3;  979.05;   14.5;   76.83;   23.2;    6.9;    5.9;eor
       5100;20181007;   10;   7.9;   2.9;    3;   0.0;   6;    0.000;   0;   7.8;  12.5;  984.20;   12.6;   85.67;   14.9;    8.7;    7.1;eor
       5100;20181008;   10;   5.3;   2.2;    3;   0.0;   0;    5.783;   0;   6.2;  11.6;  988.93;   11.3;   86.33;   19.0;    5.9;    3.7;eor
       5100;20181009;   10;   5.7;   1.9;    3;   0.0;   0;    5.317;   0;   7.3;  12.6;  989.20;   13.0;   85.29;   22.3;    7.3;    6.2;eor
       5100;20181010;   10;   7.4;   2.8;    3;   0.0;   0;    8.633;   0;   2.1;  12.9;  984.13;   15.0;   78.25;   23.7;    8.2;    6.4;eor
       5100;20181011;   10;  10.2;   2.2;    3;   0.0;   6;    4.883;   0;   4.5;  12.9;  981.90;   15.0;   77.50;   23.4;    8.9;    6.8;eor
       5100;20181012;   10;   9.1;   2.5;    3;   0.0;   0;    7.433;   0;   6.6;  14.2;  988.51;   18.5;   67.29;   25.1;   13.4;    9.9;eor
       5100;20181013;   10;   7.6;   1.9;    3;   0.0;   0;   10.233;   0;   1.7;  13.4;  987.28;   18.4;   66.71;   26.8;   11.4;    9.3;eor
       5100;20181014;   10;  11.3;   2.9;    3;   0.0;   0;    9.883;   0;   1.1;  11.7;  979.95;   18.0;   59.08;   25.6;   11.5;    8.9;eor
       5100;20181015;   10;   4.0;   1.6;    3;   0.0;   0;    9.833;   0;   0.7;  10.6;  981.86;   15.8;   62.58;   24.5;    8.7;    5.9;eor
       5100;20181016;   10;   4.9;   1.9;    3;   0.0;   0;    7.300;   0;   4.8;  11.2;  986.52;   14.3;   70.92;   23.4;    7.9;    5.1;eor
       5100;20181017;   10;   6.5;   2.2;    3;   0.0;   0;    9.317;   0;   7.8;  11.3;  986.82;   14.3;   72.08;   23.0;    7.5;    4.8;eor
       5100;20181018;   10;   9.6;   3.6;    3;   0.0;   0;    3.083;   0;   4.7;  12.4;  989.18;   13.0;   82.96;   17.5;    9.7;    7.7;eor
       5100;20181019;   10;   6.8;   3.1;    3;   0.0;   0;    9.117;   0;   3.0;  11.3;  990.95;   11.6;   83.17;   17.9;    7.2;    5.0;eor
       5100;20181020;   10;   7.6;   2.8;    3;   0.0;   0;    7.233;   0;   4.7;  10.2;  996.32;   10.6;   80.71;   16.6;    5.4;    2.1;eor
       5100;20181021;   10;   6.8;   2.7;    3;   0.0;   0;    7.900;   0;   3.4;   8.1;  995.21;    8.6;   75.92;   16.7;    2.4;    0.6;eor
       5100;20181022;   10;  10.7;   2.5;    3;   0.0;   6;    2.433;   0;   4.4;   8.8;  997.19;    8.2;   81.04;   14.4;    2.7;    0.9;eor
       5100;20181023;   10;  11.6;   3.4;    3;   0.0;   0;    2.917;   0;   6.7;   8.4;  995.47;    8.2;   78.75;   13.8;    2.9;    1.1;eor
       5100;20181024;   10;   8.3;   3.2;    3;   0.1;   6;    0.300;   0;   7.5;  12.2;  992.47;   12.7;   82.75;   15.9;    9.7;    8.5;eor
       5100;20181025;   10;   7.1;   2.6;    3;   0.1;   6;    2.700;   0;   6.9;  10.9;  987.72;   11.9;   78.67;   15.4;    8.6;    8.1;eor
       5100;20181026;   10;  10.7;   4.0;    3;   2.1;   6;    0.000;   0;   7.8;   8.8;  978.35;    8.4;   79.46;    9.7;    6.2;    5.3;eor
       5100;20181027;   10;   8.1;   2.3;    3;   0.0;   0;    0.083;   0;   7.7;   7.5;  976.74;    5.0;   86.50;    7.0;    2.5;    0.2;eor
       5100;20181028;   10;  15.8;   6.3;    3;   1.1;   6;    0.350;   0;   7.8;   6.5;  977.14;    4.6;   76.63;    6.3;    2.8;    1.9;eor
       5100;20181029;   10;  14.1;   5.5;    3;   2.8;   6;    0.000;   0;   7.8;   7.3;  966.75;    4.2;   88.21;    5.0;    3.5;    3.3;eor
       5100;20181030;   10;  22.9;   8.9;    3;   3.7;   8;    0.000;   0;   7.0;   7.5;  962.80;    4.4;   88.71;    6.3;    1.7;    1.5;eor
       5100;20181031;   10;  10.4;   3.0;    3;   0.0;   6;    0.000;   0;   6.7;   7.6;  980.40;    5.6;   83.67;    8.7;    1.5;   -1.4;eor
       5100;20181101;   10;  12.0;   2.3;    3;   3.7;   6;    0.450;   0;   7.7;   8.9;  979.60;    6.2;   92.71;    9.4;    2.7;    1.2;eor
       5100;20181102;   10;  10.1;   2.6;    3;   3.7;   6;    0.017;   0;   7.3;   9.7;  990.03;    7.6;   93.00;    9.2;    4.2;    1.6;eor
       5100;20181103;   10;   7.0;   2.9;    3;   0.0;   0;    4.350;   0;   5.5;   7.5;  994.15;    4.2;   91.33;    9.1;    1.7;    0.3;eor
       5100;20181104;   10;   9.5;   2.6;    3;   0.0;   0;    6.317;   0;   5.2;   8.8;  983.34;    7.4;   85.92;   13.6;    3.2;    3.2;eor
       5100;20181105;   10;   4.2;   1.4;    3;   0.0;   6;    1.767;   0;   7.1;   9.8;  976.72;    7.8;   92.50;   12.6;    4.4;    2.9;eor
       5100;20181106;   10;   6.3;   2.0;    3;   0.0;   0;    4.167;   0;   8.0;  10.1;  975.71;    8.7;   90.08;   14.0;    5.2;    5.2;eor
       5100;20181107;   10;  18.4;   5.7;    3;   0.1;   6;    5.000;   0;   6.0;   9.9;  978.48;   11.6;   73.50;   17.7;    8.6;    4.6;eor
       5100;20181108;   10;   9.0;   3.2;    3;   0.0;   6;    2.650;-999;   7.1;   9.3;  986.93;   10.1;   75.92;   13.2;    6.4;    4.6;eor
       5100;20181109;   10;   8.1;   2.0;    3;   1.3;   6;    5.067;-999;   7.6;  10.1;  981.27;    9.8;   83.75;   14.8;    4.3;    2.2;eor
       5100;20181110;   10;  16.2;   7.9;    3;  12.2;   6;    0.000;-999;   7.7;  11.8;  974.05;   12.1;   83.63;   13.9;   10.2;    8.4;eor
       5100;20181111;   10;  15.8;   7.2;    3;   3.9;   8;    1.900;-999;   7.4;  11.1;  977.42;   11.9;   79.71;   14.9;    9.6;    8.1;eor
       5100;20181112;   10;  15.4;   4.8;    3;  19.0;   6;    0.917;-999;   7.8;  12.6;  982.76;   13.2;   84.00;   18.8;    9.4;    9.1;eor
       5100;20181113;   10;  12.0;   4.1;    3;   0.4;   6;    2.133;-999;   5.0;  10.4;  993.48;    9.6;   87.21;   12.9;    5.0;    1.8;eor
       5100;20181114;   10;   4.4;   1.3;    3;   0.0;   0;    0.000;-999;   8.0;   8.2;  995.92;    4.3;   98.54;    6.4;    2.1;    1.8;eor
       5100;20181115;   10;   4.9;   1.6;    3;   0.0;   0;    0.000;   0;   8.0;   7.6;  993.80;    3.6;   96.54;    5.4;    1.8;    2.5;eor
       5100;20181116;   10;   9.4;   3.5;    3;   0.0;   0;    6.583;   0;   3.3;   7.2;  994.53;    5.5;   80.38;   10.3;    2.8;    0.5;eor
       5100;20181117;   10;  12.5;   6.6;    3;   0.0;   0;    8.550;   0;   0.1;   5.8;  994.16;    4.6;   70.38;   10.0;    0.7;   -0.9;eor
       5100;20181118;   10;  13.6;   6.9;    3;   0.0;   0;    8.467;   0;   1.2;   4.4;  991.32;    2.9;   59.13;    6.9;   -0.1;   -2.2;eor
       5100;20181119;   10;  17.3;   6.3;    3;   0.6;   8;    0.000;   0;   6.4;   5.3;  981.27;    2.2;   73.33;    4.2;   -0.8;   -2.7;eor
       5100;20181120;   10;  16.7;   5.1;    3;   0.0;   6;    2.067;   0;   6.8;   5.1;  973.91;    2.6;   69.21;    5.4;    1.5;   -0.9;eor
       5100;20181121;   10;   7.9;   3.1;    3;   0.0;   0;    1.900;   0;   7.5;   5.8;  981.70;    2.4;   79.79;    4.8;    1.4;   -0.1;eor
       5100;20181122;   10;   4.9;   1.6;    3;   0.0;   0;    4.033;   0;   4.0;   5.8;  986.16;    1.9;   82.38;    5.7;   -1.5;   -3.7;eor
       5100;20181123;   10;  10.6;   2.9;    3;   2.1;   6;    4.433;   0;   5.7;   5.9;  983.84;    1.2;   88.21;    6.6;   -2.6;   -4.0;eor
       5100;20181124;   10;  11.7;   2.6;    3;   2.9;   6;    0.300;   0;   7.7;   7.9;  978.75;    4.4;   93.33;    7.9;    1.4;    1.3;eor
       5100;20181125;   10;   7.9;   3.0;    3;   0.2;   6;    0.000;   0;   7.6;   8.5;  976.20;    5.3;   95.58;    6.2;    3.6;    3.2;eor
       5100;20181126;   10;   9.1;   3.7;    3;   0.0;   6;    0.000;   0;   7.7;   7.3;  976.92;    5.5;   80.75;    6.5;    4.5;    3.9;eor
       5100;20181127;   10;   5.9;   2.1;    3;   0.0;   6;    1.550;   0;   7.7;   6.4;  986.00;    4.1;   78.63;    6.3;    2.8;    1.0;eor
       5100;20181128;   10;   8.3;   3.1;    3;   2.3;   6;    0.000;   0;   7.8;   7.6;  988.13;    4.6;   89.38;    6.1;    2.7;    1.1;eor
       5100;20181129;   10;  12.2;   3.1;    3;   0.5;   6;    0.050;   0;   8.0;   8.5;  983.34;    7.7;   81.25;   10.3;    5.9;    3.6;eor
       5100;20181130;   10;   7.2;   3.1;    3;   0.9;   6;    0.000;   0;   6.8;   9.3;  981.26;    7.8;   87.96;   10.0;    5.9;    3.5;eor
       5100;20181201;   10;  15.8;   6.0;    3;   6.2;   6;    0.017;   0;   7.4;   8.9;  981.81;    7.3;   86.88;    8.5;    6.1;    4.4;eor
       5100;20181202;   10;  13.2;   7.1;    3;  25.8;   6;    0.000;   0;   7.5;  12.2;  972.52;   10.4;   95.00;   13.1;    7.4;    7.1;eor
       5100;20181203;   10;  14.1;   5.6;    3;  28.9;   6;    0.000;   0;   7.3;  12.3;  972.68;   11.2;   92.58;   12.7;    9.6;    8.4;eor
       5100;20181204;   10;   9.7;   2.6;    3;   0.3;   6;    2.617;   0;   6.2;   8.1;  987.25;    6.3;   85.46;    9.9;    1.0;   -0.6;eor
       5100;20181205;   10;   5.2;   1.6;    3;   2.7;   6;    0.100;   0;   8.0;   7.5;  989.87;    3.4;   95.33;    6.7;    0.8;    0.9;eor
       5100;20181206;   10;  11.5;   4.2;    3;   0.0;   6;    0.000;   0;   7.6;  11.1;  985.91;    9.4;   93.46;   11.5;    5.8;    5.7;eor
       5100;20181207;   10;  20.3;   9.3;    3;   5.7;   6;    0.000;   0;   7.3;  10.2;  978.83;    9.2;   86.79;   11.0;    5.7;    3.6;eor
       5100;20181208;   10;  21.7;   9.3;    3;  16.0;   6;    0.017;   0;   7.3;   8.8;  975.92;    6.7;   89.25;    9.8;    5.0;    4.2;eor
       5100;20181209;   10;  19.9;   6.7;    3;   6.5;   6;    0.167;   0;   6.8;   8.3;  973.94;    6.8;   83.46;    8.5;    5.2;    3.7;eor
       5100;20181210;   10;  11.0;   3.3;    3;   0.0;   6;    0.933;   0;   5.3;   6.7;  989.73;    4.5;   80.04;    6.7;    2.2;   -0.4;eor
       5100;20181211;   10;   5.6;   2.5;    3;   0.0;   6;    3.200;   0;   4.6;   6.0;  991.67;    1.4;   88.67;    4.2;   -0.7;   -2.7;eor
       5100;20181212;   10;   6.7;   2.3;    3;   0.0;   0;    2.467;   0;   6.1;   5.7;  990.61;    0.0;   93.38;    3.5;   -2.3;   -3.8;eor
       5100;20181213;   10;  12.5;   5.4;    3;   0.0;   0;    4.733;   0;   2.4;   4.4;  985.30;   -0.2;   72.79;    2.0;   -1.3;   -3.7;eor
       5100;20181214;   10;  11.2;   3.7;    3;   0.0;   8;    0.000;   0;   8.0;   3.9;  987.93;   -0.5;   65.96;    0.1;   -1.0;   -1.3;eor
       5100;20181215;   10;   8.4;   2.7;    3;   5.8;   8;    2.233;   0;   8.0;   3.8;  989.28;   -1.0;   66.50;    1.4;   -2.4;   -4.9;eor
       5100;20181216;   10;   6.8;   1.8;    3;   1.3;   8;    0.000;   6;   7.9;   5.7;  980.30;   -0.4;   94.79;    2.0;   -2.5;   -2.3;eor
       5100;20181217;   10;   7.9;   3.2;    3;   1.4;   6;    0.000;   0;   7.6;   7.8;  988.22;    3.9;   95.83;    5.9;    0.8;    0.5;eor
       5100;20181218;   10;   8.8;   2.7;    3;   1.2;   6;    4.717;   0;   7.8;   7.1;  988.85;    5.1;   80.42;    7.8;    3.5;   -0.5;eor
       5100;20181219;   10;  12.2;   4.5;    3;   3.2;   6;    0.950;   0;   7.5;   8.7;  981.14;    7.2;   85.58;   10.1;    5.6;    3.7;eor
       5100;20181220;   10;  15.5;   6.7;    3;   8.2;   6;    0.000;   0;   7.1;   8.6;  982.07;    6.3;   89.92;    7.1;    5.5;    5.1;eor
       5100;20181221;   10;  21.4;  10.1;    3;   2.8;   6;    0.000;   0;   7.4;  10.3;  977.27;    9.5;   85.88;   12.2;    6.5;    6.0;eor
       5100;20181222;   10;-999;-999;    3;   6.0;   4;    0.100;   0;  -999;  -999;    -999;   10.0;-999;   11.1;    8.7;    7.8;eor
       5100;20181223;   10;-999;-999;    3;  14.0;   4;    0.000;-999;  -999;  -999;    -999;   10.0;-999;   13.0;    8.0;    7.0;eor
       5100;20181224;   10;-999;-999;    3;   0.2;   4;    0.500;-999;  -999;  -999;    -999;    5.0;-999;   13.0;   -1.0;   -4.0;eor
       5100;20181225;   10;-999;-999;    3;   0.0;   0;    6.000;-999;  -999;  -999;    -999;   -1.0;-999;    0.0;   -2.0;   -1.0;eor
       5100;20181226;   10;-999;-999;    3;   0.0;   0;    7.000;-999;  -999;  -999;    -999;   -2.0;-999;   -1.0;   -4.0;   -3.0;eor
       5100;20181227;   10;-999;-999;    3;   0.0;   0;    0.133;   0;  -999;  -999;    -999;   -1.0;-999;   -0.8;   -4.0;   -3.3;eor
       5100;20181228;   10;   4.4;   1.6;    3;   0.0;   6;    0.000;   0;   8.0;   5.1;  996.92;   -1.9;   96.46;   -1.4;   -2.2;   -1.8;eor
       5100;20181229;   10;  10.4;   3.3;    3;   0.8;   6;    0.000;   0;   7.9;   5.9; 1000.06;    0.0;   96.63;    2.7;   -1.9;   -1.5;eor
       5100;20181230;   10;   7.9;   3.6;    3;   0.1;   6;    0.000;   0;   8.0;   7.8; 1000.74;    4.5;   92.54;    6.2;    2.7;    2.6;eor
       5100;20181231;   10;   5.3;   1.9;    3;   1.8;   6;    0.050;   0;   8.0;   9.4; 1000.94;    6.3;   97.75;    8.1;    5.1;    5.0;eor
       5100;20190101;   10;  11.0;   3.3;    3;   1.3;   6;    0.000;   0;   7.7;   8.2;  997.97;    5.3;   91.83;    6.0;    4.1;    2.6;eor
       5100;20190102;   10;  12.5;   2.5;    3;   0.0;   8;    0.383;   0;   7.1;   5.3; 1001.79;    3.0;   70.38;    5.2;   -0.7;   -3.8;eor
       5100;20190103;   10;   5.1;   1.5;    3;   0.0;   8;    0.650;   0;   6.6;   5.5; 1004.85;    0.8;   85.04;    3.8;   -2.9;   -5.6;eor
       5100;20190104;   10;   7.6;   1.8;    3;   1.4;   8;    1.567;   0;   7.6;   5.9; 1003.53;    1.7;   85.50;    3.9;   -1.0;   -4.1;eor
       5100;20190105;   10;   7.5;   2.8;    3;   0.1;   6;    0.133;   0;   7.4;   6.9;  998.92;    3.5;   87.67;    6.3;    0.6;    0.3;eor
       5100;20190106;   10;   6.9;   1.9;    3;   0.0;   6;    0.000;   0;   7.7;   6.7;  999.97;    3.9;   82.63;    4.9;    3.2;    2.0;eor
       5100;20190107;   10;  11.7;   3.5;    3;   2.1;   6;    0.317;   0;   8.0;   6.9;  999.05;    3.5;   87.67;    5.3;    2.2;    1.6;eor
       5100;20190108;   10;  15.6;   5.0;    3;   2.6;   6;    0.083;   0;   7.4;   7.3;  986.42;    4.9;   84.54;    6.4;    2.6;    1.2;eor
       5100;20190109;   10;  12.5;   3.6;    3;   0.6;   8;    2.833;   0;   6.7;   5.5;  984.95;    2.8;   73.21;    5.0;    1.2;   -1.3;eor
       5100;20190110;   10;   9.5;   2.5;    3;   0.0;   8;    0.800;   0;   8.0;   4.7;  991.78;    0.6;   73.29;    2.5;   -1.2;   -2.9;eor
       5100;20190111;   10;   5.8;   2.7;    3;   1.7;   8;    0.000;   0;   7.7;   6.0;  992.40;    0.4;   94.33;    3.2;   -1.2;   -2.4;eor
       5100;20190112;   10;  11.6;   4.7;    3;   3.8;   6;    0.000;   0;   7.5;   7.7;  988.37;    4.4;   92.21;    5.7;    3.1;    2.7;eor
       5100;20190113;   10;  14.7;   5.5;    3;   4.0;   6;    0.000;   0;   7.5;   9.3;  977.27;    6.9;   93.00;    8.6;    5.4;    4.4;eor
       5100;20190114;   10;  10.3;   3.1;    3;   0.4;   6;    0.217;   0;   6.8;   6.6;  981.82;    4.2;   79.67;    6.3;    1.3;   -1.2;eor
       5100;20190115;   10;   9.2;   4.4;    3;   0.2;   6;    0.000;   0;   7.8;   6.9;  988.39;    3.5;   87.88;    5.2;    1.3;    0.3;eor
       5100;20190116;   10;  16.6;   5.9;    3;   3.5;   6;    2.800;   0;   7.8;   6.2;  979.67;    4.1;   75.33;    6.5;    2.9;    0.8;eor
       5100;20190117;   10;  17.5;   5.8;    3;   1.1;   8;    0.583;   0;   6.6;   6.8;  974.95;    3.4;   86.75;    5.3;   -0.4;   -3.3;eor
       5100;20190118;   10;   5.9;   1.9;    3;   0.0;   0;    5.283;   0;   6.2;   4.9;  985.81;   -0.3;   83.00;    3.0;   -2.8;   -5.8;eor
       5100;20190119;   10;   7.4;   2.7;    3;   0.0;   0;    7.600;   0;   5.4;   4.1;  982.37;   -1.1;   74.46;    3.9;   -4.4;   -7.9;eor
       5100;20190120;   10;   7.5;   3.1;    3;   0.0;   0;    8.000;   0;   1.6;   3.8;  982.70;   -4.0;   83.54;   -0.6;   -7.0;   -8.7;eor
       5100;20190121;   10;   6.8;   2.4;    3;   0.0;   0;    8.333;   0;   0.0;   3.5;  987.95;   -4.6;   81.33;    0.4;   -7.8;   -9.6;eor
       5100;20190122;   10;   8.8;   2.8;    3;   0.1;   8;    0.050;   0;   6.7;   3.8;  976.40;   -4.3;   85.50;   -1.9;   -8.7;  -10.6;eor
       5100;20190123;   10;   8.3;   3.1;    3;   0.0;   0;    0.000;   0;   8.0;   4.3;  966.46;   -2.1;   82.67;   -0.4;   -3.1;   -3.0;eor
       5100;20190124;   10;   6.1;   2.0;    3;   0.1;   8;    0.667;   0;   7.8;   3.5;  977.15;   -3.3;   72.75;   -2.1;   -3.8;   -3.8;eor
       5100;20190125;   10;  12.6;   3.9;    3;   0.4;   8;    0.000;   0;   7.8;   4.8;  982.65;   -1.4;   87.46;    0.3;   -3.1;   -3.6;eor
       5100;20190126;   10;  15.9;   6.6;    3;   5.0;   6;    0.000;   0;   7.8;   7.2;  976.66;    2.8;   96.29;    4.9;    0.3;    0.1;eor
       5100;20190127;   10;  18.5;   8.1;    3;   6.0;   8;    0.567;   0;   7.3;   7.5;  959.18;    4.4;   89.00;    6.4;    1.5;    0.2;eor
       5100;20190128;   10;  14.6;   5.9;    3;   0.3;   8;    0.000;   0;   6.7;   5.9;  966.31;    1.7;   85.75;    3.4;   -0.4;   -2.3;eor
       5100;20190129;   10;   9.5;   3.3;    3;   0.9;   7;    2.650;   0;   7.3;   5.3;  971.95;    0.6;   82.67;    3.3;   -1.3;   -4.0;eor
       5100;20190130;   10;  10.6;   3.3;    3;  10.7;   8;    0.000;   1;   7.5;   5.2;  961.00;   -0.5;   88.75;    0.6;   -2.8;   -7.7;eor
       5100;20190131;   10;   6.9;   2.5;    3;   1.5;   8;    0.483;  14;   7.8;   5.0;  962.56;   -1.1;   89.17;    1.2;   -3.0;   -2.8;eor
       5100;20190201;   10;   8.3;   2.4;    3;   3.8;   6;    2.250;  10;   7.5;   6.5;  957.27;    2.6;   89.08;    7.9;   -0.7;   -0.7;eor
       5100;20190202;   10;   5.9;   1.5;    3;   1.0;   8;    0.000;   2;   7.9;   6.8;  964.70;    2.0;   96.13;    3.2;    1.0;    0.1;eor
       5100;20190203;   10;   8.7;   2.4;    3;   0.4;   8;    1.350;   0;   6.7;   5.4;  985.85;    1.5;   79.29;    3.6;   -1.7;   -4.6;eor
       5100;20190204;   10;   8.9;   2.2;    3;   0.0;   0;    4.550;   0;   6.3;   4.8;  994.80;   -0.2;   81.21;    4.3;   -4.1;   -6.9;eor
       5100;20190205;   10;   6.0;   1.8;    3;   0.0;   0;    2.533;   0;   6.5;   5.1;  994.86;    1.8;   74.67;    6.3;   -1.8;   -5.5;eor
       5100;20190206;   10;   6.3;   1.5;    3;   0.2;   6;    6.100;   0;   7.6;   5.2;  991.73;    0.5;   82.33;    6.6;   -4.8;   -7.3;eor
       5100;20190207;   10;  13.7;   5.0;    3;   2.7;   6;    1.967;   0;   7.3;   7.0;  981.90;    4.6;   82.04;    8.9;    1.4;    0.5;eor
       5100;20190208;   10;  18.6;   8.3;    3;   3.9;   6;    0.000;   0;   7.8;   7.5;  981.30;    6.0;   80.42;    7.5;    4.2;    3.6;eor
       5100;20190209;   10;  20.2;   8.8;    3;   7.0;   6;    0.467;   0;   7.7;   7.7;  977.32;    7.2;   76.17;    9.2;    5.2;    3.7;eor
       5100;20190210;   10;  22.8;   9.5;    3;  12.7;   6;    0.000;   0;   7.5;   8.2;  968.22;    6.4;   85.38;    8.5;    2.9;    2.2;eor
       5100;20190211;   10;  13.8;   4.0;    3;   0.1;   6;    2.017;   0;   6.3;   6.3;  987.29;    3.9;   77.88;    6.7;    1.2;   -3.0;eor
       5100;20190212;   10;   5.4;   2.1;    3;   0.0;   0;    3.233;   0;   6.0;   5.8; 1001.88;    1.0;   89.08;    5.8;   -2.5;   -4.9;eor
       5100;20190213;   10;   4.8;   1.5;    3;   0.0;   0;    2.233;   0;   7.1;   5.8; 1003.77;    0.5;   91.79;    5.1;   -1.8;   -5.0;eor
       5100;20190214;   10;   4.4;   1.4;    3;   0.0;   0;    6.550;   0;   6.3;   5.5; 1002.53;    1.9;   80.54;   11.6;   -3.9;   -5.4;eor
       5100;20190215;   10;   4.7;   2.0;    3;   0.0;   0;    9.750;   0;   0.0;   5.9;  998.63;    5.3;   69.67;   15.5;   -2.2;   -5.7;eor
       5100;20190216;   10;   4.3;   1.3;    3;   0.0;   0;    9.533;   0;   3.5;   6.4;  994.66;    5.1;   75.54;   14.6;   -2.1;   -5.3;eor
       5100;20190217;   10;   7.4;   1.7;    3;   0.0;   0;    8.683;   0;   6.1;   6.1;  990.70;    5.5;   71.71;   15.8;   -2.1;   -4.2;eor
       5100;20190218;   10;  11.7;   2.6;    3;   0.0;   6;    9.417;   0;   3.1;   6.1;  987.06;    6.1;   67.63;   14.9;   -1.7;   -4.6;eor
       5100;20190219;   10;   9.3;   3.4;    3;   1.2;   6;    3.400;   0;   7.1;   7.1;  987.93;    5.9;   76.92;   10.4;    1.7;   -2.3;eor
       5100;20190220;   10;   7.4;   1.8;    3;   0.0;   0;    5.750;   0;   7.0;   6.8;  991.65;    3.8;   85.58;   11.5;   -1.1;   -3.3;eor
       5100;20190221;   10;   5.7;   1.9;    3;   0.0;   6;    3.367;   0;   6.7;   8.2;  995.50;    7.7;   78.29;   14.1;    2.4;   -0.5;eor
       5100;20190222;   10;   7.7;   2.3;    3;   0.0;   6;    2.917;   0;   6.3;   9.0; 1001.75;    9.1;   78.58;   14.0;    5.1;    1.1;eor
       5100;20190223;   10;  10.3;   4.7;    3;   0.0;   0;    8.133;   0;   5.4;   6.1; 1003.74;    6.0;   65.96;   12.1;    2.4;   -0.3;eor
       5100;20190224;   10;   9.5;   4.3;    3;   0.0;   0;   10.250;   0;   0.7;   3.5; 1003.70;    6.7;   39.00;   14.8;   -0.1;   -2.2;eor
       5100;20190225;   10;   8.6;   3.7;    3;   0.0;   0;   10.317;   0;   3.8;   5.0; 1003.57;    9.1;   43.29;   18.4;    1.2;   -2.4;eor
       5100;20190226;   10;   6.5;   2.7;    3;   0.0;   0;   10.283;   0;   4.2;   6.4; 1000.76;    9.3;   59.00;   19.4;   -0.1;   -2.9;eor
       5100;20190227;   10;   5.0;   1.9;    3;   0.0;   0;   10.450;   0;   1.3;   6.7;  993.93;    9.8;   60.13;   20.3;    1.2;   -2.6;eor
       5100;20190228;   10;  14.4;   4.6;    3;   4.8;   6;    6.467;   0;   3.6;   8.1;  986.27;    8.2;   74.46;   15.7;    2.5;   -0.1;eor
       5100;20190301;   10;  10.8;   3.5;    3;   0.2;   6;    0.000;   0;   7.5;   8.7;  983.60;    7.1;   86.38;    8.3;    5.3;    4.0;eor
       5100;20190302;   10;  11.7;   4.6;    3;   0.0;   6;    0.450;   0;   7.6;   8.8;  984.31;    7.4;   85.38;   10.7;    5.0;    4.9;eor
       5100;20190303;   10;  16.2;   8.6;    3;   2.2;   6;    0.000;   0;   7.7;   9.2;  978.56;    9.5;   77.71;   11.6;    7.9;    6.3;eor
       5100;20190304;   10;  25.2;   9.3;    3;   6.0;   6;    0.883;   0;   7.5;   8.3;  968.15;    7.6;   78.50;   11.3;    4.4;    3.0;eor
       5100;20190305;   10;  16.8;   5.9;    3;   5.8;   6;    0.117;   0;   7.4;   7.6;  976.71;    5.4;   84.13;    7.1;    3.9;    2.9;eor
       5100;20190306;   10;  14.7;   5.0;    3;   3.7;   6;    2.067;   0;   7.8;   8.4;  971.12;    9.3;   72.50;   14.1;    5.5;    1.4;eor
       5100;20190307;   10;  22.2;   9.2;    3;   1.8;   6;    3.033;   0;   6.3;   8.6;  967.65;    8.5;   77.71;   11.7;    6.6;    5.2;eor
       5100;20190308;   10;  17.1;   6.1;    3;   3.4;   6;    0.350;   0;   7.4;   7.7;  981.24;    6.2;   80.58;    7.9;    5.3;    4.8;eor
       5100;20190309;   10;  19.9;   8.6;    3;   6.0;   6;    0.850;   0;   7.3;   8.8;  983.03;    8.8;   77.50;   11.2;    6.0;    5.5;eor
       5100;20190310;   10;  26.6;   8.4;    3;   3.4;   8;    2.700;   0;   5.9;   8.2;  978.87;    9.1;   70.25;   14.1;    4.3;    2.3;eor
       5100;20190311;   10;  17.0;   6.1;    3;   0.0;   6;    4.200;   0;   4.4;   5.3;  988.35;    4.3;   63.88;    7.2;    1.4;   -2.2;eor
       5100;20190312;   10;  22.7;   7.2;    3;   0.8;   6;    5.200;   0;   7.3;   5.5;  984.10;    5.5;   63.38;   10.0;    0.7;   -2.1;eor
       5100;20190313;   10;  18.8;   8.2;    3;   3.7;   8;    0.183;   0;   7.3;   7.0;  977.70;    4.8;   81.58;    6.2;    3.6;    2.1;eor
       5100;20190314;   10;  20.0;   7.2;    3;  15.2;   6;    0.350;   0;   6.2;   7.9;  975.28;    5.8;   85.67;    7.9;    4.4;    2.2;eor
       5100;20190315;   10;  15.6;   7.0;    3;   6.1;   6;    0.000;   0;   7.5;  10.4;  977.37;    9.0;   90.13;   11.5;    5.8;    3.8;eor
       5100;20190316;   10;  18.2;   8.9;    3;   0.2;   6;    0.067;   0;   6.9;   9.5;  978.96;    9.0;   82.63;    9.9;    7.5;    5.1;eor
       5100;20190317;   10;  19.7;   7.2;    3;   4.4;   6;    1.917;   0;   6.0;   7.6;  974.67;    6.4;   78.71;    9.4;    2.5;    0.8;eor
       5100;20190318;   10;  12.8;   3.8;    3;   0.4;   6;    3.217;   0;   6.5;   6.5;  986.42;    4.9;   76.00;    9.5;    2.2;   -0.1;eor
       5100;20190319;   10;   5.7;   1.6;    3;   0.0;   0;   11.567;   0;   0.7;   5.3;  995.26;    4.4;   67.50;   11.1;   -1.8;   -4.5;eor
       5100;20190320;   10;   5.4;   1.5;    3;   0.0;   0;   11.583;   0;   3.5;   5.4; 1000.78;    5.9;   61.79;   13.7;   -2.0;   -4.7;eor
       5100;20190321;   10;   7.9;   3.0;    3;   0.0;   0;   11.767;   0;   3.8;   5.4; 1000.29;    8.4;   53.58;   16.9;   -0.1;   -2.5;eor
       5100;20190322;   10;   7.9;   2.6;    3;   0.0;   0;   11.717;   0;   4.1;   6.3;  996.40;   10.3;   54.29;   20.1;    1.7;   -1.8;eor
       5100;20190323;   10;  12.7;   2.6;    3;   0.0;   0;    9.383;   0;   5.0;   7.2;  995.60;    8.2;   68.29;   17.2;    1.9;   -1.4;eor
       5100;20190324;   10;   8.0;   2.7;    3;   0.0;   0;    3.150;   0;   3.6;   7.3;  992.96;    7.3;   72.42;   13.1;    2.7;   -0.3;eor
       5100;20190325;   10;  15.2;   3.9;    3;   0.0;   6;    7.433;   0;   4.3;   5.8;  991.61;    5.4;   65.46;   10.3;   -0.1;   -2.0;eor
       5100;20190326;   10;   8.5;   2.5;    3;   0.0;   0;    3.083;   0;   7.6;   5.6;  997.81;    6.6;   58.50;   11.1;    4.2;    2.3;eor
       5100;20190327;   10;   6.4;   2.0;    3;   0.0;   0;    9.317;   0;   5.3;   6.0;  999.64;    6.7;   63.17;   12.3;    0.9;   -2.4;eor
       5100;20190328;   10;  10.5;   3.7;    3;   0.0;   0;   10.567;   0;   3.9;   6.9; 1000.71;    8.0;   65.83;   15.6;    0.8;   -1.7;eor
       5100;20190329;   10;   8.9;   3.6;    3;   0.0;   0;   11.667;   0;   0.4;   7.8;  996.40;   10.6;   63.50;   18.3;    2.6;    0.1;eor
       5100;20190330;   10;   7.7;   2.1;    3;   0.0;   0;    8.533;   0;   2.0;   7.4;  990.25;   11.2;   59.25;   19.5;    3.3;    0.0;eor
       5100;20190331;   10;  16.6;   3.7;    3;   0.0;   0;   10.567;   0;   0.5;   7.6;  988.06;   11.4;   59.54;   20.0;    3.7;   -0.2;eor
       5100;20190401;   10;  10.2;   4.4;    3;   0.0;   0;   11.417;   0;   0.4;   7.5;  985.80;   10.8;   59.83;   18.9;    4.3;    2.8;eor
       5100;20190402;   10;  19.1;   5.1;    3;   2.6;   6;    2.083;   0;   7.7;   8.4;  976.06;   10.4;   67.38;   15.2;    5.8;    3.0;eor
       5100;20190403;   10;   9.9;   4.1;    3;   0.1;   6;    0.000;   0;   7.5;   7.7;  970.24;    6.2;   80.83;    7.4;    4.7;    4.0;eor
       5100;20190404;   10;   6.6;   1.6;    3;   0.9;   8;    0.233;   0;   7.4;   7.0;  968.85;    5.1;   79.75;    8.0;    2.4;   -0.4;eor
       5100;20190405;   10;   9.2;   2.6;    3;   0.0;   0;    2.167;   0;   7.4;   7.4;  972.66;    5.4;   82.54;   11.0;    0.4;   -1.3;eor
       5100;20190406;   10;   8.8;   3.0;    3;   0.0;   0;    8.700;   0;   7.6;   8.2;  971.60;   10.2;   68.29;   16.6;    4.0;    1.1;eor
       5100;20190407;   10;   6.5;   2.2;    3;   0.0;   6;    4.717;   0;   5.2;   9.7;  972.85;   11.3;   73.42;   17.7;    7.2;    4.6;eor
       5100;20190408;   10;   6.3;   2.2;    3;   0.0;   6;    0.333;   0;   7.1;  10.4;  977.63;    9.5;   87.46;   13.8;    6.1;    3.5;eor
       5100;20190409;   10;   7.6;   1.8;    3;  10.1;   6;    0.000;   0;   7.4;  11.2;  978.05;   10.2;   89.54;   12.7;    8.5;    8.5;eor
       5100;20190410;   10;   9.2;   4.1;    3;   0.1;   6;    1.833;   0;   5.6;   8.3;  980.17;    9.3;   71.92;   13.8;    5.6;    3.5;eor
       5100;20190411;   10;  12.0;   4.9;    3;   0.0;   0;   12.800;   0;   0.0;   5.0;  986.77;    6.8;   52.58;   12.1;    1.8;   -0.2;eor
       5100;20190412;   10;  10.9;   4.7;    3;   0.0;   0;    6.167;   0;   5.1;   4.2;  989.20;    4.1;   52.50;    9.1;   -0.3;   -2.4;eor
       5100;20190413;   10;  13.8;   3.5;    3;   0.6;   8;    4.783;   0;   4.4;   4.7;  988.93;    2.2;   67.04;    7.9;   -1.2;   -4.1;eor
       5100;20190414;   10;   8.3;   2.9;    3;   0.2;   8;    4.367;   0;   4.7;   5.4;  989.28;    3.7;   69.96;   11.2;   -2.2;   -5.3;eor
       5100;20190415;   10;  11.8;   4.1;    3;   0.0;   0;   12.250;   0;   1.8;   6.9;  988.49;    9.5;   60.17;   18.1;    0.7;   -1.4;eor
       5100;20190416;   10;  11.3;   3.8;    3;   4.0;   6;    5.117;   0;   5.8;   8.7;  984.74;   10.1;   70.42;   16.1;    4.9;    0.7;eor
       5100;20190417;   10;   7.4;   2.6;    3;   0.0;   0;    3.433;   0;   6.3;  10.5;  988.48;   12.1;   75.79;   17.9;    8.6;    6.9;eor
       5100;20190418;   10;  11.2;   5.2;    3;   0.0;   0;   13.250;   0;   0.0;   7.9;  990.32;   14.9;   48.63;   21.8;    8.2;    5.6;eor
       5100;20190419;   10;  10.0;   4.1;    3;   0.0;   0;   10.817;   0;   0.2;   7.7;  993.62;   16.7;   41.38;   24.3;    9.9;    6.4;eor
       5100;20190420;   10;  10.0;   3.5;    3;   0.0;   0;   13.567;   0;   0.0;   7.3;  993.91;   16.3;   42.38;   25.1;    7.4;    4.0;eor
       5100;20190421;   10;   9.2;   3.9;    3;   0.0;   0;   13.083;   0;   0.2;   6.9;  986.49;   16.6;   40.00;   25.3;    8.1;    5.2;eor
       5100;20190422;   10;  12.4;   5.2;    3;   0.0;   0;   13.167;   0;   4.3;   6.9;  975.35;   17.1;   38.13;   25.1;    8.1;    5.1;eor
       5100;20190423;   10;  10.7;   4.1;    3;   0.0;   6;    6.800;   0;   7.5;   8.8;  966.70;   15.7;   49.04;   22.2;   10.3;    8.8;eor
       5100;20190424;   10;  19.2;   4.6;    3;  13.9;   6;    5.917;   0;   5.7;  10.7;  970.78;   13.4;   72.25;   23.9;    7.5;    5.4;eor
       5100;20190425;   10;  17.0;   4.8;    3;   2.9;   6;    2.283;   0;   6.8;   9.6;  976.04;   11.9;   70.54;   19.6;    7.8;    4.9;eor
       5100;20190426;   10;   7.5;   3.2;    3;   0.0;   6;    4.233;   0;   6.9;   9.7;  982.14;   10.3;   78.21;   15.8;    7.8;    5.7;eor
       5100;20190427;   10;  17.5;   5.5;    3;   3.5;   6;    2.533;   0;   6.8;   8.7;  982.97;    8.0;   81.00;   11.6;    4.2;    2.5;eor
       5100;20190428;   10;  11.0;   3.2;    3;   2.3;   6;    2.950;   0;   5.7;   8.0;  987.01;    6.4;   83.54;   11.9;    3.4;    1.3;eor
       5100;20190429;   10;   9.2;   1.7;    3;   0.0;   6;    4.200;   0;   7.4;   7.7;  990.44;    8.3;   73.04;   14.9;    1.3;    0.4;eor
       5100;20190430;   10;   9.5;   3.2;    3;   0.0;   0;    8.300;   0;   4.0;   8.5;  987.98;   12.7;   59.83;   18.8;    8.7;    6.0;eor
       5100;20190501;    3;   6.8;   2.3;    3;   0.0;   0;   11.033;-999;   1.9;   8.8;  983.65;   13.0;   62.63;   19.9;    4.9;    2.8;eor
       5100;20190502;    3;  10.6;   2.2;    3;   0.0;   6;    8.017;-999;   6.4;   9.0;  978.96;   11.6;   68.92;   18.1;    5.5;    3.5;eor
       5100;20190503;    3;   7.4;   2.0;    3;   1.1;   6;    2.500;-999;   7.1;   8.2;  979.63;   10.5;   65.38;   14.2;    7.2;    4.7;eor
       5100;20190504;    3;  16.0;   3.1;    3;   3.5;   8;    3.550;-999;   6.2;   6.9;  978.32;    5.0;   78.29;    8.9;    1.0;   -0.7;eor
       5100;20190505;    3;  12.8;   2.2;    3;   1.0;   8;    5.550;-999;   5.1;   6.3;  986.77;    4.9;   73.50;   10.4;   -1.1;   -2.9;eor
       5100;20190506;    3;   7.4;   2.1;    3;   0.0;   6;    5.083;-999;   5.7;   6.3;  988.67;    7.0;   64.29;   12.6;    1.0;   -1.3;eor
       5100;20190507;    3;   6.9;   1.8;    3;   0.1;   6;    4.933;-999;   7.6;   6.7;  984.51;    9.1;   61.00;   14.8;    4.4;    3.3;eor
       5100;20190508;    3;  14.5;   4.3;    3;   6.6;   6;    0.000;-999;   7.3;   9.7;  970.93;    9.1;   82.79;   13.6;    6.1;    4.4;eor
       5100;20190509;    3;  12.0;   3.6;    3;   8.9;   6;    1.017;-999;   7.5;  10.7;  968.48;    9.6;   89.29;   15.4;    6.3;    5.4;eor
       5100;20190510;    3;  10.7;   3.6;    3;  20.4;   6;    9.500;-999;   3.9;   9.2;  977.97;   11.5;   70.42;   17.2;    6.3;    3.7;eor
       5100;20190511;    3;  12.0;   3.2;    3;  20.7;   6;    1.300;-999;   6.7;  10.4;  981.01;    8.8;   91.38;   10.8;    5.8;    3.4;eor
       5100;20190512;    3;  10.3;   3.7;    3;   0.0;   0;   10.583;-999;   2.5;   6.8;  998.75;    8.8;   62.46;   14.7;    3.4;    0.9;eor
       5100;20190513;    3;  12.7;   4.3;    3;   0.0;   0;   14.583;-999;   2.4;   5.6; 1002.45;    9.6;   52.29;   16.4;    1.6;   -0.3;eor
       5100;20190514;    3;  12.9;   4.9;    3;   0.0;   0;   14.450;-999;   2.4;   5.9;  997.21;   10.2;   49.00;   15.8;    3.4;    0.3;eor
       5100;20190515;    3;  11.1;   4.2;    3;   0.0;   0;   14.900;-999;   0.0;   5.7;  991.22;   10.1;   49.42;   16.4;    2.5;    0.2;eor
       5100;20190516;    3;  10.4;   3.6;    3;   0.0;   0;    8.950;-999;   5.2;   7.6;  982.93;   10.9;   58.67;   17.5;    3.1;    1.5;eor
       5100;20190517;    3;   8.6;   3.3;    3;   0.3;   6;    3.500;-999;   7.2;  10.2;  974.25;   12.7;   70.38;   18.8;    8.2;    8.5;eor
       5100;20190518;    3;   9.7;   1.5;    3;   7.3;   6;    1.883;-999;   7.6;  12.8;  974.03;   12.8;   86.75;   18.4;   10.2;    9.6;eor
       5100;20190519;    3;   5.1;   1.6;    3;   1.1;   6;    5.233;-999;   7.3;  13.4;  973.29;   14.8;   81.46;   21.1;   11.2;   11.2;eor
       5100;20190520;    3;   8.6;   2.3;    3;   0.0;   6;    1.700;-999;   7.3;  12.5;  975.27;   13.9;   79.13;   19.8;   10.2;    8.5;eor
       5100;20190521;    3;   8.0;   2.3;    3;   3.8;   6;    0.000;-999;   8.0;  11.8;  981.51;   11.6;   86.79;   12.3;    9.2;    6.4;eor
       5100;20190522;    3;   7.2;   1.9;    3;   0.0;   0;    8.400;-999;   6.0;   9.5;  987.11;   13.1;   66.50;   20.1;    7.9;    5.5;eor
       5100;20190523;    3;   5.7;   1.5;    3;   0.0;   0;   11.050;-999;   6.7;   9.8;  986.35;   14.6;   62.50;   21.9;    6.5;    4.7;eor
       5100;20190524;    3;   6.7;   1.9;    3;   0.0;   0;   10.717;-999;   6.8;  10.6;  983.13;   17.1;   57.92;   24.7;    8.6;    7.0;eor
       5100;20190525;    3;  10.1;   2.3;    3;   0.0;   0;    6.967;-999;   6.2;  10.3;  984.55;   15.3;   60.58;   21.4;    9.9;    8.3;eor
       5100;20190526;    3;   9.7;   3.1;    3;   0.0;   6;   10.717;-999;   5.6;  11.4;  983.51;   15.6;   66.67;   22.7;    7.9;    6.3;eor
       5100;20190527;    3;   9.2;   2.8;    3;   3.6;   8;    2.250;-999;   7.2;  13.6;  978.20;   15.1;   79.33;   21.0;   12.5;   11.2;eor
       5100;20190528;    3;  11.3;   3.0;    3;   0.0;   6;    5.550;-999;   6.4;  10.0;  977.87;   13.0;   66.96;   17.2;    8.1;    6.4;eor
       5100;20190529;    3;   6.9;   1.9;    3;   0.0;   0;   12.117;-999;   1.2;   9.0;  988.37;   13.3;   62.75;   20.4;    6.8;    5.0;eor
       5100;20190530;    3;   9.5;   3.1;    3;   0.0;   6;    0.783;-999;   7.4;  12.5;  992.63;   14.6;   74.96;   19.8;    8.7;    6.6;eor
       5100;20190531;    3;   7.1;   1.9;    3;   0.0;   0;   11.950;-999;   3.7;  14.0;  993.10;   18.1;   69.71;   24.2;   11.5;    9.7;eor
       5100;20190601;    3;   6.7;   1.6;    3;   0.0;   0;   15.233;-999;   4.8;  14.1;  989.78;   19.6;   65.17;   27.8;   10.9;    9.1;eor
       5100;20190602;    3;  11.8;   3.1;    3;   0.0;   0;   15.233;-999;   2.0;  14.1;  983.84;   22.5;   56.46;   31.0;   12.7;   10.6;eor
       5100;20190603;    3;  14.9;   3.2;    3;   0.0;   6;    9.700;-999;   5.4;  14.2;  982.11;   21.2;   58.21;   28.0;   14.9;   13.1;eor
       5100;20190604;    3;  13.3;   3.7;    3;   0.1;   6;   12.867;-999;   5.0;  15.2;  977.52;   22.3;   60.33;   31.7;   12.7;   10.9;eor
       5100;20190605;    3;  24.4;   2.4;    3;  17.9;   8;    8.783;-999;   5.2;  15.9;  974.50;   21.9;   63.25;   28.7;   15.4;   14.8;eor
       5100;20190606;    3;  15.9;   3.6;    3;   0.0;   6;    4.717;-999;   6.0;  11.3;  981.50;   12.8;   76.63;   17.3;    9.3;    7.5;eor
       5100;20190607;    3;  18.7;   5.2;    3;   0.2;   6;    8.100;-999;   6.1;  10.9;  979.77;   14.8;   66.92;   24.8;    7.7;    6.4;eor
       5100;20190608;    3;  20.4;   8.0;    3;   0.0;   6;    4.350;-999;   6.8;   9.9;  988.76;   14.0;   62.83;   18.7;    9.1;    7.5;eor
       5100;20190609;    3;   8.1;   2.4;    3;   0.0;   0;    8.467;-999;   6.9;  11.3;  988.68;   15.5;   66.79;   23.0;    6.5;    5.0;eor
       5100;20190610;    1;  12.9;   2.9;    1;   1.4;   6;    2.833;-999;   7.7;  14.4;  981.25;   16.4;   78.00;   21.8;   13.1;   12.4;eor
       5100;20190611;    1;   5.2;   1.8;    1;   0.4;   6;    3.600;-999;   7.3;  12.8;  979.81;   15.4;   74.54;   20.0;   11.8;   11.8;eor
       5100;20190612;    1;  10.6;   3.5;    1;   1.8;   6;    5.917;-999;   4.6;  12.8;  978.65;   14.6;   78.50;   20.7;   11.7;    9.3;eor
       5100;20190613;    1;  14.3;   4.3;    1;   0.8;   6;   11.017;-999;   3.4;  11.8;  982.01;   15.3;   70.38;   23.2;   10.3;    7.7;eor
       5100;20190614;    1;  13.7;   2.7;    1;   1.9;   6;    9.250;-999;   6.4;  13.6;  981.94;   17.5;   71.83;   26.3;    9.3;    8.6;eor
       5100;20190615;    1;  10.5;   3.7;    1;   0.0;   6;    7.267;-999;   6.8;  14.9;  982.75;   18.7;   71.54;   24.7;   14.3;   13.5;eor
       5100;20190616;    1;   9.1;   2.7;    1;   0.0;   0;   10.267;-999;   3.9;  12.9;  988.93;   17.9;   63.92;   23.2;   12.9;   11.2;eor
       5100;20190617;    1;   7.5;   2.1;    1;   0.0;   0;   12.883;-999;   3.5;  12.9;  987.40;   19.2;   61.83;   26.8;   10.5;    8.7;eor
       5100;20190618;    1;   8.8;   2.2;    1;   0.0;   0;   12.133;-999;   6.5;  15.1;  982.30;   21.4;   61.75;   29.0;   12.7;   11.7;eor
       5100;20190619;    1;  11.9;   3.1;    1;   0.2;   6;    8.483;-999;   5.3;  16.3;  978.09;   21.7;   64.71;   29.5;   15.1;   13.4;eor
       5100;20190620;    1;  12.1;   3.3;    1;   0.4;   6;    3.433;-999;   6.5;  15.7;  981.59;   18.3;   75.58;   24.3;   15.1;   13.6;eor
       5100;20190621;    1;   7.4;   2.1;    1;   0.0;   0;   13.517;-999;   3.4;  10.8;  987.03;   17.9;   54.63;   23.3;   12.9;   11.0;eor
       5100;20190622;    1;   8.7;   3.4;    1;   0.0;   0;    8.933;-999;   5.4;  12.6;  986.62;   18.9;   59.71;   26.3;   10.9;    9.0;eor
       5100;20190623;    1;  10.4;   2.9;    1;   0.0;   6;   11.100;-999;   3.6;  16.2;  985.95;   21.6;   65.00;   29.8;   13.4;   11.9;eor
       5100;20190624;    1;   7.8;   2.7;    1;   0.0;   0;   15.050;-999;   4.6;  17.3;  986.25;   25.6;   56.04;   33.8;   16.8;   15.2;eor
       5100;20190625;    1;  13.6;   3.3;    1;   0.0;   0;   14.500;-999;   5.3;  17.4;  986.64;   27.9;   49.63;   36.2;   19.1;   17.6;eor
       5100;20190626;    1;   9.5;   2.8;    1;   0.0;   0;   14.667;-999;   0.3;  19.4;  990.63;   27.8;   54.96;   35.9;   19.0;   17.7;eor
       5100;20190627;    1;  10.9;   4.7;    1;   0.0;   0;   15.183;-999;   0.7;  14.5;  992.38;   24.9;   48.46;   31.8;   17.8;   16.4;eor
       5100;20190628;    1;   9.2;   4.0;    1;   0.0;   0;   15.733;-999;   0.0;  12.2;  990.70;   22.8;   46.71;   30.9;   14.7;   13.2;eor
       5100;20190629;    1;   7.4;   2.7;    1;   0.0;   0;   15.767;-999;   0.0;  11.5;  986.46;   25.0;   40.63;   35.9;   14.5;   12.1;eor
       5100;20190630;    1;  10.9;   2.7;    1;   0.3;   4;   13.950;-999;   1.8;  17.2;  983.55;   26.0;   52.96;   36.2;   15.3;   13.8;eor
       5100;20190701;    1;   9.7;   2.5;    1;   0.0;   6;   10.800;-999;   5.4;  13.7;  986.34;   21.9;   53.25;   27.5;   16.6;   14.7;eor
       5100;20190702;    1;   8.8;   3.4;    1;   0.0;   0;   15.317;-999;   1.0;  10.6;  989.41;   19.3;   50.04;   26.2;   12.1;   10.2;eor
       5100;20190703;    1;  11.0;   4.1;    1;   0.0;   0;   15.400;-999;   1.4;   9.5;  990.24;   18.8;   46.04;   26.3;   11.6;   10.0;eor
       5100;20190704;    1;   9.7;   3.4;    1;   0.0;   0;   14.983;-999;   1.7;   9.1;  989.81;   19.7;   42.46;   27.7;   11.3;   10.7;eor
       5100;20190705;    1;   7.5;   2.2;    1;   0.0;   0;   10.633;-999;   5.8;   9.9;  985.67;   21.3;   42.50;   31.0;   12.2;   10.2;eor
       5100;20190706;    1;  11.0;   2.6;    1;   0.0;   0;   12.367;-999;   4.4;  11.1;  980.42;   22.0;   45.92;   31.7;   13.3;   11.1;eor
       5100;20190707;    1;   7.7;   2.6;    1;  -999;-999;-999;-999;   7.5;  11.9;  982.28;   17.1;   61.88;   -999;   -999;-999;eor
       5100;20190708;    1;-999;-999;    1;  -999;-999;-999;-999;  -999;  -999;    -999;   -999;-999;-999;-999;-999;eor
       5100;20190709;    1;  10.2;   2.9;    1;   0.0;   0;   11.683;-999;   6.9;   8.9;  987.85;   15.1;   55.17;   22.2;    8.4;    6.3;eor
