STATIONS_ID;MESS_DATUM;QN_3;  FX;  FM;QN_4; RSK;RSKF; SDK;SHK_TAG;  NM; VPM;  PM; TMK; UPM; TXK; TNK; TGK;eor
        164;20180106;   10;   8.4;   3.1;    3;   0.3;   6;    4.333;   0;   7.5;   7.3; 1001.60;    4.3;   88.00;    7.3;    2.3;    0.2;eor
        164;20180107;   10;   8.7;   3.2;    3;   0.0;   0;    0.000;   0;   5.3;   5.2; 1022.23;   -0.2;   86.25;    3.0;   -4.7;   -8.4;eor
        164;20180108;   10;   7.0;   2.4;    3;   0.0;   0;    6.200;   0;   0.0;   4.0; 1028.11;   -3.5;   85.42;   -0.4;   -7.0;  -10.5;eor
        164;20180109;   10;  13.0;   5.2;    3;   2.5;   6;    2.583;   0;   4.3;   3.9; 1015.66;    1.4;   57.63;    4.6;   -3.0;   -4.6;eor
        164;20180110;   10;   7.6;   2.0;    3;   3.5;   6;    0.000;   0;   7.0;   6.6; 1007.31;    1.6;   96.38;    3.1;   -0.1;   -1.7;eor
        164;20180111;   10;   5.1;   2.1;    3;   4.4;   8;    0.000;   0;   8.0;   6.5; 1010.94;    0.9;   99.38;    1.4;    0.7;    0.2;eor
        164;20180112;   10;   7.2;   3.8;    3;   0.0;   8;    0.000;   0;   7.9;   6.1; 1022.41;    0.5;   96.13;    1.0;   -0.5;   -0.6;eor
        164;20180113;   10;  11.5;   5.2;    3;   0.0;   0;    0.483;   0;   7.7;   4.6; 1026.55;   -0.5;   78.25;    0.0;   -1.4;   -1.9;eor
        164;20180114;   10;  10.6;   4.9;    3;   0.0;   0;    0.000;   0;   5.9;   4.0; 1023.58;   -1.8;   74.67;   -0.2;   -3.5;   -5.1;eor
        164;20180115;   10;  13.0;   5.7;    3;   3.4;   8;    5.850;   0;   4.5;   4.3; 1009.05;   -1.5;   78.79;    1.0;   -4.5;   -5.6;eor
        164;20180116;   10;  14.3;   5.0;    3;   2.0;   8;    0.083;   3;   7.7;   6.4;  984.20;    1.6;   93.42;    3.7;   -0.4;   -0.6;eor
        164;20180117;   10;  10.4;   4.2;    3;   1.1;   8;    0.000;   0;   7.8;   6.1;  986.97;    1.3;   90.17;    1.7;    0.4;   -0.3;eor
        164;20180118;   10;  18.4;   6.7;    3;   8.3;   8;    0.000;   0;   7.7;   6.2;  985.52;    1.5;   91.33;    3.4;    0.0;    0.0;eor
        164;20180119;   10;   9.4;   3.6;    3;   0.4;   8;    0.083;   0;   7.9;   6.3;  997.55;    1.6;   92.50;    2.7;    0.7;   -0.1;eor
        164;20180120;   10;   5.9;   2.4;    3;   0.0;   8;    0.117;   0;   7.8;   6.2;  999.28;    1.1;   93.63;    2.7;   -0.5;   -0.8;eor
        164;20180121;   10;   6.2;   1.8;    3;   0.0;   0;    0.000;   0;   8.0;   5.9; 1006.20;    0.1;   95.67;    1.1;   -0.9;   -0.8;eor
        164;20180122;   10;  10.4;   4.5;    3;   0.9;   8;    0.017;   0;   7.9;   4.9; 1006.73;   -0.4;   82.92;    0.8;   -1.4;   -1.9;eor
        164;20180123;   10;   6.6;   2.7;    3;   0.5;   6;    0.350;   0;   7.8;   5.8; 1013.66;    0.2;   92.63;    3.6;   -1.5;   -2.1;eor
        164;20180124;   10;  13.6;   5.6;    3;   0.2;   6;    1.200;   0;   7.9;   9.6; 1008.65;    7.9;   90.08;   10.3;    3.5;    2.5;eor
        164;20180125;   10;  11.8;   3.6;    3;   3.7;   6;    0.000;   0;   7.8;   9.4; 1006.12;    8.4;   85.58;   10.3;    5.9;    5.3;eor
        164;20180126;   10;   3.7;   1.6;    3;   1.8;   6;    0.000;   0;   7.8;   9.2; 1011.02;    5.9;   99.17;    6.8;    5.1;    4.1;eor
        164;20180127;   10;  10.1;   2.9;    3;   0.1;   6;    0.000;   0;   7.9;   8.0; 1021.63;    5.1;   91.83;    6.0;    4.4;    3.1;eor
        164;20180128;   10;  15.7;   7.5;    3;   0.7;   6;    0.817;   0;   7.7;   8.6; 1014.73;    7.2;   84.25;    9.1;    4.9;    4.1;eor
        164;20180129;   10;  19.8;   8.7;    3;   3.6;   6;    0.000;   0;   7.6;   9.9; 1009.26;    9.1;   85.79;   10.6;    4.8;    3.7;eor
        164;20180130;   10;  16.1;   6.9;    3;   0.0;   0;    0.217;   0;   7.4;   6.5; 1014.78;    4.6;   76.25;    6.0;    0.4;   -1.2;eor
        164;20180131;   10;  13.6;   4.8;    3;   4.6;   6;    0.000;   0;   7.8;   7.6; 1000.41;    4.1;   91.17;    8.2;    0.0;   -1.4;eor
        164;20180201;   10;   9.1;   3.9;    3;   0.0;   0;    3.700;   0;   5.3;   6.2;  992.65;    3.0;   82.13;    5.5;    0.2;   -1.8;eor
        164;20180202;   10;   8.9;   3.6;    3;   0.0;   8;    4.283;   0;   4.8;   5.8;  995.78;    1.9;   82.46;    4.3;   -1.2;   -2.7;eor
        164;20180203;   10;   8.2;   2.9;    3;   0.7;   8;    0.000;   0;   7.3;   5.8;  997.83;    0.3;   92.13;    3.0;   -4.8;   -7.3;eor
        164;20180204;   10;   5.4;   2.5;    3;   3.2;   4;    0.000;   0;   6.0;   5.0; 1011.63;   -2.2;   95.88;    0.3;   -6.1;   -8.2;eor
        164;20180205;   10;   5.0;   2.0;    3;   0.0;   7;    7.283;   5;   4.2;   4.2; 1021.96;   -3.3;   87.04;   -0.2;   -9.1;  -15.1;eor
        164;20180206;   10;   4.4;   1.6;    3;   0.0;   7;    6.550;   4;   4.6;   3.4; 1013.49;   -6.3;   88.92;    0.2;   -9.7;  -15.6;eor
        164;20180207;   10;   4.2;   1.8;    3;   0.0;   0;    7.050;   4;   2.8;   3.5; 1010.87;   -5.5;   86.13;   -1.5;   -8.6;  -15.8;eor
        164;20180208;   10;   3.1;   1.2;    3;   0.0;   0;    8.250;   4;   1.1;   3.0; 1014.10;   -7.1;   85.00;   -1.3;  -11.3;  -16.9;eor
        164;20180209;   10;   4.2;   1.5;    3;   0.0;   7;    1.817;   4;   3.0;   3.4; 1011.99;   -6.5;   88.46;   -0.5;  -11.5;  -16.8;eor
        164;20180210;   10;   5.6;   2.4;    3;   0.0;   8;    0.000;   4;   7.7;   4.6; 1009.36;   -2.5;   90.21;   -0.4;   -4.7;   -6.1;eor
        164;20180211;   10;  11.7;   4.3;    3;   0.3;   6;    0.967;   4;   7.5;   5.7;  997.75;    0.9;   87.67;    3.7;   -2.5;   -5.4;eor
        164;20180212;   10;   9.9;   3.8;    3;   0.1;   8;    1.717;   0;   2.9;   5.5; 1001.87;    1.1;   83.92;    4.2;   -1.4;   -3.7;eor
        164;20180213;   10;   8.5;   2.8;    3;   0.0;   0;    7.583;   0;   2.4;   5.1; 1009.44;    0.3;   83.04;    4.6;   -2.4;   -5.0;eor
        164;20180214;   10;   5.7;   1.9;    3;   0.0;   0;    6.050;   0;   3.3;   4.8; 1014.98;   -2.6;   94.67;    0.8;   -5.5;   -8.0;eor
        164;20180215;   10;  10.3;   4.5;    3;   0.3;   8;    0.000;   0;   8.0;   4.7; 1013.52;   -2.2;   90.88;    0.8;   -4.3;   -4.0;eor
        164;20180216;   10;  10.3;   4.9;    3;   0.0;   6;    6.933;   0;   3.9;   6.0; 1014.11;    2.5;   82.75;    6.1;    0.0;   -0.8;eor
        164;20180217;   10;   5.7;   2.2;    3;   0.1;   8;    0.000;   0;   8.0;   6.2; 1018.07;    1.8;   89.38;    3.9;    0.0;   -1.5;eor
        164;20180218;   10;   4.9;   1.9;    3;   0.0;   0;    0.000;   0;   8.0;   5.2; 1021.49;    1.5;   77.33;    3.4;    0.2;   -0.5;eor
        164;20180219;   10;   6.4;   3.0;    3;   0.0;   0;    5.683;   0;   7.6;   4.9; 1015.63;    1.3;   72.96;    5.1;   -1.1;   -2.6;eor
        164;20180220;   10;   8.8;   3.4;    3;   0.0;   0;    8.500;   0;   3.4;   4.5; 1014.94;   -0.1;   75.29;    3.6;   -2.4;   -5.0;eor
        164;20180221;   10;   6.5;   2.3;    3;   0.0;   0;    6.383;   0;   6.8;   4.8; 1019.10;    0.0;   79.17;    3.8;   -3.0;   -5.0;eor
        164;20180222;   10;   5.6;   1.9;    3;   0.0;   7;    2.533;   0;   6.8;   4.7; 1019.73;   -1.5;   86.63;    1.4;   -4.8;   -7.1;eor
        164;20180223;   10;   6.5;   2.8;    3;   0.0;   8;    8.733;   0;   3.1;   3.5; 1020.65;   -3.9;   76.79;   -1.0;   -6.5;   -7.6;eor
        164;20180224;   10;  13.4;   5.0;    3;   0.0;   0;    6.850;   0;   4.3;   3.2; 1024.08;   -2.9;   65.71;   -0.3;   -7.9;  -10.9;eor
        164;20180225;   10;   7.6;   1.9;    3;   0.0;   8;    3.200;   0;   4.5;   3.0; 1025.47;   -5.8;   76.33;   -1.8;  -10.5;  -12.3;eor
        164;20180226;   10;  10.1;   3.5;    3;   0.0;   7;    6.117;   0;   3.0;   2.7; 1022.35;   -6.1;   70.75;   -3.2;  -10.7;  -13.5;eor
        164;20180227;   10;  12.4;   3.6;    3;   0.0;   7;    1.450;   0;   4.6;   2.2; 1017.62;   -8.7;   68.96;   -4.9;  -12.6;  -14.4;eor
        164;20180228;   10;  11.0;   4.8;    3;   0.0;   0;    9.667;   0;   1.5;   1.9; 1021.73;   -9.1;   62.25;   -5.8;  -12.4;  -13.1;eor
        164;20180301;   10;   9.0;   4.2;    3;   0.0;   0;    9.750;   0;   0.5;   2.0; 1014.35;   -9.1;   64.38;   -5.7;  -11.8;  -14.3;eor
        164;20180302;   10;   9.2;   4.2;    3;   0.0;   0;    9.767;   0;   0.0;   1.9; 1002.59;   -8.8;   62.92;   -4.6;  -13.1;  -14.5;eor
        164;20180303;   10;   8.7;   3.5;    3;   0.0;   0;    9.850;   0;   0.0;   2.3; 1000.80;   -7.2;   66.29;   -2.0;  -12.3;  -14.6;eor
        164;20180304;   10;  10.3;   4.0;    3;   0.0;   0;    9.833;   0;   1.6;   2.6;  999.19;   -3.9;   58.54;    1.9;  -10.5;  -13.8;eor
        164;20180305;   10;   8.0;   2.9;    3;   0.0;   8;    3.867;   0;   7.2;   4.2;  993.02;    0.2;   66.92;    7.4;   -4.5;   -7.3;eor
        164;20180306;   10;   6.7;   2.0;    3;   5.1;   8;    0.850;   0;   7.5;   5.2;  989.13;    0.2;   84.79;    4.9;   -5.9;   -8.1;eor
        164;20180307;   10;   7.7;   2.0;    3;   1.9;   8;    0.000;   2;   7.8;   6.3;  987.03;    0.9;   96.42;    1.7;    0.1;   -0.1;eor
        164;20180308;   10;   9.0;   3.2;    3;   2.9;   6;    1.917;   0;   6.9;   6.8;  993.81;    3.0;   90.17;    6.6;    0.5;    0.0;eor
        164;20180309;   10;  13.1;   4.3;    3;   0.0;   6;    0.583;   0;   7.0;   6.4;  997.67;    3.7;   80.42;    7.0;   -1.1;   -3.2;eor
        164;20180310;   10;   5.8;   2.2;    3;   0.8;   6;    0.000;   0;   7.9;   7.3;  999.07;    3.3;   92.88;    6.3;   -0.8;   -2.7;eor
        164;20180311;   10;   8.0;   2.7;    3;   0.0;   0;    8.533;   0;   7.3;   9.7;  993.45;    8.4;   87.96;   14.5;    3.1;    0.7;eor
        164;20180312;   10;   9.4;   1.8;    3;  10.1;   6;    0.000;   0;   7.9;   9.2;  985.22;    6.6;   94.54;    9.4;    2.4;    0.5;eor
        164;20180313;   10;  11.0;   4.8;    3;   2.4;   6;    0.133;   0;   7.9;   9.8;  991.10;    8.0;   90.96;   11.0;    3.6;    3.2;eor
        164;20180314;   10;   9.0;   3.7;    3;   0.0;   6;    0.000;   0;   7.9;   7.0; 1003.80;    2.8;   93.25;    3.6;    1.5;    1.1;eor
        164;20180315;   10;  12.6;   5.9;    3;   0.0;   0;    0.400;   0;   7.5;   5.8; 1004.57;    2.0;   81.83;    4.2;    0.8;   -0.4;eor
        164;20180316;   10;  14.7;   8.2;    3;   0.0;   0;    0.000;   0;   7.9;   3.8; 1004.44;   -0.7;   64.92;    0.8;   -4.1;   -4.8;eor
        164;20180317;   10;  16.8;   9.3;    3;   0.0;   0;    8.517;   0;   4.4;   2.2; 1010.13;   -3.4;   45.33;   -0.8;   -5.8;   -6.7;eor
        164;20180318;   10;  15.8;   7.7;    3;   0.0;   0;   10.900;   0;   3.6;   2.2; 1013.05;   -2.8;   45.21;    0.7;   -5.9;   -6.9;eor
        164;20180319;   10;   7.1;   2.7;    3;   0.0;   0;   11.050;   0;   0.4;   2.9; 1009.46;   -2.1;   58.58;    3.7;   -7.6;  -11.4;eor
        164;20180320;   10;  10.6;   3.1;    3;   0.8;   7;    1.150;   0;   5.2;   4.4; 1009.09;   -2.1;   82.08;    2.6;   -6.1;   -8.9;eor
        164;20180321;   10;   9.4;   3.6;    3;   0.1;   8;    8.550;   0;   5.1;   4.4; 1017.51;    1.1;   69.29;    6.6;   -5.3;   -8.5;eor
        164;20180322;   10;  10.2;   3.9;    3;   3.5;   8;    0.000;   0;   7.9;   6.4; 1004.85;    1.5;   94.54;    2.9;    0.0;    0.0;eor
        164;20180323;   10;   6.8;   2.1;    3;   0.0;   0;    0.000;   0;   7.8;   5.8; 1001.08;    1.0;   87.88;    2.2;    0.2;   -0.2;eor
        164;20180324;   10;   7.1;   1.7;    3;   0.0;   0;    0.267;   0;   7.5;   5.5; 1000.28;    1.6;   81.67;    5.0;   -2.6;   -4.8;eor
        164;20180325;   10;   5.6;   1.4;    3;   0.0;   0;   10.083;   0;   7.0;   5.8; 1001.70;    3.5;   76.25;   10.6;   -3.6;   -5.8;eor
        164;20180326;   10;   7.5;   2.6;    3;   0.1;   6;    1.617;   0;   7.4;   6.8; 1006.01;    3.7;   85.79;    8.1;   -0.3;   -2.7;eor
        164;20180327;   10;   5.1;   1.9;    3;   0.0;   0;    1.250;   0;   7.0;   5.7; 1008.30;    2.8;   77.17;    7.0;   -1.1;   -3.9;eor
        164;20180328;   10;  12.0;   5.2;    3;   7.6;   8;    0.000;   0;   7.9;   5.9; 1000.89;    0.8;   90.46;    1.9;   -0.3;   -3.1;eor
        164;20180329;   10;  16.3;   5.5;    3;   0.5;   6;    1.200;   0;   6.2;   6.7;  994.96;    3.3;   86.75;    7.0;    0.1;   -1.1;eor
        164;20180330;   10;   7.6;   3.3;    3;   0.0;   0;   10.817;   0;   5.8;   5.6; 1002.00;    3.0;   75.00;    8.3;   -1.9;   -3.6;eor
        164;20180331;   10;  10.1;   4.0;    3;  16.7;   8;    0.000;   0;   7.8;   6.6;  994.11;    2.7;   88.50;    5.1;   -0.7;   -2.7;eor
        164;20180401;   10;  15.2;   7.0;    3;   8.5;   8;    0.000;   6;   8.0;   6.1;  993.90;    0.9;   94.21;    2.6;    0.0;   -0.1;eor
        164;20180402;   10;   8.5;   4.1;    3;   0.2;   6;    9.367;   6;   4.8;   5.5; 1002.55;    3.1;   73.50;    7.8;   -1.1;   -2.3;eor
        164;20180403;   10;   8.9;   3.8;    3;   0.1;   6;    3.483;   0;   7.8;   9.5;  997.51;   10.8;   73.17;   17.6;    4.2;    3.6;eor
        164;20180404;   10;  19.7;   3.4;    3;   1.4;   6;   10.267;   0;   5.9;   9.8;  996.55;   14.6;   61.83;   20.2;    9.2;    6.7;eor
        164;20180405;   10;  15.3;   5.2;    3;   1.0;   6;    3.867;   0;   6.4;   9.6; 1000.45;   10.1;   77.54;   15.2;    3.5;    2.2;eor
        164;20180406;   10;  10.4;   4.3;    3;   0.0;   0;   12.183;   0;   2.4;   6.1; 1016.48;    6.6;   64.67;   12.5;    1.1;   -0.1;eor
        164;20180407;   10;  12.2;   5.0;    3;   0.0;   0;   12.233;   0;   4.1;   6.1; 1012.51;   11.2;   47.58;   18.6;    3.5;   -1.0;eor
        164;20180408;   10;  13.1;   4.3;    3;   0.0;   0;   12.150;   0;   1.0;   8.8; 1005.46;   14.1;   56.88;   20.7;    7.0;    4.1;eor
        164;20180409;   10;   4.6;   1.7;    3;   0.0;   0;   11.450;   0;   2.5;  10.1; 1000.63;   13.9;   67.29;   21.8;    5.5;    2.1;eor
        164;20180410;   10;  10.9;   4.2;    3;   0.0;   6;   11.317;   0;   3.4;  11.3; 1001.14;   13.7;   73.67;   23.0;    8.4;    4.3;eor
        164;20180411;   10;   9.5;   4.1;    3;   0.0;   6;    2.117;   0;   5.8;  10.4; 1005.13;    9.8;   85.75;   14.7;    6.4;    5.5;eor
        164;20180412;   10;  13.9;   5.3;    3;   0.1;   6;    9.267;   0;  -999;  11.7; 1001.67;   14.5;   72.67;   21.4;    7.1;    5.0;eor
        164;20180413;   10;   9.8;   4.1;    3;   0.5;   6;    3.650;   0;   7.8;  14.1; 1001.40;   16.3;   76.92;   21.8;   12.7;   11.1;eor
        164;20180414;   10;  10.9;   3.5;    3;   0.9;   6;    1.600;   0;   6.5;  11.9; 1009.47;   11.5;   87.08;   14.7;    7.0;    4.8;eor
        164;20180415;   10;   6.3;   2.1;    3;   0.0;   0;    7.483;   0;   6.8;  11.0; 1007.93;   12.9;   77.71;   22.2;    5.9;    3.4;eor
        164;20180416;   10;   5.8;   2.7;    3;   1.0;   6;    0.000;   0;   7.6;  11.3; 1006.92;   10.2;   90.38;   14.2;    7.5;    5.7;eor
        164;20180417;   10;  12.1;   3.2;    3;   0.0;   0;   10.683;   0;   4.8;   9.9; 1018.55;   12.6;   71.50;   19.0;    6.8;    3.6;eor
        164;20180418;   10;   7.2;   1.8;    3;   0.0;   0;   12.300;   0;   2.6;  11.0; 1024.86;   15.0;   69.13;   23.3;    5.8;    2.6;eor
        164;20180419;   10;   5.9;   1.7;    3;   0.0;   0;   12.617;   0;   3.9;  13.8; 1024.50;   16.1;   77.58;   23.2;    8.2;    5.7;eor
        164;20180420;   10;  10.0;   2.7;    3;   0.0;   0;   12.967;   0;   4.6;  13.2; 1016.73;   18.9;   65.13;   26.6;    8.6;    6.0;eor
        164;20180421;   10;   9.1;   3.1;    3;   0.0;   0;   12.583;   0;   3.1;  10.6; 1012.78;   15.1;   63.38;   19.7;    7.2;    3.9;eor
        164;20180422;   10;   7.8;   2.4;    3;   0.0;   0;   12.833;   0;   4.8;  10.1; 1009.15;   14.8;   63.58;   21.5;    5.3;    2.0;eor
        164;20180423;   10;  15.9;   3.7;    3;   1.9;   6;    6.483;   0;   6.6;  12.6; 1004.46;   16.2;   68.17;   21.8;   10.0;    7.1;eor
        164;20180424;   10;  11.8;   4.0;    3;   0.9;   6;    1.000;   0;   7.8;  10.3; 1006.63;   11.9;   73.79;   15.8;    7.8;    4.2;eor
        164;20180425;   10;  21.2;   5.5;    3;   6.4;   6;    3.867;   0;   6.8;  11.2; 1000.40;   11.8;   81.25;   17.8;    6.8;    3.8;eor
        164;20180426;   10;  14.8;   4.6;    3;   1.1;   8;    5.250;   0;   4.8;   9.3; 1005.58;    8.6;   83.21;   12.3;    5.3;    3.8;eor
        164;20180427;   10;   7.9;   2.9;    3;   0.0;   0;   10.433;   0;   5.2;   8.4; 1008.19;   10.5;   68.96;   15.5;    4.3;    1.2;eor
        164;20180428;   10;   8.9;   2.0;    3;   0.0;   6;   11.433;   0;   5.3;   9.6; 1004.15;   14.1;   63.13;   21.8;    5.1;    1.7;eor
        164;20180429;   10;   6.5;   2.1;    3;   0.0;   0;   10.600;   0;   5.5;  12.2; 1003.80;   16.4;   67.42;   22.7;   10.9;    8.2;eor
        164;20180430;   10;  16.1;   4.4;    3;   0.0;   6;   10.267;   0;   2.8;  12.1;  995.32;   16.2;   66.13;   24.7;   10.9;    6.4;eor
        164;20180501;   10;  17.2;   5.3;    3;   0.0;   0;    9.450;-999;   3.8;   8.0; 1002.68;   12.3;   56.50;   16.1;    5.9;    1.4;eor
        164;20180502;   10;   6.6;   2.3;    3;   0.0;   6;    4.883;-999;   7.6;   8.0; 1008.72;   10.6;   64.50;   15.5;    2.7;   -2.3;eor
        164;20180503;   10;  13.0;   3.4;    3;   0.0;   0;    8.083;-999;   5.1;   9.0; 1008.49;   12.6;   63.33;   20.9;    4.3;    0.0;eor
        164;20180504;   10;   7.9;   2.4;    3;   0.0;   0;   13.250;-999;   2.4;   7.6; 1017.58;   10.2;   65.29;   17.4;    2.3;   -1.5;eor
        164;20180505;   10;   8.9;   2.5;    3;   0.0;   0;   13.333;-999;   1.9;   8.6; 1021.34;   11.5;   67.21;   19.7;    2.1;   -1.4;eor
        164;20180506;   10;   7.6;   2.4;    3;   0.0;   0;   13.950;-999;   0.1;   9.9; 1020.78;   14.1;   64.13;   21.9;    5.3;    1.8;eor
        164;20180507;   10;   8.4;   2.3;    3;   0.0;   0;   14.017;-999;   0.2;  11.4; 1016.72;   16.1;   65.42;   24.1;    6.2;    2.8;eor
        164;20180508;   10;   9.6;   2.8;    3;   0.0;   0;   14.067;-999;  -999;  11.5; 1010.06;   17.6;   61.25;   25.5;    7.9;    4.7;eor
        164;20180509;   10;  10.0;   3.1;    3;   0.0;   0;   13.950;-999;   0.5;  12.4; 1004.44;   19.7;   57.88;   27.6;    9.8;    6.9;eor
        164;20180510;   10;  11.7;   3.6;    3;   2.7;   6;    8.900;-999;   6.2;  15.0; 1002.98;   20.0;   66.79;   27.2;   13.3;    9.9;eor
        164;20180511;   10;   9.4;   2.9;    3;   0.0;   6;    0.367;-999;   7.8;  15.1; 1012.20;   14.6;   90.29;   16.1;   13.4;   13.1;eor
        164;20180512;   10;   7.2;   2.0;    3;   0.0;   0;    4.867;-999;   5.5;  14.8; 1011.89;   16.5;   79.71;   22.3;   12.5;   11.0;eor
        164;20180513;   10;  12.1;   3.8;    3;   0.0;   0;   13.767;-999;   0.3;  11.8; 1007.99;   18.9;   60.00;   26.0;   11.0;    8.6;eor
        164;20180514;   10;  14.2;   3.7;    3;   0.0;   0;   14.067;-999;   0.3;  10.5; 1009.08;   17.8;   54.75;   24.2;   10.5;    7.4;eor
        164;20180515;   10;  16.8;   2.9;    3;   7.2;   8;    6.317;-999;   6.8;  12.2; 1008.37;   14.5;   76.13;   23.8;    8.6;    6.2;eor
        164;20180516;   10;   8.8;   2.7;    3;   0.0;   0;    9.100;-999;   7.9;  13.8; 1005.76;   16.1;   77.13;   23.0;    9.3;    8.4;eor
        164;20180517;   10;  10.7;   4.5;    3;   0.0;   0;   13.850;-999;   7.0;  13.3; 1006.25;   16.2;   73.67;   22.5;    9.4;    7.9;eor
        164;20180518;   10;   7.5;   3.0;    3;   0.0;   6;    0.000;   0;   7.0;  12.5; 1011.84;   12.5;   85.79;   15.9;    8.0;    4.7;eor
        164;20180519;   10;   9.5;   2.9;    3;   0.0;   0;   13.700;   0;   2.7;   8.7; 1016.22;   13.6;   60.67;   21.5;    5.0;    2.6;eor
        164;20180520;   10;   7.4;   2.7;    3;   0.0;   0;   14.550;   0;   0.5;   8.1; 1019.45;   13.8;   56.33;   21.6;    4.4;    1.6;eor
        164;20180521;   10;  10.8;   3.4;    3;   0.0;   0;   14.367;   0;   1.4;   9.9; 1015.45;   16.0;   58.67;   23.7;    5.8;    3.1;eor
        164;20180522;   10;   8.3;   2.1;    3;   0.0;   0;   13.717;   0;   0.6;   9.9; 1010.40;   16.9;   55.46;   23.9;    7.6;    4.5;eor
        164;20180523;   10;   8.8;   3.0;    3;   0.0;   0;   14.100;   0;   5.2;  11.1; 1015.58;   17.1;   60.54;   25.0;    8.8;    5.8;eor
        164;20180524;   10;  12.5;   4.0;    3;   0.0;   0;   14.550;   0;   2.0;  11.6; 1017.57;   18.4;   58.46;   25.7;    9.1;    6.4;eor
        164;20180525;   10;  10.4;   3.0;    3;   0.0;   0;   14.467;   0;   1.8;  11.3; 1015.74;   18.6;   55.88;   26.4;   11.9;    8.9;eor
        164;20180526;   10;   9.3;   2.0;    3;   0.0;   6;    9.633;   0;   2.8;  14.1; 1016.09;   17.7;   72.08;   25.9;    9.6;    8.2;eor
        164;20180527;   10;  14.5;   2.5;    3;   2.7;   4;    7.033;   0;   7.0;  15.8; 1015.32;   18.0;   79.29;   28.1;   12.6;   11.3;eor
        164;20180528;   10;  10.5;   3.1;    3;   0.0;   0;   14.517;   0;   2.9;  16.7; 1014.40;   22.8;   64.50;   30.9;   13.5;   11.5;eor
        164;20180529;   10;  12.1;   3.8;    3;   0.0;   0;   14.767;   0;   0.0;  13.2; 1011.01;   23.4;   49.63;   30.5;   15.3;   12.9;eor
        164;20180530;   10;  10.4;   3.0;    3;   0.0;   6;   14.650;   0;   1.6;  14.8; 1009.17;   23.3;   54.67;   31.7;   14.1;   11.9;eor
        164;20180531;   10;   8.9;   2.7;    3;   0.0;   6;   12.783;   0;   4.5;  16.5; 1009.32;   24.2;   58.29;   31.4;   17.0;   14.8;eor
        164;20180601;   10;  11.7;   2.6;    3;   5.4;   8;    9.300;   0;   6.8;  18.7; 1008.28;   23.1;   67.13;   31.7;   18.1;   16.8;eor
        164;20180602;   10;  10.5;   3.4;    3;   1.3;   6;    4.683;   0;   7.1;  20.0; 1008.06;   20.8;   82.13;   27.0;   17.3;   16.5;eor
        164;20180603;   10;   7.1;   3.2;    3;   0.0;   0;    9.417;   0;   4.3;  18.9; 1009.72;   21.1;   77.42;   26.4;   17.1;   15.3;eor
        164;20180604;   10;   8.7;   3.6;    3;   0.0;   0;   13.117;   0;   1.9;  17.3; 1005.43;   20.6;   73.88;   26.4;   14.9;   13.6;eor
        164;20180605;   10;  10.9;   3.9;    3;   0.0;   0;    6.917;   0;   3.6;  13.9; 1006.38;   17.4;   71.33;   25.6;    9.7;    6.2;eor
        164;20180606;   10;  10.9;   4.2;    3;   0.0;   0;   14.867;   0;   3.0;   8.2; 1012.62;   16.7;   47.38;   23.9;    8.8;    5.2;eor
        164;20180607;   10;  10.1;   3.9;    3;   0.0;   0;   14.900;   0;   2.3;   8.9; 1011.81;   19.0;   43.21;   26.6;    9.5;    6.7;eor
        164;20180608;   10;   6.7;   2.0;    3;   0.0;   0;   14.117;   0;   2.4;  11.2; 1007.98;   21.7;   46.88;   30.3;   10.4;    8.0;eor
        164;20180609;   10;  10.5;   2.3;    3;   0.0;   0;   14.500;   0;   5.0;  11.6; 1006.37;   23.5;   45.33;   32.0;   13.8;   11.5;eor
        164;20180610;   10;  11.2;   1.9;    3;   1.6;   6;    3.583;   0;   6.5;  18.3; 1003.39;   20.8;   76.79;   29.3;   15.3;   14.4;eor
        164;20180611;   10;   9.7;   3.8;    3;   0.0;   0;    9.250;   0;   5.6;  15.1; 1003.62;   19.3;   69.83;   24.5;   13.2;   10.9;eor
        164;20180612;   10;   8.9;   3.1;    3;   0.0;   6;    2.417;   0;   7.2;  12.0; 1003.33;   15.3;   70.00;   19.7;   10.8;    9.0;eor
        164;20180613;   10;   7.8;   3.2;    3;   0.1;   6;    0.350;   0;   7.9;  13.0; 1004.99;   14.8;   77.50;   17.2;   12.8;   10.9;eor
        164;20180614;   10;   6.7;   2.3;    3;   0.0;   0;    7.917;   0;   7.8;  11.4; 1008.35;   16.5;   62.75;   22.2;   11.7;    8.6;eor
        164;20180615;   10;   9.0;   1.9;    3;   0.0;   4;    3.200;   0;   7.8;  14.0; 1010.01;   18.3;   67.58;   24.0;   12.6;   12.0;eor
        164;20180616;   10;   8.5;   2.2;    3;   0.0;   6;    5.483;   0;   7.3;  14.7; 1009.68;   21.5;   59.79;   26.7;   15.2;   15.0;eor
        164;20180617;   10;  13.5;   4.1;    3;   0.0;   0;   12.983;   0;   4.9;  14.0; 1008.24;   21.6;   55.00;   26.8;   13.8;   10.6;eor
        164;20180618;   10;   9.5;   2.8;    3;   0.0;   6;    5.083;   0;   6.0;  13.4; 1012.31;   19.2;   62.00;   23.7;   12.4;   10.2;eor
        164;20180619;   10;  10.5;   4.5;    3;   0.0;   0;    6.800;   0;   5.2;  15.4; 1013.77;   20.5;   64.54;   24.8;   15.9;   13.1;eor
        164;20180620;   10;   8.2;   2.7;    3;   0.0;   0;    6.483;   0;   3.4;  15.6; 1013.56;   20.8;   64.33;   26.7;   14.4;   11.6;eor
        164;20180621;   10;  19.8;   5.3;    3;   7.1;   6;    6.783;   0;   4.0;  13.6; 1005.17;   16.3;   72.92;   26.5;   10.0;    8.8;eor
        164;20180622;   10;  13.6;   5.5;    3;   0.5;   6;    4.200;   0;   6.0;  10.1; 1009.20;   13.6;   65.83;   19.0;    9.1;    7.9;eor
        164;20180623;   10;  14.3;   6.7;    3;   0.0;   0;    4.150;   0;   7.2;  11.0; 1010.81;   14.9;   66.13;   20.4;   11.3;   10.9;eor
        164;20180624;   10;   9.5;   4.3;    3;   3.6;   6;    1.000;   0;   7.4;  14.2; 1010.89;   14.0;   88.92;   17.7;   11.4;   10.1;eor
        164;20180625;   10;  11.2;   4.0;    3;   0.0;   0;    7.050;   0;   4.7;  14.4; 1013.07;   16.0;   80.63;   21.8;   10.6;    7.4;eor
        164;20180626;   10;  12.1;   4.0;    3;   0.0;   6;    5.850;   0;   5.4;  14.1; 1016.05;   16.8;   76.58;   24.5;   11.4;   10.0;eor
        164;20180627;   10;   9.2;   3.1;    3;   0.0;   0;    9.833;   0;   4.9;  13.8; 1018.72;   18.9;   66.46;   26.0;   11.5;   10.3;eor
        164;20180628;   10;  12.2;   4.1;    3;   0.0;   0;   12.500;   0;   4.4;  14.6; 1015.06;   20.8;   62.67;   28.0;   12.7;   11.1;eor
        164;20180629;   10;  12.6;   4.2;    3;   0.0;   0;   13.217;   0;   2.5;  13.4; 1009.96;   19.9;   60.38;   28.9;   10.9;    8.2;eor
        164;20180630;   10;  11.5;   3.6;    3;   0.0;   0;   10.117;   0;   2.7;   9.7; 1013.80;   15.6;   57.71;   22.8;    8.4;    5.5;eor
        164;20180701;   10;  11.5;   3.8;    3;   0.0;   0;   11.000;   0;   2.0;   9.5; 1014.76;   15.1;   58.71;   21.9;    7.3;    4.8;eor
        164;20180702;   10;  10.4;   3.2;    3;   0.0;   0;   10.817;   0;   2.5;   9.8; 1011.33;   16.7;   56.38;   25.2;    7.2;    5.2;eor
        164;20180703;   10;  10.3;   3.5;    3;   0.0;   0;   14.833;   0;   0.5;  10.2; 1008.93;   20.4;   46.88;   27.7;   10.4;    8.3;eor
        164;20180704;   10;   8.7;   2.2;    3;   0.0;   0;   14.867;   0;   0.0;  11.4; 1007.13;   22.0;   48.46;   30.6;   10.6;    8.0;eor
        164;20180705;   10;  11.1;   3.2;    3;   0.0;   0;   14.067;   0;   1.4;  14.4; 1004.38;   22.0;   58.42;   30.9;   13.9;   11.6;eor
        164;20180706;   10;  10.2;   4.1;    3;   0.0;   0;    5.567;   0;   5.1;  13.3; 1008.28;   18.6;   63.38;   24.8;   13.4;   10.9;eor
        164;20180707;   10;  11.3;   4.6;    3;   0.0;   0;   11.983;   0;   3.8;  11.6; 1011.75;   18.5;   57.88;   26.3;   11.2;    9.2;eor
        164;20180708;   10;  10.1;   3.6;    3;   0.0;   0;    5.900;   0;   4.9;  14.7; 1012.56;   20.8;   61.58;   28.4;   15.0;   13.2;eor
        164;20180709;   10;  10.7;   4.0;    3;   0.0;   0;    8.400;   0;   5.6;  13.6; 1010.95;   19.0;   62.92;   24.1;   14.8;   13.8;eor
        164;20180710;   10;   5.8;   2.0;    3;  26.6;   6;    1.983;   0;   7.5;  13.0; 1009.35;   16.2;   70.79;   20.7;   12.9;   12.4;eor
        164;20180711;   10;   7.8;   2.0;    3;  37.8;   6;    1.567;   0;   7.7;  17.4; 1007.63;   17.4;   87.96;   22.6;   14.1;   14.1;eor
        164;20180712;   10;  12.7;   4.5;    3;  37.9;   6;    0.000;   0;   7.9;  18.8; 1005.77;   17.0;   96.83;   18.3;   15.9;   16.0;eor
        164;20180713;   10;  25.3;   3.7;    3;  34.3;   8;    6.717;   0;   6.2;  18.3; 1009.53;   19.3;   83.25;   27.3;   15.5;   14.0;eor
        164;20180714;   10;   8.9;   4.2;    3;   0.0;   0;   13.017;   0;   2.1;  16.0; 1011.54;   18.7;   75.33;   24.2;   12.8;   10.7;eor
        164;20180715;   10;   8.9;   2.4;    3;   0.0;   0;    9.933;   0;   1.5;  15.0; 1010.55;   18.4;   72.67;   25.0;   11.6;   10.0;eor
        164;20180716;   10;   7.9;   2.1;    3;   0.0;   6;   14.417;   0;   3.8;  15.8; 1007.40;   21.2;   66.54;   28.8;   12.7;   11.5;eor
        164;20180717;   10;   9.3;   3.3;    3;   1.8;   6;    1.533;   0;   8.0;  18.5; 1005.20;   20.8;   75.96;   25.1;   16.9;   15.5;eor
        164;20180718;   10;  11.2;   4.9;    3;   0.5;   6;    4.433;   0;   7.6;  18.8; 1006.84;   20.9;   77.33;   26.0;   18.0;   17.4;eor
        164;20180719;   10;  11.5;   5.2;    3;   0.0;   6;    3.683;   0;   6.6;  16.3; 1009.24;   19.7;   72.33;   25.4;   13.9;   11.4;eor
        164;20180720;   10;  11.2;   3.6;    3;   0.0;   0;   13.767;   0;   2.0;  13.2; 1008.00;   19.5;   61.08;   25.9;   12.7;   10.6;eor
        164;20180721;   10;   7.4;   1.7;    3;   0.0;   0;   11.883;   0;   5.9;  14.0; 1006.33;   19.5;   65.83;   26.2;   11.7;    9.9;eor
        164;20180722;   10;   4.4;   1.5;    3;   0.0;   0;    7.567;   0;   6.7;  15.3; 1006.55;   21.2;   63.75;   26.9;   14.0;   11.7;eor
        164;20180723;   10;   7.4;   2.8;    3;   0.0;   0;   13.867;   0;   0.8;  16.9; 1008.73;   21.7;   68.13;   27.6;   16.1;   14.3;eor
        164;20180724;   10;   7.0;   2.1;    3;   0.0;   0;    9.383;   0;   2.5;  18.5; 1009.18;   22.8;   69.25;   29.7;   15.3;   13.5;eor
        164;20180725;   10;   8.1;   2.1;    3;   0.0;   0;   13.900;   0;   0.2;  18.7; 1009.14;   24.4;   64.79;   31.3;   16.3;   14.2;eor
        164;20180726;   10;   8.8;   2.7;    3;   0.0;   0;   14.150;   0;   2.4;  17.6; 1010.78;   24.0;   62.29;   31.8;   16.0;   14.3;eor
        164;20180727;   10;  10.5;   3.1;    3;   0.0;   0;   11.517;   0;   3.1;  20.0; 1009.17;   24.8;   67.33;   31.9;   17.8;   16.5;eor
        164;20180728;   10;  15.2;   2.5;    3;   5.6;   6;   12.517;   0;   3.3;  20.0; 1003.87;   24.4;   68.42;   30.7;   17.2;   15.1;eor
        164;20180729;   10;   6.8;   2.1;    3;   0.0;   0;    9.467;   0;   4.4;  19.3; 1008.88;   22.4;   74.00;   27.7;   17.2;   15.5;eor
        164;20180730;   10;   6.5;   2.0;    3;   0.0;   6;    9.067;   0;   2.8;  17.8; 1011.05;   23.5;   65.08;   30.7;   16.3;   14.4;eor
        164;20180731;   10;   6.7;   1.8;    3;   0.0;   0;   14.017;   0;   1.0;  18.6; 1010.63;   25.8;   59.96;   33.6;   16.3;   14.4;eor
        164;20180801;   10;   9.7;   3.0;    3;   0.0;   0;   10.233;   0;   5.2;  22.6; 1012.64;   25.8;   69.58;   31.9;   19.8;   18.7;eor
        164;20180802;   10;   8.9;   3.5;    3;   0.0;   0;    9.583;   0;   5.4;  18.8; 1015.80;   24.8;   62.46;   31.0;   18.8;   17.2;eor
        164;20180803;   10;   6.2;   1.7;    3;   0.0;   0;   13.900;   0;   0.3;  16.5; 1015.20;   24.6;   56.79;   31.5;   17.3;   15.6;eor
        164;20180804;   10;   9.8;   2.6;    3;   0.0;   0;   10.133;   0;   4.5;  18.2; 1010.79;   24.9;   59.33;   31.7;   18.3;   15.7;eor
        164;20180805;   10;  11.4;   4.6;    3;   0.0;   0;    8.867;   0;   5.4;  15.9; 1012.30;   20.8;   65.71;   25.0;   16.5;   13.5;eor
        164;20180806;   10;   6.4;   2.3;    3;   0.0;   0;   12.950;   0;   2.3;  14.9; 1011.70;   21.2;   61.42;   28.0;   14.6;   13.1;eor
        164;20180807;   10;   8.9;   2.9;    3;   0.0;   0;   13.650;   0;   2.4;  13.7; 1006.86;   25.8;   44.88;   34.0;   15.8;   11.7;eor
        164;20180808;   10;  12.5;   3.5;    3;   2.8;   6;   10.433;   0;   4.5;  16.3; 1004.35;   27.1;   47.79;   35.9;   21.3;   19.2;eor
        164;20180809;   10;  15.5;   3.2;    3;   3.2;   6;   12.717;   0;   2.6;  20.7; 1006.96;   26.4;   63.08;   33.3;   19.3;   17.7;eor
        164;20180810;   10;  12.9;   4.6;    3;   0.0;   6;    5.367;   0;   4.7;  15.2; 1012.40;   19.9;   65.67;   23.4;   13.7;   10.5;eor
        164;20180811;   10;  14.8;   4.7;    3;   0.0;   6;    6.133;   0;   4.0;  11.8; 1012.77;   17.6;   59.96;   22.1;   13.7;   10.7;eor
        164;20180812;   10;   9.5;   3.0;    3;   0.0;   0;   12.033;   0;   4.8;  11.6; 1010.07;   18.3;   58.50;   25.2;   11.2;   10.2;eor
        164;20180813;   10;   7.6;   1.8;    3;   0.0;   6;    8.767;   0;   7.3;  12.8; 1001.70;   21.8;   53.71;   30.6;   11.7;    9.3;eor
        164;20180814;   10;   9.6;   4.2;    3;   1.4;   6;    4.783;   0;   6.1;  16.7; 1003.16;   20.1;   71.54;   24.0;   17.1;   15.6;eor
        164;20180815;   10;  10.0;   3.9;    3;   0.0;   6;    3.533;   0;   7.3;  16.8; 1010.65;   19.4;   75.79;   23.7;   14.4;   12.4;eor
        164;20180816;   10;   8.9;   2.6;    3;   0.0;   0;   13.100;   0;   2.4;  15.0; 1011.07;   21.9;   60.54;   28.6;   14.5;   12.2;eor
        164;20180817;   10;  12.2;   2.8;    3;   0.0;   0;   12.333;   0;   3.8;  15.0; 1008.67;   23.4;   54.92;   32.1;   15.8;   12.1;eor
        164;20180818;   10;   7.9;   2.7;    3;   0.0;   0;   11.567;   0;   5.5;  14.6; 1013.76;   20.5;   63.08;   26.6;   14.9;   12.7;eor
        164;20180819;   10;   8.7;   2.2;    3;   0.0;   0;   12.850;   0;   4.8;  14.3; 1012.36;   21.1;   61.13;   28.3;   12.7;   10.4;eor
        164;20180820;   10;  10.6;   4.1;    3;   0.0;   6;    2.633;   0;   6.0;  16.7; 1009.45;   20.3;   70.04;   24.3;   15.2;   13.0;eor
        164;20180821;   10;   8.0;   2.7;    3;   0.0;   0;   12.433;   0;  -999;  12.2; 1014.36;   18.2;   61.88;   23.9;   11.5;    9.3;eor
        164;20180822;   10;   6.0;   1.5;    3;   0.0;   0;   13.000;   0;   0.8;  12.1; 1012.75;   18.9;   60.96;   27.3;    9.9;    7.4;eor
        164;20180823;   10;  15.0;   2.0;    3;   2.2;   6;   12.200;   0;   2.4;  15.3; 1004.74;   22.9;   59.79;   32.4;   11.8;    9.7;eor
        164;20180824;   10;  12.8;   4.0;    3;   0.0;   6;    4.167;   0;   7.2;  16.2; 1001.38;   19.7;   70.79;   23.7;   15.5;   14.6;eor
        164;20180825;   10;   9.7;   2.7;    3;   7.6;   8;    3.850;   0;   5.6;  11.6; 1002.75;   15.3;   67.42;   20.8;   10.7;    8.8;eor
        164;20180826;   10;   8.8;   3.6;    3;   0.0;   0;    9.500;   0;   4.5;  10.6; 1007.88;   14.1;   68.25;   19.9;    9.5;    7.6;eor
        164;20180827;   10;  17.7;   4.0;    3;   0.0;   6;    1.517;   0;   7.4;  11.7; 1006.17;   16.2;   64.42;   21.2;   10.3;    8.7;eor
        164;20180828;   10;   9.1;   3.2;    3;   0.0;   0;    6.300;   0;  -999;  14.2; 1012.19;   16.8;   76.00;   21.6;   10.8;    7.7;eor
        164;20180829;   10;   9.6;   2.6;    3;   0.0;   0;   11.883;   0;   3.3;  11.9; 1010.17;   18.2;   61.92;   25.8;    8.7;    6.5;eor
        164;20180830;   10;  11.2;   3.3;    3;   1.0;   6;    0.300;   0;   6.8;  15.1; 1006.62;   16.2;   81.83;   18.6;   12.2;    9.3;eor
        164;20180831;   10;  10.2;   4.1;    3;   0.0;   0;    4.950;   0;   6.8;  14.3; 1012.62;   15.6;   81.63;   20.1;   11.6;    8.8;eor
        164;20180901;   10;   6.1;   2.0;    3;   0.1;   6;    5.867;   0;   6.5;  13.7; 1017.97;   16.3;   75.67;   22.4;    9.3;    6.2;eor
        164;20180902;   10;  10.7;   3.3;    3;   0.0;   6;    0.983;   0;   6.7;  15.7; 1018.57;   17.9;   78.38;   23.7;   12.0;    9.7;eor
        164;20180903;   10;  11.0;   3.3;    3;   0.0;   0;   11.550;   0;   5.0;  16.8; 1012.83;   21.1;   69.33;   28.1;   15.2;   13.3;eor
        164;20180904;   10;   7.6;   2.7;    3;   0.0;   0;    8.967;   0;   3.5;  15.8; 1010.60;   18.0;   79.13;   24.9;   13.0;   11.5;eor
        164;20180905;   10;   7.8;   2.6;    3;   0.0;   0;    8.467;   0;   4.5;  16.3; 1012.02;   18.7;   78.54;   25.3;   13.5;   11.4;eor
        164;20180906;   10;   7.0;   2.3;    3;   0.0;   0;    7.133;   0;   4.8;  15.4; 1008.05;   17.0;   81.50;   23.1;   12.3;    9.8;eor
        164;20180907;   10;   8.9;   2.1;    3;   0.1;   6;    1.867;   0;   5.9;  15.2; 1005.34;   16.5;   81.71;   22.5;   10.4;    8.3;eor
        164;20180908;   10;  11.1;   3.0;    3;   0.0;   0;   10.483;   0;   4.5;  11.1; 1012.79;   15.4;   66.04;   21.9;    9.9;    6.6;eor
        164;20180909;   10;   7.1;   1.9;    3;   0.0;   0;    7.350;-999;   4.9;  10.9; 1014.45;   17.3;   58.38;   24.8;   12.0;    9.4;eor
        164;20180910;   10;   8.8;   2.5;    3;   0.0;   6;    2.867;-999;   7.0;  12.2; 1013.62;   18.6;   59.96;   25.5;   10.3;    7.6;eor
        164;20180911;   10;  11.7;   3.8;    3;   0.0;   6;    5.917;-999;   7.5;  13.3; 1012.37;   20.6;   56.63;   26.1;   15.6;   14.4;eor
        164;20180912;   10;  11.2;   3.3;    3;   2.8;   6;    4.933;-999;   5.8;  14.4; 1012.25;   18.3;   69.50;   25.6;   12.0;   10.1;eor
        164;20180913;   10;   3.9;   1.4;    3;   1.6;   6;    0.050;-999;   7.8;  14.1; 1014.59;   13.9;   88.96;   16.2;   12.1;   11.3;eor
        164;20180914;   10;   6.1;   1.8;    3;   0.0;   6;    3.533;-999;   7.7;  13.9; 1013.40;   15.6;   79.75;   20.3;   12.3;   10.6;eor
        164;20180915;   10;  11.1;   4.0;    3;   0.2;   6;    6.167;-999;   6.3;  12.5; 1013.89;   15.3;   73.58;   21.2;   11.0;    8.2;eor
        164;20180916;   10;   8.0;   2.5;    3;   0.0;   0;    9.150;-999;   7.5;  11.8; 1016.80;   15.3;   70.13;   21.2;    9.2;    7.0;eor
        164;20180917;   10;   7.8;   2.2;    3;   0.0;   0;   10.717;-999;  -999;  11.7; 1012.77;   17.5;   62.33;   26.1;   10.1;    6.7;eor
        164;20180918;   10;   9.8;   3.0;    3;   0.0;   0;   10.917;-999;   5.3;  12.7; 1008.72;   20.5;   55.50;   29.3;   12.1;    8.8;eor
        164;20180919;   10;   7.7;   2.7;    3;   0.0;   0;   11.000;-999;   4.0;  14.9; 1010.24;   21.0;   61.46;   27.4;   12.8;   10.3;eor
        164;20180920;   10;  10.6;   2.3;    3;   0.0;   0;    8.983;-999;   6.3;  15.2; 1009.44;   20.4;   65.71;   27.3;   14.4;   10.9;eor
        164;20180921;   10;  18.8;   5.0;    3;   2.1;   6;    5.883;-999;   6.1;  14.4; 1001.19;   18.7;   71.00;   29.6;   11.1;    9.3;eor
        164;20180922;   10;  14.2;   5.5;    3;   0.8;   6;    5.383;-999;   5.9;  10.1; 1008.39;   12.8;   69.21;   17.8;   10.1;    8.4;eor
        164;20180923;   10;  11.2;   3.2;    3;   8.3;   6;    2.000;-999;   7.2;  10.6; 1005.08;   10.4;   84.63;   14.1;    8.6;    7.6;eor
        164;20180924;   10;  18.0;   6.9;    3;   0.3;   6;    6.450;-999;   4.1;   8.8; 1014.59;    8.8;   78.13;   14.0;    5.2;    3.5;eor
        164;20180925;   10;  10.4;   4.0;    3;   0.0;   0;   10.000;-999;   3.3;   7.9; 1028.16;    8.5;   73.58;   15.0;    3.9;    1.4;eor
        164;20180926;   10;  13.5;   4.9;    3;   0.0;   0;    2.867;-999;   7.6;   7.6; 1023.73;   11.8;   57.33;   16.1;    4.4;    0.9;eor
        164;20180927;   10;  10.0;   4.6;    3;   0.0;   6;    5.300;-999;   5.5;  13.3; 1016.96;   17.3;   66.92;   21.6;   14.3;   11.6;eor
        164;20180928;   10;  13.1;   5.4;    3;   0.0;   0;    6.017;-999;   4.1;   9.2; 1014.61;   12.2;   65.13;   17.0;    5.5;    2.9;eor
        164;20180929;   10;   7.4;   2.9;    3;   0.0;   0;    8.483;-999;   0.8;   8.0; 1020.38;    9.1;   71.21;   14.9;    3.5;    1.6;eor
        164;20180930;   10;   9.3;   2.7;    3;   0.0;   0;   10.083;-999;   1.7;   7.8; 1010.71;    9.6;   68.13;   17.6;    3.5;    0.4;eor
        164;20181001;   10;  10.0;   2.9;    3;   0.5;   6;    2.483;   0;   6.0;   9.4; 1005.14;    8.3;   86.08;   14.6;    2.5;    0.3;eor
        164;20181002;   10;  13.9;   5.8;    3;   1.9;   6;    0.933;   0;   5.3;   9.1; 1005.49;    7.6;   87.21;   10.1;    4.5;    3.3;eor
        164;20181003;   10;  16.7;   7.5;    3;   0.8;   6;    5.850;   0;   5.3;   9.2; 1008.29;   10.0;   75.13;   13.3;    7.6;    6.3;eor
        164;20181004;   10;   8.8;   3.7;    3;   0.0;   0;    1.317;   0;   7.0;  11.2; 1017.72;   11.1;   84.46;   13.7;    7.3;    5.9;eor
        164;20181005;   10;   8.7;   3.1;    3;   0.0;   0;    9.200;   0;   4.8;  11.4; 1014.44;   14.8;   69.33;   20.0;    9.9;    6.8;eor
        164;20181006;   10;   6.8;   2.5;    3;   0.0;   0;    9.533;   0;   5.3;  11.7; 1004.31;   13.7;   75.46;   20.8;    7.3;    3.7;eor
        164;20181007;   10;  14.1;   3.9;    3;   0.0;   6;    0.250;   0;   7.1;  10.4; 1009.32;   10.4;   81.54;   14.5;    2.0;   -0.9;eor
        164;20181008;   10;   5.7;   1.8;    3;   0.0;   0;    9.517;   0;   6.0;   8.0; 1016.59;    6.9;   81.88;   13.7;    0.1;   -2.4;eor
        164;20181009;   10;   6.3;   2.1;    3;   0.0;   0;    3.700;-999;   7.9;  10.5; 1016.21;   10.5;   82.83;   17.7;    3.9;    1.4;eor
        164;20181010;   10;   5.3;   2.1;    3;   0.0;   0;    7.800;-999;   6.6;  12.6; 1016.90;   13.4;   83.33;   22.0;    5.3;    2.9;eor
        164;20181011;   10;  10.1;   3.5;    3;   0.0;   0;    9.767;-999;   0.6;  12.4; 1013.13;   16.2;   69.92;   23.3;   10.2;    6.0;eor
        164;20181012;   10;   7.6;   2.7;    3;   0.0;   0;    9.750;-999;   0.0;  12.3; 1015.95;   16.1;   69.17;   23.4;   10.3;    5.7;eor
        164;20181013;   10;   7.3;   2.7;    3;   0.0;   0;    9.683;   0;   0.0;  12.3; 1017.24;   16.1;   69.21;   24.0;   10.0;    6.7;eor
        164;20181014;   10;  11.4;   4.0;    3;   0.0;   0;    9.567;   0;   0.0;  10.8; 1010.48;   15.9;   61.63;   22.9;   10.3;    8.0;eor
        164;20181015;   10;   8.9;   3.0;    3;   0.0;   0;    8.533;   0;   2.3;   9.2; 1009.67;   14.4;   57.96;   21.1;    8.0;    4.9;eor
        164;20181016;   10;   4.5;   1.3;    3;   0.0;   0;    7.733;   0;   1.0;  10.2; 1012.01;   12.2;   74.63;   20.5;    5.5;    2.8;eor
        164;20181017;   10;   4.0;   1.2;    3;   0.0;   0;    9.217;   0;   0.2;  10.5; 1012.97;   11.2;   82.04;   20.0;    4.5;    2.4;eor
        164;20181018;   10;   8.5;   2.8;    3;   0.0;   6;    5.100;   0;   6.5;  11.7; 1014.32;   11.0;   88.38;   16.9;    4.2;    2.7;eor
        164;20181019;   10;   6.4;   2.7;    3;   0.0;   0;    8.350;   0;   4.3;   9.1; 1018.37;    8.5;   83.46;   14.9;    2.6;   -0.5;eor
        164;20181020;   10;   9.0;   3.4;    3;   0.0;   6;    3.967;   0;   6.5;   8.1; 1020.74;    8.5;   74.83;   14.0;    3.3;    1.9;eor
        164;20181021;   10;   6.0;   2.3;    3;   0.0;   0;    9.033;   0;   2.7;   8.7; 1021.34;    8.5;   79.83;   14.6;    1.6;   -1.0;eor
        164;20181022;   10;  11.9;   3.7;    3;   1.6;   6;    2.133;   0;   4.3;   8.9; 1019.40;    8.2;   81.33;   12.4;    4.9;    2.8;eor
        164;20181023;   10;  21.8;   8.6;    3;   6.2;   6;    0.000;   0;   7.5;   9.9; 1004.02;    9.0;   84.88;   11.4;    5.6;    4.3;eor
        164;20181024;   10;  21.2;   7.7;    3;   0.3;   6;    5.800;   0;   5.6;   7.5; 1005.41;    8.5;   67.63;   11.3;    5.4;    3.4;eor
        164;20181025;   10;  17.7;   7.1;    3;   0.7;   6;    0.233;   0;   7.7;  10.1; 1002.54;   10.6;   78.83;   12.8;    7.7;    7.2;eor
        164;20181026;   10;  10.9;   3.9;    3;   0.0;   6;    0.433;   0;   8.0;   9.8;  998.48;   10.0;   80.25;   11.4;    8.4;    7.7;eor
        164;20181027;   10;  16.6;   5.9;    3;   0.3;   6;    1.233;   0;   7.4;   7.6;  997.86;    7.2;   74.25;    9.5;    3.1;    1.1;eor
        164;20181028;   10;  10.0;   3.6;    3;   0.0;   6;    1.183;   0;   7.9;   7.9; 1008.92;    5.7;   86.67;    8.2;    3.5;    1.9;eor
        164;20181029;   10;  11.8;   5.5;    3;   0.1;   6;    0.000;   0;   8.0;   7.3; 1002.58;    4.7;   85.63;    6.4;    3.7;    3.5;eor
        164;20181030;   10;  19.1;   5.7;    3;   0.7;   6;    4.367;   0;   5.9;  10.6;  989.64;   13.3;   71.21;   21.3;    6.4;    6.2;eor
        164;20181031;   10;  15.8;   4.5;    3;   0.0;   0;    8.317;   0;   4.8;   7.6; 1010.05;    8.0;   71.42;   12.1;    2.2;   -0.5;eor
        164;20181101;   10;   6.3;   1.9;    3;   0.0;   0;    2.567;   0;   6.5;   9.0; 1007.67;    6.9;   89.29;   11.8;    0.8;   -1.6;eor
        164;20181102;   10;   8.5;   3.0;    3;   0.0;   0;    5.600;   0;   6.3;   9.2; 1014.53;    8.6;   83.13;   13.8;    5.6;    1.5;eor
        164;20181103;   10;   3.8;   1.3;    3;   0.0;   0;    1.900;   0;   6.5;   8.5; 1022.41;    6.7;   87.38;   11.6;    0.8;   -1.7;eor
        164;20181104;   10;   6.7;   2.6;    3;   0.0;   0;    0.000;   0;   7.0;  10.1; 1015.12;    7.5;   95.54;   10.6;    0.9;   -1.9;eor
        164;20181105;   10;   7.7;   3.7;    3;   0.0;   0;    2.950;   0;   7.8;  11.6; 1007.53;   11.0;   88.25;   14.4;    9.7;    6.1;eor
        164;20181106;   10;   6.6;   2.8;    3;   0.0;   0;    7.933;   0;   2.4;  10.4; 1005.01;   10.4;   82.38;   15.9;    5.9;    2.4;eor
        164;20181107;   10;   7.0;   1.8;    3;   0.0;   0;    7.000;   0;   3.0;  10.3; 1005.80;    8.8;   91.75;   15.6;    3.1;    1.0;eor
        164;20181108;   10;   5.2;   1.6;    3;   0.0;   6;    0.717;   0;   7.7;   9.8; 1013.13;    7.0;   96.58;   13.4;    2.2;    1.2;eor
        164;20181109;   10;   5.4;   2.1;    3;   0.0;   6;    0.000;   0;   8.0;  10.2; 1011.66;    7.2;  100.00;    8.5;    5.0;    3.8;eor
        164;20181110;   10;   7.8;   3.5;    3;   0.0;   0;    1.150;   0;   7.9;  10.5; 1005.15;    8.4;   95.38;   11.4;    7.0;    6.5;eor
        164;20181111;   10;   8.2;   3.5;    3;   1.7;   6;    0.450;   0;   7.2;   9.8; 1005.91;    6.7;   98.79;    8.6;    5.0;    5.1;eor
        164;20181112;   10;   8.8;   3.1;    3;   0.1;   6;    0.067;   0;   7.9;  11.0; 1010.37;   10.1;   89.25;   13.5;    7.2;    5.8;eor
        164;20181113;   10;  10.8;   2.8;    3;   6.9;   6;    0.200;   0;   6.6;  11.3; 1014.52;    9.9;   92.42;   11.2;    8.0;    6.8;eor
        164;20181114;   10;  10.0;   3.7;    3;   0.0;   0;    3.417;   0;   7.5;   9.7; 1021.78;    7.7;   92.21;    9.8;    5.3;    3.9;eor
        164;20181115;   10;   6.7;   2.7;    3;   0.0;   0;    3.867;   0;   4.9;   8.9; 1024.52;    6.5;   92.67;   10.7;    3.7;    0.7;eor
        164;20181116;   10;   9.7;   3.4;    3;   0.0;   0;    7.450;   0;   4.5;   7.0; 1029.46;    4.6;   83.08;    8.7;    0.4;   -2.7;eor
        164;20181117;   10;   6.4;   2.7;    3;   0.0;   0;    7.300;   0;   1.8;   5.7; 1032.30;    1.0;   87.08;    6.3;   -4.0;   -6.8;eor
        164;20181118;   10;   9.6;   2.5;    3;   0.7;   6;    0.517;   0;   6.7;   6.3; 1024.52;    0.6;   95.29;    5.1;   -5.0;   -7.0;eor
        164;20181119;   10;  13.9;   5.2;    3;   0.1;   8;    0.033;   0;   7.7;   7.1; 1017.90;    3.9;   88.25;    5.7;    2.7;    1.7;eor
        164;20181120;   10;  13.8;   6.8;    3;   0.0;   6;    0.000;   0;   7.9;   5.6; 1014.42;    2.1;   78.79;    3.0;    0.7;    0.1;eor
        164;20181121;   10;  10.3;   4.7;    3;   0.1;   8;    0.000;   0;   8.0;   5.2; 1016.86;    0.4;   82.96;    1.1;   -0.3;   -0.9;eor
        164;20181122;   10;   8.5;   4.2;    3;   0.0;   0;    0.000;   0;   8.0;   5.4; 1019.11;    0.0;   88.08;    0.6;   -0.3;   -0.3;eor
        164;20181123;   10;   5.7;   2.6;    3;   0.0;   6;    0.000;   0;   8.0;   6.4; 1015.84;    1.0;   96.25;    2.0;   -0.2;   -0.4;eor
        164;20181124;   10;   3.6;   1.3;    3;   0.9;   6;    0.000;   0;   7.6;   7.0; 1008.47;    1.9;   99.50;    3.1;   -1.5;   -2.8;eor
        164;20181125;   10;   6.4;   2.2;    3;   0.2;   6;    0.000;   0;   7.4;   7.7; 1006.83;    3.2;   99.50;    4.2;   -0.5;   -2.6;eor
        164;20181126;   10;   7.7;   2.7;    3;   0.0;   0;    0.000;   0;   7.5;   6.2; 1008.53;    0.5;   97.58;    3.2;   -3.3;   -5.6;eor
        164;20181127;   10;   4.5;   1.3;    3;   0.0;   8;    0.000;   0;   7.3;   5.3; 1016.00;   -0.8;   92.54;    1.0;   -3.9;   -6.6;eor
        164;20181128;   10;  11.4;   2.7;    3;   0.0;   0;    6.250;   0;   3.5;   4.8; 1022.30;   -1.9;   90.83;    1.6;   -5.9;   -8.1;eor
        164;20181129;   10;  13.4;   6.9;    3;   0.0;   0;    2.867;   0;   7.7;   4.0; 1016.43;   -1.1;   70.54;    0.8;   -3.0;   -3.7;eor
        164;20181130;   10;  13.4;   4.6;    3;  10.4;   6;    0.000;   0;   7.9;   4.5; 1009.46;   -0.3;   74.46;    0.8;   -1.4;   -1.8;eor
        164;20181201;   10;   6.8;   2.9;    3;   0.0;   0;    0.000;   0;   8.0;   6.4; 1007.34;    0.6;   99.17;    2.7;   -0.7;   -0.7;eor
        164;20181202;   10;   8.9;   4.2;    3;   1.2;   6;    0.000;   0;   7.8;   8.2;  996.30;    4.5;   96.17;   10.0;    1.7;    1.1;eor
        164;20181203;   10;   9.1;   3.6;    3;   3.3;   6;    0.600;   0;   7.2;  11.8;  992.32;   10.1;   95.33;   12.3;    6.8;    4.6;eor
        164;20181204;   10;  14.3;   6.1;    3;   0.0;   0;    4.900;   0;   4.0;   7.6; 1005.03;    6.1;   79.96;    9.6;    2.0;    0.5;eor
        164;20181205;   10;  10.3;   3.3;    3;   0.0;   6;    6.500;   0;   2.1;   6.3; 1019.10;    1.9;   90.38;    6.1;   -0.5;   -2.7;eor
        164;20181206;   10;   8.4;   3.8;    3;   0.7;   6;    0.000;   0;   7.8;   7.1; 1009.56;    3.6;   87.00;    9.0;    0.7;   -0.2;eor
        164;20181207;   10;  11.1;   4.8;    3;   7.6;   6;    0.000;   0;   7.6;  12.1;  997.19;   10.2;   96.88;   11.1;    8.7;    8.0;eor
        164;20181208;   10;  18.9;   7.1;    3;   2.9;   6;    0.467;   0;   7.0;   8.2;  991.10;    6.9;   81.71;    9.8;    5.2;    4.0;eor
        164;20181209;   10;  15.4;   6.3;    3;   4.8;   6;    0.017;   0;   7.8;   8.8;  984.42;    6.5;   90.92;    7.7;    4.7;    3.7;eor
        164;20181210;   10;  14.8;   7.4;    3;   4.2;   6;    0.017;   0;   7.7;   6.8;  999.27;    4.4;   81.96;    5.2;    2.8;    2.3;eor
        164;20181211;   10;  14.4;   5.7;    3;   2.0;   6;    0.483;   0;   7.5;   7.0; 1005.99;    3.2;   90.75;    4.2;    1.9;    0.8;eor
        164;20181212;   10;   8.0;   2.6;    3;   0.1;   8;    0.317;   0;   7.0;   6.8; 1017.08;    2.1;   95.46;    3.9;    0.1;   -1.7;eor
        164;20181213;   10;   5.4;   2.0;    3;   0.0;   8;    0.000;   0;   7.8;   6.3; 1018.03;    0.8;   97.46;    2.3;    0.0;   -1.5;eor
        164;20181214;   10;   5.3;   2.3;    3;   0.0;   8;    0.000;   0;   8.0;   5.5; 1020.42;    0.0;   89.25;    0.5;   -0.6;   -0.9;eor
        164;20181215;   10;   6.6;   2.0;    3;   0.0;   8;    0.000;   0;   7.9;   5.5; 1021.87;   -0.3;   91.33;    0.3;   -1.0;   -1.8;eor
        164;20181216;   10;   7.5;   3.5;    3;   0.0;   8;    0.000;   0;   7.3;   4.8; 1011.20;   -1.0;   85.08;   -0.4;   -1.7;   -2.8;eor
        164;20181217;   10;   4.1;   1.8;    3;   0.1;   8;    0.000;   0;   7.9;   5.4; 1013.93;   -0.6;   92.17;    0.4;   -1.9;   -1.9;eor
        164;20181218;   10;   6.7;   2.1;    3;   0.0;   6;    0.000;   0;   7.6;   6.9; 1018.21;    1.8;   98.50;    4.2;    0.1;   -1.1;eor
        164;20181219;   10;  10.5;   4.0;    3;   0.2;   6;    0.000;   0;   7.9;   6.1; 1011.76;    0.7;   94.71;    1.8;   -0.3;   -1.7;eor
        164;20181220;   10;   5.6;   2.7;    3;   0.3;   6;    0.000;   0;   7.9;   7.2; 1007.94;    2.7;   96.71;    3.7;    1.7;    1.1;eor
        164;20181221;   10;  13.1;   3.8;    3;   5.1;   6;    0.000;   0;   7.5;   8.8;  998.87;    5.4;   96.96;   10.0;    3.1;    1.3;eor
        164;20181222;   10;  20.0;   6.4;    3;   0.4;   6;    0.183;   0;   7.8;   7.8;  999.32;    5.5;   85.42;    9.6;    3.3;    2.9;eor
        164;20181223;   10;  10.8;   3.9;    3;   4.9;   8;    0.000;   0;   7.5;   8.5; 1007.23;    5.1;   96.21;    7.1;    2.9;    2.3;eor
        164;20181224;   10;  11.9;   5.0;    3;   0.1;   8;    0.000;   0;   7.8;   5.8; 1015.46;    1.2;   85.83;    2.9;   -0.1;   -0.5;eor
        164;20181225;   10;  12.8;   6.3;    3;   0.0;   6;    0.050;   0;   7.9;   7.4; 1018.98;    4.8;   85.46;    6.0;    2.4;    1.6;eor
        164;20181226;   10;   9.5;   4.6;    3;   0.1;   6;    0.000;   0;   7.8;   8.8; 1017.88;    6.3;   91.92;    8.1;    5.1;    4.5;eor
        164;20181227;   10;   9.8;   4.8;    3;   0.0;   6;    0.000;   0;   8.0;   9.1; 1015.82;    5.8;   98.04;    7.8;    4.8;    4.6;eor
        164;20181228;   10;  10.6;   4.5;    3;   0.3;   6;    0.000;   0;   7.8;   8.7; 1016.49;    6.2;   91.21;    7.1;    5.2;    4.6;eor
        164;20181229;   10;  10.1;   4.7;    3;   1.9;   6;    0.000;   0;   7.6;   9.0; 1016.25;    6.2;   94.92;    6.9;    5.2;    4.8;eor
        164;20181230;   10;  16.8;   6.6;    3;   0.2;   6;    0.133;   0;   6.6;   8.1; 1014.27;    5.4;   89.50;    7.7;    1.5;   -1.6;eor
        164;20181231;   10;   9.7;   3.0;    3;   0.4;   6;    1.733;   0;   7.9;   8.1; 1021.68;    4.8;   93.96;    8.0;    2.1;    0.9;eor
        164;20190101;   10;  19.6;   9.1;    3;   2.2;   8;    1.167;   0;   7.2;   7.9; 1007.43;    6.1;   83.04;    8.0;    2.8;    1.8;eor
        164;20190102;   10;  20.4;   7.6;    3;   0.7;   8;    2.083;   0;   5.3;   4.6; 1015.34;    1.5;   67.17;    4.1;   -1.3;   -3.3;eor
        164;20190103;   10;  11.8;   4.6;    3;   2.4;   7;    0.750;   0;   4.8;   4.9; 1024.65;   -0.7;   83.25;    1.9;   -4.0;  -10.9;eor
        164;20190104;   10;  10.4;   4.8;    3;   1.0;   6;    0.000;   2;   7.4;   6.5; 1018.83;    1.6;   94.08;    4.8;   -1.4;   -1.9;eor
        164;20190105;   10;   9.1;   4.1;    3;   0.2;   6;    0.000;   0;   7.5;   8.1; 1012.53;    4.7;   93.67;    6.4;    1.8;   -0.3;eor
        164;20190106;   10;   5.9;   2.6;    3;   0.0;   7;    0.000;   0;   7.2;   5.8; 1020.52;    0.4;   91.83;    2.4;   -1.5;   -3.0;eor
        164;20190107;   10;  10.6;   3.1;    3;   3.0;   8;    0.000;   0;   7.8;   6.9; 1017.31;    1.8;   98.08;    5.3;   -1.9;   -3.5;eor
        164;20190108;   10;  15.3;   7.3;    3;   7.2;   8;    0.000;   0;   7.6;   7.9;  992.42;    4.8;   91.83;    6.2;    1.9;    1.6;eor
        164;20190109;   10;  15.2;   7.1;    3;   3.9;   8;    0.000;   0;   7.6;   6.9;  999.24;    2.2;   96.13;    3.4;    0.7;    0.2;eor
        164;20190110;   10;  10.2;   4.0;    3;   0.0;   8;    2.550;   0;   7.1;   5.6; 1014.82;    0.4;   88.54;    2.2;   -2.2;   -4.1;eor
        164;20190111;   10;  10.5;   4.6;    3;   0.2;   8;    0.000;   0;   7.7;   6.8; 1008.27;    2.2;   93.67;    5.3;   -0.3;   -0.7;eor
        164;20190112;   10;  11.9;   5.6;    3;   3.0;   6;    0.000;   0;   7.9;   7.7; 1001.48;    4.5;   90.79;    6.0;    3.0;    2.5;eor
        164;20190113;   10;  18.7;   6.7;    3;   4.4;   8;    0.000;   0;   7.5;   8.6;  986.41;    5.9;   93.00;    7.8;    4.7;    3.4;eor
        164;20190114;   10;  19.7;   9.8;    3;   1.1;   8;    2.583;   0;   3.9;   4.9;  991.60;    1.7;   70.38;    4.8;   -1.7;   -1.8;eor
        164;20190115;   10;  14.6;   7.1;    3;   4.2;   8;    0.000;   0;   6.9;   7.2;  999.65;    3.5;   89.92;    6.9;    0.2;   -1.3;eor
        164;20190116;   10;  12.4;   5.4;    3;   0.0;   6;    0.000;   0;   7.8;   8.5;  997.99;    6.2;   88.92;    7.3;    3.6;    2.6;eor
        164;20190117;   10;  16.9;   5.9;    3;   3.7;   8;    1.367;   0;   7.3;   6.6;  991.34;    4.3;   79.04;    6.0;    0.2;    0.0;eor
        164;20190118;   10;  10.6;   4.7;    3;   0.0;   0;    6.500;   2;   3.2;   5.0; 1007.13;   -0.7;   85.71;    0.9;   -3.5;   -5.6;eor
        164;20190119;   10;   6.7;   1.8;    3;   0.0;   0;    0.650;   1;   6.9;   4.9; 1013.27;   -1.7;   90.54;    0.6;   -6.1;  -10.0;eor
        164;20190120;   10;   4.3;   1.1;    3;   0.0;   0;    0.000;   1;   7.6;   4.1; 1013.76;   -4.8;   95.83;   -2.4;   -7.6;   -9.5;eor
        164;20190121;   10;   7.9;   3.2;    3;   0.0;   0;    0.117;   1;   7.8;   4.3; 1014.21;   -3.2;   89.96;   -1.1;   -5.0;   -4.7;eor
        164;20190122;   10;   9.3;   3.4;    3;   0.0;   0;    3.800;   1;   4.6;   4.2; 1005.64;   -3.0;   85.46;   -0.6;   -6.1;   -6.8;eor
        164;20190123;   10;   9.7;   4.7;    3;   0.0;   0;    0.983;   1;   7.5;   3.4; 1000.54;   -5.6;   85.13;   -3.9;   -7.1;   -7.7;eor
        164;20190124;   10;   8.4;   3.6;    3;   0.0;   7;    1.117;   1;   7.5;   3.4; 1006.65;   -4.9;   80.08;   -3.7;   -6.2;   -7.7;eor
        164;20190125;   10;   5.2;   2.0;    3;   0.7;   8;    0.000;   2;   7.8;   3.5; 1007.36;   -4.5;   80.42;   -3.6;   -5.1;   -5.1;eor
        164;20190126;   10;   6.7;   2.3;    3;   1.3;   8;    0.000;   3;   7.9;   5.5;  995.51;   -1.0;   95.79;    1.4;   -4.0;   -4.4;eor
        164;20190127;   10;   7.4;   3.4;    3;   1.8;   6;    0.000;   0;   7.8;   7.4;  983.44;    3.0;   97.13;    4.5;    0.9;    0.6;eor
        164;20190128;   10;   8.5;   2.8;    3;   0.9;   8;    3.900;   0;   7.6;   6.8;  984.53;    2.9;   91.33;    4.9;    0.5;   -0.5;eor
        164;20190129;   10;  11.6;   4.0;    3;   0.0;   7;    1.183;   0;   7.5;   5.9;  994.97;    0.6;   92.25;    1.8;   -1.2;   -1.9;eor
        164;20190130;   10;  13.5;   4.1;    3;   0.0;   0;    4.200;   0;   7.8;   5.2;  995.13;    0.3;   83.33;    2.9;   -1.4;   -2.5;eor
        164;20190131;   10;   6.9;   2.7;    3;   0.0;   0;    0.233;   0;   6.8;   5.0;  994.45;   -1.0;   87.96;    1.0;   -3.2;   -6.2;eor
        164;20190201;   10;   7.0;   3.0;    3;   1.3;   8;    0.017;   0;   6.6;   5.0;  991.33;   -1.4;   90.83;    0.8;   -3.8;   -6.4;eor
        164;20190202;   10;   8.1;   2.7;    3;   3.1;   8;    0.000;   1;   7.7;   6.1;  990.57;    0.3;   98.42;    0.8;   -0.3;   -0.4;eor
        164;20190203;   10;   9.0;   3.9;    3;   0.0;   7;    0.000;   0;   8.0;   6.2; 1006.20;    1.1;   93.83;    1.8;    0.0;   -1.4;eor
        164;20190204;   10;   8.0;   3.7;    3;   0.0;   7;    3.100;   0;   7.0;   5.7; 1019.15;    0.2;   91.63;    4.5;   -1.7;   -3.0;eor
        164;20190205;   10;   9.8;   4.7;    3;   0.0;   8;    0.250;   0;   7.8;   5.8; 1018.08;    1.9;   82.25;    3.6;   -0.2;   -1.4;eor
        164;20190206;   10;  10.9;   3.8;    3;   0.0;   6;    1.567;   0;   7.9;   5.7; 1017.21;    3.3;   74.54;    6.0;    1.4;   -0.1;eor
        164;20190207;   10;  11.0;   3.9;    3;   0.2;   6;    1.500;   0;   8.0;   4.9; 1005.64;    2.4;   68.54;    6.8;   -0.5;   -0.9;eor
        164;20190208;   10;  11.4;   4.8;    3;   0.0;   6;    3.800;   0;   6.1;   6.3; 1005.55;    5.1;   72.17;    8.0;    1.6;    0.3;eor
        164;20190209;   10;  17.6;   6.4;    3;   3.7;   6;    2.933;   0;   6.9;   6.5;  996.98;    6.6;   67.38;   11.0;    4.5;    3.3;eor
        164;20190210;   10;  13.6;   5.4;    3;  12.0;   8;    0.000;   0;   7.3;   7.6;  990.62;    6.3;   79.42;    8.0;    4.5;    3.2;eor
        164;20190211;   10;  19.2;   7.8;    3;   0.1;   6;    0.400;   0;   5.8;   6.1;  997.60;    3.8;   75.88;    6.9;    0.9;    0.2;eor
        164;20190212;   10;  13.5;   6.3;    3;   0.6;   6;    7.917;   0;   5.8;   4.9; 1018.72;    2.7;   66.04;    5.5;    0.6;   -2.3;eor
        164;20190213;   10;  11.0;   5.4;    3;   0.0;   6;    0.000;   0;   7.7;   8.2; 1023.04;    5.9;   87.25;    8.3;    1.7;    1.0;eor
        164;20190214;   10;   7.7;   3.4;    3;   0.0;   0;    4.750;   0;   5.0;   8.0; 1027.24;    6.4;   83.17;    9.4;    2.3;   -1.9;eor
        164;20190215;   10;   6.3;   2.2;    3;   0.0;   0;    8.783;   0;   3.4;   5.4; 1025.92;    5.3;   63.25;   13.2;    0.2;   -3.0;eor
        164;20190216;   10;   7.8;   3.0;    3;   0.0;   0;    8.850;   0;   2.3;   5.5; 1018.85;    7.1;   56.96;   15.0;    0.5;   -2.2;eor
        164;20190217;   10;   3.9;   1.8;    3;   0.0;   0;    4.383;   0;   6.7;   6.9; 1017.37;    6.0;   74.33;   12.4;    1.2;   -2.3;eor
        164;20190218;   10;   5.6;   2.2;    3;   0.0;   0;    8.750;   0;   4.2;   6.6; 1012.10;    5.6;   74.58;   13.9;   -0.1;   -3.3;eor
        164;20190219;   10;  15.0;   5.3;    3;   1.0;   6;    0.400;   0;   6.7;   6.7; 1007.02;    6.1;   71.71;    9.3;    1.9;   -1.4;eor
        164;20190220;   10;  10.6;   4.9;    3;   0.2;   6;    1.567;   0;   7.0;   7.4; 1012.81;    7.3;   73.29;   10.2;    4.8;    3.5;eor
        164;20190221;   10;  11.4;   5.1;    3;   3.9;   6;    1.283;   0;   7.6;   8.6; 1015.20;    7.7;   81.04;   10.1;    6.3;    5.2;eor
        164;20190222;   10;  11.6;   4.3;    3;   0.0;   0;    9.117;   0;   4.2;   4.9; 1030.71;    1.8;   67.63;    7.6;   -3.1;   -6.5;eor
        164;20190223;   10;   7.3;   2.6;    3;   0.0;   0;    6.067;   0;   6.5;   3.1; 1036.97;   -0.6;   54.50;    4.1;   -4.1;   -5.4;eor
        164;20190224;   10;   5.4;   2.3;    3;   0.0;   0;    7.767;   0;   4.1;   3.6; 1031.62;    4.8;   45.17;   12.7;   -1.1;   -2.2;eor
        164;20190225;   10;  10.1;   3.7;    3;   0.0;   0;    8.483;   0;   6.4;   6.5; 1028.67;    7.0;   64.71;   13.9;   -0.1;   -3.6;eor
        164;20190226;   10;   6.7;   3.2;    3;   0.0;   0;    0.783;   0;   6.7;   8.0; 1025.23;    6.5;   82.13;   12.4;    0.3;   -2.3;eor
        164;20190227;   10;   9.3;   3.0;    3;   0.0;   0;    8.967;   0;   3.6;   5.6; 1017.40;    7.3;   61.79;   16.4;   -1.1;   -1.8;eor
        164;20190228;   10;  11.6;   5.0;    3;   0.0;   0;    7.483;   0;   3.8;   6.8; 1003.63;    6.9;   69.33;   11.6;    1.1;   -2.5;eor
        164;20190301;   10;   6.8;   2.2;    3;   0.0;   6;    0.000;   0;   7.8;   6.2; 1005.16;    2.6;   84.42;    5.4;   -1.8;   -3.9;eor
        164;20190302;   10;   7.4;   2.4;    3;   0.1;   8;    0.200;   0;   8.0;   5.5; 1007.58;    2.3;   77.38;    5.5;   -1.5;   -3.1;eor
        164;20190303;   10;  14.6;   4.9;    3;   1.7;   6;    0.000;   0;   7.8;   9.1;  997.83;    7.8;   84.96;   10.6;    2.9;    0.9;eor
        164;20190304;   10;  25.9;   7.3;    3;   2.7;   6;    1.717;   0;   7.1;   8.2;  985.12;    9.1;   71.00;   13.8;    6.2;    4.5;eor
        164;20190305;   10;  21.3;   7.8;    3;   1.3;   6;    2.133;   0;   5.4;   6.7;  993.45;    6.0;   71.79;    8.9;    3.1;    1.6;eor
        164;20190306;   10;  12.1;   4.3;    3;   0.3;   6;    5.017;   0;   6.2;   6.6; 1001.03;    6.2;   70.25;   11.0;    1.0;   -1.0;eor
        164;20190307;   10;  17.5;   5.4;    3;   0.4;   6;    1.600;   0;   5.5;   8.0;  989.97;    9.9;   66.63;   16.2;    6.9;    5.3;eor
        164;20190308;   10;  20.2;   7.7;    3;   2.9;   6;    4.150;   0;   4.8;   6.6;  997.12;    7.3;   64.25;    9.4;    3.7;    0.7;eor
        164;20190309;   10;  21.4;   7.1;    3;   5.4;   6;    2.567;   0;   7.2;   7.1;  996.93;    6.6;   73.46;   10.4;    3.4;    2.4;eor
        164;20190310;   10;  15.2;   5.2;    3;   7.4;   8;    0.917;   0;   6.9;   6.6;  995.26;    4.6;   78.04;    7.8;    2.1;    1.4;eor
        164;20190311;   10;  11.4;   4.9;    3;   3.7;   8;    0.017;   0;   6.5;   6.4; 1002.30;    2.4;   88.33;    3.6;    0.8;   -1.4;eor
        164;20190312;   10;  11.5;   4.8;    3;   0.5;   6;    2.000;   0;   6.8;   5.8; 1007.66;    4.1;   72.67;    8.3;    0.1;   -1.2;eor
        164;20190313;   10;  16.7;   7.2;    3;   1.8;   6;    1.817;   0;   7.5;   6.1;  993.47;    7.0;   60.92;    9.3;    4.8;    3.7;eor
        164;20190314;   10;  15.0;   5.9;    3;   2.6;   6;    0.500;   0;   7.5;   7.5;  989.71;    5.5;   83.04;    8.1;    4.0;    3.5;eor
        164;20190315;   10;  21.4;   7.5;    3;   2.1;   6;    0.400;   0;   7.1;   7.4;  989.12;    6.8;   74.88;    9.8;    5.0;    4.0;eor
        164;20190316;   10;  19.0;   6.7;    3;   1.9;   6;    2.683;   0;   7.0;   7.3;  996.07;    6.3;   76.25;    8.9;    4.4;    3.1;eor
        164;20190317;   10;  15.0;   5.9;    3;   0.3;   6;    0.883;   0;   7.5;   8.0;  993.12;    8.4;   72.08;   12.3;    4.5;    3.1;eor
        164;20190318;   10;  16.7;   7.1;    3;   1.8;   6;    3.267;   0;   5.0;   6.2; 1002.57;    5.3;   69.92;    8.7;    3.5;    2.2;eor
        164;20190319;   10;  10.6;   4.2;    3;   0.0;   0;    8.250;   0;   3.6;   5.9; 1017.20;    4.6;   71.17;    9.6;   -1.3;   -3.9;eor
        164;20190320;   10;  11.2;   3.8;    3;   0.0;   6;    7.417;   0;   4.7;   6.7; 1024.75;    6.3;   70.71;   12.4;   -2.1;   -4.6;eor
        164;20190321;   10;   9.0;   3.5;    3;   0.0;   6;    1.700;   0;   7.0;   9.8; 1025.90;   10.2;   79.17;   13.0;    8.4;    6.9;eor
        164;20190322;   10;   7.3;   2.1;    3;   0.0;   6;    0.000;   0;   7.5;   9.9; 1025.34;    9.4;   83.67;   11.1;    6.9;    5.3;eor
        164;20190323;   10;   9.1;   3.6;    3;   0.0;   0;    5.567;   0;   6.5;   9.2; 1020.07;    8.7;   82.75;   13.4;    4.0;    0.0;eor
        164;20190324;   10;   7.3;   2.1;    3;   0.2;   6;    4.733;   0;   6.5;   6.3; 1017.82;    5.9;   70.29;   10.9;    2.0;   -1.4;eor
        164;20190325;   10;  13.0;   4.4;    3;   1.9;   8;    3.800;   0;   6.1;   6.3; 1008.13;    4.4;   75.83;    9.1;    1.2;   -0.9;eor
        164;20190326;   10;  16.8;   6.1;    3;   0.7;   6;    2.350;   0;   5.8;   6.1; 1015.70;    4.5;   72.88;    8.5;    1.1;   -0.3;eor
        164;20190327;   10;  10.2;   4.2;    3;   0.5;   6;    0.433;   0;   7.2;   8.2; 1021.29;    6.3;   84.71;   10.1;    0.8;   -1.0;eor
        164;20190328;   10;   7.1;   3.4;    3;   0.3;   6;    0.000;   0;   7.6;  10.2; 1024.93;    8.6;   91.29;   10.2;    7.6;    7.1;eor
        164;20190329;   10;   6.7;   2.7;    3;   0.0;   0;    0.000;   0;   8.0;   9.5; 1024.47;    9.4;   80.96;   11.8;    6.4;    2.6;eor
        164;20190330;   10;  10.6;   3.3;    3;   0.0;   0;   10.900;   0;   4.8;   8.3; 1015.27;   11.4;   64.21;   18.1;    5.2;    2.0;eor
        164;20190331;   10;  11.6;   4.4;    3;   0.0;   0;    9.117;   0;   2.8;   6.2; 1015.94;    7.3;   60.92;   11.9;   -1.4;   -4.5;eor
        164;20190401;   10;   8.0;   2.7;    3;   0.0;   0;   11.883;   0;   0.0;   4.6; 1020.43;    4.6;   57.88;   11.3;   -3.1;   -5.9;eor
        164;20190402;   10;  11.9;   5.3;    3;   0.0;   6;   10.733;   0;   3.3;   5.0; 1008.02;    8.3;   46.13;   14.3;    1.9;   -0.1;eor
        164;20190403;   10;  10.3;   4.0;    3;   0.0;   0;    7.900;   0;   7.9;   7.5;  998.10;   12.6;   52.00;   18.8;    7.2;    5.1;eor
        164;20190404;   10;  10.6;   4.8;    3;   0.0;   0;   11.783;   0;   2.9;   8.0;  993.81;   14.4;   50.08;   20.4;    8.5;    6.1;eor
        164;20190405;   10;   8.4;   3.0;    3;   0.0;   6;    9.450;   0;   6.3;   9.2;  998.90;   12.7;   63.54;   19.3;    6.1;    2.7;eor
        164;20190406;   10;   9.0;   3.4;    3;   0.0;   0;   11.367;   0;   2.2;   8.7; 1001.90;   13.9;   57.17;   21.4;    7.5;    2.9;eor
        164;20190407;   10;   7.7;   2.5;    3;   0.0;   0;   12.117;   0;   0.0;   7.2; 1002.37;   11.8;   55.75;   19.6;    3.8;    0.0;eor
        164;20190408;   10;   9.6;   3.1;    3;   0.0;   0;   11.917;   0;   0.6;   7.4; 1004.60;    9.2;   66.17;   18.2;    2.2;   -0.2;eor
        164;20190409;   10;   9.5;   4.0;    3;   0.0;   0;    8.867;   0;   3.6;   5.8; 1009.14;    4.8;   68.83;   11.8;    0.3;   -2.4;eor
        164;20190410;   10;   7.9;   2.9;    3;   0.0;   0;    3.150;   0;   6.2;   4.9; 1012.44;    3.5;   65.04;    9.0;   -1.5;   -4.1;eor
        164;20190411;   10;   9.5;   3.3;    3;   0.0;   6;    1.250;   0;   6.3;   5.1; 1018.61;    2.2;   72.83;    6.3;   -2.6;   -4.9;eor
        164;20190412;   10;   8.5;   3.6;    3;   0.0;   8;    0.000;   0;   7.8;   5.3; 1019.93;    2.9;   70.75;    5.2;    1.5;    1.2;eor
        164;20190413;   10;   9.0;   3.8;    3;   2.3;   6;    2.533;   0;   8.0;   5.0; 1018.45;    4.3;   61.21;    8.8;    0.9;    0.4;eor
        164;20190414;   10;   9.0;   4.2;    3;   0.1;   6;    0.517;   0;   6.9;   6.8; 1019.62;    5.3;   76.88;   11.5;    1.8;   -0.6;eor
        164;20190415;   10;   9.9;   3.4;    3;   0.0;   0;   12.733;   0;   0.0;   5.2; 1021.74;    5.9;   59.50;   13.9;   -0.8;   -3.2;eor
        164;20190416;   10;  11.7;   3.3;    3;   0.0;   0;   12.367;   0;   0.9;   4.9; 1018.40;    7.3;   53.00;   15.5;   -1.6;   -4.4;eor
        164;20190417;   10;   8.8;   2.7;    3;   0.0;   0;    9.817;   0;   1.8;   6.3; 1021.82;    9.1;   55.96;   18.5;   -0.8;   -4.6;eor
        164;20190418;   10;  10.2;   2.9;    3;   0.0;   0;   12.833;   0;   0.0;   7.0; 1024.70;   12.0;   55.79;   21.4;    3.0;   -0.7;eor
        164;20190419;   10;   8.5;   2.8;    3;   0.0;   0;   12.950;   0;   0.0;   6.4; 1027.12;   11.7;   51.42;   21.6;    3.0;   -0.8;eor
        164;20190420;   10;   7.1;   2.7;    3;   0.0;   0;   12.967;   0;   3.3;   6.6; 1024.25;   10.9;   56.00;   20.4;    1.7;   -1.1;eor
        164;20190421;   10;   5.6;   1.9;    3;   0.0;   0;   13.117;   0;   1.8;   6.3; 1017.46;   11.9;   48.50;   20.8;    2.7;   -0.9;eor
        164;20190422;   10;  13.5;   4.8;    3;   0.0;   0;   13.167;   0;   1.3;   7.0; 1012.28;   11.9;   52.21;   19.2;    2.6;   -1.7;eor
        164;20190423;   10;  18.0;   7.7;    3;   0.9;   6;    8.533;   0;   3.6;   8.2; 1005.60;   14.3;   50.88;   19.8;    9.2;    7.1;eor
        164;20190424;   10;  13.6;   5.5;    3;   0.1;   6;   10.583;   0;   5.6;  10.8; 1001.50;   16.2;   59.46;   21.0;   12.3;    8.5;eor
        164;20190425;   10;   7.9;   2.5;    3;   0.0;   0;   10.017;   0;   5.0;  10.1; 1004.32;   17.4;   55.29;   25.3;   11.3;    7.5;eor
        164;20190426;   10;  15.7;   3.9;    3;   9.6;   8;    9.517;   0;   5.8;  12.6; 1001.64;   18.0;   64.83;   27.3;   10.0;    7.1;eor
        164;20190427;   10;  10.7;   3.6;    3;   0.0;   6;    1.950;   0;   7.9;  10.9; 1004.86;   12.9;   74.58;   18.3;    9.6;    9.1;eor
        164;20190428;   10;   8.6;   4.3;    3;   1.7;   6;    0.483;   0;   8.0;  10.2; 1009.77;   10.3;   81.50;   12.2;    8.4;    7.7;eor
        164;20190429;   10;  13.8;   5.1;    3;   0.3;   6;    5.550;   0;   4.6;   9.5; 1010.98;   10.2;   76.83;   16.4;    4.6;    2.7;eor
        164;20190430;   10;   9.4;   3.3;    3;   0.0;   6;   12.283;   0;   2.8;   6.5; 1010.89;   10.2;   55.96;   17.5;    2.4;   -0.3;eor
        164;20190501;    3;  11.2;   4.8;    3;   0.0;   6;    8.217;   0;   6.3;   9.4; 1004.43;   12.6;   64.67;   18.5;    7.5;    6.0;eor
        164;20190502;    3;  14.1;   6.3;    3;   0.0;   6;    1.250;   0;   7.8;   8.8;  997.78;    9.9;   71.92;   13.8;    6.6;    5.7;eor
        164;20190503;    3;  13.4;   5.3;    3;   0.1;   6;    4.600;   0;   6.6;   6.1;  999.78;    7.8;   58.63;   12.1;    4.4;    2.9;eor
        164;20190504;    3;  11.3;   3.7;    3;   0.0;   6;    4.500;   0;   6.0;   5.9;  999.88;    5.7;   66.46;   10.2;    0.2;   -1.8;eor
        164;20190505;    3;   7.8;   2.8;    3;   0.0;   0;    6.867;   0;   3.2;   5.4; 1008.55;    6.5;   58.29;   12.1;   -0.7;   -3.3;eor
        164;20190506;    3;  15.1;   4.6;    3;   0.2;   6;    6.583;   0;   4.8;   6.6; 1009.60;    7.3;   65.54;   12.9;    1.9;   -0.1;eor
        164;20190507;    3;   9.9;   3.7;    3;   0.0;   0;    9.017;   0;   4.7;   5.9; 1010.10;    8.1;   57.42;   13.4;    1.7;   -2.4;eor
        164;20190508;    3;  12.7;   4.3;    3;   0.6;   6;    8.667;   0;   5.0;   6.5; 1001.66;   11.2;   52.00;   17.4;    1.5;   -3.3;eor
        164;20190509;    3;  10.4;   2.9;    3;   2.1;   6;    1.467;   0;   6.4;  11.1;  993.70;   11.8;   80.00;   15.4;    5.4;    3.0;eor
        164;20190510;    3;  10.5;   3.0;    3;   0.2;   6;    2.100;   0;   7.0;  10.1; 1000.12;   10.6;   80.50;   17.6;    3.5;    2.5;eor
        164;20190511;    3;   9.4;   2.4;    3;   0.0;   0;    7.717;   0;   6.3;   8.4; 1007.82;   10.2;   69.25;   15.6;    3.2;   -0.5;eor
        164;20190512;    3;  11.2;   4.7;    3;   0.0;   0;   11.283;   0;   7.5;   7.1; 1020.45;   10.5;   58.04;   16.2;    4.9;    2.3;eor
        164;20190513;    3;  17.1;   3.9;    3;   0.4;   6;    8.267;   0;   3.9;   6.6; 1027.58;    8.8;   61.46;   15.7;    2.3;   -0.4;eor
        164;20190514;    3;  13.5;   4.8;    3;   0.0;   0;    6.033;   0;   4.2;   6.2; 1025.56;    7.9;   60.38;   14.5;    2.1;   -0.4;eor
        164;20190515;    3;  12.1;   4.6;    3;   5.7;   6;    3.417;   0;   6.5;   6.5; 1019.05;    8.0;   61.42;   14.0;    0.5;   -3.3;eor
        164;20190516;    3;  10.5;   3.5;    3;   2.6;   6;    0.000;   0;   7.9;  11.5; 1009.45;    9.8;   93.75;   12.4;    7.2;    6.7;eor
        164;20190517;    3;   6.3;   1.8;    3;   0.0;   0;    3.233;   0;   7.1;  12.7; 1005.30;   13.7;   82.04;   19.5;    8.6;    6.9;eor
        164;20190518;    3;   9.8;   2.8;    3;   0.0;   0;   12.183;   0;   1.0;  12.3; 1002.13;   17.0;   66.71;   24.1;    7.9;    5.2;eor
        164;20190519;    3;   8.4;   2.2;    3;   2.2;   6;    6.533;   0;   4.1;  14.0; 1000.06;   16.2;   76.42;   24.0;    8.8;    5.6;eor
        164;20190520;    3;  10.3;   2.5;    3;  10.5;   6;    6.200;   0;   6.8;  15.8;  996.73;   16.8;   83.88;   25.6;   11.0;    8.2;eor
        164;20190521;    3;   8.0;   2.1;    3;   0.0;   6;    9.500;   0;   6.4;  15.3;  998.75;   17.8;   77.17;   24.6;   11.6;   11.9;eor
        164;20190522;    3;  12.6;   6.1;    3;   4.1;   6;    0.000;   0;   7.8;  13.6; 1005.25;   13.3;   87.96;   16.0;   11.0;   10.4;eor
        164;20190523;    3;  10.5;   4.0;    3;   0.0;   0;   11.733;   0;   7.3;  10.4; 1010.85;   13.6;   68.25;   18.7;    8.8;    6.5;eor
        164;20190524;    3;   9.0;   3.2;    3;   0.0;   0;   13.217;   0;   7.2;  10.4; 1006.77;   16.2;   60.04;   22.8;    8.0;    5.6;eor
        164;20190525;    3;   9.0;   3.7;    3;   0.0;   0;    1.383;   0;   7.0;  10.3; 1007.52;   12.6;   71.67;   15.2;    8.8;    6.5;eor
        164;20190526;    3;  14.5;   4.3;    3;   0.0;   6;    4.283;   0;   7.9;  10.9; 1004.57;   15.1;   64.79;   20.6;    7.8;    5.8;eor
        164;20190527;    3;  10.2;   3.5;    3;   0.8;   6;    1.283;   0;   7.9;  13.6; 1000.05;   17.1;   69.58;   20.6;   12.8;   12.2;eor
        164;20190528;    3;   9.7;   3.1;    3;   0.0;   0;    2.283;   0;   8.0;  11.6; 1000.52;   13.6;   75.29;   18.4;    6.8;    4.5;eor
        164;20190529;    3;   9.6;   3.5;    3;   0.0;   0;   12.050;   0;  -999;   7.6; 1013.56;   11.0;   60.75;   17.0;    4.3;    2.1;eor
        164;20190530;    3;  10.1;   3.7;    3;   0.0;   0;   10.417;-999;   6.7;   8.9; 1016.75;   15.3;   53.25;   22.0;    4.2;    1.5;eor
        164;20190531;    3;  11.0;   2.8;    3;   1.2;   6;    2.567;-999;   7.5;  15.7; 1015.46;   18.0;   76.71;   24.1;   13.2;   12.1;eor
        164;20190601;    3;  10.2;   3.1;    3;   0.0;   0;   12.750;-999;   5.0;  15.4; 1013.96;   19.9;   69.67;   26.8;   12.9;   11.4;eor
        164;20190602;    3;   7.4;   2.2;    3;   0.0;   0;   12.233;-999;   6.4;  15.2; 1011.07;   21.4;   62.63;   28.6;   12.3;    9.9;eor
        164;20190603;    3;  10.6;   3.9;    3;   0.0;   6;   12.900;-999;   2.6;  15.1; 1006.79;   24.7;   52.04;   32.8;   16.8;   13.7;eor
        164;20190604;    3;   7.6;   2.7;    3;   0.0;   0;   13.250;-999;   2.5;  17.2; 1005.75;   22.4;   65.46;   29.2;   15.5;   14.0;eor
        164;20190605;    3;   9.8;   3.4;    3;   0.0;   0;   14.700;-999;   0.3;  16.4; 1003.03;   25.1;   55.67;   32.5;   15.1;   13.5;eor
        164;20190606;    3;  11.5;   4.5;    3;  17.1;   6;    9.050;-999;   4.3;  17.5; 1002.32;   21.8;   70.17;   30.7;   14.6;   14.4;eor
        164;20190607;    3;   6.7;   2.8;    3;   0.1;   6;   11.683;   0;   3.7;  14.9; 1007.84;   18.8;   70.00;   23.7;   13.7;   13.2;eor
        164;20190608;    3;  14.3;   4.5;    3;   0.0;   0;    7.017;   0;   4.2;  11.7; 1011.97;   18.0;   57.83;   22.1;   12.6;    9.1;eor
        164;20190609;    3;   8.0;   2.6;    3;  13.9;   6;   13.583;   0;   5.3;  10.6; 1017.11;   18.3;   52.04;   24.4;   11.2;    8.2;eor
        164;20190610;    1;  10.3;   2.2;    1;  12.2;   8;    4.433;   0;   7.0;  17.5; 1007.78;   19.6;   76.25;   25.3;   13.7;   13.5;eor
        164;20190611;    1;  22.0;   2.5;    1;   0.2;   6;   12.117;   0;   5.4;  21.7; 1003.37;   23.3;   77.08;   29.3;   16.9;   16.6;eor
        164;20190612;    1;  26.3;   3.9;    1;   0.2;   6;   10.700;   0;   5.7;  20.3; 1001.78;   22.8;   74.38;   31.8;   17.3;   16.7;eor
        164;20190613;    1;   7.7;   2.3;    1;   0.0;   6;    9.467;   0;   4.8;  14.7; 1008.30;   19.3;   67.71;   24.2;   15.1;   14.4;eor
        164;20190614;    1;   8.2;   2.6;    1;   0.3;   6;   10.767;   0;   3.8;  15.8; 1011.63;   21.8;   62.46;   28.8;   12.8;   11.2;eor
        164;20190615;    1;  15.9;   5.2;    1;   0.0;   0;    8.050;   0;   6.7;  19.7; 1004.95;   24.3;   65.25;   31.2;   18.6;   17.0;eor
        164;20190616;    1;   9.9;   4.0;    1;   0.0;   6;    8.017;   0;   5.8;  14.1; 1012.35;   19.0;   65.58;   23.6;   14.0;   11.9;eor
        164;20190617;    1;   6.9;   1.9;    1;   0.0;   0;    8.117;   0;   2.8;  14.6; 1015.13;   19.8;   65.42;   26.3;   12.3;   10.7;eor
        164;20190618;    1;   9.7;   2.9;    1;   0.0;   0;   13.733;   0;   2.1;  14.0; 1011.06;   22.0;   56.83;   28.6;   12.8;   11.2;eor
        164;20190619;    1;   7.5;   2.5;    1;   0.0;   6;   12.617;   0;   6.4;  16.2; 1003.66;   24.2;   55.67;   31.0;   15.3;   12.9;eor
        164;20190620;    1;  10.8;   2.7;    1;   2.6;   6;    7.067;   0;   6.5;  17.1; 1003.65;   21.7;   66.54;   26.3;   18.1;   16.5;eor
        164;20190621;    1;  10.7;   2.9;    1;   3.8;   6;    8.683;   0;   4.7;  15.9; 1010.04;   19.7;   70.96;   24.6;   14.4;   12.4;eor
        164;20190622;    1;  10.0;   3.0;    1;   0.0;   0;   11.200;   0;   2.9;  13.3; 1016.23;   18.6;   64.63;   25.0;   11.9;   10.2;eor
        164;20190623;    1;   9.9;   2.6;    1;   0.0;   0;   13.550;   0;   2.1;  13.2; 1016.80;   19.2;   61.96;   27.1;   10.9;    9.9;eor
        164;20190624;    1;   9.5;   2.6;    1;   0.0;   0;   14.817;   0;   4.0;  12.1; 1018.20;   21.2;   53.79;   28.7;   11.8;    9.8;eor
        164;20190625;    1;   8.9;   2.7;    1;   0.0;   0;   14.567;   0;   5.4;  15.3; 1015.86;   24.9;   52.88;   33.1;   13.7;   11.9;eor
        164;20190626;    1;  13.3;   4.3;    1;   0.0;   0;   14.150;   0;   3.0;  19.0; 1012.52;   27.8;   54.21;   37.3;   18.0;   17.3;eor
        164;20190627;    1;  12.3;   5.6;    1;   0.0;   0;   14.550;   0;   1.4;  12.3; 1016.04;   18.9;   58.29;   24.9;   12.6;   10.9;eor
        164;20190628;    1;   9.8;   3.6;    1;   0.0;   0;    8.383;   0;   4.0;  13.7; 1016.80;   18.4;   67.17;   25.5;   12.0;   10.7;eor
        164;20190629;    1;   7.6;   2.0;    1;   0.0;   0;   14.867;   0;   2.7;  13.1; 1013.82;   21.6;   56.58;   30.4;   11.0;    9.4;eor
        164;20190630;    1;  12.0;   4.0;    1;   0.0;   0;   14.717;   0;   0.6;  13.4; 1005.82;   27.4;   42.13;   37.3;   15.0;   12.7;eor
        164;20190701;    1;  13.5;   4.5;    1;   0.0;   6;    8.283;   0;   4.5;  12.2; 1006.95;   21.7;   48.58;   28.1;   15.2;   13.5;eor
        164;20190702;    1;  15.7;   6.0;    1;   0.0;   6;    5.333;   0;   4.2;   9.9; 1011.24;   16.7;   52.58;   20.6;   10.5;    8.2;eor
        164;20190703;    1;  12.1;   4.6;    1;   0.0;   6;    8.150;   0;   3.1;   9.1; 1014.82;   14.6;   55.79;   20.3;    9.6;    8.2;eor
        164;20190704;    1;  12.6;   4.6;    1;   0.2;   6;    7.667;   0;   5.3;   9.6; 1013.72;   16.4;   53.33;   21.3;    8.8;    7.0;eor
        164;20190705;    1;  13.0;   5.3;    1;   0.7;   6;    0.450;   0;   7.8;  13.6; 1006.81;   16.2;   74.13;   19.7;   13.3;   12.1;eor
        164;20190706;    1;  10.1;   3.2;    1;   2.3;   6;    0.200;   0;   7.7;  14.8; 1002.03;   16.1;   81.00;   21.0;   12.0;   11.1;eor
        164;20190707;    1;  12.9;   5.6;    1;   0.0;   6;    0.300;   0;   7.3;  10.5; 1002.94;   13.9;   66.25;   17.1;   10.5;    8.9;eor
        164;20190708;    1;  12.3;   5.1;    1;   0.1;   4;    3.817;   0;   7.2;  10.2; 1007.07;   14.5;   63.04;   20.3;   11.3;   10.5;eor
        164;20190709;    1;  12.3;   4.8;    1;   0.1;   6;    7.883;   0;   3.9;  10.5; 1009.13;   15.1;   62.46;   20.9;   10.4;    8.6;eor
