STATIONS_ID;MESS_DATUM;QN_3;  FX;  FM;QN_4; RSK;RSKF; SDK;SHK_TAG;  NM; VPM;  PM; TMK; UPM; TXK; TNK; TGK;eor
       1639;20180105;   10;  12.8;   4.8;    3;   1.5;   6;    0.000;   0;   7.4;   8.5;  975.19;    6.9;   85.88;    8.7;    4.3;    2.7;eor
       1639;20180106;   10;   9.1;   2.3;    3;   8.1;   6;    0.000;   0;   7.8;   8.5;  983.91;    5.1;   96.38;    6.3;    2.7;   -0.2;eor
       1639;20180107;   10;  13.2;   7.7;    3;   0.1;   6;    0.000;   0;   7.8;   6.9;  997.21;    3.4;   87.88;    5.0;    2.3;    1.9;eor
       1639;20180108;   10;  13.2;   6.9;    3;   0.0;   0;    0.067;   0;   7.8;   6.3;  999.02;    2.3;   86.75;    3.3;    1.8;    0.6;eor
       1639;20180109;   10;   9.3;   3.6;    3;   0.1;   6;    1.150;   0;   6.9;   6.9;  989.26;    3.2;   90.04;    5.6;    1.6;   -0.1;eor
       1639;20180110;   10;   6.5;   2.0;    3;   1.4;   6;    4.100;   0;   6.8;   8.2;  987.00;    5.6;   90.17;    8.9;    3.2;    0.6;eor
       1639;20180111;   10;   3.4;   1.2;    3;   1.1;   6;    0.000;   0;   7.9;   8.5;  991.81;    5.3;   95.21;    6.9;    2.8;    0.8;eor
       1639;20180112;   10;   3.2;   1.4;    3;   0.0;   6;    0.000;   0;   7.9;   8.1; 1000.30;    4.5;   95.92;    5.8;    3.3;    2.9;eor
       1639;20180113;   10;   6.5;   2.5;    3;   0.0;   0;    0.000;   0;   8.0;   6.7; 1000.85;    4.2;   81.29;    5.1;    2.4;    1.8;eor
       1639;20180114;   10;   9.4;   3.0;    3;   0.0;   0;    3.233;   0;   4.9;   4.9;  997.99;    1.7;   71.63;    4.3;   -1.1;   -5.7;eor
       1639;20180115;   10;  14.7;   4.7;    3;   5.6;   6;    0.000;   0;   7.0;   5.9;  986.35;    1.7;   84.50;    5.6;   -1.7;   -6.5;eor
       1639;20180116;   10;  19.7;   5.6;    3;   9.9;   8;    0.867;   0;   6.4;   7.0;  970.65;    3.6;   88.50;    6.7;    0.1;   -1.3;eor
       1639;20180117;   10;  15.9;   6.7;    3;   7.2;   8;    0.967;   0;   6.4;   5.9;  976.67;    1.0;   89.92;    2.5;   -0.3;   -1.4;eor
       1639;20180118;   10;  27.6;   8.1;    3;   4.3;   8;    2.117;   0;   5.9;   6.3;  976.30;    4.0;   78.04;   10.1;    0.6;   -1.5;eor
       1639;20180119;   10;  10.5;   3.8;    3;   0.6;   6;    1.300;   0;   6.0;   6.1;  983.53;    1.7;   88.25;    4.2;   -1.0;   -3.8;eor
       1639;20180120;   10;   6.2;   2.3;    3;   4.7;   8;    0.517;   0;   6.4;   5.9;  980.81;    0.9;   91.33;    2.7;   -0.7;   -4.8;eor
       1639;20180121;   10;   6.3;   2.3;    3;   1.6;   8;    0.083;   0;   7.7;   6.0;  988.15;    1.2;   89.63;    2.7;    0.0;   -1.7;eor
       1639;20180122;   10;   8.5;   2.6;    3;   0.4;   6;    0.000;   0;   7.8;   6.8;  986.45;    2.0;   95.42;    4.7;    0.2;   -0.3;eor
       1639;20180123;   10;   8.7;   4.0;    3;   0.2;   6;    0.000;   0;   7.5;   8.0;  997.86;    5.8;   87.17;    7.6;    3.7;    2.3;eor
       1639;20180124;   10;  12.7;   4.8;    3;   0.3;   6;    0.067;   0;   7.8;  10.0;  994.12;    9.0;   86.46;   11.2;    6.5;    5.7;eor
       1639;20180125;   10;   8.9;   3.2;    3;  10.0;   6;    0.000;   0;   7.6;  10.0;  989.09;    8.5;   89.88;   10.3;    6.7;    5.5;eor
       1639;20180126;   10;   3.4;   1.3;    3;   0.0;   6;    0.000;   0;   7.5;   8.6;  993.95;    5.5;   95.38;    7.8;    2.4;   -0.6;eor
       1639;20180127;   10;   8.5;   2.1;    3;   0.0;   6;    0.000;   0;   8.0;   7.2; 1005.79;    2.5;   98.00;    4.5;    0.6;    0.9;eor
       1639;20180128;   10;  11.5;   5.8;    3;   0.0;   6;    0.000;   0;   7.7;   8.2; 1006.51;    6.2;   86.17;    7.9;    4.1;    3.0;eor
       1639;20180129;   10;  14.6;   6.4;    3;   0.7;   6;    0.083;   0;   7.5;   9.1; 1002.24;    8.6;   81.33;   10.0;    5.2;    2.8;eor
       1639;20180130;   10;   7.6;   2.5;    3;   0.3;   6;    7.533;   0;   4.3;   6.4; 1003.18;    3.9;   79.38;    7.9;    0.2;   -3.8;eor
       1639;20180131;   10;  14.9;   5.4;    3;   8.8;   8;    0.000;   0;   7.4;   8.4;  985.08;    5.7;   90.58;    8.6;    0.1;   -1.5;eor
       1639;20180201;   10;  11.9;   4.1;    3;   1.3;   8;    3.267;   0;   5.0;   5.9;  977.71;    2.0;   84.79;    5.5;   -1.4;   -2.9;eor
       1639;20180202;   10;   9.6;   3.9;    3;   0.6;   8;    0.067;   0;   7.0;   6.2;  979.91;    1.8;   89.71;    3.5;   -0.6;   -3.3;eor
       1639;20180203;   10;   7.2;   2.4;    3;   0.2;   7;    1.517;   0;   7.8;   5.5;  982.22;    1.6;   80.67;    4.3;   -1.0;   -3.7;eor
       1639;20180204;   10;  10.3;   4.1;    3;   0.6;   7;    0.000;   0;   7.7;   4.9;  992.00;   -0.7;   83.96;    0.3;   -1.6;   -2.7;eor
       1639;20180205;   10;  10.8;   5.5;    3;   0.0;   0;    6.367;   0;   3.0;   4.1;  999.77;   -1.6;   75.54;    1.8;   -3.8;   -5.3;eor
       1639;20180206;   10;   7.8;   4.3;    3;   0.0;   8;    0.000;   0;   6.8;   4.0;  990.36;   -2.2;   76.96;   -0.5;   -3.9;   -5.1;eor
       1639;20180207;   10;   8.3;   3.4;    3;   0.0;   0;    5.800;   0;   4.7;   4.4;  989.78;   -0.6;   76.08;    2.4;   -3.4;   -5.2;eor
       1639;20180208;   10;   4.9;   1.4;    3;   0.0;   7;    2.767;   0;   3.6;   4.0;  995.00;   -2.9;   81.96;   -0.4;   -6.5;  -10.0;eor
       1639;20180209;   10;   4.7;   1.5;    3;   0.0;   6;    0.133;   0;   7.3;   4.6;  991.59;   -2.7;   90.50;    0.2;   -6.8;  -10.4;eor
       1639;20180210;   10;   8.7;   2.6;    3;   0.1;   8;    0.000;   0;   7.9;   5.4;  990.95;    0.6;   84.75;    2.4;   -1.7;   -3.5;eor
       1639;20180211;   10;  10.6;   4.5;    3;   4.4;   8;    0.017;   0;   7.0;   5.7;  981.31;    1.2;   86.04;    3.9;   -0.6;   -3.3;eor
       1639;20180212;   10;  10.5;   3.6;    3;   0.3;   7;    3.667;   1;   5.8;   5.5;  988.43;    0.4;   87.13;    2.7;   -2.4;   -8.7;eor
       1639;20180213;   10;   8.0;   2.2;    3;   0.0;   0;    8.200;   0;   2.6;   4.4;  990.47;   -0.8;   77.38;    3.6;   -5.0;   -9.8;eor
       1639;20180214;   10;   7.8;   2.3;    3;   0.0;   0;    8.850;   0;   1.4;   3.7;  993.03;   -1.7;   70.25;    3.6;   -6.8;   -9.1;eor
       1639;20180215;   10;  10.0;   2.7;    3;   1.6;   8;    0.000;   0;   7.9;   5.2;  991.78;    0.1;   83.46;    1.1;   -2.5;   -3.7;eor
       1639;20180216;   10;   7.2;   2.4;    3;   0.0;   0;    4.717;   0;   4.9;   6.1; 1000.24;    1.5;   89.75;    7.2;   -2.4;   -5.6;eor
       1639;20180217;   10;   7.2;   3.0;    3;   0.0;   0;    0.033;   0;   6.5;   4.9;  998.98;   -0.5;   84.50;    2.9;   -3.3;   -6.9;eor
       1639;20180218;   10;   5.3;   1.3;    3;   0.0;   0;    8.733;   0;  -999;   4.6; 1002.07;   -0.8;   80.33;    5.2;   -5.5;   -9.1;eor
       1639;20180219;   10;   4.8;   1.5;    3;   0.0;   0;    1.250;   0;   7.0;   4.7;  995.80;   -1.0;   83.29;    2.3;   -3.8;   -6.6;eor
       1639;20180220;   10;   8.6;   2.5;    3;   0.0;   0;    5.683;   0;   5.9;   4.5;  993.27;   -0.6;   78.21;    3.5;   -5.2;   -7.3;eor
       1639;20180221;   10;  10.5;   5.0;    3;   0.0;   0;    8.500;   0;   4.5;   4.3;  997.82;    0.4;   67.58;    3.6;   -1.6;   -3.8;eor
       1639;20180222;   10;  15.0;   6.9;    3;   0.0;   0;    8.583;   0;   2.7;   3.7;  997.09;   -0.7;   64.21;    2.2;   -2.5;   -4.0;eor
       1639;20180223;   10;  15.5;   6.7;    3;   0.0;   0;    9.383;   0;   0.5;   2.8;  996.37;   -2.0;   54.13;    1.5;   -4.9;   -6.2;eor
       1639;20180224;   10;  17.1;   7.6;    3;   0.0;   0;    9.317;   0;   0.3;   2.7;  999.63;   -2.9;   54.67;    1.0;   -6.1;   -7.7;eor
       1639;20180225;   10;  13.4;   6.6;    3;   0.0;   0;    9.467;   0;   2.4;   2.1; 1002.70;   -4.6;   49.17;   -1.2;   -7.9;   -9.3;eor
       1639;20180226;   10;  15.4;   5.3;    3;   0.2;   8;    2.983;   0;   5.2;   2.7; 1000.77;   -5.8;   69.29;   -2.9;   -9.1;  -12.0;eor
       1639;20180227;   10;  12.4;   5.3;    3;   0.0;   0;    9.633;   0;   0.7;   2.0;  995.40;   -7.4;   58.13;   -3.1;  -11.8;  -15.4;eor
       1639;20180228;   10;  13.3;   6.1;    3;   0.0;   0;    9.467;   0;   1.9;   1.9;  994.86;   -8.4;   58.54;   -5.4;  -11.2;  -12.4;eor
       1639;20180301;   10;  13.5;   7.5;    3;   0.0;   0;    8.233;   0;   6.5;   2.0;  984.53;   -5.9;   51.71;   -1.3;   -9.4;  -10.0;eor
       1639;20180302;   10;  11.4;   5.6;    3;   2.2;   7;    0.000;   0;   7.4;   2.4;  975.57;   -5.0;   56.63;   -1.6;   -8.3;   -8.8;eor
       1639;20180303;   10;   7.0;   4.0;    3;   0.4;   7;    0.000;   5;   7.8;   4.0;  974.87;   -3.0;   80.96;    0.0;   -5.4;   -5.6;eor
       1639;20180304;   10;   5.4;   2.2;    3;   0.3;   6;    1.967;   3;   7.6;   5.9;  974.56;    1.2;   87.17;    5.3;   -2.3;   -2.3;eor
       1639;20180305;   10;   6.1;   1.9;    3;   0.0;   0;    7.667;   0;   4.4;   7.0;  971.96;    5.6;   78.46;   11.5;   -0.3;   -4.4;eor
       1639;20180306;   10;   5.2;   1.7;    3;   4.3;   6;    6.367;   0;   6.7;   6.0;  968.01;    3.0;   80.33;    9.9;   -2.5;   -5.3;eor
       1639;20180307;   10;  10.2;   3.3;    3;   0.7;   6;    0.000;   0;   7.6;   7.4;  971.56;    4.4;   88.04;    7.7;    0.5;   -0.9;eor
       1639;20180308;   10;  17.6;   5.7;    3;   3.6;   6;    0.917;   0;   5.9;   6.8;  978.64;    4.6;   80.58;    9.2;    0.1;   -1.7;eor
       1639;20180309;   10;   5.3;   1.9;    3;   3.9;   6;    0.017;   0;   6.7;   7.4;  983.41;    3.9;   91.29;    6.6;    0.4;   -4.1;eor
       1639;20180310;   10;   9.6;   2.6;    3;   0.1;   6;    1.750;   0;   7.4;  10.6;  979.32;    9.4;   90.00;   13.5;    6.1;    4.5;eor
       1639;20180311;   10;   8.3;   2.3;    3;   1.6;   6;    1.150;   0;   7.8;  11.1;  973.40;   11.2;   84.38;   14.5;    6.5;    4.5;eor
       1639;20180312;   10;  12.4;   3.5;    3;   3.9;   6;    1.717;   0;   6.9;   9.9;  970.47;    8.9;   86.96;   14.0;    6.4;    3.5;eor
       1639;20180313;   10;  15.0;   5.7;    3;   2.5;   6;    0.017;   0;   7.7;   8.3;  978.57;    6.7;   84.33;    8.7;    4.1;    3.3;eor
       1639;20180314;   10;   6.2;   2.7;    3;   0.0;   6;    1.700;   0;   5.7;   6.9;  986.57;    5.1;   78.88;    9.1;    0.3;   -2.8;eor
       1639;20180315;   10;   9.1;   3.4;    3;  10.1;   6;    6.283;   0;   3.9;   6.3;  976.43;    5.1;   73.83;   11.2;   -1.5;   -4.5;eor
       1639;20180316;   10;  10.7;   3.9;    3;   2.3;   8;    0.000;   0;   7.5;   7.4;  977.80;    3.4;   93.92;    5.1;   -0.7;   -1.1;eor
       1639;20180317;   10;  17.6;   9.2;    3;   1.6;   8;    0.000;   0;   7.9;   3.7;  980.88;   -3.1;   75.04;   -0.7;   -4.0;   -4.0;eor
       1639;20180318;   10;  17.0;   8.8;    3;   0.1;   8;    2.667;   4;   7.2;   2.9;  983.82;   -3.8;   62.92;   -2.2;   -5.5;   -6.0;eor
       1639;20180319;   10;  11.3;   5.3;    3;   0.0;   0;    9.500;   2;   5.9;   2.9;  987.59;   -2.8;   57.71;    1.3;   -6.1;   -9.6;eor
       1639;20180320;   10;  14.7;   3.7;    3;   0.1;   8;    2.050;   0;   4.0;   3.6;  993.40;   -0.9;   64.21;    4.8;   -8.5;  -11.5;eor
       1639;20180321;   10;   7.3;   2.2;    3;   0.0;   7;   10.250;   0;   4.2;   3.9; 1002.29;    1.1;   61.29;    7.2;   -4.4;   -9.9;eor
       1639;20180322;   10;  10.3;   3.7;    3;   0.9;   8;    0.000;   0;   7.5;   6.2;  992.31;    1.7;   88.00;    3.7;   -0.9;   -3.0;eor
       1639;20180323;   10;   5.7;   2.1;    3;   0.3;   6;    0.233;   0;   7.5;   7.8;  983.23;    5.0;   90.00;    8.7;    1.6;   -1.4;eor
       1639;20180324;   10;   7.4;   2.1;    3;   0.0;   0;    6.117;   0;   4.9;   6.4;  978.90;    5.0;   76.33;   10.7;    0.1;   -4.5;eor
       1639;20180325;   10;   9.1;   1.9;    3;   0.0;   0;    9.700;   0;   3.8;   5.8;  982.84;    5.8;   65.75;   12.4;   -2.3;   -5.7;eor
       1639;20180326;   10;   4.9;   1.7;    3;   0.2;   6;    1.217;   0;   7.0;   6.6;  989.67;    6.1;   70.13;   10.0;    0.4;   -1.1;eor
       1639;20180327;   10;  12.3;   2.4;    3;   2.7;   6;    4.467;   0;   6.3;   6.6;  988.15;    4.9;   76.33;    9.8;   -1.1;   -4.0;eor
       1639;20180328;   10;  15.9;   4.3;    3;   8.7;   6;    0.033;   0;   7.5;   9.1;  978.14;    7.2;   89.96;   10.2;    3.7;    2.5;eor
       1639;20180329;   10;  12.3;   4.6;    3;   0.0;   6;    5.333;   0;   6.5;   6.5;  981.95;    5.5;   73.17;    9.9;    0.5;   -3.2;eor
       1639;20180330;   10;   8.7;   2.9;    3;   0.0;   6;    5.400;   0;   7.6;   6.8;  978.38;    6.3;   73.50;   12.2;   -1.0;   -3.4;eor
       1639;20180331;   10;  11.1;   2.7;    3;   0.0;   6;    6.000;   0;   7.4;   7.1;  975.21;    8.2;   67.63;   13.5;    3.6;   -0.1;eor
       1639;20180401;   10;  12.4;   4.5;    3;   2.0;   6;    0.867;   0;   7.0;   7.7;  983.20;    5.9;   82.25;    8.0;    3.9;    1.4;eor
       1639;20180402;   10;  10.2;   2.6;    3;   3.1;   6;    6.100;   0;   7.1;   7.1;  984.44;    8.3;   66.92;   13.1;    2.4;   -0.9;eor
       1639;20180403;   10;  10.2;   2.9;    3;   0.0;   6;    5.150;   0;   7.3;   9.0;  979.43;   12.8;   63.58;   18.1;    7.4;    6.1;eor
       1639;20180404;   10;  15.7;   4.9;    3;   2.0;   6;    2.933;   0;   6.7;  10.0;  979.17;   11.6;   72.75;   17.7;    8.8;    6.0;eor
       1639;20180405;   10;  17.7;   5.1;    3;   2.4;   6;    2.567;   0;   5.7;   7.9;  988.09;    7.2;   77.33;   11.3;   -0.7;   -3.5;eor
       1639;20180406;   10;   9.9;   3.2;    3;   0.0;   0;   12.083;   0;   2.3;   5.3;  996.52;    6.3;   60.75;   14.0;   -1.4;   -4.8;eor
       1639;20180407;   10;   6.6;   2.6;    3;   0.0;   0;   12.083;   0;   2.8;   6.9;  989.15;   11.5;   52.96;   20.8;    0.5;   -2.2;eor
       1639;20180408;   10;   6.0;   1.9;    3;   0.0;   0;   10.533;   0;   3.3;   9.2;  984.38;   14.0;   60.04;   23.9;    4.8;    2.0;eor
       1639;20180409;   10;   4.7;   1.6;    3;   0.0;   0;    2.083;   0;   4.1;   9.7;  980.48;   14.2;   62.96;   21.3;    6.0;    2.8;eor
       1639;20180410;   10;  11.5;   2.7;    3;  11.3;   6;    4.917;   0;   7.6;  11.4;  979.13;   13.6;   74.50;   21.0;    7.1;    3.2;eor
       1639;20180411;   10;   6.8;   2.5;    3;   0.5;   6;    4.600;   0;   4.6;  11.0;  981.94;   10.8;   85.63;   16.0;    8.5;    6.7;eor
       1639;20180412;   10;  10.8;   4.3;    3;   0.0;   0;    5.700;   0;   6.5;  11.2;  976.67;   15.0;   67.71;   21.4;    9.6;    5.5;eor
       1639;20180413;   10;   8.4;   2.4;    3;  21.3;   6;    0.000;   0;   7.6;  11.1;  983.36;   10.1;   89.79;   11.4;    7.3;    4.6;eor
       1639;20180414;   10;   6.4;   1.7;    3;   0.3;   6;    3.700;-999;   6.9;  11.2;  993.20;   12.5;   79.54;   19.3;    7.3;    4.0;eor
       1639;20180415;   10;   7.0;   1.8;    3;   4.4;   6;    4.617;-999;   6.8;  12.0;  988.92;   14.0;   76.50;   19.7;    9.3;    7.2;eor
       1639;20180416;   10;   7.2;   2.3;    3;   0.0;   0;    6.733;-999;   5.4;  11.3;  990.53;   13.9;   73.83;   20.0;    7.9;    3.8;eor
       1639;20180417;   10;   4.9;   1.3;    3;   0.0;   0;   10.450;   0;   3.5;  10.2; 1000.78;   14.0;   66.08;   21.6;    5.2;    2.8;eor
       1639;20180418;   10;   6.0;   1.9;    3;   0.0;   0;   12.767;   0;   1.3;  10.1; 1006.02;   16.2;   59.21;   24.7;    5.9;    2.4;eor
       1639;20180419;   10;   7.0;   2.3;    3;   0.0;   0;   12.767;   0;   0.8;  10.1; 1003.62;   18.0;   54.17;   27.2;    8.3;    4.4;eor
       1639;20180420;   10;   4.9;   1.3;    3;   0.0;   0;   12.850;   0;   1.7;  11.5;  998.90;   17.8;   60.46;   27.8;    8.1;    3.7;eor
       1639;20180421;   10;   7.3;   2.3;    3;   0.0;   0;   11.600;   0;   1.7;  12.9;  995.28;   17.8;   65.38;   25.4;    8.8;    6.5;eor
       1639;20180422;   10;  20.3;   2.0;    3;   0.2;   6;    8.333;   0;   4.3;  14.7;  989.73;   17.3;   75.25;   25.5;   11.0;    8.5;eor
       1639;20180423;   10;  12.3;   3.4;    3;   0.0;   0;    8.200;   0;   5.5;  12.6;  990.31;   16.1;   69.21;   21.3;    8.3;    5.2;eor
       1639;20180424;   10;   9.8;   3.6;    3;   0.0;   0;    6.900;   0;   6.3;  10.7;  991.68;   12.9;   73.00;   19.5;    6.4;    3.1;eor
       1639;20180425;   10;  13.9;   4.4;    3;   0.5;   6;    3.183;   0;   5.2;  10.3;  987.04;   12.6;   70.67;   16.7;    7.6;    3.9;eor
       1639;20180426;   10;  14.1;   4.7;    3;   0.3;   6;    5.650;   0;   4.0;   7.6;  992.08;    9.3;   65.54;   14.5;    3.8;    0.2;eor
       1639;20180427;   10;   9.6;   2.2;    3;   0.0;   0;   10.750;   0;   6.3;   7.9;  988.14;   10.4;   66.13;   18.1;    1.9;   -0.4;eor
       1639;20180428;   10;  11.5;   3.1;    3;   0.4;   6;    7.600;-999;   5.6;   9.4;  987.28;   12.2;   68.13;   18.1;    5.4;    1.0;eor
       1639;20180429;   10;   8.6;   2.6;    3;   1.9;   8;    6.667;-999;   5.6;  13.0;  981.94;   14.7;   77.63;   22.5;    5.4;    1.7;eor
       1639;20180430;   10;  19.2;   7.2;    3;   0.1;   6;    2.167;-999;   6.6;  10.2;  977.97;   13.0;   67.75;   16.3;    7.8;    7.2;eor
       1639;20180501;   10;  16.7;   6.4;    3;   0.0;   0;    6.333;-999;   4.7;   6.8;  987.45;    8.4;   62.58;   13.4;    1.5;   -2.5;eor
       1639;20180502;   10;   4.4;   1.3;    3;   0.0;   0;    3.417;-999;   5.6;   7.4;  988.85;    8.9;   67.92;   15.9;   -0.7;   -3.5;eor
       1639;20180503;   10;   9.4;   3.2;    3;   0.0;   0;    8.817;-999;   5.7;   8.7;  991.47;   12.1;   63.29;   17.8;    5.7;    3.5;eor
       1639;20180504;   10;  11.4;   5.0;    3;   0.0;   0;   13.600;-999;   1.0;   8.2;  996.70;   12.8;   56.58;   19.2;    5.6;    2.6;eor
       1639;20180505;   10;  11.4;   5.6;    3;   0.0;   0;   13.700;-999;   0.1;   8.3;  999.10;   14.9;   50.83;   21.3;    6.9;    5.0;eor
       1639;20180506;   10;  11.9;   4.9;    3;   0.0;   0;   13.783;-999;   0.0;   9.0;  998.70;   16.2;   50.42;   23.3;    7.1;    4.6;eor
       1639;20180507;   10;   9.6;   3.9;    3;   0.0;   0;   13.817;-999;   0.0;  10.3;  994.49;   17.3;   54.63;   24.4;    8.2;    4.9;eor
       1639;20180508;   10;  10.0;   2.9;    3;   0.0;   0;   13.850;-999;   0.2;  10.4;  987.56;   18.2;   52.79;   25.0;    9.4;    4.2;eor
       1639;20180509;   10;   7.1;   2.3;    3;   0.3;   6;   12.183;-999;   2.3;  12.7;  983.27;   18.9;   60.29;   26.2;   10.4;    6.0;eor
       1639;20180510;   10;  11.8;   3.3;    3;   0.0;   6;    3.267;-999;   7.3;  12.9;  986.97;   14.6;   77.46;   18.1;   10.3;    6.5;eor
       1639;20180511;   10;   6.1;   2.0;    3;   0.0;   0;    8.917;-999;   3.3;  10.3;  994.46;   14.2;   66.54;   20.5;    6.1;    1.2;eor
       1639;20180512;   10;   6.5;   2.0;    3;   0.0;   0;   12.017;-999;   3.8;  11.7;  990.25;   17.1;   63.38;   24.7;    8.7;    5.2;eor
       1639;20180513;   10;  10.9;   3.2;    3;  19.3;   6;    6.033;-999;   7.5;  15.3;  985.66;   17.0;   79.88;   23.4;   11.9;    9.7;eor
       1639;20180514;   10;  13.2;   5.0;    3;   0.0;   0;   13.250;-999;   1.8;  12.8;  985.55;   18.5;   63.00;   25.2;   12.2;   10.8;eor
       1639;20180515;   10;  15.1;   4.5;    3;   4.0;   6;    7.750;-999;   5.3;  10.5;  989.42;   16.0;   58.83;   21.6;   11.5;    9.9;eor
       1639;20180516;   10;  11.8;   3.9;    3;   0.1;   6;    7.767;-999;   6.7;  12.7;  990.26;   14.6;   77.08;   19.6;   10.4;    8.8;eor
       1639;20180517;   10;   8.2;   3.4;    3;   0.0;   0;   10.067;-999;   3.6;  10.1;  993.76;   14.2;   64.00;   20.0;    8.5;    6.7;eor
       1639;20180518;   10;   5.0;   2.1;    3;   0.0;   0;    2.517;-999;   7.2;  10.0;  996.40;   10.7;   78.38;   15.2;    7.3;    4.1;eor
       1639;20180519;   10;   8.6;   2.7;    3;   0.0;   0;   11.900;-999;   5.2;   9.5;  996.76;   12.4;   69.29;   18.3;    5.5;    2.6;eor
       1639;20180520;   10;  11.1;   4.4;    3;   0.0;   0;    9.983;-999;   2.8;  10.4;  996.30;   16.2;   59.08;   23.4;    7.4;    4.1;eor
       1639;20180521;   10;  10.3;   4.8;    3;   0.0;   0;   12.217;-999;   4.6;  10.4;  991.01;   18.7;   49.29;   25.5;   11.7;   10.2;eor
       1639;20180522;   10;  11.0;   2.6;    3;  10.8;   8;    5.667;-999;   6.0;  13.3;  988.90;   17.0;   70.75;   24.7;   11.7;    7.9;eor
       1639;20180523;   10;  12.0;   3.4;    3;  -999;   8;    4.883;-999;   6.8;  14.5;  993.52;   18.0;   72.96;   24.7;   12.1;    9.9;eor
       1639;20180524;   10;-999;   3.4;    3;   9.2;   6;    0.067;-999;  -999;  16.1;  994.47;   16.0;   88.29;   19.2;   13.3;   13.1;eor
       1639;20180525;   10;   7.9;   2.2;    3;   0.0;   0;    8.300;-999;   6.7;  16.8;  994.37;   18.7;   79.29;   23.6;   13.8;   11.6;eor
       1639;20180526;   10;   5.9;   2.0;    3;   0.0;   0;    9.950;-999;   4.0;  17.0;  995.98;   20.1;   74.04;   26.9;   12.8;   10.8;eor
       1639;20180527;   10;   6.4;   2.2;    3;   1.1;   6;    7.683;-999;   6.0;  17.1;  994.18;   20.7;   71.29;   27.5;   13.4;   11.3;eor
       1639;20180528;   10;   8.8;   3.2;    3;   0.0;   0;   12.683;-999;   3.2;  18.5;  992.66;   22.4;   70.21;   28.6;   14.7;   13.5;eor
       1639;20180529;   10;  21.6;   2.8;    3;  63.1;   6;   10.217;-999;   3.9;  18.3;  989.06;   20.6;   76.75;   28.3;   14.6;   13.2;eor
       1639;20180530;   10;   4.9;   1.4;    3;   0.0;   0;    9.750;-999;   4.0;  18.3;  990.39;   20.6;   78.17;   28.0;   13.9;   13.5;eor
       1639;20180531;   10;   8.1;   1.8;    3;   0.6;   6;    6.917;-999;   6.1;  19.1;  990.02;   21.1;   77.58;   27.8;   14.7;   13.2;eor
       1639;20180601;   10;  10.9;   4.0;    3;   0.0;   0;    3.667;-999;   7.1;  17.8;  992.03;   18.9;   81.79;   23.2;   15.3;   14.2;eor
       1639;20180602;   10;  10.3;   3.0;    3;   0.2;   6;    6.467;-999;   5.2;  16.4;  994.13;   18.4;   78.08;   23.5;   14.4;   12.5;eor
       1639;20180603;   10;   6.5;   1.9;    3;   0.0;   0;   10.967;-999;   2.0;  15.5;  993.44;   19.0;   72.88;   25.9;   12.1;    9.0;eor
       1639;20180604;   10;   7.4;   3.1;    3;   0.0;   0;   14.650;-999;   1.5;  16.2;  988.25;   20.8;   68.42;   27.0;   13.4;   10.7;eor
       1639;20180605;   10;   8.2;   3.7;    3;   0.0;   0;   10.783;-999;   1.0;  16.3;  988.03;   19.3;   74.00;   24.4;   14.3;   11.3;eor
       1639;20180606;   10;   6.9;   2.7;    3;   0.0;   0;   13.467;-999;   1.7;  15.9;  988.82;   20.8;   67.00;   28.2;   13.0;    9.6;eor
       1639;20180607;   10;  16.1;   1.9;    3;  45.1;   8;    8.400;-999;   5.0;  17.7;  990.20;   19.7;   78.79;   28.2;   15.6;   11.6;eor
       1639;20180608;   10;  11.1;   2.0;    3;   0.1;   6;    6.200;-999;   6.6;  18.9;  988.83;   20.6;   79.88;   28.2;   15.6;   14.8;eor
       1639;20180609;   10;   8.7;   1.8;    3;   0.1;   6;    8.633;-999;   5.5;  18.0;  987.77;   21.5;   72.75;   30.2;   14.4;   13.6;eor
       1639;20180610;   10;   8.3;   2.5;    3;   0.3;   6;    6.917;-999;   6.8;  18.6;  987.36;   21.2;   74.92;   27.5;   17.6;   17.2;eor
       1639;20180611;   10;   9.9;   3.9;    3;   4.2;   6;    0.700;-999;   7.5;  17.6;  986.82;   18.1;   84.58;   21.3;   15.5;   14.8;eor
       1639;20180612;   10;   9.2;   3.5;    3;   0.1;   6;    0.100;-999;   7.9;  13.6;  987.08;   15.6;   76.58;   17.5;   14.0;   13.4;eor
       1639;20180613;   10;   8.6;   2.7;    3;   0.0;   0;    0.333;-999;   7.6;  11.4;  990.72;   13.9;   72.08;   15.9;   11.2;    9.5;eor
       1639;20180614;   10;   9.1;   2.5;    3;   0.5;   6;    9.617;-999;   4.9;  11.7;  992.16;   15.2;   69.67;   22.2;    7.3;    5.2;eor
       1639;20180615;   10;   4.0;   1.4;    3;   0.0;   6;    0.917;-999;   7.3;  15.2;  992.88;   16.9;   80.00;   21.6;   12.9;    9.8;eor
       1639;20180616;   10;   9.2;   1.9;    3;   0.0;   0;    4.667;-999;   5.9;  15.3;  991.36;   18.3;   74.38;   24.4;   11.5;    9.1;eor
       1639;20180617;   10;   9.1;   3.4;    3;   0.0;   6;    4.900;-999;   6.8;  13.6;  993.67;   17.3;   69.75;   22.5;   10.7;    8.2;eor
       1639;20180618;   10;   9.8;   3.4;    3;   0.0;   0;    2.717;-999;   6.2;  13.7;  997.29;   16.9;   71.96;   22.6;    9.7;    7.9;eor
       1639;20180619;   10;   8.4;   3.0;    3;   0.0;   6;    5.517;-999;   5.3;  16.4;  999.26;   18.6;   76.83;   23.5;   13.6;   12.4;eor
       1639;20180620;   10;   6.8;   2.0;    3;   0.0;   0;   12.400;-999;   2.0;  16.0;  996.55;   20.6;   68.67;   28.6;   12.3;    9.4;eor
       1639;20180621;   10;  16.1;   5.0;    3;   0.2;   6;   10.367;-999;   2.6;  12.1;  993.45;   17.0;   62.75;   22.8;    9.6;    7.1;eor
       1639;20180622;   10;  14.8;   5.1;    3;   0.1;   6;    3.800;-999;   5.0;   9.7;  999.51;   12.0;   69.58;   16.7;    6.9;    5.1;eor
       1639;20180623;   10;  11.4;   3.8;    3;   0.0;   0;    4.617;-999;   5.8;  10.0; 1000.50;   13.3;   67.42;   19.3;    6.9;    5.1;eor
       1639;20180624;   10;   8.5;   2.6;    3;   0.0;   6;    1.733;-999;   7.3;  11.3;  997.41;   14.5;   69.63;   20.1;    8.7;    6.3;eor
       1639;20180625;   10;   7.8;   2.6;    3;   0.0;   0;    3.383;-999;   7.6;  12.6;  998.34;   17.0;   66.17;   21.9;   12.8;   12.6;eor
       1639;20180626;   10;   9.7;   3.6;    3;   0.0;   0;   12.583;-999;   2.0;  13.1;  999.39;   17.0;   68.58;   21.4;   11.7;    8.8;eor
       1639;20180627;   10;  12.3;   3.7;    3;   0.0;   6;   13.333;-999;   1.0;  12.2;  998.97;   18.8;   59.71;   25.1;   11.2;    6.9;eor
       1639;20180628;   10;  12.5;   4.7;    3;   0.0;   0;   12.117;-999;   4.0;  12.6;  996.45;   21.0;   52.67;   27.7;   11.7;    8.6;eor
       1639;20180629;   10;  11.8;   3.9;    3;   0.0;   0;   13.650;-999;   1.6;  12.4;  992.47;   23.6;   44.17;   29.9;   17.0;   12.9;eor
       1639;20180630;   10;  10.6;   4.7;    3;   0.0;   0;   15.017;-999;   0.0;  10.3;  991.63;   20.5;   45.54;   26.8;   14.1;    8.1;eor
       1639;20180701;   10;  12.5;   4.9;    3;   0.0;   0;   15.017;-999;   0.0;   7.8;  993.18;   18.5;   39.00;   25.0;   10.0;    6.7;eor
       1639;20180702;   10;   9.8;   3.2;    3;   0.0;   0;   15.000;-999;   0.0;   8.2;  992.15;   19.2;   39.79;   26.8;    9.7;    6.9;eor
       1639;20180703;   10;   5.8;   1.9;    3;   0.0;   0;   14.983;-999;   0.7;   7.9;  992.23;   20.3;   38.21;   29.2;    9.3;    4.9;eor
       1639;20180704;   10;   8.1;   2.2;    3;   0.0;   6;    7.167;-999;   5.4;  12.7;  990.22;   21.8;   50.50;   31.2;   13.3;   10.5;eor
       1639;20180705;   10;   9.2;   2.2;    3;  14.7;   8;    7.350;-999;   4.3;  17.0;  989.30;   19.2;   77.54;   27.6;   12.9;   11.7;eor
       1639;20180706;   10;  10.5;   3.1;    3;   0.0;   0;   11.633;-999;   2.9;  14.1;  994.32;   20.3;   61.54;   26.0;   13.4;   10.4;eor
       1639;20180707;   10;   8.8;   2.2;    3;   0.0;   0;   11.133;-999;   4.3;  11.9;  997.60;   20.0;   54.75;   27.9;   11.4;    9.7;eor
       1639;20180708;   10;   9.0;   2.9;    3;   0.0;   0;   14.867;-999;   0.3;  10.5;  997.92;   19.8;   48.96;   27.7;   11.2;    7.7;eor
       1639;20180709;   10;  12.4;   3.2;    3;   0.0;   6;   10.367;-999;   3.6;  11.7;  996.49;   19.5;   53.46;   26.2;   12.2;    8.5;eor
       1639;20180710;   10;   9.9;   3.8;    3;   8.0;   6;    1.283;-999;   7.4;  11.9;  991.95;   15.9;   66.71;   19.3;   11.5;    9.9;eor
       1639;20180711;   10;   8.1;   2.7;    3;   1.5;   6;    1.733;-999;   6.9;  13.7;  991.59;   14.9;   81.79;   19.7;   11.0;   10.4;eor
       1639;20180712;   10;   9.8;   1.8;    3;   2.5;   6;    5.000;-999;   5.8;  15.6;  993.33;   17.9;   78.50;   25.5;   12.4;   11.3;eor
       1639;20180713;   10;   6.5;   1.7;    3;   0.8;   6;    6.417;-999;   4.5;  15.3;  995.30;   19.1;   71.88;   26.4;   12.2;   10.5;eor
       1639;20180714;   10;   7.5;   2.0;    3;   0.0;   6;   10.517;-999;   3.0;  14.3;  994.50;   21.3;   60.21;   28.5;   13.3;   10.9;eor
       1639;20180715;   10;   8.4;   2.8;    3;   0.0;   6;   13.283;-999;   2.2;  12.6;  991.75;   21.7;   52.29;   28.8;   13.8;   11.4;eor
       1639;20180716;   10;   9.0;   2.2;    3;   1.0;   6;    8.817;-999;   4.9;  13.8;  989.17;   20.7;   58.42;   29.1;   14.3;   12.5;eor
       1639;20180717;   10;  15.6;   2.9;    3;   6.2;   8;    8.683;-999;   5.0;  14.0;  990.22;   21.2;   59.58;   29.5;   12.4;   10.6;eor
       1639;20180718;   10;  11.0;   2.7;    3;   0.0;   0;   12.767;-999;   0.5;  12.0;  993.34;   21.3;   50.54;   28.3;   12.3;   10.8;eor
       1639;20180719;   10;   6.9;   2.0;    3;   0.0;   0;   13.683;-999;   0.4;  11.3;  993.51;   21.0;   48.92;   28.1;   12.6;    9.5;eor
       1639;20180720;   10;   6.8;   1.6;    3;   0.1;   6;   11.367;-999;   4.3;  11.3;  989.13;   22.4;   45.58;   30.5;   13.0;   10.0;eor
       1639;20180721;   10;   9.6;   2.3;    3;   0.5;   6;    0.583;-999;   7.2;  16.4;  987.43;   19.6;   72.63;   22.1;   15.4;   14.0;eor
       1639;20180722;   10;  12.0;   2.1;    3;   0.2;   6;    4.483;-999;   6.9;  17.2;  990.14;   19.9;   75.54;   27.2;   14.7;   13.4;eor
       1639;20180723;   10;   8.8;   1.9;    3;   0.0;   0;   11.800;-999;   0.9;  15.3;  992.60;   21.9;   62.96;   30.1;   13.6;   11.4;eor
       1639;20180724;   10;   7.5;   1.7;    3;   0.0;   0;   14.133;-999;   0.5;  14.0;  990.69;   24.4;   51.54;   33.5;   13.8;   11.4;eor
       1639;20180725;   10;  17.1;   2.6;    3;   3.1;   6;   12.750;-999;   2.9;  15.0;  990.60;   26.1;   49.04;   35.5;   16.3;   14.2;eor
       1639;20180726;   10;  10.1;   2.6;    3;   0.0;   0;   13.567;-999;   1.5;  14.8;  991.03;   26.8;   46.17;   36.0;   18.4;   15.8;eor
       1639;20180727;   10;  12.2;   2.7;    3;   0.0;   4;   12.633;-999;   2.0;  12.9;  988.49;   26.8;   40.13;   34.4;   16.8;   14.3;eor
       1639;20180728;   10;  21.4;   2.9;    3;   1.5;   8;    5.967;-999;   4.6;  16.9;  985.71;   22.5;   62.79;   30.3;   15.8;   14.7;eor
       1639;20180729;   10;  10.3;   2.7;    3;   0.0;   0;    5.000;-999;   6.0;  15.6;  990.35;   22.7;   60.79;   30.7;   15.5;   13.3;eor
       1639;20180730;   10;   9.4;   1.7;    3;   0.0;   0;   11.067;-999;   2.6;  14.8;  991.32;   24.8;   52.17;   34.1;   14.3;   12.6;eor
       1639;20180731;   10;  10.5;   2.9;    3;   0.1;   6;   12.900;-999;   1.3;  15.8;  991.98;   26.5;   49.71;   35.2;   16.2;   14.5;eor
       1639;20180801;   10;  10.4;   3.5;    3;   0.0;   6;    3.867;-999;   6.6;  16.9;  995.80;   24.6;   56.04;   31.0;   19.3;   18.0;eor
       1639;20180802;   10;   7.9;   2.6;    3;   0.0;   0;   11.017;-999;   1.5;  17.0;  997.04;   25.7;   55.17;   34.3;   15.7;   15.0;eor
       1639;20180803;   10;   8.2;   2.7;    3;   0.0;   0;   13.350;-999;   0.2;  15.7;  996.00;   27.6;   46.38;   35.0;   19.6;   18.1;eor
       1639;20180804;   10;   9.8;   2.7;    3;   0.0;   6;    7.700;-999;   1.6;  15.3;  993.42;   27.3;   43.88;   34.8;   19.3;   16.5;eor
       1639;20180805;   10;  11.2;   4.3;    3;   0.0;   0;   13.133;-999;   1.8;  14.5;  995.90;   24.4;   49.13;   30.3;   17.3;   15.1;eor
       1639;20180806;   10;   7.3;   2.1;    3;   0.0;   0;   13.467;-999;   1.3;  12.9;  992.45;   24.2;   46.25;   33.3;   14.0;   11.7;eor
       1639;20180807;   10;  12.8;   3.7;    3;   8.5;   6;    9.550;-999;   3.8;  15.8;  986.93;   25.7;   51.25;   36.0;   16.3;   13.0;eor
       1639;20180808;   10;  17.2;   4.0;    3;   0.0;   0;    7.283;-999;   5.4;  17.9;  988.40;   23.8;   63.08;   29.8;   18.0;   16.3;eor
       1639;20180809;   10;  25.7;   4.1;    3;   1.0;   6;    5.650;-999;   5.1;  17.4;  989.04;   22.3;   66.25;   33.2;   17.6;   15.6;eor
       1639;20180810;   10;  13.4;   5.3;    3;   0.0;   0;    8.850;-999;   4.0;  10.8;  997.46;   18.1;   53.88;   24.0;   11.9;    8.9;eor
       1639;20180811;   10;  13.9;   3.5;    3;   0.0;   6;    9.800;-999;   4.7;   9.5;  997.67;   17.5;   50.67;   24.4;   10.3;    7.6;eor
       1639;20180812;   10;   9.5;   1.5;    3;   0.0;   6;   11.467;-999;   3.6;   9.3;  992.11;   18.1;   49.63;   27.6;    7.3;    4.5;eor
       1639;20180813;   10;  13.4;   3.4;    3;   7.1;   6;    2.917;-999;   4.9;  14.7;  985.16;   16.2;   78.88;   24.1;   11.4;    9.7;eor
       1639;20180814;   10;  11.3;   4.6;    3;   0.0;   6;    2.433;-999;   7.0;  16.4;  990.23;   18.5;   78.38;   23.9;   14.2;   12.9;eor
       1639;20180815;   10;   8.0;   2.2;    3;   0.0;   0;    1.867;-999;   6.2;  15.0;  995.44;   19.1;   70.13;   24.6;   13.8;   10.8;eor
       1639;20180816;   10;   6.1;   1.6;    3;   0.0;   0;   13.167;-999;   1.7;  14.4;  992.15;   20.9;   62.58;   30.5;   11.4;    9.6;eor
       1639;20180817;   10;  10.8;   3.1;    3;   0.0;   0;    9.150;-999;   3.9;  15.4;  991.95;   21.4;   62.75;   29.6;   14.2;   11.6;eor
       1639;20180818;   10;   8.5;   2.4;    3;   0.0;   0;   10.717;-999;   4.3;  11.8;  997.12;   20.7;   50.92;   27.7;   13.5;   10.7;eor
       1639;20180819;   10;  11.4;   2.7;    3;   0.0;   0;   12.983;-999;   2.3;  11.7;  996.19;   20.8;   51.58;   30.0;   10.4;    8.5;eor
       1639;20180820;   10;   9.2;   2.6;    3;   0.0;   0;    2.100;-999;   5.7;  15.8;  995.17;   20.5;   66.46;   26.5;   14.1;   11.9;eor
       1639;20180821;   10;   7.4;   2.6;    3;   0.0;   0;    5.483;-999;   6.5;  15.7;  995.73;   22.3;   60.25;   28.4;   17.3;   15.8;eor
       1639;20180822;   10;   7.4;   2.0;    3;   0.0;   0;   11.983;-999;   2.2;  14.8;  992.51;   24.2;   52.00;   32.6;   15.8;   13.2;eor
       1639;20180823;   10;  10.5;   2.8;    3;   0.0;   0;   11.883;-999;   2.9;  15.5;  988.35;   23.5;   56.92;   31.5;   15.4;   12.6;eor
       1639;20180824;   10;  12.1;   4.1;    3;   1.0;   6;    4.117;-999;   7.2;  12.3;  987.57;   18.1;   59.29;   23.2;   13.3;   12.3;eor
       1639;20180825;   10;  12.1;   4.4;    3;   1.5;   6;    1.750;-999;   6.6;  10.0;  988.17;   13.4;   65.79;   17.8;    7.9;    4.8;eor
       1639;20180826;   10;   9.0;   3.0;    3;   0.8;   6;    9.317;-999;   3.5;   8.9;  992.15;   13.8;   60.92;   21.6;    5.6;    1.7;eor
       1639;20180827;   10;  11.1;   4.0;    3;   0.1;   6;    1.067;-999;   7.1;  12.7;  989.74;   16.5;   66.96;   22.5;   12.6;    9.6;eor
       1639;20180828;   10;   5.5;   1.6;    3;   0.0;   0;   12.233;-999;   3.7;  11.1;  994.88;   16.5;   63.33;   24.5;    7.4;    5.0;eor
       1639;20180829;   10;  14.1;   2.3;    3;   1.7;   6;    8.450;-999;   3.9;  14.4;  989.71;   17.9;   72.54;   29.7;    8.2;    5.6;eor
       1639;20180830;   10;  11.6;   4.4;    3;   0.0;   6;    2.767;-999;   6.3;  12.7;  994.67;   16.4;   68.67;   21.3;   10.0;    7.8;eor
       1639;20180831;   10;   8.2;   2.5;    3;   0.0;   0;    2.550;-999;   6.6;  10.1;  997.61;   14.5;   63.54;   20.8;    8.8;    6.3;eor
       1639;20180901;   10;   9.0;   3.0;    3;   0.0;   0;   11.850;-999;   0.1;   8.9; 1000.48;   14.8;   56.50;   22.2;    6.8;    3.3;eor
       1639;20180902;   10;  12.5;   4.5;    3;   0.1;   6;    1.317;-999;   5.4;  11.6;  998.95;   15.2;   67.63;   20.9;    9.2;    7.3;eor
       1639;20180903;   10;   5.5;   2.1;    3;   0.7;   6;    0.000;-999;   7.0;  16.7;  993.01;   16.7;   87.71;   19.0;   14.1;   11.3;eor
       1639;20180904;   10;   8.9;   1.5;    3;   0.0;   6;    5.400;-999;   6.1;  17.3;  992.09;   19.0;   81.21;   27.1;   13.2;   11.1;eor
       1639;20180905;   10;   5.0;   1.5;    3;   0.0;   0;   10.833;-999;   1.7;  14.4;  991.94;   20.9;   62.83;   28.8;   13.0;   10.0;eor
       1639;20180906;   10;   8.1;   2.2;    3;   0.0;   6;    3.567;-999;   6.5;  15.4;  987.82;   18.8;   71.46;   24.3;   13.3;   12.0;eor
       1639;20180907;   10;  12.1;   3.2;    3;   0.0;   6;    4.800;-999;   4.2;  13.2;  990.24;   15.2;   77.63;   21.5;    5.8;    3.7;eor
       1639;20180908;   10;  11.8;   2.3;    3;   0.0;   4;    8.517;-999;   5.4;   9.4;  996.25;   13.4;   66.17;   21.8;    4.9;    1.9;eor
       1639;20180909;   10;   8.2;   1.8;    3;   0.0;   4;    6.733;-999;   7.8;  10.2;  997.14;   16.6;   57.50;   25.5;    9.8;    6.9;eor
       1639;20180910;   10;   9.5;   2.1;    3;   0.0;   6;    3.450;-999;   5.8;  11.5;  997.78;   16.7;   63.17;   27.0;    8.0;    5.6;eor
       1639;20180911;   10;  13.8;   3.8;    3;   0.0;   0;   11.550;-999;  -999;  12.5;  998.61;   18.7;   61.79;   27.3;   10.4;    7.2;eor
       1639;20180912;   10;  11.0;   3.2;    3;   0.0;   0;   11.550;-999;   1.5;  12.8;  995.89;   20.1;   58.92;   29.5;   10.3;    7.0;eor
       1639;20180913;   10;   6.5;   2.9;    3;   1.0;   6;    0.000;-999;   7.8;  14.4;  995.42;   16.1;   79.58;   19.7;   12.9;   10.5;eor
       1639;20180914;   10;   9.5;   2.3;    3;   0.0;   0;    4.783;-999;   6.1;  11.5;  996.15;   14.7;   71.71;   21.8;    9.7;    7.3;eor
       1639;20180915;   10;   8.4;   2.7;    3;   0.0;   0;    4.883;-999;   5.8;  10.6;  999.65;   14.4;   66.08;   20.1;    8.6;    5.2;eor
       1639;20180916;   10;   8.9;   1.5;    3;   0.0;   0;   10.300;-999;   5.3;   9.6;  998.64;   14.9;   62.13;   24.0;    5.9;    2.7;eor
       1639;20180917;   10;   6.2;   1.3;    3;   0.0;   0;    9.733;-999;   4.6;  10.1;  995.24;   16.5;   58.42;   27.1;    6.7;    3.2;eor
       1639;20180918;   10;   9.2;   2.4;    3;   0.0;   0;   11.067;-999;   2.0;  12.6;  991.40;   19.8;   58.21;   31.3;    8.6;    5.5;eor
       1639;20180919;   10;  11.4;   2.9;    3;   0.0;   0;    9.867;-999;   4.0;  14.8;  994.12;   20.7;   63.83;   29.8;   12.9;   10.0;eor
       1639;20180920;   10;  10.1;   2.8;    3;   0.0;   0;   10.433;-999;   5.8;  13.9;  992.96;   20.1;   63.00;   28.1;   11.5;    8.9;eor
       1639;20180921;   10;  15.2;   4.2;    3;   4.6;   6;    0.867;-999;   5.5;  12.8;  987.22;   14.9;   75.71;   22.6;    7.8;    5.9;eor
       1639;20180922;   10;  13.6;   3.3;    3;   3.5;   6;    2.317;-999;   6.4;   9.9;  995.93;   11.5;   73.88;   16.1;    7.2;    3.0;eor
       1639;20180923;   10;  14.3;   2.9;    3;  28.0;   8;    0.000;-999;   7.4;  12.3;  988.37;   10.9;   92.46;   15.0;    7.0;    5.8;eor
       1639;20180924;   10;  12.8;   4.1;    3;   0.5;   6;    8.233;-999;   1.9;   8.8; 1006.79;    9.3;   76.83;   14.6;    4.7;    2.7;eor
       1639;20180925;   10;   5.7;   1.5;    3;   0.0;   0;    8.267;-999;   1.9;   7.5; 1013.45;    7.7;   75.71;   15.3;    1.6;   -0.5;eor
       1639;20180926;   10;   4.4;   1.5;    3;   0.0;   0;    7.800;-999;   4.3;   7.8; 1009.92;    8.5;   73.33;   16.7;    1.8;   -0.1;eor
       1639;20180927;   10;   6.8;   1.5;    3;   0.0;   0;   10.767;-999;   0.0;   8.4; 1003.33;   11.5;   67.54;   22.1;    2.6;    0.7;eor
       1639;20180928;   10;   8.9;   2.6;    3;   0.0;   0;    2.317;-999;   4.0;   9.3; 1000.13;    9.5;   78.63;   14.6;    4.4;    0.8;eor
       1639;20180929;   10;   8.3;   2.9;    3;   0.0;   0;   10.650;-999;   1.4;   7.3; 1002.81;    8.5;   69.17;   16.1;    2.1;   -0.7;eor
       1639;20180930;   10;   5.9;   1.7;    3;   0.0;   0;   10.567;-999;   0.4;   7.2;  993.21;    8.5;   68.33;   18.2;   -0.1;   -2.8;eor
       1639;20181001;   10;  15.4;   3.2;    3;   0.1;   6;    4.067;-999;   5.3;   8.0;  992.97;    8.0;   75.71;   14.7;    2.7;   -0.8;eor
       1639;20181002;   10;  12.4;   4.9;    3;   2.6;   6;    0.000;-999;   6.5;   9.4;  995.70;    7.1;   91.83;   10.2;    2.1;   -0.5;eor
       1639;20181003;   10;  12.1;   3.5;    3;   0.0;   6;    3.650;-999;   7.0;  10.2;  999.66;   10.9;   79.58;   15.7;    5.3;    2.0;eor
       1639;20181004;   10;   4.9;   1.5;    3;   0.0;   0;    2.883;-999;   4.0;   9.6; 1002.70;    9.2;   83.88;   17.2;    2.7;    0.0;eor
       1639;20181005;   10;   6.5;   1.8;    3;   0.0;   0;    8.300;   0;   2.8;   9.6;  995.73;   11.0;   77.54;   21.4;    3.0;    1.0;eor
       1639;20181006;   10;   6.8;   1.6;    3;   0.0;   0;    6.667;   0;   5.4;  11.9;  987.27;   13.5;   78.67;   23.2;    4.6;    2.4;eor
       1639;20181007;   10;  10.0;   3.1;    3;   0.5;   6;    0.750;   0;   6.3;  11.3;  992.53;   11.2;   84.79;   13.8;    7.0;    3.3;eor
       1639;20181008;   10;   3.5;   1.1;    3;   0.0;   0;    9.233;   0;   3.0;  10.3;  997.36;   10.9;   80.38;   19.7;    3.4;    1.0;eor
       1639;20181009;   10;   4.1;   1.4;    3;   0.0;   4;    7.183;   0;   3.8;  11.9;  998.01;   11.9;   86.58;   21.4;    5.2;    3.1;eor
       1639;20181010;   10;   5.8;   2.4;    3;   0.0;   4;    7.767;   0;   2.5;  12.5;  994.24;   13.7;   82.42;   23.2;    7.3;    4.9;eor
       1639;20181011;   10;   5.1;   2.2;    3;   0.0;   6;    8.300;   0;   3.3;  12.4;  990.87;   14.6;   77.00;   21.3;    7.6;    6.0;eor
       1639;20181012;   10;   9.4;   1.9;    3;   0.0;   0;    8.883;   0;   2.0;  14.1;  997.20;   15.7;   80.67;   24.3;    8.2;    6.3;eor
       1639;20181013;   10;   5.9;   2.2;    3;   0.0;   0;    9.767;   0;   0.1;  12.9;  996.45;   16.2;   74.25;   25.6;    9.2;    6.9;eor
       1639;20181014;   10;   5.3;   2.2;    3;   0.0;   0;    9.717;   0;   0.0;  11.5;  989.20;   14.8;   71.71;   23.7;    7.4;    5.0;eor
       1639;20181015;   10;   4.3;   1.2;    3;   0.0;   0;    6.983;   0;   2.5;  11.5;  990.29;   14.1;   75.38;   24.6;    7.7;    4.8;eor
       1639;20181016;   10;   7.1;   1.5;    3;   0.0;   0;    5.750;   0;   4.2;  11.9;  994.71;   13.9;   77.83;   24.1;    5.7;    2.5;eor
       1639;20181017;   10;   3.4;   1.1;    3;   0.0;   0;    8.917;   0;   6.2;  12.2;  995.07;   13.9;   79.42;   22.5;    7.2;    4.6;eor
       1639;20181018;   10;   8.3;   2.7;    3;   0.0;   0;    3.450;   0;   5.1;  11.9;  997.54;   12.8;   81.75;   18.1;    7.4;    4.1;eor
       1639;20181019;   10;   5.2;   2.1;    3;   0.0;   0;    1.200;   0;   6.5;  11.7;  999.60;   11.8;   84.63;   16.5;    7.0;    3.6;eor
       1639;20181020;   10;   5.4;   1.7;    3;   0.0;   0;    7.950;   0;   5.6;   9.8; 1004.40;   10.5;   77.96;   16.2;    4.9;    0.6;eor
       1639;20181021;   10;   4.0;   1.1;    3;   0.0;   0;    9.217;   0;   3.2;   8.3; 1004.24;    7.9;   79.58;   16.1;    0.9;   -2.4;eor
       1639;20181022;   10;  10.4;   1.7;    3;   0.1;   6;    0.050;   0;   5.0;   8.8; 1005.32;    6.4;   91.08;   11.6;    1.0;   -2.0;eor
       1639;20181023;   10;  13.8;   4.8;    3;   0.5;   6;    0.000;   0;   8.0;   9.1; 1000.37;    7.7;   86.71;   12.0;    1.2;   -2.3;eor
       1639;20181024;   10;  13.1;   4.8;    3;   0.5;   6;    0.900;   0;   7.6;  12.8;  996.87;   12.6;   87.92;   15.5;   10.1;    7.6;eor
       1639;20181025;   10;  11.1;   3.9;    3;   0.0;   6;    0.117;   0;   7.8;  11.1;  994.30;   11.6;   81.13;   13.4;    9.6;    9.3;eor
       1639;20181026;   10;   9.8;   4.2;    3;   0.4;   6;    0.000;   0;   7.7;   9.1;  985.20;    9.1;   78.63;   10.2;    6.3;    5.5;eor
       1639;20181027;   10;   8.7;   2.9;    3;   0.0;   6;    0.050;   0;   7.9;   7.7;  984.22;    6.2;   81.54;    7.8;    4.0;    2.1;eor
       1639;20181028;   10;  16.0;   7.1;    3;   0.3;   6;    0.000;   0;   7.9;   6.8;  987.07;    4.8;   78.71;    5.9;    3.7;    3.2;eor
       1639;20181029;   10;  16.5;   6.9;    3;   0.0;   6;    0.000;   0;   8.0;   7.4;  976.78;    4.6;   87.50;    5.5;    4.2;    3.8;eor
       1639;20181030;   10;  18.1;   7.5;    3;   6.0;   8;    0.017;   0;   7.7;   7.8;  970.50;    5.7;   84.83;    7.5;    3.5;    3.2;eor
       1639;20181031;   10;   9.3;   2.6;    3;   0.0;   6;    1.217;   0;   6.3;   7.9;  990.53;    6.4;   81.96;    9.3;    1.8;   -1.7;eor
       1639;20181101;   10;   5.2;   2.0;    3;   0.0;   6;    0.217;   0;   5.9;   8.3;  988.32;    5.3;   93.00;    8.5;    1.9;   -0.9;eor
       1639;20181102;   10;   7.1;   2.1;    3;   0.2;   6;    0.683;   0;   7.0;   9.2;  997.85;    8.7;   81.63;   11.0;    6.0;    3.4;eor
       1639;20181103;   10;   5.9;   1.9;    3;   0.0;   6;    8.333;   0;   3.4;   7.4; 1003.00;    5.2;   84.29;   10.7;   -0.8;   -3.2;eor
       1639;20181104;   10;   4.7;   1.9;    3;   0.0;   6;    0.000;   0;   8.0;   9.5;  993.26;    7.9;   88.25;   10.4;    5.0;    4.9;eor
       1639;20181105;   10;   6.2;   2.4;    3;   0.1;   4;    1.150;   0;   7.0;  11.0;  985.60;   10.0;   89.25;   14.5;    5.3;    2.1;eor
       1639;20181106;   10;   6.3;   2.1;    3;   0.2;   4;    0.550;   0;   7.9;  10.5;  984.93;    7.9;   97.58;   12.3;    5.6;    3.7;eor
       1639;20181107;   10;   6.7;   1.7;    3;   2.5;   6;    6.933;   0;   4.8;  10.5;  987.70;   10.0;   86.63;   15.6;    5.9;    5.4;eor
       1639;20181108;   10;   6.1;   1.5;    3;   0.1;   6;    3.067;   0;   7.0;  11.1;  995.62;   10.3;   89.13;   13.7;    7.7;    6.1;eor
       1639;20181109;   10;   7.0;   2.2;    3;   0.0;   6;    0.833;   0;   7.5;  10.8;  990.93;    9.6;   90.38;   13.2;    6.9;    2.9;eor
       1639;20181110;   10;  10.1;   3.5;    3;   6.1;   6;    0.017;   0;   7.9;  10.8;  984.33;    9.8;   89.00;   11.8;    7.2;    5.2;eor
       1639;20181111;   10;  11.2;   4.3;    3;   4.1;   6;    1.400;   0;   7.6;  12.0;  986.32;   12.1;   84.88;   14.4;    9.7;    7.2;eor
       1639;20181112;   10;   9.6;   2.7;    3;  11.2;   6;    0.700;   0;   7.6;  12.4;  991.49;   12.8;   84.75;   17.1;    8.9;    7.3;eor
       1639;20181113;   10;  12.7;   4.0;    3;   1.5;   6;    2.800;   0;   4.9;  11.2; 1000.46;   10.2;   88.96;   13.7;    4.0;    0.9;eor
       1639;20181114;   10;   5.8;   1.4;    3;   0.0;   0;    0.000;   0;   7.0;   8.8; 1005.34;    5.6;   97.25;    8.0;    2.2;   -0.1;eor
       1639;20181115;   10;   5.6;   2.3;    3;   0.0;   0;    0.000;   0;   8.0;   8.2; 1003.47;    5.2;   92.54;    6.3;    3.2;    1.6;eor
       1639;20181116;   10;   6.3;   3.1;    3;   0.0;   0;    5.367;   0;   2.8;   7.2; 1005.28;    3.1;   94.08;    7.3;    0.2;   -1.9;eor
       1639;20181117;   10;  11.1;   5.6;    3;   0.0;   0;    7.700;   0;   0.8;   5.9; 1006.10;    2.5;   81.46;    7.1;   -0.6;   -3.5;eor
       1639;20181118;   10;  13.6;   5.3;    3;   0.0;   6;    7.517;   0;   1.9;   4.3; 1002.49;    1.6;   64.75;    5.6;   -1.5;   -3.5;eor
       1639;20181119;   10;  14.5;   7.0;    3;   0.0;   6;    0.000;   0;   7.6;   6.1;  992.22;    2.9;   80.54;    4.0;    0.9;   -0.2;eor
       1639;20181120;   10;  12.4;   6.1;    3;   1.2;   8;    0.000;   0;   7.9;   5.6;  985.74;    1.4;   83.46;    2.4;    0.1;    0.0;eor
       1639;20181121;   10;   7.4;   3.7;    3;   0.0;   6;    0.000;   0;   6.8;   6.0;  992.06;    1.2;   89.54;    2.3;   -1.1;   -2.4;eor
       1639;20181122;   10;   5.3;   2.5;    3;   0.0;   6;    0.000;   0;   7.5;   6.2;  995.75;    2.0;   87.71;    3.7;   -1.1;   -4.6;eor
       1639;20181123;   10;   6.0;   2.3;    3;   0.0;   6;    4.483;   0;   4.8;   5.6;  994.39;   -0.9;   97.92;    2.3;   -3.0;   -5.0;eor
       1639;20181124;   10;   6.3;   2.2;    3;   1.8;   6;    0.000;   0;   7.6;   7.4;  987.91;    2.8;   98.42;    6.1;    0.1;    0.2;eor
       1639;20181125;   10;   8.2;   2.5;    3;   0.0;   6;    0.000;   0;   7.9;   8.4;  985.56;    5.2;   94.83;    6.6;    3.3;    2.7;eor
       1639;20181126;   10;  10.7;   4.6;    3;   0.0;   6;    0.000;   0;   7.9;   7.2;  986.26;    5.0;   82.33;    6.2;    2.9;    2.6;eor
       1639;20181127;   10;   6.9;   2.4;    3;   0.0;   0;    0.000;   0;   7.9;   5.8;  995.10;    2.3;   80.46;    3.0;    1.4;    1.0;eor
       1639;20181128;   10;   8.6;   2.6;    3;   0.6;   6;    0.783;   0;   7.8;   6.3;  998.48;    2.7;   85.00;    4.2;    0.1;   -2.4;eor
       1639;20181129;   10;   8.5;   3.3;    3;   0.3;   6;    0.000;   0;   7.9;   6.5;  994.04;    3.2;   84.92;    4.4;    2.1;    0.9;eor
       1639;20181130;   10;   5.5;   2.0;    3;   1.3;   6;    0.000;   0;   7.9;   7.2;  990.03;    3.8;   89.33;    4.4;    3.0;    2.0;eor
       1639;20181201;   10;   9.5;   3.1;    3;   3.8;   6;    1.583;   0;   7.7;   8.4;  989.96;    5.8;   91.83;    9.5;    2.9;    3.1;eor
       1639;20181202;   10;   8.8;   3.8;    3;  21.8;   6;    0.000;   0;   7.9;  11.3;  979.48;    9.1;   96.25;   12.2;    6.8;    6.2;eor
       1639;20181203;   10;   9.6;   3.9;    3;   3.0;   6;    0.367;   0;   7.3;  12.4;  978.50;   11.1;   93.33;   13.2;    9.3;    8.4;eor
       1639;20181204;   10;  13.5;   3.2;    3;   0.0;   6;    2.667;   0;   4.4;   7.8;  993.97;    5.6;   85.17;   10.4;   -1.1;   -3.8;eor
       1639;20181205;   10;   3.9;   1.6;    3;   0.9;   6;    0.250;   0;   7.9;   6.4;  999.71;    1.0;   97.04;    3.3;   -1.3;   -1.8;eor
       1639;20181206;   10;   6.8;   1.9;    3;   0.2;   6;    0.000;   0;   7.8;   9.7;  993.08;    7.1;   95.63;   11.5;    3.3;    3.0;eor
       1639;20181207;   10;  18.4;   6.5;    3;   3.7;   6;    0.000;   0;   7.7;  10.7;  984.52;   10.0;   86.63;   11.8;    5.3;    3.9;eor
       1639;20181208;   10;  18.2;   7.9;    3;  11.4;   6;    0.000;   0;   6.5;   8.4;  980.83;    6.4;   86.42;    9.0;    4.3;    3.1;eor
       1639;20181209;   10;  18.4;   6.9;    3;   9.9;   6;    0.000;   0;   7.2;   8.5;  977.34;    6.6;   86.54;    8.8;    4.4;    3.5;eor
       1639;20181210;   10;  15.4;   5.1;    3;   3.8;   6;    1.133;   0;   5.2;   6.7;  994.34;    3.6;   84.38;    5.7;    1.2;   -0.7;eor
       1639;20181211;   10;   9.6;   3.9;    3;   0.2;   6;    2.733;   0;   4.4;   6.6;  997.37;    2.7;   88.96;    4.9;    1.0;   -0.6;eor
       1639;20181212;   10;   8.3;   2.9;    3;   0.0;   6;    2.933;   0;   6.6;   6.2;  999.17;    2.5;   84.54;    4.7;    0.2;   -2.5;eor
       1639;20181213;   10;  11.5;   4.8;    3;   0.0;   7;    5.000;   0;   3.8;   4.9;  995.87;    0.3;   78.25;    1.8;   -1.2;   -2.4;eor
       1639;20181214;   10;   7.4;   3.4;    3;   0.0;   0;    0.000;   0;   8.0;   4.1;  997.59;   -0.1;   68.17;    0.5;   -0.7;   -1.7;eor
       1639;20181215;   10;   7.1;   2.8;    3;   0.0;   7;    0.000;   0;   8.0;   3.9;  999.63;   -0.7;   67.50;   -0.2;   -3.1;   -4.3;eor
       1639;20181216;   10;   6.9;   2.3;    3;   0.7;   8;    0.000;   0;   7.8;   4.8;  989.64;   -1.7;   87.92;    0.0;   -3.0;   -3.7;eor
       1639;20181217;   10;   5.0;   1.6;    3;   0.6;   6;    0.000;   0;   7.9;   7.1;  995.88;    2.3;   97.63;    4.8;    0.0;   -0.1;eor
       1639;20181218;   10;   5.7;   2.0;    3;   0.1;   6;    0.000;   0;   7.1;   7.1;  998.77;    2.8;   94.50;    5.2;    0.2;   -2.8;eor
       1639;20181219;   10;   8.2;   2.5;    3;   0.4;   6;    0.000;   0;   7.8;   6.8;  990.74;    3.0;   89.33;    4.7;    1.1;   -0.5;eor
       1639;20181220;   10;   8.1;   3.2;    3;   1.2;   6;    0.000;   0;   7.8;   8.4;  989.77;    5.6;   92.13;    7.1;    4.0;    3.4;eor
       1639;20181221;   10;  21.0;   6.8;    3;  11.6;   6;    0.000;   0;   6.8;   9.5;  983.14;    9.0;   82.71;   12.3;    5.9;    5.3;eor
       1639;20181222;   10;  22.0;   7.2;    3;   1.2;   6;    2.933;   0;   6.4;   8.9;  988.70;    8.8;   79.00;   10.7;    5.8;    4.1;eor
       1639;20181223;   10;   8.9;   3.1;    3;  12.3;   6;    0.000;   0;   7.7;   9.3;  993.47;    6.7;   94.25;    8.5;    4.8;    3.3;eor
       1639;20181224;   10;   9.8;   3.1;    3;   0.0;   6;    1.783;   0;   5.0;   6.5; 1002.29;    3.1;   83.96;    6.2;   -2.4;   -4.1;eor
       1639;20181225;   10;   7.6;   3.6;    3;   0.0;   0;    0.067;   0;   7.8;   5.8; 1009.90;    2.0;   82.04;    4.5;   -0.5;   -3.3;eor
       1639;20181226;   10;   3.6;   1.7;    3;   0.0;   6;    0.000;   0;   6.5;   5.3; 1007.84;   -1.3;   95.63;    0.2;   -4.2;   -5.5;eor
       1639;20181227;   10;   3.9;   1.3;    3;   0.0;   0;    0.067;   0;   7.8;   5.6; 1003.24;   -0.5;   95.54;    1.1;   -1.6;   -2.6;eor
       1639;20181228;   10;   3.5;   1.5;    3;   0.0;   6;    0.000;   0;   8.0;   5.6; 1004.52;   -0.9;   98.21;   -0.3;   -1.5;   -1.2;eor
       1639;20181229;   10;  14.7;   2.9;    3;   0.6;   6;    0.000;   0;   7.9;   6.7; 1005.73;    1.6;   97.50;    7.5;   -0.4;   -0.3;eor
       1639;20181230;   10;  12.5;   4.2;    3;   0.0;   6;    0.067;   0;   7.7;   7.9; 1005.73;    6.7;   80.50;    7.9;    5.4;    3.8;eor
       1639;20181231;   10;   5.5;   2.5;    3;   0.0;   6;    0.000;   0;   7.9;   9.7; 1007.42;    6.9;   97.04;    8.7;    5.2;    3.6;eor
       1639;20190101;   10;  14.2;   5.4;    3;   1.3;   8;    0.000;   0;   7.1;   8.2; 1002.54;    6.0;   86.88;    7.6;    2.8;    0.9;eor
       1639;20190102;   10;  12.1;   4.2;    3;   2.8;   8;    3.800;   0;   3.2;   5.0; 1007.13;    2.1;   69.75;    4.5;   -1.4;   -4.3;eor
       1639;20190103;   10;   4.6;   1.5;    3;   0.0;   8;    0.433;   1;   6.0;   5.1; 1011.73;   -0.7;   87.04;    2.1;   -3.6;   -6.3;eor
       1639;20190104;   10;   9.2;   3.4;    3;   0.1;   8;    1.417;   0;   7.4;   5.8; 1009.62;    0.7;   90.58;    3.2;   -3.2;   -5.0;eor
       1639;20190105;   10;  12.1;   5.5;    3;   0.0;   6;    0.000;   0;   7.8;   7.9; 1002.57;    5.4;   87.71;    7.8;    2.4;    2.0;eor
       1639;20190106;   10;  10.2;   4.3;    3;   0.1;   6;    0.000;   0;   7.8;   7.8; 1005.15;    5.8;   84.58;    6.9;    4.3;    3.7;eor
       1639;20190107;   10;  11.4;   4.2;    3;   1.9;   6;    0.033;   0;   7.8;   7.2; 1005.07;    4.4;   85.17;    5.6;    3.9;    3.2;eor
       1639;20190108;   10;  18.5;   7.4;    3;   9.3;   8;    0.467;   0;   7.1;   7.3;  988.94;    5.0;   83.63;    6.3;    2.5;    1.6;eor
       1639;20190109;   10;  12.6;   4.8;    3;   0.0;   8;    0.850;   0;   7.4;   5.3;  990.26;    1.9;   76.29;    3.1;    0.4;   -0.7;eor
       1639;20190110;   10;  10.2;   3.1;    3;   0.6;   8;    0.033;   0;   7.9;   4.8;  999.42;    0.4;   76.00;    1.7;   -2.0;   -3.9;eor
       1639;20190111;   10;   6.2;   3.3;    3;   0.9;   8;    0.000;   0;   7.9;   6.4;  998.30;    1.0;   96.83;    4.4;   -1.4;   -1.6;eor
       1639;20190112;   10;  14.5;   4.9;    3;   3.5;   6;    0.000;   0;   7.7;   8.0;  992.95;    4.4;   95.13;    5.7;    3.7;    2.0;eor
       1639;20190113;   10;  18.9;   5.6;    3;   7.7;   6;    0.000;   0;   6.8;   8.8;  980.72;    6.4;   90.92;    8.7;    3.0;    1.1;eor
       1639;20190114;   10;  16.2;   5.0;    3;   0.3;   8;    3.550;   0;   4.6;   6.3;  986.29;    3.3;   80.88;    5.7;    0.5;   -1.1;eor
       1639;20190115;   10;  10.7;   5.6;    3;   0.0;   6;    0.050;   0;   7.6;   6.6;  993.93;    3.2;   85.04;    5.4;    0.2;   -1.3;eor
       1639;20190116;   10;  10.5;   4.5;    3;   1.6;   6;    0.000;   0;   7.8;   6.6;  986.60;    3.7;   82.83;    4.7;   -0.4;   -2.9;eor
       1639;20190117;   10;  17.7;   6.4;    3;   1.4;   8;    1.900;   0;   7.5;   6.9;  980.39;    3.7;   85.92;    7.0;    0.5;   -1.2;eor
       1639;20190118;   10;   9.7;   2.1;    3;   0.0;   0;    7.017;   0;   4.0;   4.6;  993.73;   -0.3;   77.38;    3.8;   -4.4;   -6.2;eor
       1639;20190119;   10;   6.6;   2.6;    3;   0.0;   0;    6.767;   0;   4.9;   3.9;  992.84;   -3.7;   84.46;    0.5;   -6.7;   -8.6;eor
       1639;20190120;   10;   5.7;   2.6;    3;   0.0;   0;    7.383;   0;   0.4;   3.5;  992.52;   -4.8;   81.17;   -0.3;   -8.6;  -10.2;eor
       1639;20190121;   10;   3.3;   1.2;    3;   0.0;   0;    7.117;   0;   0.1;   3.3;  996.95;   -6.1;   86.04;   -0.5;  -10.0;  -12.7;eor
       1639;20190122;   10;   9.4;   2.4;    3;   0.0;   7;    0.000;   0;   6.9;   3.6;  986.07;   -5.7;   88.83;   -3.0;  -10.0;  -13.0;eor
       1639;20190123;   10;   7.1;   2.7;    3;   0.0;   0;    0.000;   1;   8.0;   3.8;  976.39;   -3.2;   78.21;   -2.2;   -4.1;   -4.2;eor
       1639;20190124;   10;   7.3;   2.7;    3;   0.0;   8;    0.000;   1;   8.0;   3.5;  985.45;   -4.5;   80.46;   -3.6;   -5.4;   -5.5;eor
       1639;20190125;   10;   7.2;   2.1;    3;   2.4;   8;    0.000;   1;   7.9;   4.3;  989.86;   -2.5;   84.42;    0.3;   -4.6;   -4.8;eor
       1639;20190126;   10;  10.4;   4.9;    3;   1.3;   6;    0.000;   1;   7.9;   7.2;  982.37;    3.1;   94.21;    5.5;    0.1;   -0.1;eor
       1639;20190127;   10;  14.4;   5.0;    3;   1.2;   8;    0.067;   0;   7.8;   7.5;  966.00;    4.2;   90.08;    7.2;    1.6;    0.4;eor
       1639;20190128;   10;  13.0;   6.5;    3;   0.9;   8;    0.033;   0;   7.8;   6.1;  970.38;    2.0;   86.63;    3.4;    0.9;   -0.4;eor
       1639;20190129;   10;   7.1;   2.9;    3;   0.0;   8;    0.017;   0;   7.4;   5.6;  980.15;    0.6;   87.58;    2.4;   -1.8;   -5.0;eor
       1639;20190130;   10;   9.3;   2.9;    3;   0.8;   8;    0.000;   0;   7.7;   5.1;  970.33;   -0.6;   87.13;    0.9;   -2.5;   -4.2;eor
       1639;20190131;   10;   7.5;   2.6;    3;   0.2;   8;    0.500;   2;   7.0;   4.9;  972.73;   -1.3;   87.83;    0.2;   -4.7;  -10.8;eor
       1639;20190201;   10;   6.6;   2.1;    3;   0.0;   6;    1.200;   2;   7.7;   5.9;  967.30;    1.2;   88.71;    4.8;   -1.4;   -2.8;eor
       1639;20190202;   10;   7.2;   1.5;    3;   0.0;   6;    0.000;   0;   7.8;   6.7;  972.92;    2.0;   95.63;    3.0;    0.7;    0.0;eor
       1639;20190203;   10;  10.2;   3.3;    3;   0.0;   8;    0.000;   0;   6.9;   5.4;  992.50;    1.6;   79.17;    3.2;   -2.8;   -5.3;eor
       1639;20190204;   10;   8.2;   2.0;    3;   0.0;   4;    2.217;   0;   6.0;   5.0; 1003.12;   -0.1;   83.96;    4.2;   -3.9;   -7.5;eor
       1639;20190205;   10;   4.3;   1.4;    3;   0.0;   8;    0.000;   0;   7.3;   5.7; 1003.03;    1.8;   81.04;    4.1;   -2.2;   -4.8;eor
       1639;20190206;   10;   6.4;   1.8;    3;   0.0;   0;    4.750;   0;   7.4;   5.3; 1000.33;    0.5;   84.67;    5.1;   -3.8;   -5.6;eor
       1639;20190207;   10;   7.2;   2.2;    3;   0.4;   6;    0.033;   0;   7.0;   5.9;  989.99;    0.7;   91.33;    3.8;   -1.4;   -3.5;eor
       1639;20190208;   10;  12.8;   5.4;    3;   0.4;   6;    0.000;   0;   7.3;   7.3;  989.29;    5.3;   82.46;    7.4;   -0.8;   -2.6;eor
       1639;20190209;   10;  18.5;   7.7;    3;   2.0;   6;    2.000;   0;   6.8;   7.5;  983.67;    7.3;   73.21;   10.1;    5.0;    2.8;eor
       1639;20190210;   10;  17.2;   6.9;    3;   9.5;   6;    0.000;   0;   7.6;   8.4;  974.50;    6.4;   87.42;    9.5;    3.2;    2.2;eor
       1639;20190211;   10;  16.4;   5.3;    3;   1.7;   8;    2.533;   0;   5.3;   6.5;  991.98;    3.0;   85.42;    6.4;   -0.5;   -3.3;eor
       1639;20190212;   10;   8.4;   3.7;    3;   0.0;   6;    0.000;   0;   7.9;   6.1; 1008.36;    2.6;   82.96;    4.8;    0.3;   -1.8;eor
       1639;20190213;   10;   4.7;   1.7;    3;   0.0;   0;    7.350;   0;   3.8;   5.7; 1011.77;    1.6;   83.88;    6.8;   -2.0;   -4.6;eor
       1639;20190214;   10;   3.4;   1.1;    3;   0.0;   0;    7.350;   0;   4.4;   5.7; 1011.70;    1.9;   82.88;   10.2;   -3.6;   -6.2;eor
       1639;20190215;   10;   5.3;   1.6;    3;   0.0;   0;    8.850;   0;   0.0;   5.9; 1008.52;    3.7;   76.92;   13.5;   -3.1;   -6.3;eor
       1639;20190216;   10;   4.7;   1.7;    3;   0.0;   0;    8.967;   0;   0.6;   6.2; 1003.18;    3.4;   80.67;   11.8;   -3.3;   -6.2;eor
       1639;20190217;   10;   6.1;   1.4;    3;   0.0;   0;    8.800;   0;   6.0;   6.3;  999.52;    3.6;   81.42;   12.1;   -2.8;   -5.5;eor
       1639;20190218;   10;   5.6;   1.5;    3;   0.0;   0;    8.967;   0;   1.7;   6.2;  995.42;    3.5;   80.79;   12.1;   -3.1;   -7.0;eor
       1639;20190219;   10;   9.7;   2.2;    3;   0.7;   6;    4.150;   0;   5.1;   6.5;  994.87;    3.2;   85.00;   10.6;   -1.6;   -4.3;eor
       1639;20190220;   10;   8.6;   1.5;    3;   0.0;   0;    3.433;   0;   7.1;   6.6;  999.35;    3.5;   84.71;   10.2;   -2.0;   -4.8;eor
       1639;20190221;   10;   6.1;   1.8;    3;   0.0;   0;    0.717;   0;   6.7;   7.9; 1002.78;    5.9;   84.54;   11.8;   -0.3;   -3.2;eor
       1639;20190222;   10;   8.4;   3.0;    3;   0.0;   0;    0.167;   0;   7.4;   9.1; 1009.99;    8.5;   82.38;   10.8;    3.8;    2.9;eor
       1639;20190223;   10;   7.9;   2.5;    3;   0.0;   0;    8.550;   0;   4.0;   5.4; 1014.80;    3.5;   70.29;    8.3;   -1.1;   -3.7;eor
       1639;20190224;   10;   4.2;   1.7;    3;   0.0;   0;    9.467;   0;   0.1;   4.2; 1013.86;    3.5;   59.13;   13.3;   -3.3;   -5.2;eor
       1639;20190225;   10;   4.4;   1.3;    3;   0.0;   0;    9.550;   0;   2.1;   4.8; 1013.22;    5.6;   56.29;   16.5;   -2.4;   -6.3;eor
       1639;20190226;   10;   4.2;   1.5;    3;   0.0;   0;    9.600;   0;   0.7;   5.6; 1009.57;    7.1;   60.92;   19.1;   -2.7;   -4.5;eor
       1639;20190227;   10;   4.9;   1.2;    3;   0.0;   0;    9.667;   0;   0.0;   5.3; 1002.20;    6.7;   59.04;   17.7;   -2.5;   -6.5;eor
       1639;20190228;   10;  13.5;   3.6;    3;   2.4;   6;    6.750;   0;   3.1;   7.4;  992.10;    7.0;   74.25;   16.4;   -1.4;   -4.9;eor
       1639;20190301;   10;   9.2;   3.8;    3;   0.0;   6;    0.033;   0;   7.9;   9.4;  989.68;    7.7;   89.04;   10.9;    4.9;    4.4;eor
       1639;20190302;   10;  10.6;   3.5;    3;   0.0;   6;    0.317;   0;   7.7;   8.2;  991.39;    6.8;   82.71;   10.2;    4.2;    3.9;eor
       1639;20190303;   10;  14.7;   6.6;    3;   0.0;   6;    0.000;   0;   7.8;   9.3;  985.16;    9.7;   76.92;   11.1;    8.0;    7.0;eor
       1639;20190304;   10;  30.6;   9.0;    3;   4.4;   8;    1.850;   0;   7.4;   8.0;  973.71;    8.7;   71.42;   12.4;    3.2;    1.9;eor
       1639;20190305;   10;  15.0;   5.7;    3;   1.6;   6;    2.567;   0;   5.8;   7.2;  983.01;    4.6;   85.21;    8.5;    0.9;   -3.1;eor
       1639;20190306;   10;  10.8;   3.4;    3;   0.7;   6;    3.183;   0;   7.6;   8.2;  980.65;    8.4;   76.17;   13.4;    1.1;    0.0;eor
       1639;20190307;   10;  20.5;   8.5;    3;   0.0;   6;    2.917;   0;   6.7;   8.0;  974.27;   10.1;   64.71;   12.3;    7.0;    5.5;eor
       1639;20190308;   10;  18.2;   7.0;    3;   5.9;   6;    3.550;   0;   6.1;   7.4;  986.93;    7.0;   74.33;   10.2;    4.2;    2.7;eor
       1639;20190309;   10;  23.9;   8.4;    3;   4.1;   6;    2.267;   0;   7.0;   8.5;  987.53;    8.3;   77.71;   12.4;    5.9;    4.6;eor
       1639;20190310;   10;  27.6;   7.9;    3;   9.9;   8;    2.267;   0;   6.7;   8.1;  983.56;    7.3;   78.75;   13.5;    1.2;    0.1;eor
       1639;20190311;   10;  21.1;   8.0;    3;   3.6;   8;    3.050;   0;   6.2;   6.3;  992.69;    2.9;   84.58;    6.3;    0.0;   -0.4;eor
       1639;20190312;   10;  21.3;   5.5;    3;   0.1;   6;    4.450;   0;   7.5;   5.7;  991.55;    5.8;   63.54;    9.5;    1.0;   -0.9;eor
       1639;20190313;   10;  20.0;   8.9;    3;   7.3;   6;    0.300;   0;   7.2;   6.9;  982.51;    5.0;   78.67;    7.3;    2.9;    1.7;eor
       1639;20190314;   10;  18.0;   7.1;    3;   6.9;   6;    0.000;   0;   7.1;   7.8;  979.95;    5.4;   87.29;    7.8;    3.4;    2.0;eor
       1639;20190315;   10;  15.6;   6.8;    3;   6.6;   6;    0.000;   0;   7.4;   9.8;  981.36;    8.3;   88.17;   11.5;    5.7;    4.8;eor
       1639;20190316;   10;  16.7;   5.5;    3;   3.4;   6;    0.050;   0;   7.5;   9.3;  984.54;    8.3;   84.71;   10.6;    6.3;    5.2;eor
       1639;20190317;   10;  16.2;   5.9;    3;   2.9;   6;    1.783;   0;   6.4;   7.7;  980.47;    6.4;   80.29;    9.6;    1.6;    0.1;eor
       1639;20190318;   10;  14.7;   4.3;    3;   0.6;   6;    3.183;   0;   4.5;   6.4;  992.90;    3.5;   82.46;    8.6;   -0.7;   -3.8;eor
       1639;20190319;   10;   6.5;   1.8;    3;   0.0;   0;    7.367;   0;   1.3;   5.4; 1003.33;    3.1;   74.08;    9.3;   -3.1;   -6.0;eor
       1639;20190320;   10;   6.1;   1.5;    3;   0.0;   0;   11.033;   0;   1.6;   5.9; 1009.13;    4.7;   71.79;   13.0;   -3.3;   -6.1;eor
       1639;20190321;   10;   4.2;   1.3;    3;   0.0;   0;   11.133;   0;   1.7;   6.8; 1009.13;    7.7;   67.79;   15.9;   -0.4;   -3.7;eor
       1639;20190322;   10;   5.1;   1.5;    3;   0.0;   0;   10.767;   0;   1.5;   7.9; 1005.23;    9.6;   69.79;   18.6;    1.4;   -1.9;eor
       1639;20190323;   10;   8.7;   2.6;    3;   0.0;   0;    9.150;   0;   1.3;   8.1; 1003.27;    8.0;   76.17;   15.8;    0.2;   -3.0;eor
       1639;20190324;   10;   6.7;   2.7;    3;   0.1;   8;    1.983;   0;   3.9;   8.0; 1000.47;    7.3;   78.54;   11.9;    1.1;   -3.1;eor
       1639;20190325;   10;  18.2;   4.3;    3;   2.4;   6;    3.550;   0;   5.4;   6.5;  996.97;    3.6;   82.38;    8.8;    0.1;   -4.0;eor
       1639;20190326;   10;   9.2;   3.4;    3;   0.0;   0;    0.967;   0;   7.0;   6.8; 1004.82;    5.4;   76.67;    8.6;    2.1;    0.5;eor
       1639;20190327;   10;   4.6;   1.7;    3;   0.0;   0;    3.633;   0;   4.4;   6.8; 1007.53;    5.9;   74.21;   10.9;   -0.2;   -3.8;eor
       1639;20190328;   10;   7.0;   1.9;    3;   0.0;   0;    1.967;   0;   7.3;   7.8; 1009.38;    7.6;   75.38;   13.8;    1.0;   -1.5;eor
       1639;20190329;   10;   5.8;   1.7;    3;   0.0;   0;   10.117;   0;   2.2;   8.6; 1005.70;   10.3;   70.25;   17.1;    4.4;   -0.5;eor
       1639;20190330;   10;  11.0;   2.2;    3;   0.0;   0;   10.350;   0;   2.0;   7.8;  998.20;   10.3;   66.25;   19.5;    1.2;   -3.0;eor
       1639;20190331;   10;  11.4;   3.9;    3;   0.0;   0;    7.483;   0;   3.4;   8.4;  997.38;    9.2;   72.33;   15.9;    3.6;   -0.5;eor
       1639;20190401;   10;   8.2;   4.3;    3;   0.0;   0;   11.650;   0;   1.4;   6.9;  996.04;    8.0;   64.71;   15.0;    1.5;   -0.2;eor
       1639;20190402;   10;  14.2;   3.5;    3;   0.6;   6;    5.500;   0;   5.3;   8.4;  984.81;    9.4;   71.63;   17.6;    1.0;   -1.2;eor
       1639;20190403;   10;  11.3;   2.7;    3;   8.2;   6;    0.000;   0;   7.4;   9.1;  978.44;    8.0;   85.17;   10.8;    4.7;    4.2;eor
       1639;20190404;   10;   5.8;   2.4;    3;   1.4;   6;    0.000;   0;   7.8;   8.2;  976.34;    4.9;   94.63;    6.0;    4.3;    3.6;eor
       1639;20190405;   10;   5.7;   2.2;    3;   0.2;   6;    0.000;   0;   8.0;   8.7;  980.99;    5.9;   92.79;    7.8;    3.7;    3.4;eor
       1639;20190406;   10;   6.0;   2.3;    3;   0.0;   0;    2.767;   0;   7.2;  10.4;  980.36;   11.4;   78.92;   18.8;    6.9;    5.4;eor
       1639;20190407;   10;   9.5;   4.0;    3;   0.0;   0;    7.833;   0;   5.8;   9.6;  981.00;   12.6;   67.96;   18.5;    5.2;    1.9;eor
       1639;20190408;   10;   5.1;   1.8;    3;   0.0;   6;    2.550;   0;   7.1;  10.9;  984.68;   13.0;   73.50;   18.3;    9.5;    7.8;eor
       1639;20190409;   10;  12.5;   4.8;    3;   0.0;   0;    5.833;   0;   6.4;   9.9;  986.10;   11.6;   73.42;   16.8;    7.1;    5.8;eor
       1639;20190410;   10;  14.2;   6.3;    3;   0.0;   0;   10.067;   0;   4.1;   6.3;  989.55;    7.5;   60.79;   11.6;    2.3;   -0.7;eor
       1639;20190411;   10;  13.2;   5.4;    3;   0.0;   0;   12.333;   0;   0.0;   4.7;  996.38;    4.9;   56.13;    9.6;   -0.2;   -3.2;eor
       1639;20190412;   10;   9.8;   4.5;    3;   0.0;   0;    0.300;   0;   6.3;   4.6;  998.60;    2.6;   62.71;    6.3;   -1.6;   -5.1;eor
       1639;20190413;   10;   9.5;   4.2;    3;   0.6;   8;    3.350;   0;   7.3;   5.5;  997.36;    2.6;   75.00;    6.6;    0.4;   -0.2;eor
       1639;20190414;   10;  10.7;   5.3;    3;   0.0;   6;    4.500;   0;   6.6;   6.2;  998.38;    4.5;   74.29;    9.3;    0.8;    0.4;eor
       1639;20190415;   10;  11.4;   5.0;    3;   0.0;   0;   11.533;   0;   2.0;   7.4;  998.40;    9.4;   64.83;   16.0;    3.5;    2.2;eor
       1639;20190416;   10;   9.1;   3.0;    3;   0.7;   6;   10.867;   0;   2.4;   6.9;  993.82;   11.2;   53.42;   18.5;    2.1;   -1.6;eor
       1639;20190417;   10;   6.7;   2.5;    3;   0.2;   6;    3.000;   0;   7.4;   9.0;  997.98;   11.8;   66.25;   17.0;    7.7;    6.8;eor
       1639;20190418;   10;  11.3;   4.9;    3;   0.0;   0;   11.883;   0;   3.4;   7.8; 1000.59;   14.7;   48.50;   20.8;    8.2;    6.0;eor
       1639;20190419;   10;  11.3;   3.7;    3;   0.0;   0;   12.900;   0;   0.0;   7.9; 1003.39;   15.6;   46.92;   23.1;    6.3;    1.3;eor
       1639;20190420;   10;   7.7;   3.1;    3;   0.0;   0;   12.933;   0;   0.0;   8.2; 1003.06;   15.6;   48.17;   23.5;    7.0;    2.0;eor
       1639;20190421;   10;   7.1;   2.8;    3;   0.0;   0;   12.967;   0;   0.0;   8.5;  995.69;   15.0;   52.08;   23.0;    5.9;    0.8;eor
       1639;20190422;   10;  14.3;   4.9;    3;   0.0;   0;   13.000;   0;   3.1;   7.8;  985.85;   15.0;   48.54;   22.4;    5.5;    2.0;eor
       1639;20190423;   10;  10.0;   4.7;    3;   0.0;   0;   10.867;   0;   5.2;   9.2;  976.56;   14.8;   54.50;   20.7;    7.5;    6.2;eor
       1639;20190424;   10;  27.0;   3.2;    3;   1.7;   6;   10.033;   0;   5.1;  11.1;  978.72;   16.0;   63.38;   24.0;    6.3;    2.7;eor
       1639;20190425;   10;  18.1;   3.2;    3;   0.0;   0;    6.150;   0;   4.5;   9.8;  984.34;   13.7;   66.33;   22.6;    3.5;    1.3;eor
       1639;20190426;   10;   8.9;   3.2;    3;   4.5;   6;    0.200;   0;   7.3;  10.7;  989.08;    9.9;   87.04;   12.0;    7.5;    4.1;eor
       1639;20190427;   10;  19.4;   2.9;    3;   4.7;   6;    1.417;   0;   7.4;   9.8;  989.93;    8.0;   90.71;   11.8;    5.0;    2.7;eor
       1639;20190428;   10;   5.9;   2.5;    3;   0.0;   6;    4.533;   0;   5.0;   7.7;  994.44;    7.4;   76.54;   12.8;    1.6;   -1.4;eor
       1639;20190429;   10;  10.4;   2.4;    3;   0.5;   6;    4.867;   0;   6.4;   8.3;  997.47;    8.1;   77.92;   15.3;    0.4;   -3.2;eor
       1639;20190430;   10;  11.2;   3.6;    3;   0.0;   0;   11.750;   0;   1.6;   8.6;  995.46;   12.2;   62.21;   17.4;    6.8;    1.1;eor
       1639;20190501;    3;   7.1;   2.0;    3;   0.0;   0;   11.383;-999;   0.3;   9.0;  991.15;   12.6;   65.67;   20.6;    3.3;   -0.4;eor
       1639;20190502;    3;  12.3;   3.8;    3;   0.0;   6;    5.050;-999;   5.3;   9.0;  985.52;   10.9;   71.58;   17.8;    3.5;    2.1;eor
       1639;20190503;    3;  10.0;   3.9;    3;   7.8;   8;    3.833;-999;   7.0;   7.5;  986.32;    9.5;   64.17;   13.4;    5.8;    4.7;eor
       1639;20190504;    3;  10.4;   3.0;    3;   1.0;   8;    3.367;-999;   5.7;   6.8;  985.05;    4.7;   80.25;    9.6;    0.9;   -1.8;eor
       1639;20190505;    3;   8.9;   2.7;    3;   0.0;   6;    3.667;-999;   5.2;   6.1;  993.61;    5.3;   70.63;   10.6;   -1.7;   -4.5;eor
       1639;20190506;    3;   9.5;   3.3;    3;   0.0;   6;    4.133;-999;   5.8;   6.6;  995.70;    6.5;   68.54;   10.6;   -0.8;   -3.2;eor
       1639;20190507;    3;   4.8;   1.6;    3;   0.0;   6;    0.483;-999;   7.6;   7.3;  992.93;    7.8;   69.96;   12.5;    3.6;   -0.9;eor
       1639;20190508;    3;   9.6;   3.1;    3;   7.6;   6;    0.000;-999;   7.7;   9.8;  979.78;    8.0;   89.33;   11.8;    2.3;    0.1;eor
       1639;20190509;    3;  11.2;   3.3;    3;   0.6;   6;    1.383;-999;   6.6;  10.5;  976.42;    9.5;   88.21;   12.2;    5.7;    2.4;eor
       1639;20190510;    3;   9.1;   3.3;    3;   9.3;   6;    4.000;-999;   6.6;  10.2;  985.16;   11.1;   78.21;   15.9;    7.7;    5.9;eor
       1639;20190511;    3;  11.6;   4.6;    3;  14.4;   6;    0.000;-999;   7.2;  10.2;  988.70;    8.4;   92.13;   10.0;    5.2;    1.9;eor
       1639;20190512;    3;   9.4;   2.9;    3;   0.0;   0;    5.467;-999;   2.8;   7.1; 1006.24;    7.7;   69.58;   14.4;    1.1;   -1.6;eor
       1639;20190513;    3;  10.8;   4.0;    3;   0.0;   0;   14.167;-999;   0.1;   6.1; 1011.33;    9.0;   56.25;   15.3;    1.8;   -1.5;eor
       1639;20190514;    3;  12.7;   4.5;    3;   0.0;   0;   11.200;-999;   1.8;   6.4; 1006.38;    8.9;   58.54;   14.5;    2.4;   -1.7;eor
       1639;20190515;    3;  11.6;   4.2;    3;   0.0;   6;   12.167;-999;   2.5;   6.2; 1000.32;    8.6;   57.58;   15.0;    0.6;   -3.0;eor
       1639;20190516;    3;   9.7;   3.4;    3;   2.8;   6;    0.450;-999;   7.7;   8.6;  991.68;    8.7;   76.96;   13.2;    6.8;    5.8;eor
       1639;20190517;    3;   6.2;   2.5;    3;   1.4;   6;    2.817;-999;   6.5;  10.8;  983.85;   10.8;   84.33;   16.9;    7.1;    6.8;eor
       1639;20190518;    3;   7.8;   1.9;    3;   0.0;   0;   11.333;-999;   4.5;  11.4;  981.53;   15.3;   68.71;   22.7;    6.4;    2.4;eor
       1639;20190519;    3;   9.5;   2.0;    3;   3.8;   6;    6.517;-999;   7.2;  13.2;  980.17;   15.5;   77.42;   24.1;    8.8;    6.6;eor
       1639;20190520;    3;  11.5;   3.9;    3;  14.6;   6;    3.117;-999;   6.4;  14.0;  980.53;   14.0;   87.17;   20.7;    8.1;    5.8;eor
       1639;20190521;    3;  14.7;   4.6;    3;   3.1;   6;    0.100;-999;   7.8;  13.8;  985.28;   13.4;   89.67;   15.6;   11.7;   11.4;eor
       1639;20190522;    3;   8.6;   3.3;    3;   0.0;   6;    5.483;-999;   5.8;  11.4;  993.80;   12.7;   78.33;   17.8;    7.1;    3.7;eor
       1639;20190523;    3;   8.5;   1.7;    3;   0.0;   0;   12.750;-999;   5.1;  10.6;  994.19;   13.8;   71.08;   21.1;    5.3;    2.7;eor
       1639;20190524;    3;   6.6;   1.6;    3;   0.0;   0;    7.817;-999;   5.5;  11.6;  990.62;   15.7;   68.58;   22.9;    8.1;    5.6;eor
       1639;20190525;    3;   8.2;   2.2;    3;   0.0;   6;    9.733;-999;   3.6;  10.9;  991.35;   15.1;   66.08;   22.2;    7.1;    5.2;eor
       1639;20190526;    3;   9.8;   3.4;    3;   0.0;   6;   11.867;-999;   2.7;  11.4;  990.14;   15.4;   67.71;   22.7;    6.6;    2.9;eor
       1639;20190527;    3;   7.6;   3.4;    3;   1.9;   6;    0.000;-999;   7.5;  14.3;  985.07;   14.3;   87.50;   16.6;    9.8;    7.1;eor
       1639;20190528;    3;   9.3;   2.1;    3;   3.2;   6;    2.067;-999;   7.2;  12.3;  984.46;   12.3;   86.46;   17.3;    9.9;    8.5;eor
       1639;20190529;    3;   8.9;   2.6;    3;   0.0;   0;   13.333;-999;   2.3;   8.9;  996.21;   13.2;   61.13;   18.9;    8.4;    5.7;eor
       1639;20190530;    3;  10.5;   3.0;    3;   0.0;   6;    3.267;-999;   6.0;  12.5;  999.93;   14.9;   74.58;   19.6;    8.2;    4.2;eor
       1639;20190531;    3;   8.6;   2.4;    3;   0.0;   0;    9.667;-999;   3.2;  14.5; 1000.19;   17.6;   74.38;   24.2;    9.0;    6.8;eor
       1639;20190601;    3;   6.4;   1.4;    3;   0.0;   0;   14.100;-999;   1.1;  15.0;  997.50;   19.3;   70.58;   27.3;   10.1;    6.7;eor
       1639;20190602;    3;   9.6;   2.7;    3;   0.0;   0;   15.033;-999;   0.7;  14.4;  992.04;   21.6;   60.67;   29.7;   12.1;    8.5;eor
       1639;20190603;    3;  11.9;   2.4;    3;   1.3;   6;    7.083;-999;   4.0;  17.0;  989.55;   19.5;   77.21;   29.4;   13.6;    9.8;eor
       1639;20190604;    3;   8.8;   2.4;    3;   1.4;   8;   10.017;-999;   3.9;  17.5;  986.65;   21.3;   72.38;   28.6;   15.0;   15.4;eor
       1639;20190605;    3;  10.8;   2.0;    3;   1.4;   6;   10.150;-999;   3.5;  17.6;  982.13;   22.1;   68.67;   29.3;   14.6;   13.2;eor
       1639;20190606;    3;  15.5;   3.5;    3;   0.1;   6;    0.550;-999;   6.1;  13.2;  988.02;   14.5;   80.17;   20.6;   10.2;    6.9;eor
       1639;20190607;    3;  26.2;   3.3;    3;   8.6;   8;    7.017;-999;   6.2;  13.3;  988.74;   15.1;   79.17;   24.7;    9.8;   10.2;eor
       1639;20190608;    3;  16.7;   6.4;    3;   0.0;   0;    5.633;-999;   5.4;  10.0;  996.25;   14.2;   62.88;   19.1;    9.3;    4.2;eor
       1639;20190609;    1;   7.1;   2.3;    1;   0.0;   0;   11.283;-999;   3.2;  11.9;  997.27;   16.1;   66.88;   22.5;    6.0;    2.4;eor
       1639;20190610;    1;   9.6;   2.6;    1;  11.7;   6;    4.717;-999;   7.4;  15.6;  988.70;   18.5;   73.50;   24.1;   14.7;   11.6;eor
       1639;20190611;    1;   6.8;   2.2;    1;   0.0;   6;    2.567;-999;   6.8;  15.3;  986.85;   17.2;   79.00;   21.8;   13.2;   13.1;eor
       1639;20190612;    1;  22.7;   3.3;    1;  10.4;   6;    4.800;-999;   5.6;  14.8;  985.96;   15.7;   82.88;   19.4;   10.3;    7.7;eor
       1639;20190613;    1;  13.1;   3.4;    1;   0.0;   0;   10.867;-999;   3.5;  11.7;  990.11;   16.3;   65.92;   22.6;    9.7;    6.2;eor
       1639;20190614;    1;   8.4;   2.7;    1;   0.3;   6;    7.050;-999;   3.3;  14.7;  990.69;   17.8;   73.67;   24.7;    8.4;    6.2;eor
       1639;20190615;    1;  13.1;   3.9;    1;   2.0;   6;    9.317;-999;   2.7;  15.4;  988.79;   18.7;   73.38;   24.5;   12.4;    9.9;eor
       1639;20190616;    1;   7.8;   2.3;    1;   0.4;   6;    6.433;-999;   4.3;  14.5;  996.03;   17.4;   75.54;   23.6;   11.8;    8.2;eor
       1639;20190617;    1;   5.9;   1.7;    1;   0.0;   0;   12.083;-999;   1.3;  14.1;  995.80;   18.9;   67.79;   26.6;    9.4;    6.5;eor
       1639;20190618;    1;   8.2;   2.0;    1;   0.0;   0;   11.900;-999;   1.7;  16.4;  990.47;   21.6;   66.67;   29.0;   12.6;    9.2;eor
       1639;20190619;    1;  10.9;   2.7;    1;   2.1;   8;   11.717;-999;   4.2;  17.1;  985.32;   22.7;   65.25;   30.8;   14.8;   12.1;eor
       1639;20190620;    1;  12.1;   3.1;    1;   1.6;   6;    6.450;-999;   5.8;  16.5;  988.22;   19.2;   75.33;   25.3;   14.1;   12.9;eor
       1639;20190621;    1;   8.0;   2.6;    1;   0.0;   0;    8.617;-999;   3.7;  12.8;  994.22;   17.9;   65.13;   23.5;   12.5;    7.5;eor
       1639;20190622;    1;  10.7;   3.9;    1;   0.0;   0;   11.100;-999;   2.2;  14.0;  994.88;   19.2;   64.25;   26.4;    9.9;    6.1;eor
       1639;20190623;    1;  10.4;   4.0;    1;   0.0;   0;   11.817;-999;   0.5;  14.0;  994.78;   22.3;   55.42;   29.9;   14.6;   13.3;eor
       1639;20190624;    1;   9.7;   3.3;    1;   0.0;   0;   14.967;-999;   0.2;  16.6;  995.90;   24.5;   56.08;   31.1;   15.9;   13.3;eor
       1639;20190625;    1;   8.4;   2.8;    1;   0.0;   0;   14.233;-999;   0.3;  18.2;  995.40;   26.1;   55.96;   33.7;   16.4;   14.0;eor
       1639;20190626;    1;   9.5;   2.3;    1;   0.0;   0;   14.617;-999;   0.1;  20.5;  997.95;   27.8;   58.96;   35.7;   18.1;   15.8;eor
       1639;20190627;    1;   9.5;   4.3;    1;   0.0;   0;   13.900;-999;   0.3;  13.0; 1000.55;   23.1;   48.92;   29.5;   16.6;   13.3;eor
       1639;20190628;    1;  12.8;   3.4;    1;   0.0;   0;   13.717;-999;   0.5;  11.8;  999.68;   19.5;   55.83;   27.8;   11.6;    7.3;eor
       1639;20190629;    1;   7.2;   2.1;    1;   0.0;   0;   15.267;-999;   0.0;  11.9;  995.47;   22.8;   48.50;   33.0;   11.1;    6.9;eor
       1639;20190630;    1;  10.3;   3.2;    1;   0.1;   6;   13.883;-999;   1.5;  16.0;  990.26;   26.4;   50.13;   38.1;   12.5;    9.2;eor
       1639;20190701;    1;  11.3;   3.6;    1;   0.0;   6;    9.450;-999;   4.3;  14.2;  992.72;   22.1;   54.75;   27.4;   16.1;   13.0;eor
       1639;20190702;    1;   7.2;   2.9;    1;   0.0;   0;    9.183;-999;   2.2;  10.4;  997.10;   17.8;   53.13;   24.0;    8.9;    6.4;eor
       1639;20190703;    1;  10.6;   3.0;    1;   0.0;   0;   12.300;-999;   1.1;   9.6;  998.85;   16.7;   53.08;   23.6;    8.7;    4.9;eor
       1639;20190704;    1;   9.4;   2.3;    1;   0.0;   0;   14.617;-999;   1.4;   9.1;  998.15;   17.7;   48.25;   25.5;    8.2;    4.5;eor
       1639;20190705;    1;  11.7;   3.1;    1;   0.0;   0;    6.883;-999;   5.8;  11.0;  992.84;   20.0;   49.92;   27.4;   12.5;   11.2;eor
       1639;20190706;    1;  12.3;   4.0;    1;   0.8;   6;    9.683;-999;   6.0;  12.1;  986.93;   21.6;   51.33;   30.1;   11.3;   10.0;eor
       1639;20190707;    1;   9.7;   3.1;    1;   0.0;   6;    5.683;-999;   5.1;  10.6;  989.37;   16.8;   57.75;   22.7;   10.0;    6.5;eor
       1639;20190708;    1;   8.1;   2.7;    1;   0.0;   0;    4.817;-999;   4.8;   9.3;  994.29;   13.8;   60.25;   18.3;    7.1;    3.0;eor
