STATIONS_ID;MESS_DATUM;QN_3;  FX;  FM;QN_4; RSK;RSKF; SDK;SHK_TAG;  NM; VPM;  PM; TMK; UPM; TXK; TNK; TGK;eor
       2261;20180105;   10;  15.4;   4.8;    3;   3.4;   6;    0.000;   0;   7.2;   8.0;  934.12;    5.4;   89.29;    6.5;    3.9;    2.6;eor
       2261;20180106;   10;  10.0;   2.6;    3;   0.2;   8;    0.000;   0;   7.9;   8.5;  942.17;    5.5;   93.75;    6.4;    3.9;    3.7;eor
       2261;20180107;   10;   9.8;   4.1;    3;   0.0;   6;    0.000;   0;   8.0;   6.7;  954.35;    1.2;   99.67;    3.9;   -0.1;    0.2;eor
       2261;20180108;   10;   9.5;   4.3;    3;   0.0;   0;    0.000;   0;   7.9;   6.6;  957.57;    1.5;   96.33;    3.6;    0.2;    0.2;eor
       2261;20180109;   10;  13.0;   4.6;    3;   0.0;   6;    0.233;   0;   7.8;   7.9;  948.35;    4.7;   92.04;    6.6;    3.0;    2.7;eor
       2261;20180110;   10;   5.4;   2.2;    3;   0.0;   0;    6.050;   0;   6.8;   7.1;  946.33;    3.1;   93.83;    8.1;    0.5;   -1.4;eor
       2261;20180111;   10;   4.9;   1.0;    3;   0.8;   6;    0.433;   0;   8.0;   6.7;  949.09;    1.3;   98.67;    4.4;   -1.5;   -2.9;eor
       2261;20180112;   10;   3.4;   1.1;    3;   0.0;   6;    0.000;   0;   7.8;   7.2;  957.05;    2.4;   99.92;    3.4;    1.6;    0.9;eor
       2261;20180113;   10;   9.2;   3.2;    3;   0.0;   0;    0.000;   0;   8.0;   5.4;  958.28;    0.0;   87.00;    1.9;   -2.9;   -3.2;eor
       2261;20180114;   10;   9.2;   3.3;    3;   0.0;   0;    0.000;   0;   7.9;   4.4;  955.77;   -1.5;   79.83;   -0.8;   -2.4;   -4.0;eor
       2261;20180115;   10;  13.8;   4.5;    3;   6.4;   8;    2.700;   0;   5.0;   4.7;  947.31;   -1.1;   83.33;    1.1;   -3.1;   -5.5;eor
       2261;20180116;   10;  17.8;   5.2;    3;   8.9;   8;    0.600;   2;   7.4;   6.3;  929.11;    1.4;   93.17;    3.4;   -0.8;   -2.3;eor
       2261;20180117;   10;  15.1;   5.6;    3;   2.3;   8;    0.200;   3;   7.5;   5.2;  932.35;   -0.6;   88.33;    0.1;   -1.3;   -2.5;eor
       2261;20180118;   10;  22.4;   7.1;    3;   5.1;   8;    0.417;   4;   6.6;   5.6;  933.69;    1.4;   83.29;    5.3;   -0.9;   -2.1;eor
       2261;20180119;   10;  12.3;   3.1;    3;   1.3;   7;    0.083;   4;   7.3;   5.5;  939.98;   -0.1;   90.83;    1.1;   -2.6;   -9.4;eor
       2261;20180120;   10;   8.8;   2.9;    3;   5.4;   7;    0.083;   3;   7.5;   5.4;  939.03;   -0.4;   90.75;    0.5;   -1.0;   -1.6;eor
       2261;20180121;   10;   7.5;   2.1;    3;   2.2;   7;    2.583;  12;   6.5;   5.1;  943.49;   -1.6;   94.25;    0.4;   -4.0;  -10.7;eor
       2261;20180122;   10;  10.1;   3.3;    3;   1.4;   8;    0.000;  16;   7.9;   5.4;  943.92;   -1.0;   93.79;    1.2;   -3.6;   -4.5;eor
       2261;20180123;   10;  14.1;   3.7;    3;   0.0;   6;    0.083;  12;   7.5;   6.7;  954.66;    2.2;   94.33;    3.2;    1.0;    0.4;eor
       2261;20180124;   10;  14.1;   4.1;    3;   0.0;   6;    0.000;   4;   7.7;   7.9;  953.78;    4.4;   94.00;    7.0;    2.6;    1.8;eor
       2261;20180125;   10;  12.2;   4.7;    3;   0.0;   6;    0.450;   0;   7.9;   7.6;  948.95;    6.8;   76.38;    9.3;    3.3;    2.1;eor
       2261;20180126;   10;   7.6;   2.1;    3;   2.1;   6;    0.050;   0;   7.9;   7.6;  950.74;    4.0;   93.54;    6.6;    2.5;    1.4;eor
       2261;20180127;   10;  13.0;   2.0;    3;   0.0;   6;    0.167;   0;   7.0;   7.5;  961.85;    3.6;   94.79;    5.7;    2.0;    0.5;eor
       2261;20180128;   10;  16.3;   5.8;    3;   0.0;   6;    0.000;   0;   7.9;   7.6;  962.36;    3.8;   94.13;    4.9;    2.3;    2.1;eor
       2261;20180129;   10;  18.5;   7.4;    3;   1.6;   6;    0.033;   0;   7.8;   8.3;  958.00;    5.5;   92.13;    6.3;    4.8;    4.3;eor
       2261;20180130;   10;  11.3;   3.6;    3;   0.0;   6;    7.717;   0;   4.7;   5.7;  958.92;    2.2;   79.46;    5.9;   -2.4;   -5.6;eor
       2261;20180131;   10;  14.5;   4.6;    3;   8.9;   6;    0.283;   0;   7.8;   7.3;  944.73;    3.4;   93.08;    5.3;   -1.5;   -2.6;eor
       2261;20180201;   10;  11.0;   3.4;    3;   0.4;   8;    0.000;   0;   7.3;   6.0;  935.43;    1.2;   89.67;    3.8;   -0.5;   -2.0;eor
       2261;20180202;   10;  10.9;   3.9;    3;   0.9;   8;    0.217;   0;   7.0;   5.3;  937.90;   -0.2;   88.50;    0.9;   -1.6;   -3.2;eor
       2261;20180203;   10;   8.3;   2.1;    3;   1.0;   7;    0.050;   1;   7.4;   5.2;  938.40;   -0.9;   90.29;    0.3;   -3.4;   -6.4;eor
       2261;20180204;   10;   6.7;   2.1;    3;   0.6;   7;    0.000;   2;   7.8;   4.6;  947.70;   -2.8;   93.42;   -1.4;   -4.9;   -9.0;eor
       2261;20180205;   10;   8.2;   2.7;    3;   0.0;   0;    0.367;   2;   6.4;   4.0;  956.02;   -4.6;   91.50;   -2.9;   -7.6;  -14.4;eor
       2261;20180206;   10;   7.0;   2.4;    3;   0.0;   0;    6.883;   2;   4.4;   3.4;  947.63;   -5.4;   83.54;   -1.6;   -9.7;  -16.2;eor
       2261;20180207;   10;   8.2;   2.4;    3;   0.0;   0;    6.483;   2;   4.9;   3.7;  945.70;   -4.6;   85.63;   -1.2;   -7.8;  -13.4;eor
       2261;20180208;   10;   6.9;   1.8;    3;   0.0;   0;    0.783;   2;   7.4;   4.0;  950.16;   -3.7;   86.75;   -1.4;   -6.3;  -11.9;eor
       2261;20180209;   10;   7.3;   2.5;    3;   0.0;   0;    0.000;   2;   8.0;   4.3;  948.50;   -3.2;   88.71;   -2.1;   -5.6;   -5.5;eor
       2261;20180210;   10;  10.4;   2.8;    3;   0.0;   8;    0.000;   2;   7.9;   4.7;  947.82;   -1.7;   86.96;   -0.1;   -2.9;   -3.1;eor
       2261;20180211;   10;  11.4;   4.1;    3;   0.8;   8;    0.117;   2;   7.9;   5.2;  939.78;   -0.6;   89.38;    0.3;   -1.6;   -1.9;eor
       2261;20180212;   10;   9.6;   3.0;    3;   0.4;   8;    1.733;   3;   6.3;   4.9;  944.27;   -1.2;   86.54;    0.6;   -4.8;  -13.5;eor
       2261;20180213;   10;   5.8;   1.7;    3;   0.0;   0;    4.367;   1;   3.8;   4.1;  948.21;   -3.5;   86.25;    0.2;   -8.5;  -15.4;eor
       2261;20180214;   10;   4.3;   1.1;    3;   0.0;   0;    8.867;   2;   0.1;   3.1;  950.47;   -4.8;   75.58;    1.6;  -10.7;  -16.6;eor
       2261;20180215;   10;  10.8;   3.3;    3;   2.8;   8;    0.000;   1;   6.8;   4.1;  950.50;   -2.8;   81.21;    0.3;   -8.0;  -14.4;eor
       2261;20180216;   10;   7.6;   2.2;    3;   0.0;   0;    6.017;   2;   3.9;   5.5;  956.25;   -0.4;   92.38;    2.6;   -5.1;   -9.1;eor
       2261;20180217;   10;   5.9;   1.8;    3;   0.0;   7;    0.000;   2;   8.0;   4.6;  955.05;   -2.8;   92.17;    0.4;   -6.6;   -6.8;eor
       2261;20180218;   10;   5.2;   1.6;    3;   0.0;   0;    0.000;   1;   7.5;   4.5;  958.35;   -1.3;   82.04;    0.9;   -4.4;   -9.6;eor
       2261;20180219;   10;   5.5;   1.4;    3;   0.0;   0;    6.800;   0;   5.9;   3.9;  952.12;   -3.1;   80.08;    0.8;   -7.6;  -11.6;eor
       2261;20180220;   10;   5.7;   1.7;    3;   0.0;   7;    0.000;   0;   6.7;   3.9;  948.93;   -4.0;   86.42;   -1.9;   -7.2;  -11.1;eor
       2261;20180221;   10;   9.9;   3.6;    3;   0.0;   0;    4.233;   0;   4.5;   3.7;  953.09;   -4.5;   84.46;   -2.3;   -6.5;   -8.1;eor
       2261;20180222;   10;  12.0;   4.2;    3;   0.0;   0;    9.417;   0;   0.5;   3.0;  952.40;   -4.8;   72.29;   -0.7;   -8.3;  -10.9;eor
       2261;20180223;   10;  11.3;   4.3;    3;   0.0;   0;    8.483;   0;   0.7;   2.7;  952.16;   -6.6;   74.25;   -2.1;   -9.9;  -11.7;eor
       2261;20180224;   10;  13.2;   4.6;    3;   0.0;   0;    7.950;   0;   1.8;   2.4;  955.65;   -7.5;   69.29;   -2.6;  -11.2;  -12.7;eor
       2261;20180225;   10;  10.5;   3.6;    3;   0.0;   7;    9.583;   0;   0.3;   1.9;  957.37;  -10.1;   67.08;   -5.9;  -13.7;  -17.2;eor
       2261;20180226;   10;  11.7;   3.7;    3;   0.0;   7;    3.967;   0;   3.9;   1.9;  954.19;  -11.2;   74.08;   -7.6;  -13.3;  -16.7;eor
       2261;20180227;   10;   9.5;   3.6;    3;   0.0;   7;    6.167;   0;   5.5;   1.6;  949.32;  -12.2;   68.75;   -7.7;  -15.5;  -16.6;eor
       2261;20180228;   10;   9.4;   3.4;    3;   0.0;   7;    8.033;   0;   2.9;   1.7;  950.75;  -12.1;   69.83;   -7.0;  -16.1;  -18.6;eor
       2261;20180301;   10;  11.4;   5.1;    3;   0.0;   7;    9.417;   0;   4.4;   1.8;  942.72;   -9.3;   61.42;   -3.9;  -13.2;  -14.3;eor
       2261;20180302;   10;  10.8;   4.0;    3;   0.1;   7;    6.283;   0;   6.4;   2.4;  932.89;   -7.8;   70.33;   -3.5;  -10.6;  -11.9;eor
       2261;20180303;   10;   6.6;   2.8;    3;   0.6;   7;    1.250;   0;   7.6;   3.2;  933.05;   -4.5;   73.08;   -0.7;   -7.1;   -7.4;eor
       2261;20180304;   10;   9.5;   3.8;    3;   0.0;   8;    5.117;   0;   6.1;   4.0;  934.70;   -2.0;   75.33;    3.7;   -5.9;   -7.5;eor
       2261;20180305;   10;   8.8;   3.4;    3;   0.0;   0;    5.317;   0;   7.8;   4.4;  931.95;    0.3;   71.38;    6.2;   -2.2;   -3.6;eor
       2261;20180306;   10;   8.2;   2.7;    3;   5.4;   7;    0.000;   0;   8.0;   5.0;  925.97;   -1.7;   92.96;   -0.3;   -3.2;   -3.1;eor
       2261;20180307;   10;   9.5;   2.9;    3;   1.4;   6;    0.917;   4;   7.0;   6.5;  929.36;    2.3;   90.00;    5.4;   -1.0;   -2.8;eor
       2261;20180308;   10;  14.9;   4.7;    3;   1.7;   8;    5.083;   0;   6.9;   6.1;  937.46;    3.7;   76.54;    6.4;    0.6;   -0.1;eor
       2261;20180309;   10;   9.8;   3.0;    3;   1.2;   6;    0.000;   0;   7.8;   6.6;  941.88;    2.1;   91.96;    4.3;    0.1;   -1.2;eor
       2261;20180310;   10;   8.8;   2.8;    3;   0.0;   6;    3.383;   0;   7.4;   8.8;  939.77;    7.2;   87.46;   13.1;    3.2;    2.4;eor
       2261;20180311;   10;   7.7;   2.4;    3;   4.4;   6;    7.033;   0;   6.4;   9.3;  934.14;    9.7;   79.21;   15.3;    4.3;    0.5;eor
       2261;20180312;   10;  12.5;   3.4;    3;   5.5;   6;    0.217;   0;   7.7;   9.6;  929.42;    7.2;   94.38;    8.3;    5.7;    4.7;eor
       2261;20180313;   10;  12.0;   4.6;    3;   5.3;   8;    0.317;   0;   7.9;   7.9;  936.56;    5.2;   89.00;    7.7;    1.4;    1.1;eor
       2261;20180314;   10;   6.5;   2.1;    3;   1.1;   8;    0.200;   1;   7.6;   6.4;  944.06;    1.5;   93.58;    3.7;   -0.7;   -3.0;eor
       2261;20180315;   10;  11.8;   4.4;    3;   1.6;   6;    5.933;   0;   6.3;   6.0;  937.01;    3.2;   79.21;    7.7;   -1.3;   -3.2;eor
       2261;20180316;   10;   8.5;   2.9;    3;   5.4;   8;    0.000;   0;   7.9;   6.8;  935.50;    1.9;   95.46;    6.2;   -3.8;   -3.6;eor
       2261;20180317;   10;  12.0;   5.2;    3;   0.6;   7;    0.000;   2;   7.9;   3.5;  937.75;   -6.3;   90.46;   -3.7;   -7.7;   -7.6;eor
       2261;20180318;   10;  12.2;   5.3;    3;   0.0;   7;    0.117;   2;   8.0;   2.7;  940.64;   -7.2;   75.71;   -5.2;   -8.7;   -8.8;eor
       2261;20180319;   10;   8.9;   3.0;    3;   0.0;   0;    9.533;   2;   4.7;   2.5;  943.16;   -7.0;   68.83;   -3.4;  -11.4;  -14.2;eor
       2261;20180320;   10;  11.1;   3.1;    3;   1.0;   7;    3.167;   1;   6.5;   3.5;  947.20;   -5.0;   80.96;   -1.1;  -11.5;  -16.3;eor
       2261;20180321;   10;   9.1;   2.2;    3;   0.0;   0;    8.883;   2;   5.8;   3.4;  957.35;   -2.8;   69.21;    0.8;   -5.8;   -9.2;eor
       2261;20180322;   10;  14.1;   4.3;    3;   1.2;   8;    0.000;   0;   7.9;   4.3;  948.43;   -1.4;   76.50;    0.6;   -3.1;   -5.3;eor
       2261;20180323;   10;   5.9;   2.1;    3;   0.0;   6;    0.117;   1;   7.8;   6.1;  940.54;    1.2;   91.29;    3.6;   -0.7;   -1.2;eor
       2261;20180324;   10;   7.9;   2.2;    3;   0.0;   0;    9.733;   0;   4.8;   5.4;  937.53;    2.8;   74.38;    6.9;   -1.9;   -6.0;eor
       2261;20180325;   10;   5.3;   1.6;    3;   0.0;   0;   10.250;   0;   3.7;   5.3;  940.37;    3.5;   69.25;   10.4;   -3.0;   -7.2;eor
       2261;20180326;   10;   5.6;   1.9;    3;   0.2;   8;    0.033;   0;   7.8;   6.1;  945.90;    3.6;   77.96;    5.9;    0.8;   -1.3;eor
       2261;20180327;   10;   9.6;   1.9;    3;   0.1;   8;    4.133;   0;   6.6;   5.8;  946.25;    3.1;   77.58;    7.1;    0.2;   -1.4;eor
       2261;20180328;   10;  10.6;   3.3;    3;   4.2;   6;    0.000;   0;   8.0;   8.0;  937.38;    4.8;   92.54;    7.1;    2.0;    1.1;eor
       2261;20180329;   10;  13.9;   3.9;    3;   0.0;   8;    1.283;   0;   5.8;   5.7;  939.38;    3.2;   74.08;    6.3;   -1.2;   -4.8;eor
       2261;20180330;   10;   8.8;   3.0;    3;   0.2;   6;    8.250;   0;   6.3;   6.0;  938.42;    5.1;   70.25;   12.5;   -2.6;   -5.6;eor
       2261;20180331;   10;   8.1;   2.9;    3;   0.3;   6;    0.000;   0;   7.3;   7.5;  932.24;    4.7;   88.04;    6.6;    0.8;   -2.3;eor
       2261;20180401;   10;  13.8;   3.5;    3;   4.2;   8;    1.083;   0;   5.6;   6.5;  938.77;    2.3;   90.04;    6.6;   -0.8;   -3.8;eor
       2261;20180402;   10;   8.7;   2.5;    3;   0.0;   6;    5.667;   0;   6.7;   6.2;  943.81;    5.2;   72.92;   10.2;    0.3;   -0.6;eor
       2261;20180403;   10;  13.0;   4.3;    3;   0.0;   6;   10.133;   0;   7.7;   7.7;  940.01;   12.8;   53.00;   18.5;    6.8;    4.6;eor
       2261;20180404;   10;  16.0;   3.3;    3;   1.4;   6;    7.650;   0;   5.9;   8.7;  939.61;   12.9;   60.29;   19.7;    7.2;    4.1;eor
       2261;20180405;   10;  15.5;   4.9;    3;   1.2;   6;    1.917;   0;   6.9;   7.8;  945.21;    7.0;   77.50;   10.6;    1.6;   -0.6;eor
       2261;20180406;   10;  10.4;   2.7;    3;   0.0;   0;   12.150;   0;   0.6;   4.1;  955.35;    5.0;   52.00;   11.8;   -2.8;   -6.6;eor
       2261;20180407;   10;  11.2;   4.0;    3;   0.0;   0;   12.200;   0;   0.7;   5.8;  949.80;   10.9;   45.54;   19.2;    2.4;   -0.7;eor
       2261;20180408;   10;   9.2;   3.4;    3;   0.0;   0;   12.133;   0;   0.2;   8.2;  944.98;    9.6;   69.54;   15.3;    5.2;    1.0;eor
       2261;20180409;   10;   7.1;   2.0;    3;   0.0;   0;    6.967;   0;   4.9;   8.6;  940.60;   12.0;   65.29;   20.7;    2.8;   -1.4;eor
       2261;20180410;   10;  10.6;   2.8;    3;  13.7;   6;   12.033;   0;   3.0;   9.1;  938.30;   13.5;   62.92;   20.6;    5.0;    0.3;eor
       2261;20180411;   10;   6.7;   1.8;    3;   3.9;   6;    2.483;   0;   6.2;  11.3;  941.25;   10.6;   88.50;   14.8;    8.2;    3.6;eor
       2261;20180412;   10;   8.7;   2.5;    3;   0.1;   6;    6.167;   0;   6.3;  10.4;  937.29;   13.9;   67.79;   20.2;    7.4;    3.5;eor
       2261;20180413;   10;  13.9;   3.9;    3;   3.8;   6;    3.200;   0;   7.6;   9.6;  941.08;   10.8;   74.67;   15.4;    7.3;    4.9;eor
       2261;20180414;   10;   9.4;   3.0;    3;   0.0;   0;   10.633;   0;   6.1;   8.5;  952.49;   11.2;   66.04;   17.6;    6.6;    3.5;eor
       2261;20180415;   10;   5.8;   1.5;    3;   3.1;   6;    7.950;   0;   7.9;   9.1;  947.34;   12.3;   65.75;   19.3;    4.5;    1.2;eor
       2261;20180416;   10;   6.0;   1.9;    3;   3.3;   6;    0.000;   0;   7.7;  11.9;  948.43;   11.2;   89.96;   12.8;    8.5;    5.1;eor
       2261;20180417;   10;   5.1;   1.2;    3;   0.0;   0;    7.933;   0;   4.9;  10.3;  959.19;   11.6;   77.83;   18.2;    5.2;    3.1;eor
       2261;20180418;   10;   6.1;   1.3;    3;   0.0;   0;   12.783;   0;   3.5;   8.8;  965.15;   14.2;   59.54;   21.7;    5.8;    1.1;eor
       2261;20180419;   10;   7.7;   1.6;    3;   0.0;   0;   12.733;   0;   4.6;   9.2;  963.63;   15.7;   55.38;   24.1;    6.1;    1.1;eor
       2261;20180420;   10;   8.5;   2.3;    3;   0.0;   0;   12.867;   0;   4.3;   9.2;  958.47;   18.1;   48.38;   26.7;    8.2;    2.8;eor
       2261;20180421;   10;   7.6;   2.1;    3;   0.0;   0;   11.950;   0;   3.8;  10.9;  953.93;   16.3;   59.50;   22.3;    9.3;    4.7;eor
       2261;20180422;   10;   7.2;   1.7;    3;   0.2;   6;   11.217;   0;   4.9;  11.0;  950.05;   17.4;   59.33;   24.4;    8.6;    4.2;eor
       2261;20180423;   10;  11.3;   2.9;    3;   4.4;   8;    4.033;   0;   7.5;  12.4;  948.96;   15.1;   72.79;   20.1;   10.3;    6.4;eor
       2261;20180424;   10;  11.7;   3.3;    3;   0.0;   0;    5.983;   0;   7.0;  10.1;  950.26;   12.9;   69.58;   17.0;    9.5;    7.6;eor
       2261;20180425;   10;  17.2;   4.9;    3;   2.8;   6;    6.800;   0;   5.7;   9.9;  945.60;   12.9;   66.92;   17.0;    8.0;    7.3;eor
       2261;20180426;   10;  14.9;   4.3;    3;   0.0;   4;    7.867;   0;   5.5;   7.1;  949.42;    8.6;   64.38;   12.2;    3.4;   -0.5;eor
       2261;20180427;   10;   8.3;   2.5;    3;   0.0;   0;   11.000;   0;   5.9;   6.4;  947.47;   10.0;   54.83;   16.6;    1.7;   -1.7;eor
       2261;20180428;   10;   9.9;   2.6;    3;   0.0;   6;    7.217;   0;   6.7;   9.0;  946.52;   13.5;   58.92;   18.2;    8.9;    5.7;eor
       2261;20180429;   10;   7.6;   2.5;    3;   0.0;   0;   10.333;   0;   4.2;  11.5;  942.62;   16.6;   62.13;   23.5;    8.7;    6.2;eor
       2261;20180430;   10;  16.1;   4.3;    3;   0.0;   6;    9.083;   0;   4.0;   8.5;  938.48;   14.0;   53.21;   17.2;   10.9;    9.1;eor
       2261;20180501;   10;  12.2;   3.6;    3;   0.0;   6;    7.100;   0;   5.2;   6.7;  945.75;    9.2;   58.00;   12.1;    2.8;   -1.3;eor
       2261;20180502;   10;   6.7;   2.2;    3;   4.3;   6;    4.533;   0;   6.7;   8.1;  946.42;    9.8;   66.63;   16.2;    1.7;   -1.9;eor
       2261;20180503;   10;   9.7;   3.6;    3;   0.0;   0;    3.717;   0;   7.4;   9.2;  948.45;   11.3;   69.96;   15.5;    7.3;    6.2;eor
       2261;20180504;   10;  10.2;   3.7;    3;   0.0;   0;    8.433;   0;   4.2;   7.2;  954.62;   10.7;   56.17;   15.2;    7.9;    5.1;eor
       2261;20180505;   10;  10.5;   3.4;    3;   0.0;   0;   13.650;   0;   0.6;   8.1;  957.53;   12.2;   57.04;   18.2;    6.2;    4.1;eor
       2261;20180506;   10;  10.6;   3.0;    3;   0.0;   0;   13.800;   0;   0.2;   7.6;  957.54;   12.8;   52.42;   19.4;    4.8;   -0.3;eor
       2261;20180507;   10;  10.0;   2.9;    3;   0.0;   0;   13.850;   0;   0.4;   7.8;  954.02;   15.5;   48.13;   23.2;    8.1;    1.7;eor
       2261;20180508;   10;  10.9;   3.5;    3;   0.0;   0;   13.533;   0;   0.6;   8.7;  947.78;   16.5;   48.38;   22.6;    9.6;    3.5;eor
       2261;20180509;   10;  11.2;   2.1;    3;   0.1;   6;    8.617;-999;   4.2;  10.8;  943.20;   16.4;   59.04;   23.0;   11.2;    5.8;eor
       2261;20180510;   10;  12.3;   2.0;    3;  19.8;   6;    5.767;-999;   5.9;  12.5;  944.82;   13.7;   80.46;   20.8;    8.7;    4.4;eor
       2261;20180511;   10;   5.0;   2.2;    3;   0.0;   0;    4.133;-999;   5.7;  11.2;  952.82;   12.3;   78.46;   16.9;    9.6;    9.2;eor
       2261;20180512;   10;  11.2;   2.0;    3;   6.6;   6;    7.267;-999;   5.5;  13.0;  949.99;   15.6;   74.92;   21.5;    9.7;    5.9;eor
       2261;20180513;   10;  10.1;   2.9;    3;   0.0;   0;   11.850;-999;   2.8;  11.8;  944.84;   17.8;   61.54;   23.9;   10.8;    7.1;eor
       2261;20180514;   10;  12.0;   3.8;    3;   0.0;   6;    9.717;-999;   5.0;   9.6;  944.69;   17.5;   49.46;   23.0;   12.3;    9.3;eor
       2261;20180515;   10;  14.3;   3.0;    3;   1.4;   6;    6.433;-999;   6.5;   9.7;  946.82;   11.9;   70.88;   16.7;    8.1;    3.0;eor
       2261;20180516;   10;  10.8;   3.1;    3;   7.9;   6;    0.650;-999;   7.9;  11.1;  946.77;   11.2;   83.71;   14.9;    9.4;    9.2;eor
       2261;20180517;   10;   7.9;   2.9;    3;   0.0;   6;    0.917;-999;   7.8;  11.3;  949.53;   11.6;   82.67;   15.8;    8.1;    5.6;eor
       2261;20180518;   10;   6.4;   2.4;    3;   0.0;   0;    6.883;-999;   6.3;   9.7;  952.95;   10.7;   75.88;   16.1;    7.1;    3.6;eor
       2261;20180519;   10;   7.6;   2.2;    3;   0.1;   6;    3.650;-999;   7.8;  10.5;  954.44;   11.0;   80.33;   16.6;    6.2;    3.6;eor
       2261;20180520;   10;   9.6;   3.1;    3;   0.0;   6;   12.900;-999;   4.9;   8.8;  955.56;   14.7;   56.33;   20.3;    8.7;    4.5;eor
       2261;20180521;   10;  16.9;   3.9;    3;   0.0;   0;   13.917;-999;   1.1;   9.2;  951.41;   16.1;   52.17;   21.4;    9.6;    5.3;eor
       2261;20180522;   10;   6.8;   2.2;    3;   0.0;   0;   11.517;-999;   4.2;   9.8;  948.31;   17.2;   51.33;   23.1;   10.6;    7.0;eor
       2261;20180523;   10;  13.0;   2.5;    3;   8.6;   6;    4.417;-999;   7.5;  13.1;  952.39;   15.5;   74.38;   22.5;   11.8;    8.0;eor
       2261;20180524;   10;   8.3;   2.5;    3;  15.4;   6;    0.000;-999;   7.8;  14.9;  953.77;   14.2;   92.04;   15.8;   12.9;   12.6;eor
       2261;20180525;   10;   4.9;   1.3;    3;   0.0;   6;    0.317;-999;   7.3;  14.8;  954.02;   14.7;   89.04;   17.9;   11.4;    7.2;eor
       2261;20180526;   10;   6.4;   1.4;    3;   0.0;   0;    9.967;-999;   4.7;  13.1;  955.62;   17.8;   67.25;   24.3;    9.1;    7.0;eor
       2261;20180527;   10;  12.7;   1.6;    3;   4.0;   6;    6.650;-999;   6.2;  14.4;  954.36;   17.3;   74.38;   24.8;   12.7;    7.6;eor
       2261;20180528;   10;   9.1;   2.3;    3;   0.0;   6;    9.100;-999;   6.2;  14.8;  952.99;   20.0;   65.79;   26.9;   11.6;    6.8;eor
       2261;20180529;   10;   8.0;   2.9;    3;   0.0;   0;    9.733;-999;   3.4;  15.6;  949.16;   21.3;   62.75;   27.3;   16.1;   11.5;eor
       2261;20180530;   10;   7.4;   1.7;    3;   0.3;   6;    8.667;-999;   4.3;  17.0;  949.89;   19.7;   74.88;   26.0;   14.7;   10.5;eor
       2261;20180531;   10;   8.8;   1.8;    3;   0.2;   6;    8.883;-999;   7.0;  16.5;  949.85;   19.9;   73.42;   27.5;   13.7;   10.9;eor
       2261;20180601;   10;   9.0;   2.5;    3;   3.1;   6;    4.067;-999;   7.3;  15.7;  951.42;   18.4;   74.63;   22.5;   15.1;   11.6;eor
       2261;20180602;   10;   7.9;   2.7;    3;   0.0;   0;    6.500;-999;   6.6;  14.6;  952.65;   16.9;   76.42;   20.7;   13.6;    8.9;eor
       2261;20180603;   10;   6.6;   1.6;    3;   0.0;   0;   12.717;-999;   2.0;  13.9;  952.40;   18.0;   69.54;   23.4;   11.3;    7.0;eor
       2261;20180604;   10;   7.3;   1.7;    3;   0.0;   0;   13.050;-999;   1.0;  13.4;  947.56;   19.1;   63.29;   24.8;   12.2;    7.9;eor
       2261;20180605;   10;   8.3;   2.4;    3;   0.0;   0;    6.533;-999;   3.7;  14.9;  947.36;   16.3;   81.21;   20.7;   11.9;    6.6;eor
       2261;20180606;   10;   7.7;   2.2;    3;   0.0;   6;    9.900;-999;   3.6;  14.1;  948.99;   18.7;   67.25;   25.1;   10.4;    5.3;eor
       2261;20180607;   10;   8.9;   2.4;    3;   0.0;   6;    4.450;-999;   6.4;  14.3;  950.34;   19.8;   63.50;   26.2;   14.6;   12.2;eor
       2261;20180608;   10;   7.1;   1.8;    3;   0.0;   6;    8.233;-999;   6.5;  14.6;  948.16;   20.7;   62.17;   26.2;   13.3;   10.0;eor
       2261;20180609;   10;  12.1;   1.6;    3;   4.2;   6;    6.267;-999;   5.4;  16.9;  947.17;   18.9;   77.96;   26.1;   14.8;   11.3;eor
       2261;20180610;   10;  10.3;   2.1;    3;   0.2;   6;    5.300;   0;   6.4;  17.4;  946.40;   19.7;   76.88;   25.0;   14.8;   12.6;eor
       2261;20180611;   10;   7.3;   2.2;    3;  11.5;   6;    0.883;   0;   7.2;  17.1;  945.85;   17.5;   86.04;   21.6;   13.4;   11.0;eor
       2261;20180612;   10;   6.7;   2.5;    3;   0.0;   6;    0.000;   0;   7.7;  13.2;  944.83;   14.3;   81.50;   16.8;   12.5;   12.3;eor
       2261;20180613;   10;   8.8;   3.3;    3;   0.2;   6;    0.017;   0;   8.0;  10.4;  947.28;   11.5;   76.75;   13.8;   10.4;   10.2;eor
       2261;20180614;   10;   6.6;   1.7;    3;   0.0;   0;    6.317;   0;   5.3;  10.0;  950.57;   13.3;   67.08;   18.6;    9.7;    4.3;eor
       2261;20180615;   10;   5.3;   1.5;    3;   0.0;   0;    6.467;   0;   6.4;  11.4;  951.65;   15.0;   68.38;   19.7;    8.0;    3.7;eor
       2261;20180616;   10;   5.1;   1.3;    3;   0.0;   0;    2.033;   0;   7.2;  12.6;  951.04;   18.0;   63.42;   23.2;   12.9;   11.5;eor
       2261;20180617;   10;   9.5;   2.5;    3;   0.0;   0;    8.600;   0;   5.6;  12.7;  951.48;   18.1;   61.75;   22.4;   13.1;    9.8;eor
       2261;20180618;   10;   7.6;   2.2;    3;   0.0;   0;    6.933;   0;   4.8;  11.5;  955.38;   16.8;   60.92;   22.5;   12.5;    7.5;eor
       2261;20180619;   10;   9.3;   2.2;    3;   0.0;   0;    3.967;   0;   5.6;  13.9;  957.56;   17.9;   68.29;   21.9;   11.9;    7.4;eor
       2261;20180620;   10;   8.0;   1.8;    3;   0.0;   0;   10.650;   0;   2.1;  15.2;  955.78;   21.2;   62.75;   27.2;   13.2;    9.6;eor
       2261;20180621;   10;  16.5;   3.9;    3;   1.3;   6;    9.517;   0;   2.8;  12.2;  950.16;   17.4;   60.92;   25.0;    8.5;    6.7;eor
       2261;20180622;   10;  12.7;   3.9;    3;   5.5;   6;    4.233;-999;   6.0;   8.9;  954.86;    8.9;   78.38;   13.4;    6.5;    2.6;eor
       2261;20180623;   10;  10.0;   2.9;    3;   1.5;   6;    0.750;-999;   7.5;   9.7;  956.65;    9.3;   82.67;   11.3;    6.8;    4.8;eor
       2261;20180624;   10;   8.0;   2.7;    3;   0.4;   6;    0.233;-999;   7.8;   9.8;  954.21;   11.8;   71.21;   15.2;    9.2;    8.9;eor
       2261;20180625;   10;   6.5;   2.4;    3;   0.2;   6;    3.800;-999;   7.4;  10.8;  955.45;   13.4;   72.17;   18.5;   10.1;   10.0;eor
       2261;20180626;   10;   8.8;   2.1;    3;   0.0;   0;    6.600;-999;   5.7;  11.7;  956.82;   15.6;   67.92;   20.2;   12.4;    9.1;eor
       2261;20180627;   10;  10.5;   3.3;    3;   0.0;   0;   10.533;-999;   3.5;  11.0;  957.02;   15.8;   62.88;   20.6;   11.4;    8.9;eor
       2261;20180628;   10;  12.6;   3.2;    3;   1.0;   6;    4.467;-999;   7.6;  12.8;  954.13;   16.2;   69.83;   20.9;   11.3;    8.9;eor
       2261;20180629;   10;   9.2;   3.1;    3;   0.0;   0;   13.967;-999;   4.1;  12.4;  950.75;   20.4;   53.38;   25.8;   15.0;   12.8;eor
       2261;20180630;   10;  11.9;   3.8;    3;   0.0;   0;   11.150;-999;   1.8;   9.4;  951.51;   16.0;   54.04;   20.4;    9.6;    5.0;eor
       2261;20180701;   10;   8.9;   2.8;    3;   0.0;   0;   14.867;-999;   0.1;   7.6;  952.97;   14.0;   49.29;   19.8;    6.9;    2.1;eor
       2261;20180702;   10;   7.8;   2.1;    3;   0.0;   0;   15.067;-999;   0.0;   7.4;  951.70;   15.0;   46.25;   21.7;    6.3;    1.4;eor
       2261;20180703;   10;   6.6;   1.4;    3;   0.0;   0;   15.033;-999;   0.2;   7.3;  951.74;   17.5;   40.13;   25.2;    7.2;    2.3;eor
       2261;20180704;   10;   8.0;   1.8;    3;   0.0;   0;   11.800;-999;   6.2;   9.0;  950.05;   20.9;   39.38;   27.5;   10.4;    5.8;eor
       2261;20180705;   10;  12.6;   2.4;    3;   0.9;   4;    8.700;-999;   5.2;  14.0;  947.97;   20.3;   60.92;   27.9;   14.3;   10.2;eor
       2261;20180706;   10;   8.9;   3.0;    3;   0.0;   6;    7.450;   0;   4.8;  13.9;  951.85;   17.6;   70.38;   22.8;   13.3;   10.9;eor
       2261;20180707;   10;   8.7;   3.1;    3;   0.0;   0;   14.950;   0;   1.7;   7.8;  955.35;   17.4;   42.67;   23.8;    9.5;    5.0;eor
       2261;20180708;   10;   8.6;   2.4;    3;   0.0;   0;   10.383;   0;   4.4;  11.3;  955.53;   17.3;   57.46;   22.9;   11.0;    6.9;eor
       2261;20180709;   10;   9.3;   2.5;    3;   1.8;   6;   10.050;   0;   4.5;  11.8;  953.87;   18.2;   58.33;   24.2;   13.2;    8.8;eor
       2261;20180710;   10;   7.2;   1.6;    3;   2.8;   6;    0.350;   0;   7.6;  12.4;  949.79;   13.9;   78.58;   15.9;   11.9;   10.1;eor
       2261;20180711;   10;   5.9;   1.5;    3;   5.5;   6;    2.283;   0;   7.2;  12.2;  949.34;   12.6;   83.96;   17.2;   11.0;    8.7;eor
       2261;20180712;   10;   9.0;   2.6;    3;   0.0;   6;    2.633;-999;   7.5;  13.0;  950.87;   15.4;   75.75;   21.6;   11.2;   10.6;eor
       2261;20180713;   10;   7.2;   2.3;    3;   0.2;   6;    8.583;-999;   4.1;  13.1;  953.54;   18.8;   62.29;   24.4;   12.1;    9.2;eor
       2261;20180714;   10;   7.7;   2.0;    3;   0.0;   0;   12.217;-999;   2.1;  11.9;  953.51;   19.3;   55.67;   24.8;   13.6;   10.0;eor
       2261;20180715;   10;   7.2;   1.8;    3;   2.2;   6;    7.817;-999;   4.3;  13.5;  951.10;   18.2;   66.21;   25.0;   12.1;    8.2;eor
       2261;20180716;   10;   6.4;   1.6;    3;   0.0;   6;    3.950;-999;   6.3;  14.5;  949.05;   17.7;   73.21;   23.8;   13.1;   10.1;eor
       2261;20180717;   10;  11.3;   2.9;    3;   0.0;   6;   10.767;-999;   2.5;  11.5;  948.55;   20.5;   52.63;   27.7;   11.4;    7.4;eor
       2261;20180718;   10;   9.2;   3.5;    3;   0.0;   0;    9.617;-999;   3.2;  11.9;  951.02;   20.5;   50.08;   25.4;   14.9;   11.0;eor
       2261;20180719;   10;   7.9;   2.4;    3;   0.0;   0;   14.417;-999;   1.8;  10.4;  952.08;   18.9;   49.88;   25.6;   12.6;    8.4;eor
       2261;20180720;   10;   5.9;   1.5;    3;   0.0;   6;   12.517;-999;   4.8;  10.8;  949.24;   20.7;   47.79;   27.3;   11.3;    7.3;eor
       2261;20180721;   10;   5.9;   1.9;    3;  14.9;   6;    0.000;-999;   7.8;  15.2;  947.21;   17.1;   78.08;   18.8;   14.3;   12.2;eor
       2261;20180722;   10;   6.8;   2.0;    3;   0.7;   6;    4.217;-999;   7.3;  15.6;  949.22;   17.7;   78.38;   22.8;   14.8;   14.5;eor
       2261;20180723;   10;   6.7;   1.7;    3;   0.0;   0;    7.350;-999;   4.3;  14.6;  951.58;   20.5;   62.21;   26.0;   15.2;   12.2;eor
       2261;20180724;   10;   7.1;   1.6;    3;   0.0;   0;   14.283;   0;   0.5;  13.4;  950.89;   22.1;   53.83;   28.8;   13.3;    9.7;eor
       2261;20180725;   10;  11.1;   2.1;    3;   0.0;   0;   13.717;   0;   1.5;  14.1;  950.72;   23.4;   50.83;   29.4;   16.0;   12.5;eor
       2261;20180726;   10;   8.1;   2.3;    3;   0.0;   0;   13.267;-999;   0.6;  13.0;  951.50;   23.0;   48.88;   29.8;   15.4;   12.2;eor
       2261;20180727;   10;  11.7;   1.8;    3;   0.2;   6;    9.650;-999;   2.5;  14.2;  949.63;   22.0;   55.13;   28.4;   15.5;   11.9;eor
       2261;20180728;   10;  15.3;   2.3;    3;   7.5;   8;    8.267;-999;   4.2;  16.1;  946.20;   21.2;   66.58;   30.4;   15.3;   11.6;eor
       2261;20180729;   10;   5.5;   1.4;    3;   0.0;   6;    8.233;-999;   7.1;  15.7;  950.73;   22.3;   61.21;   28.2;   14.9;   12.9;eor
       2261;20180730;   10;   6.0;   1.3;    3;   0.0;   0;   11.933;-999;  -999;  14.4;  951.76;   25.4;   47.46;   31.7;   18.0;   14.5;eor
       2261;20180731;   10;   8.4;   1.8;    3;   0.1;   6;   10.850;-999;  -999;  15.0;  952.05;   26.6;   46.17;   34.7;   18.7;   14.5;eor
       2261;20180801;   10;   9.2;   2.9;    3;   0.0;   0;   10.200;-999;   5.0;  16.5;  954.57;   23.7;   56.96;   28.9;   19.3;   16.2;eor
       2261;20180802;   10;  11.3;   3.4;    3;   0.0;   0;    7.200;-999;   4.3;  17.4;  956.65;   23.5;   62.13;   29.9;   18.6;   17.6;eor
       2261;20180803;   10;   7.7;   2.4;    3;   5.4;   6;    8.600;-999;   2.7;  18.0;  955.92;   24.7;   60.00;   31.1;   17.7;   16.3;eor
       2261;20180804;   10;   9.2;   1.7;    3;   5.4;   6;    5.967;-999;   5.5;  17.3;  953.05;   24.6;   58.17;   30.9;   19.1;   16.1;eor
       2261;20180805;   10;   8.2;   2.7;    3;   0.0;   0;    7.633;-999;   5.9;  16.2;  954.64;   20.1;   69.92;   24.8;   15.2;   10.2;eor
       2261;20180806;   10;   6.0;   1.6;    3;   0.0;   0;   13.800;-999;   0.0;  11.3;  953.20;   21.1;   49.46;   29.3;   11.3;    7.2;eor
       2261;20180807;   10;   8.6;   2.3;    3;   0.0;   0;   10.100;-999;   4.2;  12.5;  949.13;   24.8;   41.67;   32.1;   16.2;   11.9;eor
       2261;20180808;   10;  10.7;   2.7;    3;   0.0;   0;   10.017;-999;   5.3;  15.2;  948.77;   24.8;   50.08;   29.8;   18.5;   14.8;eor
       2261;20180809;   10;  14.9;   3.3;    3;   0.2;   6;   11.017;-999;   3.3;  15.1;  949.38;   24.4;   52.25;   32.3;   18.2;   14.8;eor
       2261;20180810;   10;  10.7;   3.6;    3;   0.3;   6;    4.167;-999;   5.9;  10.8;  956.32;   18.0;   53.04;   22.1;   13.7;    9.6;eor
       2261;20180811;   10;  12.2;   3.5;    3;   0.0;   0;    7.217;-999;   5.7;  10.2;  956.16;   17.1;   54.50;   22.0;   10.8;    5.6;eor
       2261;20180812;   10;   9.9;   2.2;    3;   0.0;   0;   12.850;-999;   7.2;   8.9;  951.85;   17.8;   47.13;   25.9;    7.6;    3.9;eor
       2261;20180813;   10;-999;-999;    3;   0.5;   4;    7.883;-999;   5.5;  12.7;  945.48;   19.5;   57.25;   28.1;   12.6;    8.4;eor
       2261;20180814;   10;-999;-999;    3;   0.0;   4;    3.600;-999;   6.6;  14.5;  948.74;   17.0;   75.46;   20.6;   13.9;   10.3;eor
       2261;20180815;   10;-999;-999;    3;   0.0;   6;    0.533;   0;   4.5;  13.5;  954.18;   16.7;   72.54;   21.6;   11.8;    7.8;eor
       2261;20180816;   10;-999;-999;    3;   0.0;   0;   12.700;   0;   1.3;  12.5;  952.32;   19.7;   58.88;   27.9;    9.9;    6.2;eor
       2261;20180817;   10;  10.7;-999;    3;   0.0;   6;    9.933;   0;   5.4;  12.6;  950.83;   22.0;   51.17;   29.9;   13.8;   11.0;eor
       2261;20180818;   10;   7.4;   2.5;    3;   0.0;   0;    9.267;   0;   4.5;  16.0;  955.49;   19.3;   72.79;   24.7;   14.7;   12.8;eor
       2261;20180819;   10;   8.8;   1.9;    3;   0.0;   0;   11.617;   0;   2.8;  14.3;  955.01;   22.0;   57.83;   29.4;   14.1;   11.2;eor
       2261;20180820;   10;  10.5;   2.4;    3;   0.0;   0;    9.033;   0;   2.9;  13.8;  953.58;   20.5;   58.17;   26.8;   13.6;    9.6;eor
       2261;20180821;   10;   8.3;   1.8;    3;   0.0;   0;    5.683;   0;   5.6;  15.1;  955.28;   18.9;   69.96;   24.6;   14.1;   10.9;eor
       2261;20180822;   10;   8.6;   1.4;    3;   0.0;   0;   11.083;   0;   2.5;  13.1;  952.92;   21.4;   56.13;   29.7;   12.9;    9.2;eor
       2261;20180823;   10;  12.9;   2.3;    3;   0.9;   6;    6.833;   0;   3.5;  14.1;  948.55;   22.5;   53.46;   30.4;   15.4;   10.9;eor
       2261;20180824;   10;  12.7;   3.4;    3;   2.6;   6;    4.850;   0;   6.9;  13.9;  946.07;   18.4;   65.71;   23.5;   12.6;   12.7;eor
       2261;20180825;   10;  10.2;   2.6;    3;   2.1;   6;    1.383;   0;   7.0;  11.0;  946.66;   11.7;   80.33;   14.6;    8.0;    4.9;eor
       2261;20180826;   10;   6.1;   1.9;    3;   0.0;   0;    7.733;   0;   5.2;   8.0;  950.77;   11.2;   62.50;   17.2;    5.7;    3.1;eor
       2261;20180827;   10;  12.7;   3.7;    3;   0.0;   6;    5.133;-999;   6.0;   9.9;  949.80;   14.4;   61.00;   21.4;    6.9;    5.4;eor
       2261;20180828;   10;   6.4;   1.5;    3;   0.0;   0;    7.800;-999;   6.0;  12.0;  953.72;   16.3;   67.17;   22.7;   11.7;    6.8;eor
       2261;20180829;   10;   9.0;   2.5;    3;   4.3;   6;   12.283;-999;   4.0;  10.6;  949.89;   19.3;   50.75;   26.9;   10.3;    5.8;eor
       2261;20180830;   10;  10.4;   3.1;    3;   0.4;   6;    0.350;-999;   6.2;  14.6;  951.89;   14.9;   85.67;   17.6;    9.7;    5.5;eor
       2261;20180831;   10;   7.0;   1.8;    3;   0.0;   4;    0.900;-999;   7.6;  11.0;  955.25;   12.7;   76.08;   15.9;    9.2;    6.1;eor
       2261;20180901;   10;   9.4;   3.2;    3;   0.4;   6;    2.150;   0;   7.5;  10.0;  957.51;   13.1;   66.83;   15.5;    9.5;    8.4;eor
       2261;20180902;   10;   8.3;   3.0;    3;   9.3;   6;    0.000;   0;   8.0;  14.0;  956.18;   12.4;   97.38;   13.4;   11.2;   11.2;eor
       2261;20180903;   10;   6.4;   2.1;    3;   1.1;   6;    0.517;   0;   7.3;  16.5;  951.28;   15.1;   96.17;   18.2;   13.3;   12.6;eor
       2261;20180904;   10;   8.9;   2.4;    3;   0.0;   0;    7.883;   0;   5.8;  15.3;  950.71;   17.4;   79.08;   22.9;   12.9;    9.2;eor
       2261;20180905;   10;   6.6;   1.3;    3;   0.0;   0;   10.233;   0;   3.3;  12.8;  951.93;   17.1;   68.92;   25.0;   10.3;    5.9;eor
       2261;20180906;   10;   6.5;   1.8;    3;  11.7;   6;    7.683;   0;   4.2;  12.7;  947.49;   18.3;   63.46;   24.6;   11.3;    7.3;eor
       2261;20180907;   10;   8.3;   2.0;    3;   0.1;   6;    2.000;   0;   6.5;  15.0;  948.41;   16.0;   83.21;   20.4;   12.6;    9.0;eor
       2261;20180908;   10;   7.1;   1.8;    3;   0.0;   0;    8.800;   0;   5.3;  10.5;  954.66;   14.7;   64.75;   20.0;   10.1;    6.0;eor
       2261;20180909;   10;   7.0;   1.5;    3;   0.0;   0;    6.250;   0;   7.3;  10.1;  956.30;   15.1;   61.25;   21.7;    8.9;    6.6;eor
       2261;20180910;   10;   7.5;   2.0;    3;   0.0;   0;    9.400;   0;   6.7;  10.5;  956.81;   17.5;   56.71;   24.5;    8.0;    3.9;eor
       2261;20180911;   10;  11.5;   3.0;    3;   0.0;   0;   10.767;   0;   6.6;  11.1;  957.61;   18.4;   54.54;   24.0;   11.2;    8.7;eor
       2261;20180912;   10;  11.1;   3.1;    3;   0.0;   0;   11.733;   0;   0.7;  11.6;  955.45;   20.4;   50.04;   26.9;   13.4;    9.8;eor
       2261;20180913;   10;   6.5;   2.3;    3;   0.1;   6;    0.317;-999;   7.9;  14.0;  953.48;   14.2;   86.63;   18.9;   11.8;   12.2;eor
       2261;20180914;   10;   5.3;   1.5;    3;   0.0;   6;    1.033;-999;   7.7;  13.0;  954.04;   14.9;   77.58;   18.8;   12.3;    9.4;eor
       2261;20180915;   10;   8.2;   2.3;    3;   0.0;   0;    8.950;-999;   6.4;   9.4;  957.08;   14.2;   59.17;   19.3;    7.8;    4.9;eor
       2261;20180916;   10;   6.4;   1.3;    3;   0.0;   0;   11.433;-999;   7.3;   8.9;  957.59;   13.7;   59.92;   21.4;    5.3;    2.2;eor
       2261;20180917;   10;   7.1;   1.9;    3;   0.0;   0;   10.617;-999;   5.0;  10.5;  954.99;   16.2;   59.04;   24.2;    7.9;    4.0;eor
       2261;20180918;   10;   8.6;   2.2;    3;   4.2;   8;   11.133;-999;   1.3;  12.0;  952.11;   18.8;   57.83;   27.1;   10.2;    5.7;eor
       2261;20180919;   10;   8.8;   2.6;    3;   0.0;   0;    7.583;-999;   3.9;  13.6;  954.56;   19.5;   61.88;   26.2;   12.6;    9.1;eor
       2261;20180920;   10;   9.8;   2.5;    3;   0.0;   0;    9.967;-999;   5.2;  14.4;  953.47;   20.5;   62.17;   27.2;   13.2;   10.4;eor
       2261;20180921;   10;  15.7;   4.5;    3;   1.4;   6;    5.617;-999;   7.4;  13.0;  947.10;   18.1;   64.21;   26.1;    9.7;    8.5;eor
       2261;20180922;   10;   9.8;   4.1;    3;   0.2;   6;    4.467;-999;   5.9;   8.4;  953.95;   10.9;   64.83;   15.1;    7.8;    6.4;eor
       2261;20180923;   10;  15.5;   4.3;    3;  17.7;   8;    0.000;-999;   7.7;  11.9;  945.90;   10.6;   90.38;   17.8;    4.9;    3.6;eor
       2261;20180924;   10;  14.3;   4.3;    3;   0.1;   6;    4.067;-999;   6.1;   7.4;  960.96;    7.0;   75.25;   11.0;    4.0;    1.6;eor
       2261;20180925;   10;   7.9;   2.3;    3;   0.0;   0;    7.500;-999;   3.8;   6.2;  969.61;    5.7;   69.71;   10.8;    0.7;   -3.0;eor
       2261;20180926;   10;   7.4;   2.2;    3;   0.0;   0;    8.433;-999;   6.3;   5.9;  967.22;    7.5;   60.00;   14.2;    0.0;   -2.8;eor
       2261;20180927;   10;   6.7;   2.1;    3;   0.0;   0;   10.833;-999;   0.2;   6.7;  961.58;   13.9;   45.88;   21.9;    5.3;    0.9;eor
       2261;20180928;   10;   9.3;   2.8;    3;   0.0;   6;    6.250;-999;   3.2;   8.7;  956.43;   10.6;   68.13;   16.6;    4.0;   -1.1;eor
       2261;20180929;   10;   6.4;   1.5;    3;   0.0;   0;    9.633;-999;   0.7;   6.5;  960.16;    6.3;   69.92;   12.3;    0.5;   -3.4;eor
       2261;20180930;   10;   6.1;   2.0;    3;   0.0;   0;   10.617;-999;   0.3;   6.0;  951.33;    8.8;   56.50;   17.0;    1.9;   -2.7;eor
       2261;20181001;   10;   9.4;   2.5;    3;   0.5;   6;    0.567;   0;   6.2;   7.4;  948.06;    6.6;   75.67;   10.9;    3.2;   -1.2;eor
       2261;20181002;   10;  14.8;   5.1;    3;   0.1;   6;    0.317;   0;   7.6;   7.6;  952.21;    5.0;   87.17;    7.9;    3.1;    2.0;eor
       2261;20181003;   10;  14.2;   4.3;    3;   0.0;   6;    2.983;   0;   6.4;   8.0;  955.60;    9.2;   69.21;   13.2;    3.4;   -1.1;eor
       2261;20181004;   10;   5.7;   1.6;    3;   0.0;   0;    9.967;   0;   3.0;   8.2;  960.16;    8.6;   74.50;   15.7;    1.3;   -2.5;eor
       2261;20181005;   10;   6.3;   2.1;    3;   0.0;   0;   10.317;   0;   1.1;   8.7;  955.38;   11.0;   70.00;   19.9;    3.1;   -0.8;eor
       2261;20181006;   10;   7.8;   2.5;    3;   0.0;   0;    8.083;   0;   6.0;  10.9;  947.72;   14.0;   69.63;   21.9;    7.2;    4.3;eor
       2261;20181007;   10;   8.4;   2.6;    3;   0.0;   0;    3.200;   0;   7.0;  11.8;  950.30;   10.9;   90.04;   16.4;    7.2;    4.6;eor
       2261;20181008;   10;   5.0;   1.5;    3;   0.0;   0;    3.100;   0;   5.9;  12.1;  955.45;   11.5;   89.75;   18.3;    7.4;    4.6;eor
       2261;20181009;   10;   4.8;   1.7;    3;   0.0;   0;    7.800;   0;   5.5;  11.5;  956.90;   12.1;   83.42;   19.9;    5.3;    2.3;eor
       2261;20181010;   10;  10.1;   2.3;    3;   0.0;   0;    7.433;   0;   1.5;  11.8;  954.71;   12.8;   81.21;   18.5;    6.8;    1.2;eor
       2261;20181011;   10;  10.3;   3.8;    3;   0.3;   6;    9.917;   0;   0.0;   9.9;  951.80;   14.0;   64.08;   20.4;    9.3;    4.0;eor
       2261;20181012;   10;   6.1;   2.3;    3;   0.0;   0;    8.200;   0;   2.6;  10.8;  957.44;   15.7;   62.75;   23.5;   10.9;    6.8;eor
       2261;20181013;   10;   6.9;   2.4;    3;   0.0;   0;    9.817;   0;   0.0;  10.7;  957.20;   14.6;   66.71;   22.0;    8.2;    2.9;eor
       2261;20181014;   10;   9.3;   2.6;    3;   0.0;   0;    9.733;   0;   0.0;   9.6;  950.26;   13.6;   63.58;   20.9;    7.9;    2.2;eor
       2261;20181015;   10;   7.9;   2.7;    3;   0.0;   0;    9.633;   0;   2.4;   8.6;  950.24;   13.2;   58.42;   20.4;    8.2;    1.9;eor
       2261;20181016;   10;   5.8;   1.7;    3;   0.0;   0;    4.750;   0;   4.8;   9.3;  952.82;   12.2;   66.46;   20.1;    7.4;    2.7;eor
       2261;20181017;   10;   2.9;   1.1;    3;   0.0;   0;    5.650;   0;   2.2;   9.7;  953.52;   11.4;   74.58;   19.5;    5.4;    1.7;eor
       2261;20181018;   10;   9.1;   2.1;    3;   0.4;   6;    3.633;   0;   4.6;  11.0;  954.90;   10.6;   86.58;   16.5;    4.9;    1.1;eor
       2261;20181019;   10;   5.6;   1.9;    3;   0.0;   0;    0.000;   0;   8.0;  12.0;  957.49;    9.9;   97.96;   10.6;    9.1;    9.3;eor
       2261;20181020;   10;   6.0;   1.8;    3;   0.0;   0;    4.133;   0;   6.9;   9.3;  960.87;    8.7;   83.13;   12.5;    3.8;    0.8;eor
       2261;20181021;   10;   5.8;   1.3;    3;   0.0;   0;    4.733;   0;   4.7;   7.6;  961.36;    6.9;   77.21;   12.4;    0.1;   -3.7;eor
       2261;20181022;   10;   9.3;   2.3;    3;   1.6;   6;    2.617;   0;   4.8;   7.7;  961.13;    4.7;   88.71;   12.0;   -1.7;   -5.7;eor
       2261;20181023;   10;  15.6;   5.2;    3;   6.3;   6;    0.000;   0;   7.2;   8.1;  954.74;    5.4;   90.08;    8.0;    2.5;    0.3;eor
       2261;20181024;   10;  18.7;   5.0;    3;  10.1;   6;    0.000;   0;   7.7;  10.6;  951.01;    8.5;   94.58;    9.9;    7.0;    7.0;eor
       2261;20181025;   10;  11.2;   4.3;    3;   0.1;   6;    0.017;   0;   7.8;  10.1;  950.04;    9.5;   85.13;   10.9;    7.9;    7.6;eor
       2261;20181026;   10;  11.4;   3.4;    3;   0.6;   6;    0.917;   0;   7.8;   8.4;  942.85;    7.9;   79.25;   10.0;    6.4;    5.5;eor
       2261;20181027;   10;   9.3;   2.6;    3;   0.0;   6;    0.017;   0;   7.8;   7.1;  941.14;    4.9;   82.00;    6.6;    3.3;    2.8;eor
       2261;20181028;   10;  10.8;   4.1;    3;   6.1;   8;    0.000;   0;   7.6;   6.4;  942.83;    1.6;   93.42;    3.3;    0.3;    0.1;eor
       2261;20181029;   10;   8.8;   3.6;    3;   0.0;   6;    0.000;   0;   7.9;   7.2;  935.05;    2.2;   99.38;    4.5;    0.8;    0.7;eor
       2261;20181030;   10;  15.1;   4.7;    3;   3.0;   6;    3.967;   0;   5.0;   8.9;  931.97;    7.4;   84.63;   12.4;    2.8;    1.3;eor
       2261;20181031;   10;   9.2;   3.0;    3;   0.0;   0;    7.133;   0;   4.9;   6.7;  950.17;    6.1;   72.58;   12.1;    0.9;   -1.7;eor
       2261;20181101;   10;   7.9;   2.1;    3;   0.0;   6;    1.600;   0;   5.9;   7.9;  947.34;    6.0;   85.21;    9.2;    2.1;   -1.9;eor
       2261;20181102;   10;   9.7;   2.3;    3;   0.0;   6;    2.267;   0;   6.5;   8.3;  955.49;    8.2;   77.42;   11.7;    4.5;    1.1;eor
       2261;20181103;   10;   5.9;   2.4;    3;   0.0;   0;    0.000;   0;   8.0;   8.9;  959.73;    6.5;   91.21;    7.9;    5.4;    4.8;eor
       2261;20181104;   10;   7.7;   3.1;    3;   0.0;   0;    0.000;   0;   8.0;  10.7;  951.66;    8.7;   94.33;    9.9;    7.7;    7.6;eor
       2261;20181105;   10;  10.1;   4.1;    3;   0.0;   0;    1.683;   0;   6.3;  10.9;  945.61;    9.6;   91.08;   11.6;    7.1;    5.7;eor
       2261;20181106;   10;   8.3;   3.5;    3;   0.0;   0;    6.567;   0;   4.7;  10.5;  944.97;    9.1;   91.88;   14.1;    6.5;    5.2;eor
       2261;20181107;   10;   7.9;   2.5;    3;   0.0;   0;    1.033;   0;   6.3;  11.1;  946.84;    9.0;   96.46;   11.4;    7.0;    3.4;eor
       2261;20181108;   10;   5.2;   1.4;    3;   0.0;   4;    0.000;   0;   8.0;  10.5;  954.08;    8.3;   95.92;   10.5;    6.3;    4.8;eor
       2261;20181109;   10;   7.3;   2.0;    3;   0.0;   0;    0.167;   0;   7.6;   9.8;  950.35;    7.8;   92.63;   10.2;    5.0;    1.5;eor
       2261;20181110;   10;   9.4;   3.6;    3;   0.3;   6;    3.767;   0;   7.3;   9.1;  945.54;    6.6;   93.21;   10.4;    5.1;    4.7;eor
       2261;20181111;   10;   9.1;   3.5;    3;   0.3;   6;    1.933;   0;   4.9;   9.7;  947.63;    7.4;   94.46;   11.1;    5.2;    4.6;eor
       2261;20181112;   10;   8.7;   3.3;    3;   0.2;   6;    6.767;   0;   4.3;   9.3;  952.70;    8.5;   84.38;   13.2;    5.5;    3.3;eor
       2261;20181113;   10;  10.2;   3.4;    3;   1.1;   6;    0.000;   0;   6.7;   9.6;  958.20;    7.4;   92.21;    9.4;    5.2;    4.6;eor
       2261;20181114;   10;   8.1;   2.0;    3;   0.0;   0;    0.050;   0;   6.4;   8.2;  962.90;    4.6;   95.79;    6.8;    2.8;   -1.0;eor
       2261;20181115;   10;   7.7;   2.6;    3;   0.0;   0;    6.900;   0;   3.5;   7.2;  960.99;    4.2;   87.58;    8.9;    1.0;   -1.4;eor
       2261;20181116;   10;   8.5;   3.1;    3;   0.0;   0;    7.717;   0;   0.3;   6.0;  963.02;    2.9;   80.58;    7.4;   -0.9;   -5.2;eor
       2261;20181117;   10;   7.4;   2.7;    3;   0.0;   0;    7.667;   0;   0.4;   5.2;  963.79;    0.9;   81.42;    5.4;   -3.0;   -5.8;eor
       2261;20181118;   10;   8.4;   2.6;    3;   0.4;   8;    6.800;   0;   2.9;   4.0;  958.63;   -3.2;   82.58;   -0.2;   -5.8;   -9.0;eor
       2261;20181119;   10;  12.2;   4.3;    3;   0.1;   7;    0.200;   1;   7.7;   5.1;  948.96;   -1.0;   89.04;    0.9;   -2.8;   -2.6;eor
       2261;20181120;   10;  12.5;   5.2;    3;   0.4;   8;    0.000;   0;   7.8;   5.1;  944.07;   -0.5;   86.96;    0.3;   -1.5;   -1.7;eor
       2261;20181121;   10;   8.3;   3.0;    3;   0.1;   8;    0.000;   0;   8.0;   5.9;  948.86;    0.1;   94.92;    0.8;   -0.6;   -0.6;eor
       2261;20181122;   10;   5.6;   1.5;    3;   0.0;   4;    0.000;   0;   7.9;   6.3;  952.89;    0.9;   96.08;    2.2;   -0.3;   -0.1;eor
       2261;20181123;   10;   8.2;   2.7;    3;   0.0;   6;    0.000;   0;   7.9;   6.1;  952.30;    0.9;   94.08;    1.9;    0.1;   -0.9;eor
       2261;20181124;   10;  11.2;   2.8;    3;   0.5;   6;    0.000;   0;   7.5;   7.3;  946.25;    2.9;   96.54;    4.7;    0.9;   -1.5;eor
       2261;20181125;   10;   6.0;   2.1;    3;   0.0;   0;    2.233;   0;   7.2;   6.9;  943.83;    2.5;   94.42;    6.5;    0.0;   -1.8;eor
       2261;20181126;   10;   8.8;   3.4;    3;   0.1;   6;    0.000;   0;   7.7;   6.4;  942.63;    1.0;   97.42;    2.6;   -0.5;   -0.5;eor
       2261;20181127;   10;   7.3;-999;    3;   0.0;   0;    0.300;   0;  -999;   4.7;    -999;   -2.0;   88.96;   -0.5;   -4.0;   -4.3;eor
       2261;20181128;   10;  11.2;   3.2;    3;   0.0;   0;    2.717;   0;   7.5;   4.2;  957.53;   -2.8;   83.58;   -0.6;   -4.3;   -5.3;eor
       2261;20181129;   10;  12.0;   4.9;    3;   0.0;   8;    5.967;   0;   7.8;   3.7;  954.08;   -2.5;   72.63;    0.9;   -4.3;   -4.7;eor
       2261;20181130;   10;  11.5;   3.6;    3;   9.6;   6;    0.000;   0;   7.9;   4.8;  948.88;   -2.0;   89.38;    0.7;   -4.0;   -4.2;eor
       2261;20181201;   10;   7.0;   2.2;    3;   0.3;   6;    0.050;   0;   7.7;   7.0;  948.89;    2.1;   98.79;    4.3;    0.3;    0.0;eor
       2261;20181202;   10;  13.6;   4.5;    3;  11.1;   6;    0.000;   0;   7.6;   8.9;  939.96;    5.3;   97.92;    9.8;    1.8;    1.0;eor
       2261;20181203;   10;  11.8;   4.1;    3;  18.6;   6;    0.350;-999;   7.5;  10.9;  938.05;    8.9;   95.58;   10.1;    7.6;    7.0;eor
       2261;20181204;   10;  13.8;   3.7;    3;   1.8;   6;    1.633;   0;   4.8;   7.4;  949.63;    4.1;   88.13;    8.4;   -1.1;   -5.1;eor
       2261;20181205;   10;   9.3;   2.5;    3;   0.1;   8;    6.200;   0;   6.8;   5.2;  958.21;   -0.7;   89.50;    2.2;   -3.3;   -5.9;eor
       2261;20181206;   10;  12.2;   3.7;    3;   0.1;   6;    0.083;   0;   7.7;   7.4;  951.70;    3.5;   91.71;    8.3;   -0.1;   -0.6;eor
       2261;20181207;   10;  18.5;   5.9;    3;   3.5;   6;    0.067;   0;   7.5;  10.2;  943.50;    8.3;   92.75;    9.1;    5.6;    4.3;eor
       2261;20181208;   10;  17.1;   7.0;    3;  12.4;   4;    0.000;   0;   6.8;   7.2;  939.47;    3.8;   89.63;    5.7;    2.1;    1.3;eor
       2261;20181209;   10;  18.3;   6.3;    3;   2.8;   8;    0.000;   0;   7.7;   7.6;  933.55;    4.5;   89.38;    6.0;    2.2;    0.6;eor
       2261;20181210;   10;  11.3;   4.8;    3;   2.8;   8;    1.300;   0;   6.7;   5.8;  947.35;    1.0;   88.75;    2.5;   -0.1;   -1.5;eor
       2261;20181211;   10;  11.2;   4.5;    3;   2.0;   8;    0.300;   2;   7.6;   5.7;  950.00;    0.7;   88.79;    2.1;   -0.1;   -0.3;eor
       2261;20181212;   10;   8.6;   3.2;    3;   0.1;   8;    0.850;   2;   7.1;   5.5;  953.99;   -0.6;   93.50;    0.3;   -2.3;   -3.5;eor
       2261;20181213;   10;   9.0;   3.0;    3;   0.0;   7;    0.367;   1;   7.0;   4.1;  952.28;   -3.4;   86.58;   -2.4;   -5.0;   -6.9;eor
       2261;20181214;   10;   9.4;   4.1;    3;   0.0;   7;    0.000;   1;   7.9;   3.7;  953.59;   -3.6;   77.88;   -3.2;   -4.6;   -4.5;eor
       2261;20181215;   10;   5.4;   1.8;    3;   0.0;   7;    0.000;   1;   7.9;   3.7;  956.10;   -3.4;   78.71;   -2.9;   -4.5;   -6.0;eor
       2261;20181216;   10;  10.0;   2.9;    3;   0.1;   8;    0.000;   1;   6.7;   4.1;  946.90;   -3.8;   87.29;   -1.6;   -6.9;  -11.1;eor
       2261;20181217;   10;   7.4;   2.7;    3;   0.0;   6;    0.000;   1;   7.8;   6.1;  953.18;    0.4;   97.67;    1.8;   -1.6;   -1.8;eor
       2261;20181218;   10;  10.3;   3.1;    3;   0.0;   0;    3.683;   0;   6.9;   6.3;  957.20;    1.7;   90.58;    3.8;   -0.5;   -1.7;eor
       2261;20181219;   10;  10.7;   4.3;    3;   4.0;   8;    0.000;   0;   7.8;   5.4;  949.97;   -0.5;   91.92;    0.3;   -1.8;   -2.6;eor
       2261;20181220;   10;  11.2;   3.5;    3;   1.6;   6;    0.000;   0;   7.7;   6.8;  948.77;    1.8;   96.96;    3.7;   -0.4;   -0.4;eor
       2261;20181221;   10;  18.6;   6.0;    3;  16.4;   8;    0.000;   0;   7.6;   8.4;  943.29;    5.4;   92.50;    8.9;    3.3;    2.8;eor
       2261;20181222;   10;  16.9;   6.2;    3;   2.1;   6;    0.850;   0;   7.6;   8.4;  945.08;    6.8;   84.88;    8.5;    4.6;    3.2;eor
       2261;20181223;   10;  10.4;   3.3;    3;   9.8;   8;    0.000;   0;   7.6;   7.8;  950.71;    4.6;   91.50;    5.9;    3.0;    2.8;eor
       2261;20181224;   10;   9.4;   3.7;    3;   1.4;   8;    0.367;   1;   7.5;   6.0;  955.47;    0.5;   94.71;    3.0;   -1.6;   -2.8;eor
       2261;20181225;   10;   8.3;   3.5;    3;   0.3;   8;    0.000;   1;   7.9;   5.4;  963.90;   -0.3;   91.04;    0.4;   -0.9;   -1.1;eor
       2261;20181226;   10;   8.4;   3.3;    3;   0.1;   6;    0.083;   0;   7.8;   5.5;  962.18;   -0.5;   92.50;    0.4;   -1.1;   -1.7;eor
       2261;20181227;   10;   6.0;   1.8;    3;   0.0;   0;    1.317;   0;   7.7;   6.4;  959.03;    1.4;   94.21;    4.3;    0.2;   -0.5;eor
       2261;20181228;   10;   5.4;   2.1;    3;   0.1;   8;    6.550;   0;   5.0;   5.5;  959.02;    0.7;   86.21;    2.9;   -2.0;   -5.2;eor
       2261;20181229;   10;  13.4;   3.6;    3;   3.6;   8;    0.383;   1;   7.7;   5.7;  960.47;   -0.5;   95.96;    1.0;   -1.6;   -1.8;eor
       2261;20181230;   10;  13.8;   4.8;    3;   0.0;   6;    0.833;   1;   7.7;   6.6;  958.92;    2.9;   87.42;    4.6;    0.6;    0.2;eor
       2261;20181231;   10;   6.5;   2.4;    3;   0.3;   6;    0.000;   0;   7.7;   7.9;  962.91;    3.7;   98.25;    4.7;    2.8;    2.5;eor
       2261;20190101;   10;  19.1;   5.2;    3;   3.8;   8;    0.000;   0;   7.3;   7.3;  956.02;    3.7;   90.29;    4.9;   -0.6;   -0.9;eor
       2261;20190102;   10;  17.3;   6.2;    3;   1.3;   8;    1.350;   3;   7.3;   4.4;  957.80;   -1.2;   77.63;    0.3;   -3.1;   -5.3;eor
       2261;20190103;   10;   9.4;   3.9;    3;   0.4;   8;    2.500;   5;   6.5;   3.8;  964.27;   -2.7;   74.71;   -0.9;   -4.9;   -7.3;eor
       2261;20190104;   10;   8.7;   3.6;    3;   4.6;   8;    0.000;   4;   7.4;   5.1;  962.10;   -1.3;   91.04;    0.3;   -2.4;   -3.0;eor
       2261;20190105;   10;  11.0;   4.5;    3;   6.4;   8;    0.000;   9;   7.7;   7.1;  954.50;    2.1;   99.00;    4.0;   -0.2;    0.0;eor
       2261;20190106;   10;   8.7;   2.7;    3;   0.6;   8;    0.083;   0;   7.8;   6.5;  958.98;    1.5;   94.29;    3.5;    0.3;    0.1;eor
       2261;20190107;   10;  14.6;   4.0;    3;   1.1;   8;    0.017;   1;   7.5;   6.9;  959.53;    2.2;   95.75;    3.1;    0.7;    0.2;eor
       2261;20190108;   10;  15.5;   6.2;    3;   5.2;   8;    0.000;   1;   7.8;   6.3;  942.09;    1.1;   94.50;    2.1;   -0.3;   -0.4;eor
       2261;20190109;   10;  13.9;   5.8;    3;   2.2;   4;    0.000;  11;   7.7;   5.2;  941.02;   -1.5;   94.38;   -0.2;   -2.0;   -0.7;eor
       2261;20190110;   10;  10.9;   4.6;    3;   0.1;   8;    0.000;  18;   6.5;   4.5;  952.43;   -3.3;   92.46;   -1.5;   -8.6;   -2.3;eor
       2261;20190111;   10;  10.3;   3.8;    3;   0.8;   8;    0.000;  14;   7.7;   4.4;  952.60;   -3.6;   91.79;   -0.5;   -7.3;   -2.4;eor
       2261;20190112;   10;  13.6;   5.0;    3;   0.3;   8;    0.000;  16;   7.8;   6.1;  947.88;    0.6;   95.71;    1.4;   -0.6;   -0.2;eor
       2261;20190113;   10;  16.7;   5.4;    3;   2.6;   8;    0.000;  12;   7.5;   6.9;  935.97;    2.5;   94.63;    5.0;    0.5;    0.0;eor
       2261;20190114;   10;  15.1;   5.6;    3;   0.3;   8;    0.267;   2;   7.6;   4.9;  939.20;    0.5;   77.38;    3.1;   -2.0;   -3.6;eor
       2261;20190115;   10;  14.7;   5.5;    3;   0.0;   8;    0.000;   4;   7.8;   5.4;  948.25;    0.2;   85.92;    1.9;   -1.7;   -2.9;eor
       2261;20190116;   10;  11.5;   4.0;    3;   0.0;   8;    0.000;   1;   7.9;   6.0;  944.06;    1.5;   87.67;    2.1;    0.9;   -0.5;eor
       2261;20190117;   10;  15.5;   5.2;    3;   4.1;   8;    0.033;   0;   7.0;   6.2;  937.38;    1.8;   88.42;    3.1;   -1.7;   -1.7;eor
       2261;20190118;   10;   8.7;   2.7;    3;   0.1;   8;    7.083;   6;   4.3;   3.8;  948.95;   -4.0;   81.88;   -0.8;  -10.6;  -15.1;eor
       2261;20190119;   10;   6.6;   1.7;    3;   0.0;   0;    7.317;   4;   6.1;   2.7;  949.76;   -7.2;   78.21;   -1.1;  -12.0;  -15.5;eor
       2261;20190120;   10;   6.2;   2.4;    3;   0.0;   0;    0.000;   4;   7.7;   3.2;  948.73;   -6.4;   85.33;   -4.1;  -10.9;  -16.2;eor
       2261;20190121;   10;   6.0;   1.9;    3;   0.0;   0;    0.000;   4;   6.7;   3.3;  951.91;   -4.2;   73.25;   -2.5;  -10.6;  -16.5;eor
       2261;20190122;   10;   8.2;   2.2;    3;   0.0;   0;    2.083;   5;   3.7;   2.8;  942.85;   -8.3;   85.38;   -5.4;  -12.0;  -17.0;eor
       2261;20190123;   10;   7.0;   2.3;    3;   0.0;   7;    0.000;   5;   7.5;   2.8;  933.38;   -8.5;   85.92;   -7.1;  -10.1;  -15.4;eor
       2261;20190124;   10;   4.3;   1.4;    3;   0.0;   7;    0.000;   5;   7.8;   3.2;  940.53;   -6.8;   87.25;   -4.5;   -9.0;   -8.4;eor
       2261;20190125;   10;  11.2;   2.8;    3;   0.8;   8;    0.000;   7;   7.6;   3.4;  945.55;   -5.8;   85.83;   -3.5;   -6.5;   -7.0;eor
       2261;20190126;   10;  14.3;   6.1;    3;   0.5;   8;    0.000;   6;   7.4;   5.6;  939.00;   -0.6;   94.42;    1.5;   -3.6;   -2.6;eor
       2261;20190127;   10;  11.2;   4.5;    3;   1.3;   8;    0.400;   5;   7.4;   6.6;  926.34;    1.8;   94.38;    2.9;    0.9;    0.0;eor
       2261;20190128;   10;  12.2;   4.7;    3;   0.9;   8;    0.000;   3;   7.7;   5.6;  927.45;   -0.1;   92.92;    1.6;   -1.3;   -0.5;eor
       2261;20190129;   10;  10.4;   3.0;    3;   0.3;   8;    0.700;   7;   7.7;   4.5;  937.18;   -2.3;   88.38;    0.3;   -6.9;   -5.0;eor
       2261;20190130;   10;  10.2;   3.2;    3;   0.0;   8;    2.233;   6;   7.9;   3.9;  930.45;   -3.6;   83.79;   -0.3;   -7.9;   -5.5;eor
       2261;20190131;   10;   7.9;   2.3;    3;   0.0;   7;    7.617;   6;   5.2;   3.9;  931.82;   -2.8;   77.92;    0.3;   -5.9;   -6.2;eor
       2261;20190201;   10;  10.3;   3.6;    3;   2.6;   8;    0.000;   6;   7.8;   4.6;  927.13;   -1.9;   85.92;    0.3;   -5.4;   -4.9;eor
       2261;20190202;   10;   6.5;   1.8;    3;   0.0;   8;    0.000;   5;   7.9;   6.1;  930.17;    0.3;   98.08;    1.1;   -0.4;    0.0;eor
       2261;20190203;   10;  12.8;   5.3;    3;   1.4;   8;    0.000;   4;   7.5;   5.1;  945.16;   -1.8;   95.21;    0.3;   -2.6;   -1.7;eor
       2261;20190204;   10;   6.6;   2.3;    3;   0.0;   0;    6.750;   8;   4.6;   4.1;  959.65;   -3.1;   84.58;    0.3;   -6.9;   -7.6;eor
       2261;20190205;   10;   9.5;   2.7;    3;   0.0;   7;    2.483;   8;   7.1;   4.0;  959.62;   -3.4;   83.96;   -1.2;   -6.5;   -6.7;eor
       2261;20190206;   10;   8.6;   2.6;    3;   0.0;   0;    5.317;-999;   6.9;   4.2;  957.99;   -2.9;   85.88;    1.2;   -7.3;   -6.7;eor
       2261;20190207;   10;  11.5;   3.6;    3;   0.4;   6;    0.000;-999;   7.8;   4.3;  948.34;   -3.9;   90.50;    1.1;   -8.6;   -6.1;eor
       2261;20190208;   10;  12.9;   4.5;    3;   0.0;   8;    1.067;-999;   7.6;   6.2;  949.04;    2.2;   87.38;    4.0;    1.1;   -0.3;eor
       2261;20190209;   10;  14.0;   5.7;    3;   2.1;   8;    0.567;-999;   7.5;   6.4;  943.29;    3.5;   81.42;    5.3;    1.4;   -0.3;eor
       2261;20190210;   10;  16.4;   5.7;    3;  13.1;   8;    0.000;-999;   7.7;   7.0;  935.53;    4.1;   84.79;    7.3;    1.7;    0.5;eor
       2261;20190211;   10;  13.2;   5.2;    3;   1.6;   8;    0.933;-999;   7.3;   5.8;  944.80;    1.0;   88.38;    2.3;   -0.1;   -1.9;eor
       2261;20190212;   10;  11.8;   4.0;    3;   0.5;   8;    0.867;-999;   7.8;   5.1;  961.68;    0.1;   82.54;    1.5;   -1.4;   -1.6;eor
       2261;20190213;   10;   9.1;   3.1;    3;   0.0;   6;    0.050;-999;   7.4;   5.4;  967.14;    1.3;   80.83;    3.3;   -1.4;   -3.1;eor
       2261;20190214;   10;   4.9;   1.6;    3;   0.0;   0;    5.317;-999;   3.9;   5.0;  968.00;    2.4;   70.58;    8.8;   -2.2;   -5.2;eor
       2261;20190215;   10;   2.9;   1.2;    3;   0.0;   0;    8.950;-999;   0.0;   5.2;  966.19;    3.2;   71.92;   13.7;   -3.8;   -6.9;eor
       2261;20190216;   10;   8.5;   2.1;    3;   0.0;   0;    9.017;-999;   0.1;   5.0;  961.22;    4.3;   65.08;   13.9;   -2.2;   -5.4;eor
       2261;20190217;   10;   5.2;   2.1;    3;   0.0;   0;    8.567;-999;   7.7;   5.6;  958.05;    4.3;   68.83;   13.6;   -1.7;   -5.8;eor
       2261;20190218;   10;   5.5;   1.8;    3;   0.0;   0;    9.117;-999;   1.7;   5.3;  953.75;    4.5;   65.21;   13.3;   -1.2;   -5.5;eor
       2261;20190219;   10;   9.7;   2.8;    3;   0.1;   6;    3.250;-999;   5.5;   5.9;  951.79;    2.9;   77.58;    6.9;   -0.8;   -5.4;eor
       2261;20190220;   10;   7.2;   2.2;    3;   0.0;   0;    2.850;-999;   7.1;   6.4;  956.14;    2.6;   87.63;    5.8;    0.0;   -2.6;eor
       2261;20190221;   10;   9.2;   2.9;    3;   1.1;   6;    1.167;-999;   7.4;   7.0;  958.98;    4.4;   84.04;    7.0;   -0.5;   -3.2;eor
       2261;20190222;   10;   9.5;   3.9;    3;   1.0;   6;    0.000;-999;   7.7;   7.5;  965.69;    3.5;   93.67;    6.2;   -2.5;   -4.4;eor
       2261;20190223;   10;   6.3;   2.3;    3;   0.0;   0;    7.383;-999;   6.7;   3.1;  971.88;   -1.2;   58.58;    3.4;   -4.8;   -6.5;eor
       2261;20190224;   10;   4.1;   1.2;    3;   0.0;   0;    5.467;-999;   2.3;   3.2;  970.24;    1.2;   51.00;    9.7;   -4.9;   -7.8;eor
       2261;20190225;   10;   5.2;   1.3;    3;   0.0;   0;    9.250;-999;   4.8;   5.1;  969.63;    4.3;   61.79;   13.7;   -3.1;   -5.9;eor
       2261;20190226;   10;   7.7;   2.0;    3;   0.0;   0;    6.500;   0;   6.3;   4.7;  965.95;    5.6;   56.96;   13.8;   -0.6;   -3.5;eor
       2261;20190227;   10;   6.2;   1.8;    3;   0.0;   0;    9.733;   0;   0.0;   5.1;  959.65;    7.0;   52.71;   16.1;   -1.6;   -4.4;eor
       2261;20190228;   10;  10.6;   3.8;    3;   1.7;   6;    8.533;   0;   3.3;   6.3;  948.44;    8.3;   56.71;   12.0;    4.2;   -1.4;eor
       2261;20190301;   10;  11.9;   3.5;    3;   4.7;   8;    0.850;   0;   7.6;   8.4;  945.95;    6.0;   89.50;    9.3;    1.8;    2.1;eor
       2261;20190302;   10;  10.7;   2.3;    3;   0.5;   6;    0.000;   0;   7.8;   7.1;  948.70;    2.8;   94.50;    5.1;    0.8;    0.8;eor
       2261;20190303;   10;  15.4;   5.3;    3;   0.0;   6;    0.000;   0;   7.8;   8.1;  944.36;    6.9;   82.04;    8.3;    5.1;    4.5;eor
       2261;20190304;   10;  23.1;   6.7;    3;   2.7;   8;    1.050;   0;   7.4;   6.8;  933.61;    7.1;   68.38;   11.7;    1.7;    0.5;eor
       2261;20190305;   10;  15.8;   5.2;    3;   2.7;   8;    0.283;   0;   7.0;   6.4;  940.60;    2.7;   86.50;    5.2;    1.6;    0.2;eor
       2261;20190306;   10;  12.2;   4.2;    3;   0.0;   6;    2.917;   0;   7.9;   7.0;  942.03;    5.5;   78.88;    9.5;    1.2;   -0.2;eor
       2261;20190307;   10;  16.2;   5.0;    3;   1.0;   6;    2.433;   0;   6.6;   7.1;  935.33;    7.1;   70.25;   10.7;    4.3;    2.4;eor
       2261;20190308;   10;  16.8;   5.3;    3;   1.2;   6;    1.617;   0;   6.7;   6.7;  944.86;    4.6;   78.96;    6.5;    2.2;    0.4;eor
       2261;20190309;   10;  20.2;   6.5;    3;   9.0;   8;    0.667;   0;   7.3;   7.3;  945.13;    4.7;   85.33;    7.1;    2.2;    1.0;eor
       2261;20190310;   10;  25.0;   6.4;    3;  10.9;   8;    1.033;   0;   7.0;   7.6;  940.38;    5.5;   83.75;    9.2;    2.3;    1.0;eor
       2261;20190311;   10;  14.0;   5.9;    3;   3.0;   8;    1.750;   1;   6.9;   5.5;  947.29;    0.3;   87.29;    2.4;   -0.9;   -1.6;eor
       2261;20190312;   10;  13.2;   4.7;    3;   0.4;   8;    3.783;   1;   7.3;   5.1;  950.25;    2.7;   70.42;    6.2;   -0.2;   -1.0;eor
       2261;20190313;   10;  15.9;   6.3;    3;   3.4;   8;    2.450;   0;   6.6;   5.7;  940.20;    3.3;   74.92;    6.2;    1.4;    0.2;eor
       2261;20190314;   10;  14.9;   5.8;    3;  10.5;   8;    0.000;   0;   7.4;   6.6;  937.06;    2.2;   92.88;    3.8;    0.7;    0.2;eor
       2261;20190315;   10;  17.2;   5.8;    3;  20.0;   6;    0.367;   0;   7.6;   8.2;  938.15;    5.0;   92.63;    8.8;    1.8;    1.1;eor
       2261;20190316;   10;  17.6;   5.6;    3;   3.0;   6;    0.033;   0;   6.9;   8.2;  942.09;    5.7;   89.54;    7.7;    3.4;    2.9;eor
       2261;20190317;   10;  17.3;   5.3;    3;   1.7;   8;    7.100;   0;   5.4;   7.1;  938.67;    6.3;   75.00;   12.8;    2.0;    1.1;eor
       2261;20190318;   10;  12.4;   4.5;    3;   0.1;   8;    3.900;   0;   5.1;   5.7;  948.90;    1.8;   82.67;    5.3;    0.3;   -1.2;eor
       2261;20190319;   10;   7.6;   2.3;    3;   0.0;   0;    4.950;   0;   4.8;   4.8;  958.88;    1.9;   69.96;    5.2;   -1.9;   -5.0;eor
       2261;20190320;   10;   5.8;   1.4;    3;   0.0;   0;   11.050;   0;   1.3;   4.6;  965.48;    3.3;   62.33;    9.9;   -3.5;   -6.9;eor
       2261;20190321;   10;   4.7;   1.2;    3;   0.0;   0;   11.117;   0;   2.6;   6.0;  966.22;    6.3;   65.83;   14.3;   -2.0;   -5.0;eor
       2261;20190322;   10;   7.4;   1.6;    3;   0.0;   0;    9.150;   0;   5.0;   7.9;  963.52;    9.1;   71.13;   17.2;    1.3;   -2.4;eor
       2261;20190323;   10;   9.8;   2.3;    3;   0.0;   0;   10.933;   0;   1.9;   8.1;  960.10;    9.7;   71.46;   17.2;    3.0;   -1.9;eor
       2261;20190324;   10;   5.9;   2.2;    3;   0.0;   6;    0.000;   0;   7.3;   8.5;  956.70;    5.9;   91.92;    7.5;    3.4;    1.3;eor
       2261;20190325;   10;  12.0;   4.1;    3;   0.8;   8;    3.617;   0;   6.2;   5.7;  951.04;    2.2;   79.92;    7.4;    0.2;   -2.0;eor
       2261;20190326;   10;  10.1;   3.5;    3;   0.6;   8;    0.783;   0;   7.7;   5.9;  958.89;    2.7;   81.04;    5.6;    0.8;   -0.2;eor
       2261;20190327;   10;   8.6;   2.7;    3;   0.0;   6;    0.050;   0;   7.4;   6.5;  962.94;    4.2;   79.58;    6.9;    1.7;    0.2;eor
       2261;20190328;   10;   6.3;   2.4;    3;   1.3;   6;    0.000;   0;   7.8;   8.6;  965.50;    5.8;   92.54;    7.6;    4.1;    3.4;eor
       2261;20190329;   10;   5.9;   1.5;    3;   0.0;   0;    6.833;   0;   5.3;   8.1;  963.65;    8.3;   76.33;   14.0;    2.9;   -0.6;eor
       2261;20190330;   10;   7.2;   1.9;    3;   0.0;   0;   11.583;   0;   3.0;   6.9;  956.83;    8.2;   67.83;   16.0;    0.3;   -3.9;eor
       2261;20190331;   10;   8.8;   2.5;    3;   0.0;   0;    4.383;   0;   5.0;   7.6;  955.01;    6.8;   78.08;   13.1;    2.1;   -1.8;eor
       2261;20190401;   10;   8.9;   3.3;    3;   0.0;   0;    9.933;   0;   1.4;   6.0;  954.39;    6.4;   64.54;   12.1;    1.3;   -0.3;eor
       2261;20190402;   10;   7.7;   3.0;    3;   0.0;   6;    9.917;   0;   4.7;   6.4;  945.22;    8.9;   55.17;   16.7;    1.3;   -1.1;eor
       2261;20190403;   10;   7.7;   2.2;    3;   0.0;   6;    4.100;   0;   7.2;   8.1;  936.82;   10.7;   65.38;   16.7;    4.9;    1.2;eor
       2261;20190404;   10;  11.7;   3.2;    3;   0.0;   0;    9.800;   0;   5.3;   8.3;  932.28;   10.1;   71.17;   18.8;    3.8;    1.8;eor
       2261;20190405;   10;   7.5;   2.0;    3;   0.0;   4;    2.000;   0;   6.4;   9.3;  938.28;    7.5;   90.71;   13.0;    5.0;    2.8;eor
       2261;20190406;   10;   9.5;   2.5;    3;   0.0;   0;    8.283;   0;   2.8;   8.4;  939.69;   10.3;   70.67;   17.3;    1.6;   -0.4;eor
       2261;20190407;   10;  11.4;   3.1;    3;   0.0;   0;   10.150;   0;   3.1;   7.5;  940.24;    9.7;   64.00;   15.8;    4.0;    0.1;eor
       2261;20190408;   10;   6.6;   1.7;    3;   0.0;   6;    3.833;   0;   7.6;   8.6;  943.01;   11.0;   66.63;   15.7;    5.3;    0.8;eor
       2261;20190409;   10;   9.7;   3.1;    3;   0.0;   0;    0.317;   0;   7.6;   8.0;  944.97;    6.4;   83.13;    9.7;    4.2;    2.8;eor
       2261;20190410;   10;  10.3;   3.7;    3;   0.0;   0;    7.050;   0;   5.8;   5.4;  946.89;    4.0;   67.17;    8.3;    0.1;   -2.8;eor
       2261;20190411;   10;  11.4;   3.7;    3;   0.0;   0;   12.200;   0;   0.3;   4.1;  952.64;    1.0;   64.08;    6.2;   -2.5;   -5.0;eor
       2261;20190412;   10;   7.2;   2.7;    3;   0.0;   7;    0.450;   0;   6.7;   4.0;  954.49;   -0.4;   67.08;    3.1;   -3.4;   -6.6;eor
       2261;20190413;   10;   8.2;   2.5;    3;   0.0;   7;    7.967;   0;   4.1;   4.5;  953.00;    1.0;   69.79;    5.7;   -2.3;   -4.8;eor
       2261;20190414;   10;   9.1;   2.8;    3;   0.6;   8;    0.000;   0;   7.7;   5.8;  954.21;   -0.1;   93.83;    2.3;   -2.7;   -5.0;eor
       2261;20190415;   10;   8.5;   2.9;    3;   0.0;   0;    8.467;   0;   3.3;   6.3;  956.63;    5.6;   72.33;   12.2;    1.2;   -4.0;eor
       2261;20190416;   10;   9.0;   2.6;    3;   0.0;   0;   12.600;   0;   0.7;   4.8;  953.30;    8.0;   46.79;   15.3;   -0.3;   -6.3;eor
       2261;20190417;   10;  12.4;   2.5;    3;   0.0;   0;   12.550;   0;   0.8;   5.2;  957.12;   10.2;   43.50;   17.0;    1.7;   -4.8;eor
       2261;20190418;   10;  12.2;   3.6;    3;   0.0;   0;   12.750;   0;   0.2;   6.4;  960.23;   11.7;   49.46;   17.5;    4.0;   -1.2;eor
       2261;20190419;   10;  10.9;   3.0;    3;   0.0;   0;   12.850;   0;   0.0;   6.5;  962.95;   13.6;   43.54;   20.1;    5.6;   -0.9;eor
       2261;20190420;   10;   7.8;   1.9;    3;   0.0;   0;   12.867;   0;   0.7;   6.2;  961.84;   13.5;   41.75;   20.3;    5.1;   -2.2;eor
       2261;20190421;   10;   8.4;   1.8;    3;   0.0;   0;   12.933;   0;   0.5;   6.4;  955.03;   13.0;   45.25;   20.6;    3.8;   -2.2;eor
       2261;20190422;   10;  12.5;   3.6;    3;   0.0;   0;   12.967;   0;   0.8;   6.1;  946.50;   12.8;   44.17;   20.0;    4.6;   -0.3;eor
       2261;20190423;   10;  13.2;   6.1;    3;   0.0;   0;    9.533;   0;   4.9;   8.5;  938.59;   11.8;   61.67;   17.9;    7.8;    6.2;eor
       2261;20190424;   10;  15.6;   5.1;    3;   0.0;   6;   10.283;   0;   5.6;  10.0;  940.01;   14.7;   62.42;   22.7;    8.1;    6.9;eor
       2261;20190425;   10;   9.4;   2.9;    3;   0.0;   0;   10.933;   0;   5.1;   8.0;  944.97;   15.7;   47.88;   23.1;    5.6;    2.3;eor
       2261;20190426;   10;  11.2;   3.2;    3;  16.2;   6;    4.717;   0;   7.3;   9.4;  945.54;   10.7;   74.38;   16.3;    5.9;    5.1;eor
       2261;20190427;   10;  13.0;   3.3;    3;  10.9;   6;    2.533;   0;   7.5;   9.2;  948.20;    7.8;   87.13;   14.4;    4.3;    3.4;eor
       2261;20190428;   10;   9.5;   2.8;    3;   0.7;   8;    2.717;   0;   7.5;   7.6;  951.74;    5.4;   84.75;    9.7;    2.9;    0.8;eor
       2261;20190429;   10;   9.1;   3.6;    3;   8.1;   6;    0.000;   0;   7.9;   8.7;  952.10;    5.8;   94.17;    7.9;    3.7;    2.3;eor
       2261;20190430;   10;   9.7;   3.9;    3;   0.0;   0;   12.550;   0;   2.5;   7.0;  951.16;    7.9;   67.71;   12.9;    3.0;    1.0;eor
       2261;20190501;    3;   8.4;   2.2;    3;   0.0;   6;    2.550;-999;   6.2;   8.5;  948.45;   10.1;   71.00;   16.7;    2.3;   -1.0;eor
       2261;20190502;    3;  11.8;   2.7;    3;   0.8;   6;    9.883;-999;   5.8;   8.6;  942.42;   11.2;   67.63;   16.8;    4.7;    0.6;eor
       2261;20190503;    3;   8.4;   2.3;    3;   1.4;   6;    0.083;-999;   7.8;   7.4;  942.95;    6.1;   79.08;    8.3;    2.2;   -0.3;eor
       2261;20190504;    3;  10.2;   2.7;    3;  10.1;   8;    0.167;-999;   7.3;   6.3;  940.83;    2.1;   88.42;    5.4;   -0.4;   -1.4;eor
       2261;20190505;    3;   7.2;   2.8;    3;   0.0;   8;    2.617;-999;   7.4;   5.4;  949.01;    2.8;   74.17;    6.9;    0.2;   -2.6;eor
       2261;20190506;    3;   8.4;   2.3;    3;   0.0;   8;    2.050;-999;   7.3;   5.4;  951.54;    4.2;   66.42;    7.6;    0.8;   -2.3;eor
       2261;20190507;    3;   7.9;   1.8;    3;   0.0;   6;    2.117;-999;   6.9;   5.9;  950.64;    5.6;   66.21;    9.4;    1.2;   -2.2;eor
       2261;20190508;    3;  11.9;   3.6;    3;   1.7;   6;    3.817;-999;   7.3;   8.4;  940.74;    8.1;   77.29;   14.1;    1.9;   -1.6;eor
       2261;20190509;    3;  10.2;   3.6;    3;   2.3;   6;    3.217;-999;   7.1;   9.6;  936.11;    9.3;   82.63;   14.1;    7.3;    6.5;eor
       2261;20190510;    3;  12.0;   3.8;    3;   2.5;   6;    7.100;-999;   6.3;   8.6;  943.53;   10.5;   69.46;   14.5;    7.4;    3.9;eor
       2261;20190511;    3;  10.9;   3.2;    3;  18.2;   6;    0.917;-999;   7.5;  10.2;  945.30;    8.3;   92.54;   13.8;    4.6;    4.4;eor
       2261;20190512;    3;  11.8;   5.3;    3;   0.0;   0;    5.350;-999;   7.7;   6.8;  960.17;    6.8;   70.67;   11.4;    3.7;    3.3;eor
       2261;20190513;    3;  10.3;   3.2;    3;   0.0;   0;   12.567;-999;   2.8;   5.6;  966.66;    6.7;   58.79;   11.2;    1.9;   -1.5;eor
       2261;20190514;    3;  14.6;   3.3;    3;   0.6;   6;    6.967;-999;   4.9;   5.9;  962.05;    5.2;   67.21;    9.4;    2.1;   -0.9;eor
       2261;20190515;    3;   9.3;   3.2;    3;   1.1;   6;    0.683;-999;   6.1;   5.9;  956.38;    3.6;   74.25;    6.2;   -0.8;   -2.0;eor
       2261;20190516;    3;   5.6;   2.2;    3;   3.5;   6;    0.000;-999;   7.9;   8.0;  948.62;    4.6;   93.75;    5.8;    3.3;    3.1;eor
       2261;20190517;    3;   8.8;   2.7;    3;   0.0;   0;    4.783;-999;   5.3;   9.3;  943.35;    9.8;   79.00;   15.6;    5.8;    1.6;eor
       2261;20190518;    3;   7.0;   2.3;    3;   0.0;   0;   10.683;-999;   4.9;  10.2;  941.01;   12.0;   74.58;   19.2;    4.4;   -0.5;eor
       2261;20190519;    3;   9.0;   2.4;    3;   1.3;   6;   11.550;-999;   4.7;  11.2;  938.87;   15.5;   66.67;   21.7;    7.8;    3.1;eor
       2261;20190520;    3;   6.8;   2.4;    3;  16.7;   6;    0.000;-999;   7.7;  13.4;  936.89;   13.3;   87.79;   16.5;   11.0;    9.1;eor
       2261;20190521;    3;  11.1;   3.0;    3;   0.0;   6;    0.350;-999;   7.6;  13.7;  940.20;   13.5;   88.71;   17.0;   11.2;   11.1;eor
       2261;20190522;    3;  10.5;   3.9;    3;   0.0;   6;    0.000;-999;   7.4;  11.3;  949.67;   10.8;   86.63;   12.7;    6.8;    4.6;eor
       2261;20190523;    3;   7.8;   2.3;    3;   0.0;   0;    9.533;-999;   6.3;   9.3;  952.38;   12.6;   65.54;   17.3;    5.8;    3.4;eor
       2261;20190524;    3;   4.8;   1.3;    3;   0.0;   0;    7.217;-999;   7.1;  10.2;  949.35;   14.3;   64.38;   19.6;    7.7;    3.2;eor
       2261;20190525;    3;   8.5;   1.9;    3;   2.5;   6;    9.250;-999;   6.0;  11.4;  949.27;   13.3;   75.54;   18.5;    8.0;    4.4;eor
       2261;20190526;    3;  10.3;   2.8;    3;   0.0;   0;   12.550;-999;   5.8;  10.8;  948.91;   14.2;   68.54;   19.6;    6.9;    4.3;eor
       2261;20190527;    3;  10.6;   2.8;    3;   2.7;   6;    7.983;-999;   7.4;  12.1;  943.94;   15.1;   70.58;   19.2;   10.4;    8.4;eor
       2261;20190528;    3;   7.7;   2.7;    3;   0.3;   6;    0.117;-999;   7.8;  11.5;  942.08;   11.3;   85.54;   13.8;    9.0;    8.8;eor
       2261;20190529;    3;  10.6;   2.5;    3;   0.0;   6;    2.483;-999;   6.1;   8.7;  953.57;    9.0;   77.17;   13.3;    4.1;   -1.1;eor
       2261;20190530;    3;   8.8;   2.0;    3;   0.0;   6;   12.317;-999;   4.2;   8.2;  958.60;   12.1;   61.42;   18.5;    1.4;   -2.2;eor
       2261;20190531;    3;   6.2;   1.9;    3;   0.0;   0;    1.900;-999;   7.7;  13.1;  958.73;   16.3;   71.38;   20.1;   11.6;    7.6;eor
       2261;20190601;    3;   5.7;   1.5;    3;   0.0;   0;   13.083;-999;   6.0;  13.2;  956.81;   18.2;   66.25;   24.6;    9.6;    5.4;eor
       2261;20190602;    3;   6.2;   1.8;    3;   0.0;   0;   14.750;-999;   2.6;  12.8;  953.10;   20.8;   56.42;   27.4;   11.4;    6.9;eor
       2261;20190603;    3;  13.9;   2.8;    3;   0.0;   6;   12.600;-999;   2.4;  12.1;  950.25;   21.9;   49.50;   28.8;   14.1;   11.2;eor
       2261;20190604;    3;   5.4;   1.4;    3;   0.0;   0;   14.333;-999;   1.3;  13.2;  947.81;   21.6;   54.17;   27.8;   13.6;    9.3;eor
       2261;20190605;    3;   7.4;   2.2;    3;   0.0;   0;   10.567;-999;   1.6;  14.2;  943.79;   22.8;   53.33;   29.3;   15.0;    9.4;eor
       2261;20190606;    3;   9.9;   3.6;    3;   4.4;   6;    6.417;-999;   5.0;  13.9;  945.55;   16.1;   76.46;   20.8;    9.8;    8.3;eor
       2261;20190607;    3;  14.9;   3.0;    3;   0.0;   6;    8.150;-999;   4.6;  14.0;  948.37;   16.1;   77.92;   23.9;    8.9;    5.7;eor
       2261;20190608;    3;  13.4;   3.8;    3;   0.0;   6;    8.650;-999;   4.2;   8.9;  956.16;   13.8;   58.17;   18.7;    8.6;    3.1;eor
       2261;20190609;    1;   9.4;   2.2;    1;   0.4;   6;   10.550;-999;   5.5;  10.9;  956.48;   16.6;   60.29;   23.9;    6.1;    1.9;eor
       2261;20190610;    1;   9.9;   1.7;    1;   0.0;   0;    3.883;-999;   7.6;  14.8;  948.40;   18.5;   71.21;   25.5;   13.5;   11.2;eor
       2261;20190611;    1;  11.4;   2.5;    1;   1.3;   6;    5.833;-999;   6.4;  16.1;  945.02;   18.0;   78.96;   24.2;   12.8;   10.9;eor
       2261;20190612;    1;  15.5;   3.4;    1;   2.4;   6;    5.783;-999;   7.0;  16.3;  944.72;   17.5;   83.54;   29.5;   12.3;   12.0;eor
       2261;20190613;    1;   5.7;   1.5;    1;   0.0;   0;   10.500;-999;   3.4;  12.2;  949.95;   17.4;   64.50;   23.5;   11.7;    7.3;eor
       2261;20190614;    1;  10.8;   2.4;    1;   0.0;   0;   10.633;-999;   4.4;  13.5;  951.46;   21.0;   57.42;   28.4;   10.0;    5.5;eor
       2261;20190615;    1;  12.4;   3.5;    1;   1.0;   6;   11.500;-999;   5.3;  16.0;  948.02;   21.4;   63.04;   24.8;   15.5;   12.5;eor
       2261;20190616;    1;   5.7;   2.0;    1;   0.0;   6;    1.567;-999;   7.1;  13.6;  954.85;   16.0;   75.17;   18.5;   12.9;    8.8;eor
       2261;20190617;    1;   7.4;   2.1;    1;   0.0;   0;    8.417;-999;   2.8;  13.1;  955.28;   18.5;   64.29;   24.4;   11.5;    7.7;eor
       2261;20190618;    1;   7.4;   2.1;    1;   0.0;   0;   12.550;-999;   2.9;  13.2;  951.06;   20.8;   56.08;   26.8;   12.4;    7.4;eor
       2261;20190619;    1;   9.4;   2.6;    1;   0.3;   6;   12.917;-999;   5.2;  14.1;  946.37;   23.1;   52.83;   29.2;   16.6;   13.5;eor
       2261;20190620;    1;  16.8;   3.2;    1;   0.0;   0;    5.383;-999;   5.8;  14.9;  947.55;   19.3;   67.75;   24.2;   15.5;   10.8;eor
       2261;20190621;    1;   7.1;   1.8;    1;   4.2;   6;    4.850;-999;   4.6;  14.9;  952.27;   17.3;   76.21;   22.7;   13.3;    9.2;eor
       2261;20190622;    1;  11.0;   3.2;    1;   1.3;   6;    5.100;-999;   5.9;  14.7;  953.82;   17.5;   74.29;   23.2;   12.0;   10.8;eor
       2261;20190623;    1;   8.8;   2.7;    1;   0.0;   0;    7.450;-999;   4.3;  14.6;  954.60;   19.6;   65.42;   25.1;   14.4;   11.2;eor
       2261;20190624;    1;   8.4;   2.4;    1;   0.0;   0;   15.100;-999;   1.7;  13.1;  957.03;   21.8;   53.25;   28.1;   13.0;    8.7;eor
       2261;20190625;    1;   8.2;   2.4;    1;   0.0;   0;   15.033;-999;   3.8;  14.6;  956.70;   24.6;   49.63;   31.8;   14.9;    9.7;eor
       2261;20190626;    1;  13.0;   2.4;    1;   0.0;   0;   14.850;-999;   0.9;  17.3;  957.63;   27.2;   51.13;   34.5;   17.4;   14.2;eor
       2261;20190627;    1;  10.0;   3.5;    1;   0.0;   0;   13.867;-999;   0.3;  11.8;  958.28;   21.5;   48.25;   26.9;   13.4;   12.1;eor
       2261;20190628;    1;   8.4;   2.5;    1;   0.0;   0;   12.367;-999;   1.4;  10.7;  958.15;   16.7;   59.08;   23.7;   11.2;    6.7;eor
       2261;20190629;    1;   5.9;   1.7;    1;   0.0;   0;   15.067;-999;   0.2;  10.0;  955.68;   21.3;   45.17;   30.6;    9.6;    5.0;eor
       2261;20190630;    1;  10.0;   3.2;    1;   0.0;   0;   14.933;-999;   0.4;  12.0;  951.27;   25.9;   38.63;   33.6;   14.2;   11.3;eor
       2261;20190701;    1;  12.1;   3.6;    1;   0.0;   6;   10.033;-999;   5.9;  15.4;  950.63;   24.0;   51.83;   29.5;   16.1;   13.7;eor
       2261;20190702;    1;   9.8;   3.2;    1;   0.0;   0;   14.267;-999;   2.2;   9.8;  954.49;   17.1;   51.46;   22.7;   11.5;    8.1;eor
       2261;20190703;    1;   8.3;   2.5;    1;   0.0;   0;   14.583;-999;   0.5;   8.1;  956.43;   15.1;   48.79;   21.0;    9.0;    4.1;eor
       2261;20190704;    1;   6.4;   2.0;    1;   0.0;   0;   14.417;-999;   2.5;   8.1;  956.03;   16.2;   46.46;   23.5;    8.4;    5.9;eor
       2261;20190705;    1;  11.8;   2.7;    1;   0.0;   0;    8.017;-999;   4.8;   9.4;  951.09;   18.3;   45.21;   24.7;   11.7;    9.3;eor
       2261;20190706;    1;  11.9;   3.4;    1;   0.2;   6;    9.317;-999;   6.9;  10.5;  945.70;   21.1;   43.83;   27.7;   13.2;   10.4;eor
       2261;20190707;    1;  10.1;   3.0;    1;   1.0;   6;    2.467;-999;   5.9;  10.5;  946.72;   13.9;   66.21;   18.5;    9.5;    5.4;eor
       2261;20190708;    1;  11.6;   3.2;    1;   0.0;   0;    5.650;-999;   5.7;   8.1;  950.88;   12.8;   55.63;   17.7;    9.5;    6.1;eor
