STATIONS_ID;MESS_DATUM;QN_3;  FX;  FM;QN_4; RSK;RSKF; SDK;SHK_TAG;  NM; VPM;  PM; TMK; UPM; TXK; TNK; TGK;eor
       1504;20180105;-999;-999;-999;    3;   0.0;   4;    0.000;   0;   7.1;   7.9;  977.00;    7.3;   78.17;   -999;   -999;-999;eor
       1504;20180106;-999;-999;-999;    3;   3.5;   4;    0.000;   0;   7.6;   7.5;  987.13;    4.1;   91.46;   -999;   -999;-999;eor
       1504;20180107;-999;-999;-999;    3;   0.2;   4;    0.000;   0;   8.0;   6.4; 1001.93;    3.0;   84.38;   -999;   -999;-999;eor
       1504;20180108;-999;-999;-999;    3;   0.0;   0;    0.000;   0;   7.9;   5.8; 1003.95;    1.9;   82.46;   -999;   -999;-999;eor
       1504;20180109;-999;-999;-999;    3;   0.7;   4;    0.200;   0;   7.3;   6.4;  992.90;    2.5;   88.00;   -999;   -999;-999;eor
       1504;20180110;-999;-999;-999;    3;   0.2;   4;    2.400;   0;   6.3;   7.0;  990.13;    3.1;   92.08;   -999;   -999;-999;eor
       1504;20180111;-999;-999;-999;    3;   0.0;   4;    0.000;   0;   7.6;   7.9;  994.86;    4.3;   93.63;   -999;   -999;-999;eor
       1504;20180112;-999;-999;-999;    3;   0.0;   0;    0.000;   0;   7.9;   7.9; 1003.52;    5.2;   89.25;   -999;   -999;-999;eor
       1504;20180113;-999;-999;-999;    3;   0.0;   0;    0.000;   0;   7.5;   6.6; 1004.52;    3.6;   84.13;   -999;   -999;-999;eor
       1504;20180114;-999;-999;-999;    3;   0.0;   0;    0.000;   0;   5.8;   4.8; 1001.53;    0.7;   74.13;   -999;   -999;-999;eor
       1504;20180115;-999;-999;-999;    3;   7.2;   4;    0.000;   0;   6.6;   5.7;  988.52;    1.7;   81.04;   -999;   -999;-999;eor
       1504;20180116;-999;-999;-999;    3;   3.4;   4;    1.600;   0;   6.0;   6.6;  972.23;    3.6;   83.83;   -999;   -999;-999;eor
       1504;20180117;-999;-999;-999;    3;   4.9;   4;    1.200;   0;   6.2;   5.7;  977.79;    1.3;   85.08;   -999;   -999;-999;eor
       1504;20180118;-999;-999;-999;    3;   6.1;   4;    1.700;   0;   5.3;   6.1;  977.12;    3.3;   79.50;   -999;   -999;-999;eor
       1504;20180119;-999;-999;-999;    3;   3.9;   4;    1.000;   0;   6.3;   5.9;  985.40;    1.1;   88.75;   -999;   -999;-999;eor
       1504;20180120;-999;-999;-999;    3;   5.2;   4;    0.700;   1;   7.3;   6.0;  983.40;    1.3;   89.54;   -999;   -999;-999;eor
       1504;20180121;-999;-999;-999;    3;   0.9;   4;    1.000;   0;   6.9;   5.9;  990.50;    1.1;   89.83;   -999;   -999;-999;eor
       1504;20180122;-999;-999;-999;    3;   3.8;   4;    0.100;   0;   7.5;   6.5;  988.57;    2.0;   90.88;   -999;   -999;-999;eor
       1504;20180123;-999;-999;-999;    3;   0.0;   0;    0.400;   0;   7.5;   7.7;  999.68;    5.3;   86.04;   -999;   -999;-999;eor
       1504;20180124;-999;-999;-999;    3;   0.0;   4;    0.000;   0;   7.4;   9.8;  995.98;    8.9;   85.50;   -999;   -999;-999;eor
       1504;20180125;-999;-999;-999;    3;   8.0;   4;    0.000;   0;   7.7;   9.7;  991.66;    8.4;   87.88;   -999;   -999;-999;eor
       1504;20180126;-999;-999;-999;    3;   0.1;   4;    0.000;   0;   7.7;   8.8;  996.77;    5.8;   94.88;   -999;   -999;-999;eor
       1504;20180127;-999;-999;-999;    3;   0.0;   0;    1.500;   0;   6.9;   7.3; 1008.02;    3.3;   93.88;   -999;   -999;-999;eor
       1504;20180128;-999;-999;-999;    3;   0.0;   0;    0.000;   0;   7.6;   8.2; 1007.56;    6.3;   84.67;   -999;   -999;-999;eor
       1504;20180129;-999;-999;-999;    3;   1.3;   4;    0.000;   0;   7.0;   8.8; 1003.49;    9.0;   76.92;   -999;   -999;-999;eor
       1504;20180130;-999;-999;-999;    3;   0.2;   4;    4.700;   0;   4.9;   5.8; 1005.49;    3.0;   78.04;   -999;   -999;-999;eor
       1504;20180131;-999;-999;-999;    3;   3.9;   4;    0.000;   0;   7.8;   8.3;  986.68;    5.8;   88.42;   -999;   -999;-999;eor
       1504;20180201;-999;-999;-999;    3;   0.4;   4;    1.200;   0;   5.3;   5.8;  979.68;    2.2;   82.75;   -999;   -999;-999;eor
       1504;20180202;-999;-999;-999;    3;   0.5;   4;    0.000;   0;   6.9;   6.1;  981.73;    1.9;   87.13;   -999;   -999;-999;eor
       1504;20180203;-999;-999;-999;    3;   0.5;   4;    0.300;   0;   7.0;   5.5;  984.58;    1.9;   79.08;   -999;   -999;-999;eor
       1504;20180204;-999;-999;-999;    3;   0.1;   4;    0.000;   0;   6.6;   4.7;  995.58;   -0.8;   81.46;   -999;   -999;-999;eor
       1504;20180205;-999;-999;-999;    3;   0.0;   0;    0.700;   0;   4.2;   3.9; 1004.01;   -2.6;   78.04;   -999;   -999;-999;eor
       1504;20180206;-999;-999;-999;    3;   0.0;   4;    1.500;   0;   5.3;   3.7;  994.23;   -2.7;   74.67;   -999;   -999;-999;eor
       1504;20180207;-999;-999;-999;    3;   0.0;   0;    4.000;   0;   4.7;   4.3;  993.32;   -0.9;   74.88;   -999;   -999;-999;eor
       1504;20180208;-999;-999;-999;    3;   0.0;   0;    0.500;   0;   4.3;   3.9;  997.96;   -3.7;   84.21;   -999;   -999;-999;eor
       1504;20180209;-999;-999;-999;    3;   0.0;   4;    0.100;   0;   6.0;   4.3;  994.32;   -3.3;   87.46;   -999;   -999;-999;eor
       1504;20180210;-999;-999;-999;    3;   0.0;   4;    0.100;   0;   6.7;   5.2;  993.38;   -0.2;   86.04;   -999;   -999;-999;eor
       1504;20180211;-999;-999;-999;    3;   1.0;   4;    0.400;   0;   6.9;   5.7;  983.05;    1.2;   86.17;   -999;   -999;-999;eor
       1504;20180212;-999;-999;-999;    3;   0.6;   4;    2.000;   0;   4.9;   5.2;  990.34;    0.0;   86.08;   -999;   -999;-999;eor
       1504;20180213;-999;-999;-999;    3;   0.0;   0;    6.500;   0;   1.8;   4.3;  993.47;   -1.2;   78.17;   -999;   -999;-999;eor
       1504;20180214;-999;-999;-999;    3;   0.0;   0;    7.800;   0;   0.3;   3.6;  996.35;   -2.6;   74.00;   -999;   -999;-999;eor
       1504;20180215;-999;-999;-999;    3;   0.4;   4;    0.000;   0;   7.4;   5.0;  994.34;    0.0;   79.71;   -999;   -999;-999;eor
       1504;20180216;-999;-999;-999;    3;   0.0;   0;    3.900;   0;   5.0;   5.5; 1002.75;    0.6;   84.88;   -999;   -999;-999;eor
       1504;20180217;-999;-999;-999;    3;   0.0;   0;    0.200;   0;   5.8;   4.9; 1002.51;   -0.6;   83.46;   -999;   -999;-999;eor
       1504;20180218;-999;-999;-999;    3;   0.0;   0;    3.200;   0;   4.3;   4.7; 1005.15;   -1.9;   88.83;   -999;   -999;-999;eor
       1504;20180219;-999;-999;-999;    3;   0.0;   0;    1.000;   0;   5.7;   4.5;  998.86;   -1.5;   83.42;   -999;   -999;-999;eor
       1504;20180220;-999;-999;-999;    3;   0.0;   0;    2.100;   0;   6.6;   4.3;  996.66;   -0.5;   74.58;   -999;   -999;-999;eor
       1504;20180221;-999;-999;-999;    3;   0.0;   0;    7.600;   0;   4.1;   4.0; 1001.62;    0.3;   65.46;   -999;   -999;-999;eor
       1504;20180222;-999;-999;-999;    3;   0.0;   0;    5.600;   0;   2.8;   3.6; 1001.31;   -0.6;   61.21;   -999;   -999;-999;eor
       1504;20180223;-999;-999;-999;    3;   0.0;   0;    9.100;   0;   0.7;   2.5; 1000.77;   -1.4;   47.17;   -999;   -999;-999;eor
       1504;20180224;-999;-999;-999;    3;   0.0;   0;    4.200;   0;   3.0;   2.5; 1004.51;   -2.9;   50.75;   -999;   -999;-999;eor
       1504;20180225;-999;-999;-999;    3;   0.0;   4;    7.200;   0;  -999;   2.0; 1007.06;   -4.8;   48.33;   -999;   -999;-999;eor
       1504;20180226;-999;-999;-999;    3;   1.3;   4;    1.900;   0;   5.6;   2.8; 1004.48;   -5.5;   70.42;   -999;   -999;-999;eor
       1504;20180227;-999;-999;-999;    3;   0.0;   0;    9.400;   4;   1.1;   1.9;  999.30;   -8.6;   61.25;   -999;   -999;-999;eor
       1504;20180228;-999;-999;-999;    3;   0.0;   0;    4.700;   2;   3.3;   1.8;  999.61;   -9.4;   60.83;   -999;   -999;-999;eor
       1504;20180301;-999;-999;-999;    3;   0.0;   0;    8.700;   1;   4.9;   1.9;  989.85;   -6.7;   52.21;   -999;   -999;-999;eor
       1504;20180302;-999;-999;-999;    3;   0.2;   4;    7.700;   0;   6.3;   2.2;  979.99;   -5.5;   54.08;   -999;   -999;-999;eor
       1504;20180303;-999;-999;-999;    3;   0.8;   4;    0.000;   0;   7.7;   3.3;  978.89;   -3.7;   70.13;   -999;   -999;-999;eor
       1504;20180304;-999;-999;-999;    3;   0.1;   4;    1.800;   2;   7.5;   5.3;  977.93;    0.2;   84.38;   -999;   -999;-999;eor
       1504;20180305;-999;-999;-999;    3;   0.0;   0;    4.100;   0;  -999;   6.6;  974.99;    5.1;   77.04;   -999;   -999;-999;eor
       1504;20180306;-999;-999;-999;    3;   0.0;   0;    0.200;   0;   5.8;   5.6;  971.04;    0.6;   88.25;   -999;   -999;-999;eor
       1504;20180307;-999;-999;-999;    3;   0.4;   4;    3.700;   0;   6.6;   6.8;  973.67;    3.7;   85.08;   -999;   -999;-999;eor
       1504;20180308;-999;-999;-999;    3;   7.5;   4;    2.500;   0;   6.6;   6.7;  980.73;    4.9;   77.96;   -999;   -999;-999;eor
       1504;20180309;-999;-999;-999;    3;   1.0;   4;    2.900;   0;   6.3;   6.8;  985.83;    4.2;   82.33;   -999;   -999;-999;eor
       1504;20180310;-999;-999;-999;    3;   0.0;   0;    3.500;-999;  -999;  10.1;  982.02;    9.7;   83.17;   -999;   -999;-999;eor
       1504;20180311;-999;-999;-999;    3;   3.2;   4;    3.700;-999;  -999;  10.6;  976.38;   11.6;   79.04;   -999;   -999;-999;eor
       1504;20180312;-999;-999;-999;    3;   4.8;   4;    1.400;   0;   6.8;  10.0;  972.79;    9.1;   86.79;   -999;   -999;-999;eor
       1504;20180313;-999;-999;-999;    3;   1.3;   4;    0.000;   0;   7.5;   8.2;  980.40;    7.3;   79.58;   -999;   -999;-999;eor
       1504;20180314;-999;-999;-999;    3;   0.0;   4;    3.200;   0;   5.8;   6.6;  989.50;    4.7;   77.83;   -999;   -999;-999;eor
       1504;20180315;-999;-999;-999;    3;   8.8;   4;    7.900;   0;   4.5;   6.0;  980.66;    4.7;   70.92;   -999;   -999;-999;eor
       1504;20180316;-999;-999;-999;    3;   4.2;   4;    0.000;   0;   8.0;   6.0;  981.93;    1.7;   86.88;   -999;   -999;-999;eor
       1504;20180317;-999;-999;-999;    3;   0.0;   4;    0.000;   0;   8.0;   3.2;  986.23;   -3.5;   66.79;   -999;   -999;-999;eor
       1504;20180318;-999;-999;-999;    3;   0.0;   0;    5.200;   0;   7.3;   2.3;  988.93;   -3.2;   48.75;   -999;   -999;-999;eor
       1504;20180319;-999;-999;-999;    3;   0.0;   4;   10.300;   0;   4.1;   2.3;  991.57;   -2.6;   46.67;   -999;   -999;-999;eor
       1504;20180320;-999;-999;-999;    3;   0.1;   4;    1.500;   0;   3.8;   3.8;  996.12;   -1.4;   67.71;   -999;   -999;-999;eor
       1504;20180321;-999;-999;-999;    3;   0.1;   4;    9.700;   0;   4.4;   3.9; 1005.06;    0.1;   65.38;   -999;   -999;-999;eor
       1504;20180322;-999;-999;-999;    3;   1.0;   4;    0.100;   0;   7.6;   5.9;  993.97;    1.7;   85.17;   -999;   -999;-999;eor
       1504;20180323;-999;-999;-999;    3;   0.4;   4;    0.000;   0;   7.5;   7.4;  985.82;    4.3;   88.71;   -999;   -999;-999;eor
       1504;20180324;-999;-999;-999;    3;   0.0;   0;    3.300;   0;   6.5;   6.4;  982.25;    5.3;   74.79;   -999;   -999;-999;eor
       1504;20180325;-999;-999;-999;    3;   0.0;   0;    7.900;   0;   6.1;   5.8;  986.09;    4.8;   70.17;   -999;   -999;-999;eor
       1504;20180326;-999;-999;-999;    3;   0.0;   4;    1.500;   0;   6.0;   5.8;  992.62;    4.4;   70.79;   -999;   -999;-999;eor
       1504;20180327;-999;-999;-999;    3;   2.9;   4;    3.400;   0;   6.3;   6.3;  991.00;    4.9;   73.67;   -999;   -999;-999;eor
       1504;20180328;-999;-999;-999;    3;   3.4;   4;    0.000;   0;   7.6;   8.8;  980.43;    7.2;   86.83;   -999;   -999;-999;eor
       1504;20180329;-999;-999;-999;    3;   0.5;   4;    2.100;   0;   5.7;   6.4;  984.38;    4.5;   76.54;   -999;   -999;-999;eor
       1504;20180330;-999;-999;-999;    3;   0.0;   0;    5.100;   0;  -999;   6.2;  981.96;    6.0;   68.63;   -999;   -999;-999;eor
       1504;20180331;-999;-999;-999;    3;   0.0;   4;    2.600;-999;  -999;   7.3;  977.85;    7.8;   70.54;   -999;   -999;-999;eor
       1504;20180401;-999;-999;-999;    3;   1.0;   4;    0.200;-999;  -999;   7.1;  985.59;    4.7;   83.21;   -999;   -999;-999;eor
       1504;20180402;-999;-999;-999;    3;   0.1;   4;    3.200;-999;  -999;   6.7;  987.26;    7.1;   68.46;   -999;   -999;-999;eor
       1504;20180403;-999;-999;-999;    3;   0.0;   4;    4.700;   0;   6.8;   8.7;  982.08;   12.2;   63.29;   -999;   -999;-999;eor
       1504;20180404;-999;-999;-999;    3;   0.1;   4;    6.000;   0;   5.6;   9.5;  981.77;   11.9;   68.25;   -999;   -999;-999;eor
       1504;20180405;-999;-999;-999;    3;   0.3;   4;    2.300;   0;   5.1;   7.5;  990.15;    7.8;   72.38;   -999;   -999;-999;eor
       1504;20180406;-999;-999;-999;    3;   0.0;   0;   11.400;   0;   2.4;   4.8;  999.95;    5.2;   61.38;   -999;   -999;-999;eor
       1504;20180407;-999;-999;-999;    3;   0.0;   0;   10.500;   0;   4.0;   6.9;  992.39;    9.5;   60.50;   -999;   -999;-999;eor
       1504;20180408;-999;-999;-999;    3;   0.0;   0;   10.900;   0;   1.5;   8.6;  987.52;   12.7;   62.42;   -999;   -999;-999;eor
       1504;20180409;-999;-999;-999;    3;   0.0;   0;    3.300;   0;   6.0;   9.7;  983.80;   13.6;   65.00;   -999;   -999;-999;eor
       1504;20180410;-999;-999;-999;    3;   0.0;   0;    9.800;   0;   4.7;  10.2;  981.78;   14.8;   64.25;   -999;   -999;-999;eor
       1504;20180411;-999;-999;-999;    3;   0.0;   0;    2.000;   0;   5.5;  10.6;  985.22;   12.1;   76.54;   -999;   -999;-999;eor
       1504;20180412;-999;-999;-999;    3;   1.3;   4;    5.800;   0;   6.0;  11.4;  980.54;   14.6;   69.67;   -999;   -999;-999;eor
       1504;20180413;-999;-999;-999;    3;  25.4;   4;    0.000;   0;   7.7;  11.6;  985.48;   11.3;   86.50;   -999;   -999;-999;eor
       1504;20180414;-999;-999;-999;    3;   0.1;   4;    6.700;   0;   5.9;  11.4;  995.84;   13.0;   77.38;   -999;   -999;-999;eor
       1504;20180415;-999;-999;-999;    3;   1.1;   4;    4.800;   0;   6.9;  11.7;  991.93;   14.0;   75.21;   -999;   -999;-999;eor
       1504;20180416;-999;-999;-999;    3;   0.2;   4;    4.200;   0;   5.6;  11.8;  993.45;   13.9;   76.29;   -999;   -999;-999;eor
       1504;20180417;-999;-999;-999;    3;   0.0;   0;   11.700;   0;   3.8;  10.4; 1003.90;   13.2;   70.92;   -999;   -999;-999;eor
       1504;20180418;-999;-999;-999;    3;   0.0;   0;   12.700;   0;   3.8;  10.1; 1009.45;   15.2;   63.96;   -999;   -999;-999;eor
       1504;20180419;-999;-999;-999;    3;   0.0;   0;   12.800;   0;   3.0;  10.4; 1007.31;   16.9;   58.63;   -999;   -999;-999;eor
       1504;20180420;-999;-999;-999;    3;   0.0;   0;   12.700;   0;   2.8;  12.4; 1001.88;   17.4;   64.96;   -999;   -999;-999;eor
       1504;20180421;-999;-999;-999;    3;   0.0;   0;   11.200;   0;   1.2;  12.4;  998.66;   16.8;   67.88;   -999;   -999;-999;eor
       1504;20180422;-999;-999;-999;    3;   0.4;   4;    7.600;   0;   5.3;  13.2;  992.90;   16.3;   73.29;   -999;   -999;-999;eor
       1504;20180423;-999;-999;-999;    3;   0.1;   4;    7.200;   0;   5.6;  11.7;  992.74;   15.4;   69.79;   -999;   -999;-999;eor
       1504;20180424;-999;-999;-999;    3;   0.0;   0;    3.200;   0;   6.1;  10.4;  993.91;   12.3;   73.08;   -999;   -999;-999;eor
       1504;20180425;-999;-999;-999;    3;   0.0;   4;    3.400;   0;   5.2;   9.9;  989.09;   13.1;   66.63;   -999;   -999;-999;eor
       1504;20180426;-999;-999;-999;    3;   1.0;   4;    6.700;   0;   4.3;   7.5;  994.25;    9.4;   65.21;   -999;   -999;-999;eor
       1504;20180427;-999;-999;-999;    3;   0.0;   4;   11.200;   0;   5.3;   7.5;  991.32;    9.6;   66.96;   -999;   -999;-999;eor
       1504;20180428;-999;-999;-999;    3;   0.2;   4;    7.500;   0;   5.5;   8.8;  989.95;   11.9;   65.00;   -999;   -999;-999;eor
       1504;20180429;-999;-999;-999;    3;   0.3;   4;    7.200;   0;   5.8;  11.9;  985.74;   15.2;   69.17;   -999;   -999;-999;eor
       1504;20180430;-999;-999;-999;    3;   0.1;   4;    5.300;   0;   5.0;  10.1;  979.85;   14.2;   62.88;   -999;   -999;-999;eor
       1504;20180501;-999;-999;-999;    3;   0.0;   4;    7.100;   0;   4.1;   6.4;  989.41;    9.2;   57.38;   -999;   -999;-999;eor
       1504;20180502;-999;-999;-999;    3;   0.1;   4;    3.800;   0;   5.9;   7.4;  991.94;    8.7;   67.46;   -999;   -999;-999;eor
       1504;20180503;-999;-999;-999;    3;   0.0;   0;    5.500;   0;   6.0;   8.1;  994.86;   11.3;   62.46;   -999;   -999;-999;eor
       1504;20180504;-999;-999;-999;    3;   0.0;   0;   13.600;   0;   2.0;   7.5; 1000.71;   12.2;   55.38;   -999;   -999;-999;eor
       1504;20180505;-999;-999;-999;    3;   0.0;   0;   13.700;   0;   0.9;   7.5; 1003.38;   13.3;   53.96;   -999;   -999;-999;eor
       1504;20180506;-999;-999;-999;    3;   0.0;   0;   13.500;   0;   0.1;   8.8; 1002.81;   14.8;   54.96;   -999;   -999;-999;eor
       1504;20180507;-999;-999;-999;    3;   0.1;   4;   13.800;   0;   0.0;   9.5;  998.48;   15.9;   56.54;   -999;   -999;-999;eor
       1504;20180508;-999;-999;-999;    3;   0.1;   4;   13.800;   0;   0.2;  10.3;  991.37;   17.2;   56.17;   -999;   -999;-999;eor
       1504;20180509;-999;-999;-999;    3;   0.0;   0;   12.100;   0;   2.0;  11.9;  986.73;   18.3;   59.50;   -999;   -999;-999;eor
       1504;20180510;-999;-999;-999;    3;  25.0;   4;    5.300;   0;   5.0;  12.7;  989.26;   14.6;   76.79;   -999;   -999;-999;eor
       1504;20180511;-999;-999;-999;    3;   0.0;   0;    5.600;   0;   6.0;  11.0;  997.79;   14.8;   66.54;   -999;   -999;-999;eor
       1504;20180512;-999;-999;-999;    3;   0.0;   0;   12.000;   0;   4.7;  12.3;  993.66;   17.0;   66.50;   -999;   -999;-999;eor
       1504;20180513;-999;-999;-999;    3;   0.5;   4;    5.900;   0;   6.2;  14.8;  988.88;   16.9;   78.04;   -999;   -999;-999;eor
       1504;20180514;-999;-999;-999;    3;   0.0;   0;   13.600;   0;   1.3;  11.4;  989.53;   19.1;   56.83;   -999;   -999;-999;eor
       1504;20180515;-999;-999;-999;    3;   6.5;   4;    5.600;   0;   5.3;  10.1;  992.90;   16.4;   56.25;   -999;   -999;-999;eor
       1504;20180516;-999;-999;-999;    3;   0.8;   4;    5.500;   0;   6.6;  13.1;  993.30;   14.6;   79.33;   -999;   -999;-999;eor
       1504;20180517;-999;-999;-999;    3;   0.0;   0;   10.100;   0;   6.1;   9.4;  996.98;   12.9;   64.21;   -999;   -999;-999;eor
       1504;20180518;-999;-999;-999;    3;   0.0;   0;    2.600;   0;   7.5;   9.5;  999.49;   10.5;   75.71;   -999;   -999;-999;eor
       1504;20180519;-999;-999;-999;    3;   0.0;   0;    8.100;-999;  -999;   9.3; 1000.17;   12.2;   69.13;   -999;   -999;-999;eor
       1504;20180520;-999;-999;-999;    3;   0.0;   0;   13.900;-999;  -999;   9.5; 1000.43;   15.3;   58.92;   -999;   -999;-999;eor
       1504;20180521;-999;-999;-999;    3;   0.0;   0;   14.200;-999;  -999;  10.2;  995.22;   16.7;   55.17;   -999;   -999;-999;eor
       1504;20180522;-999;-999;-999;    3;   8.9;   4;    6.300;   0;   6.0;  13.1;  992.44;   15.9;   73.88;   -999;   -999;-999;eor
       1504;20180523;-999;-999;-999;    3;   2.3;   4;    6.700;   0;   7.0;  13.0;  997.19;   18.8;   62.75;   -999;   -999;-999;eor
       1504;20180524;-999;-999;-999;    3;   0.6;   4;    0.400;   0;   7.4;  14.6;  998.28;   17.0;   76.25;   -999;   -999;-999;eor
       1504;20180525;-999;-999;-999;    3;   0.0;   0;    5.900;   0;  -999;  16.0;  997.72;   18.5;   77.95;   -999;   -999;-999;eor
       1504;20180526;-999;-999;-999;    3;   0.0;   0;   13.900;-999;  -999;  14.1;  999.37;   20.2;   64.08;   -999;   -999;-999;eor
       1504;20180527;-999;-999;-999;    3;   0.0;   4;   10.100;   0;   4.0;  14.5;  997.70;   20.0;   64.38;   -999;   -999;-999;eor
       1504;20180528;-999;-999;-999;    3;   0.0;   0;   11.400;   0;   5.7;  16.1;  996.14;   22.2;   64.04;   -999;   -999;-999;eor
       1504;20180529;-999;-999;-999;    3;  12.8;   4;    9.400;   0;   5.4;  18.0;  992.19;   20.5;   77.35;   -999;   -999;-999;eor
       1504;20180530;-999;-999;-999;    3;   0.0;   0;   10.500;   0;   3.9;  17.6;  993.30;   20.8;   74.67;   -999;   -999;-999;eor
       1504;20180531;-999;-999;-999;    3;  16.7;   4;    9.600;   0;   5.6;  18.3;  993.06;   21.9;   71.96;   -999;   -999;-999;eor
       1504;20180601;-999;-999;-999;    3;   0.8;   4;    4.400;   0;   6.3;  17.8;  994.41;   19.5;   79.04;   -999;   -999;-999;eor
       1504;20180602;-999;-999;-999;    3;   7.7;   4;    1.900;   0;   6.8;  17.2;  996.67;   18.4;   82.17;   -999;   -999;-999;eor
       1504;20180603;-999;-999;-999;    3;   0.0;   0;    7.000;   0;   4.6;  16.5;  996.70;   18.7;   78.75;   -999;   -999;-999;eor
       1504;20180604;-999;-999;-999;    3;   0.0;   0;   13.600;   0;   1.4;  15.9;  991.75;   19.7;   71.83;   -999;   -999;-999;eor
       1504;20180605;-999;-999;-999;    3;   0.0;   0;    6.300;   0;   3.7;  15.5;  991.81;   17.6;   77.92;   -999;   -999;-999;eor
       1504;20180606;-999;-999;-999;    3;   0.0;   0;   14.700;   0;   2.1;  15.1;  992.49;   20.1;   67.00;   -999;   -999;-999;eor
       1504;20180607;-999;-999;-999;    3;   0.0;   0;    9.600;   0;   5.5;  17.2;  993.17;   20.4;   73.71;   -999;   -999;-999;eor
       1504;20180608;-999;-999;-999;    3;   3.8;   4;    2.100;   0;   7.1;  19.0;  991.98;   20.1;   82.25;   -999;   -999;-999;eor
       1504;20180609;-999;-999;-999;    3;   5.7;   4;    9.800;   0;   6.0;  18.4;  990.66;   22.0;   72.96;   -999;   -999;-999;eor
       1504;20180610;-999;-999;-999;    3;   6.1;   4;    4.000;   0;   6.7;  19.3;  990.46;   19.5;   85.88;   -999;   -999;-999;eor
       1504;20180611;-999;-999;-999;    3;   0.0;   4;    0.300;   0;   7.5;  16.1;  990.38;   18.0;   78.63;   -999;   -999;-999;eor
       1504;20180612;-999;-999;-999;    3;   0.2;   4;    0.300;   0;   7.4;  12.5;  990.48;   15.7;   70.75;   -999;   -999;-999;eor
       1504;20180613;-999;-999;-999;    3;   0.0;   0;    0.000;   0;   7.0;  11.2;  993.54;   13.6;   72.63;   -999;   -999;-999;eor
       1504;20180614;-999;-999;-999;    3;   0.9;   4;   10.400;   0;   5.8;  11.6;  994.82;   14.7;   70.67;   -999;   -999;-999;eor
       1504;20180615;-999;-999;-999;    3;   0.3;   4;    2.600;   0;   7.3;  15.2;  995.72;   17.0;   79.63;   -999;   -999;-999;eor
       1504;20180616;-999;-999;-999;    3;   0.1;   4;    9.500;   0;   6.1;  15.0;  994.12;   19.0;   70.96;   -999;   -999;-999;eor
       1504;20180617;-999;-999;-999;    3;   1.4;   4;    3.600;   0;   6.7;  14.5;  996.04;   17.8;   73.17;   -999;   -999;-999;eor
       1504;20180618;-999;-999;-999;    3;   0.0;   4;    2.400;   0;   6.6;  14.1;  999.68;   17.4;   71.50;   -999;   -999;-999;eor
       1504;20180619;-999;-999;-999;    3;   0.0;   0;    1.400;   0;   5.6;  15.9; 1001.74;   18.5;   75.33;   -999;   -999;-999;eor
       1504;20180620;-999;-999;-999;    3;   0.1;   4;    8.300;   0;   2.3;  16.4;  999.43;   19.7;   73.08;   -999;   -999;-999;eor
       1504;20180621;-999;-999;-999;    3;   0.2;   4;    9.300;   0;   4.2;  11.9;  995.63;   16.5;   64.50;   -999;   -999;-999;eor
       1504;20180622;-999;-999;-999;    3;   2.1;   4;    2.800;   0;   5.8;   9.8; 1001.19;   12.0;   70.33;   -999;   -999;-999;eor
       1504;20180623;-999;-999;-999;    3;   0.0;   4;    1.200;   0;   6.5;   9.7; 1002.83;   13.5;   63.71;   -999;   -999;-999;eor
       1504;20180624;-999;-999;-999;    3;   0.0;   4;    0.100;   0;   7.1;  11.0; 1000.35;   13.1;   73.25;   -999;   -999;-999;eor
       1504;20180625;-999;-999;-999;    3;   0.1;   4;    0.700;   0;   7.2;  13.2; 1001.23;   15.8;   74.17;   -999;   -999;-999;eor
       1504;20180626;-999;-999;-999;    3;   0.0;   4;    5.200;   0;   5.0;  13.0; 1002.91;   15.6;   74.33;   -999;   -999;-999;eor
       1504;20180627;-999;-999;-999;    3;   0.0;   0;    8.000;   0;   2.8;  12.2; 1002.62;   17.4;   65.96;   -999;   -999;-999;eor
       1504;20180628;-999;-999;-999;    3;   0.0;   4;   13.000;   0;   5.0;  12.6;  999.99;   20.1;   56.21;   -999;   -999;-999;eor
       1504;20180629;-999;-999;-999;    3;   0.0;   0;   15.000;   0;   1.7;  12.3;  995.87;   22.4;   48.21;   -999;   -999;-999;eor
       1504;20180630;-999;-999;-999;    3;   0.0;   0;   15.000;   0;   0.4;  10.1;  995.73;   19.0;   49.83;   -999;   -999;-999;eor
       1504;20180701;-999;-999;-999;    3;   0.0;   0;   15.100;   0;   0.1;   7.9;  997.35;   16.3;   47.09;   -999;   -999;-999;eor
       1504;20180702;-999;-999;-999;    3;   0.0;   0;   14.700;   0;   0.3;   8.4;  995.90;   17.4;   46.79;   -999;   -999;-999;eor
       1504;20180703;-999;-999;-999;    3;   0.0;   0;   14.800;   0;   1.2;   8.6;  995.54;   19.0;   44.92;   -999;   -999;-999;eor
       1504;20180704;-999;-999;-999;    3;   0.0;   0;    8.400;   0;   5.1;  12.1;  993.02;   20.6;   53.46;   -999;   -999;-999;eor
       1504;20180705;-999;-999;-999;    3;   0.0;   4;    5.600;   0;   5.2;  16.3;  991.67;   20.8;   67.29;   -999;   -999;-999;eor
       1504;20180706;-999;-999;-999;    3;   0.0;   0;    8.700;   0;   4.3;  12.4;  997.43;   18.6;   60.83;   -999;   -999;-999;eor
       1504;20180707;-999;-999;-999;    3;   0.0;   0;   12.800;   0;   3.6;   9.7; 1000.86;   18.2;   49.79;   -999;   -999;-999;eor
       1504;20180708;-999;-999;-999;    3;   0.0;   0;   14.900;   0;   1.1;  10.9; 1001.15;   18.1;   55.67;   -999;   -999;-999;eor
       1504;20180709;-999;-999;-999;    3;   0.1;   4;    7.800;   0;   4.9;  12.5;  999.65;   17.6;   62.42;   -999;   -999;-999;eor
       1504;20180710;-999;-999;-999;    3;   7.8;   4;    0.100;   0;   7.3;  12.5;  994.80;   14.3;   77.54;   -999;   -999;-999;eor
       1504;20180711;-999;-999;-999;    3;   0.3;   4;    1.300;   0;   6.8;  13.9;  994.24;   15.0;   82.04;   -999;   -999;-999;eor
       1504;20180712;-999;-999;-999;    3;   0.2;   4;    4.000;   0;   5.4;  15.1;  996.01;   17.8;   76.29;   -999;   -999;-999;eor
       1504;20180713;-999;-999;-999;    3;   0.0;   0;   14.300;   0;   1.3;  13.5;  998.20;   20.3;   60.71;   -999;   -999;-999;eor
       1504;20180714;-999;-999;-999;    3;   0.0;   0;    9.600;-999;  -999;  14.0;  997.78;   20.0;   63.04;   -999;   -999;-999;eor
       1504;20180715;-999;-999;-999;    3;   0.0;   0;   14.600;-999;  -999;  12.0;  995.22;   20.1;   55.42;   -999;   -999;-999;eor
       1504;20180716;-999;-999;-999;    3;   0.0;   0;   10.900;   0;   3.1;  12.5;  992.08;   21.3;   52.00;   -999;   -999;-999;eor
       1504;20180717;-999;-999;-999;    3;   0.0;   4;    9.600;   0;   4.8;  13.1;  992.70;   22.0;   54.25;   -999;   -999;-999;eor
       1504;20180718;-999;-999;-999;    3;   0.0;   0;   13.300;   0;   1.7;  12.5;  996.50;   20.8;   53.17;   -999;   -999;-999;eor
       1504;20180719;-999;-999;-999;    3;   0.0;   0;   14.200;   0;   1.5;  10.6;  996.76;   19.9;   50.29;   -999;   -999;-999;eor
       1504;20180720;-999;-999;-999;    3;   0.0;   0;   13.400;   0;   5.0;  10.7;  992.35;   21.4;   46.04;   -999;   -999;-999;eor
       1504;20180721;-999;-999;-999;    3;   0.0;   0;    2.500;   0;   6.8;  13.8;  990.04;   21.4;   54.67;   -999;   -999;-999;eor
       1504;20180722;-999;-999;-999;    3;   0.1;   4;    2.700;   0;   6.9;  17.3;  993.01;   20.4;   73.25;   -999;   -999;-999;eor
       1504;20180723;-999;-999;-999;    3;   0.0;   0;   13.100;   0;   1.0;  14.0;  995.43;   22.0;   59.17;   -999;   -999;-999;eor
       1504;20180724;-999;-999;-999;    3;   0.0;   0;   14.100;   0;   0.5;  13.8;  993.82;   24.1;   50.63;   -999;   -999;-999;eor
       1504;20180725;-999;-999;-999;    3;   0.1;   4;   10.200;   0;   2.5;  15.8;  993.86;   24.7;   55.74;   -999;   -999;-999;eor
       1504;20180726;-999;-999;-999;    3;   0.0;   0;   13.100;   0;   2.5;  15.6;  994.53;   25.3;   55.21;   -999;   -999;-999;eor
       1504;20180727;-999;-999;-999;    3;   0.0;   0;   13.100;   0;   1.3;  14.1;  992.04;   25.6;   46.92;   -999;   -999;-999;eor
       1504;20180728;-999;-999;-999;    3;   0.0;   4;    4.400;   0;   4.3;  16.4;  988.38;   23.5;   58.83;   -999;   -999;-999;eor
       1504;20180729;-999;-999;-999;    3;   0.0;   0;    3.200;   0;   6.2;  15.2;  993.37;   22.7;   58.88;   -999;   -999;-999;eor
       1504;20180730;-999;-999;-999;    3;   0.0;   0;   12.000;   0;   2.3;  14.4;  994.23;   24.7;   51.54;   -999;   -999;-999;eor
       1504;20180731;-999;-999;-999;    3;   0.0;   0;   10.100;   0;   2.8;  15.3;  994.78;   26.2;   50.25;   -999;   -999;-999;eor
       1504;20180801;-999;-999;-999;    3;   0.0;   4;    6.400;   0;   5.3;  15.7;  998.85;   25.5;   49.88;   -999;   -999;-999;eor
       1504;20180802;-999;-999;-999;    3;   0.0;   0;   10.000;   0;   3.0;  17.7; 1000.29;   26.0;   54.92;   -999;   -999;-999;eor
       1504;20180803;-999;-999;-999;    3;   0.0;   0;   13.800;   0;   0.5;  15.6;  999.36;   26.4;   50.04;   -999;   -999;-999;eor
       1504;20180804;-999;-999;-999;    3;   0.0;   0;    9.400;   0;   3.7;  15.6;  996.64;   26.0;   47.95;   -999;   -999;-999;eor
       1504;20180805;-999;-999;-999;    3;   0.0;   0;   11.000;   0;   2.9;  14.2;  999.49;   22.5;   53.87;   -999;   -999;-999;eor
       1504;20180806;-999;-999;-999;    3;   0.0;   0;   13.600;   0;   1.1;  11.7;  995.78;   22.4;   48.54;   -999;   -999;-999;eor
       1504;20180807;-999;-999;-999;    3;   0.0;   0;    8.800;   0;   3.7;  14.4;  989.90;   25.1;   48.33;   -999;   -999;-999;eor
       1504;20180808;-999;-999;-999;    3;   0.0;   0;    7.600;   0;   5.8;  16.7;  990.97;   24.0;   58.33;   -999;   -999;-999;eor
       1504;20180809;-999;-999;-999;    3;   8.0;   4;    4.400;   0;   4.8;  17.9;  991.75;   21.8;   70.21;   -999;   -999;-999;eor
       1504;20180810;-999;-999;-999;    3;   0.0;   0;   10.100;   0;   3.6;  10.8;  999.80;   18.4;   54.00;   -999;   -999;-999;eor
       1504;20180811;-999;-999;-999;    3;   0.0;   4;    9.600;   0;   4.5;   9.4; 1000.20;   17.1;   51.38;   -999;   -999;-999;eor
       1504;20180812;-999;-999;-999;    3;   0.0;   0;   12.400;   0;   5.8;   9.3;  995.05;   17.0;   54.67;   -999;   -999;-999;eor
       1504;20180813;-999;-999;-999;    3;  14.5;   4;    2.700;   0;   5.2;  15.1;  987.83;   15.5;   83.79;   -999;   -999;-999;eor
       1504;20180814;-999;-999;-999;    3;   0.0;   0;    1.800;   0;   5.6;  15.3;  992.32;   17.9;   76.17;   -999;   -999;-999;eor
       1504;20180815;-999;-999;-999;    3;   0.0;   0;    0.700;   0;   6.3;  14.6;  998.11;   18.5;   70.67;   -999;   -999;-999;eor
       1504;20180816;-999;-999;-999;    3;   0.0;   0;   11.600;   0;   2.0;  14.3;  995.23;   19.8;   66.38;   -999;   -999;-999;eor
       1504;20180817;-999;-999;-999;    3;   0.0;   0;   10.700;   0;   4.3;  15.6;  995.22;   20.8;   64.96;   -999;   -999;-999;eor
       1504;20180818;-999;-999;-999;    3;   0.0;   0;    9.700;   0;   5.7;  12.6;  999.98;   20.8;   54.46;   -999;   -999;-999;eor
       1504;20180819;-999;-999;-999;    3;   0.0;   0;   12.800;   0;   3.2;  12.2;  998.82;   20.9;   53.54;   -999;   -999;-999;eor
       1504;20180820;-999;-999;-999;    3;   0.0;   0;    0.300;   0;   6.1;  15.8;  997.80;   19.8;   69.67;   -999;   -999;-999;eor
       1504;20180821;-999;-999;-999;    3;   0.0;   0;    2.800;   0;   6.6;  15.9;  999.20;   21.0;   66.38;   -999;   -999;-999;eor
       1504;20180822;-999;-999;-999;    3;   0.0;   0;    8.900;   0;   3.4;  15.0;  995.70;   23.2;   55.00;   -999;   -999;-999;eor
       1504;20180823;-999;-999;-999;    3;   0.0;   0;   11.600;   0;   2.4;  15.3;  990.83;   23.2;   57.71;   -999;   -999;-999;eor
       1504;20180824;-999;-999;-999;    3;   0.1;   4;    3.700;   0;   7.1;  12.4;  989.76;   18.5;   59.04;   -999;   -999;-999;eor
       1504;20180825;-999;-999;-999;    3;   1.5;   4;    2.200;   0;   5.8;   9.7;  990.31;   13.3;   64.92;   -999;   -999;-999;eor
       1504;20180826;-999;-999;-999;    3;   0.0;   4;    8.800;   0;   3.7;   8.5;  994.71;   12.8;   61.38;   -999;   -999;-999;eor
       1504;20180827;-999;-999;-999;    3;   0.0;   4;    2.700;   0;   6.4;  12.0;  992.03;   16.8;   62.04;   -999;   -999;-999;eor
       1504;20180828;-999;-999;-999;    3;   0.0;   0;   11.000;   0;   2.1;  11.1;  997.80;   16.5;   62.96;   -999;   -999;-999;eor
       1504;20180829;-999;-999;-999;    3;   2.8;   4;    9.900;   0;   4.9;  13.2;  992.49;   18.6;   63.33;   -999;   -999;-999;eor
       1504;20180830;-999;-999;-999;    3;   0.4;   4;    4.600;   0;   6.2;  14.0;  996.90;   16.8;   74.42;   -999;   -999;-999;eor
       1504;20180831;-999;-999;-999;    3;   0.0;   0;    4.900;   0;   5.6;  10.3; 1000.83;   14.0;   67.67;   -999;   -999;-999;eor
       1504;20180901;-999;-999;-999;    3;   0.0;   0;   10.500;   0;   1.6;   9.4; 1003.79;   14.3;   61.21;   -999;   -999;-999;eor
       1504;20180902;-999;-999;-999;    3;   4.3;   4;    1.800;   0;   5.1;  11.8; 1002.54;   15.3;   68.67;   -999;   -999;-999;eor
       1504;20180903;-999;-999;-999;    3;   1.4;   4;    0.000;   0;   7.7;  17.2;  996.20;   17.0;   88.63;   -999;   -999;-999;eor
       1504;20180904;-999;-999;-999;    3;   0.0;   0;    6.800;   0;   6.2;  16.6;  995.03;   19.5;   75.88;   -999;   -999;-999;eor
       1504;20180905;-999;-999;-999;    3;   0.0;   0;   10.600;   0;   3.3;  14.0;  995.33;   19.6;   65.33;   -999;   -999;-999;eor
       1504;20180906;-999;-999;-999;    3;   0.2;   4;    3.000;   0;   6.3;  14.9;  990.87;   17.3;   77.54;   -999;   -999;-999;eor
       1504;20180907;-999;-999;-999;    3;   0.0;   0;    2.600;   0;   5.7;  12.8;  992.55;   16.0;   71.92;   -999;   -999;-999;eor
       1504;20180908;-999;-999;-999;    3;   0.0;   0;    9.900;-999;  -999;   9.1;  998.84;   13.3;   64.88;   -999;   -999;-999;eor
       1504;20180909;-999;-999;-999;    3;   0.0;   0;    1.800;-999;  -999;  10.7;  999.86;   16.2;   61.33;   -999;   -999;-999;eor
       1504;20180910;-999;-999;-999;    3;   0.0;   0;    1.900;   0;   5.9;  11.6; 1000.42;   15.9;   67.13;   -999;   -999;-999;eor
       1504;20180911;-999;-999;-999;    3;   0.0;   0;   10.800;   0;   5.1;  12.3; 1000.67;   18.3;   63.13;   -999;   -999;-999;eor
       1504;20180912;-999;-999;-999;    3;   0.0;   0;   11.000;   0;   2.3;  12.8;  998.80;   18.9;   62.38;   -999;   -999;-999;eor
       1504;20180913;-999;-999;-999;    3;   0.0;   4;    0.000;   0;   7.5;  13.9;  998.80;   15.3;   80.21;   -999;   -999;-999;eor
       1504;20180914;-999;-999;-999;    3;   0.0;   0;    6.000;   0;   4.5;  10.7;  999.07;   15.0;   66.04;   -999;   -999;-999;eor
       1504;20180915;-999;-999;-999;    3;   0.0;   0;    5.400;   0;   5.3;   9.9; 1002.12;   13.6;   66.13;   -999;   -999;-999;eor
       1504;20180916;-999;-999;-999;    3;   0.0;   0;    9.700;   0;   6.3;   9.7; 1001.66;   13.6;   67.46;   -999;   -999;-999;eor
       1504;20180917;-999;-999;-999;    3;   0.0;   0;   10.200;   0;   5.2;   9.6;  998.13;   15.1;   62.67;   -999;   -999;-999;eor
       1504;20180918;-999;-999;-999;    3;   0.0;   4;   10.700;   0;   1.9;  11.8;  994.11;   18.6;   60.33;   -999;   -999;-999;eor
       1504;20180919;-999;-999;-999;    3;   0.0;   0;    9.500;   0;   3.5;  14.5;  996.76;   19.8;   66.75;   -999;   -999;-999;eor
       1504;20180920;-999;-999;-999;    3;   0.0;   0;    9.400;   0;   5.3;  13.0;  995.54;   18.8;   63.83;   -999;   -999;-999;eor
       1504;20180921;-999;-999;-999;    3;   3.0;   4;    1.600;   0;   6.3;  13.0;  989.00;   16.9;   69.08;   -999;   -999;-999;eor
       1504;20180922;-999;-999;-999;    3;   1.4;   4;    3.700;   0;  -999;  10.1;  997.98;   11.6;   73.63;   -999;   -999;-999;eor
       1504;20180923;-999;-999;-999;    3;  18.5;   4;    0.000;-999;  -999;  11.4;  991.33;   10.2;   91.58;   -999;   -999;-999;eor
       1504;20180924;-999;-999;-999;    3;   0.2;   4;    5.500;   0;   3.5;   8.4; 1008.65;    9.3;   73.75;   -999;   -999;-999;eor
       1504;20180925;-999;-999;-999;    3;   0.0;   0;    7.600;   0;   3.0;   7.8; 1016.33;    7.5;   78.13;   -999;   -999;-999;eor
       1504;20180926;-999;-999;-999;    3;   0.0;   0;    7.300;   0;   5.3;   7.1; 1012.52;    8.5;   69.13;   -999;   -999;-999;eor
       1504;20180927;-999;-999;-999;    3;   0.0;   0;   10.500;   0;   0.2;   8.0; 1005.85;   12.3;   62.25;   -999;   -999;-999;eor
       1504;20180928;-999;-999;-999;    3;   0.0;   0;    1.000;   0;   4.0;   8.5; 1003.19;    8.8;   76.38;   -999;   -999;-999;eor
       1504;20180929;-999;-999;-999;    3;   0.0;   0;   10.500;   0;   2.5;   6.8; 1006.25;    7.5;   70.00;   -999;   -999;-999;eor
       1504;20180930;-999;-999;-999;    3;   0.0;   4;   10.500;   0;   1.8;   6.7;  996.09;    8.2;   66.04;   -999;   -999;-999;eor
       1504;20181001;-999;-999;-999;    3;   0.0;   4;    3.900;   0;   5.9;   7.8;  995.05;    7.9;   74.33;   -999;   -999;-999;eor
       1504;20181002;-999;-999;-999;    3;   2.3;   4;    0.000;   0;   6.4;   8.8;  997.08;    6.3;   89.25;   -999;   -999;-999;eor
       1504;20181003;-999;-999;-999;    3;   0.0;   0;    3.800;   0;   6.9;   8.7; 1001.71;   11.0;   67.63;   -999;   -999;-999;eor
       1504;20181004;-999;-999;-999;    3;   0.0;   0;    1.400;   0;   4.5;   9.1; 1005.27;    8.5;   83.79;   -999;   -999;-999;eor
       1504;20181005;-999;-999;-999;    3;   0.0;   0;    7.100;   0;   5.0;   9.5;  998.75;    9.6;   82.71;   -999;   -999;-999;eor
       1504;20181006;-999;-999;-999;    3;   0.0;   0;    7.100;-999;  -999;  11.2;  989.84;   12.2;   79.54;   -999;   -999;-999;eor
       1504;20181007;-999;-999;-999;    3;   0.0;   0;    2.500;-999;  -999;  10.2;  995.92;   10.5;   80.92;   -999;   -999;-999;eor
       1504;20181008;-999;-999;-999;    3;   0.0;   0;    9.300;   0;   5.2;   9.0; 1000.47;    9.2;   79.33;   -999;   -999;-999;eor
       1504;20181009;-999;-999;-999;    3;   0.0;   0;    5.900;   0;   5.8;  11.1; 1001.04;   10.7;   86.17;   -999;   -999;-999;eor
       1504;20181010;-999;-999;-999;    3;   0.0;   0;    6.400;   0;   3.4;  12.0;  997.91;   12.6;   84.08;   -999;   -999;-999;eor
       1504;20181011;-999;-999;-999;    3;   0.0;   0;    8.800;   0;   2.4;  11.6;  993.95;   13.3;   78.67;   -999;   -999;-999;eor
       1504;20181012;-999;-999;-999;    3;   0.0;   0;    9.200;   0;   3.3;  12.8; 1000.03;   15.3;   76.88;   -999;   -999;-999;eor
       1504;20181013;-999;-999;-999;    3;   0.0;   0;    9.500;   0;   1.0;  12.1;  999.60;   15.0;   75.21;   -999;   -999;-999;eor
       1504;20181014;-999;-999;-999;    3;   0.0;   0;    9.400;   0;   0.7;  11.0;  992.33;   13.1;   75.67;   -999;   -999;-999;eor
       1504;20181015;-999;-999;-999;    3;   0.0;   0;    9.300;   0;   1.1;  10.5;  993.20;   12.9;   72.36;   -999;   -999;-999;eor
       1504;20181016;-999;-999;-999;    3;   1.1;   4;    3.300;   0;   4.0;  11.5;  997.83;   10.5;   89.42;   -999;   -999;-999;eor
       1504;20181017;-999;-999;-999;    3;   0.0;   0;    4.400;   0;   7.3;  12.6;  998.24;   11.9;   91.17;   -999;   -999;-999;eor
       1504;20181018;-999;-999;-999;    3;   0.0;   0;    0.500;   0;   5.8;  11.0; 1000.97;   10.5;   87.25;   -999;   -999;-999;eor
       1504;20181019;-999;-999;-999;    3;   0.0;   0;    1.500;   0;   7.2;  11.1; 1002.94;   11.4;   82.42;   -999;   -999;-999;eor
       1504;20181020;-999;-999;-999;    3;   0.0;   0;    5.100;   0;   4.3;   8.4; 1007.63;    8.2;   79.88;   -999;   -999;-999;eor
       1504;20181021;-999;-999;-999;    3;   0.0;   0;    8.300;   0;   2.3;   7.9; 1007.30;    6.4;   83.25;   -999;   -999;-999;eor
       1504;20181022;-999;-999;-999;    3;   0.6;   4;    0.800;   0;   4.6;   8.3; 1008.08;    5.7;   90.04;   -999;   -999;-999;eor
       1504;20181023;-999;-999;-999;    3;   0.1;   4;    0.000;   0;   6.5;   8.9; 1001.43;    7.3;   85.00;   -999;   -999;-999;eor
       1504;20181024;-999;-999;-999;    3;   1.1;   4;    0.100;   0;   7.3;  11.9;  998.34;   12.8;   80.42;   -999;   -999;-999;eor
       1504;20181025;-999;-999;-999;    3;   0.0;   0;    0.100;   0;   7.0;  10.4;  995.93;   11.7;   75.96;   -999;   -999;-999;eor
       1504;20181026;-999;-999;-999;    3;   0.4;   4;    0.000;   0;   7.3;   8.9;  987.03;    9.4;   75.88;   -999;   -999;-999;eor
       1504;20181027;-999;-999;-999;    3;   0.0;   4;    0.000;   0;   7.0;   7.3;  986.58;    6.4;   76.04;   -999;   -999;-999;eor
       1504;20181028;-999;-999;-999;    3;   0.4;   4;    0.000;   0;   7.9;   6.6;  991.21;    4.6;   77.96;   -999;   -999;-999;eor
       1504;20181029;-999;-999;-999;    3;   0.0;   4;    0.000;   0;   8.0;   7.2;  981.20;    4.5;   84.79;   -999;   -999;-999;eor
       1504;20181030;-999;-999;-999;    3;   5.3;   4;    0.100;   0;   7.9;   7.9;  972.62;    5.8;   85.08;   -999;   -999;-999;eor
       1504;20181031;-999;-999;-999;    3;   0.0;   0;    3.400;   0;   6.5;   7.8;  993.37;    7.2;   77.33;   -999;   -999;-999;eor
       1504;20181101;-999;-999;-999;    3;   0.0;   4;    0.400;   0;   4.8;   8.0;  991.09;    5.5;   88.38;   -999;   -999;-999;eor
       1504;20181102;-999;-999;-999;    3;   0.0;   0;    4.800;   0;   5.3;   8.8; 1000.29;    9.0;   76.75;   -999;   -999;-999;eor
       1504;20181103;-999;-999;-999;    3;   0.0;   0;    6.800;-999;  -999;   7.0; 1006.25;    5.3;   79.88;   -999;   -999;-999;eor
       1504;20181104;-999;-999;-999;    3;   0.0;   0;    0.000;-999;  -999;   9.0;  996.51;    7.2;   86.50;   -999;   -999;-999;eor
       1504;20181105;-999;-999;-999;    3;   0.0;   0;    0.900;   0;   5.9;  10.5;  988.65;    9.6;   88.13;   -999;   -999;-999;eor
       1504;20181106;-999;-999;-999;    3;   0.0;   0;    1.700;   0;   7.3;   9.6;  987.85;    7.2;   95.75;   -999;   -999;-999;eor
       1504;20181107;-999;-999;-999;    3;   0.1;   4;    5.200;   0;   4.8;   8.9;  990.40;    7.4;   87.67;   -999;   -999;-999;eor
       1504;20181108;-999;-999;-999;    3;   0.2;   4;    1.100;   0;   7.1;  10.4;  998.59;    9.9;   85.75;   -999;   -999;-999;eor
       1504;20181109;-999;-999;-999;    3;   0.0;   0;    3.500;   0;   6.6;  10.3;  993.74;    9.6;   86.17;   -999;   -999;-999;eor
       1504;20181110;-999;-999;-999;    3;   1.3;   4;    0.000;   0;   7.1;  10.1;  986.96;   10.1;   81.46;   -999;   -999;-999;eor
       1504;20181111;-999;-999;-999;    3;   3.2;   4;    0.600;   0;   7.3;  11.5;  988.91;   11.8;   83.75;   -999;   -999;-999;eor
       1504;20181112;-999;-999;-999;    3;   5.2;   4;    0.900;   0;   7.1;  12.1;  994.10;   12.5;   84.50;   -999;   -999;-999;eor
       1504;20181113;-999;-999;-999;    3;   0.0;   4;    1.900;   0;   4.5;  10.5; 1002.45;   10.2;   83.83;   -999;   -999;-999;eor
       1504;20181114;-999;-999;-999;    3;   0.0;   0;    0.000;   0;   5.3;   8.1; 1008.17;    4.5;   95.25;   -999;   -999;-999;eor
       1504;20181115;-999;-999;-999;    3;   0.0;   0;    0.000;   0;   7.8;   7.5; 1006.51;    4.0;   92.21;   -999;   -999;-999;eor
       1504;20181116;-999;-999;-999;    3;   0.0;   0;    2.800;   0;   4.4;   6.9; 1008.88;    2.5;   94.92;   -999;   -999;-999;eor
       1504;20181117;-999;-999;-999;    3;   0.0;   0;    7.000;   0;   0.8;   5.2; 1010.75;    0.8;   81.79;   -999;   -999;-999;eor
       1504;20181118;-999;-999;-999;    3;   0.2;   4;    5.100;   0;   3.2;   4.1; 1006.85;    0.6;   67.63;   -999;   -999;-999;eor
       1504;20181119;-999;-999;-999;    3;   0.7;   4;    0.100;   0;   7.5;   6.1;  996.78;    3.2;   79.08;   -999;   -999;-999;eor
       1504;20181120;-999;-999;-999;    3;   2.2;   4;    0.000;   0;   7.7;   5.4;  990.43;    1.4;   80.50;   -999;   -999;-999;eor
       1504;20181121;-999;-999;-999;    3;   0.2;   4;    0.000;   0;   7.9;   5.9;  995.79;    2.0;   83.38;   -999;   -999;-999;eor
       1504;20181122;-999;-999;-999;    3;   0.0;   0;    0.000;   0;   7.7;   6.2;  999.11;    1.6;   90.33;   -999;   -999;-999;eor
       1504;20181123;-999;-999;-999;    3;   0.0;   0;    0.000;   0;   7.6;   6.0;  997.66;    0.0;   97.50;   -999;   -999;-999;eor
       1504;20181124;-999;-999;-999;    3;   0.5;   4;    0.000;   0;   7.9;   7.1;  990.86;    2.8;   93.71;   -999;   -999;-999;eor
       1504;20181125;-999;-999;-999;    3;   0.0;   0;    0.700;   0;   7.4;   8.2;  988.85;    5.8;   89.67;   -999;   -999;-999;eor
       1504;20181126;-999;-999;-999;    3;   0.0;   4;    0.000;   0;   8.0;   7.1;  990.03;    4.7;   82.75;   -999;   -999;-999;eor
       1504;20181127;-999;-999;-999;    3;   0.0;   0;    0.300;   0;   7.3;   5.3;  998.34;    1.5;   77.71;   -999;   -999;-999;eor
       1504;20181128;-999;-999;-999;    3;   0.3;   4;    3.100;   0;   7.2;   5.5; 1001.51;    1.7;   79.75;   -999;   -999;-999;eor
       1504;20181129;-999;-999;-999;    3;   0.0;   4;    0.000;   0;   7.8;   6.3;  996.60;    3.9;   77.50;   -999;   -999;-999;eor
       1504;20181130;-999;-999;-999;    3;   0.0;   4;    0.000;   0;   7.7;   7.1;  992.52;    4.7;   82.29;   -999;   -999;-999;eor
       1504;20181201;-999;-999;-999;    3;   0.1;   4;    0.600;   0;   7.3;   8.4;  992.35;    6.6;   86.25;   -999;   -999;-999;eor
       1504;20181202;-999;-999;-999;    3;   6.0;   4;    0.100;   0;   7.2;  10.6;  981.53;    9.1;   90.50;   -999;   -999;-999;eor
       1504;20181203;-999;-999;-999;    3;   5.4;   4;    0.900;   0;   7.0;  12.0;  980.35;   11.3;   89.67;   -999;   -999;-999;eor
       1504;20181204;-999;-999;-999;    3;   0.0;   0;    4.700;   0;   3.5;   7.3;  996.41;    5.3;   82.38;   -999;   -999;-999;eor
       1504;20181205;-999;-999;-999;    3;   0.2;   4;    0.000;   0;   7.4;   6.0; 1002.90;    0.2;   95.67;   -999;   -999;-999;eor
       1504;20181206;-999;-999;-999;    3;   0.6;   4;    0.000;   0;   7.9;   9.3;  995.35;    7.0;   90.83;   -999;   -999;-999;eor
       1504;20181207;-999;-999;-999;    3;   6.1;   4;    0.000;   0;   8.0;  10.8;  986.04;   10.1;   86.54;   -999;   -999;-999;eor
       1504;20181208;-999;-999;-999;    3;   8.9;   4;    0.100;   0;   6.7;   8.1;  981.90;    6.1;   85.75;   -999;   -999;-999;eor
       1504;20181209;-999;-999;-999;    3;  10.2;   4;    0.000;   0;   7.2;   7.9;  978.59;    6.5;   81.75;   -999;   -999;-999;eor
       1504;20181210;-999;-999;-999;    3;   1.0;   4;    0.800;   0;   6.4;   6.2;  995.52;    4.2;   75.13;   -999;   -999;-999;eor
       1504;20181211;-999;-999;-999;    3;   0.5;   4;    0.900;   0;   6.9;   6.5;  999.07;    4.0;   80.75;   -999;   -999;-999;eor
       1504;20181212;-999;-999;-999;    3;   0.0;   4;    0.100;   0;   7.0;   6.1; 1002.33;    3.1;   80.00;   -999;   -999;-999;eor
       1504;20181213;-999;-999;-999;    3;   0.0;   0;    2.600;   0;   5.8;   4.8;  999.88;    0.9;   72.83;   -999;   -999;-999;eor
       1504;20181214;-999;-999;-999;    3;   0.0;   0;    0.000;   0;   7.4;   4.0; 1001.13;    0.5;   63.58;   -999;   -999;-999;eor
       1504;20181215;-999;-999;-999;    3;   0.0;   0;    0.000;   0;   7.7;   3.8; 1002.97;   -0.8;   65.29;   -999;   -999;-999;eor
       1504;20181216;-999;-999;-999;    3;   1.2;   4;    0.000;   0;   7.6;   4.5;  992.38;   -1.8;   83.88;   -999;   -999;-999;eor
       1504;20181217;-999;-999;-999;    3;   0.9;   4;    0.000;   2;   7.8;   6.8;  998.33;    2.3;   92.88;   -999;   -999;-999;eor
       1504;20181218;-999;-999;-999;    3;   0.0;   0;    0.000;   0;   6.7;   6.6; 1001.80;    2.7;   89.71;   -999;   -999;-999;eor
       1504;20181219;-999;-999;-999;    3;   0.0;   4;    0.000;   0;   7.5;   6.6;  993.41;    3.1;   84.88;   -999;   -999;-999;eor
       1504;20181220;-999;-999;-999;    3;   0.7;   4;    0.000;   0;   7.2;   8.1;  992.13;    5.7;   88.67;   -999;   -999;-999;eor
       1504;20181221;-999;-999;-999;    3;   6.2;   4;    0.000;   0;   7.1;   9.1;  984.88;    8.2;   83.79;   -999;   -999;-999;eor
       1504;20181222;-999;-999;-999;    3;   1.0;   4;    0.800;   0;   7.0;   8.5;  990.42;    8.9;   74.21;   -999;   -999;-999;eor
       1504;20181223;-999;-999;-999;    3;   9.2;   4;    0.000;   0;   7.7;   8.6;  995.97;    6.4;   89.50;   -999;   -999;-999;eor
       1504;20181224;-999;-999;-999;    3;   0.5;   4;    0.300;-999;  -999;   6.4; 1004.81;    2.9;   85.21;   -999;   -999;-999;eor
       1504;20181225;-999;-999;-999;    3;   0.0;   0;    0.000;-999;  -999;   6.1; 1011.78;    3.1;   79.50;   -999;   -999;-999;eor
       1504;20181226;-999;-999;-999;    3;   0.0;   0;    0.000;-999;  -999;   5.6; 1009.90;    1.0;   85.25;   -999;   -999;-999;eor
       1504;20181227;-999;-999;-999;    3;   0.0;   0;    3.500;   0;   6.0;   5.7; 1005.57;    1.4;   84.04;   -999;   -999;-999;eor
       1504;20181228;-999;-999;-999;    3;   0.0;   0;    0.000;   0;   8.0;   5.3; 1007.02;   -1.1;   93.38;   -999;   -999;-999;eor
       1504;20181229;-999;-999;-999;    3;   1.0;   4;    0.000;   0;  -999;   6.5; 1007.18;    2.0;   91.50;   -999;   -999;-999;eor
       1504;20181230;-999;-999;-999;    3;   0.0;   0;    0.500;-999;  -999;   7.7; 1007.72;    6.7;   78.58;   -999;   -999;-999;eor
       1504;20181231;-999;-999;-999;    3;   1.0;   4;    0.100;-999;  -999;   9.2; 1009.90;    6.5;   94.46;   -999;   -999;-999;eor
       1504;20190101;-999;-999;-999;    3;   4.4;   4;    0.100;-999;  -999;   7.7; 1003.92;    6.4;   79.50;   -999;   -999;-999;eor
       1504;20190102;-999;-999;-999;    3;   0.4;   4;    4.500;   0;   1.3;   4.6; 1009.02;    2.5;   63.08;   -999;   -999;-999;eor
       1504;20190103;-999;-999;-999;    3;   1.7;   4;    0.000;   0;   6.0;   5.1; 1014.34;   -1.0;   88.17;   -999;   -999;-999;eor
       1504;20190104;-999;-999;-999;    3;   1.1;   4;    0.000;   0;   7.7;   5.7; 1011.50;    0.3;   89.54;   -999;   -999;-999;eor
       1504;20190105;-999;-999;-999;    3;   2.8;   4;    0.000;   0;   7.8;   8.3; 1003.97;    6.3;   85.58;   -999;   -999;-999;eor
       1504;20190106;-999;-999;-999;    3;   0.1;   4;    0.100;   0;   7.5;   8.4; 1007.26;    6.4;   88.00;   -999;   -999;-999;eor
       1504;20190107;-999;-999;-999;    3;   0.5;   4;    0.000;   0;   7.5;   7.2; 1006.90;    4.8;   83.92;   -999;   -999;-999;eor
       1504;20190108;-999;-999;-999;    3;   4.6;   4;    0.400;   0;   7.0;   7.0;  989.31;    5.3;   77.92;   -999;   -999;-999;eor
       1504;20190109;-999;-999;-999;    3;   0.2;   4;    0.300;   0;   6.9;   5.2;  992.22;    2.2;   73.46;   -999;   -999;-999;eor
       1504;20190110;-999;-999;-999;    3;   0.1;   4;    0.000;   0;   7.3;   4.8; 1002.25;    0.4;   76.08;   -999;   -999;-999;eor
       1504;20190111;-999;-999;-999;    3;   0.6;   4;    0.000;   0;   7.9;   6.2;  999.98;    1.4;   91.04;   -999;   -999;-999;eor
       1504;20190112;-999;-999;-999;    3;   6.9;   4;    0.000;   0;   7.6;   7.6;  994.39;    4.7;   88.88;   -999;   -999;-999;eor
       1504;20190113;-999;-999;-999;    3;   9.6;   4;    0.000;   0;   6.8;   8.1;  981.94;    6.0;   86.08;   -999;   -999;-999;eor
       1504;20190114;-999;-999;-999;    3;   0.4;   4;    3.400;   0;   5.4;   5.8;  987.96;    3.6;   73.92;   -999;   -999;-999;eor
       1504;20190115;-999;-999;-999;    3;   0.0;   4;    0.000;   0;   7.5;   6.2;  995.23;    3.9;   75.79;   -999;   -999;-999;eor
       1504;20190116;-999;-999;-999;    3;   0.0;   4;    0.000;   0;   7.6;   6.6;  988.36;    4.2;   80.79;   -999;   -999;-999;eor
       1504;20190117;-999;-999;-999;    3;   2.2;   4;    0.600;   0;   6.6;   6.4;  981.95;    3.7;   79.75;   -999;   -999;-999;eor
       1504;20190118;-999;-999;-999;    3;   0.0;   0;    6.800;   1;   3.3;   4.4;  996.50;   -0.9;   79.21;   -999;   -999;-999;eor
       1504;20190119;-999;-999;-999;    3;   0.0;   0;    5.500;   0;   6.2;   3.7;  996.46;   -4.6;   84.67;   -999;   -999;-999;eor
       1504;20190120;-999;-999;-999;    3;   0.0;   0;    6.900;   0;   0.5;   3.2;  996.09;   -5.4;   79.42;   -999;   -999;-999;eor
       1504;20190121;-999;-999;-999;    3;   0.0;   0;    6.800;   0;   0.8;   3.0;  999.98;   -7.0;   84.04;   -999;   -999;-999;eor
       1504;20190122;-999;-999;-999;    3;   0.0;   0;    0.000;   0;   5.5;   3.2;  988.87;   -6.6;   83.29;   -999;   -999;-999;eor
       1504;20190123;-999;-999;-999;    3;   0.0;   0;    0.000;   0;   7.7;   3.4;  979.93;   -3.9;   74.33;   -999;   -999;-999;eor
       1504;20190124;-999;-999;-999;    3;   0.0;   4;    0.000;   0;   7.8;   3.3;  988.62;   -5.0;   79.13;   -999;   -999;-999;eor
       1504;20190125;-999;-999;-999;    3;   2.6;   4;    1.100;   1;   7.8;   4.0;  992.23;   -3.1;   80.33;   -999;   -999;-999;eor
       1504;20190126;-999;-999;-999;    3;   0.9;   4;    0.000;   0;   8.0;   6.8;  983.60;    2.7;   90.75;   -999;   -999;-999;eor
       1504;20190127;-999;-999;-999;    3;   2.8;   4;    0.000;   0;   7.5;   7.4;  968.00;    4.2;   89.54;   -999;   -999;-999;eor
       1504;20190128;-999;-999;-999;    3;   0.3;   4;    0.200;   0;   7.3;   6.0;  971.67;    2.1;   85.00;   -999;   -999;-999;eor
       1504;20190129;-999;-999;-999;    3;   0.0;   0;    2.100;   0;   5.6;   5.3;  982.67;    0.3;   85.46;   -999;   -999;-999;eor
       1504;20190130;-999;-999;-999;    3;   0.0;   4;    0.000;   0;   5.8;   4.7;  973.59;   -1.0;   82.71;   -999;   -999;-999;eor
       1504;20190131;-999;-999;-999;    3;   0.2;   4;    1.600;   0;   5.0;   4.7;  975.85;   -0.5;   80.58;   -999;   -999;-999;eor
       1504;20190201;-999;-999;-999;    3;   0.5;   4;    2.300;   1;   7.2;   5.6;  970.72;    0.7;   85.54;   -999;   -999;-999;eor
       1504;20190202;-999;-999;-999;    3;   0.8;   4;    0.000;   0;   8.0;   6.2;  976.12;    1.2;   93.63;   -999;   -999;-999;eor
       1504;20190203;-999;-999;-999;    3;   0.0;   0;    0.300;   0;   6.3;   5.4;  995.17;    1.1;   81.29;   -999;   -999;-999;eor
       1504;20190204;-999;-999;-999;    3;   0.0;   0;    2.600;   0;   5.1;   4.9; 1005.42;    0.1;   79.50;   -999;   -999;-999;eor
       1504;20190205;-999;-999;-999;    3;   0.0;   4;    0.100;   0;   5.8;   5.2; 1005.40;    1.6;   76.88;   -999;   -999;-999;eor
       1504;20190206;-999;-999;-999;    3;   0.0;   0;    4.700;   0;   6.8;   5.1; 1002.81;    0.9;   79.04;   -999;   -999;-999;eor
       1504;20190207;-999;-999;-999;    3;   0.2;   4;    0.000;   0;   7.0;   5.8;  991.98;    1.8;   82.42;   -999;   -999;-999;eor
       1504;20190208;-999;-999;-999;    3;   1.9;   4;    0.000;   0;   7.0;   7.2;  991.28;    5.2;   80.67;   -999;   -999;-999;eor
       1504;20190209;-999;-999;-999;    3;   4.4;   4;    1.800;   0;   6.8;   7.1;  985.13;    7.2;   70.67;   -999;   -999;-999;eor
       1504;20190210;-999;-999;-999;    3;  13.3;   4;    0.000;   0;   6.9;   8.2;  976.26;    6.5;   85.00;   -999;   -999;-999;eor
       1504;20190211;-999;-999;-999;    3;   2.4;   4;    2.200;   0;   5.8;   6.2;  993.36;    3.8;   77.79;   -999;   -999;-999;eor
       1504;20190212;-999;-999;-999;    3;   0.0;   4;    0.300;   0;   6.3;   5.7; 1010.18;    3.8;   72.17;   -999;   -999;-999;eor
       1504;20190213;-999;-999;-999;    3;   0.0;   0;    5.700;   0;   6.6;   6.1; 1013.88;    3.3;   79.17;   -999;   -999;-999;eor
       1504;20190214;-999;-999;-999;    3;   0.0;   0;    5.200;   0;   4.0;   5.8; 1014.48;    2.1;   82.71;   -999;   -999;-999;eor
       1504;20190215;-999;-999;-999;    3;   0.0;   0;    8.600;   0;   0.1;   5.7; 1011.65;    2.4;   81.29;   -999;   -999;-999;eor
       1504;20190216;-999;-999;-999;    3;   0.0;   0;    8.700;   0;   1.2;   5.7; 1005.71;    3.4;   76.13;   -999;   -999;-999;eor
       1504;20190217;-999;-999;-999;    3;   0.0;   0;    8.500;   0;   6.0;   5.6; 1002.25;    3.4;   76.25;   -999;   -999;-999;eor
       1504;20190218;-999;-999;-999;    3;   0.0;   0;    8.600;   0;   2.0;   5.9;  998.00;    3.7;   75.50;   -999;   -999;-999;eor
       1504;20190219;-999;-999;-999;    3;   0.0;   4;    3.800;   0;   5.0;   6.2;  996.84;    5.1;   71.25;   -999;   -999;-999;eor
       1504;20190220;-999;-999;-999;    3;   0.0;   0;    0.600;   0;   6.5;   6.6; 1001.66;    4.2;   80.29;   -999;   -999;-999;eor
       1504;20190221;-999;-999;-999;    3;   0.1;   4;    1.300;   0;   6.7;   7.7; 1005.02;    5.9;   82.38;   -999;   -999;-999;eor
       1504;20190222;-999;-999;-999;    3;   0.0;   0;    0.000;   0;   7.3;   8.6; 1013.41;    8.2;   79.54;   -999;   -999;-999;eor
       1504;20190223;-999;-999;-999;    3;   0.0;   0;    8.600;   0;   6.3;   5.1; 1018.38;    2.1;   73.42;   -999;   -999;-999;eor
       1504;20190224;-999;-999;-999;    3;   0.0;   0;    9.200;   0;   2.3;   4.6; 1017.00;    2.7;   67.63;   -999;   -999;-999;eor
       1504;20190225;-999;-999;-999;    3;   0.0;   0;    9.300;   0;   3.6;   5.2; 1016.38;    4.1;   67.75;   -999;   -999;-999;eor
       1504;20190226;-999;-999;-999;    3;   0.0;   0;    9.300;   0;   3.4;   5.6; 1012.83;    4.8;   68.88;   -999;   -999;-999;eor
       1504;20190227;-999;-999;-999;    3;   0.0;   0;    9.400;   0;   0.5;   5.1; 1005.07;    4.3;   67.50;   -999;   -999;-999;eor
       1504;20190228;-999;-999;-999;    3;   0.2;   4;    7.900;   0;   3.5;   7.0;  994.00;    6.8;   71.13;   -999;   -999;-999;eor
       1504;20190301;-999;-999;-999;    3;   1.2;   4;    0.400;   0;   7.1;   8.8;  992.07;    7.8;   83.21;   -999;   -999;-999;eor
       1504;20190302;-999;-999;-999;    3;   0.0;   4;    0.500;   0;   7.6;   7.7;  993.79;    6.0;   82.13;   -999;   -999;-999;eor
       1504;20190303;-999;-999;-999;    3;   0.1;   4;    0.100;   0;   7.6;   9.3;  986.78;    9.5;   77.58;   -999;   -999;-999;eor
       1504;20190304;-999;-999;-999;    3;   4.6;   4;    2.100;   0;   6.9;   7.8;  975.11;    8.7;   69.33;   -999;   -999;-999;eor
       1504;20190305;-999;-999;-999;    3;   1.2;   4;    1.800;   0;   5.2;   6.7;  984.94;    4.8;   78.54;   -999;   -999;-999;eor
       1504;20190306;-999;-999;-999;    3;   0.3;   4;    2.000;   0;   7.4;   7.7;  983.63;    7.9;   73.00;   -999;   -999;-999;eor
       1504;20190307;-999;-999;-999;    3;   1.9;   4;    5.200;   0;   5.2;   7.8;  976.09;   10.2;   63.63;   -999;   -999;-999;eor
       1504;20190308;-999;-999;-999;    3;   2.2;   4;    2.900;   0;   6.5;   6.8;  988.55;    7.3;   66.79;   -999;   -999;-999;eor
       1504;20190309;-999;-999;-999;    3;   3.6;   4;    3.300;   0;   6.5;   7.7;  988.82;    8.1;   71.79;   -999;   -999;-999;eor
       1504;20190310;-999;-999;-999;    3;   9.4;   4;    2.500;   0;   6.4;   7.5;  985.04;    6.6;   77.38;   -999;   -999;-999;eor
       1504;20190311;-999;-999;-999;    3;   2.2;   4;    0.700;   0;   6.3;   6.0;  993.80;    3.3;   77.88;   -999;   -999;-999;eor
       1504;20190312;-999;-999;-999;    3;   0.6;   4;    2.800;   0;   7.1;   5.6;  993.64;    5.5;   63.79;   -999;   -999;-999;eor
       1504;20190313;-999;-999;-999;    3;   1.9;   4;    0.500;   0;   6.9;   6.5;  983.55;    5.4;   73.13;   -999;   -999;-999;eor
       1504;20190314;-999;-999;-999;    3;   7.0;   4;    0.300;   0;   5.8;   7.3;  980.85;    5.6;   80.29;   -999;   -999;-999;eor
       1504;20190315;-999;-999;-999;    3;   8.4;   4;    0.200;   0;   6.9;   8.6;  982.71;    8.1;   78.92;   -999;   -999;-999;eor
       1504;20190316;-999;-999;-999;    3;   0.7;   4;    0.200;   0;   7.1;   8.6;  986.31;    8.3;   78.25;   -999;   -999;-999;eor
       1504;20190317;-999;-999;-999;    3;   1.7;   4;    1.800;   0;   6.5;   7.3;  982.14;    7.4;   71.17;   -999;   -999;-999;eor
       1504;20190318;-999;-999;-999;    3;   0.0;   4;    4.800;   0;   4.1;   5.8;  994.44;    4.2;   71.22;   -999;   -999;-999;eor
       1504;20190319;-999;-999;-999;    3;   0.0;   0;    7.200;   0;   3.3;   5.1; 1006.20;    2.9;   69.78;   -999;   -999;-999;eor
       1504;20190320;-999;-999;-999;    3;   0.0;   0;   10.200;   0;   3.4;   5.9; 1011.84;    4.5;   71.88;   -999;   -999;-999;eor
       1504;20190321;-999;-999;-999;    3;   0.0;   0;   10.900;   0;   3.3;   7.0; 1012.31;    7.2;   71.54;   -999;   -999;-999;eor
       1504;20190322;-999;-999;-999;    3;   0.0;   0;   10.500;   0;   3.5;   8.3; 1008.45;    9.3;   73.75;   -999;   -999;-999;eor
       1504;20190323;-999;-999;-999;    3;   0.0;   0;    9.900;   0;   3.8;   7.8; 1006.70;    6.1;   81.92;   -999;   -999;-999;eor
       1504;20190324;-999;-999;-999;    3;   1.0;   4;    2.200;   0;   6.0;   7.3; 1003.67;    7.0;   73.71;   -999;   -999;-999;eor
       1504;20190325;-999;-999;-999;    3;   1.4;   4;    3.600;   0;   5.5;   6.4;  998.77;    4.0;   78.75;   -999;   -999;-999;eor
       1504;20190326;-999;-999;-999;    3;   0.0;   4;    0.700;   0;   7.3;   6.7; 1007.20;    5.9;   71.79;   -999;   -999;-999;eor
       1504;20190327;-999;-999;-999;    3;   0.1;   4;    1.900;   0;   7.1;   7.1; 1010.37;    7.0;   72.33;   -999;   -999;-999;eor
       1504;20190328;-999;-999;-999;    3;   0.0;   0;    1.400;   0;   7.6;   8.2; 1012.55;    9.0;   72.42;   -999;   -999;-999;eor
       1504;20190329;-999;-999;-999;    3;   0.0;   0;   11.500;   0;   2.6;   8.2; 1009.07;   10.4;   68.63;   -999;   -999;-999;eor
       1504;20190330;-999;-999;-999;    3;   0.0;   0;   10.000;   0;   1.5;   7.7; 1001.14;    9.5;   68.50;   -999;   -999;-999;eor
       1504;20190331;-999;-999;-999;    3;   0.0;   0;    1.900;   0;   3.5;   7.3; 1001.38;    7.3;   71.96;   -999;   -999;-999;eor
       1504;20190401;-999;-999;-999;    3;   0.0;   0;   11.700;   0;   0.6;   5.6; 1000.28;    6.8;   59.88;   -999;   -999;-999;eor
       1504;20190402;-999;-999;-999;    3;   0.0;   4;    5.700;   0;   5.0;   7.4;  988.00;    9.0;   64.46;   -999;   -999;-999;eor
       1504;20190403;-999;-999;-999;    3;   8.9;   4;    0.900;   0;   7.5;   8.8;  981.13;    9.3;   75.21;   -999;   -999;-999;eor
       1504;20190404;-999;-999;-999;    3;   0.5;   4;    0.000;   0;   7.8;   8.0;  979.07;    5.4;   89.04;   -999;   -999;-999;eor
       1504;20190405;-999;-999;-999;    3;   0.0;   4;    0.000;   0;   7.9;   8.6;  984.18;    6.5;   88.29;   -999;   -999;-999;eor
       1504;20190406;-999;-999;-999;    3;   0.0;   0;    7.500;   0;   4.6;   9.7;  984.00;   12.0;   71.08;   -999;   -999;-999;eor
       1504;20190407;-999;-999;-999;    3;   0.0;   0;   10.800;   0;   2.7;   9.0;  984.89;   12.0;   66.58;   -999;   -999;-999;eor
       1504;20190408;-999;-999;-999;    3;   0.0;   0;    7.100;   0;   6.1;   8.7;  987.98;   12.8;   62.33;   -999;   -999;-999;eor
       1504;20190409;-999;-999;-999;    3;   0.0;   0;    9.000;   0;   5.7;   8.4;  990.33;    9.8;   70.21;   -999;   -999;-999;eor
       1504;20190410;-999;-999;-999;    3;   0.0;   0;   10.700;   0;   4.1;   5.4;  993.83;    7.0;   54.42;   -999;   -999;-999;eor
       1504;20190411;-999;-999;-999;    3;   0.0;   0;   11.600;   0;   3.0;   4.1; 1000.37;    4.6;   50.83;   -999;   -999;-999;eor
       1504;20190412;-999;-999;-999;    3;   0.0;   4;    0.000;   0;   7.5;   4.3; 1002.41;    3.2;   56.38;   -999;   -999;-999;eor
       1504;20190413;-999;-999;-999;    3;   1.0;   4;    2.100;   0;   6.2;   5.4; 1001.00;    2.1;   77.54;   -999;   -999;-999;eor
       1504;20190414;-999;-999;-999;    3;   0.1;   4;    5.500;   0;  -999;   5.9; 1002.42;    3.2;   76.88;   -999;   -999;-999;eor
       1504;20190415;-999;-999;-999;    3;   0.0;   0;   12.200;   0;   2.3;   6.1; 1002.72;    8.6;   57.92;   -999;   -999;-999;eor
       1504;20190416;-999;-999;-999;    3;   0.0;   0;   12.100;   0;   2.4;   5.8;  997.64;   10.0;   50.83;   -999;   -999;-999;eor
       1504;20190417;-999;-999;-999;    3;   0.0;   0;    1.900;   0;   6.4;   6.1; 1001.66;   12.7;   41.50;   -999;   -999;-999;eor
       1504;20190418;-999;-999;-999;    3;   0.0;   0;   12.700;   0;   2.5;   7.2; 1005.10;   13.6;   50.54;   -999;   -999;-999;eor
       1504;20190419;-999;-999;-999;    3;   0.0;   0;   12.800;   0;   0.3;   7.6; 1007.57;   14.1;   50.25;   -999;   -999;-999;eor
       1504;20190420;-999;-999;-999;    3;   0.0;   0;   12.800;   0;   0.7;   7.4; 1006.84;   14.4;   48.30;   -999;   -999;-999;eor
       1504;20190421;-999;-999;-999;    3;   0.0;   0;   12.900;   0;   0.1;   7.4;  999.50;   13.9;   51.33;   -999;   -999;-999;eor
       1504;20190422;-999;-999;-999;    3;   0.0;   0;   12.800;   0;   3.6;   6.7;  990.47;   14.2;   44.54;   -999;   -999;-999;eor
       1504;20190423;-999;-999;-999;    3;   0.0;   0;   10.700;   0;   4.0;   8.7;  980.88;   14.4;   52.75;   -999;   -999;-999;eor
       1504;20190424;-999;-999;-999;    3;   1.6;   4;   10.100;   0;   6.0;  10.9;  981.55;   16.6;   60.63;   -999;   -999;-999;eor
       1504;20190425;-999;-999;-999;    3;   0.0;   0;    7.000;   0;   4.7;   9.3;  987.42;   13.9;   62.58;   -999;   -999;-999;eor
       1504;20190426;-999;-999;-999;    3;   6.0;   4;    0.400;   0;   6.6;  10.3;  991.55;   10.1;   84.08;   -999;   -999;-999;eor
       1504;20190427;-999;-999;-999;    3;   2.6;   4;    1.800;   0;   6.3;   9.6;  992.36;    8.4;   86.63;   -999;   -999;-999;eor
       1504;20190428;-999;-999;-999;    3;   0.0;   0;    7.400;   0;   4.7;   8.1;  997.24;    8.3;   75.92;   -999;   -999;-999;eor
       1504;20190429;-999;-999;-999;    3;   1.5;   4;    3.500;   0;   6.8;   8.5; 1000.50;    7.8;   79.88;   -999;   -999;-999;eor
       1504;20190430;-999;-999;-999;    3;   0.0;   0;   11.200;   0;   2.0;   8.6;  998.61;   11.5;   64.17;   -999;   -999;-999;eor
       1504;20190501;-999;-999;-999;    3;   0.0;   0;    3.100;   0;   3.7;   9.8;  994.20;   11.6;   73.33;   -999;   -999;-999;eor
       1504;20190502;-999;-999;-999;    3;   1.1;   4;    6.900;   0;   5.7;   8.9;  987.96;   10.5;   73.00;   -999;   -999;-999;eor
       1504;20190503;-999;-999;-999;    3;   7.4;   4;    1.700;   0;   6.8;   6.9;  989.05;    8.5;   62.75;   -999;   -999;-999;eor
       1504;20190504;-999;-999;-999;    3;   2.4;   4;    4.000;   0;   6.5;   6.4;  987.80;    5.1;   74.46;   -999;   -999;-999;eor
       1504;20190505;-999;-999;-999;    3;   0.0;   4;    5.700;   0;   5.1;   6.2;  996.43;    5.2;   71.29;   -999;   -999;-999;eor
       1504;20190506;-999;-999;-999;    3;   0.0;   4;    2.100;   0;   5.8;   6.3;  998.19;    6.3;   67.33;   -999;   -999;-999;eor
       1504;20190507;-999;-999;-999;    3;   0.0;   0;    0.200;   0;   7.0;   7.1;  995.90;    7.5;   69.67;   -999;   -999;-999;eor
       1504;20190508;-999;-999;-999;    3;   6.0;   4;    0.500;   0;   7.6;   9.3;  982.90;    8.3;   83.13;   -999;   -999;-999;eor
       1504;20190509;-999;-999;-999;    3;   0.0;   4;    0.900;   0;   6.5;  10.1;  979.12;   10.3;   80.96;   -999;   -999;-999;eor
       1504;20190510;-999;-999;-999;    3;   3.2;   4;    3.200;   0;   6.5;   9.6;  987.90;   10.8;   75.79;   -999;   -999;-999;eor
       1504;20190511;-999;-999;-999;    3;  12.9;   4;    0.000;   0;   7.7;   9.8;  992.37;    8.4;   88.83;   -999;   -999;-999;eor
       1504;20190512;-999;-999;-999;    3;   0.0;   0;    6.300;   0;   4.3;   6.7; 1009.59;    8.6;   61.17;   -999;   -999;-999;eor
       1504;20190513;-999;-999;-999;    3;   0.0;   0;   12.200;   0;   1.0;   5.8; 1014.82;    8.5;   55.88;   -999;   -999;-999;eor
       1504;20190514;-999;-999;-999;    3;   0.0;   0;   10.600;   0;   2.7;   6.0; 1010.05;    8.5;   56.96;   -999;   -999;-999;eor
       1504;20190515;-999;-999;-999;    3;   0.0;   4;   10.900;   0;   3.9;   5.7; 1003.96;    8.4;   54.25;   -999;   -999;-999;eor
       1504;20190516;-999;-999;-999;    3;   5.7;   4;    0.100;   0;   7.7;   8.0;  995.21;    8.4;   72.96;   -999;   -999;-999;eor
       1504;20190517;-999;-999;-999;    3;   0.0;   4;    1.600;   0;   6.1;  10.1;  987.55;   10.7;   79.29;   -999;   -999;-999;eor
       1504;20190518;-999;-999;-999;    3;   0.0;   0;   13.900;   0;   4.9;  10.4;  984.83;   14.9;   65.79;   -999;   -999;-999;eor
       1504;20190519;-999;-999;-999;    3;   7.5;   4;    8.300;   0;   5.7;  12.0;  983.25;   15.9;   69.71;   -999;   -999;-999;eor
       1504;20190520;-999;-999;-999;    3;  33.7;   4;    6.800;   0;   6.8;  14.4;  983.05;   15.2;   83.50;   -999;   -999;-999;eor
       1504;20190521;-999;-999;-999;    3;   0.7;   4;    0.000;   0;   7.8;  13.6;  987.19;   14.1;   84.13;   -999;   -999;-999;eor
       1504;20190522;-999;-999;-999;    3;   0.0;   0;    3.400;   0;   6.4;  10.9;  996.28;   12.7;   75.33;   -999;   -999;-999;eor
       1504;20190523;-999;-999;-999;    3;   0.0;   0;    8.500;   0;   7.0;  10.6;  997.05;   13.0;   73.75;   -999;   -999;-999;eor
       1504;20190524;-999;-999;-999;    3;   0.0;   0;    7.100;   0;   7.1;  11.2;  993.48;   15.3;   67.50;   -999;   -999;-999;eor
       1504;20190525;-999;-999;-999;    3;   0.0;   0;   11.000;   0;   3.9;  10.4;  994.91;   13.1;   70.50;   -999;   -999;-999;eor
       1504;20190526;-999;-999;-999;    3;   0.0;   0;    7.400;   0;   6.2;  10.9;  992.52;   14.7;   67.54;   -999;   -999;-999;eor
       1504;20190527;-999;-999;-999;    3;   0.8;   4;    0.000;   0;   7.6;  14.3;  987.48;   14.9;   84.96;   -999;   -999;-999;eor
       1504;20190528;-999;-999;-999;    3;   5.8;   4;    2.500;   0;   7.3;  11.5;  987.50;   11.8;   83.08;   -999;   -999;-999;eor
       1504;20190529;-999;-999;-999;    3;   0.0;   0;   14.100;   0;   2.6;   8.3;  999.52;   12.1;   61.83;   -999;   -999;-999;eor
       1504;20190530;-999;-999;-999;    3;   0.0;   4;    3.900;   0;   6.1;  11.6; 1002.56;   13.9;   72.25;   -999;   -999;-999;eor
       1504;20190531;-999;-999;-999;    3;   0.0;   0;    3.200;   0;   5.6;  14.8; 1002.79;   17.1;   76.83;   -999;   -999;-999;eor
       1504;20190601;-999;-999;-999;    3;   0.0;   0;   14.400;   0;   5.2;  14.9; 1000.36;   18.6;   71.54;   -999;   -999;-999;eor
       1504;20190602;-999;-999;-999;    3;   0.0;   0;   14.800;   0;   2.6;  15.1;  995.04;   20.6;   66.54;   -999;   -999;-999;eor
       1504;20190603;-999;-999;-999;    3;   7.6;   4;    7.800;   0;   4.8;  16.7;  992.46;   18.7;   79.13;   -999;   -999;-999;eor
       1504;20190604;-999;-999;-999;    3;   0.0;   0;    8.800;   0;   6.3;  17.9;  989.97;   19.8;   79.83;   -999;   -999;-999;eor
       1504;20190605;-999;-999;-999;    3;   0.0;   0;   10.100;   0;   3.9;  17.9;  985.29;   23.1;   65.33;   -999;   -999;-999;eor
       1504;20190606;-999;-999;-999;    3;   0.8;   4;    0.500;   0;   6.2;  13.6;  990.20;   15.4;   78.38;   -999;   -999;-999;eor
       1504;20190607;-999;-999;-999;    3;   4.2;   4;    8.200;   0;   5.3;  13.2;  991.89;   15.2;   77.83;   -999;   -999;-999;eor
       1504;20190608;-999;-999;-999;    3;   0.0;   0;    8.300;   0;   4.4;  10.0;  998.61;   14.3;   63.08;   -999;   -999;-999;eor
       1504;20190609;-999;-999;-999;    1;   0.0;   0;   11.200;   0;   6.4;  11.2; 1000.62;   16.4;   62.08;   -999;   -999;-999;eor
       1504;20190610;-999;-999;-999;    1;   6.6;   4;    6.800;   0;   5.9;  15.4;  991.55;   18.6;   72.71;   -999;   -999;-999;eor
       1504;20190611;-999;-999;-999;    1;   0.3;   4;-999;   0;   6.5;  15.6;  989.58;   17.7;   77.75;   -999;   -999;-999;eor
       1504;20190612;-999;-999;-999;    1;   9.3;   4;-999;   0;   5.6;  15.1;  988.91;   15.5;   85.71;   -999;   -999;-999;eor
       1504;20190613;-999;-999;-999;    1;   0.0;   0;-999;   0;   2.2;  11.9;  993.03;   15.9;   68.96;   -999;   -999;-999;eor
       1504;20190614;-999;-999;-999;    1;   0.0;   0;-999;   0;   4.9;  14.5;  993.86;   18.4;   69.42;   -999;   -999;-999;eor
       1504;20190615;-999;-999;-999;    1;   0.0;   4;-999;   0;   4.2;  15.2;  991.23;   19.6;   68.33;   -999;   -999;-999;eor
       1504;20190616;-999;-999;-999;    1;   0.7;   4;-999;   0;   5.8;  14.9;  998.94;   16.3;   81.17;   -999;   -999;-999;eor
       1504;20190617;-999;-999;-999;    1;   0.0;   0;-999;   0;   2.4;  14.4;  999.14;   18.5;   71.58;   -999;   -999;-999;eor
       1504;20190618;-999;-999;-999;    1;   0.0;   0;-999;   0;   5.0;  16.5;  993.69;   21.2;   68.29;   -999;   -999;-999;eor
       1504;20190619;-999;-999;-999;    1;   0.0;   4;   13.300;   0;   4.3;  17.1;  988.04;   22.9;   64.88;   -999;   -999;-999;eor
       1504;20190620;-999;-999;-999;    1;  12.4;   4;    4.100;   0;   6.6;  16.8;  990.75;   18.8;   79.67;   -999;   -999;-999;eor
       1504;20190621;-999;-999;-999;    1;   0.0;   0;    6.800;   0;   4.5;  13.4;  997.06;   17.6;   69.13;   -999;   -999;-999;eor
       1504;20190622;-999;-999;-999;    1;   0.0;   0;    9.900;   0;   4.8;  13.7;  998.73;   19.0;   63.83;   -999;   -999;-999;eor
       1504;20190623;-999;-999;-999;    1;   0.0;   0;   13.300;   0;   3.5;  13.3;  998.71;   21.1;   58.38;   -999;   -999;-999;eor
       1504;20190624;-999;-999;-999;    1;   0.0;   0;   14.400;   0;   4.7;  15.6;  999.62;   22.8;   59.04;   -999;   -999;-999;eor
       1504;20190625;-999;-999;-999;    1;   0.0;   0;   14.300;   0;   4.5;  17.5;  998.67;   24.5;   59.96;   -999;   -999;-999;eor
       1504;20190626;-999;-999;-999;    1;   0.0;   0;   13.700;   0;   1.0;  20.6; 1001.06;   26.2;   63.58;   -999;   -999;-999;eor
       1504;20190627;-999;-999;-999;    1;   0.0;   0;   13.900;   0;   0.6;  12.7; 1004.38;   20.3;   56.04;   -999;   -999;-999;eor
       1504;20190628;-999;-999;-999;    1;   0.0;   0;   11.800;   0;   1.4;  11.7; 1003.26;   18.1;   59.33;   -999;   -999;-999;eor
       1504;20190629;-999;-999;-999;    1;   0.0;   0;   15.100;   0;   0.0;  12.8;  998.77;   21.1;   57.08;   -999;   -999;-999;eor
       1504;20190630;-999;-999;-999;    1;   0.2;   4;   13.800;   0;   2.0;  15.6;  993.00;   25.1;   53.42;   -999;   -999;-999;eor
       1504;20190701;-999;-999;-999;    1;   0.1;   4;    9.800;   0;   4.3;  13.5;  995.25;   21.8;   54.38;   -999;   -999;-999;eor
       1504;20190702;-999;-999;-999;    1;   0.0;   0;   10.200;   0;   2.3;  10.5; 1000.19;   16.6;   58.08;   -999;   -999;-999;eor
       1504;20190703;-999;-999;-999;    1;   0.0;   0;    9.900;   0;   2.5;   9.5; 1002.25;   15.1;   57.96;   -999;   -999;-999;eor
       1504;20190704;-999;-999;-999;    1;   0.0;   0;   13.800;   0;   3.5;   9.1; 1001.40;   16.0;   53.21;   -999;   -999;-999;eor
       1504;20190705;-999;-999;-999;    1;   0.0;   0;    7.500;   0;   4.7;  11.3;  995.17;   19.6;   53.08;   -999;   -999;-999;eor
       1504;20190706;-999;-999;-999;    1;   0.0;   4;    8.400;   0;   5.5;  12.2;  989.55;   20.0;   56.25;   -999;   -999;-999;eor
       1504;20190707;-999;-999;-999;    1;   0.0;   0;    3.400;   0;   5.8;   9.6;  992.38;   15.7;   54.75;   -999;   -999;-999;eor
       1504;20190708;-999;-999;-999;    1;   0.0;   0;    0.700;   0;   6.1;   9.8;  996.68;   13.4;   64.58;   -999;   -999;-999;eor
