STATIONS_ID;MESS_DATUM;QN_3;  FX;  FM;QN_4; RSK;RSKF; SDK;SHK_TAG;  NM; VPM;  PM; TMK; UPM; TXK; TNK; TGK;eor
       3032;20180106;   10;   8.4;   4.8;    3;   0.0;   0;    4.333;   0;   5.3;   6.2; 1005.75;    1.5;   91.13;    3.5;   -1.1;   -2.7;eor
       3032;20180107;   10;   8.0;   3.0;    3;   0.0;   0;    5.983;   0;   0.3;   4.9; 1028.32;   -0.2;   81.38;    2.1;   -2.4;   -6.7;eor
       3032;20180108;   10;  13.7;   5.1;    3;   0.0;   0;    6.033;   0;   1.0;   5.2; 1030.29;    0.2;   83.38;    1.4;   -1.5;   -5.2;eor
       3032;20180109;   10;  16.9;   9.8;    3;   0.9;   6;    2.583;   0;   6.0;   5.4; 1014.32;    1.9;   76.46;    2.9;    0.5;   -1.0;eor
       3032;20180110;   10;   8.3;   5.1;    3;   0.0;   6;    0.500;   0;   7.9;   6.6; 1007.44;    2.3;   91.25;    3.4;    1.2;    0.7;eor
       3032;20180111;   10;   8.7;   4.7;    3;   2.0;   6;    0.000;   0;   7.9;   7.4; 1015.71;    2.7;   99.54;    3.6;    1.8;    1.7;eor
       3032;20180112;   10;  14.1;   6.8;    3;   0.0;   8;    0.000;   0;   7.7;   6.7; 1025.58;    2.2;   93.13;    3.0;    1.7;    1.3;eor
       3032;20180113;   10;  14.4;   7.3;    3;   0.0;   0;    0.000;   0;   7.7;   6.0; 1026.50;    1.4;   88.00;    2.0;   -0.2;   -0.4;eor
       3032;20180114;   10;  17.5;   9.0;    3;   0.0;   0;    2.233;   0;  -999;   4.5; 1021.97;   -0.3;   75.83;    0.7;   -1.1;   -2.0;eor
       3032;20180115;   10;  22.4;  13.7;    3;   6.1;   8;    0.000;   0;   7.4;   6.0;  997.75;    1.1;   89.75;    2.9;   -1.1;   -2.0;eor
       3032;20180116;   10;  16.4;   7.2;    3;   5.6;   8;    0.333;   0;   7.5;   7.0;  979.89;    3.2;   90.83;    5.3;    1.1;    0.1;eor
       3032;20180117;   10;  15.7;   5.9;    3;   3.1;   8;    1.250;   0;   6.9;   6.4;  986.49;    2.2;   89.25;    4.2;    0.3;   -1.0;eor
       3032;20180118;   10;  12.7;   5.6;    3;   3.1;   8;    0.000;   0;   7.5;   6.7;  988.04;    2.3;   92.46;    3.7;    0.7;   -1.3;eor
       3032;20180119;   10;  10.0;   3.6;    3;   5.3;   8;    1.867;   0;   7.1;   6.6;  997.85;    2.2;   91.83;    4.1;    0.4;   -0.9;eor
       3032;20180120;   10;  11.7;   5.6;    3;   1.1;   8;    0.917;   0;   7.6;   6.5;  997.89;    1.7;   93.75;    3.0;    0.2;   -0.2;eor
       3032;20180121;   10;  11.4;   5.1;    3;   0.2;   8;    0.000;   0;   7.5;   6.1; 1008.09;    0.4;   97.21;    1.5;   -0.8;   -1.3;eor
       3032;20180122;   10;  12.9;   6.6;    3;   0.1;   8;    0.000;   0;   7.6;   6.1; 1005.08;    0.4;   96.71;    0.8;    0.1;    0.0;eor
       3032;20180123;   10;  19.7;   8.3;    3;   1.9;   8;    0.617;   0;   7.8;   7.6; 1010.14;    3.2;   97.50;    7.0;    0.7;    0.7;eor
       3032;20180124;   10;  26.1;  11.9;    3;   1.1;   6;    0.000;   0;   7.8;   9.6; 1001.12;    6.9;   96.63;    9.4;    5.0;    4.8;eor
       3032;20180125;   10;  16.4;   8.6;    3;   0.0;   6;    0.000;   0;   7.9;   8.6; 1003.77;    5.6;   93.58;    6.6;    4.6;    3.4;eor
       3032;20180126;   10;   8.0;   3.7;    3;   0.0;   6;    2.917;   0;   6.3;   8.2; 1013.60;    4.6;   95.83;    6.4;    2.1;    0.1;eor
       3032;20180127;   10;  24.3;   8.7;    3;   3.8;   8;    0.417;   0;   7.8;   8.0; 1018.96;    4.6;   94.00;    6.6;    3.0;    3.1;eor
       3032;20180128;   10;  17.9;  10.0;    3;   0.5;   6;    0.550;   0;   6.7;   8.8; 1013.83;    6.3;   92.21;    7.1;    5.5;    4.5;eor
       3032;20180129;   10;  20.5;  11.0;    3;   0.3;   8;    0.000;   0;   6.7;   8.6; 1010.30;    6.3;   89.50;    7.5;    3.6;    3.0;eor
       3032;20180130;   10;  19.7;   9.1;    3;   0.0;   6;    4.550;   0;   6.8;   7.5; 1016.89;    5.1;   85.21;    6.3;    4.3;    3.0;eor
       3032;20180131;   10;  22.3;   9.7;    3;   2.0;   8;    0.083;   0;   6.9;   7.5;  994.60;    4.2;   89.96;    6.2;    2.5;    0.8;eor
       3032;20180201;   10;  23.1;  10.6;    3;   4.3;   8;    4.333;   0;   5.5;   7.1;  986.62;    4.1;   86.88;    5.3;    2.7;    1.5;eor
       3032;20180202;   10;  14.7;   7.5;    3;   0.1;   8;    0.000;   0;   7.8;   6.5;  996.11;    2.0;   90.96;    4.3;   -1.9;   -1.7;eor
       3032;20180203;   10;  16.4;   5.8;    3;   0.1;   8;    0.000;   0;   8.0;   4.2; 1004.60;   -1.9;   79.04;   -0.6;   -3.2;   -3.0;eor
       3032;20180204;   10;  16.0;   9.4;    3;   0.0;   7;    2.533;   0;   6.2;   5.0; 1019.89;    0.1;   80.54;    1.6;   -1.1;   -2.0;eor
       3032;20180205;   10;   8.8;   4.1;    3;   0.0;   7;    1.100;   0;   8.0;   4.1; 1027.56;   -1.1;   72.88;    0.1;   -2.8;   -4.4;eor
       3032;20180206;   10;   9.1;   4.1;    3;   0.0;   7;    0.133;   0;   6.3;   4.3; 1015.64;   -1.2;   76.42;    0.3;   -2.3;   -6.2;eor
       3032;20180207;   10;   8.2;   4.1;    3;   0.0;   7;    7.867;-999;   0.5;   5.1; 1014.27;    0.5;   80.88;    3.7;   -2.0;   -7.9;eor
       3032;20180208;   10;  14.2;   6.8;    3;   0.0;   0;    7.950;-999;   4.3;   5.0; 1015.21;    0.5;   78.46;    2.0;   -0.5;   -2.2;eor
       3032;20180209;   10;  14.5;   8.9;    3;   0.0;   7;    1.850;   0;   7.8;   5.0; 1010.00;   -0.5;   84.33;    1.0;   -1.6;   -2.5;eor
       3032;20180210;   10;  14.4;   7.2;    3;   0.1;   8;    0.000;   0;   7.4;   5.6; 1008.30;   -0.1;   92.00;    1.3;   -1.8;   -2.5;eor
       3032;20180211;   10;  26.3;  14.3;    3;   5.0;   8;    0.133;   0;   7.7;   6.5;  988.71;    2.3;   90.83;    4.5;    0.1;    0.1;eor
       3032;20180212;   10;  26.0;  10.9;    3;   2.2;   8;    2.267;   0;   7.1;   6.2;  999.08;    2.8;   83.08;    4.3;    0.4;    0.1;eor
       3032;20180213;   10;  15.0;   6.7;    3;   0.0;   0;    6.050;   0;   2.8;   6.3; 1007.77;    1.9;   89.50;    3.1;    1.0;   -0.7;eor
       3032;20180214;   10;  18.3;   8.7;    3;   0.0;   0;    8.050;   0;   3.7;   5.1; 1012.72;    1.2;   75.83;    2.4;   -0.6;   -1.9;eor
       3032;20180215;   10;  23.5;  11.4;    3;   1.0;   8;    0.000;   0;   7.4;   5.6; 1006.60;    1.1;   84.33;    3.9;   -0.6;   -0.4;eor
       3032;20180216;   10;  13.3;   7.0;    3;   0.0;   6;    2.833;   0;   4.0;   7.2; 1014.98;    4.1;   88.04;    6.0;    2.9;    1.4;eor
       3032;20180217;   10;   6.1;   2.8;    3;   0.0;   0;    6.450;   0;   7.1;   7.0; 1021.43;    3.0;   92.50;    6.4;   -0.4;   -1.5;eor
       3032;20180218;   10;  10.3;   5.9;    3;   0.0;   6;    1.833;   0;   7.9;   6.3; 1021.62;    1.6;   92.29;    3.7;   -0.9;   -0.8;eor
       3032;20180219;   10;   6.1;   2.4;    3;   0.5;   6;    1.467;   0;   7.5;   7.0; 1016.32;    2.7;   93.79;    5.1;    1.4;   -0.4;eor
       3032;20180220;   10;   9.2;   3.8;    3;   0.4;   6;    3.267;   0;   5.2;   6.3; 1019.23;    2.1;   88.96;    3.7;   -0.9;   -2.7;eor
       3032;20180221;   10;   4.6;   2.1;    3;   0.0;   6;    3.867;   0;   6.7;   5.2; 1024.56;    1.3;   77.96;    4.2;   -0.7;   -3.4;eor
       3032;20180222;   10;   7.4;   4.0;    3;   0.0;   6;    0.000;   0;   5.6;   6.1; 1024.08;    2.1;   85.46;    4.3;   -1.2;   -2.6;eor
       3032;20180223;   10;   7.7;   4.2;    3;   0.0;   0;    9.283;   0;   1.3;   4.8; 1025.31;    0.0;   78.83;    3.2;   -1.9;   -4.0;eor
       3032;20180224;   10;  13.2;   6.6;    3;   0.0;   0;    5.850;   0;   5.0;   4.1; 1030.05;   -0.4;   70.21;    2.0;   -2.8;   -4.4;eor
       3032;20180225;   10;  13.6;   6.2;    3;   0.0;   8;    5.683;-999;   6.3;   3.4; 1032.48;   -2.8;   68.83;   -0.6;   -5.5;   -6.8;eor
       3032;20180226;   10;  13.3;   7.3;    3;   0.1;   8;    6.167;-999;   3.1;   3.3; 1031.01;   -4.0;   72.25;   -0.3;   -6.5;   -7.8;eor
       3032;20180227;   10;  18.7;   9.3;    3;   0.1;   8;    4.250;   0;   5.4;   3.2; 1024.59;   -5.1;   75.75;   -3.4;   -7.4;   -8.3;eor
       3032;20180228;   10;  17.4;   9.5;    3;   0.2;   7;    4.300;   0;   4.8;   2.8; 1026.60;   -6.6;   75.58;   -4.4;   -8.0;   -8.8;eor
       3032;20180301;   10;  16.8;  10.2;    3;   0.0;   7;    1.133;   0;   6.9;   3.2; 1018.54;   -4.8;   74.00;   -2.4;   -7.0;   -8.4;eor
       3032;20180302;   10;  17.5;   8.9;    3;   0.0;   7;    3.433;   0;   6.5;   3.6; 1006.64;   -3.6;   76.58;   -0.3;   -5.5;   -6.3;eor
       3032;20180303;   10;  17.0;   9.5;    3;   0.0;   0;    8.917;   0;   3.5;   3.5; 1002.94;   -3.5;   73.71;   -1.1;   -6.0;   -6.2;eor
       3032;20180304;   10;  17.0;   9.9;    3;   2.5;   8;    4.483;   0;   4.0;   3.5;  998.20;   -2.7;   70.25;   -0.6;   -5.5;   -6.5;eor
       3032;20180305;   10;  14.4;   7.8;    3;   0.2;   6;    0.000;   0;   7.8;   6.4;  990.05;    1.3;   93.96;    4.0;   -1.0;   -1.3;eor
       3032;20180306;   10;  11.9;   5.3;    3;   0.0;   0;    4.983;   0;   7.9;   6.4;  990.82;    1.7;   92.38;    5.9;   -0.4;   -1.3;eor
       3032;20180307;   10;   8.0;   4.5;    3;   2.9;   8;    0.000;   0;   7.9;   6.0;  992.00;    0.6;   93.71;    3.0;   -0.6;   -1.4;eor
       3032;20180308;   10;  11.0;   4.6;    3;   3.6;   6;    0.000;   0;   7.6;   6.5;  992.66;    0.9;   99.75;    3.1;   -0.3;   -0.5;eor
       3032;20180309;   10;   9.7;   4.5;    3;   0.0;   8;    3.133;   0;   6.8;   6.7;  998.57;    2.0;   94.42;    4.9;    0.2;   -1.9;eor
       3032;20180310;   10;  14.8;   7.6;    3;  12.3;   8;    0.000;   0;   7.7;   6.5;  999.03;    1.2;   97.21;    2.6;   -0.3;   -0.2;eor
       3032;20180311;   10;  11.5;   6.8;    3;   0.9;   6;    0.000;   0;   7.9;   8.3;  992.20;    4.3;   99.17;    8.3;    1.6;    1.6;eor
       3032;20180312;   10;   7.4;   3.4;    3;   0.6;   6;    1.417;   0;   7.0;   8.3;  988.74;    4.4;   98.96;    9.3;    1.6;    0.7;eor
       3032;20180313;   10;  10.0;   6.4;    3;   0.0;   0;    0.000;   0;   8.0;   6.7;  995.77;    2.1;   94.54;    3.2;    1.2;    0.7;eor
       3032;20180314;   10;  10.1;   3.6;    3;   0.0;   6;    0.167;   0;   8.0;   5.6; 1008.37;    2.6;   77.25;    6.2;    0.7;    0.2;eor
       3032;20180315;   10;  23.0;  12.3;    3;   0.0;   6;    2.350;   0;   7.7;   5.6; 1005.57;    1.8;   80.04;    3.1;    0.6;    0.4;eor
       3032;20180316;   10;  24.0;  15.0;    3;   0.0;   8;    1.933;   0;   7.5;   3.8; 1010.51;   -0.4;   64.25;    1.5;   -3.1;   -3.9;eor
       3032;20180317;   10;  23.8;  13.7;    3;   0.0;   8;    5.467;   0;   6.2;   3.1; 1017.29;   -2.6;   60.54;    0.2;   -4.2;   -5.2;eor
       3032;20180318;   10;  20.5;  10.6;    3;   0.0;   7;   10.800;   0;   2.2;   3.6; 1018.48;   -1.3;   66.79;    1.9;   -3.8;   -5.0;eor
       3032;20180319;   10;  13.8;   5.6;    3;   0.0;   6;    9.150;   0;   3.0;   5.0; 1014.43;   -0.1;   82.33;    2.9;   -5.0;   -6.8;eor
       3032;20180320;   10;  14.6;   7.9;    3;   0.4;   6;   11.167;   0;   1.3;   5.0; 1017.48;    2.1;   71.71;    7.3;   -1.0;   -6.1;eor
       3032;20180321;   10;  14.3;   6.4;    3;   2.4;   8;    2.417;   0;   7.7;   6.7; 1019.68;    2.5;   91.50;    5.0;   -0.9;   -3.1;eor
       3032;20180322;   10;  17.7;   7.4;    3;   0.2;   6;    0.033;   0;   7.9;   7.5; 1006.07;    3.0;   98.50;    4.1;    1.1;    0.3;eor
       3032;20180323;   10;  10.2;   5.2;    3;   0.3;   6;    0.000;   0;   7.7;   7.3; 1001.82;    2.6;   99.67;    4.1;    0.4;   -0.4;eor
       3032;20180324;   10;   6.3;   3.0;    3;   0.0;   0;    0.000;   0;   7.9;   8.0; 1000.98;    3.8;   99.58;    5.6;    2.7;    2.4;eor
       3032;20180325;   10;   7.4;   2.8;    3;   0.0;   6;    0.150;   0;   8.0;   7.4; 1005.17;    3.4;   95.21;    7.6;   -0.2;    0.2;eor
       3032;20180326;   10;   8.7;   4.1;    3;   0.2;   6;    0.983;   0;   7.6;   7.2; 1010.71;    2.6;   97.33;    5.8;    0.5;    0.3;eor
       3032;20180327;   10;  13.0;   4.0;    3;   1.5;   8;    3.150;   0;   7.9;   7.0; 1009.63;    3.4;   90.79;    7.7;    1.5;    1.7;eor
       3032;20180328;   10;  20.1;  12.0;    3;   2.6;   8;    0.000;   0;   7.7;   6.3; 1001.10;    2.0;   88.63;    3.9;    0.1;    0.1;eor
       3032;20180329;   10;  12.8;   6.0;    3;   0.7;   8;    0.000;   2;   7.3;   6.0; 1001.00;    0.4;   95.17;    1.2;   -0.3;   -2.1;eor
       3032;20180330;   10;  16.2;   7.1;    3;   0.0;   0;    8.250;   0;   5.4;   5.6; 1004.35;    1.5;   82.88;    5.2;   -1.2;   -3.4;eor
       3032;20180331;   10;  18.1;  10.0;    3;   0.0;   0;    0.000;   0;   7.8;   5.6; 1000.81;    1.7;   80.92;    3.0;   -0.6;   -2.4;eor
       3032;20180401;   10;  15.1;   7.3;    3;   0.0;   0;   10.600;   0;   4.7;   5.7; 1004.20;    1.9;   81.83;    5.1;   -0.7;   -2.4;eor
       3032;20180402;   10;  12.4;   5.1;    3;  10.4;   8;    7.533;   0;   7.4;   5.9; 1004.46;    3.1;   77.54;    6.5;    1.1;   -0.8;eor
       3032;20180403;   10;  12.5;   6.6;    3;   8.3;   6;    0.100;   0;   7.8;   9.2;  994.84;    6.0;   98.08;    9.3;    3.0;    2.9;eor
       3032;20180404;   10;  15.8;   6.3;    3;   5.3;   6;    4.383;   0;   7.6;   9.9;  995.55;    7.8;   93.21;   11.3;    5.2;    4.5;eor
       3032;20180405;   10;  20.0;   9.8;    3;   0.7;   8;    2.983;   0;   5.5;   8.0; 1001.00;    5.0;   91.13;    7.0;    3.1;    1.9;eor
       3032;20180406;   10;  13.1;   5.7;    3;   0.0;   0;   10.817;   0;   5.0;   7.2; 1017.19;    6.0;   77.50;   10.6;    2.7;    1.4;eor
       3032;20180407;   10;  13.0;   7.4;    3;   0.0;   0;   10.133;   0;   7.8;   7.9; 1009.42;    9.4;   67.04;   14.1;    5.6;    4.2;eor
       3032;20180408;   10;   8.7;   4.2;    3;   0.0;   6;    9.767;   0;   6.8;   9.4; 1004.92;   11.6;   70.13;   19.8;    7.4;    5.9;eor
       3032;20180409;   10;  12.6;   6.4;    3;   0.1;   6;    3.367;   0;   7.5;   9.1; 1004.50;    7.3;   88.25;   10.9;    4.8;    4.9;eor
       3032;20180410;   10;  21.8;  10.3;    3;   0.0;   0;    4.883;   0;   7.6;   9.0; 1007.06;    8.7;   79.75;   12.3;    6.4;    6.0;eor
       3032;20180411;   10;  22.5;  11.9;    3;   0.0;   0;   11.933;   0;   3.0;   7.2; 1011.01;    7.7;   68.67;   11.9;    4.6;    4.0;eor
       3032;20180412;   10;  22.3;  11.6;    3;   0.7;   6;    9.400;   0;   4.0;   8.0; 1006.59;    8.6;   70.46;   13.2;    4.1;    3.4;eor
       3032;20180413;   10;  14.9;   7.6;    3;   2.0;   6;    0.533;   0;   7.9;  10.0; 1005.42;    9.1;   86.46;   12.2;    8.0;    7.4;eor
       3032;20180414;   10;  10.3;   3.8;    3;   0.2;   6;    0.000;   0;   7.7;   9.5; 1010.25;    7.1;   94.63;   11.0;    5.3;    5.5;eor
       3032;20180415;   10;   7.4;   3.1;    3;   1.0;   6;    0.150;   0;   7.8;   9.9; 1011.01;    7.5;   95.17;   10.3;    5.2;    5.3;eor
       3032;20180416;   10;   8.8;   4.1;    3;   0.0;   0;    4.900;   0;   5.7;  10.6; 1011.27;    8.5;   95.54;   11.3;    5.6;    4.7;eor
       3032;20180417;   10;  11.3;   5.2;    3;   0.0;   0;    8.467;   0;   5.6;   9.8; 1020.67;   10.2;   80.08;   15.1;    5.5;    3.9;eor
       3032;20180418;   10;  11.0;   5.0;    3;   0.0;   0;   11.933;   0;   2.4;  10.4; 1026.82;   13.5;   67.71;   17.7;    9.8;    5.7;eor
       3032;20180419;   10;   9.6;   5.5;    3;   0.0;   0;   13.200;   0;   2.5;  13.2; 1025.72;   15.9;   74.13;   21.9;    9.9;    8.3;eor
       3032;20180420;   10;  11.2;   6.0;    3;   0.0;   4;   12.967;   0;   0.2;  11.5; 1017.59;   12.3;   80.58;   18.6;    7.2;    6.3;eor
       3032;20180421;   10;   9.2;   4.3;    3;   0.0;   0;   10.367;   0;   2.3;   9.4; 1018.07;    7.7;   89.88;   13.2;    5.2;    3.6;eor
       3032;20180422;   10;  11.9;   4.3;    3;   0.1;   6;   10.083;   0;   5.9;  10.0; 1010.45;   11.3;   77.17;   18.7;    4.3;    4.5;eor
       3032;20180423;   10;  16.9;   7.9;    3;   0.0;   6;    9.550;   0;   5.3;  10.2; 1006.25;    9.5;   85.67;   13.8;    7.1;    6.0;eor
       3032;20180424;   10;  15.9;   8.9;    3;  13.4;   6;    7.283;   0;   7.1;   9.7; 1005.65;    8.7;   85.67;   11.0;    6.9;    6.3;eor
       3032;20180425;   10;  13.9;   7.1;    3;   0.7;   6;    4.517;   0;   7.1;   9.5; 1001.60;    7.6;   90.96;    9.9;    6.0;    5.2;eor
       3032;20180426;   10;  15.7;   8.0;    3;   0.0;   0;    9.333;   0;   6.3;   9.4; 1005.72;    8.0;   87.17;   10.3;    6.7;    5.3;eor
       3032;20180427;   10;  12.3;   5.0;    3;   1.5;   6;    9.683;   0;   5.4;   9.4; 1008.10;    8.6;   84.50;   12.0;    7.0;    5.3;eor
       3032;20180428;   10;   9.3;   4.7;    3;   0.3;   6;    0.600;   0;   7.7;  10.2; 1006.48;    9.5;   86.17;   12.9;    6.9;    5.1;eor
       3032;20180429;   10;  12.9;   4.5;    3;   1.8;   6;    2.683;   0;   7.6;  10.6; 1007.98;   10.2;   85.38;   14.9;    7.4;    6.2;eor
       3032;20180430;   10;  17.9;   9.0;    3;  13.9;   6;    0.617;   0;   7.0;  10.6;  996.49;   10.1;   85.21;   11.5;    8.7;    6.9;eor
       3032;20180501;   10;  19.2;   8.6;    3;   2.1;   6;    0.367;   0;   6.7;   9.1;  998.44;    7.6;   87.63;   10.9;    6.4;    5.0;eor
       3032;20180502;   10;  14.4;   7.2;    3;   1.4;   6;   12.383;   0;   3.0;   9.2; 1007.77;   10.7;   72.08;   13.8;    7.1;    5.1;eor
       3032;20180503;   10;  13.1;   6.2;    3;   0.0;   0;   12.817;   0;   2.6;   9.0; 1012.85;    8.3;   82.13;   11.2;    5.8;    3.8;eor
       3032;20180504;   10;   6.9;   3.1;    3;   0.0;   0;   12.117;   0;   2.1;   8.3; 1022.06;    9.1;   72.92;   12.7;    5.7;    0.9;eor
       3032;20180505;   10;   5.8;   3.1;    3;   0.0;   0;   13.550;   0;   0.9;   9.1; 1025.30;   12.4;   63.83;   17.8;    8.6;    2.0;eor
       3032;20180506;   10;   7.8;   3.5;    3;   0.0;   0;   14.483;   0;   0.4;  11.2; 1023.30;   15.2;   65.92;   21.3;   10.9;    7.7;eor
       3032;20180507;   10;  10.4;   4.6;    3;   0.0;   0;   14.550;   0;   0.0;  12.8; 1018.76;   17.1;   67.00;   23.1;   13.2;   10.9;eor
       3032;20180508;   10;  11.7;   6.7;    3;   0.0;   0;   14.583;   0;   0.1;  13.4; 1011.28;   17.6;   67.21;   24.0;   13.0;   11.7;eor
       3032;20180509;   10;  13.7;   7.3;    3;   0.0;   0;   14.417;   0;   0.4;  13.7; 1005.94;   18.2;   66.21;   24.6;   13.7;   12.4;eor
       3032;20180510;   10;  18.6;   7.5;    3;   1.5;   4;    4.400;   0;   7.4;  12.9; 1005.86;   13.7;   82.13;   20.5;    9.6;    9.0;eor
       3032;20180511;   10;   9.7;   4.7;    3;   0.0;   0;   14.300;   0;   1.7;   9.9; 1016.96;   10.9;   76.38;   13.8;    8.6;    7.0;eor
       3032;20180512;   10;  10.2;   4.7;    3;   0.0;   0;   11.400;   0;   4.9;  12.1; 1014.98;   15.5;   68.50;   20.8;   11.0;    7.6;eor
       3032;20180513;   10;  14.0;   7.3;    3;   0.0;   0;   12.300;   0;   3.9;  13.9; 1011.47;   17.4;   70.13;   22.6;   12.1;   11.2;eor
       3032;20180514;   10;  10.9;   6.0;    3;   0.0;   0;   14.867;   0;   0.2;  13.0; 1013.79;   19.7;   58.50;   26.6;   13.5;   12.2;eor
       3032;20180515;   10;   9.5;   4.1;    3;   0.0;   0;   14.583;   0;   1.4;  12.4; 1014.93;   18.8;   60.08;   24.7;   14.3;   12.2;eor
       3032;20180516;   10;  19.2;  10.4;    3;   0.0;   0;   12.267;   0;   3.4;  13.0; 1013.85;   13.9;   81.29;   17.9;    9.7;    9.4;eor
       3032;20180517;   10;  19.2;  11.7;    3;   0.0;   0;    8.383;   0;   3.9;  11.0; 1013.05;   11.4;   81.42;   15.0;    9.5;    9.0;eor
       3032;20180518;   10;   9.7;   5.6;    3;   0.0;   6;   10.367;   0;   5.6;  11.8; 1015.74;   11.2;   88.21;   13.8;    9.5;    8.7;eor
       3032;20180519;   10;   8.4;   3.1;    3;   0.0;   0;    4.100;   0;   5.6;  12.3; 1020.15;   11.9;   88.42;   14.6;   10.6;    8.7;eor
       3032;20180520;   10;  12.4;   5.6;    3;   0.0;   0;   15.200;   0;   0.1;  11.4; 1022.66;   16.5;   62.75;   23.2;   11.1;    9.3;eor
       3032;20180521;   10;  12.5;   7.6;    3;   0.0;   0;   13.317;   0;   7.1;  11.2; 1018.80;   16.4;   61.58;   22.1;   11.7;   10.2;eor
       3032;20180522;   10;  10.1;   4.4;    3;   0.0;   0;   14.933;   0;   0.7;  11.8; 1014.27;   18.0;   59.42;   25.0;   12.1;   10.8;eor
       3032;20180523;   10;  10.8;   4.4;    3;   0.0;   0;   14.950;   0;   0.2;  12.8; 1020.76;   18.6;   61.63;   24.4;   14.5;   10.7;eor
       3032;20180524;   10;  15.0;   7.4;    3;   0.0;   0;   15.433;   0;   0.0;  11.9; 1022.07;   18.8;   55.88;   23.4;   14.2;   12.5;eor
       3032;20180525;   10;  13.3;   7.6;    3;   0.0;   0;   15.133;   0;   4.8;  12.4; 1020.49;   18.9;   58.29;   24.3;   14.0;   12.6;eor
       3032;20180526;   10;  10.8;   4.9;    3;   0.0;   0;   15.300;   0;   3.0;  13.8; 1021.37;   19.8;   61.50;   26.3;   13.5;   11.3;eor
       3032;20180527;   10;  13.6;   6.7;    3;   1.2;   6;   14.167;   0;   2.9;  15.9; 1019.76;   18.9;   73.58;   23.7;   15.3;   14.1;eor
       3032;20180528;   10;  14.3;   5.7;    3;   0.1;   6;   13.050;   0;   3.3;  17.8; 1017.70;   19.9;   77.21;   25.4;   15.6;   14.9;eor
       3032;20180529;   10;  12.7;   6.8;    3;   0.9;   6;    9.300;   0;   4.8;  18.0; 1014.00;   20.6;   75.04;   26.5;   16.2;   15.6;eor
       3032;20180530;   10;  11.3;   6.2;    3;   0.0;   0;   15.500;   0;   3.2;  17.4; 1012.43;   22.1;   65.79;   27.2;   17.4;   16.2;eor
       3032;20180531;   10;  12.7;   6.5;    3;   0.0;   0;   15.367;   0;   2.9;  17.2; 1013.30;   21.2;   68.58;   26.0;   17.4;   16.3;eor
       3032;20180601;   10;  12.3;   6.1;    3;   0.0;   0;   14.767;   0;   4.4;  15.8; 1012.55;   21.6;   62.17;   27.2;   16.7;   15.8;eor
       3032;20180602;   10;   8.6;   3.9;    3;   0.0;   0;   12.250;   0;   6.3;  17.0; 1012.30;   19.6;   75.75;   26.6;   15.4;   14.3;eor
       3032;20180603;   10;   8.6;   4.3;    3;   0.0;   6;    1.017;   0;   7.8;  16.4; 1013.95;   16.9;   85.04;   19.5;   15.3;   14.1;eor
       3032;20180604;   10;  11.3;   6.7;    3;   0.0;   0;    0.733;   0;   7.7;  15.1; 1010.00;   15.9;   83.29;   17.6;   14.3;   13.4;eor
       3032;20180605;   10;   9.1;   4.9;    3;   0.0;   0;   13.017;   0;   3.2;  13.6; 1010.92;   16.5;   72.79;   20.7;   12.8;   11.3;eor
       3032;20180606;   10;  11.3;   5.8;    3;   0.0;   0;   14.883;   0;   2.2;  12.4; 1013.79;   19.9;   55.29;   26.6;   15.9;   14.4;eor
       3032;20180607;   10;   9.1;   4.2;    3;   0.0;   0;   15.950;   0;   0.3;  12.2; 1013.29;   20.9;   51.67;   27.1;   15.8;   14.3;eor
       3032;20180608;   10;   8.7;   4.1;    3;   0.0;   6;   12.783;   0;   5.2;  14.4; 1011.87;   20.6;   60.83;   26.4;   16.6;   12.3;eor
       3032;20180609;   10;   8.4;   4.0;    3;   0.2;   6;    4.733;   0;   8.0;  16.8; 1010.97;   19.5;   74.67;   25.0;   17.4;   16.7;eor
       3032;20180610;   10;  11.3;   6.2;    3;   7.4;   6;    1.600;   0;   7.6;  16.7; 1008.73;   16.8;   86.54;   18.6;   14.6;   13.6;eor
       3032;20180611;   10;  16.3;  10.0;    3;   0.0;   4;    1.683;   0;   7.8;  11.7; 1008.47;   14.9;   69.21;   17.2;   13.3;   13.2;eor
       3032;20180612;   10;  15.6;  10.0;    3;   0.0;   6;    0.033;   0;   8.0;  11.7; 1007.22;   13.6;   75.00;   15.2;   12.7;   12.5;eor
       3032;20180613;   10;  16.8;   9.4;    3;   0.0;   4;    4.283;   0;   7.1;  11.2; 1009.22;   13.8;   70.29;   16.8;   12.2;   10.6;eor
       3032;20180614;   10;  19.7;  10.1;    3;   2.8;   4;    5.133;   0;   6.6;  13.8; 1007.69;   15.5;   78.63;   19.3;   13.6;   11.2;eor
       3032;20180615;   10;  11.6;   4.8;    3;   0.0;   0;   14.917;   0;   5.0;  11.5; 1013.04;   16.2;   62.79;   19.5;   13.2;    9.9;eor
       3032;20180616;   10;   8.1;   3.3;    3;   2.3;   6;    1.467;   0;   7.9;  14.4; 1011.05;   16.4;   76.54;   19.1;   14.5;   12.2;eor
       3032;20180617;   10;  15.0;   7.5;    3;   2.0;   6;    9.583;   0;   6.3;  13.8; 1010.29;   15.2;   80.04;   17.7;   12.7;   12.0;eor
       3032;20180618;   10;  16.4;   8.0;    3;   0.2;   6;    0.467;   0;   6.4;  15.1; 1012.60;   15.2;   87.17;   16.6;   13.5;   12.1;eor
       3032;20180619;   10;  14.0;   7.9;    3;   0.1;   6;    9.767;   0;   6.1;  12.8; 1015.71;   15.2;   74.04;   17.3;   13.5;   12.3;eor
       3032;20180620;   10;  18.6;   9.9;    3;   0.0;   6;    3.433;   0;   7.3;  16.1; 1013.01;   16.3;   86.54;   19.1;   13.3;   13.0;eor
       3032;20180621;   10;  19.8;  10.1;    3;  10.5;   6;    3.017;   0;   6.9;  10.7; 1008.68;   12.2;   75.00;   14.4;    9.4;    8.5;eor
       3032;20180622;   10;  21.4;  14.1;    3;   0.2;   6;    4.167;   0;   7.0;  10.6; 1013.28;   12.9;   71.38;   15.3;    9.8;    8.1;eor
       3032;20180623;   10;  21.1;  12.6;    3;   2.1;   4;    0.317;   0;   7.9;  12.7; 1016.72;   12.8;   85.50;   14.1;   11.2;   10.5;eor
       3032;20180624;   10;  14.8;  10.4;    3;   0.0;   6;    0.367;   0;   8.0;  13.1; 1015.67;   13.6;   83.67;   15.4;   12.1;   11.2;eor
       3032;20180625;   10;  15.1;  10.3;    3;   0.0;   6;    0.000;   0;   7.9;  13.4; 1017.71;   13.7;   85.08;   14.5;   13.1;   12.8;eor
       3032;20180626;   10;  11.3;   5.5;    3;   0.0;   0;    5.650;   0;   7.8;  13.2; 1021.42;   14.0;   82.38;   16.9;   12.5;   12.1;eor
       3032;20180627;   10;   8.1;   3.4;    3;   0.0;   0;   12.667;   0;   5.8;  14.4; 1023.87;   15.0;   84.46;   18.9;   12.1;   10.1;eor
       3032;20180628;   10;  12.0;   5.0;    3;   0.0;   0;   15.567;   0;   0.9;  14.3; 1022.10;   17.9;   71.58;   23.7;   13.8;   11.4;eor
       3032;20180629;   10;  11.3;   6.2;    3;   0.0;   0;   15.617;   0;   1.0;  13.5; 1016.65;   18.7;   65.92;   27.5;   13.7;   12.4;eor
       3032;20180630;   10;  10.3;   5.0;    3;   0.0;   0;   16.050;   0;   0.1;  11.1; 1017.85;   19.0;   52.67;   25.2;   11.5;    8.8;eor
       3032;20180701;   10;   9.1;   4.3;    3;   0.0;   0;   15.967;   0;   0.0;  12.6; 1018.82;   18.3;   61.04;   22.9;   14.5;   12.0;eor
       3032;20180702;   10;  10.8;   5.0;    3;   0.0;   0;   16.050;   0;   0.4;  13.3; 1016.70;   18.3;   64.17;   23.0;   14.8;    9.4;eor
       3032;20180703;   10;  11.1;   6.6;    3;   0.0;   6;    7.617;   0;   7.0;  13.2; 1014.31;   15.5;   75.33;   18.4;   13.6;   11.8;eor
       3032;20180704;   10;   9.5;   5.2;    3;   0.0;   6;    1.767;   0;   7.5;  14.2; 1010.99;   15.9;   78.38;   18.6;   14.6;   14.0;eor
       3032;20180705;   10;  13.4;   7.4;    3;   0.0;   6;    2.867;   0;   7.6;  14.6; 1009.23;   15.7;   81.83;   18.2;   14.2;   13.9;eor
       3032;20180706;   10;  17.5;  11.8;    3;   0.0;   0;   10.650;   0;   6.3;  12.5; 1013.62;   15.1;   72.71;   17.4;   13.9;   13.2;eor
       3032;20180707;   10;  18.4;  12.5;    3;   0.0;   0;   13.533;   0;   6.2;  12.4; 1017.70;   15.3;   71.54;   17.7;   13.8;   12.7;eor
       3032;20180708;   10;  13.2;   9.3;    3;   0.1;   4;   13.200;   0;  -999;  13.2; 1019.63;   15.4;   75.29;   17.9;   13.6;   12.4;eor
       3032;20180709;   10;  19.0;  11.9;    3;   0.0;   6;    0.867;   0;   7.7;  12.5; 1015.43;   14.7;   74.38;   16.7;   13.2;   11.7;eor
       3032;20180710;   10;  11.3;   5.3;    3;   0.1;   6;    8.500;   0;   7.0;  13.1; 1013.41;   17.1;   68.71;   22.8;   12.9;   11.6;eor
       3032;20180711;   10;  14.5;   5.4;    3;   0.0;   0;   10.017;   0;   7.7;  15.5; 1014.14;   19.7;   68.58;   25.8;   15.7;   14.7;eor
       3032;20180712;   10;  11.2;   5.7;    3;   0.0;   0;   10.283;   0;   5.0;  15.9; 1013.78;   16.1;   86.71;   19.0;   13.8;   13.6;eor
       3032;20180713;   10;  13.1;   8.3;    3;   0.1;   6;    3.850;   0;   6.7;  13.6; 1016.14;   15.0;   79.75;   16.9;   14.1;   13.6;eor
       3032;20180714;   10;  10.1;   5.7;    3;   0.0;   6;    7.533;   0;   4.9;  13.3; 1016.77;   15.5;   75.71;   18.6;   12.9;   12.3;eor
       3032;20180715;   10;   8.2;   4.4;    3;   0.0;   0;   15.567;   0;   0.0;  14.6; 1015.34;   17.4;   74.13;   20.7;   14.6;   11.8;eor
       3032;20180716;   10;   9.5;   4.6;    3;   0.0;   0;   15.517;   0;   0.4;  15.5; 1012.45;   19.7;   68.71;   24.7;   14.3;   12.2;eor
       3032;20180717;   10;   9.7;   3.8;    3;   0.0;   0;   15.083;   0;   3.2;  16.4; 1010.35;   21.3;   66.79;   27.4;   16.9;   14.3;eor
       3032;20180718;   10;  12.2;   7.1;    3;   0.0;   0;    9.833;   0;  -999;  15.7; 1013.92;   17.8;   77.58;   20.1;   14.2;   12.0;eor
       3032;20180719;   10;  11.1;   5.9;    3;   0.0;   0;   13.800;   0;   2.9;  14.4; 1015.76;   16.7;   76.00;   19.7;   13.2;   11.2;eor
       3032;20180720;   10;   8.2;   4.4;    3;   0.0;   0;   15.067;   0;   3.1;  13.5; 1012.60;   17.5;   68.71;   21.8;   13.6;    9.9;eor
       3032;20180721;   10;   8.7;   4.1;    3;   0.0;   0;   12.983;   0;  -999;  13.0; 1009.94;   19.8;   58.42;   25.8;   14.9;   12.8;eor
       3032;20180722;   10;  11.0;   4.3;    3;   0.0;   0;   13.283;   0;   2.9;  15.9; 1010.06;   19.2;   72.13;   23.1;   16.3;   13.1;eor
       3032;20180723;   10;   9.3;   3.9;    3;   0.0;   0;    3.867;   0;   6.9;  18.0; 1013.14;   19.2;   80.75;   22.4;   17.6;   14.2;eor
       3032;20180724;   10;   5.8;   2.5;    3;   0.0;   0;   14.933;   0;   2.4;  19.1; 1012.23;   22.3;   72.29;   27.0;   17.5;   15.7;eor
       3032;20180725;   10;  11.8;   5.0;    3;   0.0;   0;   13.283;   0;   3.5;  19.9; 1013.69;   21.4;   78.08;   23.9;   19.3;   16.2;eor
       3032;20180726;   10;   9.4;   4.7;    3;   0.0;   0;   14.517;   0;   1.6;  18.7; 1014.88;   25.6;   58.46;   32.8;   19.6;   18.3;eor
       3032;20180727;   10;  15.5;   6.7;    3;   0.0;   0;   14.983;   0;   0.3;  20.6; 1013.15;   25.7;   63.75;   31.1;   21.5;   20.3;eor
       3032;20180728;   10;  14.3;   7.5;    3;   3.7;   6;    8.533;   0;   4.3;  20.9; 1005.51;   22.6;   76.58;   29.4;   17.5;   15.6;eor
       3032;20180729;   10;  13.2;   5.6;    3;   0.0;   6;    9.383;   0;   6.4;  15.7; 1009.95;   21.2;   63.25;   25.3;   17.0;   14.7;eor
       3032;20180730;   10;   9.9;   3.5;    3;   0.0;   6;    8.833;   0;   7.0;  18.4; 1011.90;   24.2;   60.96;   28.8;   21.8;   20.2;eor
       3032;20180731;   10;  14.1;   5.2;    3;   0.0;   0;    8.683;   0;   6.0;  19.2; 1012.69;   22.5;   71.38;   28.1;   17.5;   14.5;eor
       3032;20180801;   10;   8.1;   3.0;    3;   0.0;   0;   12.233;   0;   4.7;  16.4; 1018.49;   19.7;   71.83;   22.9;   17.3;   11.1;eor
       3032;20180802;   10;   8.2;   2.7;    3;   0.0;   0;   13.200;   0;   3.8;  15.9; 1020.24;   21.2;   64.13;   25.8;   17.4;   10.2;eor
       3032;20180803;   10;   8.5;   3.4;    3;   0.0;   6;   13.967;   0;   1.7;  18.2; 1018.85;   21.5;   71.46;   25.4;   18.5;   12.4;eor
       3032;20180804;   10;  14.2;   6.4;    3;   0.4;   6;    5.300;   0;   6.8;  18.4; 1016.49;   20.1;   78.42;   23.4;   17.4;   16.6;eor
       3032;20180805;   10;  15.5;   8.7;    3;   0.3;   6;    6.317;   0;   7.0;  14.8; 1017.35;   18.7;   68.17;   21.5;   16.7;   15.6;eor
       3032;20180806;   10;  11.3;   4.8;    3;   0.0;   0;   10.217;   0;   6.8;  16.5; 1013.53;   20.7;   68.13;   24.2;   17.0;   14.8;eor
       3032;20180807;   10;   8.0;   3.1;    3;   0.0;   0;   13.083;   0;   3.7;  17.8; 1007.32;   24.2;   60.83;   30.7;   18.1;   15.9;eor
       3032;20180808;   10;  16.9;   7.1;    3;   0.2;   6;    4.817;   0;   5.6;  19.7; 1005.44;   22.2;   73.58;   27.3;   17.8;   16.3;eor
       3032;20180809;   10;  21.0;   5.3;    3;  13.7;   6;    5.650;   0;   6.0;  17.0; 1008.47;   20.2;   72.00;   24.8;   17.3;   12.7;eor
       3032;20180810;   10;  25.4;  11.1;    3;   7.6;   8;    6.717;   0;   6.7;  14.2; 1009.82;   18.1;   67.96;   21.6;   13.2;   12.6;eor
       3032;20180811;   10;  19.0;   9.9;    3;   0.6;   6;    6.700;   0;   5.4;  13.0; 1011.85;   16.3;   70.46;   19.3;   14.3;   12.7;eor
       3032;20180812;   10;  13.4;   6.1;    3;  15.8;   6;    0.000;   0;   7.8;  15.0; 1009.93;   16.7;   78.96;   18.1;   13.9;   13.3;eor
       3032;20180813;   10;   9.5;   4.4;    3;   1.7;   6;    0.000;   0;   7.9;  18.4; 1002.66;   18.5;   85.96;   20.2;   17.4;   16.2;eor
       3032;20180814;   10;  14.9;   6.0;    3;   0.0;   6;    5.300;   0;   7.0;  17.7; 1005.13;   18.7;   81.75;   21.0;   17.1;   16.1;eor
       3032;20180815;   10;  11.6;   6.3;    3;   0.0;   6;    2.450;   0;   7.6;  17.9; 1012.14;   19.3;   80.13;   22.0;   16.4;   15.6;eor
       3032;20180816;   10;  15.3;   8.5;    3;   0.0;   6;    1.117;   0;   7.6;  17.9; 1010.40;   19.5;   78.50;   20.7;   17.8;   16.8;eor
       3032;20180817;   10;  10.7;   5.5;    3;   0.0;   6;    5.533;   0;   6.3;  14.1; 1013.22;   18.1;   67.79;   21.1;   15.9;   14.0;eor
       3032;20180818;   10;  17.1;   9.2;    3;   0.0;   4;    2.067;   0;   7.2;  16.0; 1015.00;   18.6;   74.33;   21.0;   16.3;   14.9;eor
       3032;20180819;   10;  19.0;   8.6;    3;   0.9;   6;    0.000;   0;   7.8;  18.6; 1013.00;   18.9;   84.83;   20.2;   17.7;   17.1;eor
       3032;20180820;   10;  12.8;   7.6;    3;   0.0;   6;    5.917;   0;   7.3;  15.0; 1013.20;   17.7;   73.83;   19.9;   14.5;   12.1;eor
       3032;20180821;   10;   7.5;   3.0;    3;   0.0;   0;    8.650;   0;   4.2;  13.6; 1017.69;   17.8;   66.75;   21.5;   13.9;   11.2;eor
       3032;20180822;   10;  11.0;   5.9;    3;   0.0;   0;   10.150;   0;   4.7;  17.8; 1013.27;   19.9;   76.83;   24.6;   16.9;   16.4;eor
       3032;20180823;   10;  13.6;   6.2;    3;   6.3;   6;    0.067;   0;   7.9;  18.5; 1006.30;   19.0;   84.46;   20.8;   15.2;   14.7;eor
       3032;20180824;   10;  18.1;   7.5;    3;   4.3;   6;    7.050;   0;   6.1;  12.7; 1002.46;   15.5;   72.38;   18.1;   13.2;   11.4;eor
       3032;20180825;   10;  12.9;   5.9;    3;   2.1;   6;    2.717;   0;   7.1;  11.4; 1002.82;   14.6;   68.50;   17.6;   12.2;   10.3;eor
       3032;20180826;   10;  16.9;   7.2;    3;   3.6;   6;    8.550;   0;   6.5;  11.2; 1008.00;   15.6;   63.29;   18.3;   12.6;    9.9;eor
       3032;20180827;   10;  21.0;  10.4;    3;   5.4;   6;    3.017;   0;   7.1;  14.7; 1002.48;   15.8;   81.50;   18.6;   12.7;   12.4;eor
       3032;20180828;   10;  12.3;   5.1;    3;   0.0;   0;    7.450;   0;  -999;  13.7; 1013.86;   17.2;   70.13;   19.6;   15.3;   13.6;eor
       3032;20180829;   10;   9.6;   4.8;    3;   0.8;   6;    7.667;   0;   7.0;  15.6; 1011.54;   18.6;   73.54;   23.1;   15.8;   14.9;eor
       3032;20180830;   10;  18.1;  10.1;    3;   0.0;   0;    5.683;   0;   6.8;  13.7; 1013.02;   16.3;   74.13;   19.0;   15.0;   13.9;eor
       3032;20180831;   10;  13.9;   8.9;    3;   0.0;   0;    9.667;   0;   3.0;  13.5; 1017.61;   16.5;   72.00;   19.5;   13.6;   11.3;eor
       3032;20180901;   10;   7.8;   3.5;    3;   0.0;   0;    9.967;   0;   3.0;  14.0; 1023.02;   15.7;   79.67;   19.4;   12.4;   10.0;eor
       3032;20180902;   10;   8.1;   3.8;    3;   0.0;   0;   12.333;   0;  -999;  14.7; 1024.33;   17.2;   76.29;   22.0;   13.4;   11.4;eor
       3032;20180903;   10;  11.6;   6.1;    3;   0.2;   6;    1.383;   0;   5.8;  18.2; 1018.22;   18.1;   87.71;   21.7;   15.4;   14.5;eor
       3032;20180904;   10;   8.3;   4.1;    3;   0.0;   0;    9.083;   0;   2.9;  16.8; 1016.07;   18.3;   80.58;   23.4;   15.3;   14.0;eor
       3032;20180905;   10;   7.9;   3.5;    3;   0.0;   0;   12.000;   0;   2.6;  16.7; 1016.58;   18.2;   80.50;   23.1;   15.0;   13.4;eor
       3032;20180906;   10;  13.4;   6.1;    3;  16.4;   6;    6.650;   0;   6.8;  17.7; 1009.63;   18.7;   83.08;   23.2;   16.0;   15.0;eor
       3032;20180907;   10;  15.4;   5.1;    3;   5.1;   6;    1.583;   0;   7.0;  14.5; 1005.70;   15.3;   82.33;   18.9;   12.2;   10.2;eor
       3032;20180908;   10;  20.5;  10.3;    3;  11.4;   6;    4.933;   0;   7.1;  12.9; 1009.65;   15.7;   72.21;   18.6;   12.5;   11.2;eor
       3032;20180909;   10;  16.4;   8.6;    3;   0.0;   6;    4.200;   0;   6.8;  16.4; 1013.49;   17.1;   84.17;   19.7;   14.7;   14.0;eor
       3032;20180910;   10;  12.7;   7.1;    3;   2.6;   6;    1.350;   0;   8.0;  14.0; 1014.32;   17.0;   71.63;   18.3;   15.6;   14.6;eor
       3032;20180911;   10;  19.9;   9.2;    3;  10.1;   6;    0.000;   0;   7.8;  15.5; 1010.97;   16.0;   84.83;   17.5;   13.7;   12.9;eor
       3032;20180912;   10;  14.2;   8.1;    3;   1.4;   6;    0.100;   0;   7.5;  11.8; 1014.86;   14.8;   69.88;   16.1;   12.4;   11.2;eor
       3032;20180913;   10;  12.1;   6.0;    3;   0.0;   6;    7.383;   0;   5.5;  11.1; 1016.77;   15.0;   65.33;   18.5;   12.7;   10.5;eor
       3032;20180914;   10;  16.3;   7.8;    3;   6.2;   6;    1.000;   0;   7.8;  12.5; 1013.62;   15.4;   71.63;   16.9;   12.8;   12.0;eor
       3032;20180915;   10;  14.3;   6.5;    3;   1.3;   6;    4.517;   0;   6.7;  11.8; 1015.39;   14.3;   72.08;   16.5;   12.5;   10.2;eor
       3032;20180916;   10;  16.2;   8.2;    3;   0.0;   6;    4.750;   0;   7.9;  14.0; 1015.68;   16.1;   75.92;   18.1;   12.3;   10.1;eor
       3032;20180917;   10;  12.0;   6.2;    3;   0.0;   6;    0.500;   0;   7.9;  17.8; 1012.68;   17.4;   89.38;   19.2;   16.1;   15.0;eor
       3032;20180918;   10;  17.9;   8.3;    3;   0.0;   0;   10.633;   0;   4.0;  16.2; 1007.16;   18.0;   79.04;   23.0;   15.6;   13.2;eor
       3032;20180919;   10;  19.7;   9.8;    3;   0.0;   6;    3.817;   0;   7.1;  17.5; 1008.85;   18.3;   83.08;   21.1;   16.9;   15.7;eor
       3032;20180920;   10;  14.0;   6.6;    3;   5.5;   6;    0.000;   0;   7.8;  16.1; 1007.52;   16.3;   86.79;   18.2;   13.5;   13.8;eor
       3032;20180921;   10;  27.4;  13.8;    3;   1.7;   6;    2.500;   0;   7.5;  12.7;  996.01;   15.2;   71.75;   18.5;   11.0;    9.0;eor
       3032;20180922;   10;  23.7;  11.8;    3;   1.9;   6;    5.200;   0;  -999;  10.0; 1006.94;   12.9;   67.00;   15.4;   11.0;    8.5;eor
       3032;20180923;   10;  22.2;   9.8;    3;   4.8;   6;    0.667;   0;   6.3;   9.3; 1008.33;   11.9;   67.04;   13.6;    9.1;    6.8;eor
       3032;20180924;   10;  24.3;  13.5;    3;   7.4;   6;    4.233;   0;   5.5;   8.4; 1021.88;   10.5;   66.04;   12.6;    7.8;    4.8;eor
       3032;20180925;   10;  15.5;   6.6;    3;   0.0;   6;    7.033;   0;   6.5;   9.1; 1031.40;   12.5;   62.67;   15.4;    9.2;    7.5;eor
       3032;20180926;   10;  21.3;  11.3;    3;   0.0;   6;    0.450;   0;   7.7;  14.2; 1021.62;   15.0;   82.63;   16.9;   13.6;   12.9;eor
       3032;20180927;   10;  17.0;   9.2;    3;   0.0;   6;    4.667;   0;   6.7;  15.7; 1017.75;   15.6;   87.83;   18.2;   12.1;   11.4;eor
       3032;20180928;   10;  17.8;  10.9;    3;   0.0;   6;    8.100;   0;   4.6;   8.5; 1021.23;   12.2;   59.71;   14.2;   10.9;    9.9;eor
       3032;20180929;   10;  15.6;   7.6;    3;   0.0;   6;    3.733;   0;   6.1;   9.3; 1021.55;   12.8;   62.83;   15.4;   10.7;    9.2;eor
       3032;20180930;   10;  14.4;   7.3;    3;   3.3;   6;    1.617;   0;   7.9;  10.5; 1010.43;   13.0;   70.13;   15.1;    9.4;    5.9;eor
       3032;20181001;   10;  17.9;   8.5;    3;   9.6;   6;    2.983;   0;   6.3;   9.1; 1009.48;    9.7;   75.08;   11.9;    7.7;    4.8;eor
       3032;20181002;   10;  27.6;  12.5;    3;   3.9;   6;    2.800;   0;   7.0;   9.9; 1004.11;   11.1;   74.83;   13.5;    8.9;    7.5;eor
       3032;20181003;   10;  25.7;  12.1;    3;   1.4;   6;    6.183;   0;   6.3;   9.5; 1013.28;   11.4;   71.00;   13.6;    9.8;    8.4;eor
       3032;20181004;   10;  12.1;   5.9;    3;   0.2;   6;    0.767;   0;   7.9;  14.1; 1017.34;   13.3;   91.92;   16.1;    9.7;    9.0;eor
       3032;20181005;   10;  12.9;   6.4;    3;   0.0;   0;    0.850;   0;   8.0;  14.8; 1012.74;   14.1;   91.75;   14.8;   12.9;   11.3;eor
       3032;20181006;   10;  18.2;   5.2;    3;   3.4;   6;    1.167;   0;   7.8;  12.8; 1006.50;   11.4;   94.08;   15.2;    6.7;    6.1;eor
       3032;20181007;   10;  12.0;   6.1;    3;   0.0;   6;    7.667;   0;   7.0;   8.7; 1015.27;    9.9;   71.67;   12.8;    7.1;    5.2;eor
       3032;20181008;   10;  14.8;   8.7;    3;   0.0;   0;    1.050;   0;   8.0;  12.2; 1014.77;   13.1;   80.46;   14.4;   11.7;   10.4;eor
       3032;20181009;   10;  13.6;   7.6;    3;   0.0;   0;    0.317;   0;   7.8;  13.8; 1015.10;   13.7;   87.75;   14.8;   12.3;   10.7;eor
       3032;20181010;   10;  11.7;   5.0;    3;   0.0;   0;    9.283;   0;   4.2;  12.9; 1017.43;   13.4;   84.88;   17.8;   11.6;    9.0;eor
       3032;20181011;   10;  11.8;   6.8;    3;   0.0;   0;    9.583;   0;   0.3;  13.8; 1011.29;   14.3;   84.67;   17.8;   12.3;   10.7;eor
       3032;20181012;   10;  12.9;   6.8;    3;   0.0;   0;    8.983;   0;   5.2;  14.3; 1013.78;   15.1;   83.08;   17.6;   12.9;   11.1;eor
       3032;20181013;   10;  12.2;   7.6;    3;   0.0;   0;    8.483;   0;   5.7;  15.3; 1014.19;   16.8;   80.08;   19.1;   14.8;   13.6;eor
       3032;20181014;   10;  12.1;   7.2;    3;   0.0;   0;    9.300;   0;   1.7;  13.9; 1007.13;   16.1;   76.08;   18.4;   13.3;   11.0;eor
       3032;20181015;   10;   6.5;   3.3;    3;   0.0;   6;    9.083;   0;   5.9;  14.2; 1009.02;   14.7;   85.42;   18.5;   11.6;   10.5;eor
       3032;20181016;   10;   7.8;   3.1;    3;   0.0;   0;    1.967;   0;   7.2;  14.4; 1013.83;   13.4;   93.21;   17.6;   10.2;    9.2;eor
       3032;20181017;   10;   8.3;   3.7;    3;   0.2;   6;    3.600;   0;   7.5;  15.3; 1015.20;   14.5;   92.29;   18.0;   12.5;    8.7;eor
       3032;20181018;   10;  12.6;   6.6;    3;   0.0;   0;    9.033;   0;   3.3;  11.1; 1021.12;   11.7;   80.25;   14.4;    8.7;    6.1;eor
       3032;20181019;   10;  10.1;   2.6;    3;   0.0;   6;    0.000;   0;   7.9;   8.7; 1022.75;   11.2;   65.25;   12.7;    9.9;    6.9;eor
       3032;20181020;   10;  12.3;   5.5;    3;   0.0;   0;    7.417;   0;   6.3;  11.2; 1023.84;   12.4;   77.83;   14.2;   10.6;    6.8;eor
       3032;20181021;   10;  14.0;   6.5;    3;   1.0;   6;    0.100;   0;   7.4;  14.3; 1021.47;   13.6;   91.08;   15.3;   11.7;   10.1;eor
       3032;20181022;   10;  22.5;  10.5;    3;   2.0;   6;    4.867;   0;   5.3;   9.0; 1023.24;   11.3;   67.29;   12.8;    9.7;    8.2;eor
       3032;20181023;   10;  26.0;  16.3;    3;   1.4;   6;    0.000;   0;   7.9;  11.5; 1007.93;   12.2;   80.63;   13.4;   10.3;    8.8;eor
       3032;20181024;   10;  20.1;  12.0;    3;   1.7;   6;    4.333;   0;   6.5;  10.2; 1012.13;   11.2;   76.42;   12.3;    9.6;    8.1;eor
       3032;20181025;   10;  21.7;  12.0;    3;   2.7;   6;    0.033;   0;   7.7;  10.2; 1007.44;   11.0;   77.17;   12.2;    9.9;    8.7;eor
       3032;20181026;   10;  18.7;   8.0;    3;   4.8;   6;    0.233;   0;   7.3;  10.0;  996.89;   10.0;   81.04;   11.8;    6.5;    5.2;eor
       3032;20181027;   10;  17.8;   8.7;    3;   0.0;   0;    6.033;   0;   3.0;   6.5; 1003.87;    5.5;   71.67;    8.9;    1.2;   -0.6;eor
       3032;20181028;   10;  13.1;   6.9;    3;   0.0;   8;    7.983;   0;   1.7;   6.1; 1017.32;    2.5;   84.08;    5.6;    0.8;   -1.0;eor
       3032;20181029;   10;  17.7;   9.5;    3;   0.5;   8;    0.000;   0;   7.7;   7.4; 1008.65;    4.8;   86.42;    7.0;    3.2;    2.8;eor
       3032;20181030;   10;  19.0;   9.9;    3;   1.5;   6;    0.000;   0;   7.8;   9.6;  988.53;    7.4;   93.08;    9.5;    5.5;    5.0;eor
       3032;20181031;   10;  23.4;   8.2;    3;   0.1;   6;    5.600;   0;   6.7;   9.3; 1005.24;    8.9;   81.38;   12.6;    6.5;    5.7;eor
       3032;20181101;   10;  11.2;   6.5;    3;   1.3;   6;    3.583;   0;   7.5;   9.7; 1008.30;    8.9;   84.63;   11.3;    7.1;    6.4;eor
       3032;20181102;   10;  15.4;   6.6;    3;   4.2;   6;    0.683;   0;   6.0;  10.4; 1012.47;    9.2;   88.63;   11.4;    7.0;    3.4;eor
       3032;20181103;   10;  11.7;   5.9;    3;   0.0;   0;    6.933;   0;   3.5;   9.5; 1022.88;    8.4;   86.00;   11.1;    7.0;    1.8;eor
       3032;20181104;   10;  12.1;   6.4;    3;   0.0;   6;    2.467;   0;   4.3;   9.0; 1015.95;    6.7;   91.13;    8.4;    4.6;    3.5;eor
       3032;20181105;   10;   9.5;   5.0;    3;   0.0;   6;    0.000;   0;   7.8;  11.3; 1009.35;    9.2;   96.88;   10.1;    8.3;    8.2;eor
       3032;20181106;   10;  10.6;   5.6;    3;   0.0;   6;    0.000;   0;   8.0;  11.2; 1005.18;    8.7;   99.29;    9.6;    7.8;    7.8;eor
       3032;20181107;   10;  11.1;   6.2;    3;   0.0;   0;    6.233;   0;   4.5;  11.1; 1005.47;    9.3;   94.21;   10.7;    8.2;    7.7;eor
       3032;20181108;   10;  10.2;   4.9;    3;   0.0;   0;    1.867;   0;   5.1;  10.9; 1014.54;    9.9;   89.71;   12.1;    7.8;    1.3;eor
       3032;20181109;   10;  10.9;   5.2;    3;   2.3;   6;    0.517;   0;   6.4;  10.4; 1011.89;    8.1;   95.83;    9.4;    6.0;    0.5;eor
       3032;20181110;   10;  15.5;   8.9;    3;   3.9;   6;    0.000;   0;   7.8;  11.2; 1000.16;    9.7;   93.04;   11.3;    8.5;    7.9;eor
       3032;20181111;   10;  14.9;   8.9;    3;   2.8;   6;    1.317;   0;   7.4;  11.7; 1000.90;   10.3;   92.88;   11.3;    9.5;    8.0;eor
       3032;20181112;   10;   9.9;   5.0;    3;   2.1;   6;    0.000;   0;   7.9;  11.5; 1009.26;    9.5;   97.08;   10.3;    8.8;    7.9;eor
       3032;20181113;   10;  16.3;   8.3;    3;   4.9;   6;    0.967;   0;   7.5;  11.2; 1013.02;   10.2;   89.83;   11.2;    8.8;    7.8;eor
       3032;20181114;   10;  11.3;   6.4;    3;   0.2;   6;    0.000;   0;   7.9;  10.9; 1021.58;    9.9;   89.50;   10.9;    9.0;    6.9;eor
       3032;20181115;   10;   9.6;   5.3;    3;   0.0;   0;    5.850;   0;   4.8;   9.7; 1023.68;    8.4;   87.92;   10.0;    6.4;    5.0;eor
       3032;20181116;   10;  10.5;   6.3;    3;   0.0;   6;    6.967;   0;   0.0;   8.2; 1028.37;    6.6;   83.46;    8.7;    5.2;    3.8;eor
       3032;20181117;   10;  11.3;   6.5;    3;   0.0;   0;    6.933;   0;   1.0;   7.1; 1034.42;    5.0;   81.88;    6.8;    3.4;    2.2;eor
       3032;20181118;   10;  10.7;   4.8;    3;   0.0;   0;    0.267;   0;   7.3;   7.7; 1032.15;    4.9;   89.00;    7.0;    1.9;    1.9;eor
       3032;20181119;   10;  18.1;   7.9;    3;   0.8;   6;    1.233;   0;   6.5;   6.6; 1026.02;    5.0;   75.29;    6.1;    3.8;    2.7;eor
       3032;20181120;   10;  20.6;  10.4;    3;   0.2;   6;    0.167;   0;   7.5;   7.0; 1017.65;    4.8;   81.54;    6.0;    3.7;    2.5;eor
       3032;20181121;   10;  17.6;  11.4;    3;   0.0;   0;    1.250;   0;   7.9;   6.4; 1019.14;    5.5;   70.88;    6.2;    4.7;    4.2;eor
       3032;20181122;   10;  13.7;   7.4;    3;   0.0;   6;    0.000;   0;   7.9;   6.3; 1021.05;    3.6;   79.00;    5.8;    1.5;    1.5;eor
       3032;20181123;   10;   9.9;   4.4;    3;   0.7;   8;    0.000;   0;   7.8;   6.4; 1017.44;    2.0;   90.63;    2.4;    1.5;    1.5;eor
       3032;20181124;   10;   9.7;   3.9;    3;   0.5;   6;    0.000;   0;   7.7;   6.7; 1012.09;    2.7;   90.88;    3.7;    1.7;    0.4;eor
       3032;20181125;   10;  11.3;   5.9;    3;   0.0;   6;    0.517;   0;   7.8;   6.8; 1012.52;    3.2;   88.54;    4.5;    2.1;    1.7;eor
       3032;20181126;   10;   9.6;   5.4;    3;   0.0;   0;    5.983;   0;   7.2;   5.9; 1014.84;    2.1;   83.04;    4.1;    0.2;   -0.4;eor
       3032;20181127;   10;  10.7;   5.0;    3;   0.0;   0;    3.867;   0;   5.5;   4.9; 1019.72;    1.8;   70.92;    3.3;    0.4;   -0.8;eor
       3032;20181128;   10;  21.3;  11.5;    3;   2.1;   8;    3.117;   0;   5.0;   4.8; 1017.06;    1.0;   73.08;    2.0;    0.1;   -0.8;eor
       3032;20181129;   10;  20.1;  12.6;    3;   3.6;   8;    0.000;   0;   7.9;   7.9; 1005.80;    4.5;   93.58;    6.6;    1.5;    1.4;eor
       3032;20181130;   10;  13.6;   8.7;    3;   2.1;   6;    0.000;   0;   6.8;   8.8; 1003.04;    6.7;   89.79;    8.3;    5.7;    4.9;eor
       3032;20181201;   10;  15.6;   7.1;    3;  11.2;   6;    0.000;   0;   7.4;   8.8; 1003.52;    6.3;   91.46;    7.7;    5.5;    4.2;eor
       3032;20181202;   10;  15.5;   8.5;    3;   2.5;   6;    0.000;   0;   7.9;   9.8;  991.63;    7.2;   96.42;    9.6;    5.7;    5.5;eor
       3032;20181203;   10;  16.0;   8.9;    3;   0.2;   6;    1.117;   0;   7.0;  10.3;  989.72;    8.8;   89.96;    9.8;    6.8;    5.7;eor
       3032;20181204;   10;  23.0;  10.2;    3;   1.0;   6;    3.967;   0;   3.7;   6.7; 1009.78;    6.1;   71.29;    7.7;    4.5;    1.2;eor
       3032;20181205;   10;  14.4;   6.4;    3;   2.6;   8;    3.200;   0;   5.2;   7.4; 1017.55;    5.2;   83.71;    7.1;    3.6;    2.2;eor
       3032;20181206;   10;  15.1;   8.0;    3;   3.1;   6;    0.000;   0;   7.9;   9.5; 1005.91;    6.6;   96.42;    9.3;    3.7;    3.2;eor
       3032;20181207;   10;  20.9;   9.0;    3;   8.6;   6;    0.000;   0;   7.8;  10.5;  993.69;    8.4;   94.67;    9.7;    6.9;    5.4;eor
       3032;20181208;   10;  24.4;  11.6;    3;   6.0;   6;    0.500;   0;   7.1;   8.9;  984.01;    7.6;   84.79;    9.1;    5.6;    4.6;eor
       3032;20181209;   10;  24.8;  11.1;    3;   3.3;   4;    0.333;   0;   7.0;   8.1;  987.07;    6.9;   81.04;    7.9;    5.2;    3.8;eor
       3032;20181210;   10;  27.0;  14.8;    3;   1.2;   4;    1.767;   0;   5.9;   6.7; 1005.90;    6.2;   71.21;    7.2;    3.5;    2.4;eor
       3032;20181211;   10;  14.4;   6.9;    3;   0.0;   4;    5.667;   0;   2.8;   6.5; 1016.75;    4.8;   74.79;    6.3;    2.2;    0.0;eor
       3032;20181212;   10;   8.2;   4.4;    3;   0.0;   6;    0.300;   0;   7.9;   6.2; 1024.96;    3.6;   77.88;    5.0;    2.6;    1.8;eor
       3032;20181213;   10;  10.1;   5.6;    3;   0.0;   0;    1.483;   0;   7.5;   5.6; 1024.29;    2.4;   77.13;    3.2;    1.4;    1.2;eor
       3032;20181214;   10;  10.5;   5.1;    3;   0.0;   8;    0.217;   0;   6.0;   5.8; 1024.60;    1.6;   84.92;    3.1;    0.1;   -1.5;eor
       3032;20181215;   10;  16.8;   7.4;    3;   0.0;   0;    1.533;   0;   6.1;   4.5; 1023.13;    0.8;   69.75;    1.7;   -1.0;   -1.9;eor
       3032;20181216;   10;  17.1;   9.1;    3;   0.0;   7;    0.000;   0;   6.5;   4.7; 1010.37;   -0.6;   79.54;    0.4;   -1.5;   -2.6;eor
       3032;20181217;   10;   9.8;   5.3;    3;   0.0;   6;    0.450;   0;   6.6;   5.6; 1014.40;    0.1;   91.38;    2.0;   -1.7;   -3.3;eor
       3032;20181218;   10;  12.9;   5.9;    3;   0.0;   0;    0.000;   0;   8.0;   7.2; 1016.25;    3.0;   95.50;    4.7;    1.9;    1.8;eor
       3032;20181219;   10;  13.9;   8.2;    3;   0.0;   4;    0.000;   0;   8.0;   7.0; 1007.17;    3.2;   90.29;    4.0;    2.4;    1.8;eor
       3032;20181220;   10;  10.6;   6.9;    3;   1.3;   4;    0.000;   0;   7.8;   7.7; 1005.93;    4.0;   94.42;    4.5;    3.1;    2.7;eor
       3032;20181221;   10;  11.5;   6.6;    3;   7.0;   4;    0.000;   0;   7.6;   8.3;  996.03;    4.7;   96.63;    5.3;    4.0;    3.7;eor
       3032;20181222;   10;   9.0;   3.7;    3;   3.7;   4;    0.017;   0;   7.8;   7.8; 1004.02;    4.2;   94.00;    7.0;    3.3;    2.0;eor
       3032;20181223;   10;  12.5;   5.5;    3;   3.9;   4;    0.000;   0;   7.8;   8.2; 1009.89;    5.6;   90.38;    7.1;    1.5;    0.8;eor
       3032;20181224;   10;  13.9;   6.0;    3;   0.4;   4;    4.133;   0;   5.4;   6.6; 1022.42;    3.8;   81.04;    6.6;   -0.4;   -2.8;eor
       3032;20181225;   10;  16.0;   9.0;    3;   0.0;   4;    0.900;   0;   7.6;   7.8; 1024.06;    6.4;   81.42;    6.8;    5.7;    4.4;eor
       3032;20181226;   10;  13.7;   7.8;    3;   0.0;   4;    0.000;   0;   7.4;   9.7; 1021.96;    7.2;   95.29;    8.2;    6.4;    5.4;eor
       3032;20181227;   10;  12.4;   7.1;    3;   0.0;   4;    0.000;   0;   8.0;   9.8; 1018.53;    7.2;   96.79;    7.7;    6.5;    6.5;eor
       3032;20181228;   10;  11.0;   5.7;    3;   0.0;   6;    0.000;   0;   7.7;   9.2; 1020.80;    7.0;   91.79;    8.0;    6.0;    4.5;eor
       3032;20181229;   10;  23.1;   8.6;    3;   5.5;   6;    0.000;   0;   7.7;   9.6; 1016.15;    7.3;   94.00;    8.1;    5.8;    5.0;eor
       3032;20181230;   10;  18.1;   7.6;    3;   0.0;   6;    2.850;   0;   7.3;   8.5; 1022.51;    6.4;   88.25;    7.6;    5.2;    3.9;eor
       3032;20181231;   10;  17.8;   6.9;    3;   0.0;   6;    0.500;   0;   7.7;   9.6; 1023.51;    7.1;   95.13;    8.0;    5.9;    5.1;eor
       3032;20190101;   10;  32.7;  15.6;    3;   0.0;   4;    1.667;   0;   6.2;   7.2; 1013.99;    6.5;   73.38;    8.1;    4.1;    2.9;eor
       3032;20190102;   10;  20.2;   8.3;    3;   0.0;   0;    5.767;   0;   0.5;   5.4; 1028.37;    4.0;   66.21;    5.7;    1.5;   -5.0;eor
       3032;20190103;   10;  11.9;   4.5;    3;   0.0;   4;    3.350;   0;   6.3;   6.2; 1032.65;    3.0;   82.04;    5.4;    0.4;   -3.8;eor
       3032;20190104;   10;  18.7;  11.0;    3;   0.3;   4;    0.000;   0;   7.7;   8.3; 1025.34;    6.1;   88.08;    7.2;    4.7;    3.9;eor
       3032;20190105;   10;  17.8;   9.5;    3;   0.1;   6;    0.350;   0;   7.8;   9.3; 1020.66;    6.5;   95.88;    7.4;    5.5;    5.5;eor
       3032;20190106;   10;  11.6;   6.6;    3;   0.8;   6;    0.367;   0;   7.8;   9.0; 1024.89;    6.1;   94.75;    6.9;    5.6;    5.4;eor
       3032;20190107;   10;  19.1;   8.0;    3;   2.6;   6;    0.283;   0;   7.8;   8.6; 1016.90;    6.3;   89.75;    7.7;    5.3;    4.4;eor
       3032;20190108;   10;  26.0;  14.2;    3;   0.3;   4;    0.433;   0;   7.2;   7.2;  998.83;    5.5;   78.58;    7.1;    4.0;    2.9;eor
       3032;20190109;   10;  22.7;  11.8;    3;   0.0;   0;    6.000;   0;   2.8;   5.1; 1014.60;    2.9;   67.88;    4.6;    0.2;   -1.5;eor
       3032;20190110;   10;   8.9;   4.1;    3;   0.5;   4;    0.000;   0;   7.8;   6.6; 1020.39;    2.8;   86.83;    6.1;    0.0;   -1.6;eor
       3032;20190111;   10;  19.2;  10.1;    3;   0.2;   4;    2.183;   0;   7.3;   8.5; 1013.08;    6.3;   88.75;    6.9;    5.3;    4.4;eor
       3032;20190112;   10;  20.8;   9.4;    3;   7.7;   4;    0.467;   0;   7.1;   8.5; 1003.77;    6.1;   89.92;    6.8;    5.3;    4.0;eor
       3032;20190113;   10;  27.4;  12.8;    3;   3.1;   4;    0.483;   0;   7.0;   8.4;  990.32;    6.4;   86.21;    7.9;    4.3;    3.4;eor
       3032;20190114;   10;  28.8;  15.8;    3;   1.1;   4;    3.250;   0;   6.7;   5.3; 1001.12;    3.1;   69.58;    5.1;   -0.4;   -0.2;eor
       3032;20190115;   10;  18.4;  10.0;    3;   1.0;   4;    0.000;   0;   7.9;   8.5; 1002.98;    6.2;   89.33;    7.0;    5.0;    4.2;eor
       3032;20190116;   10;  21.6;  10.2;    3;   3.0;   4;    0.000;   0;   7.7;   8.8;  995.17;    6.3;   92.46;    7.0;    4.8;    4.1;eor
       3032;20190117;   10;  17.6;   8.9;    3;   1.0;   8;    0.500;   0;   6.0;   6.3;  992.44;    3.0;   82.79;    5.4;   -1.2;   -2.6;eor
       3032;20190118;   10;  13.5;   4.5;    3;   0.2;   8;    5.383;   0;   3.7;   5.6; 1011.47;    2.4;   75.92;    5.0;   -0.7;   -7.6;eor
       3032;20190119;   10;   8.2;   4.5;    3;   0.0;   0;    3.983;   0;   8.0;   5.9; 1014.45;    2.1;   82.63;    3.9;    0.1;   -1.4;eor
       3032;20190120;   10;   8.6;   3.8;    3;   0.6;   6;    0.033;   0;   7.4;   5.7; 1015.99;    1.5;   84.29;    2.7;    0.4;   -0.7;eor
       3032;20190121;   10;  14.6;   5.8;    3;   0.0;   6;    6.117;   0;   4.3;   6.5; 1013.95;    3.5;   82.67;    5.6;    1.8;   -0.6;eor
       3032;20190122;   10;  15.7;   8.4;    3;   0.0;   0;    2.833;   0;   8.0;   5.3; 1002.65;    0.9;   80.42;    3.0;   -1.4;   -2.5;eor
       3032;20190123;   10;  11.1;   5.5;    3;   0.0;   0;    0.200;   0;   7.7;   3.9; 1000.60;   -2.9;   79.96;   -1.1;   -4.2;   -4.7;eor
       3032;20190124;   10;  10.2;   4.6;    3;   0.0;   8;    0.000;   0;   7.3;   3.4; 1009.44;   -4.7;   78.67;   -2.7;   -6.2;   -6.2;eor
       3032;20190125;   10;  17.7;   7.0;    3;   0.1;   8;    0.000;   0;   7.8;   4.0; 1007.33;   -3.0;   80.38;   -0.7;   -5.0;   -8.2;eor
       3032;20190126;   10;  11.3;   6.2;    3;   3.1;   8;    0.033;   0;   8.0;   7.5;  993.89;    3.5;   95.33;    5.0;   -0.6;   -0.6;eor
       3032;20190127;   10;  14.7;   6.9;    3;   0.8;   6;    0.000;   0;   7.8;   7.4;  978.93;    3.3;   95.83;    4.6;    1.8;    0.0;eor
       3032;20190128;   10;  15.4;   5.9;    3;   1.3;   8;    0.067;   0;   6.2;   6.0;  987.33;    1.3;   89.46;    2.6;   -0.9;   -5.9;eor
       3032;20190129;   10;  13.9;   6.2;    3;   0.9;   8;    2.350;   0;   6.8;   6.1;  996.01;    2.3;   84.25;    4.8;    0.6;   -0.7;eor
       3032;20190130;   10;  14.5;   8.0;    3;   0.2;   8;    1.283;   0;   8.0;   5.1;  993.95;    0.7;   80.42;    2.1;   -0.6;   -1.4;eor
       3032;20190131;   10;  13.6;   7.9;    3;   0.0;   8;    0.000;   0;   6.5;   5.4;  993.33;    0.2;   86.08;    1.0;   -0.9;   -2.1;eor
       3032;20190201;   10;  15.2;   7.5;    3;   0.0;   7;    3.950;   0;   5.3;   5.3;  993.20;    0.2;   84.63;    1.6;   -1.3;   -2.5;eor
       3032;20190202;   10;   9.5;   5.0;    3;   0.0;   6;    0.000;   0;   7.8;   5.7;  998.13;    1.1;   85.46;    2.4;    0.5;    0.1;eor
       3032;20190203;   10;  11.4;   5.4;    3;   0.0;   6;    5.933;   0;   3.3;   6.1; 1012.37;    2.6;   83.21;    5.1;   -0.1;   -2.6;eor
       3032;20190204;   10;  23.2;  11.1;    3;   1.4;   8;    0.000;   0;   7.2;   6.6; 1013.97;    2.5;   89.38;    4.3;    1.6;   -0.2;eor
       3032;20190205;   10;  14.7;   7.5;    3;   1.1;   8;    5.750;   0;   3.8;   7.4; 1017.20;    4.5;   87.58;    6.1;    2.8;    1.0;eor
       3032;20190206;   10;  14.7;   7.6;    3;   3.2;   8;    0.000;   0;   8.0;   7.6; 1014.02;    3.6;   96.17;    5.0;    2.2;    1.9;eor
       3032;20190207;   10;  25.0;  10.5;    3;   3.9;   8;    0.183;   0;   7.6;   7.6;  999.07;    4.5;   90.29;    6.1;    2.6;    2.7;eor
       3032;20190208;   10;  20.6;  11.8;    3;   6.1;   4;    0.000;   0;   7.5;   8.1;  997.85;    5.2;   91.71;    6.0;    4.6;    3.6;eor
       3032;20190209;   10;  27.2;  13.8;    3;   1.2;   8;    1.700;   0;   6.8;   8.0;  988.58;    5.9;   85.71;    6.5;    4.8;    4.1;eor
       3032;20190210;   10;  16.5;   7.4;    3;   6.0;   6;    0.000;   0;   7.3;   7.9;  988.72;    4.7;   92.29;    5.8;    3.7;    3.0;eor
       3032;20190211;   10;  21.1;  11.7;    3;   0.1;   8;    6.567;   0;   4.8;   6.4; 1006.52;    4.5;   76.50;    5.4;    3.0;    1.9;eor
       3032;20190212;   10;  15.0;   7.8;    3;   0.0;   6;    2.367;   0;   7.9;   7.0; 1023.22;    4.8;   81.08;    6.7;    3.3;    2.6;eor
       3032;20190213;   10;  13.0;   7.9;    3;   0.0;   6;    0.000;   0;   7.9;   8.7; 1025.47;    5.8;   94.67;    6.4;    5.3;    4.6;eor
       3032;20190214;   10;  13.0;   6.3;    3;   0.0;   0;    0.000;   0;   8.0;   8.3; 1028.85;    4.9;   95.92;    5.9;    3.3;    1.8;eor
       3032;20190215;   10;   8.8;   5.1;    3;   0.0;   0;    8.533;   0;   5.5;   7.3; 1026.37;    5.2;   82.46;    7.6;    3.4;    1.4;eor
       3032;20190216;   10;  15.8;   7.3;    3;   0.0;   0;    6.817;   0;   3.9;   8.0; 1018.11;    6.0;   85.46;    7.9;    4.3;    2.5;eor
       3032;20190217;   10;   9.7;   5.7;    3;   0.0;   0;    5.250;   0;   6.2;   8.5; 1016.83;    6.6;   87.08;    8.4;    5.1;    3.6;eor
       3032;20190218;   10;  11.8;   6.2;    3;   0.7;   6;    8.150;   0;   7.5;   8.3; 1011.53;    6.9;   83.92;   10.7;    4.9;    3.5;eor
       3032;20190219;   10;  14.5;   8.3;    3;   0.1;   6;    1.333;   0;   6.3;   8.5; 1007.38;    5.7;   92.50;    7.1;    4.9;    3.9;eor
       3032;20190220;   10;  13.4;   7.3;    3;   2.4;   6;    0.000;   0;   7.8;   8.6; 1013.73;    5.7;   93.83;    6.6;    4.6;    3.5;eor
       3032;20190221;   10;  12.8;   7.1;    3;   0.0;   6;    0.467;   0;   7.7;   9.0; 1018.07;    6.0;   95.63;    6.9;    5.0;    5.1;eor
       3032;20190222;   10;  11.5;   6.0;    3;   0.0;   6;    2.517;   0;   7.7;   6.9; 1034.42;    4.2;   83.83;    5.9;    2.5;    1.4;eor
       3032;20190223;   10;  11.1;   6.1;    3;   0.0;   0;    8.700;   0;  -999;   6.2; 1036.60;    4.1;   75.75;    6.6;    1.8;    0.9;eor
       3032;20190224;   10;   7.4;   3.6;    3;   0.0;   0;    7.267;   0;   3.0;   7.4; 1034.43;    5.1;   84.04;   10.2;    3.0;   -0.3;eor
       3032;20190225;   10;   7.5;   2.8;    3;   0.0;   0;    5.800;   0;   6.6;   7.4; 1033.85;    4.1;   91.17;    9.8;    0.9;    0.3;eor
       3032;20190226;   10;   8.4;   4.0;    3;   0.0;   0;    9.400;   0;   5.0;   7.2; 1029.99;    6.4;   75.88;   10.5;    3.8;   -1.0;eor
       3032;20190227;   10;  11.6;   5.8;    3;   0.0;   0;    9.533;   0;   0.3;   7.3; 1019.66;    7.4;   71.58;   12.8;    5.0;    1.4;eor
       3032;20190228;   10;  13.7;   6.7;    3;   0.0;   0;    7.333;   0;   6.7;   7.7; 1008.76;    5.3;   86.08;    7.6;    3.9;    3.5;eor
       3032;20190301;   10;  11.1;   6.1;    3;   0.0;   0;    7.067;   0;   7.3;   6.7; 1008.63;    4.5;   79.71;    7.0;    2.6;    1.3;eor
       3032;20190302;   10;  15.8;   6.2;    3;   1.5;   6;    0.700;   0;   7.8;   7.2; 1006.90;    5.0;   82.04;    7.1;    2.8;    1.1;eor
       3032;20190303;   10;  19.8;   9.8;    3;   8.3;   6;    1.800;   0;   7.6;   9.1;  993.60;    6.9;   91.04;    8.6;    5.7;    5.4;eor
       3032;20190304;   10;  25.1;  13.0;    3;   7.2;   8;    0.000;   0;   7.2;   8.7;  978.38;    6.6;   89.33;    8.9;    4.7;    4.2;eor
       3032;20190305;   10;  20.3;   9.0;    3;   0.0;   0;    7.717;   0;   5.9;   7.8;  993.72;    6.1;   82.96;    8.1;    4.2;    2.5;eor
       3032;20190306;   10;  17.9;   9.3;    3;  10.0;   6;    0.000;   0;   7.7;   8.8;  995.28;    6.3;   91.38;    7.9;    5.1;    4.6;eor
       3032;20190307;   10;  23.1;  10.2;    3;   5.1;   8;    2.117;   0;   6.7;   9.1;  983.43;    7.1;   89.67;    8.6;    5.2;    4.6;eor
       3032;20190308;   10;  23.4;  11.0;    3;   4.0;   8;    5.867;   0;   6.4;   7.0;  995.68;    5.9;   75.71;    7.4;    4.9;    3.3;eor
       3032;20190309;   10;  25.6;  12.3;    3;   1.6;   8;    2.567;   0;   5.8;   7.4;  994.48;    5.7;   80.54;    7.4;    3.0;    2.0;eor
       3032;20190310;   10;  25.4;   7.9;    3;   0.3;   6;    4.183;   0;   7.7;   6.7;  997.61;    5.2;   75.42;    7.6;    3.1;    2.0;eor
       3032;20190311;   10;  12.8;   5.0;    3;   0.4;   6;    6.950;   0;   4.7;   6.6; 1005.38;    4.4;   78.96;    8.3;    2.6;   -0.8;eor
       3032;20190312;   10;  24.0;  11.3;    3;   9.6;   4;    0.000;   0;   7.6;   7.5; 1001.91;    4.9;   86.21;    6.0;    3.8;    2.6;eor
       3032;20190313;   10;  24.6;  12.3;    3;   0.8;   4;    0.867;   0;   7.3;   8.0;  986.09;    5.8;   86.38;    7.7;    4.7;    3.5;eor
       3032;20190314;   10;  23.4;  10.1;    3;   5.7;   4;    0.000;   0;   7.3;   8.3;  987.82;    5.7;   90.17;    6.5;    5.0;    4.4;eor
       3032;20190315;   10;  28.9;  12.2;    3;   4.0;   4;    1.083;   0;   6.5;   8.0;  989.42;    6.1;   85.33;    8.2;    4.5;    3.5;eor
       3032;20190316;   10;  23.8;  10.2;    3;  14.1;   4;    0.000;   0;   7.6;   8.2;  993.70;    6.0;   87.08;    7.9;    3.6;    3.3;eor
       3032;20190317;   10;  23.7;  13.4;    3;   1.2;   8;    7.617;   0;   5.3;   7.5;  988.20;    6.1;   79.50;    7.7;    2.6;    2.1;eor
       3032;20190318;   10;  24.4;  13.1;    3;   0.6;   4;    5.533;   0;   4.5;   6.6; 1002.88;    5.5;   73.00;    7.5;    4.0;    3.4;eor
       3032;20190319;   10;  14.9;   7.2;    3;   0.1;   4;   10.617;   0;   1.8;   6.5; 1021.06;    5.6;   71.71;    8.3;    3.7;    1.8;eor
       3032;20190320;   10;  13.0;   7.2;    3;   0.2;   4;    0.000;   0;   7.6;   9.1; 1024.82;    6.9;   91.33;    8.3;    5.4;    4.0;eor
       3032;20190321;   10;  14.6;   7.9;    3;   0.0;   6;    1.133;   0;   7.8;   9.5; 1027.10;    6.9;   95.50;    9.8;    5.2;    5.3;eor
       3032;20190322;   10;  12.5;   4.9;    3;   0.0;   6;    0.000;   0;   6.9;   9.5; 1026.05;    6.7;   96.83;    8.2;    5.3;    3.9;eor
       3032;20190323;   10;  12.5;   6.3;    3;   0.0;   0;    2.567;   0;   7.3;   8.3; 1024.20;    6.5;   86.08;    9.2;    4.7;    2.9;eor
       3032;20190324;   10;  19.0;   6.6;    3;   3.1;   6;    7.433;   0;   5.8;   7.6; 1020.60;    5.9;   82.46;    8.5;    3.1;    2.8;eor
       3032;20190325;   10;  17.8;   9.8;    3;   0.8;   6;    8.283;   0;   4.4;   7.3; 1013.49;    5.9;   78.67;   10.9;    2.3;    2.0;eor
       3032;20190326;   10;  19.4;   9.5;    3;   3.0;   6;    2.367;   0;   7.5;   8.1; 1021.81;    6.2;   85.46;    7.4;    5.3;    4.1;eor
       3032;20190327;   10;  18.2;   8.7;    3;   0.1;   6;    0.867;   0;   7.9;   9.5; 1024.90;    7.2;   93.04;    8.7;    6.3;    5.8;eor
       3032;20190328;   10;   9.9;   5.7;    3;   0.0;   6;    5.283;   0;   5.4;   9.4; 1029.67;    7.8;   89.08;   11.3;    5.9;    4.7;eor
       3032;20190329;   10;  13.1;   6.8;    3;   0.0;   0;   11.700;   0;   2.7;   8.8; 1025.60;    8.3;   81.17;   11.3;    6.0;    4.6;eor
       3032;20190330;   10;  12.7;   6.2;    3;   0.0;   6;    9.150;   0;   2.7;   8.8; 1017.02;    8.0;   82.46;   13.6;    5.1;    4.0;eor
       3032;20190331;   10;  17.8;   9.2;    3;   0.0;   0;   11.033;   0;   2.2;   5.4; 1022.16;    5.4;   59.96;    7.9;    1.7;   -0.9;eor
       3032;20190401;   10;  13.0;   4.7;    3;   0.0;   0;   12.033;   0;   0.5;   5.5; 1022.36;    5.0;   64.00;    9.4;    1.6;   -2.0;eor
       3032;20190402;   10;  13.7;   8.4;    3;   0.8;   6;    8.267;   0;   6.4;   7.2; 1004.92;    7.8;   67.08;   12.7;    3.3;    2.3;eor
       3032;20190403;   10;  11.2;   5.5;    3;   3.7;   6;    0.133;   0;   7.8;   9.7;  999.01;    9.0;   84.08;   11.1;    6.9;    6.0;eor
       3032;20190404;   10;   9.5;   4.1;    3;   0.0;   0;    0.583;   0;   7.5;   9.4;  997.50;    7.2;   92.21;    9.1;    6.2;    4.1;eor
       3032;20190405;   10;   9.8;   4.4;    3;   0.0;   0;    4.600;   0;   7.8;   9.5; 1002.42;    9.5;   80.71;   15.5;    5.6;    4.7;eor
       3032;20190406;   10;  10.3;   5.1;    3;   0.0;   0;   11.300;   0;   3.1;  10.0; 1005.86;   11.4;   75.50;   17.8;    6.9;    5.9;eor
       3032;20190407;   10;   9.3;   4.6;    3;   0.0;   0;   12.050;   0;   2.1;   9.2; 1006.74;   12.2;   66.71;   20.6;    7.2;    5.8;eor
       3032;20190408;   10;  13.3;   7.2;    3;   0.0;   0;   12.367;   0;   1.5;   6.4; 1011.83;    8.4;   59.17;   12.4;    4.1;    2.8;eor
       3032;20190409;   10;  10.6;   5.7;    3;   0.0;   0;   12.650;   0;   0.0;   5.3; 1015.89;    6.0;   58.00;    9.9;    2.3;   -0.3;eor
       3032;20190410;   10;  13.7;   6.1;    3;   0.0;   0;    6.083;   0;   2.8;   4.4; 1019.18;    3.6;   55.75;    8.1;    0.6;   -1.2;eor
       3032;20190411;   10;  11.3;   5.5;    3;   0.0;   8;    6.850;   0;   3.8;   5.3; 1024.33;    3.9;   65.29;    7.9;    0.7;   -1.1;eor
       3032;20190412;   10;   9.9;   3.9;    3;   2.5;   8;    2.900;   0;   7.0;   5.8; 1026.54;    2.9;   76.58;    7.7;    0.7;   -0.6;eor
       3032;20190413;   10;  13.5;   6.0;    3;   0.0;   6;    8.267;   0;   3.8;   5.3; 1026.13;    4.1;   64.92;    8.5;    0.9;   -1.0;eor
       3032;20190414;   10;  15.0;   7.2;    3;   0.0;   0;    3.400;   0;   7.1;   5.6; 1027.22;    5.4;   61.79;    8.4;    2.2;    1.1;eor
       3032;20190415;   10;  15.2;   9.1;    3;   0.0;   0;   12.433;   0;   2.1;   5.8; 1027.06;    6.4;   61.42;   10.0;    3.8;    2.5;eor
       3032;20190416;   10;  15.7;   9.7;    3;   0.0;   0;   13.150;   0;   0.0;   5.9; 1022.08;    6.6;   61.79;   10.6;    1.6;    0.2;eor
       3032;20190417;   10;  15.1;  10.0;    3;   0.0;   0;   13.067;   0;   1.3;   6.9; 1025.00;    9.6;   59.46;   14.9;    5.0;    4.0;eor
       3032;20190418;   10;  14.5;   8.5;    3;   0.0;   0;   13.267;   0;   0.7;   7.2; 1029.43;   11.0;   57.08;   16.7;    5.6;    4.2;eor
       3032;20190419;   10;  11.0;   6.7;    3;   0.0;   0;   13.300;   0;   0.1;   8.2; 1031.18;   11.7;   61.00;   18.8;    6.0;    4.0;eor
       3032;20190420;   10;   8.9;   4.3;    3;   0.0;   0;   13.400;   0;   2.4;   6.8; 1029.51;   11.7;   51.00;   19.7;    6.7;    4.5;eor
       3032;20190421;   10;   7.1;   3.5;    3;   0.0;   0;   13.500;   0;   0.5;   7.5; 1020.78;   12.5;   54.13;   19.3;    7.6;    3.9;eor
       3032;20190422;   10;  19.3;   8.6;    3;   0.0;   0;   13.567;   0;   0.0;   8.2; 1013.38;   12.9;   56.88;   19.3;    8.9;    7.0;eor
       3032;20190423;   10;  23.4;  12.4;    3;   0.0;   0;   13.267;   0;   0.9;   8.5; 1006.56;   13.0;   57.42;   16.0;   10.0;    8.8;eor
       3032;20190424;   10;  15.1;   9.6;    3;   0.3;   6;    5.050;   0;   5.6;  11.4; 1000.25;   13.6;   73.04;   17.3;   10.8;   10.0;eor
       3032;20190425;   10;  12.6;   6.2;    3;   0.0;   0;    8.200;   0;   6.5;  11.8; 1004.55;   14.1;   74.17;   18.7;   10.2;    9.5;eor
       3032;20190426;   10;  12.4;   4.9;    3;   4.4;   6;    0.717;   0;   7.8;  11.6; 1007.09;   11.1;   87.75;   15.5;    8.4;    7.2;eor
       3032;20190427;   10;  10.7;   4.5;    3;   1.2;   6;    7.217;   0;   6.7;  10.6; 1006.97;   11.0;   81.17;   14.3;    8.8;    6.6;eor
       3032;20190428;   10;   9.6;   4.4;    3;   3.3;   6;    0.000;   0;   8.0;  10.5; 1014.25;    9.2;   89.75;   10.2;    8.0;    7.3;eor
       3032;20190429;   10;  11.5;   6.3;    3;   0.0;   6;    4.100;   0;   5.2;  11.2; 1020.16;    9.7;   92.71;   13.5;    7.5;    6.6;eor
       3032;20190430;   10;  11.6;   6.1;    3;   0.0;   6;    6.000;   0;   6.0;  10.7; 1018.09;    9.0;   92.75;   11.4;    7.7;    6.5;eor
       3032;20190501;    3;  16.9;   9.8;    3;   0.0;   6;    0.000;   0;   7.9;   9.7; 1010.27;    8.3;   88.54;    9.1;    7.4;    7.5;eor
       3032;20190502;    3;  19.2;  12.1;    3;   0.0;   6;    3.383;   0;   6.0;   8.2; 1001.52;    8.4;   73.96;   10.9;    6.5;    5.7;eor
       3032;20190503;    3;  22.1;  12.1;    3;   1.0;   8;    7.917;   0;   4.7;   5.9; 1002.65;    6.6;   60.96;    9.1;    3.1;    1.3;eor
       3032;20190504;    3;  18.0;   9.8;    3;   0.0;   6;   12.250;   0;   2.9;   5.6; 1004.23;    6.5;   58.29;    9.8;    3.9;    1.8;eor
       3032;20190505;    3;  16.6;   9.0;    3;   1.0;   6;    7.683;   0;   4.9;   6.7; 1012.25;    7.9;   63.42;   10.2;    6.1;    4.9;eor
       3032;20190506;    3;  18.9;  10.4;    3;   0.2;   6;    8.817;   0;   4.1;   6.6; 1010.86;    6.9;   66.29;    9.7;    5.0;    4.0;eor
       3032;20190507;    3;  17.4;   7.3;    3;   3.1;   6;    8.817;   0;   4.4;   6.2; 1011.75;    7.2;   61.79;   10.0;    4.8;    4.1;eor
       3032;20190508;    3;  15.5;   5.8;    3;   5.5;   6;    5.550;   0;   7.4;   8.7; 1000.76;    8.7;   78.04;   13.6;    4.4;    3.4;eor
       3032;20190509;    3;  18.8;   5.9;    3;   0.4;   6;    7.100;   0;   6.8;  11.0;  993.57;   11.3;   82.50;   14.6;    8.5;    7.1;eor
       3032;20190510;    3;  12.3;   6.9;    3;   0.0;   6;    3.683;   0;   6.4;   8.5; 1003.06;    8.8;   74.88;   11.1;    6.0;    3.4;eor
       3032;20190511;    3;  14.7;   7.7;    3;   0.0;   0;   12.517;   0;   2.5;   6.9; 1013.95;    8.6;   61.42;   11.5;    4.7;    2.1;eor
       3032;20190512;    3;  17.4;  11.4;    3;   0.0;   0;   13.150;   0;   1.8;   7.2; 1027.69;    8.9;   63.67;   11.6;    7.3;    6.3;eor
       3032;20190513;    3;  14.1;   9.4;    3;   0.0;   0;   12.283;   0;   1.6;   7.6; 1034.85;    8.8;   67.00;   11.9;    6.5;    4.4;eor
       3032;20190514;    3;   9.9;   5.3;    3;   0.0;   0;   10.300;   0;   7.2;   7.3; 1032.13;    9.2;   64.17;   13.4;    5.3;    3.1;eor
       3032;20190515;    3;  10.9;   4.7;    3;   0.0;   0;   12.750;   0;   3.0;   7.9; 1026.02;   11.0;   61.83;   15.4;    6.7;    2.6;eor
       3032;20190516;    3;  19.9;   6.1;    3;   0.0;   6;   10.017;   0;   6.0;   8.1; 1018.93;   13.1;   55.50;   18.2;    6.9;    4.6;eor
       3032;20190517;    3;  13.8;   6.9;    3;   0.0;   6;    0.083;   0;   7.8;  10.9; 1009.47;   11.7;   78.75;   13.0;   10.1;   10.2;eor
       3032;20190518;    3;  11.1;   6.5;    3;   0.0;   0;    7.683;   0;   4.9;  12.8; 1005.97;   14.4;   78.92;   19.9;   10.1;   10.1;eor
       3032;20190519;    3;  10.2;   5.9;    3;   0.0;   0;    8.133;   0;   4.9;  14.4; 1005.05;   15.4;   83.33;   21.0;   11.3;   10.8;eor
       3032;20190520;    3;  12.4;   5.3;    3;   0.0;   0;    9.083;   0;   5.6;  14.3; 1004.32;   14.7;   85.67;   20.1;   11.7;   11.2;eor
       3032;20190521;    3;  16.0;   9.6;    3;   0.0;   6;    0.150;   0;   7.9;  13.2; 1005.43;   12.4;   91.42;   15.0;   10.1;    9.9;eor
       3032;20190522;    3;  16.8;   9.6;    3;   0.0;   6;    6.667;   0;   5.7;  10.5; 1011.83;   11.1;   79.67;   13.7;    9.6;    8.3;eor
       3032;20190523;    3;  17.1;   7.2;    3;   0.0;   0;   12.250;   0;   2.5;  10.5; 1012.34;   12.6;   72.17;   16.9;    9.3;    7.2;eor
       3032;20190524;    3;  13.5;   8.0;    3;   0.0;   6;    5.983;   0;   5.1;  10.5; 1008.70;   11.8;   75.83;   14.6;    9.9;    7.7;eor
       3032;20190525;    3;  12.8;   8.3;    3;   0.8;   6;    1.333;   0;   7.8;  10.0; 1011.08;   11.2;   75.13;   13.5;   10.2;    9.7;eor
       3032;20190526;    3;  17.0;   7.6;    3;  10.0;   6;    0.000;   0;   7.8;  12.9; 1003.04;   11.8;   92.54;   12.7;   10.6;   10.1;eor
       3032;20190527;    3;  17.6;   9.5;    3;   0.1;   6;    4.600;   0;   6.7;  11.4; 1000.43;   12.1;   80.33;   14.5;    9.2;    9.0;eor
       3032;20190528;    3;  13.6;   8.0;    3;   0.2;   6;   10.800;   0;   4.4;   7.7; 1006.17;   10.4;   60.63;   13.2;    8.0;    6.7;eor
       3032;20190529;    3;  15.8;   5.9;    3;   1.9;   6;   13.850;   0;   3.4;   6.9; 1016.87;   10.9;   53.42;   13.6;    7.1;    4.8;eor
       3032;20190530;    3;  18.4;   9.9;    3;   2.4;   6;    0.283;   0;   7.8;  13.0; 1013.56;   13.1;   86.17;   14.9;   11.7;   10.8;eor
       3032;20190531;    3;  12.1;   4.9;    3;   0.0;   6;    0.133;   0;   7.8;  14.1; 1016.90;   13.2;   92.54;   14.7;   12.2;   11.5;eor
       3032;20190601;    3;  15.2;   7.1;    3;   0.0;   0;    6.900;   0;   6.9;  13.1; 1016.10;   13.7;   83.29;   16.9;   10.8;    8.5;eor
       3032;20190602;    3;  15.7;   4.8;    3;   2.5;   6;    9.867;   0;   6.7;  15.3; 1010.74;   17.8;   75.17;   24.0;   11.2;    8.9;eor
       3032;20190603;    3;  17.3;   5.8;    3;   0.0;   6;    5.033;   0;   6.3;  13.7; 1008.26;   15.4;   78.58;   20.2;   11.1;    9.4;eor
       3032;20190604;    3;  18.8;   4.5;    3;   1.1;   6;    8.017;   0;   5.6;  13.0; 1008.70;   15.8;   73.50;   20.6;   11.3;    5.3;eor
       3032;20190605;    3;  18.8;   6.7;    3;   0.0;   0;   11.867;   0;   5.5;  15.9; 1004.52;   17.1;   81.46;   20.2;   15.7;   15.3;eor
       3032;20190606;    3;  14.8;   7.5;    3;   0.5;   6;    6.650;   0;   5.1;  15.0; 1005.21;   16.2;   80.46;   20.6;   11.9;   10.3;eor
       3032;20190607;    3;  14.9;   4.6;    3;   0.5;   6;   13.900;   0;   5.3;  12.1; 1009.88;   16.0;   68.00;   21.1;   11.6;    7.8;eor
       3032;20190608;    3;  24.5;  14.2;    3;   0.9;   6;    0.583;   0;   7.7;  12.5; 1007.30;   15.2;   72.46;   17.0;   12.2;   10.8;eor
       3032;20190609;    3;  19.8;   7.4;    3;   0.0;   6;   11.383;   0;   5.6;  11.6; 1017.50;   14.3;   71.38;   17.8;   12.1;    6.9;eor
       3032;20190610;    1;  14.3;   6.7;    1;   0.7;   6;    2.100;   0;   7.9;  12.2; 1014.05;   15.2;   71.13;   19.4;   12.2;   10.9;eor
       3032;20190611;    1;  13.2;   5.4;    1;  15.9;   6;    0.083;   0;   7.6;  15.1; 1008.35;   15.2;   86.83;   17.8;   13.3;   12.0;eor
       3032;20190612;    1;-999;   4.6;    1;   5.4;   6;    1.333;   0;   7.5;  16.5; 1006.56;   16.3;   89.33;   20.2;   12.9;   12.0;eor
       3032;20190613;    1;-999;-999;    1;   0.0;   6;   14.717;   0;   4.3;  13.0; 1007.66;   16.7;   68.83;   19.7;   13.2;   11.5;eor
       3032;20190614;    1;-999;-999;    1;   4.6;   8;   11.283;   0;   3.4;  14.6; 1012.30;   17.2;   74.42;   20.9;   13.9;   13.4;eor
       3032;20190615;    1;  16.2;   6.2;    1;  14.3;   6;    1.533;   0;   7.4;  16.6; 1008.60;   16.2;   90.25;   21.8;   13.1;   12.1;eor
       3032;20190616;    1;  10.8;   5.3;    1;   0.0;   0;   13.250;   0;   3.7;  13.4; 1015.12;   15.9;   74.54;   20.0;   12.6;   10.4;eor
       3032;20190617;    1;  12.7;   5.6;    1;   0.0;   0;   15.667;   0;   1.7;  14.7; 1016.67;   18.5;   69.38;   22.2;   15.6;   13.7;eor
       3032;20190618;    1;-999;-999;    1;   0.0;   0;   11.733;   0;   6.9;  16.0; 1011.66;   19.0;   72.79;   24.0;   14.6;   13.1;eor
       3032;20190619;    1;-999;-999;    1;   0.4;   4;   10.467;   0;   5.9;  17.1; 1004.58;   19.9;   74.67;   26.9;   15.1;   13.4;eor
       3032;20190620;    1;-999;-999;    1;   0.9;   4;    0.100;   0;   7.0;  15.2; 1005.87;   15.8;   84.21;   18.4;   13.4;   11.7;eor
       3032;20190621;    1;-999;-999;    1;   0.1;   4;   10.917;   0;   2.9;  12.3; 1013.91;   15.3;   71.17;   18.7;   12.8;   11.1;eor
       3032;20190622;    1;   8.8;   4.3;    1;   0.0;   0;   12.133;   0;   4.7;  10.8; 1021.02;   15.1;   62.96;   18.2;   11.9;   10.2;eor
       3032;20190623;    1;  12.7;   5.8;    1;   0.0;   0;   13.717;   0;   5.2;  13.2; 1020.85;   18.6;   61.71;   24.0;   13.7;   11.6;eor
       3032;20190624;    1;  13.5;   8.1;    1;   0.0;   0;   12.717;   0;   7.3;  14.9; 1020.53;   20.1;   64.04;   25.4;   16.1;   15.3;eor
       3032;20190625;    1;  11.8;   5.3;    1;   0.0;   0;   12.183;   0;   7.6;  18.7; 1016.39;   23.6;   64.79;   30.0;   17.6;   16.4;eor
       3032;20190626;    1;  16.8;   9.4;    1;   0.0;   6;    5.433;   0;   5.9;  16.5; 1018.63;   17.2;   81.79;   23.1;   12.9;   12.5;eor
       3032;20190627;    1;  17.8;  11.6;    1;   0.0;   6;    0.300;   0;   7.6;  12.0; 1022.57;   14.2;   74.17;   16.5;   13.1;   12.7;eor
       3032;20190628;    1;  12.8;   7.1;    1;   0.0;   0;    7.350;   0;   5.4;  12.8; 1022.11;   14.6;   77.42;   17.5;   12.3;   10.6;eor
       3032;20190629;    1;   8.0;   3.5;    1;   0.0;   0;   15.350;   0;   2.0;  13.5; 1016.71;   17.0;   70.54;   22.1;   12.5;   11.9;eor
       3032;20190630;    1;-999;-999;    1;   0.0;   0;   14.483;   0;   3.4;  16.2; 1007.33;   19.1;   73.46;   25.0;   16.4;   15.2;eor
       3032;20190701;    1;-999;-999;    1;   0.2;   6;    3.883;   0;   6.2;  14.3; 1008.78;   16.7;   74.96;   19.8;   14.0;   12.9;eor
       3032;20190702;    1;-999;-999;    1;   0.4;   6;    6.133;   0;   6.2;   9.9; 1015.40;   13.7;   63.38;   16.4;   10.9;   10.3;eor
       3032;20190703;    1;-999;-999;    1;   0.3;   6;    8.683;   0;   4.4;  10.0; 1019.10;   14.1;   62.08;   17.0;   12.6;   11.4;eor
       3032;20190704;    1;-999;-999;    1;   4.1;   6;    0.000;   0;   7.5;  13.2; 1015.52;   14.3;   80.71;   16.2;   12.7;   12.0;eor
       3032;20190705;    1;-999;-999;    1;   1.3;   6;    1.983;   0;   7.7;  13.6; 1009.86;   14.8;   81.13;   17.1;   13.0;   12.2;eor
       3032;20190706;    1;-999;-999;    1;   1.6;   6;    2.583;   0;   7.1;  12.9; 1003.33;   14.5;   78.17;   16.2;   13.1;   11.7;eor
       3032;20190707;    1;-999;-999;    1;   0.6;   4;    1.533;   0;   7.7;  10.0; 1007.38;   13.2;   65.71;   15.4;   11.5;   10.0;eor
       3032;20190708;    1;-999;-999;    1;   1.4;   6;    1.783;   0;   7.5;  11.0; 1011.62;   13.1;   73.42;   16.2;   11.0;    9.8;eor
       3032;20190709;    1;-999;-999;    1;   0.0;   6;    0.700;   0;   7.6;  11.3; 1014.35;   13.9;   70.75;   16.4;   12.6;   11.9;eor
