STATIONS_ID;MESS_DATUM;QN_3;  FX;  FM;QN_4; RSK;RSKF; SDK;SHK_TAG;  NM; VPM;  PM; TMK; UPM; TXK; TNK; TGK;eor
       5371;20180106;   10;  14.4;   5.3;    3;   8.8;   8;    0.033;   0;   8.0;   7.1;  900.80;    2.6;   96.92;    4.1;    0.8;    0.6;eor
       5371;20180107;   10;  16.6;   8.3;    3;   0.0;   8;    0.000;   1;   7.9;   5.5;  911.54;   -1.0;   96.63;    0.8;   -1.9;   -1.8;eor
       5371;20180108;   10;  24.5;  13.9;    3;   0.0;   0;    0.750;   1;   7.8;   5.9;  913.48;   -0.2;   97.13;    1.1;   -1.4;   -1.4;eor
       5371;20180109;   10;  26.7;  10.7;    3;   1.1;   6;    1.550;   1;   5.5;   6.4;  905.68;    1.7;   92.08;    4.5;    0.4;   -0.4;eor
       5371;20180110;   10;  15.2;   7.4;    3;   1.1;   8;    4.300;   0;   6.8;   6.5;  904.26;    2.1;   91.13;    4.7;    1.0;   -0.5;eor
       5371;20180111;   10;   9.4;   3.6;    3;   0.0;   6;    0.283;   0;   6.9;   6.2;  907.67;    1.3;   92.17;    3.1;    0.3;   -1.1;eor
       5371;20180112;   10;  10.4;   3.5;    3;   0.0;   7;    0.000;   0;   8.0;   6.3;  915.10;    0.8;   97.04;    1.2;   -0.2;   -0.2;eor
       5371;20180113;   10;  14.4;   7.7;    3;   0.0;   7;    0.650;   0;   6.9;   5.1;  915.17;   -1.7;   93.83;   -0.2;   -5.0;   -4.7;eor
       5371;20180114;   10;  18.4;  10.2;    3;   0.0;   7;    1.617;   0;   5.5;   3.8;  912.01;   -4.6;   88.21;   -1.8;   -5.9;   -6.9;eor
       5371;20180115;   10;  24.9;  12.2;    3;   8.7;   8;    0.000;   0;   7.0;   4.7;  902.79;   -3.1;   94.75;   -0.4;   -5.6;   -6.6;eor
       5371;20180116;   10;  21.5;  10.7;    3;  13.2;   8;    0.000;   5;   8.0;   5.5;  887.50;   -1.0;   97.00;    0.9;   -3.0;   -3.0;eor
       5371;20180117;   10;  21.3;   8.5;    3;  11.0;   7;    0.000;  17;   8.0;   4.5;  891.79;   -3.3;   94.63;   -2.2;   -4.2;   -4.2;eor
       5371;20180118;   10;  36.8;  13.0;    3;  12.1;   8;    0.983;  26;   7.5;   5.1;  892.11;   -1.2;   90.88;    1.8;   -3.3;   -3.3;eor
       5371;20180119;   10;  16.0;   6.7;    3;   6.0;   7;    0.000;  26;   7.7;   4.8;  898.56;   -2.6;   95.17;   -1.9;   -4.2;   -5.2;eor
       5371;20180120;   10;  13.4;   7.3;    3;   5.4;   7;    0.000;  30;   8.0;   4.7;  896.52;   -2.9;   95.00;   -2.3;   -3.4;   -3.4;eor
       5371;20180121;   10;  16.6;   5.6;    3;   2.5;   7;    0.000;  34;   8.0;   4.5;  902.15;   -3.2;   94.21;   -2.6;   -4.1;   -5.0;eor
       5371;20180122;   10;  18.7;   8.6;    3;   0.8;   8;    0.000;  34;   8.0;   5.2;  901.69;   -1.7;   95.46;    0.2;   -4.2;   -4.1;eor
       5371;20180123;   10;  18.3;   7.8;    3;   0.6;   6;    0.000;  30;   7.9;   6.1;  912.96;    0.4;   97.21;    1.9;   -0.3;   -0.3;eor
       5371;20180124;   10;  19.9;  11.6;    3;   0.5;   6;    0.000;  25;   7.9;   7.7;  911.45;    3.4;   97.92;    4.8;    1.7;    1.5;eor
       5371;20180125;   10;  20.1;  10.4;    3;   4.9;   6;    0.000;  16;   7.9;   7.7;  906.60;    3.8;   96.21;    4.3;    3.3;    2.6;eor
       5371;20180126;   10;  10.2;   4.2;    3;   0.6;   8;    0.000;  10;   8.0;   6.6;  909.43;    1.7;   95.96;    3.9;    0.8;    0.3;eor
       5371;20180127;   10;  17.1;   5.3;    3;   1.5;   8;    5.817;   9;   5.3;   6.0;  919.80;    0.8;   92.63;    3.7;   -0.6;   -2.3;eor
       5371;20180128;   10;  19.7;  11.2;    3;   2.8;   6;    0.000;   7;   8.0;   6.4;  920.76;    0.9;   97.67;    2.6;   -0.3;   -0.3;eor
       5371;20180129;   10;  20.4;  11.6;    3;   1.4;   6;    0.000;   0;   8.0;   7.3;  917.11;    2.8;   98.04;    3.1;    1.7;    1.6;eor
       5371;20180130;   10;  15.5;   6.0;    3;   0.5;   6;    2.083;   0;   6.9;   5.4;  917.32;   -0.8;   93.08;    1.7;   -2.3;   -2.7;eor
       5371;20180131;   10;  22.8;  12.1;    3;  17.7;   8;    0.000;   0;   8.0;   6.7;  901.95;    1.7;   97.21;    2.9;    0.0;    0.0;eor
       5371;20180201;   10;  13.3;   7.6;    3;   2.7;   7;    1.150;   4;   7.7;   4.9;  893.70;   -2.4;   94.67;    0.0;   -3.6;   -4.0;eor
       5371;20180202;   10;  14.7;   8.2;    3;   2.1;   7;    0.000;   6;   8.0;   4.7;  895.58;   -2.9;   95.04;   -1.9;   -3.9;   -3.8;eor
       5371;20180203;   10;   8.9;   4.3;    3;   3.9;   7;    1.650;   7;   6.8;   4.3;  897.13;   -3.9;   93.17;   -1.9;   -6.2;   -8.1;eor
       5371;20180204;   10;  11.2;   5.4;    3;   2.7;   7;    0.067;  11;   7.7;   3.9;  905.18;   -5.2;   92.71;   -3.7;   -7.0;   -8.1;eor
       5371;20180205;   10;  15.0;   7.5;    3;   0.0;   0;    5.950;  15;   4.7;   3.2;  912.53;   -7.0;   88.63;   -4.7;   -8.7;  -10.2;eor
       5371;20180206;   10;  13.5;   6.9;    3;   0.0;   7;    0.817;  14;   6.3;   3.3;  904.18;   -6.2;   85.29;   -3.5;   -8.8;  -10.1;eor
       5371;20180207;   10;   8.4;   3.7;    3;   0.0;   0;    6.917;  13;   3.4;   3.5;  903.49;   -3.5;   74.33;    0.9;   -6.3;  -10.7;eor
       5371;20180208;   10;   4.9;   2.3;    3;   0.0;   0;    7.100;  12;   2.8;   3.2;  907.62;   -5.6;   78.71;   -0.5;   -9.0;  -13.0;eor
       5371;20180209;   10;  12.7;   6.9;    3;   0.0;   7;    0.000;  11;   6.4;   3.5;  905.29;   -6.2;   90.29;   -4.8;   -9.5;  -13.2;eor
       5371;20180210;   10;  11.2;   6.0;    3;   0.3;   7;    0.450;  11;   7.8;   4.2;  905.34;   -4.2;   94.13;   -2.6;   -6.6;   -7.5;eor
       5371;20180211;   10;  20.3;  10.7;    3;   3.8;   8;    0.000;  11;   7.9;   4.5;  896.97;   -3.4;   94.54;   -2.1;   -4.9;   -5.3;eor
       5371;20180212;   10;  12.9;   5.6;    3;   0.9;   7;    0.317;  15;   7.8;   4.2;  902.44;   -4.1;   93.92;   -3.0;   -5.6;   -6.4;eor
       5371;20180213;   10;  14.4;   6.1;    3;   0.0;   0;    6.767;  16;   3.8;   3.4;  905.06;   -5.7;   85.83;   -2.8;   -7.3;  -10.3;eor
       5371;20180214;   10;  19.2;   8.7;    3;   0.0;   0;    9.250;  15;   0.6;   2.8;  907.25;   -5.7;   70.13;   -1.8;   -8.2;  -11.2;eor
       5371;20180215;   10;  24.9;  11.5;    3;   4.9;   8;    0.000;  14;   7.7;   4.1;  906.60;   -3.8;   85.42;    0.0;   -6.2;   -7.7;eor
       5371;20180216;   10;   7.8;   3.7;    3;   0.0;   0;    3.050;  16;   5.9;   5.0;  914.33;   -1.9;   94.58;   -0.1;   -5.3;  -11.0;eor
       5371;20180217;   10;  15.7;   6.1;    3;   0.0;   0;    0.000;  16;   6.0;   3.9;  912.45;   -4.0;   85.50;   -2.4;   -5.3;  -11.6;eor
       5371;20180218;   10;  11.4;   5.9;    3;   0.0;   0;    7.967;  15;   2.1;   3.6;  915.58;   -4.2;   81.79;    0.3;   -7.2;  -12.5;eor
       5371;20180219;   10;   9.6;   3.9;    3;   0.0;   0;    2.183;  14;   5.3;   3.5;  909.41;   -5.1;   84.29;   -0.5;   -6.7;  -13.0;eor
       5371;20180220;   10;  10.7;   3.9;    3;   0.0;   7;    4.300;  14;   6.3;   3.5;  906.57;   -5.6;   86.17;   -2.6;   -6.9;  -13.0;eor
       5371;20180221;   10;  15.6;   6.8;    3;   0.0;   0;    9.033;  14;   4.0;   3.1;  910.39;   -5.9;   79.38;   -2.2;   -7.9;   -9.4;eor
       5371;20180222;   10;  17.0;   8.5;    3;   0.0;   0;    9.100;  14;   2.0;   2.6;  909.30;   -6.9;   72.75;   -4.5;   -8.7;  -10.0;eor
       5371;20180223;   10;  19.3;   8.3;    3;   0.0;   0;    9.600;  14;   0.3;   2.1;  908.29;   -8.9;   68.88;   -5.5;  -11.3;  -12.6;eor
       5371;20180224;   10;  20.7;  11.0;    3;   0.0;   7;    9.067;  14;   1.6;   1.9;  911.35;   -8.7;   58.88;   -6.4;  -11.8;  -12.5;eor
       5371;20180225;   10;  19.1;   8.2;    3;   0.0;   7;    9.350;  14;   2.9;   1.6;  913.18;  -11.8;   63.42;   -8.6;  -13.9;  -15.1;eor
       5371;20180226;   10;  16.2;   6.8;    3;   0.6;   7;    3.667;  14;   5.8;   1.8;  910.61;  -12.8;   79.21;  -11.1;  -14.2;  -15.3;eor
       5371;20180227;   10;  13.7;   6.3;    3;   0.0;   0;    9.817;  16;   2.5;   1.4;  905.56;  -14.4;   71.17;  -10.9;  -18.0;  -19.3;eor
       5371;20180228;   10;  24.8;   9.2;    3;   0.0;   0;    9.167;  16;   3.1;   1.4;  905.52;  -14.9;   74.33;  -11.8;  -17.3;  -18.1;eor
       5371;20180301;   10;  23.2;  13.6;    3;   0.0;   0;    8.717;  16;   4.8;   1.6;  897.11;  -11.8;   64.83;   -7.4;  -15.2;  -15.8;eor
       5371;20180302;   10;  18.7;   8.9;    3;   2.2;   7;    6.167;  16;   6.5;   2.0;  889.15;  -10.0;   71.17;   -6.8;  -13.2;  -13.6;eor
       5371;20180303;   10;  12.2;   5.9;    3;   0.9;   7;    0.217;  20;   7.9;   3.3;  890.10;   -6.3;   85.79;   -2.5;   -9.9;   -9.8;eor
       5371;20180304;   10;  20.4;   7.5;    3;   0.2;   8;    1.900;  20;   7.6;   5.2;  892.01;   -1.0;   91.38;    2.4;   -4.7;   -4.6;eor
       5371;20180305;   10;  14.5;   6.5;    3;   0.0;   0;    5.800;  17;   6.9;   5.8;  890.22;    1.2;   87.17;    3.6;   -0.2;   -1.7;eor
       5371;20180306;   10;   7.4;   3.6;    3;   1.5;   8;    4.183;  14;   6.8;   4.8;  885.68;    3.0;   63.88;    6.8;    0.6;   -3.0;eor
       5371;20180307;   10;  15.4;   7.0;    3;   2.7;   8;    0.050;  10;   7.9;   6.1;  888.85;    0.5;   96.42;    1.0;   -0.5;   -0.5;eor
       5371;20180308;   10;  22.4;   9.9;    3;   3.2;   8;    0.000;  11;   7.9;   5.6;  895.58;   -0.2;   93.00;    2.4;   -1.8;   -1.8;eor
       5371;20180309;   10;  14.0;   6.5;    3;   6.5;   8;    0.000;  12;   8.0;   5.9;  899.94;   -0.2;   96.96;    2.5;   -2.2;   -2.1;eor
       5371;20180310;   10;  13.9;   7.9;    3;   0.6;   6;    0.033;  11;   7.7;   8.3;  898.32;    4.8;   97.00;    6.6;    2.2;    1.9;eor
       5371;20180311;   10;  16.9;   6.9;    3;   5.5;   6;    4.817;   0;   7.1;   8.9;  893.35;    7.4;   87.13;   12.1;    4.9;    3.5;eor
       5371;20180312;   10;  16.5;   7.0;    3;   7.1;   6;    0.000;   0;   7.8;   8.4;  889.36;    4.7;   98.54;    5.9;    3.1;    3.1;eor
       5371;20180313;   10;  19.1;   9.9;    3;  16.7;   8;    0.000;   0;   8.0;   6.7;  895.41;    1.4;   98.92;    3.1;   -1.1;   -1.1;eor
       5371;20180314;   10;  13.8;   4.6;    3;   0.0;   7;    0.617;   7;   6.6;   5.5;  902.50;   -1.0;   95.71;    1.5;   -2.4;   -6.1;eor
       5371;20180315;   10;  18.6;  11.5;    3;   6.8;   8;    7.583;   6;   5.0;   5.1;  894.32;    0.1;   83.54;    3.5;   -3.4;   -5.1;eor
       5371;20180316;   10;   9.7;   4.7;    3;   8.1;   8;    0.000;   6;   8.0;   5.9;  894.13;   -0.2;   96.67;    2.1;   -5.7;   -5.6;eor
       5371;20180317;   10;  18.5;   8.8;    3;   0.3;   7;    0.000;   5;   7.9;   2.9;  894.06;   -8.7;   89.92;   -5.6;  -10.3;  -10.2;eor
       5371;20180318;   10;  19.3;  11.0;    3;   0.0;   7;    3.150;   6;   7.5;   2.4;  896.20;  -10.0;   83.42;   -9.0;  -11.1;  -11.0;eor
       5371;20180319;   10;  11.7;   5.9;    3;   0.0;   0;   10.650;   6;   5.2;   2.2;  900.33;   -9.0;   71.92;   -5.5;  -11.8;  -12.2;eor
       5371;20180320;   10;  15.9;   6.6;    3;   2.8;   8;    0.283;   6;   5.4;   3.1;  905.92;   -6.7;   81.25;   -4.5;   -9.4;  -11.3;eor
       5371;20180321;   10;   8.0;   3.4;    3;   0.0;   0;   11.417;  10;   4.5;   3.1;  915.21;   -4.3;   71.50;    1.0;   -7.9;  -10.2;eor
       5371;20180322;   10;  15.5;   6.8;    3;   6.4;   8;    0.000;   9;   7.8;   4.4;  906.47;   -3.5;   91.21;   -0.9;   -6.1;   -7.4;eor
       5371;20180323;   10;   7.1;   3.2;    3;   0.3;   8;    0.067;  14;   7.9;   5.7;  899.39;   -0.2;   95.50;    1.3;   -1.5;   -1.5;eor
       5371;20180324;   10;   9.8;   4.8;    3;   0.0;   0;    7.500;  11;   5.2;   5.1;  896.02;    1.1;   78.42;    5.3;   -1.4;   -4.2;eor
       5371;20180325;   10;   6.9;   3.0;    3;   0.0;   0;    8.867;   9;   4.8;   4.7;  899.57;    2.8;   63.46;    8.2;   -1.7;   -6.1;eor
       5371;20180326;   10;   8.9;   4.0;    3;   0.1;   8;    0.933;   0;   7.5;   5.1;  905.23;    1.2;   77.21;    4.7;   -0.6;   -3.0;eor
       5371;20180327;   10;  13.4;   5.2;    3;   3.2;   8;    2.800;   0;   6.2;   5.0;  904.46;    0.5;   78.79;    4.1;   -1.9;   -4.4;eor
       5371;20180328;   10;  20.8;   8.5;    3;   9.8;   8;    0.000;   1;   8.0;   7.0;  895.66;    2.0;   98.46;    3.8;   -0.1;    0.0;eor
       5371;20180329;   10;  17.7;   6.5;    3;   0.3;   7;    3.450;   0;   6.4;   5.2;  898.12;   -0.3;   87.63;    3.7;   -2.1;   -3.9;eor
       5371;20180330;   10;  13.8;   7.5;    3;   5.7;   6;    7.017;   0;   6.0;   5.6;  896.58;    2.9;   74.04;    7.4;   -1.8;   -4.4;eor
       5371;20180331;   10;  10.3;   4.8;    3;   0.3;   6;    1.483;   0;   6.3;   6.5;  892.46;    2.3;   89.88;    5.0;    1.2;    0.0;eor
       5371;20180401;   10;  13.6;   5.7;    3;   9.0;   8;    0.000;   0;   7.5;   6.0;  898.81;    0.3;   96.29;    1.4;   -0.8;   -0.8;eor
       5371;20180402;   10;  18.3;   7.2;    3;   0.4;   6;    6.450;   5;   7.4;   5.8;  901.96;    3.0;   77.92;    7.2;   -0.7;   -0.7;eor
       5371;20180403;   10;  19.0;   8.9;    3;   0.0;   6;    5.283;   0;   7.3;   7.0;  899.10;    8.8;   62.96;   13.8;    3.7;    2.7;eor
       5371;20180404;   10;  22.1;   9.4;    3;   6.4;   8;    4.017;   0;   6.4;   8.1;  898.56;    7.9;   76.88;   15.3;    3.8;    2.6;eor
       5371;20180405;   10;  18.6;   9.6;    3;   3.3;   8;    0.717;   0;   6.9;   6.9;  904.11;    2.6;   92.67;    5.3;   -2.1;   -3.2;eor
       5371;20180406;   10;  23.3;   8.6;    3;   0.0;   0;   12.567;   0;   1.4;   3.9;  912.75;    3.2;   53.13;    9.8;   -3.0;   -6.2;eor
       5371;20180407;   10;  24.6;   9.8;    3;   0.0;   0;   12.567;   0;   1.3;   4.9;  908.20;   10.0;   42.13;   18.0;    2.4;    1.0;eor
       5371;20180408;   10;  11.2;   3.6;    3;   0.0;   0;   12.217;   0;   0.4;   7.1;  904.39;   12.5;   50.25;   18.9;    6.9;    3.2;eor
       5371;20180409;   10;  10.9;   5.6;    3;   0.0;   0;    6.217;   0;   5.0;   7.6;  900.76;   13.3;   49.88;   18.2;    9.7;    4.1;eor
       5371;20180410;   10;  14.7;   4.9;    3;   6.6;   6;    9.917;   0;   5.6;   8.8;  898.65;   12.0;   64.58;   19.9;    5.1;    5.2;eor
       5371;20180411;   10;  10.0;   4.0;    3;   1.0;   6;    4.433;   0;   5.8;   9.3;  900.72;    8.0;   87.88;   13.7;    5.3;    5.4;eor
       5371;20180412;   10;  16.6;   6.8;    3;   2.2;   6;    7.933;   0;   5.5;   8.8;  897.00;   11.9;   64.67;   18.0;    7.7;    6.1;eor
       5371;20180413;   10;  18.1;   5.9;    3;  36.3;   6;    0.250;   0;   6.9;   9.2;  900.94;    7.6;   88.50;   11.0;    4.4;    4.6;eor
       5371;20180414;   10;  12.8;   5.7;    3;   0.0;   0;    9.867;   0;   5.8;   8.4;  911.60;    9.1;   73.75;   15.1;    4.2;    3.1;eor
       5371;20180415;   10;   9.8;   3.3;    3;   0.1;   6;    5.733;   0;   6.9;   8.4;  907.65;   11.5;   61.88;   16.4;    8.1;    4.7;eor
       5371;20180416;   10;   8.1;   4.3;    3;   0.0;   0;    5.850;   0;   6.0;   9.8;  908.80;   10.6;   77.58;   15.8;    8.1;    6.1;eor
       5371;20180417;   10;   6.9;   2.8;    3;   0.0;   0;    9.417;   0;   4.3;   8.6;  918.80;   11.9;   63.08;   17.5;    7.7;    5.6;eor
       5371;20180418;   10;  13.3;   3.1;    3;   0.0;   0;   13.200;   0;   2.8;   8.3;  924.79;   15.0;   49.75;   21.0;    9.5;    5.3;eor
       5371;20180419;   10;  16.8;   7.6;    3;   0.0;   0;   13.217;   0;   2.8;   7.5;  923.17;   16.5;   41.29;   23.2;   10.5;    8.7;eor
       5371;20180420;   10;  12.0;   5.3;    3;   0.0;   0;   13.117;   0;   3.2;   9.2;  918.75;   17.0;   48.54;   23.0;   12.0;    6.8;eor
       5371;20180421;   10;   7.7;   3.7;    3;   0.0;   0;   11.967;   0;   2.2;  10.3;  914.85;   16.7;   54.71;   20.5;   11.7;    8.3;eor
       5371;20180422;   10;  12.6;   5.7;    3;   0.6;   6;   10.333;   0;   4.3;  11.0;  910.43;   16.4;   59.75;   23.0;   11.1;    7.2;eor
       5371;20180423;   10;  10.9;   5.1;    3;   3.7;   8;    1.833;   0;   6.2;  11.1;  909.45;   12.3;   76.63;   17.5;    7.8;    6.8;eor
       5371;20180424;   10;  16.4;   7.5;    3;   0.0;   0;    7.933;   0;   6.4;   8.6;  909.93;    9.8;   71.33;   15.5;    5.8;    4.8;eor
       5371;20180425;   10;  17.5;   8.1;    3;   3.9;   6;    2.333;   0;   5.5;   9.5;  905.38;    8.2;   87.38;   12.0;    5.8;    5.6;eor
       5371;20180426;   10;  14.2;   6.6;    3;   1.9;   8;    4.800;   0;   5.6;   6.5;  908.69;    4.4;   78.08;    9.4;    1.1;    0.2;eor
       5371;20180427;   10;  13.8;   6.1;    3;   0.0;   0;   12.200;   0;   5.3;   6.3;  906.43;    7.8;   60.96;   13.3;    1.5;   -1.5;eor
       5371;20180428;   10;  17.5;   6.6;    3;   3.3;   6;    9.533;   0;   5.0;   7.6;  906.05;    9.7;   64.33;   15.4;    5.4;    4.1;eor
       5371;20180429;   10;  17.7;   7.3;    3;   0.0;   0;   11.117;   0;   5.4;  11.5;  902.47;   14.2;   72.42;   20.5;    7.8;    5.5;eor
       5371;20180430;   10;  24.3;  11.9;    3;   0.0;   6;    5.083;   0;   5.4;   8.3;  897.54;    9.1;   71.29;   14.2;    4.9;    3.2;eor
       5371;20180501;   10;  21.5;   8.5;    3;   0.0;   8;    6.967;   0;   5.0;   5.7;  904.50;    3.8;   71.63;    8.9;    0.4;   -2.4;eor
       5371;20180502;   10;   7.5;   2.9;    3;   0.0;   6;    3.883;   0;   6.4;   6.0;  906.33;    7.2;   59.50;   11.7;    1.3;   -3.6;eor
       5371;20180503;   10;  12.0;   6.4;    3;   0.0;   6;    6.650;   0;   5.6;   7.3;  908.85;    8.5;   66.04;   12.4;    6.0;    4.3;eor
       5371;20180504;   10;  13.2;   6.3;    3;   0.0;   0;   13.550;   0;   0.7;   6.6;  913.92;    9.0;   58.00;   13.8;    5.4;    3.4;eor
       5371;20180505;   10;  13.2;   6.8;    3;   0.0;   0;   13.783;   0;   0.5;   7.3;  916.85;   10.8;   56.54;   15.9;    6.0;    4.3;eor
       5371;20180506;   10;  16.0;   7.1;    3;   0.0;   0;   14.067;   0;   0.0;   6.8;  917.04;   12.1;   48.29;   17.2;    6.9;    4.4;eor
       5371;20180507;   10;  14.6;   7.3;    3;   0.0;   0;   14.050;   0;   0.3;   8.3;  913.69;   13.6;   54.17;   20.8;    7.5;    4.7;eor
       5371;20180508;   10;  13.5;   7.4;    3;   0.0;   0;   14.083;   0;   0.3;   8.7;  907.95;   15.0;   51.96;   21.2;    9.2;    6.5;eor
       5371;20180509;   10;  12.7;   5.2;    3;   0.3;   6;   10.367;   0;   3.1;  10.1;  904.00;   15.2;   59.33;   22.2;   10.4;    7.1;eor
       5371;20180510;   10;  11.6;   4.5;    3;  54.6;   8;    4.417;   0;   5.4;  10.4;  905.50;   11.3;   78.21;   17.7;    6.9;    5.1;eor
       5371;20180511;   10;   8.9;   4.3;    3;   0.0;   0;    4.333;   0;   6.5;  10.1;  912.56;   10.0;   83.04;   16.0;    6.3;    6.1;eor
       5371;20180512;   10;  14.1;   3.6;    3;   0.0;   0;   11.150;   0;   3.5;  10.8;  910.09;   14.1;   68.92;   20.4;    8.3;    5.0;eor
       5371;20180513;   10;  13.4;   6.2;    3;   7.6;   8;    6.567;   0;   5.5;  13.5;  905.33;   14.9;   79.92;   22.3;   11.0;   10.3;eor
       5371;20180514;   10;  16.2;   7.1;    3;   0.0;   6;   10.900;   0;   3.8;   9.4;  905.31;   14.7;   56.58;   19.5;   10.1;    7.9;eor
       5371;20180515;   10;  16.2;   6.4;    3;  14.0;   6;    9.267;   0;   5.5;   8.7;  907.83;   10.5;   69.33;   14.8;    7.2;    6.8;eor
       5371;20180516;   10;  11.6;   5.5;    3;   2.6;   6;    1.833;   0;   7.5;  10.6;  907.78;    9.0;   92.33;   12.2;    6.8;    6.9;eor
       5371;20180517;   10;  11.0;   6.6;    3;   0.0;   6;    8.650;   0;   7.1;   9.4;  910.75;    8.8;   83.67;   12.5;    5.2;    4.7;eor
       5371;20180518;   10;   9.0;   5.2;    3;   0.0;   6;    0.000;   0;   7.4;   8.5;  912.79;    5.5;   93.75;    7.5;    4.1;    3.5;eor
       5371;20180519;   10;  11.4;   3.8;    3;   0.0;   0;    7.667;   0;   5.9;   8.7;  913.93;    8.2;   79.71;   12.6;    5.0;    3.2;eor
       5371;20180520;   10;  15.5;   6.9;    3;   0.0;   0;   13.017;   0;   4.4;   9.0;  915.05;   12.6;   63.17;   17.6;    8.4;    6.5;eor
       5371;20180521;   10;  16.6;   8.1;    3;   0.0;   0;   14.367;   0;   2.3;   9.0;  910.93;   14.0;   57.83;   19.9;    8.7;    6.3;eor
       5371;20180522;   10;  12.6;   5.2;    3;   3.0;   6;    6.817;   0;   6.0;  10.8;  908.78;   14.6;   65.46;   21.3;   10.9;    8.7;eor
       5371;20180523;   10;  16.5;   6.6;    3;   4.9;   6;    7.700;   0;   6.9;  11.2;  912.85;   14.4;   69.00;   18.8;   11.9;   11.3;eor
       5371;20180524;   10;  13.8;   7.0;    3;   2.3;   6;    0.000;   0;   7.7;  13.6;  913.42;   12.4;   94.54;   13.8;   11.5;   11.0;eor
       5371;20180525;   10;  10.7;   3.7;    3;   2.2;   6;    3.900;   0;   6.6;  13.9;  913.98;   13.9;   87.71;   17.5;   10.9;    8.5;eor
       5371;20180526;   10;  10.4;   5.3;    3;   0.0;   0;   11.033;   0;   4.5;  12.9;  916.13;   16.9;   67.63;   22.3;   11.6;    9.0;eor
       5371;20180527;   10;  10.4;   4.5;    3;   5.0;   8;    7.967;   0;   5.2;  13.0;  914.75;   17.8;   63.46;   22.8;   13.9;   10.6;eor
       5371;20180528;   10;  11.3;   4.9;    3;   0.0;   6;   11.250;   0;   4.0;  14.2;  913.71;   19.4;   63.21;   24.8;   15.1;   11.6;eor
       5371;20180529;   10;  12.6;   5.1;    3;   6.9;   6;    8.767;   0;   5.2;  15.9;  910.11;   18.0;   77.88;   25.4;   13.5;   12.5;eor
       5371;20180530;   10;   6.0;   2.7;    3;   0.0;   0;   13.667;   0;   4.7;  15.0;  911.08;   18.1;   74.21;   23.2;   13.6;   12.4;eor
       5371;20180531;   10;  11.3;   3.6;    3;   3.8;   6;    9.067;   0;   6.1;  15.8;  911.00;   19.5;   70.29;   24.7;   16.2;   12.0;eor
       5371;20180601;   10;  13.5;   6.3;    3;   0.0;   0;    4.717;   0;   6.7;  15.1;  911.97;   15.5;   85.42;   19.1;   11.8;   11.9;eor
       5371;20180602;   10;   9.9;   4.1;    3;   0.0;   6;    2.033;   0;   6.8;  13.9;  913.31;   13.6;   89.13;   17.6;   11.3;    9.3;eor
       5371;20180603;   10;   7.7;   2.6;    3;   0.0;   0;    6.383;   0;   3.2;  13.5;  913.13;   16.2;   74.50;   20.2;   12.0;    8.5;eor
       5371;20180604;   10;   9.4;   4.4;    3;   0.0;   0;    9.700;   0;   2.7;  13.6;  908.73;   17.7;   67.88;   22.1;   13.8;   10.5;eor
       5371;20180605;   10;  12.9;   3.7;    3;   0.0;   0;   12.817;   0;   1.5;  14.3;  908.05;   16.4;   76.54;   19.9;   12.6;    9.0;eor
       5371;20180606;   10;  13.9;   5.2;    3;   0.0;   6;   11.250;   0;   3.2;  13.4;  909.56;   17.7;   66.67;   22.9;   12.2;    9.5;eor
       5371;20180607;   10;  11.6;   4.6;    3;   0.0;   6;    8.150;   0;   5.4;  15.3;  910.99;   18.5;   71.75;   24.3;   14.7;   11.3;eor
       5371;20180608;   10;   7.9;   3.5;    3;   0.0;   6;    6.550;   0;   6.7;  13.7;  909.51;   19.2;   61.83;   24.1;   15.6;   13.9;eor
       5371;20180609;   10;  12.5;   4.2;    3;   0.5;   6;    8.317;   0;   5.1;  14.0;  908.60;   19.6;   62.08;   25.3;   15.1;   13.8;eor
       5371;20180610;   10;   7.5;   3.7;    3;   1.4;   6;    5.450;   0;   6.6;  15.3;  908.03;   17.0;   78.58;   21.8;   14.5;   12.8;eor
       5371;20180611;   10;   8.1;   3.5;    3;   8.1;   6;    1.883;   0;   7.7;  16.3;  906.74;   15.4;   92.83;   19.1;   12.9;   13.0;eor
       5371;20180612;   10;  12.3;   5.7;    3;   0.7;   6;    0.333;   0;   7.8;  12.1;  905.63;   11.0;   91.71;   13.0;    8.7;    8.5;eor
       5371;20180613;   10;  12.6;   6.6;    3;   0.0;   6;    0.167;   0;   7.8;   9.6;  908.02;    8.2;   88.46;   11.0;    6.8;    7.0;eor
       5371;20180614;   10;   8.2;   3.0;    3;   0.0;   6;    7.533;   0;   6.9;   9.3;  910.70;   10.8;   71.88;   16.3;    7.5;    7.5;eor
       5371;20180615;   10;   7.1;   2.1;    3;   0.0;   6;    0.267;   0;   7.6;  11.7;  912.01;   12.3;   81.25;   15.2;    9.9;    7.5;eor
       5371;20180616;   10;   7.4;   3.3;    3;   0.0;   6;    4.583;   0;   5.5;  12.1;  911.55;   15.1;   70.83;   20.2;   10.7;    7.4;eor
       5371;20180617;   10;   8.8;   3.7;    3;   0.0;   6;    4.350;   0;   6.2;  11.8;  912.48;   13.5;   77.08;   17.8;   10.0;    9.9;eor
       5371;20180618;   10;   8.6;   4.1;    3;   0.0;   0;    4.667;   0;   5.8;  11.3;  916.02;   12.6;   77.75;   16.7;    8.0;    7.0;eor
       5371;20180619;   10;   8.7;   3.9;    3;   0.0;   0;    3.100;   0;   6.2;  14.1;  918.20;   14.5;   86.04;   18.4;   11.8;   10.9;eor
       5371;20180620;   10;   7.4;   3.1;    3;   0.0;   0;   11.717;   0;   2.8;  14.4;  916.63;   17.9;   71.38;   23.6;   12.2;    8.4;eor
       5371;20180621;   10;  16.4;   6.5;    3;   0.4;   6;   10.033;   0;   3.9;  10.9;  911.58;   13.5;   68.38;   18.2;    4.6;    3.7;eor
       5371;20180622;   10;  13.2;   5.9;    3;   4.1;   6;    0.450;   0;   7.3;   8.6;  915.17;    5.5;   94.67;    8.1;    3.2;    3.2;eor
       5371;20180623;   10;  11.7;   5.5;    3;   0.1;   6;    1.683;   0;   7.1;   8.6;  916.80;    7.1;   85.75;   11.1;    4.2;    3.5;eor
       5371;20180624;   10;   9.1;   4.8;    3;   1.1;   6;    2.550;   0;   7.4;   9.4;  914.63;    9.2;   80.83;   12.4;    6.6;    5.7;eor
       5371;20180625;   10;  10.1;   5.4;    3;   0.0;   6;    5.633;   0;   7.1;  10.8;  915.95;   11.0;   83.17;   15.9;    7.8;    8.0;eor
       5371;20180626;   10;   8.1;   3.6;    3;   0.0;   6;    6.050;   0;   5.3;  11.7;  917.45;   12.7;   80.17;   17.5;   10.2;    9.9;eor
       5371;20180627;   10;  10.9;   4.8;    3;   0.0;   0;   13.017;   0;   1.8;  10.5;  917.61;   14.1;   66.08;   17.8;   10.8;    9.5;eor
       5371;20180628;   10;  13.3;   5.8;    3;   0.0;   6;    9.500;   0;   5.6;  11.2;  915.57;   16.0;   62.13;   20.8;   11.9;   10.0;eor
       5371;20180629;   10;   9.9;   5.0;    3;   0.0;   0;   13.567;   0;   3.6;  11.4;  912.55;   18.5;   54.33;   23.7;   14.3;   13.7;eor
       5371;20180630;   10;  12.7;   5.3;    3;   0.0;   0;   15.200;   0;   0.7;   9.1;  911.63;   15.4;   53.46;   19.5;    9.7;    7.3;eor
       5371;20180701;   10;  14.2;   6.7;    3;   0.0;   0;   15.417;   0;   0.4;   7.0;  912.65;   13.2;   47.13;   18.6;    8.7;    6.1;eor
       5371;20180702;   10;  13.8;   5.8;    3;   0.0;   0;   15.350;   0;   0.2;   7.0;  911.85;   14.6;   42.88;   20.4;    8.6;    6.1;eor
       5371;20180703;   10;   9.4;   3.4;    3;   0.0;   0;   15.283;   0;   1.0;   6.4;  912.45;   17.6;   32.67;   24.1;   11.6;    6.5;eor
       5371;20180704;   10;   7.9;   3.2;    3;   0.0;   0;   11.650;   0;   5.7;   9.8;  911.35;   19.7;   43.38;   26.0;   14.4;    9.8;eor
       5371;20180705;   10;  12.3;   3.4;    3;   0.4;   6;   11.100;   0;   5.5;  14.5;  909.62;   18.2;   70.33;   23.6;   14.7;   12.2;eor
       5371;20180706;   10;  12.8;   6.1;    3;   0.0;   0;   10.700;   0;   3.8;  11.7;  913.26;   15.6;   67.21;   20.4;   11.7;   10.7;eor
       5371;20180707;   10;  10.6;   6.2;    3;   0.0;   0;   12.200;   0;   3.2;   8.5;  916.50;   15.4;   49.50;   20.9;   11.2;    9.8;eor
       5371;20180708;   10;   9.4;   5.4;    3;   0.0;   0;   14.367;   0;   1.5;   9.9;  916.57;   15.6;   56.50;   21.2;   11.1;    9.5;eor
       5371;20180709;   10;  11.8;   4.8;    3;   0.8;   6;   12.367;   0;   4.2;  10.3;  915.18;   15.3;   60.04;   20.0;   12.1;   10.5;eor
       5371;20180710;   10;  10.4;   4.2;    3;  18.9;   6;    2.233;   0;   7.2;  10.5;  910.16;   10.6;   82.42;   13.9;    7.7;    7.9;eor
       5371;20180711;   10;   9.3;   4.0;    3;   0.2;   6;    1.383;   0;   7.4;  11.1;  909.48;   10.0;   90.54;   13.6;    7.4;    7.4;eor
       5371;20180712;   10;   9.2;   4.6;    3;   0.1;   6;    4.867;   0;   6.0;  12.6;  912.04;   13.3;   83.17;   19.2;    9.2;    9.4;eor
       5371;20180713;   10;   8.0;   4.1;    3;   0.0;   6;    9.800;   0;   3.0;  12.0;  914.84;   16.9;   64.08;   22.8;   12.6;   11.1;eor
       5371;20180714;   10;   7.4;   3.3;    3;   0.0;   0;   11.300;   0;   3.0;  11.1;  914.50;   17.8;   55.88;   22.6;   13.9;   11.7;eor
       5371;20180715;   10;   8.4;   3.0;    3;   0.0;   0;   13.333;   0;   2.2;  11.6;  912.01;   18.2;   56.58;   22.8;   13.7;   10.0;eor
       5371;20180716;   10;  11.9;   3.3;    3;  30.9;   8;    7.317;   0;   4.8;  12.9;  909.99;   16.5;   69.13;   21.3;   12.8;    9.8;eor
       5371;20180717;   10;  10.1;   3.6;    3;   0.7;   6;   11.400;   0;   4.2;  11.7;  910.82;   18.4;   56.21;   24.0;   14.5;   10.3;eor
       5371;20180718;   10;   9.0;   5.0;    3;   0.0;   0;   13.667;   0;   1.5;  11.4;  913.05;   16.9;   61.00;   21.6;   13.3;   11.4;eor
       5371;20180719;   10;   9.1;   4.2;    3;   0.0;   0;   14.500;   0;   2.0;   9.0;  913.38;   17.0;   47.42;   22.1;   12.8;   10.5;eor
       5371;20180720;   10;   8.7;   3.6;    3;   0.0;   0;   13.417;   0;   4.3;  10.0;  910.33;   19.5;   44.46;   24.8;   14.0;    9.9;eor
       5371;20180721;   10;   6.0;   2.7;    3;   2.2;   6;    1.800;   0;   7.0;  13.2;  908.17;   16.7;   70.08;   19.6;   13.9;   13.2;eor
       5371;20180722;   10;   5.5;   2.7;    3;   0.0;   0;    1.000;   0;   7.3;  14.4;  910.38;   16.0;   79.83;   20.3;   13.5;   12.6;eor
       5371;20180723;   10;   8.0;   3.3;    3;   0.0;   0;   10.400;   0;   2.3;  12.9;  913.12;   19.3;   59.42;   24.1;   14.0;   11.4;eor
       5371;20180724;   10;   7.5;   2.9;    3;   0.0;   0;   13.550;   0;   1.3;  12.3;  912.33;   22.1;   47.04;   27.2;   16.5;   11.7;eor
       5371;20180725;   10;  10.0;   3.7;    3;   0.0;   0;   13.050;   0;   1.9;  13.1;  912.63;   23.2;   46.58;   28.0;   18.6;   13.8;eor
       5371;20180726;   10;   9.7;   4.5;    3;   0.0;   0;   14.333;   0;   1.4;  11.9;  913.17;   22.9;   43.38;   27.1;   18.0;   14.4;eor
       5371;20180727;   10;  12.4;   5.4;    3;   0.0;   0;   11.300;   0;   1.8;  13.0;  910.85;   22.1;   49.79;   28.7;   17.5;   12.3;eor
       5371;20180728;   10;  13.6;   5.1;    3;   5.0;   6;    8.250;   0;   4.5;  14.2;  907.61;   20.3;   61.00;   26.7;   14.7;   13.9;eor
       5371;20180729;   10;   9.8;   3.9;    3;   0.0;   0;    7.700;   0;   5.4;  14.5;  911.85;   19.5;   65.13;   25.5;   15.0;   11.5;eor
       5371;20180730;   10;   7.6;   2.0;    3;   0.0;   0;   11.567;   0;   2.4;  12.3;  913.48;   23.4;   44.17;   30.2;   17.5;   13.8;eor
       5371;20180731;   10;  10.7;   4.0;    3;   0.0;   6;   13.067;   0;   1.9;  12.6;  914.09;   25.4;   39.21;   31.4;   20.3;   15.0;eor
       5371;20180801;   10;  10.2;   4.2;    3;   3.2;   6;    7.067;   0;   5.4;  16.0;  916.35;   21.5;   63.04;   25.3;   17.6;   16.2;eor
       5371;20180802;   10;  12.2;   3.4;    3;   0.0;   0;    5.700;   0;   4.5;  17.3;  918.14;   21.4;   68.38;   26.7;   16.9;   15.4;eor
       5371;20180803;   10;   7.3;   3.7;    3;   0.0;   0;   12.683;   0;   1.3;  16.6;  917.60;   23.4;   58.63;   29.2;   18.6;   14.4;eor
       5371;20180804;   10;  10.1;   3.9;    3;   0.0;   0;    9.450;   0;   3.3;  15.3;  915.15;   23.9;   52.25;   28.7;   19.7;   15.0;eor
       5371;20180805;   10;  10.3;   5.3;    3;   0.0;   0;   12.983;   0;   3.5;  13.5;  916.01;   18.7;   63.63;   23.3;   14.7;   12.2;eor
       5371;20180806;   10;   9.4;   4.3;    3;   0.0;   0;   13.450;   0;   1.1;  10.7;  913.94;   20.8;   46.04;   28.0;   13.3;    9.4;eor
       5371;20180807;   10;  15.6;   6.1;    3;   0.0;   6;    9.500;   0;   4.0;  13.5;  910.13;   23.6;   46.71;   30.8;   19.4;   15.2;eor
       5371;20180808;   10;  14.4;   5.9;    3;   0.0;   6;    7.783;   0;   5.6;  14.0;  910.21;   21.5;   55.13;   27.1;   18.2;   14.4;eor
       5371;20180809;   10;  21.4;   8.0;    3;   0.0;   6;    7.483;   0;   4.3;  14.6;  910.48;   20.4;   62.96;   30.1;   13.3;   12.6;eor
       5371;20180810;   10;  17.2;   6.0;    3;   0.0;   0;    7.667;   0;   4.5;  10.2;  916.41;   13.7;   66.92;   19.6;    9.6;   10.1;eor
       5371;20180811;   10;  13.0;   5.1;    3;   0.2;   6;    7.367;   0;   4.9;   8.5;  916.40;   13.8;   54.25;   19.7;   10.4;    5.9;eor
       5371;20180812;   10;  10.3;   4.2;    3;   0.0;   0;   12.867;   0;   4.9;   8.3;  912.22;   16.6;   44.54;   23.7;    9.5;    5.1;eor
       5371;20180813;   10;  17.2;   6.7;    3;   2.7;   6;    3.017;   0;   5.3;  12.5;  906.12;   14.9;   75.46;   21.1;   11.4;   10.7;eor
       5371;20180814;   10;  10.5;   5.2;    3;   0.3;   6;    0.667;   0;   6.7;  13.8;  909.55;   13.4;   90.29;   16.4;   11.5;   11.6;eor
       5371;20180815;   10;   7.1;   2.5;    3;   0.0;   6;    4.133;   0;   5.9;  12.9;  914.85;   14.4;   79.92;   20.4;   12.1;    8.6;eor
       5371;20180816;   10;  12.7;   4.3;    3;   0.0;   0;   13.133;   0;   1.2;  12.3;  913.04;   18.7;   58.67;   25.8;   11.1;    8.1;eor
       5371;20180817;   10;  12.3;   5.6;    3;   0.0;   0;   10.733;   0;   4.8;  13.2;  912.20;   20.1;   57.38;   27.0;   13.4;   12.4;eor
       5371;20180818;   10;   7.9;   3.4;    3;   0.0;   0;    9.417;   0;   4.6;  12.7;  916.47;   17.2;   66.71;   24.1;   12.6;   11.1;eor
       5371;20180819;   10;  11.1;   4.1;    3;   0.0;   0;   13.017;   0;   2.2;  10.2;  916.32;   19.6;   45.46;   25.8;   14.1;    9.2;eor
       5371;20180820;   10;   7.2;   3.6;    3;   0.0;   0;    1.967;-999;   5.8;  14.5;  915.00;   16.6;   76.46;   22.1;   13.8;   12.4;eor
       5371;20180821;   10;   7.2;   2.9;    3;   0.0;   0;    3.350;-999;   7.6;  14.2;  915.97;   17.4;   72.13;   21.0;   14.3;   11.9;eor
       5371;20180822;   10;  13.7;   3.1;    3;   0.0;   0;   11.233;-999;   4.1;  12.7;  913.96;   21.1;   52.96;   28.0;   14.5;   10.5;eor
       5371;20180823;   10;  11.7;   5.0;    3;   0.0;   6;    9.867;-999;   3.6;  13.7;  909.82;   21.0;   55.79;   26.8;   16.3;   13.5;eor
       5371;20180824;   10;  10.5;   4.7;    3;   2.7;   6;    1.867;-999;   7.7;  12.9;  907.09;   13.2;   84.96;   17.2;    9.4;    8.9;eor
       5371;20180825;   10;  14.8;   5.9;    3;   2.9;   6;    2.900;-999;   6.3;   8.7;  906.45;    8.4;   79.42;   12.3;    5.1;    3.9;eor
       5371;20180826;   10;  13.3;   4.4;    3;   0.0;   0;    9.217;-999;   5.5;   7.7;  910.49;    8.8;   70.79;   15.8;    4.4;    3.1;eor
       5371;20180827;   10;  17.3;   8.7;    3;   1.0;   6;    0.600;   0;   7.5;  11.0;  909.31;   10.9;   82.92;   13.0;    8.8;    6.7;eor
       5371;20180828;   10;  11.6;   3.4;    3;   0.0;   0;   11.200;   0;   2.9;  10.6;  913.94;   13.7;   70.29;   20.5;    8.6;    6.3;eor
       5371;20180829;   10;  12.2;   6.0;    3;   5.8;   6;   10.817;   0;   4.3;  12.6;  910.32;   18.3;   60.92;   25.8;   11.9;    8.0;eor
       5371;20180830;   10;  12.6;   5.3;    3;   5.5;   6;    2.033;   0;   6.2;  12.5;  912.73;   11.6;   91.00;   14.8;    9.0;    7.6;eor
       5371;20180831;   10;   8.4;   3.9;    3;   0.0;   0;    4.317;   0;   6.8;   9.4;  915.22;   10.4;   75.67;   14.5;    7.9;    6.5;eor
       5371;20180901;   10;  10.4;   4.6;    3;   0.0;   0;    9.417;   0;   3.5;   8.4;  917.82;   11.2;   64.08;   15.4;    7.5;    5.0;eor
       5371;20180902;   10;  15.4;   6.4;    3;   2.0;   6;    0.000;   0;   6.8;  11.6;  916.36;   10.3;   92.46;   11.4;    9.3;    8.0;eor
       5371;20180903;   10;   8.7;   3.7;    3;   1.7;   6;    0.000;   0;   7.8;  14.7;  911.82;   12.7;   99.75;   14.0;   11.2;   10.2;eor
       5371;20180904;   10;   7.4;   3.0;    3;   0.0;   6;    6.433;   0;   4.5;  14.3;  911.93;   15.8;   80.54;   20.6;   12.2;    8.6;eor
       5371;20180905;   10;  10.1;   3.1;    3;   0.0;   0;    6.833;   0;   3.2;  11.9;  912.70;   16.9;   62.08;   22.1;   13.7;    8.8;eor
       5371;20180906;   10;  11.7;   4.4;    3;   1.4;   6;    7.383;   0;   5.2;  13.6;  908.27;   16.5;   73.08;   23.2;   12.7;   10.0;eor
       5371;20180907;   10;  11.0;   4.2;    3;   0.7;   6;    2.433;   0;   7.2;  12.8;  909.05;   11.9;   91.29;   16.6;    7.5;    6.6;eor
       5371;20180908;   10;   9.8;   4.0;    3;   0.0;   0;   11.300;   0;   5.1;   8.7;  914.48;   10.8;   68.46;   17.1;    5.4;    3.4;eor
       5371;20180909;   10;   8.4;   3.9;    3;   0.0;   0;    8.550;   0;   6.0;   9.8;  916.40;   13.6;   63.83;   20.4;    8.6;    6.2;eor
       5371;20180910;   10;  12.6;   4.9;    3;   0.0;   0;    5.850;-999;   6.8;  10.3;  917.25;   15.8;   58.04;   22.0;   10.7;    6.1;eor
       5371;20180911;   10;  13.9;   7.1;    3;   0.0;   0;   11.850;-999;   6.2;  11.3;  917.94;   15.7;   65.29;   22.0;   10.3;    9.2;eor
       5371;20180912;   10;  13.6;   6.0;    3;   0.0;   0;   11.683;-999;   1.0;  11.7;  916.01;   18.0;   59.33;   25.3;   11.8;    9.1;eor
       5371;20180913;   10;   7.1;   3.7;    3;   0.3;   6;    0.033;-999;   7.8;  13.4;  913.70;   12.6;   92.08;   14.8;   10.6;   10.3;eor
       5371;20180914;   10;   6.2;   2.6;    3;   0.0;   0;    0.850;-999;   7.7;  11.8;  914.30;   12.0;   84.54;   15.9;   10.1;    7.6;eor
       5371;20180915;   10;   9.1;   3.8;    3;   0.0;   0;    5.767;-999;   6.6;   8.8;  917.36;   10.5;   69.96;   15.1;    7.4;    4.9;eor
       5371;20180916;   10;   7.1;   3.3;    3;   0.0;   0;   11.317;-999;   7.1;   8.8;  917.44;   13.1;   61.00;   20.5;    7.6;    2.5;eor
       5371;20180917;   10;   8.0;   3.1;    3;   0.0;   0;   10.500;   0;   5.3;   9.1;  915.28;   16.3;   50.33;   22.6;   11.3;    6.1;eor
       5371;20180918;   10;  12.9;   6.0;    3;   0.0;   0;   11.383;   0;   2.0;  11.3;  912.66;   19.4;   50.88;   26.3;   13.1;    8.3;eor
       5371;20180919;   10;  12.9;   5.8;    3;   0.0;   0;    9.533;   0;   4.4;  13.2;  915.08;   19.2;   60.17;   25.2;   14.6;   12.4;eor
       5371;20180920;   10;  13.9;   6.8;    3;   0.0;   0;   10.017;   0;   5.6;  12.7;  913.78;   18.2;   62.33;   24.3;   13.8;   10.7;eor
       5371;20180921;   10;  24.2;  10.1;    3;   8.3;   6;    2.367;   0;   5.8;  11.3;  907.20;   13.3;   75.50;   20.4;    4.6;    3.6;eor
       5371;20180922;   10;  12.9;   6.7;    3;   4.0;   6;    2.283;   0;   6.8;   8.4;  913.15;    6.7;   85.67;   12.3;    4.2;    3.4;eor
       5371;20180923;   10;  33.5;  10.0;    3;  37.5;   8;    0.000;   0;   7.9;  10.5;  905.60;    7.3;   99.63;   14.4;    2.6;    2.5;eor
       5371;20180924;   10;  16.4;   7.3;    3;   0.1;   6;    3.433;   0;   6.3;   7.3;  921.13;    4.1;   90.04;    7.6;    2.4;    1.8;eor
       5371;20180925;   10;   9.3;   4.4;    3;   0.0;   0;    5.100;   0;   5.1;   6.5;  928.28;    4.3;   79.04;    9.0;    1.8;   -1.0;eor
       5371;20180926;   10;  11.5;   6.0;    3;   0.0;   0;   10.300;   0;   5.3;   4.9;  925.88;    7.9;   47.58;   14.0;    2.3;   -0.4;eor
       5371;20180927;   10;   9.6;   4.3;    3;   0.0;   0;   10.983;   0;   0.3;   5.1;  921.27;   13.7;   33.29;   20.9;    8.1;    3.9;eor
       5371;20180928;   10;  15.0;   7.0;    3;   0.0;   0;    4.333;   0;   3.6;   8.1;  916.46;    8.1;   74.21;   11.9;    2.8;    0.9;eor
       5371;20180929;   10;  11.2;   4.7;    3;   0.0;   0;   10.750;   0;   3.0;   6.1;  918.83;    5.6;   68.79;   11.4;    1.6;   -0.8;eor
       5371;20180930;   10;  12.2;   5.1;    3;   0.0;   0;   10.383;   0;   1.0;   5.8;  910.62;    8.8;   53.88;   16.4;    3.8;    0.0;eor
       5371;20181001;   10;  15.1;   6.6;    3;   3.0;   8;    1.367;   0;   6.8;   7.0;  908.51;    4.2;   86.08;    8.7;    1.1;    1.1;eor
       5371;20181002;   10;  19.7;   8.5;    3;   5.7;   8;    0.000;   0;   8.0;   7.2;  911.25;    2.3;   99.38;    5.7;    0.1;    0.2;eor
       5371;20181003;   10;  14.0;   6.1;    3;   0.0;   0;    2.317;   0;   6.8;   8.3;  915.65;    6.2;   88.46;    9.1;    4.3;    2.8;eor
       5371;20181004;   10;   7.0;   3.2;    3;   0.0;   0;    2.783;   0;   4.6;   8.6;  919.35;    7.1;   85.29;   11.9;    3.0;    1.4;eor
       5371;20181005;   10;  15.1;   6.3;    3;   0.0;   0;   10.517;   0;   1.1;   8.5;  914.45;   11.8;   63.58;   18.2;    5.8;    2.0;eor
       5371;20181006;   10;  13.1;   6.9;    3;   0.0;   0;    8.033;   0;   5.3;  11.2;  907.45;   14.1;   69.54;   19.6;   10.6;    7.8;eor
       5371;20181007;   10;  10.2;   4.8;    3;   0.0;   0;    1.883;   0;   5.8;  11.0;  910.19;    9.2;   94.21;   12.1;    5.8;    4.0;eor
       5371;20181008;   10;   5.3;   2.4;    3;   0.0;   0;    9.133;   0;   3.9;  11.6;  915.11;   11.1;   88.42;   17.0;    6.9;    3.1;eor
       5371;20181009;   10;   7.9;   3.6;    3;   0.0;   0;    8.633;   0;   5.3;  11.4;  916.70;   12.7;   78.96;   19.5;    9.0;    5.5;eor
       5371;20181010;   10;  18.7;   8.6;    3;   0.0;   0;   10.117;   0;   0.9;  11.3;  913.74;   13.5;   73.58;   19.8;   10.1;    5.6;eor
       5371;20181011;   10;  16.6;   7.0;    3;   0.0;   0;    9.600;   0;   2.1;   9.3;  910.92;   14.4;   57.88;   20.6;    9.6;    6.3;eor
       5371;20181012;   10;   9.9;   5.8;    3;   0.0;   0;    9.667;   0;   2.7;  12.0;  917.25;   16.1;   65.46;   21.3;   11.8;    9.1;eor
       5371;20181013;   10;  12.4;   6.5;    3;   0.0;   0;    9.933;   0;   0.5;  10.7;  916.78;   16.1;   59.17;   22.1;   11.3;    7.3;eor
       5371;20181014;   10;  11.5;   5.4;    3;   0.0;   0;    9.800;   0;   0.0;  10.0;  909.75;   14.5;   61.21;   21.0;    9.0;    4.9;eor
       5371;20181015;   10;   5.2;   2.0;    3;   0.0;   0;    9.667;-999;   0.1;   9.1;  910.16;   15.3;   52.58;   20.2;   12.0;    4.4;eor
       5371;20181016;   10;   8.1;   4.6;    3;   0.0;   0;    4.733;-999;   4.3;  10.2;  913.64;   14.2;   62.96;   17.3;   11.7;    5.5;eor
       5371;20181017;   10;   5.3;   2.6;    3;   0.0;   0;    8.800;-999;   2.7;  11.4;  914.00;   13.6;   73.00;   17.7;   10.8;    4.8;eor
       5371;20181018;   10;   8.5;   4.6;    3;   0.0;   0;    4.500;-999;   6.2;  11.6;  915.13;   10.6;   90.25;   14.5;    7.2;    5.9;eor
       5371;20181019;   10;   7.7;   3.2;    3;   0.0;   0;    0.783;-999;   7.8;  10.3;  916.79;    8.9;   90.33;   11.6;    7.0;    4.9;eor
       5371;20181020;   10;   9.1;   4.7;    3;   0.0;   0;    8.650;-999;   4.8;   8.1;  920.35;    6.9;   81.08;   11.0;    4.1;    0.9;eor
       5371;20181021;   10;   5.8;   2.4;    3;   0.0;   0;    5.133;-999;   4.5;   7.6;  920.41;    6.3;   80.13;   11.1;    4.1;    0.0;eor
       5371;20181022;   10;  11.0;   4.6;    3;   0.3;   6;    2.000;   0;   5.6;   7.6;  920.61;    4.8;   87.71;    8.7;    2.2;   -0.1;eor
       5371;20181023;   10;  17.0;   8.2;    3;  14.2;   6;    0.000;   0;   7.5;   7.6;  914.98;    3.1;   99.17;    6.3;    1.6;    0.4;eor
       5371;20181024;   10;  24.7;   9.3;    3;  14.0;   6;    0.000;   0;   8.0;  10.1;  912.32;    7.2;  100.00;    8.0;    6.2;    6.2;eor
       5371;20181025;   10;  14.6;   5.5;    3;   0.6;   6;    0.000;   0;   8.0;   9.4;  910.61;    6.1;  100.00;    7.5;    4.5;    4.5;eor
       5371;20181026;   10;  14.1;   7.4;    3;   3.5;   8;    0.000;   0;   7.8;   8.0;  902.08;    3.9;   98.63;    4.8;    3.0;    3.0;eor
       5371;20181027;   10;  12.5;   4.1;    3;   0.0;   6;    0.000;   0;   8.0;   6.4;  900.38;    0.9;   98.25;    3.2;    0.2;   -0.4;eor
       5371;20181028;   10;-999;   7.4;    3;   1.0;   8;    0.000;   0;   8.0;   5.7;  901.54;   -0.8;   99.29;    0.4;   -1.9;   -1.6;eor
       5371;20181029;   10;  20.4;   8.6;    3;   0.6;   6;    0.000;   1;   7.7;   6.7;  893.08;    1.2;   99.42;    6.6;   -0.9;   -0.9;eor
       5371;20181030;   10;  28.7;  14.8;    3;   6.8;   8;    0.000;   0;   7.8;   7.5;  889.02;    2.8;   98.29;    8.0;   -0.7;   -0.7;eor
       5371;20181031;   10;  15.9;-999;    3;   0.0;   0;    3.750;   1;   5.4;   6.4;  907.89;    3.6;   82.46;    7.9;   -0.5;   -2.2;eor
       5371;20181101;   10;  18.3;   8.3;    3;   0.4;   6;    0.750;   0;   4.8;   7.2;  906.04;    6.4;   75.54;   11.0;    2.9;    1.2;eor
       5371;20181102;   10;  16.3;   5.4;    3;   0.0;   0;    2.100;   0;   6.9;   8.1;  914.20;    4.8;   94.33;    8.8;    3.2;   -0.5;eor
       5371;20181103;   10;  13.1;   4.8;    3;   0.0;   6;    5.667;   0;   6.1;   7.4;  918.28;    4.1;   90.96;    8.0;    1.6;    0.0;eor
       5371;20181104;   10;  10.4;   5.7;    3;   0.0;   6;    0.083;   0;   7.4;   9.0;  910.26;    5.7;   98.29;    9.1;    4.8;    3.6;eor
       5371;20181105;   10;  15.6;   7.6;    3;   0.0;   0;    5.767;   0;   4.2;   9.0;  904.25;    9.6;   75.54;   12.3;    5.8;    4.5;eor
       5371;20181106;   10;  13.1;   6.3;    3;   0.0;   0;    5.433;   0;   5.1;   8.8;  904.01;   10.8;   69.50;   17.3;    6.2;    3.9;eor
       5371;20181107;   10;  12.2;   4.5;    3;   0.4;   6;    8.000;   0;   3.9;   8.2;  906.28;    8.3;   76.00;   14.2;    5.4;    1.7;eor
       5371;20181108;   10;  11.8;   5.3;    3;   0.4;   6;    0.350;   0;   7.7;   9.5;  913.00;    6.7;   96.67;    7.7;    5.9;    5.3;eor
       5371;20181109;   10;  14.4;   5.6;    3;   0.0;   0;    5.350;   0;   7.3;   9.2;  909.05;    6.6;   94.00;    9.2;    5.0;    3.6;eor
       5371;20181110;   10;  16.6;   9.0;    3;   2.9;   6;    0.950;   0;   6.8;   8.7;  903.57;    6.2;   91.96;    9.2;    3.0;    1.7;eor
       5371;20181111;   10;  19.5;  11.0;    3;   2.3;   6;    1.333;   0;   6.6;   9.6;  905.55;    6.8;   96.71;   10.0;    4.4;    4.5;eor
       5371;20181112;   10;  18.9;  10.4;    3;   6.2;   6;    0.517;   0;   7.0;   9.9;  910.91;   10.0;   81.08;   12.8;    7.9;    6.8;eor
       5371;20181113;   10;  16.9;   8.0;    3;   4.0;   6;    0.000;-999;   7.8;   9.6;  916.97;    6.3;   99.63;    9.5;    4.2;    4.2;eor
       5371;20181114;   10;   9.1;   3.6;    3;   0.0;   0;    7.583;-999;   6.0;   7.1;  920.82;    3.5;   89.88;    7.3;    0.2;   -2.7;eor
       5371;20181115;   10;  15.2;   6.0;    3;   0.0;   0;    8.717;-999;   4.2;   5.5;  918.56;    4.3;   66.13;   10.7;    1.1;   -1.7;eor
       5371;20181116;   10;  20.9;   9.8;    3;   0.0;   0;    8.633;-999;   1.1;   5.6;  920.12;    2.4;   78.29;    7.4;    0.0;   -1.1;eor
       5371;20181117;   10;  20.4;   9.3;    3;   0.0;   0;    8.600;-999;   0.9;   4.4;  920.66;    1.0;   68.71;    5.4;   -1.2;   -3.2;eor
       5371;20181118;   10;  16.6;   7.8;    3;   0.1;   8;    7.483;-999;   2.3;   2.9;  916.16;   -0.3;   50.29;    3.9;   -4.1;   -5.2;eor
       5371;20181119;   10;  18.0;   7.2;    3;   0.1;   7;    0.000;   0;   8.0;   4.9;  906.35;   -2.6;   97.54;   -1.8;   -4.5;   -4.5;eor
       5371;20181120;   10;  19.6;  10.2;    3;   0.9;   7;    0.000;   0;   8.0;   4.6;  900.72;   -3.4;   96.96;   -2.4;   -4.6;   -4.5;eor
       5371;20181121;   10;  13.2;   6.5;    3;   0.0;   8;    0.000;   2;   7.9;   5.0;  906.45;   -2.3;   98.00;   -1.5;   -3.9;   -5.4;eor
       5371;20181122;   10;  13.6;   6.0;    3;   0.0;   6;    0.000;   2;   7.9;   5.3;  910.24;   -1.8;   98.88;   -1.0;   -2.4;   -4.7;eor
       5371;20181123;   10;  12.5;   4.9;    3;   0.0;   8;    8.217;   2;   3.3;   6.0;  909.91;    1.6;   87.50;    5.3;   -1.6;   -4.6;eor
       5371;20181124;   10;  13.4;   7.6;    3;   4.3;   8;    0.000;   1;   7.8;   6.3;  904.19;    1.2;   93.92;    2.2;   -0.8;   -1.0;eor
       5371;20181125;   10;  11.7;   4.4;    3;   0.0;   6;    0.283;   0;   7.9;   7.1;  902.17;    2.0;   99.42;    5.4;    0.9;    0.3;eor
       5371;20181126;   10;  13.6;   5.7;    3;   0.0;   8;    0.000;   0;   8.0;   5.8;  901.50;   -0.6;   99.21;    0.9;   -2.4;   -2.2;eor
       5371;20181127;   10;   8.7;   3.2;    3;   0.0;   8;    0.000;   0;   7.9;   4.6;  909.03;   -3.5;   97.17;   -2.3;   -4.3;   -4.2;eor
       5371;20181128;   10;  16.4;   9.0;    3;   0.3;   8;    0.117;   0;   7.8;   4.8;  913.53;   -3.0;   97.21;   -2.2;   -4.1;   -5.1;eor
       5371;20181129;   10;  19.9;   8.4;    3;   0.0;   8;    1.433;   0;   7.5;   5.2;  910.42;    0.4;   82.54;    3.6;   -3.2;   -2.8;eor
       5371;20181130;   10;  10.5;   4.9;    3;   2.8;   8;    0.000;   0;   7.9;   6.7;  906.54;    2.3;   92.25;    3.9;   -0.5;   -1.3;eor
       5371;20181201;   10;  19.2;   8.3;    3;   0.8;   6;    0.000;   0;   8.0;   7.1;  906.75;    2.1;   99.79;    2.6;    1.6;    1.5;eor
       5371;20181202;   10;  19.5;  11.2;    3;  27.9;   6;    0.000;   0;   8.0;   8.8;  898.17;    5.0;   99.88;    8.0;    1.8;    1.7;eor
       5371;20181203;   10;  19.5;   9.4;    3;  11.6;   6;    0.000;   0;   8.0;   9.9;  897.30;    6.8;  100.00;    7.9;    5.6;    5.6;eor
       5371;20181204;   10;  16.9;   6.3;    3;   0.0;   8;    0.233;   0;   6.8;   6.7;  909.16;    1.4;   98.17;    5.6;   -2.3;   -4.0;eor
       5371;20181205;   10;  15.1;   7.4;    3;   0.6;   6;    0.467;   0;   6.0;   5.6;  914.99;   -0.8;   96.00;    1.1;   -2.3;   -4.4;eor
       5371;20181206;   10;  16.8;   7.9;    3;   2.9;   6;    0.000;   0;   8.0;   8.0;  909.94;    3.6;  100.00;    6.8;    0.0;   -0.1;eor
       5371;20181207;   10;  25.8;  12.6;    3;   7.6;   8;    0.000;   0;   8.0;   9.0;  902.30;    5.3;  100.00;    6.8;    0.4;    0.4;eor
       5371;20181208;   10;  26.0;  13.7;    3;   8.8;   8;    0.000;   0;   8.0;   6.7;  897.67;    1.2;  100.00;    3.8;    0.1;    0.0;eor
       5371;20181209;   10;  24.8;  10.2;    3;  12.5;   8;    0.000;   0;   8.0;   6.8;  893.62;    1.5;  100.00;    3.7;   -0.5;   -0.6;eor
       5371;20181210;   10;  16.2;   7.8;    3;   5.7;   7;    0.000;   1;   8.0;   5.4;  907.55;   -1.6;   99.50;   -0.5;   -2.4;   -2.4;eor
       5371;20181211;   10;  13.9;   6.8;    3;   3.1;   8;    0.000;   4;   8.0;   5.3;  910.45;   -1.8;   99.33;   -1.2;   -2.3;   -2.3;eor
       5371;20181212;   10;  11.0;   5.6;    3;   0.9;   7;    0.033;   6;   7.8;   4.9;  912.61;   -2.6;   98.17;   -1.8;   -4.0;   -4.8;eor
       5371;20181213;   10;  15.7;   7.5;    3;   0.0;   7;    4.067;   7;   5.8;   3.7;  909.16;   -5.8;   92.33;   -3.7;   -6.9;   -7.3;eor
       5371;20181214;   10;  13.9;   6.2;    3;   0.0;   7;    0.000;   7;   7.7;   3.3;  910.41;   -6.6;   89.79;   -6.2;   -6.9;   -7.1;eor
       5371;20181215;   10;  16.7;   7.5;    3;   0.0;   7;    0.000;   7;   7.9;   3.3;  912.55;   -7.2;   90.88;   -6.6;   -8.4;   -9.0;eor
       5371;20181216;   10;  18.5;   7.8;    3;   2.0;   7;    0.000;   6;   7.9;   3.8;  903.68;   -5.7;   94.92;   -1.6;   -8.1;   -8.4;eor
       5371;20181217;   10;  12.3;   6.9;    3;   2.5;   8;    0.000;   7;   8.0;   5.8;  910.97;   -0.6;   99.79;    0.0;   -2.0;   -2.0;eor
       5371;20181218;   10;  25.1;   9.2;    3;   0.2;   8;    0.000;   8;   7.8;   5.8;  914.05;   -0.7;   99.42;    0.0;   -2.8;   -4.2;eor
       5371;20181219;   10;  19.2;   7.2;    3;   2.2;   8;    0.000;   8;   7.8;   5.8;  907.10;   -0.3;   96.42;    1.4;   -2.9;   -4.9;eor
       5371;20181220;   10;  16.6;   9.0;    3;   3.6;   8;    0.000;   5;   8.0;   6.5;  906.36;    0.9;  100.00;    1.3;    0.4;    0.1;eor
       5371;20181221;   10;  26.2;  14.3;    3;  11.0;   6;    0.000;   4;   7.9;   7.8;  901.03;    3.4;  100.00;    5.9;    1.2;    1.0;eor
       5371;20181222;   10;  18.8;   8.7;    3;   8.8;   6;    0.000;   0;   7.8;   7.9;  905.31;    3.6;   99.83;    5.2;    2.0;    1.2;eor
       5371;20181223;   10;  14.2;   7.2;    3;  18.2;   8;    0.000;   0;   8.0;   7.3;  909.38;    2.5;  100.00;    3.9;    1.0;    0.5;eor
       5371;20181224;   10;  18.6;   7.9;    3;   2.0;   8;    0.000;   2;   7.5;   5.4;  915.10;   -1.6;   99.00;    1.0;   -4.8;   -5.6;eor
       5371;20181225;   10;  10.4;   5.3;    3;   0.0;   8;    0.000;-999;   7.9;   4.8;  922.48;   -2.8;   97.08;   -1.9;   -3.5;   -3.5;eor
       5371;20181226;   10;   9.0;   4.4;    3;   0.5;   6;    0.083;-999;   7.2;   5.9;  920.72;   -0.5;   98.42;    4.1;   -4.3;   -5.4;eor
       5371;20181227;   10;   7.8;   4.2;    3;   0.0;   0;    4.000;-999;   8.0;   7.5;  917.62;    3.1;   98.13;    5.4;    1.3;    0.4;eor
       5371;20181228;   10;  11.2;   4.9;    3;   0.1;   6;    7.950;-999;   3.6;   4.7;  917.69;    0.4;   75.21;    3.9;   -3.0;   -4.0;eor
       5371;20181229;   10;  17.0;   7.0;    3;  10.2;   8;    0.000;-999;   8.0;   5.6;  918.88;   -1.1;  100.00;    0.1;   -2.1;   -2.0;eor
       5371;20181230;   10;  22.0;   7.7;    3;   1.1;   8;    0.000;-999;   7.9;   6.4;  919.18;    0.6;  100.00;    1.1;   -0.5;   -0.5;eor
       5371;20181231;   10;  10.9;   4.8;    3;   1.6;   6;    0.000;-999;   8.0;   7.3;  921.92;    2.4;  100.00;    3.2;    0.7;    0.7;eor
       5371;20190101;   10;  25.7;   8.7;    3;   9.3;   8;    0.000;   0;   8.0;   6.6;  915.81;    1.0;   99.88;    2.7;   -3.6;   -3.6;eor
       5371;20190102;   10;  20.6;  11.5;    3;   1.0;   7;    2.767;   6;   5.9;   4.0;  917.98;   -3.9;   86.96;   -2.5;   -6.5;   -7.6;eor
       5371;20190103;   10;  12.8;   6.2;    3;   0.4;   7;    0.600;   5;   6.2;   3.9;  923.17;   -5.1;   92.71;   -3.7;   -7.9;   -9.4;eor
       5371;20190104;   10;  16.9;   5.9;    3;   9.2;   8;    0.000;   5;   7.8;   4.6;  921.39;   -3.6;   96.92;   -1.3;   -5.1;   -5.3;eor
       5371;20190105;   10;  16.3;   8.2;    3;  28.4;   8;    0.000;   7;   8.0;   6.2;  915.42;    0.2;   99.92;    1.7;   -2.1;   -2.0;eor
       5371;20190106;   10;  13.4;   7.5;    3;  12.5;   8;    0.000;   5;   8.0;   6.6;  918.36;    1.2;  100.00;    1.8;    0.1;    0.1;eor
       5371;20190107;   10;  17.2;   7.0;    3;  10.8;   8;    0.000;   4;   8.0;   5.9;  918.62;   -0.6;  100.00;    0.1;   -1.3;   -1.3;eor
       5371;20190108;   10;  21.4;   9.8;    3;  18.5;   8;    0.000;   8;   8.0;   5.8;  902.56;   -0.7;  100.00;    0.1;   -2.2;   -2.2;eor
       5371;20190109;   10;  21.9;  12.1;    3;   5.6;   7;    0.000;  19;   8.0;   4.5;  902.18;   -3.9;   96.88;   -2.2;   -4.5;   -4.5;eor
       5371;20190110;   10;  15.4;   7.2;    3;   0.9;   8;    0.000;  24;   7.8;   3.9;  911.53;   -5.4;   95.25;   -4.1;   -7.0;   -7.6;eor
       5371;20190111;   10;  17.1;   5.4;    3;   8.0;   8;    0.000;  24;   8.0;   4.4;  911.43;   -4.1;   96.75;   -0.5;   -6.7;   -6.7;eor
       5371;20190112;   10;  17.3;   8.2;    3;  10.0;   8;    0.000;  25;   8.0;   5.8;  907.26;   -0.6;  100.00;    0.0;   -1.1;   -1.1;eor
       5371;20190113;   10;  20.9;   8.5;    3;  17.3;   8;    0.000;  30;   8.0;   6.6;  896.60;    1.0;  100.00;    3.1;    0.0;    0.0;eor
       5371;20190114;   10;  21.4;   9.6;    3;   1.2;   7;    0.017;  26;   7.6;   5.0;  900.11;   -2.3;   96.50;    0.2;   -4.1;   -4.2;eor
       5371;20190115;   10;  15.0;   7.8;    3;   1.7;   8;    0.000;  25;   8.0;   5.2;  907.87;   -2.2;   98.75;   -0.3;   -3.9;   -4.0;eor
       5371;20190116;   10;  28.7;  10.4;    3;   1.8;   8;    0.000;  24;   7.8;   5.5;  902.19;   -1.4;   99.04;   -0.4;   -2.5;   -3.6;eor
       5371;20190117;   10;  25.6;  10.7;    3;  11.6;   8;    0.000;  25;   8.0;   5.6;  896.00;   -1.2;   99.54;    0.0;   -3.9;   -3.9;eor
       5371;20190118;   10;  13.8;   4.1;    3;   0.0;   7;    7.950;  35;   5.2;   3.7;  907.23;   -5.9;   91.08;   -1.2;  -10.0;  -13.1;eor
       5371;20190119;   10;  16.7;   7.4;    3;   0.0;   0;    7.150;  34;   4.9;   2.2;  906.62;   -6.9;   60.75;   -2.4;   -9.4;  -13.0;eor
       5371;20190120;   10;  10.7;   6.0;    3;   0.0;   7;    8.233;  33;   2.0;   2.8;  905.59;   -8.0;   82.79;   -4.9;  -10.0;  -13.9;eor
       5371;20190121;   10;   9.6;   3.7;    3;   0.0;   0;    5.133;  32;   4.0;   2.9;  909.20;   -8.0;   87.08;   -3.0;   -9.3;  -12.9;eor
       5371;20190122;   10;   8.9;   3.9;    3;   0.0;   7;    7.150;  31;   2.6;   2.5;  899.64;   -9.6;   85.00;   -6.6;  -11.9;  -16.9;eor
       5371;20190123;   10;  12.6;   5.5;    3;   0.0;   7;    0.000;  31;   7.7;   2.9;  890.39;   -9.0;   91.83;   -7.2;  -10.9;  -12.8;eor
       5371;20190124;   10;   7.4;   2.6;    3;   0.7;   7;    0.000;  31;   7.8;   2.9;  898.00;   -8.8;   91.88;   -6.3;  -10.3;  -12.4;eor
       5371;20190125;   10;  17.5;   6.5;    3;  15.8;   8;    0.033;  34;   8.0;   3.1;  902.93;   -8.1;   92.63;   -5.0;  -10.2;  -10.5;eor
       5371;20190126;   10;  17.2;  10.2;    3;   4.9;   8;    0.000;  42;   8.0;   5.3;  898.04;   -1.9;   98.92;   -0.2;   -5.0;   -5.0;eor
       5371;20190127;   10;  21.8;  11.9;    3;  10.5;   8;    0.000;  43;   8.0;   6.0;  884.15;   -0.2;  100.00;    0.1;   -2.3;   -2.4;eor
       5371;20190128;   10;  19.4;  10.4;    3;  18.8;   7;    0.000;  49;   8.0;   4.9;  886.18;   -2.9;   98.63;   -2.3;   -4.5;   -4.5;eor
       5371;20190129;   10;  17.8;   6.2;    3;   0.7;   7;    0.000;  63;   7.8;   4.3;  895.41;   -4.2;   96.58;   -3.0;   -5.8;   -7.1;eor
       5371;20190130;   10;  22.5;  11.7;    3;   0.9;   7;    0.000;  63;   7.5;   3.9;  886.93;   -5.4;   95.04;   -4.0;   -7.1;   -7.7;eor
       5371;20190131;   10;  17.1;   8.1;    3;   0.5;   7;    4.733;  62;   5.4;   3.8;  888.99;   -5.6;   94.25;   -3.5;   -7.7;   -9.6;eor
       5371;20190201;   10;  20.3;   8.3;    3;   0.9;   7;    0.000;  60;   7.9;   5.3;  884.80;   -1.9;   98.08;    0.1;   -5.4;   -5.6;eor
       5371;20190202;   10;   8.7;   3.7;    3;   1.1;   8;    0.000;  59;   8.0;   5.9;  889.31;   -0.5;   99.29;    0.1;   -2.1;   -2.2;eor
       5371;20190203;   10;  18.5;  10.9;    3;   0.0;   7;    0.000;  58;   7.9;   4.4;  905.07;   -4.0;   96.92;   -2.1;   -4.8;   -4.8;eor
       5371;20190204;   10;  13.6;   7.0;    3;   0.0;   0;    7.050;  57;   6.8;   4.3;  916.72;   -3.8;   92.92;    0.0;   -5.5;   -5.9;eor
       5371;20190205;   10;  10.8;   5.0;    3;   0.9;   7;    0.000;  56;   7.8;   4.7;  916.94;   -2.9;   94.58;   -0.7;   -6.5;   -7.7;eor
       5371;20190206;   10;   9.6;   6.1;    3;   0.0;   0;    7.317;  57;   6.4;   4.5;  915.22;   -1.4;   82.83;    2.0;   -3.9;   -6.6;eor
       5371;20190207;   10;  18.7;   8.9;    3;   0.5;   8;    0.000;  56;   7.6;   5.0;  905.85;   -0.6;   84.58;    0.2;   -2.3;   -5.0;eor
       5371;20190208;   10;  21.9;  12.1;    3;   1.4;   8;    0.000;  55;   7.8;   6.1;  905.99;    0.2;   98.63;    1.0;   -0.5;   -1.0;eor
       5371;20190209;   10;  24.3;  14.1;    3;   0.9;   8;    0.733;  53;   7.5;   6.3;  900.87;    1.0;   96.25;    2.0;   -0.1;   -0.4;eor
       5371;20190210;   10;  31.3;  14.8;    3;  25.9;   8;    0.000;  48;   7.9;   6.7;  892.75;    1.3;   99.63;    3.0;   -0.9;   -1.0;eor
       5371;20190211;   10;  18.8;   8.3;    3;   0.3;   7;    0.000;  57;   7.9;   5.3;  905.30;   -2.0;   99.38;   -0.9;   -3.6;   -3.8;eor
       5371;20190212;   10;  16.0;   6.5;    3;   0.0;   8;    0.000;  55;   8.0;   4.9;  920.76;   -2.7;   97.96;   -1.5;   -4.0;   -4.1;eor
       5371;20190213;   10;  10.2;   5.1;    3;   0.0;   0;    4.133;  52;   7.0;   5.2;  925.26;   -1.0;   91.33;    2.6;   -3.0;   -3.1;eor
       5371;20190214;   10;   6.3;   2.9;    3;   0.0;   0;    5.550;  48;   3.8;   4.9;  926.48;    3.7;   61.25;    8.3;   -0.4;   -2.1;eor
       5371;20190215;   10;  12.6;   5.0;    3;   0.0;   0;    9.200;  45;   0.3;   4.2;  924.62;    5.8;   45.79;    9.3;    3.4;   -1.8;eor
       5371;20190216;   10;  12.7;   6.3;    3;   0.0;   0;    9.300;  43;   0.3;   4.1;  919.90;    6.5;   42.54;   10.6;    3.2;   -0.4;eor
       5371;20190217;   10;  10.4;   5.8;    3;   0.0;   0;    9.400;  41;   5.0;   4.8;  916.73;    5.5;   53.13;    8.7;    3.7;    0.0;eor
       5371;20190218;   10;  14.1;   6.2;    3;   0.0;   0;    9.100;  40;   1.0;   4.9;  912.56;    5.4;   55.08;    8.8;    2.5;   -2.1;eor
       5371;20190219;   10;  12.2;   6.4;    3;   1.8;   8;    0.050;  39;   6.6;   6.0;  910.75;    1.4;   89.67;    3.2;    0.4;   -0.3;eor
       5371;20190220;   10;   8.6;   5.0;    3;   0.0;   0;    1.850;  39;   6.8;   6.0;  914.62;    1.1;   90.33;    3.3;   -0.5;   -0.9;eor
       5371;20190221;   10;  10.5;   5.3;    3;   1.5;   6;    0.067;  38;   7.0;   7.0;  918.06;    2.3;   96.54;    3.6;    0.8;   -0.3;eor
       5371;20190222;   10;  15.8;   6.2;    3;   0.0;   6;    0.100;  34;   7.7;   7.2;  924.50;    2.4;   98.96;    4.0;   -2.5;   -3.1;eor
       5371;20190223;   10;  14.4;   6.6;    3;   0.0;   0;    9.050;  31;   5.7;   3.3;  928.36;   -1.0;   60.50;    4.3;   -4.8;   -7.2;eor
       5371;20190224;   10;   7.9;   3.3;    3;   0.0;   0;    9.700;  29;   2.4;   2.8;  928.38;    5.3;   30.21;   10.9;   -0.3;   -4.1;eor
       5371;20190225;   10;   7.5;   2.9;    3;   0.0;   0;    9.417;  27;   3.4;   5.0;  928.79;    8.5;   45.58;   15.3;    4.2;   -1.1;eor
       5371;20190226;   10;   7.2;   4.3;    3;   0.0;   0;    9.233;-999;   4.4;   3.8;  925.76;    9.5;   32.58;   13.7;    6.9;    4.7;eor
       5371;20190227;   10;  10.9;   3.3;    3;   0.0;   0;    9.633;-999;   0.2;   3.7;  919.28;    9.1;   32.42;   16.6;    5.2;   -0.4;eor
       5371;20190228;   10;  15.8;   7.1;    3;   4.0;   6;    8.967;-999;   3.8;   6.4;  908.88;    5.6;   71.33;    8.4;    3.0;    2.3;eor
       5371;20190301;   10;  15.0;   6.1;    3;   7.0;   8;    0.000;  18;   8.0;   7.4;  905.76;    2.8;   99.67;    3.9;    0.0;    0.0;eor
       5371;20190302;   10;  17.1;   6.8;    3;   1.4;   8;    0.000;  15;   8.0;   6.5;  907.31;    0.8;  100.00;    3.4;   -1.2;   -1.1;eor
       5371;20190303;   10;  19.4;  11.8;    3;   0.3;   6;    0.000;  13;   7.9;   7.7;  902.95;    3.4;   99.25;    4.5;    2.5;    2.1;eor
       5371;20190304;   10;  33.2;  14.2;    3;   5.4;   8;    0.833;  10;   7.5;   6.8;  892.10;    3.0;   89.79;    6.3;   -0.6;   -0.6;eor
       5371;20190305;   10;  23.4;  10.7;    3;   8.3;   8;    0.000;   2;   8.0;   6.0;  899.19;   -0.3;   99.58;    0.3;   -0.9;   -0.9;eor
       5371;20190306;   10;  21.2;  10.7;    3;   0.1;   6;    2.767;   7;   7.8;   6.6;  899.51;    3.2;   86.88;    7.7;   -0.8;   -1.5;eor
       5371;20190307;   10;  25.7;  13.6;    3;   0.3;   8;    0.933;   0;   6.6;   6.7;  893.36;    4.7;   78.71;    7.5;    1.2;    0.9;eor
       5371;20190308;   10;  23.7;  11.0;    3;   5.0;   8;    0.917;   0;   7.0;   6.1;  903.18;    1.1;   92.88;    2.7;   -0.4;   -0.1;eor
       5371;20190309;   10;  28.7;  12.2;    3;   7.7;   8;    0.000;   0;   7.9;   7.0;  903.92;    2.1;   97.96;    3.9;    0.4;    0.1;eor
       5371;20190310;   10;  26.9;  10.3;    3;  11.7;   8;    0.300;   0;   7.6;   6.8;  899.91;    2.4;   92.75;    6.4;   -2.7;   -2.7;eor
       5371;20190311;   10;  20.1;   8.8;    3;   4.5;   7;    0.000;   7;   8.0;   5.0;  906.52;   -2.5;   97.96;   -1.7;   -3.6;   -3.6;eor
       5371;20190312;   10;  23.0;  11.1;    3;   0.8;   8;    3.600;   9;   7.3;   4.8;  907.61;   -0.5;   82.13;    2.5;   -2.9;   -3.2;eor
       5371;20190313;   10;  24.8;  12.5;    3;   4.4;   8;    0.267;   6;   7.7;   5.6;  898.47;   -0.5;   93.96;    1.8;   -1.6;   -1.8;eor
       5371;20190314;   10;  25.1;  11.3;    3;   8.0;   8;    0.000;   8;   8.0;   6.1;  895.98;   -0.1;   99.96;    1.3;   -0.7;   -0.8;eor
       5371;20190315;   10;  21.3;  10.1;    3;  26.8;   8;    0.000;  12;   8.0;   7.5;  898.00;    2.6;  100.00;    5.7;    0.1;    0.1;eor
       5371;20190316;   10;  22.6;  10.6;    3;   6.8;   8;    0.000;   0;   8.0;   7.5;  901.48;    2.9;   99.25;    5.0;    1.3;    0.9;eor
       5371;20190317;   10;  23.0;  10.8;    3;   6.6;   8;    0.017;   0;   7.3;   6.6;  897.50;    1.5;   95.54;    4.1;   -2.2;   -2.2;eor
       5371;20190318;   10;  15.6;   6.8;    3;   2.3;   7;    0.900;   4;   6.7;   5.3;  907.49;   -1.5;   96.21;    0.2;   -2.4;   -3.8;eor
       5371;20190319;   10;   7.6;   3.5;    3;   0.0;   0;    7.967;   5;   3.7;   4.4;  917.39;   -1.1;   78.92;    3.1;   -3.8;   -5.4;eor
       5371;20190320;   10;   5.6;   2.2;    3;   0.0;   0;   11.217;   2;   2.3;   4.7;  923.82;    2.2;   66.54;    7.4;   -2.8;   -4.7;eor
       5371;20190321;   10;   8.3;   2.4;    3;   0.0;   0;   11.417;   0;   3.5;   5.9;  924.92;    6.7;   60.13;   12.0;    1.6;   -2.1;eor
       5371;20190322;   10;  12.2;   6.3;    3;   0.0;   0;   10.100;   0;   3.1;   7.3;  922.39;    9.4;   62.88;   16.1;    5.0;    2.6;eor
       5371;20190323;   10;   9.6;   4.7;    3;   0.0;   0;   11.383;   0;   4.3;   7.0;  919.49;    7.9;   67.42;   14.0;    2.8;    1.4;eor
       5371;20190324;   10;   8.9;   4.2;    3;   0.1;   7;    0.450;   0;   6.8;   7.1;  915.75;    3.5;   89.33;    6.5;   -0.4;   -1.6;eor
       5371;20190325;   10;  18.8;   7.2;    3;   7.1;   7;    0.167;   0;   6.8;   5.3;  910.67;   -1.2;   94.67;   -0.1;   -2.5;   -3.1;eor
       5371;20190326;   10;  13.2;   6.5;    3;   0.9;   7;    0.183;   3;   7.8;   5.5;  918.25;   -0.4;   92.88;    0.8;   -1.6;   -1.7;eor
       5371;20190327;   10;  10.2;   5.0;    3;   0.0;   6;    4.667;   2;   6.7;   5.8;  921.88;    2.2;   81.83;    5.8;   -0.6;   -1.3;eor
       5371;20190328;   10;   7.6;   3.9;    3;   0.0;   6;    0.517;   0;   7.5;   7.4;  924.38;    4.2;   89.29;    7.1;    2.0;    1.0;eor
       5371;20190329;   10;   9.0;   4.3;    3;   0.0;   0;    6.950;   0;   3.9;   7.2;  922.23;    6.6;   75.79;   12.1;    3.0;    0.3;eor
       5371;20190330;   10;  11.6;   4.6;    3;   0.0;   0;   11.550;   0;   3.0;   6.4;  915.99;    8.5;   59.79;   14.9;    2.4;   -0.7;eor
       5371;20190331;   10;  10.3;   4.5;    3;   0.0;   0;   10.017;   0;   2.6;   7.0;  914.20;    7.2;   70.00;   12.3;    1.2;   -0.4;eor
       5371;20190401;   10;  13.6;   6.7;    3;   0.0;   0;   11.867;   0;   2.2;   6.1;  912.60;    5.0;   70.04;   11.5;    0.4;   -0.9;eor
       5371;20190402;   10;  13.5;   7.5;    3;   0.4;   6;    8.167;   0;   4.5;   6.7;  903.70;    7.8;   63.63;   13.0;    3.3;    0.8;eor
       5371;20190403;   10;  16.6;   6.9;    3;  11.7;   8;    1.467;   0;   7.5;   7.7;  896.65;    5.3;   86.46;   10.5;    0.8;    0.2;eor
       5371;20190404;   10;   8.1;   4.0;    3;   0.7;   6;    0.000;   0;   7.9;   6.9;  892.70;    1.8;   98.17;    3.5;   -0.2;   -0.6;eor
       5371;20190405;   10;  13.0;   5.5;    3;   0.2;   6;    0.067;   0;   7.9;   7.6;  897.77;    3.2;   98.08;    6.3;    0.9;    1.0;eor
       5371;20190406;   10;  16.0;   7.4;    3;   0.0;   0;    8.433;   0;   4.7;   8.7;  899.22;    8.9;   78.38;   16.0;    4.0;    3.4;eor
       5371;20190407;   10;  14.9;   6.4;    3;   0.0;   0;    8.750;   0;   4.9;   7.4;  900.09;    8.6;   66.67;   13.3;    3.9;    1.8;eor
       5371;20190408;   10;   7.6;   3.2;    3;   0.6;   6;    3.300;-999;   7.4;   8.0;  903.39;    9.6;   67.25;   13.1;    7.0;    3.8;eor
       5371;20190409;   10;  10.9;   4.2;    3;   0.0;   0;    4.067;-999;   7.2;   7.4;  904.20;    7.8;   70.21;   12.8;    2.8;    1.5;eor
       5371;20190410;   10;  11.2;   6.0;    3;   0.0;   0;   10.933;-999;   4.9;   5.1;  905.63;    3.1;   66.88;    7.1;   -1.2;   -2.8;eor
       5371;20190411;   10;  13.9;   6.0;    3;   0.0;   0;   12.467;-999;   0.0;   3.6;  910.81;   -0.5;   61.13;    3.8;   -3.8;   -5.5;eor
       5371;20190412;   10;   9.0;   4.7;    3;   0.0;   7;    1.117;-999;   6.5;   3.7;  912.26;   -2.8;   75.00;    0.1;   -4.6;   -5.9;eor
       5371;20190413;   10;  11.4;   3.8;    3;   0.0;   7;    1.767;-999;   7.8;   4.1;  911.05;   -2.5;   81.79;    0.5;   -5.0;   -5.4;eor
       5371;20190414;   10;  12.8;   5.8;    3;   0.1;   8;    3.817;-999;   7.1;   4.9;  912.53;   -1.4;   88.13;    1.1;   -3.2;   -4.0;eor
       5371;20190415;   10;  15.0;   6.3;    3;   0.0;   0;   12.417;   0;   2.1;   5.4;  914.98;    5.6;   61.88;   11.0;    0.7;   -0.5;eor
       5371;20190416;   10;  14.6;   7.5;    3;   0.0;   0;   12.583;   0;   2.4;   4.8;  911.76;    8.1;   45.08;   14.7;    1.8;   -0.6;eor
       5371;20190417;   10;  15.9;   6.6;    3;   0.0;   0;    5.117;   0;   6.6;   5.2;  915.78;    9.5;   44.38;   15.0;    5.5;    4.5;eor
       5371;20190418;   10;  17.5;   9.1;    3;   0.0;   0;   11.433;   0;   2.2;   5.9;  918.72;   10.5;   49.00;   17.1;    5.1;    3.4;eor
       5371;20190419;   10;  15.4;   8.6;    3;   0.0;   0;   13.000;   0;   0.0;   6.3;  921.87;   12.6;   44.54;   19.6;    6.8;    5.3;eor
       5371;20190420;   10;  12.4;   5.0;    3;   0.0;   0;   13.183;   0;   0.3;   5.7;  921.47;   13.6;   37.42;   19.1;    8.6;    3.9;eor
       5371;20190421;   10;   9.6;   4.9;    3;   0.0;   0;   13.150;   0;   0.0;   5.8;  914.73;   13.6;   38.33;   19.5;    8.7;    4.6;eor
       5371;20190422;   10;  18.5;   8.0;    3;   0.0;   0;   13.183;   0;   3.6;   5.8;  905.73;   12.1;   42.13;   18.5;    6.7;    4.8;eor
       5371;20190423;   10;  19.2;  11.4;    3;   0.0;   0;   10.783;-999;   5.3;   8.0;  896.93;   10.9;   61.42;   17.4;    5.2;    3.9;eor
       5371;20190424;   10;  24.8;   7.8;    3;   0.0;   6;   10.833;-999;   5.6;   8.7;  899.25;   12.7;   62.58;   21.2;    3.9;    3.0;eor
       5371;20190425;   10;  17.9;   8.8;    3;   0.0;   0;    9.983;-999;   3.3;   7.2;  904.15;   12.6;   51.75;   20.6;    4.3;    1.4;eor
       5371;20190426;   10;  10.8;   4.9;    3;  10.6;   6;    0.567;-999;   6.8;   8.3;  906.24;    5.2;   93.38;    7.8;    3.9;    2.7;eor
       5371;20190427;   10;  14.9;   6.6;    3;  11.8;   8;    2.300;   0;   7.2;   8.0;  907.15;    4.2;   95.75;    9.2;    1.0;    0.4;eor
       5371;20190428;   10;  10.7;   3.8;    3;   0.0;   0;    3.933;   0;   6.0;   6.4;  910.70;    3.2;   84.58;    7.9;    0.8;    0.0;eor
       5371;20190429;   10;  16.6;   7.3;    3;   6.8;   6;    1.317;   0;   7.1;   7.4;  912.70;    4.1;   89.75;    6.0;    2.4;    0.4;eor
       5371;20190430;   10;  12.5;   7.4;    3;   0.0;   0;   11.467;   0;   3.0;   6.9;  911.62;    6.6;   73.58;   11.8;    1.2;    1.4;eor
       5371;20190501;    3;   7.2;   3.2;    3;   0.0;   0;    3.967;   0;   4.0;   8.6;  909.10;    9.1;   75.04;   14.9;    5.5;    2.9;eor
       5371;20190502;    3;  11.1;   4.3;    3;   0.8;   6;    6.733;   0;   5.4;   7.9;  903.11;    7.8;   75.04;   12.2;    4.7;    3.9;eor
       5371;20190503;    3;  12.1;   5.0;    3;   7.9;   8;    2.533;   0;   7.3;   6.4;  902.79;    3.5;   81.00;    6.4;    1.0;    0.7;eor
       5371;20190504;    3;  16.4;   6.1;    3;   5.9;   7;    2.900;   3;   7.5;   5.4;  900.27;   -0.3;   90.38;    2.6;   -2.8;   -2.6;eor
       5371;20190505;    3;  10.4;   4.8;    3;   0.1;   7;    6.700;   3;   6.0;   4.7;  908.42;    0.6;   75.33;    4.0;   -3.2;   -4.2;eor
       5371;20190506;    3;   9.0;   4.3;    3;   0.0;   7;    3.100;   0;   6.4;   5.2;  910.81;    1.4;   78.25;    4.7;   -0.9;   -1.7;eor
       5371;20190507;    3;  10.0;   2.9;    3;   0.0;   7;    2.500;   0;   6.7;   5.6;  909.43;    3.1;   74.67;    6.8;    0.3;   -1.4;eor
       5371;20190508;    3;  18.6;   9.8;    3;   4.8;   6;    0.267;   0;   7.7;   7.8;  898.65;    5.1;   86.63;    7.2;    2.6;    1.0;eor
       5371;20190509;    3;  16.6;   7.0;    3;   4.4;   6;    0.333;   0;   7.8;   8.8;  895.23;    5.5;   97.25;    7.2;    3.8;    3.8;eor
       5371;20190510;    3;  13.4;   5.6;    3;   6.4;   6;    3.733;   0;   7.2;   8.1;  903.15;    6.7;   83.54;   11.4;    3.9;    3.0;eor
       5371;20190511;    3;  20.0;   7.1;    3;  14.8;   6;    0.000;   0;   8.0;   8.2;  905.01;    4.6;   96.58;    7.1;    2.0;    2.0;eor
       5371;20190512;    3;  13.9;   8.2;    3;   0.0;   0;    7.367;   0;   5.2;   6.1;  920.33;    3.7;   78.88;    8.2;    0.6;    0.0;eor
       5371;20190513;    3;  14.8;   5.2;    3;   0.0;   0;   13.267;   0;   1.5;   4.8;  925.80;    4.7;   57.58;    9.4;   -0.3;   -2.0;eor
       5371;20190514;    3;  12.8;   5.7;    3;   0.0;   6;   10.400;   0;   3.0;   5.0;  921.27;    4.0;   61.96;    8.1;    0.7;   -1.3;eor
       5371;20190515;    3;  13.2;   5.8;    3;   0.1;   8;   10.467;   0;   4.0;   4.6;  915.54;    2.9;   61.71;    6.7;   -0.8;   -2.5;eor
       5371;20190516;    3;  10.0;   5.7;    3;   0.8;   6;    0.733;   0;   7.7;   6.6;  907.72;    2.9;   87.13;    5.4;    1.2;    1.2;eor
       5371;20190517;    3;  14.2;   7.0;    3;   0.0;   6;    4.583;   0;   6.0;   8.8;  902.28;    7.5;   85.29;   13.7;    2.9;    2.8;eor
       5371;20190518;    3;  10.8;   2.9;    3;   2.9;   6;    9.317;   0;   5.1;   9.2;  901.21;   12.3;   65.46;   17.7;    6.9;    2.8;eor
       5371;20190519;    3;   9.3;   3.8;    3;   0.0;   6;    8.217;   0;   5.8;  10.0;  899.96;   13.5;   65.21;   18.8;    9.5;    7.5;eor
       5371;20190520;    3;  17.9;   5.7;    3;  74.7;   8;    0.417;-999;   7.6;  11.7;  898.96;   11.4;   86.67;   16.1;    9.0;    8.4;eor
       5371;20190521;    3;  16.1;   8.4;    3;  19.9;   6;    0.000;-999;   7.9;  11.6;  902.15;    9.3;   99.38;   10.2;    8.1;    8.1;eor
       5371;20190522;    3;  14.3;   6.1;    3;   0.4;   6;    1.567;-999;   6.1;   9.8;  910.74;    7.5;   94.42;    9.9;    6.1;    3.5;eor
       5371;20190523;    3;   7.1;   2.4;    3;   0.0;   0;   11.233;-999;   6.8;   8.7;  912.65;   10.3;   70.96;   15.5;    5.3;    2.2;eor
       5371;20190524;    3;   6.9;   2.8;    3;   0.0;   0;   11.267;-999;   7.2;   9.3;  909.93;   13.1;   62.33;   17.1;    8.0;    4.0;eor
       5371;20190525;    3;   9.6;   4.4;    3;   0.0;   6;   10.733;-999;   4.4;   9.3;  909.82;   12.1;   66.67;   17.0;    8.0;    5.3;eor
       5371;20190526;    3;  11.2;   5.1;    3;   0.0;   0;   11.167;   0;   4.9;   9.3;  909.09;   11.8;   67.54;   16.7;    7.6;    3.7;eor
       5371;20190527;    3;  11.5;   5.8;    3;   1.9;   6;    0.817;   0;   7.6;  11.7;  904.20;   10.5;   91.71;   12.6;    9.3;    8.2;eor
       5371;20190528;    3;   9.5;   3.4;    3;   3.6;   6;    0.583;   0;   7.5;   9.7;  902.76;    8.2;   89.75;   11.5;    5.5;    4.3;eor
       5371;20190529;    3;   9.9;   4.3;    3;   0.0;   6;    6.800;   0;   4.8;   7.7;  913.32;    7.2;   78.67;   11.5;    4.3;    1.1;eor
       5371;20190530;    3;  11.6;   6.0;    3;   0.0;   6;    8.350;   0;   5.3;   9.5;  918.10;   10.7;   74.13;   16.0;    4.8;    1.0;eor
       5371;20190531;    3;   7.7;   3.2;    3;   0.0;   0;    7.683;   0;   6.1;  12.5;  919.08;   14.1;   78.38;   19.1;   10.4;    8.5;eor
       5371;20190601;    3;   7.2;   2.8;    3;   0.0;   0;   12.117;   0;   5.8;  12.9;  917.44;   16.5;   69.75;   21.9;   10.7;    6.6;eor
       5371;20190602;    3;  12.9;   6.4;    3;   0.0;   0;   14.200;   0;   2.6;  12.9;  913.62;   19.0;   59.33;   24.5;   13.6;    9.7;eor
       5371;20190603;    3;  19.6;   6.0;    3;  15.7;   8;    9.750;   0;   3.9;  13.0;  910.90;   17.9;   65.17;   25.9;   12.2;    9.4;eor
       5371;20190604;    3;  16.1;   6.4;    3;   0.0;   6;   14.050;-999;   2.7;  13.7;  908.30;   18.4;   66.46;   24.1;   11.8;   10.0;eor
       5371;20190605;    3;  18.1;   7.0;    3;   0.0;   6;   11.733;-999;   2.3;  13.3;  904.70;   21.4;   52.75;   27.1;   17.6;   14.5;eor
       5371;20190606;    3;  16.2;   6.0;    3;   1.6;   6;    0.033;-999;   6.2;  11.4;  906.64;   10.2;   91.71;   17.8;    6.5;    3.4;eor
       5371;20190607;    3;-999;-999;    3;   6.0;   4;    7.500;-999;  -999;  11.9;  908.08;   12.0;   84.38;   20.7;    5.9;    3.4;eor
       5371;20190608;    3;  21.3;   9.9;    3;   0.0;   0;    5.417;-999;   5.2;   8.7;  914.77;    9.6;   73.42;   14.0;    6.6;    5.1;eor
       5371;20190609;    3;  10.7;   4.2;    3;   0.4;   4;   10.167;-999;   6.3;   9.8;  916.27;   13.7;   63.21;   20.3;    6.7;    2.3;eor
       5371;20190610;    1;   9.8;   4.8;    1;  12.3;   6;    4.817;   0;   6.8;  14.0;  908.95;   14.3;   86.29;   19.4;   11.0;   10.4;eor
       5371;20190611;    1;  13.2;   3.9;    1;   3.0;   6;    2.183;   0;   7.4;  13.7;  906.28;   13.1;   90.42;   16.1;   10.3;   10.4;eor
       5371;20190612;    1;  16.8;   5.8;    1;   9.0;   6;    2.067;   0;   6.3;  13.3;  905.57;   12.1;   92.88;   17.8;    7.6;    5.8;eor
       5371;20190613;    1;  13.1;   6.2;    1;   0.6;   6;    9.050;   0;   4.4;  11.3;  910.13;   13.0;   75.50;   18.0;    8.8;    5.8;eor
       5371;20190614;    1;  16.3;   7.5;    1;   0.0;   6;    5.733;   0;   4.8;  12.0;  911.67;   16.6;   63.08;   20.6;   11.8;    5.7;eor
       5371;20190615;    1;  16.8;   7.2;    1;   0.0;   6;    7.783;   0;   5.2;  13.7;  908.98;   16.8;   71.33;   19.4;   13.2;   10.2;eor
       5371;20190616;    1;   8.4;   2.9;    1;   3.2;   6;    0.700;   0;   6.3;  12.6;  915.25;   12.8;   85.04;   15.4;   10.6;    7.6;eor
       5371;20190617;    1;  11.3;   3.8;    1;   0.0;   0;   12.950;   0;   1.9;  12.7;  915.67;   16.4;   68.75;   22.2;   10.6;    6.3;eor
       5371;20190618;    1;  11.6;   5.0;    1;   0.0;   0;   12.483;   0;   4.5;  13.9;  911.80;   18.7;   64.63;   23.6;   13.7;   11.2;eor
       5371;20190619;    1;  11.3;   5.0;    1;   0.6;   6;   12.117;   0;   3.5;  13.9;  907.42;   20.3;   58.83;   25.5;   15.6;   11.8;eor
       5371;20190620;    1;  12.9;   4.9;    1;   0.2;   6;    6.683;   0;   6.5;  14.2;  908.49;   15.6;   80.88;   20.8;   11.7;   10.5;eor
       5371;20190621;    1;   7.9;   3.3;    1;   0.0;   0;    7.567;   0;   5.0;  12.4;  913.08;   14.5;   76.71;   19.5;   11.3;   10.4;eor
       5371;20190622;    1;  11.7;   5.6;    1;   1.9;   6;    8.933;   0;   5.0;  12.9;  914.26;   15.3;   74.25;   20.5;   11.5;   10.1;eor
       5371;20190623;    1;  13.1;   6.3;    1;   0.0;   0;   12.883;   0;   4.1;  13.1;  915.18;   18.1;   63.92;   23.2;   13.9;   12.6;eor
       5371;20190624;    1;  15.3;   7.9;    1;   0.0;   0;   14.917;   0;   3.7;  15.2;  917.21;   20.4;   64.00;   26.3;   14.6;   12.9;eor
       5371;20190625;    1;  17.2;   7.6;    1;   0.0;   0;   14.667;   0;   4.7;  15.8;  917.48;   22.1;   59.75;   28.2;   16.8;   14.8;eor
       5371;20190626;    1;   8.9;   3.6;    1;   0.0;   0;   14.467;   0;   0.6;  17.5;  919.73;   24.7;   57.21;   29.8;   18.5;   15.5;eor
       5371;20190627;    1;  12.2;   7.0;    1;   0.0;   0;   14.200;   0;   0.8;  11.3;  919.72;   17.7;   57.46;   22.4;   11.6;   10.1;eor
       5371;20190628;    1;   9.0;   4.4;    1;   0.0;   0;   15.150;   0;   0.1;  10.9;  918.43;   15.6;   64.08;   21.0;    8.9;    7.9;eor
       5371;20190629;    1;  11.5;   4.1;    1;   0.0;   0;   15.167;   0;   0.0;   9.6;  916.40;   20.4;   42.42;   27.8;   11.5;    7.4;eor
       5371;20190630;    1;  13.7;   6.7;    1;   0.0;   6;   14.933;   0;   0.4;  14.1;  912.70;   24.2;   47.13;   30.4;   18.2;   15.3;eor
       5371;20190701;    1;  11.0;   4.2;    1;   0.0;   6;    7.550;   0;   5.1;  13.6;  912.60;   18.2;   65.04;   22.2;   12.2;   10.6;eor
       5371;20190702;    1;  10.4;   5.5;    1;   0.0;   0;   11.300;   0;   2.3;   9.7;  915.42;   13.0;   65.00;   17.9;    9.0;    7.2;eor
       5371;20190703;    1;  10.1;   4.3;    1;   0.0;   0;   13.083;   0;   1.9;   8.2;  916.84;   12.7;   56.25;   17.1;    8.9;    5.5;eor
       5371;20190704;    1;   6.6;   2.9;    1;   0.0;   0;   14.333;   0;   2.6;   8.5;  916.50;   13.7;   54.96;   19.4;    8.2;    5.6;eor
       5371;20190705;    1;  11.6;   3.9;    1;   0.0;   0;    6.900;   0;   5.6;   9.5;  912.30;   15.7;   53.38;   21.3;   12.4;    9.7;eor
       5371;20190706;    1;  13.5;   5.0;    1;   0.7;   6;    8.683;   0;   5.5;  11.5;  907.22;   17.5;   59.17;   24.7;   12.0;   11.2;eor
       5371;20190707;    1;  10.1;   5.7;    1;   0.5;   6;    3.983;   0;   6.6;  10.1;  907.65;   11.0;   77.39;   15.0;    7.7;    5.9;eor
       5371;20190708;    1;   9.6;   4.5;    1;   0.0;   0;    8.067;   0;   4.8;   8.4;  911.43;    9.3;   72.42;   12.9;    5.9;    4.4;eor
       5371;20190709;    1;   9.6;   4.9;    1;   0.0;   6;    4.333;   0;   6.4;   8.7;  912.82;    8.7;   77.88;   12.3;    6.1;    5.6;eor
