STATIONS_ID;MESS_DATUM;QN_3;  FX;  FM;QN_4; RSK;RSKF; SDK;SHK_TAG;  NM; VPM;  PM; TMK; UPM; TXK; TNK; TGK;eor
       2559;20180106;   10;   3.7;   1.2;    3;   0.0;   0;    4.817;   0;   3.9;   7.4;  926.05;    4.6;   86.96;   10.3;   -0.3;   -2.3;eor
       2559;20180107;   10;   5.7;   1.5;    3;   0.0;   0;    0.000;   0;   7.2;   5.9;  933.55;    0.8;   91.58;    4.4;   -1.0;   -3.0;eor
       2559;20180108;   10;   3.7;   0.9;    3;   0.0;   0;    4.333;   0;   5.0;   6.0;  936.02;    1.3;   89.88;    7.7;   -1.3;   -2.6;eor
       2559;20180109;   10;   5.8;   1.6;    3;   0.0;   0;    4.500;   0;   4.3;   6.0;  930.96;    3.4;   79.25;   12.8;   -1.4;   -3.1;eor
       2559;20180110;   10;   3.6;   1.5;    3;   0.0;   0;    7.433;   0;   4.8;   5.7;  930.82;    2.3;   79.88;    8.6;   -1.8;   -3.5;eor
       2559;20180111;   10;   3.9;   1.4;    3;   0.2;   6;    2.583;   0;   6.6;   6.0;  932.59;    2.4;   82.42;    7.0;   -0.3;   -1.9;eor
       2559;20180112;   10;   6.1;   1.8;    3;   0.0;   0;    0.000;   0;   8.0;   5.9;  939.70;    1.5;   87.13;    2.2;    0.7;    0.4;eor
       2559;20180113;   10;   6.1;   1.6;    3;   0.0;   0;    1.067;   0;   6.5;   4.8;  939.18;   -0.2;   81.00;    2.3;   -3.4;   -5.5;eor
       2559;20180114;   10;   4.6;   1.2;    3;   0.0;   0;    0.250;   0;   6.5;   4.4;  937.30;   -2.1;   84.88;    0.9;   -5.1;   -6.9;eor
       2559;20180115;   10;   9.0;   1.7;    3;   3.5;   8;    4.617;   0;   3.5;   4.2;  933.34;   -0.1;   72.04;    7.9;   -6.5;   -8.1;eor
       2559;20180116;   10;  17.6;   4.8;    3;  40.8;   8;    0.033;   0;   7.7;   6.8;  920.60;    3.5;   85.58;    6.1;    1.3;    0.2;eor
       2559;20180117;   10;  16.9;   5.5;    3;   6.1;   8;    0.117;   4;  -999;   5.2;  924.31;    0.2;   83.50;    3.0;   -1.7;   -1.5;eor
       2559;20180118;   10;  18.7;   6.0;    3;  25.8;   8;    0.367;  12;  -999;   6.2;  926.59;    3.5;   78.25;    7.5;   -0.3;   -1.5;eor
       2559;20180119;   10;  14.0;   3.6;    3;   5.2;   8;    1.433;   1;  -999;   5.9;  928.76;    1.7;   85.21;    3.3;    0.3;   -0.6;eor
       2559;20180120;   10;  12.0;   3.0;    3;  14.3;   8;    0.000;   0;   7.0;   5.3;  925.53;    0.9;   81.42;    2.6;   -0.8;   -2.5;eor
       2559;20180121;   10;  11.2;   2.8;    3;  13.2;   8;    0.533;   0;   7.5;   5.4;  930.18;    0.5;   83.96;    3.2;   -1.6;   -5.3;eor
       2559;20180122;   10;  12.2;   3.2;    3;  22.5;   6;    0.000;   2;  -999;   7.6;  930.33;    4.1;   91.92;    6.7;   -1.2;   -1.3;eor
       2559;20180123;   10;   7.2;   2.5;    3;   0.0;   6;    0.983;   0;   5.5;   6.6;  942.82;    3.1;   86.08;    6.0;   -0.7;   -2.7;eor
       2559;20180124;   10;   5.7;   2.0;    3;   0.0;   0;    7.600;   0;   2.9;   6.2;  941.72;    4.7;   74.46;   12.3;    0.2;   -1.2;eor
       2559;20180125;   10;   5.7;   2.0;    3;   0.0;   0;    2.700;   0;   7.0;   6.1;  935.96;    5.4;   69.38;   12.4;    1.6;   -0.6;eor
       2559;20180126;   10;   4.6;   1.6;    3;   0.0;   0;    5.183;   0;   6.5;   6.4;  935.07;    3.8;   80.29;    9.7;   -0.7;   -2.2;eor
       2559;20180127;   10;   5.9;   1.3;    3;   0.0;   0;    1.483;   0;   7.4;   7.4;  946.39;    4.9;   85.50;    8.2;    3.1;    2.1;eor
       2559;20180128;   10;  10.1;   2.9;    3;   0.0;   6;    1.033;   0;   6.6;   6.3;  952.14;    6.4;   66.46;   10.3;    3.2;   -0.2;eor
       2559;20180129;   10;  10.2;   2.9;    3;   0.0;   6;    8.583;   0;   1.4;   6.7;  948.49;    6.0;   72.29;   12.1;    0.6;   -2.2;eor
       2559;20180130;   10;   9.6;   2.2;    3;   0.0;   6;    0.083;   0;   7.8;   7.2;  945.98;    5.5;   79.88;    7.0;    4.2;    3.4;eor
       2559;20180131;   10;  11.2;   2.7;    3;   1.5;   6;    5.617;   0;   6.7;   5.9;  933.26;    6.7;   61.46;   11.1;    3.6;    1.1;eor
       2559;20180201;   10;   9.9;   2.8;    3;   5.2;   8;    0.000;   0;  -999;   5.9;  923.20;    1.9;   84.13;    6.3;   -0.8;   -2.2;eor
       2559;20180202;   10;   8.3;   2.6;    3;   0.0;   7;    4.600;   0;   6.0;   4.6;  925.56;   -0.1;   75.29;    2.5;   -1.2;   -2.9;eor
       2559;20180203;   10;   5.2;   2.0;    3;   0.1;   8;    0.000;   0;   8.0;   4.6;  924.70;   -0.6;   78.46;    0.1;   -1.4;   -2.1;eor
       2559;20180204;   10;   5.5;   1.2;    3;   0.0;   8;    1.717;   0;   5.7;   4.4;  931.05;   -1.6;   81.08;    2.1;   -5.0;   -6.9;eor
       2559;20180205;   10;   6.5;   1.8;    3;   0.0;   0;    2.350;   0;   7.0;   4.1;  935.34;   -2.9;   82.13;    0.0;   -5.6;   -7.5;eor
       2559;20180206;   10;   4.3;   1.4;    3;   0.0;   0;    7.167;   0;   4.5;   4.2;  928.55;   -2.2;   81.08;    3.5;   -6.1;   -7.1;eor
       2559;20180207;   10;   4.8;   1.5;    3;   0.8;   7;    0.000;   0;   7.6;   4.6;  927.81;   -2.3;   88.92;   -0.6;   -4.9;   -6.3;eor
       2559;20180208;   10;   3.0;   1.2;    3;   0.5;   8;    0.000;   2;   7.9;   4.6;  933.82;   -1.8;   85.63;   -0.3;   -2.8;   -2.8;eor
       2559;20180209;   10;   4.1;   1.3;    3;   0.0;   7;    0.000;   1;   8.0;   4.4;  932.38;   -1.2;   78.79;    0.1;   -2.0;   -3.6;eor
       2559;20180210;   10;   4.6;   1.8;    3;   0.0;   7;    0.000;   1;   7.8;   4.5;  933.36;   -0.7;   77.58;    0.6;   -1.8;   -3.4;eor
       2559;20180211;   10;   8.2;   2.3;    3;   6.4;   8;    0.300;   1;  -999;   5.1;  927.39;    0.2;   82.21;    3.0;   -4.1;   -6.5;eor
       2559;20180212;   10;   7.5;   2.1;    3;   2.8;   7;    0.367;   5;   7.0;   4.7;  931.65;   -1.8;   87.71;    0.8;   -4.8;   -5.1;eor
       2559;20180213;   10;   6.0;   1.7;    3;   0.0;   0;    9.267;   4;   1.3;   3.0;  931.50;   -6.1;   78.96;   -0.3;  -12.4;  -16.5;eor
       2559;20180214;   10;   4.2;   1.9;    3;   0.0;   0;    9.367;   4;   0.4;   2.3;  933.01;   -8.5;   72.29;    0.0;  -15.2;  -18.0;eor
       2559;20180215;   10;   5.8;   2.0;    3;  17.6;   8;    0.000;   4;   7.0;   4.8;  935.29;   -2.5;   85.88;    4.6;  -12.0;  -17.0;eor
       2559;20180216;   10;   5.8;   1.5;    3;   3.8;   8;    0.217;   1;   7.8;   7.1;  941.02;    3.0;   92.71;    5.7;    0.4;   -0.9;eor
       2559;20180217;   10;   5.0;   1.6;    3;  11.8;   8;    0.000;   1;   7.8;   6.1;  935.73;    0.8;   94.46;    4.1;   -1.7;   -1.8;eor
       2559;20180218;   10;   5.7;   1.5;    3;   0.0;   8;    0.000;   5;   7.8;   4.8;  940.30;   -1.3;   87.21;   -0.1;   -2.1;   -2.8;eor
       2559;20180219;   10;   3.7;   1.2;    3;   0.0;   8;    0.000;   1;   7.9;   4.6;  934.41;   -1.6;   83.63;   -0.3;   -2.2;   -2.8;eor
       2559;20180220;   10;   3.8;   1.3;    3;   1.7;   8;    0.000;   1;   7.9;   4.3;  931.11;   -2.8;   86.75;   -1.5;   -5.5;   -5.7;eor
       2559;20180221;   10;   7.6;   2.1;    3;   0.1;   8;    1.200;   3;   7.8;   4.0;  933.01;   -3.1;   82.83;   -0.7;   -4.5;   -4.5;eor
       2559;20180222;   10;  12.0;   3.4;    3;   0.0;   8;    0.000;   1;   8.0;   3.7;  929.83;   -3.9;   80.08;   -2.8;   -5.0;   -4.8;eor
       2559;20180223;   10;   9.0;   3.0;    3;   0.0;   8;    0.000;   3;   8.0;   3.7;  929.90;   -4.4;   83.38;   -4.0;   -5.0;   -4.9;eor
       2559;20180224;   10;  12.6;   3.6;    3;   0.0;   8;    0.000;   3;   8.0;   3.4;  931.96;   -3.9;   74.79;   -2.1;   -6.2;   -6.3;eor
       2559;20180225;   10;  11.1;   3.4;    3;   0.0;   7;    5.767;   3;   4.3;   2.1;  935.07;   -8.6;   65.63;   -5.7;  -12.2;  -14.6;eor
       2559;20180226;   10;   9.2;   2.5;    3;   0.1;   7;    3.100;   3;   5.9;   1.8;  933.64;  -12.1;   72.21;   -9.9;  -13.5;  -15.4;eor
       2559;20180227;   10;   6.7;   1.9;    3;   0.0;   7;    4.033;   4;   5.7;   1.8;  929.65;  -12.1;   72.83;   -9.0;  -14.9;  -17.7;eor
       2559;20180228;   10;   6.2;   1.7;    3;   0.0;   0;    9.483;   3;   2.4;   1.7;  929.15;  -11.2;   67.83;   -6.2;  -16.8;  -19.5;eor
       2559;20180301;   10;   5.4;   1.7;    3;   0.0;   7;    1.200;   3;   4.6;   2.3;  920.44;   -8.2;   70.75;   -4.4;  -11.0;  -12.2;eor
       2559;20180302;   10;  10.5;   2.3;    3;   0.8;   8;    6.200;   3;   3.2;   3.6;  913.87;   -4.5;   78.38;    2.0;  -11.1;  -12.5;eor
       2559;20180303;   10;   6.4;   2.0;    3;   1.6;   8;    4.000;   3;   6.2;   5.0;  915.50;    0.9;   77.21;    7.2;   -5.2;   -6.9;eor
       2559;20180304;   10;   6.7;   2.1;    3;   0.0;   0;    9.983;   2;   3.3;   6.1;  918.08;    4.6;   74.38;   11.3;   -0.7;   -2.5;eor
       2559;20180305;   10;   6.7;   1.8;    3;   0.0;   0;    6.133;   1;   6.2;   6.4;  914.83;    5.0;   73.96;   10.9;   -0.6;   -2.0;eor
       2559;20180306;   10;   8.5;   1.8;    3;   0.0;   6;    0.000;   1;   7.4;   6.2;  911.08;    2.7;   83.83;    6.2;   -1.1;   -2.1;eor
       2559;20180307;   10;  10.3;   2.8;    3;   1.0;   8;    0.017;   1;   7.4;   6.2;  918.26;    3.3;   81.17;    5.5;    0.8;   -0.9;eor
       2559;20180308;   10;   9.0;   2.7;    3;   0.0;   0;    6.467;   1;   6.3;   5.1;  925.82;    4.5;   63.08;   10.8;    1.1;   -1.4;eor
       2559;20180309;   10;  10.1;   2.5;    3;   0.0;   6;    1.683;   1;   7.7;   4.9;  928.28;    7.5;   48.00;   11.6;    3.0;    1.4;eor
       2559;20180310;   10;   5.5;   1.9;    3;   0.4;   6;    0.100;   1;   7.3;   7.6;  926.08;    7.9;   71.08;   11.2;    4.8;    2.7;eor
       2559;20180311;   10;   5.8;   1.6;    3;   0.2;   6;    0.100;   1;   5.6;   7.3;  918.46;    7.2;   72.25;   14.3;   -0.3;   -1.7;eor
       2559;20180312;   10;  12.6;   2.9;    3;   2.6;   6;    1.100;   1;   7.1;   7.9;  918.44;    6.8;   79.33;   10.5;    4.5;    2.2;eor
       2559;20180313;   10;  14.4;   3.7;    3;   5.0;   6;    1.617;   0;   6.5;   6.7;  926.50;    5.0;   77.50;    8.6;    2.9;    0.2;eor
       2559;20180314;   10;   7.0;   2.3;    3;   0.0;   0;    7.483;   0;   3.8;   6.3;  928.95;    5.2;   73.42;   11.2;   -1.3;   -3.7;eor
       2559;20180315;   10;   7.9;   1.7;    3;   0.0;   6;    1.517;   0;   5.0;   5.8;  918.02;    4.1;   71.96;   10.5;   -4.0;   -5.7;eor
       2559;20180316;   10;  10.4;   2.5;    3;   0.0;   6;    6.150;   0;   4.5;   6.6;  921.13;    5.6;   74.21;   11.1;   -0.4;   -2.0;eor
       2559;20180317;   10;   9.0;   2.2;    3;   3.2;   8;    3.217;   0;   7.3;   6.1;  915.16;    1.7;   88.04;    6.8;   -1.5;   -2.1;eor
       2559;20180318;   10;   5.7;   2.1;    3;   1.3;   7;    0.000;   0;   8.0;   4.5;  918.26;   -2.1;   85.79;   -0.3;   -3.7;   -3.5;eor
       2559;20180319;   10;   4.8;   1.8;    3;   1.8;   8;    0.000;   1;  -999;   3.7;  924.16;   -4.0;   80.67;   -2.5;   -5.4;   -6.4;eor
       2559;20180320;   10;   4.6;   1.3;    3;   1.3;   7;    2.017;   1;   7.3;   3.3;  931.42;   -4.0;   72.92;   -0.7;   -6.9;  -10.0;eor
       2559;20180321;   10;   6.5;   1.7;    3;   0.2;   7;    1.467;   1;   6.0;   3.6;  940.57;   -3.0;   75.29;    0.8;   -7.4;   -8.3;eor
       2559;20180322;   10;   8.3;   2.6;    3;   1.1;   8;    5.517;   0;   4.8;   3.3;  935.73;   -2.3;   65.83;    3.6;   -8.8;  -10.1;eor
       2559;20180323;   10;   7.1;   2.1;    3;   0.3;   8;    1.817;   0;   6.8;   5.2;  926.30;    1.1;   79.71;    5.8;   -3.0;   -4.7;eor
       2559;20180324;   10;   5.5;   1.4;    3;   0.0;   0;   11.567;   0;   0.7;   4.4;  919.36;    2.1;   67.00;   10.6;   -5.6;   -7.6;eor
       2559;20180325;   10;   7.2;   2.2;    3;   0.0;   6;   11.167;   0;   1.5;   4.7;  924.18;    4.4;   60.08;   12.8;   -2.5;   -4.8;eor
       2559;20180326;   10;   8.7;   1.5;    3;   2.7;   8;    0.067;   0;   7.4;   6.0;  930.87;    3.8;   75.29;    8.2;    0.8;   -0.3;eor
       2559;20180327;   10;   8.2;   2.2;    3;   5.8;   6;    6.067;   0;   6.8;   5.7;  932.12;    4.4;   70.67;    9.5;    1.1;    0.3;eor
       2559;20180328;   10;  11.6;   3.5;    3;  17.4;   6;    0.067;   0;   7.7;   8.5;  925.88;    6.8;   85.96;   10.0;    3.1;    2.7;eor
       2559;20180329;   10;  11.8;   2.6;    3;   0.0;   6;    0.000;   0;   6.8;   6.3;  926.28;    4.6;   75.54;    7.6;   -1.0;   -2.2;eor
       2559;20180330;   10;  11.7;   2.5;    3;   2.6;   8;    4.517;   0;   5.5;   6.6;  921.40;    6.1;   72.83;   14.7;   -1.6;   -2.9;eor
       2559;20180331;   10;   7.7;   1.8;    3;   2.5;   6;    0.000;   0;   7.5;   6.8;  919.09;    3.5;   86.42;    6.5;    1.8;    0.0;eor
       2559;20180401;   10;  15.9;   3.9;    3;   2.4;   8;    2.167;   0;   7.3;   6.4;  928.61;    3.6;   81.04;    5.8;    1.0;   -0.9;eor
       2559;20180402;   10;   5.9;   1.7;    3;   0.0;   6;    9.133;   0;   3.3;   5.6;  929.25;    7.1;   60.96;   16.5;   -2.1;   -3.7;eor
       2559;20180403;   10;   6.3;   1.6;    3;   0.0;   0;    4.600;   0;   5.1;   7.2;  926.35;   11.6;   55.33;   19.8;    5.2;    2.3;eor
       2559;20180404;   10;  16.8;   2.6;    3;   0.0;   6;    7.900;   0;   4.5;   7.2;  926.07;   10.0;   64.88;   21.7;    3.1;    1.3;eor
       2559;20180405;   10;  13.0;   3.4;    3;   1.5;   6;    4.817;   0;   6.0;   7.2;  933.77;    7.7;   69.29;   12.6;    3.4;    0.7;eor
       2559;20180406;   10;   7.2;   1.8;    3;   0.0;   0;   12.067;   0;   1.1;   6.7;  936.95;    7.5;   66.83;   15.1;   -1.0;   -3.1;eor
       2559;20180407;   10;   5.0;   1.9;    3;   0.0;   0;   12.233;   0;   0.0;   6.8;  932.20;   10.8;   58.54;   22.0;   -0.3;   -2.6;eor
       2559;20180408;   10;   5.6;   2.1;    3;   0.0;   0;   11.400;   0;   0.0;   7.8;  927.75;   12.6;   57.21;   22.3;    2.2;    0.4;eor
       2559;20180409;   10;   5.5;   1.9;    3;   0.0;   6;    0.200;   0;   4.5;   7.6;  924.65;   10.0;   63.13;   15.4;    5.0;    3.2;eor
       2559;20180410;   10;   8.6;   1.9;    3;   1.3;   6;    8.667;   0;   4.3;   7.9;  923.01;   10.5;   65.17;   20.1;    3.1;    1.2;eor
       2559;20180411;   10;   7.5;   1.9;    3;   0.0;   0;   10.417;   0;   3.3;   7.4;  923.72;   11.0;   60.58;   18.5;    1.7;    0.0;eor
       2559;20180412;   10;   8.6;   2.0;    3;   0.0;   0;    4.450;   0;   5.4;   7.5;  920.14;   11.2;   58.54;   18.5;    3.9;    0.8;eor
       2559;20180413;   10;  11.6;   2.8;    3;   0.0;   6;    7.817;   0;   4.7;   7.4;  928.27;    9.9;   62.38;   16.0;    3.1;    0.2;eor
       2559;20180414;   10;   6.5;   2.2;    3;   0.0;   0;   10.817;   0;   1.4;   7.2;  936.83;   10.4;   61.33;   19.1;    0.9;   -0.7;eor
       2559;20180415;   10;   5.2;   1.8;    3;   3.1;   6;    3.767;   0;   4.8;   9.4;  931.59;   11.1;   72.00;   18.5;    4.0;    1.8;eor
       2559;20180416;   10;   4.7;   1.8;    3;   4.6;   6;    0.000;   0;   7.8;  10.9;  934.60;    9.9;   90.00;   12.9;    8.4;    7.6;eor
       2559;20180417;   10;   6.9;   2.0;    3;   0.0;   0;   12.350;   0;   1.5;   9.3;  943.28;   12.5;   68.38;   19.9;    5.1;    3.6;eor
       2559;20180418;   10;   9.5;   2.5;    3;   0.0;   0;   12.650;   0;   0.0;   8.2;  947.77;   13.2;   59.21;   21.5;    3.0;    0.8;eor
       2559;20180419;   10;   5.1;   1.6;    3;   0.0;   0;   12.650;   0;   0.0;   8.3;  945.73;   14.3;   56.63;   23.9;    4.5;    1.6;eor
       2559;20180420;   10;   6.2;   2.0;    3;   0.0;   0;   12.700;   0;   0.2;   9.2;  942.30;   15.5;   57.54;   25.1;    5.5;    3.1;eor
       2559;20180421;   10;   6.1;   2.2;    3;   0.0;   0;   12.717;   0;   0.0;   9.3;  939.03;   16.5;   53.33;   24.9;    8.7;    5.4;eor
       2559;20180422;   10;   6.3;   2.3;    3;   0.0;   0;   12.317;   0;   0.5;   9.2;  935.92;   16.8;   53.38;   25.7;    6.4;    4.4;eor
       2559;20180423;   10;  11.4;   2.8;    3;   8.1;   6;    5.833;   0;   6.1;  10.6;  936.80;   15.7;   62.17;   22.6;   10.6;    7.7;eor
       2559;20180424;   10;   8.8;   2.5;    3;   0.0;   4;   11.933;   0;   2.2;  11.0;  937.40;   14.9;   67.88;   21.1;    9.2;    7.3;eor
       2559;20180425;   10;  14.1;   3.3;    3;   1.4;   6;    9.250;-999;   2.9;  10.5;  933.76;   16.0;   60.13;   22.4;    7.4;    5.3;eor
       2559;20180426;   10;   9.4;   2.5;    3;   1.0;   6;    0.667;-999;   7.7;   8.9;  936.98;    9.4;   75.83;   12.7;    5.6;    3.4;eor
       2559;20180427;   10;   5.7;   1.7;    3;   0.0;   0;   12.783;-999;   1.8;   9.0;  931.45;   11.9;   67.33;   21.1;    2.0;    0.4;eor
       2559;20180428;   10;   6.6;   1.9;    3;   0.0;   0;   12.517;   0;   0.7;  10.1;  931.01;   14.3;   64.92;   21.9;    5.3;    4.0;eor
       2559;20180429;   10;   9.3;   2.4;    3;   2.5;   6;   10.883;-999;   2.8;   9.3;  925.78;   16.6;   55.21;   25.8;    6.1;    4.6;eor
       2559;20180430;   10;  11.7;   2.6;    3;   0.0;   6;    8.700;-999;   5.5;   8.2;  925.90;   12.3;   58.67;   17.9;    6.6;    6.1;eor
       2559;20180501;   10;   5.6;   1.6;    3;   0.0;   6;    0.183;-999;   7.9;   8.2;  931.22;   10.0;   67.00;   12.5;    8.2;    7.8;eor
       2559;20180502;   10;   5.6;   1.6;    3;   0.0;   6;    2.467;-999;   6.6;   9.0;  929.42;   11.5;   66.67;   15.5;    6.9;    5.5;eor
       2559;20180503;   10;   6.0;   1.4;    3;   0.6;   6;    0.017;-999;   7.9;  10.5;  931.76;   12.5;   72.83;   15.9;    9.6;    9.3;eor
       2559;20180504;   10;   8.6;   2.0;    3;   0.0;   0;    0.300;-999;   7.6;  12.1;  934.81;   13.0;   80.25;   16.1;   10.2;    9.4;eor
       2559;20180505;   10;   9.3;   2.5;    3;   0.0;   0;    6.800;-999;   4.6;  13.0;  937.26;   16.1;   72.29;   21.3;   12.2;    9.6;eor
       2559;20180506;   10;   8.7;   2.3;    3;   0.0;   0;    8.383;-999;   3.4;  11.4;  938.32;   15.5;   66.92;   22.2;    9.2;    5.5;eor
       2559;20180507;   10;   7.6;   2.0;    3;   0.0;   0;   10.650;-999;   1.0;   9.9;  935.00;   13.9;   65.33;   22.9;    4.8;    2.8;eor
       2559;20180508;   10;   6.9;   1.8;    3;   0.0;   0;   12.900;-999;   0.2;   9.6;  929.27;   15.1;   61.21;   23.4;    6.0;    4.6;eor
       2559;20180509;   10;   6.5;   1.8;    3;   1.7;   6;    6.750;-999;   2.8;   9.8;  926.62;   12.5;   70.46;   20.7;    5.6;    3.9;eor
       2559;20180510;   10;   8.8;   2.6;    3;   3.8;   6;    0.683;-999;   7.5;  10.6;  932.02;   11.5;   77.96;   16.6;    7.9;    6.8;eor
       2559;20180511;   10;   6.1;   1.9;    3;   0.0;   0;   11.967;-999;   3.0;  10.6;  936.50;   13.4;   70.17;   20.6;    4.4;    2.9;eor
       2559;20180512;   10;   6.2;   1.8;    3;   0.5;   6;    5.783;-999;   5.0;  11.7;  933.02;   16.3;   66.17;   23.7;    7.6;    6.5;eor
       2559;20180513;   10;   8.8;   2.0;    3;  26.7;   8;    6.783;-999;   5.2;  13.3;  928.11;   15.1;   78.50;   22.0;   12.0;    9.0;eor
       2559;20180514;   10;   6.9;   2.0;    3;  14.7;   6;    0.233;-999;   8.0;  12.0;  927.61;   11.5;   88.25;   15.7;    9.3;    9.2;eor
       2559;20180515;   10;   7.2;   1.7;    3;   6.3;   8;    0.833;-999;   6.8;  10.3;  930.72;    9.4;   87.50;   15.2;    7.8;    6.7;eor
       2559;20180516;   10;   6.9;   2.3;    3;  14.0;   6;    0.000;-999;   7.8;  10.5;  933.24;    9.3;   89.25;   10.4;    8.2;    7.6;eor
       2559;20180517;   10;   7.0;   1.8;    3;   0.0;   6;    0.283;-999;   7.8;  11.1;  936.29;   11.1;   84.33;   14.4;    8.5;    8.3;eor
       2559;20180518;   10;   6.3;   1.7;    3;   0.0;   6;    7.083;-999;   4.3;  10.7;  937.40;   12.6;   75.04;   19.1;    6.6;    5.4;eor
       2559;20180519;   10;  11.0;   1.7;    3;   0.2;   6;    2.067;-999;   5.3;  10.5;  937.18;   11.2;   80.04;   18.7;    4.7;    3.5;eor
       2559;20180520;   10;   5.3;   1.3;    3;   3.0;   6;    0.450;-999;   7.0;  12.0;  936.75;   12.0;   86.25;   16.6;    8.2;    6.8;eor
       2559;20180521;   10;   5.4;   1.7;    3;   1.2;   6;   10.717;-999;   3.0;  11.6;  933.02;   14.6;   72.83;   21.7;    6.9;    5.6;eor
       2559;20180522;   10;   7.6;   1.7;    3;  11.3;   8;    6.233;-999;   6.5;  12.4;  931.95;   15.2;   73.38;   21.9;    9.9;    8.2;eor
       2559;20180523;   10;   9.5;   1.7;    3;   1.8;   6;    5.183;-999;   6.0;  13.4;  935.87;   16.0;   75.25;   21.3;   10.5;    9.3;eor
       2559;20180524;   10;   6.0;   1.7;    3;   4.6;   8;    2.567;-999;   5.8;  13.9;  937.34;   15.1;   82.17;   19.9;   10.9;    9.5;eor
       2559;20180525;   10;   5.8;   1.9;    3;   0.0;   0;   11.683;-999;   1.4;  12.7;  937.59;   17.4;   66.63;   23.8;   10.3;    8.7;eor
       2559;20180526;   10;   7.0;   1.8;    3;   0.0;   0;   10.900;-999;   1.1;  13.2;  939.01;   18.3;   66.67;   26.4;    9.7;    8.7;eor
       2559;20180527;   10;   5.7;   1.7;    3;   0.0;   6;    7.383;-999;   4.0;  14.5;  937.95;   18.8;   69.50;   25.2;   11.8;   10.9;eor
       2559;20180528;   10;   8.2;   1.8;    3;   7.0;   8;    8.933;-999;   2.2;  14.3;  936.16;   18.1;   72.79;   27.3;   11.8;   10.5;eor
       2559;20180529;   10;   6.5;   2.1;    3;   0.0;   0;    5.567;-999;   4.9;  15.1;  934.28;   18.1;   73.88;   24.3;   11.7;   10.7;eor
       2559;20180530;   10;-999;   1.9;    3;   0.1;   6;   11.233;-999;   2.3;  15.5;  934.61;   19.6;   70.33;   25.7;   11.9;   10.7;eor
       2559;20180531;   10;   7.7;   1.8;    3;   6.4;   8;    8.583;-999;   3.4;  15.7;  934.63;   17.8;   78.08;   25.4;   12.5;   11.3;eor
       2559;20180601;   10;   6.7;   1.9;    3;   0.0;   0;    3.700;-999;   6.5;  13.6;  938.47;   17.2;   70.63;   22.1;   13.2;   12.2;eor
       2559;20180602;   10;   6.1;   1.5;    3;   0.0;   6;    8.933;-999;   4.1;  13.9;  938.40;   17.6;   71.42;   23.5;   11.8;   10.6;eor
       2559;20180603;   10;   6.6;   2.0;    3;   0.0;   0;   13.183;-999;   1.1;  13.2;  936.04;   18.7;   64.79;   25.7;   10.7;    9.5;eor
       2559;20180604;   10;   9.0;   2.1;    3;   0.0;   0;    9.467;-999;   1.9;  14.3;  930.70;   18.8;   68.71;   26.6;   11.3;   10.2;eor
       2559;20180605;   10;   7.6;   1.9;    3;   0.0;   0;   12.417;-999;   1.4;  13.7;  930.27;   19.2;   65.13;   26.9;   12.2;   11.0;eor
       2559;20180606;   10;   6.8;   1.8;    3;   3.6;   6;    7.667;-999;   3.0;  15.1;  932.06;   18.2;   73.83;   24.7;   11.5;   10.4;eor
       2559;20180607;   10;   4.9;   1.8;    3;   0.0;   6;    1.950;-999;   6.7;  15.8;  934.78;   18.2;   76.33;   22.6;   14.1;   13.0;eor
       2559;20180608;   10;   7.4;   1.7;    3;   4.2;   6;    5.283;-999;   4.2;  15.3;  932.35;   16.9;   80.75;   24.5;   11.7;   10.6;eor
       2559;20180609;   10;   6.1;   2.1;    3;   0.0;   6;   10.433;-999;   3.9;  15.8;  932.63;   19.6;   71.25;   25.5;   13.0;   11.8;eor
       2559;20180610;   10;   9.4;   2.2;    3;   0.0;   0;   11.467;-999;   1.8;  15.6;  932.70;   20.8;   66.54;   27.3;   14.4;   13.1;eor
       2559;20180611;   10;  10.2;   1.9;    3;   8.6;   6;    7.567;-999;   2.5;  16.1;  930.35;   19.7;   73.42;   27.9;   13.6;   12.6;eor
       2559;20180612;   10;   7.1;   1.5;    3;  29.0;   6;    2.217;-999;   6.7;  16.2;  929.16;   16.1;   88.96;   21.1;   13.6;   12.9;eor
       2559;20180613;   10;   7.1;   1.5;    3;  17.0;   6;    0.000;-999;   7.6;  12.9;  931.93;   11.5;   94.54;   14.2;    9.9;    9.9;eor
       2559;20180614;   10;   5.3;   1.4;    3;   0.0;   0;    9.550;-999;   4.9;  11.0;  935.40;   13.5;   72.92;   18.2;    8.7;    7.2;eor
       2559;20180615;   10;   6.7;   1.8;    3;   0.0;   0;   11.450;-999;   1.8;  10.7;  935.94;   14.8;   67.13;   21.8;    7.4;    6.4;eor
       2559;20180616;   10;   5.0;   1.7;    3;   0.0;   0;   13.383;-999;   0.8;  10.8;  935.43;   16.5;   62.63;   23.9;    7.2;    5.8;eor
       2559;20180617;   10;   7.6;   1.7;    3;  23.7;   6;    3.583;-999;   6.1;  14.4;  937.92;   16.2;   79.00;   21.3;   11.5;   10.0;eor
       2559;20180618;   10;   5.2;   1.3;    3;   0.0;   0;    3.417;-999;   6.1;  14.1;  941.65;   16.8;   75.25;   21.7;   12.9;   11.9;eor
       2559;20180619;   10;   5.6;   1.5;    3;   0.0;   0;   12.017;-999;   1.8;  13.5;  943.53;   18.0;   68.29;   24.8;   11.2;   10.3;eor
       2559;20180620;   10;   6.1;   1.7;    3;   0.0;   6;   13.800;-999;   0.0;  14.5;  940.37;   20.0;   65.92;   27.3;   11.3;   10.1;eor
       2559;20180621;   10;  11.4;   3.1;    3;   0.9;   6;    8.967;-999;   3.3;  15.1;  936.91;   20.2;   64.96;   26.5;   13.0;   11.5;eor
       2559;20180622;   10;   9.3;   2.3;    3;   0.0;   0;    4.383;-999;   6.7;   8.2;  942.24;   12.3;   58.17;   16.0;    7.6;    6.2;eor
       2559;20180623;   10;   8.5;   1.9;    3;   0.0;   0;   13.083;-999;   4.7;   8.9;  942.54;   12.8;   62.46;   18.7;    5.4;    4.1;eor
       2559;20180624;   10;   6.4;   1.6;    3;   2.3;   6;    6.617;-999;   6.5;  10.6;  939.32;   14.9;   63.42;   19.5;   11.0;   10.3;eor
       2559;20180625;   10;   4.8;   1.3;    3;   0.4;   6;    3.617;-999;   6.1;  11.4;  940.63;   13.5;   74.83;   18.8;   10.8;    9.4;eor
       2559;20180626;   10;   8.0;   1.7;    3;   0.0;   0;    4.217;-999;   6.9;  11.3;  941.39;   15.5;   65.75;   21.6;    8.2;    6.7;eor
       2559;20180627;   10;   9.6;   1.7;    3;   0.0;   0;    9.967;-999;   3.1;  11.3;  939.92;   15.7;   66.17;   22.3;    8.8;    6.5;eor
       2559;20180628;   10;   6.8;   1.5;    3;  10.2;   6;    1.067;-999;   6.7;  12.5;  937.68;   13.2;   82.33;   17.1;    7.8;    5.9;eor
       2559;20180629;   10;   7.8;   1.6;    3;   0.0;   6;    6.000;-999;   5.3;  15.3;  935.16;   16.4;   82.58;   22.4;   12.7;   11.7;eor
       2559;20180630;   10;   5.8;   1.9;    3;   0.0;   6;   12.483;-999;   0.3;  14.7;  933.62;   19.7;   67.46;   26.7;   11.1;   10.2;eor
       2559;20180701;   10;   7.6;   2.0;    3;   0.0;   4;   12.750;-999;   1.3;  12.0;  934.25;   17.8;   60.25;   24.0;   11.0;    9.3;eor
       2559;20180702;   10;   6.0;   1.5;    3;   0.0;   6;   13.483;-999;   1.4;  12.2;  934.02;   18.4;   59.08;   25.6;    9.2;    8.1;eor
       2559;20180703;   10;  10.4;   1.4;    3;   2.4;   4;    4.083;-999;   5.8;  14.5;  936.48;   17.9;   71.75;   23.6;   12.3;   11.2;eor
       2559;20180704;   10;   7.1;   1.9;    3;   7.3;   4;    4.333;-999;   4.8;  15.8;  936.66;   17.5;   79.54;   24.1;   13.4;   12.1;eor
       2559;20180705;   10;   7.7;   2.3;    3;   3.9;   4;    0.367;-999;   5.5;  15.4;  935.22;   16.4;   82.25;   21.3;   11.5;   10.4;eor
       2559;20180706;   10;   5.9;   2.1;    3;  21.2;   4;    0.100;-999;   7.3;  15.4;  938.69;   15.0;   89.88;   19.1;   13.5;   12.3;eor
       2559;20180707;   10;   6.3;   1.7;    3;   0.0;   0;   12.433;-999;   3.4;  13.7;  941.61;   17.8;   70.00;   23.6;   13.0;   11.8;eor
       2559;20180708;   10;   5.9;   1.5;    3;   0.0;   0;    4.183;-999;   4.9;  13.8;  940.57;   18.0;   68.67;   23.5;   11.7;   10.3;eor
       2559;20180709;   10;   5.2;   1.7;    3;   0.0;   0;   11.800;-999;   1.4;  12.5;  938.76;   18.2;   64.29;   25.1;    9.7;    8.5;eor
       2559;20180710;   10;   9.7;   1.9;    3;   1.5;   6;    3.367;-999;   6.6;  13.4;  935.53;   16.0;   75.38;   22.2;   11.8;   10.8;eor
       2559;20180711;   10;   8.8;   1.9;    3;   0.0;   0;    4.750;-999;   5.8;  11.8;  935.56;   14.7;   72.00;   19.1;    9.6;    8.2;eor
       2559;20180712;   10;   6.5;   1.8;    3;   0.0;   0;   13.383;-999;   0.7;  11.5;  937.07;   16.1;   66.38;   23.1;    8.0;    6.6;eor
       2559;20180713;   10;   6.6;   1.8;    3;   0.0;   6;   12.233;-999;   3.0;  12.3;  938.85;   18.6;   61.25;   26.1;   12.5;   11.6;eor
       2559;20180714;   10;   7.8;   2.0;    3;   2.0;   6;    9.967;-999;   4.5;  13.6;  937.87;   20.1;   60.71;   27.7;   12.7;   11.2;eor
       2559;20180715;   10;  12.1;   2.1;    3;   0.1;   6;    6.867;-999;   5.5;  14.2;  936.20;   19.0;   67.00;   25.8;   14.8;   13.6;eor
       2559;20180716;   10;   8.0;   1.8;    3;   0.0;   0;   11.033;-999;   3.4;  13.6;  933.90;   18.8;   65.42;   26.4;   12.2;   10.8;eor
       2559;20180717;   10;  13.7;   2.1;    3;   0.2;   6;    9.333;-999;   4.0;  13.0;  936.15;   18.7;   63.33;   24.7;   11.4;    9.9;eor
       2559;20180718;   10;   6.0;   1.7;    3;   0.0;   0;   12.017;-999;   1.5;  13.0;  937.09;   20.0;   59.54;   27.7;   12.1;   10.3;eor
       2559;20180719;   10;   6.1;   1.9;    3;   0.0;   0;   13.483;-999;   0.0;  13.0;  936.37;   19.7;   60.96;   27.3;   11.5;    9.8;eor
       2559;20180720;   10;  10.0;   2.0;    3;  16.4;   6;    8.883;-999;   2.6;  14.2;  934.05;   20.2;   64.13;   29.0;   12.1;   10.7;eor
       2559;20180721;   10;   8.3;   2.0;    3;   5.3;   6;    0.683;-999;   7.3;  16.1;  933.25;   16.6;   85.21;   21.2;   15.0;   14.7;eor
       2559;20180722;   10;   6.5;   2.0;    3;   6.4;   6;    0.050;-999;   7.8;  15.8;  934.94;   16.1;   86.63;   18.6;   14.7;   14.4;eor
       2559;20180723;   10;   5.0;   1.3;    3;   0.0;   6;    5.683;-999;   4.8;  15.9;  937.20;   18.0;   78.54;   22.9;   13.3;   12.2;eor
       2559;20180724;   10;   7.6;   2.0;    3;   0.0;   0;   13.617;-999;   0.0;  14.2;  935.26;   19.7;   66.21;   27.4;   11.1;   10.1;eor
       2559;20180725;   10;   7.9;   1.9;    3;   0.0;   6;   13.467;-999;   1.8;  14.0;  935.61;   21.1;   60.17;   28.7;   11.3;   10.1;eor
       2559;20180726;   10;   7.0;   2.1;    3;   0.0;   0;   13.500;-999;   0.2;  14.1;  935.38;   20.9;   60.50;   27.8;   13.1;   12.0;eor
       2559;20180727;   10;   6.8;   1.8;    3;   0.0;   0;   13.183;-999;   0.1;  14.2;  933.43;   20.7;   62.04;   28.2;   11.7;   10.4;eor
       2559;20180728;   10;  11.8;   2.5;    3;   0.0;   6;    4.683;-999;   4.2;  14.8;  933.36;   20.4;   62.83;   26.7;   14.9;   12.9;eor
       2559;20180729;   10;   5.3;   1.7;    3;   0.0;   4;   13.583;-999;   1.0;  14.7;  935.94;   21.4;   61.71;   29.0;   13.1;   12.0;eor
       2559;20180730;   10;   5.2;   1.9;    3;   0.0;   0;   12.733;-999;   0.3;  14.8;  937.02;   23.0;   57.29;   31.1;   14.7;   13.0;eor
       2559;20180731;   10;   6.7;   2.0;    3;   0.0;   0;   13.417;-999;   0.0;  14.2;  937.52;   23.5;   55.08;   32.0;   14.0;   12.8;eor
       2559;20180801;   10;  11.3;   2.4;    3;   5.1;   6;   11.033;-999;   2.3;  16.1;  938.72;   23.2;   61.00;   32.1;   14.6;   13.4;eor
       2559;20180802;   10;   5.4;   1.7;    3;   0.0;   0;   10.267;-999;   3.0;  18.3;  941.24;   21.9;   71.50;   28.3;   16.1;   15.2;eor
       2559;20180803;   10;   8.1;   1.9;    3;   0.0;   0;   13.083;-999;   0.0;  18.1;  939.59;   23.2;   67.13;   30.7;   15.4;   14.5;eor
       2559;20180804;   10;   5.4;   1.7;    3;   0.0;   0;   10.300;-999;   0.5;  16.6;  938.18;   23.3;   62.71;   31.5;   14.8;   13.6;eor
       2559;20180805;   10;   7.0;   1.7;    3;   0.0;   0;   10.567;-999;   1.6;  17.0;  938.42;   23.6;   61.29;   30.8;   16.3;   15.0;eor
       2559;20180806;   10;   9.0;   1.9;    3;   0.0;   6;   10.417;-999;   2.3;  15.9;  936.92;   23.1;   60.38;   31.1;   15.1;   13.9;eor
       2559;20180807;   10;   7.0;   1.8;    3;   0.0;   0;    3.867;-999;   6.2;  15.1;  935.02;   22.2;   59.33;   29.0;   16.5;   15.2;eor
       2559;20180808;   10;   8.6;   2.1;    3;   0.0;   6;    5.467;-999;   3.9;  15.7;  935.57;   21.7;   63.75;   29.9;   15.1;   13.4;eor
       2559;20180809;   10;  12.6;   2.4;    3;   2.6;   6;   11.433;-999;   2.8;  14.8;  935.55;   22.4;   60.21;   32.9;   14.3;   13.1;eor
       2559;20180810;   10;   6.1;   1.7;    3;   3.5;   6;    0.533;-999;   6.8;  13.7;  943.16;   15.5;   78.08;   18.9;   10.5;    9.7;eor
       2559;20180811;   10;   7.7;   2.1;    3;   0.0;   0;    8.933;-999;   2.9;  11.1;  942.53;   15.7;   65.75;   22.8;    9.6;    8.2;eor
       2559;20180812;   10;   5.6;   1.9;    3;   0.0;   0;   12.833;-999;   0.3;  12.6;  936.67;   18.6;   63.13;   28.1;    7.5;    6.4;eor
       2559;20180813;   10;-999;   2.6;    3;  20.6;   6;    3.717;-999;   6.7;  15.2;  932.51;   19.1;   69.67;   26.5;   14.2;   12.4;eor
       2559;20180814;   10;   9.7;   1.9;    3;   2.9;   6;    3.600;-999;   7.1;  15.3;  936.19;   16.7;   80.96;   20.9;   14.2;   13.0;eor
       2559;20180815;   10;   5.4;   1.4;    3;   0.0;   0;   10.950;-999;   2.0;  13.6;  939.80;   17.6;   71.13;   24.4;   11.6;   10.4;eor
       2559;20180816;   10;   5.5;   1.7;    3;   0.0;   0;   12.800;-999;   0.0;  13.1;  936.79;   18.7;   65.50;   26.9;   10.4;    9.7;eor
       2559;20180817;   10;   9.3;   1.8;    3;   1.6;   6;   10.333;-999;   2.8;  14.0;  936.23;   20.3;   62.75;   28.8;   12.6;   10.6;eor
       2559;20180818;   10;   6.5;   1.4;    3;   0.0;   0;    7.267;-999;   5.3;  16.0;  940.45;   19.7;   70.92;   25.3;   15.2;   14.6;eor
       2559;20180819;   10;   5.3;   1.5;    3;   0.0;   4;   11.183;-999;   2.5;  15.8;  940.41;   21.1;   66.46;   28.3;   13.3;   12.4;eor
       2559;20180820;   10;   6.3;   1.4;    3;   0.0;   0;   11.683;-999;   1.8;  15.7;  939.45;   21.1;   66.17;   28.3;   14.7;   13.8;eor
       2559;20180821;   10;   6.2;   1.7;    3;   0.0;   0;   10.917;-999;   0.4;  14.9;  938.94;   20.3;   65.83;   28.5;   12.2;   11.2;eor
       2559;20180822;   10;   5.9;   1.8;    3;   0.0;   0;   10.933;-999;   1.9;  14.7;  937.43;   21.6;   61.79;   30.8;   12.6;   11.8;eor
       2559;20180823;   10;   8.1;   2.0;    3;   1.5;   6;    4.150;-999;   5.4;  15.8;  935.23;   20.7;   65.79;   26.6;   16.0;   14.4;eor
       2559;20180824;   10;  10.2;   2.1;    3;  13.4;   8;    0.300;-999;   7.3;  14.8;  933.91;   17.1;   76.92;   22.5;   12.4;   12.2;eor
       2559;20180825;   10;   9.4;   2.1;    3;   3.8;   6;    0.000;-999;   7.7;  11.5;  934.27;   11.8;   83.38;   14.7;    9.3;    9.2;eor
       2559;20180826;   10;   5.9;   1.4;    3;   0.0;   0;   10.133;-999;   4.0;   8.7;  936.51;   11.3;   67.92;   17.3;    6.6;    5.1;eor
       2559;20180827;   10;   9.8;   2.4;    3;   0.0;   6;    3.667;-999;   6.5;   8.7;  936.60;   15.9;   51.92;   23.1;    6.3;    4.7;eor
       2559;20180828;   10;   4.5;   1.3;    3;   0.0;   0;   11.750;-999;   1.8;  13.9;  938.25;   18.6;   67.50;   26.2;   12.2;   10.2;eor
       2559;20180829;   10;  14.6;   2.2;    3;  10.0;   8;   10.200;-999;   2.6;  14.1;  935.56;   19.0;   69.25;   29.0;   11.2;   10.0;eor
       2559;20180830;   10;   8.1;   1.5;    3;   8.7;   6;    0.000;-999;   7.7;  15.1;  939.20;   15.0;   88.50;   16.9;   12.4;   11.3;eor
       2559;20180831;   10;   7.8;   1.2;    3;  21.0;   6;    0.000;-999;   7.1;  13.8;  938.09;   13.3;   90.33;   15.1;   11.8;   11.2;eor
       2559;20180901;   10;   5.8;   1.2;    3;   9.0;   6;    0.000;-999;   7.8;  12.3;  940.76;   11.1;   92.92;   11.8;   10.2;   10.2;eor
       2559;20180902;   10;   4.6;   0.8;    3;   0.2;   6;    0.017;-999;   8.0;  12.6;  939.05;   12.2;   88.71;   14.7;   10.3;   10.3;eor
       2559;20180903;   10;   3.5;   0.9;    3;   0.0;   0;    0.083;-999;   6.9;  13.3;  935.71;   14.0;   83.75;   17.7;   10.2;    8.6;eor
       2559;20180904;   10;   4.8;   1.3;    3;   0.0;   6;    3.750;-999;   4.4;  12.7;  936.14;   13.9;   81.54;   20.0;    9.1;    7.5;eor
       2559;20180905;   10;   6.8;   1.5;    3;   0.0;   0;   10.267;-999;   0.2;  13.3;  936.14;   15.5;   77.92;   24.0;    7.8;    6.3;eor
       2559;20180906;   10;   8.1;   1.7;    3;   6.0;   6;    7.967;-999;   3.0;  14.0;  932.58;   17.7;   72.08;   25.2;   10.7;    9.3;eor
       2559;20180907;   10;   8.1;   1.7;    3;   1.7;   6;    3.900;-999;   6.6;  14.7;  935.27;   15.8;   82.46;   20.6;   12.8;   11.0;eor
       2559;20180908;   10;   4.4;   1.2;    3;   0.0;   0;    9.850;-999;   3.3;  13.0;  939.92;   15.3;   77.38;   21.9;    9.6;    8.0;eor
       2559;20180909;   10;   5.8;   1.7;    3;   0.0;   0;   11.817;-999;   0.3;  12.2;  941.36;   15.8;   71.83;   24.9;    7.8;    6.4;eor
       2559;20180910;   10;   6.9;   1.9;    3;   0.0;   0;   10.567;-999;   0.9;  11.5;  943.21;   16.8;   64.38;   24.8;   10.1;    8.0;eor
       2559;20180911;   10;   6.8;   2.0;    3;   0.0;   0;   11.767;-999;   0.0;  12.1;  944.70;   18.2;   61.50;   26.6;   10.8;    8.4;eor
       2559;20180912;   10;   7.6;   2.2;    3;   0.1;   6;   11.633;-999;   0.1;  12.4;  941.77;   18.6;   61.83;   27.6;   10.8;    8.4;eor
       2559;20180913;   10;   8.3;   1.3;    3;  32.4;   6;    4.717;-999;   5.5;  15.4;  938.15;   17.8;   77.67;   25.5;   12.9;   11.3;eor
       2559;20180914;   10;   5.1;   1.1;    3;   2.5;   6;    3.467;-999;   6.4;  14.7;  939.07;   15.8;   82.96;   20.8;   12.9;   11.5;eor
       2559;20180915;   10;   4.1;   1.1;    3;   0.0;   6;    2.683;-999;   5.8;  13.7;  942.35;   14.9;   82.38;   19.3;    9.5;    8.0;eor
       2559;20180916;   10;   3.6;   1.1;    3;   0.0;   6;    6.017;-999;   4.9;  14.6;  941.57;   15.9;   81.50;   23.2;    8.6;    7.5;eor
       2559;20180917;   10;   4.9;   1.4;    3;   0.0;   0;    9.933;-999;   1.5;  14.8;  940.03;   17.7;   76.25;   24.7;   12.1;   10.3;eor
       2559;20180918;   10;   8.8;   1.9;    3;   0.1;   6;    7.483;-999;   2.0;  14.3;  938.47;   17.1;   75.71;   25.8;   11.6;    9.8;eor
       2559;20180919;   10;   4.5;   1.6;    3;   0.0;   0;   11.167;-999;   1.5;  13.8;  940.87;   18.0;   69.96;   25.7;   12.5;   10.6;eor
       2559;20180920;   10;   4.6;   1.8;    3;   0.0;   0;   11.217;-999;   0.1;  12.8;  939.52;   17.7;   67.96;   26.6;   11.4;    9.4;eor
       2559;20180921;   10;  11.4;   2.5;    3;   5.0;   6;    7.050;-999;   3.3;  13.0;  935.41;   17.6;   68.00;   26.2;    9.9;    9.1;eor
       2559;20180922;   10;   6.8;   1.5;    3;   3.0;   6;    5.867;-999;   5.3;  10.3;  941.28;   12.2;   73.50;   16.9;    8.5;    7.0;eor
       2559;20180923;   10;  20.5;   3.8;    3;  18.3;   6;    6.500;-999;   6.0;  14.4;  935.50;   17.0;   75.17;   24.2;    9.1;    8.6;eor
       2559;20180924;   10;   6.6;   1.7;    3;   0.0;   6;    5.900;-999;   4.2;   7.6;  948.46;    7.6;   74.17;   12.9;    1.9;    0.4;eor
       2559;20180925;   10;   8.6;   1.9;    3;   0.0;   0;   11.050;-999;   0.4;   6.6;  952.85;    6.3;   71.46;   13.3;    0.4;   -1.4;eor
       2559;20180926;   10;   4.0;   1.4;    3;   0.0;   0;   10.583;-999;   0.1;   8.1;  951.30;    8.3;   75.58;   18.9;   -0.7;   -2.6;eor
       2559;20180927;   10;   4.4;   1.7;    3;   0.0;   0;   10.817;-999;   0.0;   9.0;  946.89;   12.3;   68.25;   22.9;    3.6;    1.5;eor
       2559;20180928;   10;   7.0;   1.7;    3;   0.0;   0;    9.900;-999;   2.0;  10.5;  940.83;   14.3;   66.42;   21.2;    7.0;    4.2;eor
       2559;20180929;   10;  10.2;   2.0;    3;   0.0;   0;    6.833;-999;   3.8;   9.3;  941.21;   10.2;   75.21;   14.4;    4.6;    3.1;eor
       2559;20180930;   10;   8.2;   1.7;    3;   7.8;   6;    8.783;-999;   2.6;   9.9;  935.71;   11.9;   75.04;   21.9;    3.6;    2.2;eor
       2559;20181001;   10;   8.0;   1.7;    3;  20.2;   6;    0.000;-999;   7.2;  10.0;  935.10;    8.3;   89.96;   12.4;    4.5;    4.6;eor
       2559;20181002;   10;  11.6;   2.4;    3;   0.0;   6;    3.550;-999;   6.8;   7.5;  941.27;    7.2;   74.92;   10.7;    3.4;    2.6;eor
       2559;20181003;   10;  10.0;   2.5;    3;   0.0;   6;    0.000;   0;   7.4;   9.9;  944.13;    9.9;   80.71;   12.4;    5.1;    3.9;eor
       2559;20181004;   10;   7.1;   1.5;    3;   0.0;   0;    8.733;   0;   1.7;   9.3;  944.17;    9.1;   82.00;   17.5;    3.2;    2.3;eor
       2559;20181005;   10;   4.4;   1.6;    3;   0.0;   0;   10.467;   0;   0.2;  10.5;  939.30;   11.9;   77.71;   21.9;    3.4;    1.9;eor
       2559;20181006;   10;   5.9;   1.8;    3;   1.6;   6;    6.467;   0;   6.4;  11.5;  933.57;   14.7;   71.63;   22.2;    8.3;    6.5;eor
       2559;20181007;   10;   4.9;   1.4;    3;   0.0;   6;    4.333;   0;   4.7;  12.4;  934.10;   13.7;   80.63;   19.4;    7.8;    6.0;eor
       2559;20181008;   10;   7.0;   1.5;    3;   0.0;   0;    8.467;   0;   3.4;  11.5;  938.62;   11.7;   83.71;   17.6;    5.0;    3.9;eor
       2559;20181009;   10;   5.4;   1.3;    3;   0.0;   0;    7.150;   0;   4.5;  12.9;  940.21;   13.9;   81.63;   18.8;   10.1;    8.2;eor
       2559;20181010;   10;   6.1;   1.6;    3;   0.0;   0;    8.700;   0;   2.8;  12.7;  936.73;   14.1;   81.17;   22.5;    8.5;    6.3;eor
       2559;20181011;   10;   6.7;   1.6;    3;   0.0;   6;    7.500;   0;   2.2;  10.8;  935.21;   13.8;   71.79;   24.4;    5.3;    3.5;eor
       2559;20181012;   10;   6.8;   1.8;    3;   0.0;   0;   10.067;   0;   0.5;  11.1;  942.41;   14.5;   70.67;   23.1;    8.5;    6.5;eor
       2559;20181013;   10;   5.1;   1.8;    3;   0.0;   0;   10.050;   0;   0.0;  11.4;  940.17;   13.5;   76.75;   22.6;    6.6;    4.8;eor
       2559;20181014;   10;   5.6;   1.8;    3;   0.0;   0;   10.000;   0;   0.5;   9.5;  934.02;   12.9;   69.21;   24.1;    4.7;    2.8;eor
       2559;20181015;   10;   4.5;   1.7;    3;   0.0;   0;    9.617;   0;   0.8;   8.4;  934.16;   12.3;   65.00;   22.1;    4.5;    2.6;eor
       2559;20181016;   10;   4.5;   1.6;    3;   0.0;   0;    9.817;   0;   0.0;   8.4;  937.80;   11.2;   67.96;   21.0;    4.2;    2.3;eor
       2559;20181017;   10;   5.5;   1.7;    3;   0.0;   0;    9.733;   0;   0.0;   8.9;  937.67;   10.6;   72.88;   20.0;    3.7;    1.9;eor
       2559;20181018;   10;   7.0;   1.5;    3;   0.0;   0;    8.150;   0;   1.0;   9.5;  937.87;   10.1;   78.63;   18.3;    3.8;    2.3;eor
       2559;20181019;   10;   5.3;   1.3;    3;   0.0;   0;    5.750;   0;   2.8;   9.6;  940.07;    8.2;   87.96;   15.3;    2.4;    0.8;eor
       2559;20181020;   10;   4.4;   1.2;    3;   0.0;   0;    6.233;   0;   3.0;   9.3;  945.18;    8.6;   84.88;   16.2;    2.5;    1.1;eor
       2559;20181021;   10;   7.0;   1.4;    3;   0.0;   0;    6.450;   0;   3.0;   7.5;  944.28;    6.2;   80.46;   13.0;    0.1;   -2.1;eor
       2559;20181022;   10;   6.8;   1.4;    3;   0.0;   0;    9.517;   0;   1.8;   6.4;  944.63;    4.7;   77.25;   12.3;   -2.4;   -4.3;eor
       2559;20181023;   10;  10.6;   2.5;    3;   0.0;   6;    3.817;   0;   3.8;   6.6;  945.17;    7.5;   67.13;   13.1;   -1.2;   -2.8;eor
       2559;20181024;   10;  14.4;   3.3;    3;   1.2;   6;    0.167;   0;   7.8;   9.2;  942.60;    9.8;   75.96;   11.6;    6.9;    6.1;eor
       2559;20181025;   10;   6.7;   1.6;    3;   0.0;   0;    9.033;   0;   2.8;  10.1;  938.35;   10.2;   81.88;   17.1;    3.4;    1.8;eor
       2559;20181026;   10;   8.8;   1.8;    3;   0.1;   6;    7.150;   0;   5.4;   8.6;  929.83;   10.4;   71.08;   16.9;    5.6;    5.2;eor
       2559;20181027;   10;   7.4;   1.4;    3;  21.5;   8;    0.000;   0;  -999;   7.1;  926.06;    4.4;   85.63;    9.5;    0.5;    0.0;eor
       2559;20181028;   10;   8.5;   1.7;    3;   0.4;   6;    0.000;   0;   7.9;   6.4;  922.32;    1.4;   94.46;    2.1;    0.6;    0.1;eor
       2559;20181029;   10;   8.9;   1.4;    3;   8.8;   6;    0.000;   0;   6.7;   7.9;  914.87;    4.7;   92.71;   11.4;    1.5;    1.7;eor
       2559;20181030;   10;  14.9;   2.7;    3;   0.0;   0;    0.467;   0;   4.0;   6.4;  919.27;    4.4;   77.21;   11.8;   -0.4;   -2.3;eor
       2559;20181031;   10;   5.2;   1.4;    3;   0.0;   0;    0.117;   0;   6.4;   6.4;  933.05;    3.2;   83.42;    8.6;   -1.8;   -3.2;eor
       2559;20181101;   10;   7.5;   1.7;    3;   0.0;   0;    6.017;   0;   3.8;   7.6;  931.68;    7.3;   75.58;   15.2;    2.4;    0.7;eor
       2559;20181102;   10;   3.3;   1.2;    3;   0.5;   6;    0.000;   0;   7.8;   8.4;  939.88;    6.4;   87.67;   10.3;    2.4;    1.4;eor
       2559;20181103;   10;   6.8;   1.5;    3;   0.0;   0;    1.333;   0;   7.7;   9.2;  941.72;    8.3;   84.38;   11.0;    6.5;    6.0;eor
       2559;20181104;   10;   3.8;   1.0;    3;   0.0;   0;    0.000;   0;   7.9;   9.2;  934.27;    7.1;   91.25;    8.9;    5.7;    4.7;eor
       2559;20181105;   10;   5.7;   1.6;    3;   0.0;   0;    2.967;   0;  -999;   8.9;  928.65;    8.5;   81.21;   17.2;    2.5;    0.6;eor
       2559;20181106;   10;   7.2;   1.7;    3;   0.0;   0;    4.417;   0;   6.4;   8.3;  928.23;    9.5;   72.46;   21.7;    1.7;    0.1;eor
       2559;20181107;   10;   5.7;   1.4;    3;   0.7;   6;    6.083;   0;   7.1;   8.9;  931.57;    8.4;   81.33;   16.3;    2.6;    0.8;eor
       2559;20181108;   10;   3.9;   1.0;    3;   0.6;   6;    0.000;   0;   7.5;   9.6;  937.94;    7.9;   89.71;   11.3;    3.7;    2.2;eor
       2559;20181109;   10;   4.0;   1.1;    3;   0.0;   0;    0.033;   0;   7.7;   8.6;  934.31;    5.9;   92.50;   11.2;    2.5;    0.8;eor
       2559;20181110;   10;   6.1;   1.4;    3;   0.0;   6;    8.417;   0;   5.4;   7.9;  929.60;    6.0;   85.38;   14.7;    0.1;   -1.1;eor
       2559;20181111;   10;   4.8;   1.4;    3;   0.0;   6;    5.733;   0;   4.8;   8.7;  933.48;    7.9;   83.29;   15.7;    3.7;    1.7;eor
       2559;20181112;   10;   5.1;   1.9;    3;   0.0;   0;    8.417;   0;   2.3;   8.0;  937.97;    8.6;   75.08;   19.3;    1.9;    0.0;eor
       2559;20181113;   10;  10.0;   2.0;    3;   0.1;   6;    0.333;   0;   6.6;   8.0;  945.46;    6.3;   84.25;   13.8;    0.7;   -0.8;eor
       2559;20181114;   10;   4.2;   1.3;    3;   0.0;   0;    5.600;   0;   6.0;   7.3;  946.40;    4.0;   89.83;   13.2;   -1.0;   -2.1;eor
       2559;20181115;   10;   3.9;   1.1;    3;   0.0;   0;    0.000;   0;   8.0;   6.7;  943.88;    2.0;   95.33;    4.0;    0.2;    0.9;eor
       2559;20181116;   10;   9.3;   1.8;    3;   0.0;   0;    2.467;   0;   7.3;   6.0;  943.39;    2.0;   85.38;    4.4;    0.5;    0.4;eor
       2559;20181117;   10;   8.2;   2.4;    3;   0.0;   0;    5.950;   0;   3.6;   5.2;  941.45;    1.6;   76.00;    6.3;   -1.6;   -4.4;eor
       2559;20181118;   10;   5.5;   1.5;    3;   0.2;   8;    1.800;   0;   5.9;   4.8;  937.56;   -1.0;   84.50;    1.7;   -2.8;   -4.7;eor
       2559;20181119;   10;   8.8;   2.2;    3;   0.3;   8;    0.000;   0;   7.8;   4.8;  927.09;   -1.1;   84.88;    0.0;   -1.9;   -1.9;eor
       2559;20181120;   10;   4.9;   1.3;    3;   0.0;   0;    5.700;   0;   3.6;   4.7;  923.33;   -1.0;   83.42;    3.8;   -4.8;   -6.4;eor
       2559;20181121;   10;   5.5;   1.4;    3;   0.0;   0;    6.167;   0;   4.8;   4.4;  930.70;   -2.6;   87.04;    0.3;   -7.0;   -8.6;eor
       2559;20181122;   10;   3.4;   0.9;    3;   0.0;   0;    4.867;   0;   4.3;   5.6;  936.05;    1.4;   83.46;    9.3;   -2.9;   -3.9;eor
       2559;20181123;   10;   4.0;   1.5;    3;   0.5;   6;    3.717;   0;   4.6;   5.8;  934.65;    1.3;   85.17;    7.6;   -4.3;   -6.0;eor
       2559;20181124;   10;   7.8;   1.3;    3;   2.7;   6;    1.783;   0;   7.8;   7.0;  931.67;    3.0;   91.17;    7.9;   -1.2;   -2.2;eor
       2559;20181125;   10;   6.3;   1.3;    3;   0.1;   6;    4.950;   0;   7.4;   5.9;  926.09;    0.6;   91.58;    6.6;   -3.3;   -4.1;eor
       2559;20181126;   10;   3.7;   1.0;    3;   4.6;   8;    0.033;   0;   7.9;   6.3;  924.38;    1.8;   91.08;    3.5;    0.3;    0.1;eor
       2559;20181127;   10;   3.9;   0.9;    3;   1.5;   8;    0.000;   1;   7.8;   6.0;  934.78;    0.5;   94.13;    1.9;   -0.3;   -1.4;eor
       2559;20181128;   10;   3.7;   1.4;    3;   0.0;   0;    7.217;   0;   7.1;   5.2;  940.58;   -0.5;   89.17;    4.8;   -3.8;   -4.5;eor
       2559;20181129;   10;   3.9;   1.5;    3;   0.0;   6;    3.683;   0;   8.0;   6.2;  937.26;    2.1;   86.75;    8.4;   -2.7;   -3.9;eor
       2559;20181130;   10;   6.3;   1.5;    3;   2.8;   6;    0.000;   0;   7.8;   7.3;  934.00;    5.1;   83.67;    7.9;    3.6;    2.1;eor
       2559;20181201;   10;   6.0;   1.7;    3;   0.0;   6;    4.367;   0;   7.5;   6.9;  935.53;    4.3;   83.75;    8.7;   -0.3;   -2.0;eor
       2559;20181202;   10;  10.7;   2.6;    3;  15.4;   6;    0.100;   0;   7.8;   8.3;  929.62;    6.0;   87.04;    9.6;    0.2;   -1.5;eor
       2559;20181203;   10;  19.0;   3.5;    3;   4.9;   6;    0.017;   0;   7.7;  10.0;  928.95;    9.7;   83.17;   12.3;    7.7;    6.4;eor
       2559;20181204;   10;  11.6;   2.2;    3;  19.0;   6;    0.000;   0;   7.6;   8.3;  937.72;    6.1;   88.54;    9.4;    3.7;    3.4;eor
       2559;20181205;   10;   6.2;   1.0;    3;   1.1;   6;    0.500;   0;   7.8;   7.8;  941.29;    4.4;   93.71;    7.6;    2.5;    1.1;eor
       2559;20181206;   10;   8.4;   2.4;    3;   1.3;   6;    0.050;   0;   7.8;   9.2;  939.33;    7.6;   87.67;    9.4;    5.6;    4.6;eor
       2559;20181207;   10;  17.5;   2.8;    3;  13.0;   8;    1.350;   0;   7.3;   8.6;  933.64;    9.2;   74.13;   11.7;    3.6;    3.1;eor
       2559;20181208;   10;  15.7;   4.6;    3;  14.8;   6;    1.717;   0;   6.6;   6.1;  932.64;    4.2;   73.88;    6.2;    1.4;    0.7;eor
       2559;20181209;   10;  22.3;   5.2;    3;  16.6;   6;    0.017;   0;   7.6;   7.3;  926.88;    4.7;   85.42;    7.6;    2.3;    1.5;eor
       2559;20181210;   10;  11.6;   3.5;    3;   2.7;   8;    0.283;   0;   7.4;   5.7;  938.22;    2.1;   80.71;    3.9;   -0.3;   -1.0;eor
       2559;20181211;   10;   8.3;   1.8;    3;   0.1;   8;    0.250;   1;   7.3;   4.9;  939.91;   -0.2;   82.04;    1.7;   -3.6;   -5.8;eor
       2559;20181212;   10;   6.7;   1.6;    3;   0.0;   8;    6.583;   0;   4.8;   4.2;  937.94;   -2.1;   79.96;    1.8;   -5.8;   -8.1;eor
       2559;20181213;   10;   6.0;   1.8;    3;   0.0;   0;    1.150;   0;   7.4;   3.7;  931.46;   -3.2;   76.17;   -0.6;   -6.8;   -7.4;eor
       2559;20181214;   10;   5.2;   1.5;    3;   0.0;   0;    2.333;   0;   7.0;   3.1;  934.70;   -5.7;   77.13;   -2.3;   -8.4;   -7.3;eor
       2559;20181215;   10;   5.6;   1.3;    3;   0.7;   7;    4.500;   0;   4.5;   3.0;  938.55;   -6.0;   76.96;   -2.5;   -9.9;  -11.3;eor
       2559;20181216;   10;   9.4;   1.8;    3;   2.7;   8;    0.850;   1;   6.7;   4.7;  931.95;   -2.5;   89.54;    3.8;   -9.2;   -8.9;eor
       2559;20181217;   10;   7.5;   1.6;    3;   0.9;   6;    0.200;   1;   8.0;   5.4;  939.63;   -0.4;   89.79;    3.3;   -6.1;   -8.7;eor
       2559;20181218;   10;   4.7;   1.6;    3;   0.0;   0;    6.833;   0;   4.6;   4.6;  941.17;   -0.4;   77.67;    5.8;   -4.5;   -6.6;eor
       2559;20181219;   10;   6.1;   1.6;    3;   0.8;   6;    0.117;   0;   7.6;   4.9;  935.03;    1.0;   74.88;    4.3;   -4.9;   -7.1;eor
       2559;20181220;   10;  10.2;   2.2;    3;   0.4;   6;    4.783;   0;   6.5;   6.2;  936.87;    3.4;   80.88;    6.2;    1.0;   -1.2;eor
       2559;20181221;   10;  13.1;   3.1;    3;  15.0;   6;    0.000;   0;   7.6;   7.0;  935.16;    5.2;   77.46;    8.4;    1.1;   -1.0;eor
       2559;20181222;   10;  20.5;   5.6;    3;   5.6;   6;    0.000;   0;   7.8;   8.8;  937.26;    8.4;   79.38;   10.3;    6.6;    4.9;eor
       2559;20181223;   10;  17.2;   3.7;    3;  32.9;   6;    0.000;   0;   7.6;   8.7;  940.34;    7.4;   83.92;    9.3;    5.5;    4.9;eor
       2559;20181224;   10;  17.1;   2.7;    3;   8.4;   8;    0.117;   0;   7.5;   7.4;  942.71;    3.7;   91.58;    9.6;   -0.9;   -3.0;eor
       2559;20181225;   10;   4.8;   1.1;    3;   0.0;   0;    1.483;   0;   6.1;   5.4;  950.21;   -0.5;   91.58;    2.5;   -3.7;   -5.2;eor
       2559;20181226;   10;   6.6;   1.4;    3;   0.0;   0;    7.233;   0;   2.3;   4.3;  947.90;   -1.6;   80.83;    5.9;   -5.6;   -6.8;eor
       2559;20181227;   10;   3.7;   1.3;    3;   0.0;   0;    3.600;   0;   7.0;   4.5;  943.80;   -1.7;   83.88;    5.3;   -6.2;   -7.4;eor
       2559;20181228;   10;   3.5;   1.0;    3;   0.0;   8;    6.317;   0;   5.5;   4.9;  944.45;   -0.4;   84.29;    8.2;   -5.1;   -6.1;eor
       2559;20181229;   10;  10.3;   1.4;    3;   0.7;   8;    0.000;   1;   8.0;   4.8;  948.25;   -2.3;   92.08;    0.4;   -4.9;   -4.4;eor
       2559;20181230;   10;  13.9;   3.0;    3;   2.6;   8;    0.000;   0;   7.7;   6.1;  949.26;    1.6;   89.17;    2.9;    0.2;   -0.3;eor
       2559;20181231;   10;   5.7;   1.6;    3;   3.9;   8;    0.000;   0;   7.8;   6.7;  949.98;    2.0;   94.50;    3.6;   -0.1;   -0.8;eor
       2559;20190101;   10;  12.6;   2.8;    3;   1.9;   8;    0.283;   0;   7.7;   6.2;  946.65;    1.2;   93.46;    2.9;   -0.7;   -1.3;eor
       2559;20190102;   10;  15.9;   3.2;    3;   1.8;   8;    0.100;   0;   7.4;   4.7;  946.63;   -0.8;   81.67;    2.2;   -5.9;  -12.4;eor
       2559;20190103;   10;   5.5;   1.6;    3;   0.3;   7;    0.967;   1;   7.4;   3.6;  951.16;   -3.9;   78.08;   -1.9;   -6.7;  -12.2;eor
       2559;20190104;   10;   7.5;   2.0;    3;   0.4;   8;    0.000;   2;   7.6;   4.1;  950.42;   -2.6;   80.71;   -0.9;   -4.8;   -5.7;eor
       2559;20190105;   10;  13.2;   3.7;    3;  17.9;   8;    0.000;   2;   7.5;   5.1;  946.00;   -0.9;   88.25;    0.3;   -2.1;   -1.4;eor
       2559;20190106;   10;  10.3;   2.3;    3;   8.8;   8;    0.000;  24;   7.8;   6.0;  946.55;    0.4;   94.88;    1.0;    0.0;   -0.1;eor
       2559;20190107;   10;  10.1;   1.6;    3;   2.2;   8;    0.083;  25;   7.7;   5.8;  947.71;    0.6;   91.25;    1.8;    0.1;    0.0;eor
       2559;20190108;   10;  16.9;   4.5;    3;   6.1;   8;    0.050;  21;   7.5;   5.8;  936.26;    1.0;   87.54;    2.2;   -0.3;    0.0;eor
       2559;20190109;   10;  13.3;   3.3;    3;  15.5;   8;    0.000;  19;   7.5;   4.8;  930.39;   -1.1;   85.92;    1.0;   -2.9;    0.0;eor
       2559;20190110;   10;   5.2;   1.4;    3;  12.4;   8;    0.000;  39;   7.5;   4.6;  936.81;   -2.6;   91.79;   -1.1;   -3.6;    0.0;eor
       2559;20190111;   10;   8.6;   2.1;    3;   0.6;   8;    0.667;  47;   7.0;   3.8;  940.91;   -4.3;   84.42;   -1.7;  -11.3;    0.0;eor
       2559;20190112;   10;  11.3;   3.5;    3;  13.2;   8;    0.000;  43;   7.6;   5.4;  939.32;    0.2;   87.04;    2.2;   -1.8;    0.1;eor
       2559;20190113;   10;  16.9;   4.6;    3;  20.9;   8;    0.000;  46;   7.7;   6.3;  929.02;    1.6;   92.08;    4.1;    0.3;    0.1;eor
       2559;20190114;   10;  13.8;   3.7;    3;   3.2;   8;    0.000;  31;   7.1;   5.8;  929.44;    1.6;   85.00;    3.8;   -1.0;    0.1;eor
       2559;20190115;   10;   8.5;   2.5;    3;   0.0;   0;    2.100;  29;   7.1;   4.6;  938.90;    0.4;   73.67;    3.5;   -3.9;    0.1;eor
       2559;20190116;   10;   5.6;   1.8;    3;   0.0;   0;    7.633;  26;   6.5;   4.3;  932.46;   -1.5;   78.75;    7.7;   -7.8;    0.1;eor
       2559;20190117;   10;  14.6;   3.4;    3;   3.5;   8;    1.950;  25;   6.2;   5.4;  927.99;    2.8;   72.13;    7.2;   -1.3;    0.2;eor
       2559;20190118;   10;   8.9;   1.9;    3;   0.0;   0;    5.667;  26;   7.0;   3.7;  934.25;   -2.2;   71.96;    1.3;   -8.0;    0.3;eor
       2559;20190119;   10;   3.5;   1.5;    3;   0.0;   0;    7.333;  24;   5.0;   2.4;  931.49;   -9.1;   78.08;   -1.3;  -14.0;    0.2;eor
       2559;20190120;   10;   2.8;   0.9;    3;   0.0;   0;    0.000;  24;   7.0;   3.0;  930.93;   -6.5;   77.79;    2.2;  -13.7;    0.1;eor
       2559;20190121;   10;   3.4;   0.9;    3;   0.0;   0;    0.000;  23;   8.0;   4.0;  934.65;   -3.2;   83.96;    0.0;   -6.4;    0.3;eor
       2559;20190122;   10;   4.3;   1.2;    3;   0.0;   7;    4.333;  23;   4.0;   3.3;  926.74;   -6.2;   85.17;   -1.3;  -14.1;    0.3;eor
       2559;20190123;   10;   4.2;   1.2;    3;   0.0;   7;    7.217;  23;   7.7;   2.6;  915.63;   -8.7;   81.00;   -2.1;  -13.8;    0.2;eor
       2559;20190124;   10;   5.4;   1.6;    3;   0.0;   7;    1.017;  23;   7.7;   3.3;  924.31;   -5.4;   80.08;   -2.0;   -7.9;    0.2;eor
       2559;20190125;   10;   8.1;   2.1;    3;   0.1;   7;    5.067;  24;   7.4;   2.9;  932.51;   -5.5;   71.79;   -1.9;  -10.0;    0.3;eor
       2559;20190126;   10;  10.6;   3.0;    3;   0.7;   8;    0.000;  23;   7.6;   5.4;  930.01;    1.1;   79.13;    3.5;   -3.6;    0.3;eor
       2559;20190127;   10;  13.2;   2.0;    3;   5.3;   8;    0.667;  20;   7.5;   5.7;  915.41;    2.2;   79.25;    5.2;   -0.9;    0.2;eor
       2559;20190128;   10;  13.0;   4.0;    3;   3.3;   8;    0.367;  22;   7.2;   4.8;  918.75;   -0.6;   82.46;    0.9;   -1.9;    0.1;eor
       2559;20190129;   10;   7.1;   1.8;    3;   3.2;   7;    4.083;  27;   6.7;   4.0;  923.20;   -3.2;   81.67;    0.5;  -12.2;    0.1;eor
       2559;20190130;   10;  12.1;   2.4;    3;   0.0;   8;    1.200;  27;   7.8;   3.2;  915.70;   -4.3;   72.83;    2.9;  -13.2;    0.0;eor
       2559;20190131;   10;   5.5;   1.3;    3;   0.0;   0;    1.817;  25;   6.8;   3.2;  915.66;   -4.4;   73.13;    1.3;  -12.2;    0.0;eor
       2559;20190201;   10;   5.6;   1.0;    3;   1.5;   6;    0.017;  24;   7.7;   4.5;  910.13;   -0.1;   74.13;    3.8;   -3.5;    0.1;eor
       2559;20190202;   10;   4.2;   1.1;    3;  11.1;   8;    2.067;  22;   7.3;   6.6;  914.86;    2.2;   92.67;    6.7;    0.5;    0.2;eor
       2559;20190203;   10;   8.5;   1.5;    3;  12.4;   7;    0.000;  21;   7.7;   5.5;  930.66;   -0.7;   94.67;    1.4;   -2.5;    0.2;eor
       2559;20190204;   10;   5.1;   1.3;    3;   0.0;   0;    7.083;  34;   4.5;   3.9;  943.95;   -3.9;   85.46;    1.3;  -10.0;    0.1;eor
       2559;20190205;   10;   4.4;   1.5;    3;   0.0;   0;    8.550;  29;   3.3;   3.0;  944.45;   -6.9;   82.13;    2.7;  -12.8;    0.1;eor
       2559;20190206;   10;   3.8;   1.4;    3;   0.0;   0;    8.817;  27;   4.8;   3.0;  942.17;   -7.2;   80.83;    3.6;  -14.6;    0.1;eor
       2559;20190207;   10;   8.8;   2.0;    3;   2.3;   6;    0.000;  27;   7.8;   4.8;  935.46;   -1.6;   85.42;    6.4;  -12.5;    0.1;eor
       2559;20190208;   10;   7.8;   1.9;    3;   0.0;   0;    7.717;  24;   6.6;   5.0;  936.40;    1.5;   75.13;    7.1;   -3.1;    0.2;eor
       2559;20190209;   10;  14.9;   2.7;    3;   4.5;   6;    1.150;  22;   7.7;   5.9;  933.30;    3.5;   75.17;    7.5;   -2.2;    0.2;eor
       2559;20190210;   10;  18.0;   2.8;    3;   9.0;   8;    3.267;  19;   7.8;   5.7;  925.42;    4.5;   69.67;   12.8;    0.6;    0.1;eor
       2559;20190211;   10;  15.5;   4.0;    3;   0.8;   8;    0.050;  18;   7.7;   5.2;  935.94;    1.2;   77.79;    2.8;    0.1;    0.1;eor
       2559;20190212;   10;   8.3;   2.3;    3;   0.1;   8;    0.000;  18;   6.5;   4.8;  949.67;   -0.1;   78.63;    1.8;   -6.4;    0.1;eor
       2559;20190213;   10;   5.0;   1.8;    3;   0.0;   0;    9.167;  17;   3.5;   3.7;  952.52;   -1.5;   70.92;    7.0;   -7.4;    0.0;eor
       2559;20190214;   10;   4.2;   1.4;    3;   0.0;   0;    9.067;  17;   5.0;   4.5;  952.41;    0.7;   73.00;   11.4;   -6.6;   -0.1;eor
       2559;20190215;   10;   4.0;   1.5;    3;   0.0;   0;    9.333;  16;   0.5;   4.1;  949.33;    1.3;   65.33;   12.9;   -6.2;   -0.2;eor
       2559;20190216;   10;   4.5;   1.7;    3;   0.0;   0;    9.433;  13;   0.0;   3.8;  946.48;    2.0;   59.21;   13.8;   -5.2;   -0.2;eor
       2559;20190217;   10;   5.5;   2.1;    3;   0.0;   0;    9.483;  13;   2.0;   3.8;  943.50;    3.1;   53.38;   14.6;   -4.3;   -0.2;eor
       2559;20190218;   10;   4.8;   1.7;    3;   0.0;   0;    9.500;  12;   0.1;   3.8;  939.05;    1.8;   58.00;   12.9;   -6.1;   -0.2;eor
       2559;20190219;   10;   7.5;   2.1;    3;   0.0;   6;    5.333;  11;   6.1;   5.1;  939.05;    4.2;   62.83;   11.4;   -1.1;   -0.2;eor
       2559;20190220;   10;   4.1;   1.4;    3;   0.0;   0;    6.067;   8;   7.0;   5.8;  941.88;    3.7;   74.33;   10.3;   -1.1;    0.3;eor
       2559;20190221;   10;   6.7;   1.7;    3;   1.1;   6;    8.700;   6;   5.7;   5.5;  945.70;    5.4;   64.50;   12.8;   -1.3;   -0.2;eor
       2559;20190222;   10;   7.8;   1.3;    3;   1.5;   6;    0.300;   0;   6.7;   7.4;  950.15;    4.4;   88.67;    7.6;    0.6;   -0.6;eor
       2559;20190223;   10;   9.6;   2.6;    3;   0.0;   0;    6.200;   0;   5.0;   4.8;  952.00;    1.8;   69.38;    5.5;   -2.9;   -2.6;eor
       2559;20190224;   10;   5.9;   1.1;    3;   0.0;   0;    6.550;   0;   3.3;   3.9;  952.05;    0.3;   64.71;    8.1;   -6.7;   -5.2;eor
       2559;20190225;   10;   7.4;   1.5;    3;   0.0;   0;    9.967;   0;   2.6;   5.3;  952.21;    2.8;   71.83;   11.3;   -4.5;   -4.9;eor
       2559;20190226;   10;   4.8;   1.6;    3;   0.0;   0;    9.333;   0;   4.2;   5.4;  950.30;    4.3;   69.04;   15.2;   -3.5;   -4.7;eor
       2559;20190227;   10;   5.5;   2.0;    3;   0.0;   0;   10.067;   0;   1.1;   5.1;  944.87;    5.8;   59.79;   15.8;   -2.1;   -3.1;eor
       2559;20190228;   10;  11.9;   3.2;    3;   0.8;   6;    9.983;   0;   1.8;   5.8;  938.32;    9.2;   52.54;   16.0;    0.8;   -1.9;eor
       2559;20190301;   10;  12.2;   3.2;    3;   9.4;   6;    0.000;   0;   7.6;   7.4;  934.89;    5.2;   83.92;    7.5;    3.4;    3.4;eor
       2559;20190302;   10;   9.3;   2.7;    3;   0.0;   6;    0.250;   0;   7.8;   6.8;  936.60;    5.3;   77.21;    7.7;    3.6;    0.4;eor
       2559;20190303;   10;  10.3;   2.7;    3;   0.0;   0;    7.433;   0;   7.6;   6.4;  934.01;    8.1;   60.21;   12.5;    3.8;    0.3;eor
       2559;20190304;   10;  22.6;   5.0;    3;   5.4;   8;    3.600;   0;   6.4;   5.3;  924.60;    6.2;   57.21;   13.8;    1.9;   -1.4;eor
       2559;20190305;   10;  15.0;   3.7;    3;   0.0;   8;    3.967;   0;   6.5;   5.6;  930.72;    5.1;   64.29;    8.6;    1.4;   -0.3;eor
       2559;20190306;   10;   5.2;   1.7;    3;   0.0;   0;    5.217;   0;   7.3;   5.5;  926.88;    5.7;   62.88;   15.2;   -1.7;   -3.4;eor
       2559;20190307;   10;  17.2;   2.9;    3;   5.5;   6;    2.083;   0;   6.8;   6.6;  924.30;    7.0;   67.54;   13.1;    2.3;    0.2;eor
       2559;20190308;   10;  12.2;   3.1;    3;   2.8;   6;    1.483;   0;   6.6;   6.4;  934.97;    4.1;   78.54;    6.7;    1.1;   -1.3;eor
       2559;20190309;   10;  17.4;   4.4;    3;   6.0;   6;    1.550;   0;   7.8;   7.3;  937.60;    7.1;   72.54;   10.9;    3.5;    1.0;eor
       2559;20190310;   10;  23.0;   5.2;    3;  18.9;   8;    0.867;   0;   7.0;   8.6;  933.10;    8.2;   78.58;   11.6;    4.7;    3.0;eor
       2559;20190311;   10;  16.9;   4.4;    3;   4.7;   8;    0.350;   0;   6.2;   4.9;  938.93;    1.5;   72.63;    5.0;   -1.3;   -2.9;eor
       2559;20190312;   10;   9.9;   2.7;    3;   1.1;   6;    8.250;   1;   5.7;   4.2;  938.29;    3.5;   56.08;    9.1;    0.1;   -2.1;eor
       2559;20190313;   10;  17.4;   4.4;    3;   6.3;   8;    4.183;   0;   6.5;   5.5;  931.57;    3.6;   71.25;   10.3;    0.2;    0.0;eor
       2559;20190314;   10;  15.1;   4.9;    3;  10.4;   8;    0.000;   0;   6.6;   6.2;  929.75;    2.3;   86.54;    3.5;    1.0;    0.1;eor
       2559;20190315;   10;  19.2;   4.8;    3;  24.2;   6;    0.000;   0;   7.6;   8.0;  931.37;    5.4;   88.42;    8.3;    2.1;    2.1;eor
       2559;20190316;   10;  13.6;   3.9;    3;   0.0;   0;    7.233;   0;   4.7;   7.5;  933.11;    9.6;   63.96;   15.4;    4.6;    0.2;eor
       2559;20190317;   10;  15.8;   3.4;    3;  11.1;   8;    8.100;   0;   6.1;   5.3;  928.25;    7.4;   57.08;   17.5;    0.1;   -2.2;eor
       2559;20190318;   10;  10.4;   2.4;    3;   2.1;   8;    4.067;   0;   7.1;   5.7;  937.01;    1.8;   82.42;    5.7;   -0.1;   -2.2;eor
       2559;20190319;   10;   4.9;   1.5;    3;   0.0;   8;    2.183;   0;   5.5;   5.2;  943.52;    1.6;   77.38;    6.4;   -3.0;   -4.0;eor
       2559;20190320;   10;   6.9;   1.8;    3;   0.0;   0;   11.100;   0;   0.0;   4.4;  948.98;    1.7;   66.83;    8.5;   -4.4;   -5.6;eor
       2559;20190321;   10;   7.5;   1.9;    3;   0.0;   0;   11.167;   0;   2.3;   4.6;  947.93;    4.0;   60.79;   12.5;   -3.9;   -5.9;eor
       2559;20190322;   10;   5.0;   1.7;    3;   0.0;   0;   11.033;   0;   2.9;   5.6;  946.50;    6.2;   63.71;   16.5;   -2.8;   -4.6;eor
       2559;20190323;   10;   5.8;   1.8;    3;   0.0;   0;   11.217;   0;   1.2;   5.9;  944.77;    8.5;   57.38;   18.1;    0.0;   -2.4;eor
       2559;20190324;   10;   8.4;   2.1;    3;   0.0;   0;   11.067;   0;   1.5;   6.5;  940.78;    8.5;   63.13;   17.5;   -0.3;   -2.2;eor
       2559;20190325;   10;  12.4;   2.6;    3;   5.9;   8;    2.550;   0;   7.0;   6.2;  938.98;    4.5;   74.75;    8.7;   -0.4;   -1.7;eor
       2559;20190326;   10;   5.3;   1.3;    3;   0.0;   7;    4.517;   4;   6.1;   5.1;  944.88;    1.8;   74.42;    6.4;   -0.7;   -0.6;eor
       2559;20190327;   10;   7.1;   1.7;    3;   0.0;   0;    2.883;   0;   6.9;   5.6;  947.20;    3.8;   71.33;    8.3;    0.1;   -0.8;eor
       2559;20190328;   10;  12.0;   2.5;    3;   0.0;   0;   11.483;   0;   1.5;   5.7;  948.01;    6.1;   63.54;   12.0;   -1.5;   -3.5;eor
       2559;20190329;   10;   5.5;   1.4;    3;   0.0;   0;   11.650;   0;   0.0;   6.0;  945.63;    7.1;   63.88;   15.4;   -0.8;   -3.5;eor
       2559;20190330;   10;   6.0;   1.9;    3;   0.0;   0;   11.400;   0;   3.2;   6.0;  941.46;    7.9;   60.88;   17.1;   -1.1;   -3.1;eor
       2559;20190331;   10;   8.4;   2.2;    3;   0.0;   0;   11.683;   0;   0.5;   6.1;  937.57;    8.7;   60.00;   17.6;   -0.4;   -2.1;eor
       2559;20190401;   10;   6.4;   1.7;    3;   0.0;   0;   11.617;   0;   1.2;   7.3;  934.92;    8.1;   69.17;   16.1;    0.1;   -1.8;eor
       2559;20190402;   10;   9.2;   2.0;    3;   0.0;   0;    9.117;   0;   7.5;   5.8;  929.42;   11.5;   48.50;   19.9;    1.6;   -1.4;eor
       2559;20190403;   10;  11.9;   1.9;    3;   0.0;   0;    6.100;   0;   7.4;   6.9;  921.48;    9.8;   58.75;   17.1;    4.3;    2.8;eor
       2559;20190404;   10;   9.3;   2.3;    3;   0.1;   8;    0.000;   0;   7.8;   6.1;  918.22;    3.0;   80.75;    5.6;    0.9;    0.6;eor
       2559;20190405;   10;   5.0;   1.3;    3;   0.0;   0;    0.017;   0;   8.0;   6.2;  922.48;    4.4;   74.92;    7.5;    1.0;    0.3;eor
       2559;20190406;   10;   6.6;   1.8;    3;   0.0;   0;   11.767;   0;   2.9;   6.9;  921.91;    7.2;   70.38;   16.0;   -1.5;   -2.7;eor
       2559;20190407;   10;   7.6;   2.2;    3;   3.9;   6;    2.483;   0;   7.4;   8.3;  923.49;    8.3;   76.67;   14.1;    2.3;    1.1;eor
       2559;20190408;   10;   6.2;   1.7;    3;   1.0;   6;    0.000;   0;   7.8;   8.6;  928.80;    7.5;   82.92;    9.7;    5.9;    5.6;eor
       2559;20190409;   10;   5.6;   1.2;    3;  10.5;   6;    0.850;   0;   7.8;   9.2;  927.89;    8.2;   85.13;   10.9;    5.9;    5.3;eor
       2559;20190410;   10;   4.3;   1.2;    3;   5.7;   6;    0.000;   0;   7.8;   9.4;  927.89;    7.4;   91.63;    9.4;    6.2;    6.0;eor
       2559;20190411;   10;   6.1;   1.6;    3;   0.0;   6;    0.000;   0;   7.8;   7.8;  932.90;    5.6;   85.04;    7.0;    4.0;    2.4;eor
       2559;20190412;   10;   6.6;   1.6;    3;   0.0;   0;    1.633;   0;   7.9;   5.8;  935.20;    4.3;   69.67;    7.7;    1.4;   -1.6;eor
       2559;20190413;   10;   7.0;   1.5;    3;   2.1;   8;    1.667;   0;   7.6;   5.9;  934.42;    3.8;   74.46;    8.9;   -0.3;   -2.3;eor
       2559;20190414;   10;   5.4;   1.2;    3;   0.1;   8;    0.000;   0;   7.2;   6.3;  935.26;    3.1;   82.17;    5.2;    0.4;    0.2;eor
       2559;20190415;   10;   8.7;   2.2;    3;   0.0;   0;    9.650;   0;   2.0;   7.0;  937.47;    6.7;   71.92;   13.9;   -1.1;   -3.1;eor
       2559;20190416;   10;   8.8;   1.8;    3;   0.4;   6;    8.567;   0;   4.0;   6.7;  935.78;    9.3;   61.38;   16.8;    0.3;   -2.2;eor
       2559;20190417;   10;   7.9;   1.9;    3;   0.0;   0;   10.450;   0;   5.2;   7.3;  939.15;   10.7;   59.00;   17.2;    4.5;    1.7;eor
       2559;20190418;   10;   7.4;   1.8;    3;   0.0;   0;   11.850;   0;   1.3;   7.2;  940.23;   11.0;   58.08;   19.6;    0.9;   -0.8;eor
       2559;20190419;   10;   7.3;   2.0;    3;   0.0;   0;   12.217;   0;   0.3;   7.0;  944.08;   11.9;   55.38;   20.8;    2.1;    1.0;eor
       2559;20190420;   10;   7.3;   2.0;    3;   0.0;   0;   12.717;   0;   0.0;   7.1;  943.69;   12.1;   55.50;   21.4;    2.2;    1.0;eor
       2559;20190421;   10;   7.1;   1.9;    3;   0.0;   0;   10.667;   0;   4.5;   6.7;  936.99;   12.4;   52.50;   22.2;    1.7;    0.4;eor
       2559;20190422;   10;   8.1;   2.3;    3;   0.0;   6;   10.350;   0;   6.6;   7.5;  926.59;   13.2;   53.83;   22.5;    1.7;    1.2;eor
       2559;20190423;   10;   6.5;   1.6;    3;   0.0;   6;    2.767;   0;   6.8;   7.9;  919.42;   13.9;   53.29;   21.1;    6.0;    4.9;eor
       2559;20190424;   10;  13.0;   2.6;    3;   0.0;   0;    8.417;   0;   5.3;   7.5;  924.17;   15.1;   48.46;   23.8;    5.0;    3.7;eor
       2559;20190425;   10;  10.4;   2.0;    3;   0.0;   0;    6.967;   0;   5.2;   7.1;  928.67;   13.3;   53.83;   23.5;    3.0;    2.0;eor
       2559;20190426;   10;  10.2;   2.3;    3;   2.7;   6;    0.550;   0;   6.0;   7.4;  933.77;    5.3;   82.75;    7.6;    1.8;    0.7;eor
       2559;20190427;   10;  13.5;   3.0;    3;   6.5;   6;    2.700;   0;   7.4;   7.6;  936.33;    7.0;   76.71;   12.5;    2.9;    3.3;eor
       2559;20190428;   10;   9.7;   2.1;    3;   0.7;   6;    4.100;   0;   7.0;   6.3;  937.79;    4.4;   76.67;    9.4;    0.6;   -0.3;eor
       2559;20190429;   10;   7.8;   1.4;    3;   8.0;   6;    0.133;   0;   7.6;   7.4;  938.52;    4.5;   87.21;    8.3;    1.8;    1.2;eor
       2559;20190430;   10;   6.5;   2.1;    3;   2.0;   6;    0.467;   0;   7.6;   8.3;  937.21;    6.2;   87.67;    9.7;    3.7;    2.9;eor
       2559;20190501;    3;   6.5;   1.8;    3;   0.0;   0;   13.033;-999;   0.7;   6.7;  934.25;    8.6;   65.58;   16.7;    0.1;   -0.6;eor
       2559;20190502;    3;  11.5;   3.0;    3;   4.3;   6;   10.017;   0;   4.3;   7.8;  929.90;   10.5;   65.29;   18.5;    2.9;    1.4;eor
       2559;20190503;    3;   8.6;   2.1;    3;   0.8;   6;    0.050;   0;   7.7;   8.7;  929.73;    7.5;   84.50;    9.3;    4.4;    2.8;eor
       2559;20190504;    3;  10.9;   2.1;    3;  12.3;   8;    0.767;   0;   7.0;   7.4;  926.50;    4.4;   88.17;   11.3;    0.3;    0.0;eor
       2559;20190505;    3;   8.7;   1.4;    3;   3.1;   8;    0.683;   0;   7.7;   6.1;  933.20;    1.6;   89.54;    5.3;    0.2;   -0.2;eor
       2559;20190506;    3;   6.2;   1.2;    3;   0.8;   8;    1.950;   0;   7.8;   5.8;  937.41;    3.4;   75.79;    7.2;    0.0;   -0.7;eor
       2559;20190507;    3;   5.4;   1.7;    3;   0.0;   0;   11.400;   0;   6.2;   5.5;  935.20;    6.2;   62.38;   14.4;   -1.4;   -3.1;eor
       2559;20190508;    3;  11.0;   1.9;    3;   0.3;   6;    0.050;   0;   7.4;   8.0;  926.17;    9.4;   68.50;   16.0;    1.0;   -0.5;eor
       2559;20190509;    3;  17.1;   3.3;    3;   4.3;   6;    8.567;   0;   5.2;   8.3;  924.19;    9.7;   70.88;   15.2;    2.0;    0.3;eor
       2559;20190510;    3;   9.4;   2.7;    3;   0.5;   6;    5.433;   0;   7.2;   9.2;  930.99;   10.5;   73.88;   15.2;    7.2;    5.8;eor
       2559;20190511;    3;  13.8;   2.7;    3;  13.5;   6;    0.000;   0;   7.8;   9.6;  932.30;    8.9;   84.08;   12.0;    5.2;    4.9;eor
       2559;20190512;    3;   8.2;   1.6;    3;  10.8;   8;    0.000;   0;   7.6;   7.6;  944.98;    4.1;   92.04;    6.0;    1.5;    2.3;eor
       2559;20190513;    3;  10.0;   2.0;    3;   0.0;   6;    3.267;   0;   6.9;   7.1;  948.53;    6.3;   75.50;   10.3;    2.8;    0.2;eor
       2559;20190514;    3;   9.1;   1.9;    3;   2.6;   8;    6.250;   0;   4.5;   5.8;  943.94;    5.0;   68.21;   10.4;   -0.3;   -2.4;eor
       2559;20190515;    3;   7.2;   1.6;    3;   0.0;   6;    0.000;   0;   8.0;   6.6;  938.71;    4.8;   77.29;    8.3;    1.2;    0.0;eor
       2559;20190516;    3;   6.3;   1.5;    3;   0.0;   0;    1.183;   0;   5.6;   7.5;  931.73;    6.4;   78.96;   11.7;    0.6;   -1.4;eor
       2559;20190517;    3;   6.6;   1.5;    3;   0.0;   6;    8.050;-999;   4.3;   8.2;  925.51;    9.9;   71.08;   19.3;    0.2;   -1.0;eor
       2559;20190518;    3;   6.6;   1.6;    3;   0.0;   6;    6.150;-999;   7.2;   9.5;  924.17;   11.9;   70.50;   19.6;    3.4;    1.9;eor
       2559;20190519;    3;  10.4;   1.6;    3;  17.3;   6;    3.667;-999;   7.7;  11.1;  923.43;   11.9;   81.00;   19.6;    6.3;    5.0;eor
       2559;20190520;    3;  10.5;   2.2;    3;  59.3;   6;    0.000;-999;   7.7;  11.8;  924.15;   10.2;   94.58;   10.7;    9.5;    9.2;eor
       2559;20190521;    3;  11.8;   3.1;    3;  27.8;   6;    0.000;-999;   7.7;  11.0;  930.73;    9.5;   92.46;   10.2;    8.8;    8.3;eor
       2559;20190522;    3;   6.3;   1.8;    3;   1.8;   6;    0.283;-999;   7.9;  11.1;  937.13;   10.9;   85.71;   14.7;    8.7;    8.6;eor
       2559;20190523;    3;   5.1;   1.3;    3;   0.0;   0;    9.867;-999;   6.4;  10.3;  937.08;   12.9;   72.67;   19.0;    6.3;    4.7;eor
       2559;20190524;    3;   6.1;   1.7;    3;   0.0;   0;   11.900;-999;   5.1;   9.5;  934.05;   13.7;   64.83;   21.7;    4.2;    3.1;eor
       2559;20190525;    3;   9.9;   1.8;    3;   0.6;   6;    3.350;-999;   7.1;  10.9;  934.74;   13.0;   74.67;   19.2;    6.7;    5.0;eor
       2559;20190526;    3;   4.6;   1.4;    3;   0.0;   0;    3.483;-999;   5.8;  11.3;  935.07;   13.7;   74.17;   19.4;    8.9;    7.1;eor
       2559;20190527;    3;   5.8;   1.5;    3;  20.6;   6;    0.683;-999;   7.0;  11.8;  930.15;   13.4;   77.38;   17.9;    8.6;    6.5;eor
       2559;20190528;    3;   7.4;   2.1;    3;  18.0;   6;    0.000;-999;   7.8;  11.3;  928.68;   10.0;   92.04;   11.8;    7.8;    7.4;eor
       2559;20190529;    3;   6.2;   1.6;    3;   7.9;   6;    0.617;-999;   7.8;  10.0;  938.04;    8.8;   88.25;   13.5;    7.7;    7.4;eor
       2559;20190530;    3;   5.1;   1.5;    3;   0.0;   0;    9.183;-999;   4.0;   9.4;  944.22;   11.5;   72.21;   18.2;    4.5;    3.0;eor
       2559;20190531;    3;   6.0;   1.5;    3;   0.0;   0;    6.567;-999;   5.6;  10.6;  944.43;   14.3;   66.63;   21.2;    9.1;    7.5;eor
       2559;20190601;    3;   6.5;   1.8;    3;   0.0;   0;   13.900;-999;   3.1;  11.2;  941.45;   16.7;   64.17;   24.7;    6.7;    5.4;eor
       2559;20190602;    3;   5.5;   1.7;    3;   0.0;   0;   13.883;-999;   1.8;  12.1;  937.81;   18.6;   61.54;   27.2;    8.8;    7.2;eor
       2559;20190603;    3;  11.0;   2.0;    3;   0.1;   6;   11.683;-999;   2.8;  12.8;  936.03;   19.8;   59.00;   28.2;   11.5;    9.3;eor
       2559;20190604;    3;   6.3;   1.8;    3;   0.0;   0;   13.850;-999;   2.0;  13.6;  932.35;   20.4;   60.54;   28.5;   12.4;   10.8;eor
       2559;20190605;    3;   7.0;   2.0;    3;   0.0;   0;   13.100;-999;   1.4;  13.6;  927.55;   21.0;   58.13;   28.8;   11.7;    9.9;eor
       2559;20190606;    3;  11.5;   2.1;    3;   1.8;   6;    0.317;-999;   6.9;  12.2;  932.61;   14.0;   77.42;   20.0;   10.2;   10.4;eor
       2559;20190607;    3;  11.1;   2.0;    3;   0.0;   6;   13.967;-999;   1.3;  11.9;  932.15;   18.0;   62.92;   28.3;    7.7;    6.0;eor
       2559;20190608;    3;   9.0;   2.1;    3;   0.0;   0;    6.500;-999;   5.5;   8.4;  942.35;   14.7;   53.08;   21.1;    8.4;    6.8;eor
       2559;20190609;    3;   9.5;   1.5;    3;   2.7;   6;    6.233;-999;   6.8;  11.7;  940.27;   15.0;   70.88;   24.4;    6.5;    4.9;eor
       2559;20190610;    1;  14.6;   1.5;    1;  23.7;   8;    3.533;-999;   7.3;  15.0;  933.59;   15.2;   87.46;   20.9;   11.6;   10.9;eor
       2559;20190611;    1;   8.5;   1.9;    1;   0.1;   6;    5.167;-999;   6.4;  14.2;  930.29;   15.1;   83.21;   18.6;   10.2;    9.8;eor
       2559;20190612;    1;  13.5;   1.6;    1;   0.2;   6;    3.200;-999;   7.5;  13.3;  930.61;   14.4;   80.92;   17.5;   11.7;   12.5;eor
       2559;20190613;    1;   6.3;   1.3;    1;   0.0;   0;    8.417;-999;   4.8;  12.4;  934.70;   17.2;   66.04;   23.2;   10.8;    9.5;eor
       2559;20190614;    1;   6.0;   1.6;    1;   0.0;   0;    9.650;-999;   3.4;  14.5;  934.93;   19.3;   68.13;   27.4;    9.7;    8.3;eor
       2559;20190615;    1;  14.9;   2.3;    1;  13.1;   6;    7.533;-999;   6.3;  14.3;  934.88;   18.3;   70.25;   23.5;   12.4;   12.2;eor
       2559;20190616;    1;   7.9;   1.9;    1;   0.0;   0;    3.533;-999;   6.7;  13.3;  940.41;   15.6;   75.71;   19.0;   11.6;   10.1;eor
       2559;20190617;    1;   7.3;   1.7;    1;   0.0;   0;   10.467;-999;   4.0;  14.5;  938.05;   17.7;   73.96;   24.7;    9.5;    8.3;eor
       2559;20190618;    1;   8.8;   1.8;    1;   5.0;   6;   12.317;-999;   3.2;  14.4;  935.47;   19.9;   66.79;   27.8;   11.7;   10.5;eor
       2559;20190619;    1;  13.9;   1.9;    1;   3.1;   6;   12.850;-999;   4.1;  13.6;  932.63;   21.3;   59.58;   28.6;   13.8;   13.3;eor
       2559;20190620;    1;   6.8;   1.8;    1;   4.9;   6;    4.917;-999;   6.5;  15.6;  934.82;   17.0;   81.42;   22.0;   13.3;   12.0;eor
       2559;20190621;    1;   5.9;   1.3;    1;  19.5;   6;    3.000;-999;   7.8;  15.5;  937.20;   16.7;   82.71;   22.3;   12.2;   11.1;eor
       2559;20190622;    1;   6.9;   1.4;    1;  15.1;   6;    1.100;-999;   7.8;  15.8;  935.95;   15.9;   87.96;   22.1;   13.7;   13.3;eor
       2559;20190623;    1;   6.3;   1.6;    1;   1.1;   6;    8.683;-999;   5.2;  16.2;  937.53;   18.1;   79.46;   23.5;   14.2;   12.9;eor
       2559;20190624;    1;   6.7;   1.7;    1;   0.0;   0;   13.867;-999;   3.6;  16.2;  939.30;   21.2;   67.38;   28.4;   12.5;   11.4;eor
       2559;20190625;    1;   4.1;   1.5;    1;   0.0;   0;   13.833;-999;   1.2;  17.8;  940.75;   23.8;   64.63;   33.0;   14.2;   12.9;eor
       2559;20190626;    1;   4.6;   1.6;    1;   0.0;   4;   13.833;-999;   0.1;  17.6;  943.34;   25.5;   59.00;   34.6;   15.2;   13.8;eor
       2559;20190627;    1;   7.6;   1.9;    1;   0.0;   0;   13.750;-999;   0.5;  20.0;  942.61;   25.3;   63.50;   32.1;   17.1;   15.8;eor
       2559;20190628;    1;   5.7;   1.4;    1;   0.0;   0;   13.917;-999;   0.3;  13.3;  941.45;   21.8;   55.04;   28.3;   13.5;   12.2;eor
       2559;20190629;    1;   6.7;   1.8;    1;   0.0;   0;   13.900;-999;   0.0;  13.6;  939.03;   21.6;   58.42;   30.2;   11.5;   10.3;eor
       2559;20190630;    1;  11.5;   2.6;    1;   0.0;   0;   13.917;-999;   1.2;  15.2;  938.10;   24.5;   53.88;   33.0;   14.1;   12.4;eor
       2559;20190701;    1;  10.5;   2.4;    1;  18.5;   6;    9.617;-999;   6.5;  16.7;  937.93;   23.7;   58.75;   30.6;   16.8;   16.3;eor
       2559;20190702;    1;   6.9;   1.6;    1;   0.0;   0;    5.850;-999;   6.9;  17.8;  939.02;   19.9;   77.50;   24.5;   16.1;   13.7;eor
       2559;20190703;    1;   6.1;   1.4;    1;   0.0;   0;    8.233;-999;   6.0;  13.4;  939.44;   18.3;   65.21;   23.0;   12.3;   11.2;eor
       2559;20190704;    1;   6.3;   1.5;    1;   0.0;   0;   13.917;-999;   0.7;  12.3;  939.77;   18.8;   59.79;   25.4;   10.4;    9.0;eor
       2559;20190705;    1;  10.5;   2.5;    1;   0.0;   0;   12.767;-999;   1.9;  12.9;  937.51;   20.5;   57.92;   28.0;   12.4;   10.9;eor
       2559;20190706;    1;  17.5;   2.6;    1;   5.5;   8;    8.583;-999;   4.6;  13.5;  933.66;   20.3;   59.50;   28.3;   12.1;   10.2;eor
       2559;20190707;    1;  15.5;   2.2;    1;   9.8;   6;    3.767;-999;   7.2;  15.5;  933.00;   16.7;   82.79;   23.6;   14.0;   13.6;eor
       2559;20190708;    1;   4.4;   1.1;    1;   0.9;   6;    0.000;-999;   7.8;  14.8;  936.15;   14.8;   87.83;   17.4;   13.2;   12.7;eor
       2559;20190709;    1;   4.9;   1.3;    1;   0.0;   0;    4.100;-999;   6.6;  11.1;  936.63;   15.0;   66.17;   19.8;    9.3;    7.6;eor
