STATIONS_ID;MESS_DATUM;QN_3;  FX;  FM;QN_4; RSK;RSKF; SDK;SHK_TAG;  NM; VPM;  PM; TMK; UPM; TXK; TNK; TGK;eor
       2014;20180105;   10;  17.0;   5.4;    3;   0.8;   6;    0.350;   0;   7.2;   8.2;  988.34;    7.2;   79.92;    8.3;    6.2;    3.5;eor
       2014;20180106;   10;   9.1;   3.5;    3;   0.0;   6;    0.400;   0;   6.3;   7.7; 1001.57;    5.5;   84.58;    7.4;    3.3;    1.5;eor
       2014;20180107;   10;  10.3;   5.4;    3;   0.0;   0;    3.133;   0;   4.6;   5.3; 1020.75;    0.5;   83.17;    3.4;   -2.6;   -3.6;eor
       2014;20180108;   10;  13.2;   6.8;    3;   0.0;   0;    6.233;   0;   2.9;   4.0; 1022.56;   -1.2;   72.63;    1.5;   -3.1;   -4.0;eor
       2014;20180109;   10;  13.2;   5.2;    3;   0.7;   6;    0.583;   0;   5.3;   5.5; 1008.41;    0.9;   82.50;    3.3;   -1.6;   -2.5;eor
       2014;20180110;   10;   8.1;   2.5;    3;   0.0;   0;    1.350;   0;   5.3;   7.8; 1004.08;    4.7;   91.46;    8.8;    0.9;   -2.2;eor
       2014;20180111;   10;   4.6;   1.5;    3;   0.0;   6;    1.100;   0;   5.4;   6.7; 1009.95;    1.4;   98.29;    4.8;   -1.7;   -2.9;eor
       2014;20180112;   10;   6.5;   2.5;    3;   0.0;   6;    0.000;   0;   8.0;   7.2; 1019.44;    2.4;   99.17;    2.9;    2.0;    1.8;eor
       2014;20180113;   10;   9.9;   4.8;    3;   0.0;   0;    0.000;   0;   8.0;   6.3; 1021.33;    1.8;   90.13;    2.7;    0.0;   -0.3;eor
       2014;20180114;   10;  11.3;   5.4;    3;   0.0;   0;    6.100;   0;   3.3;   4.8; 1017.77;    0.1;   77.79;    1.7;   -1.3;   -2.9;eor
       2014;20180115;   10;  16.3;   7.0;    3;   1.3;   6;    0.917;   0;   5.4;   5.8; 1000.57;    2.6;   77.58;    5.9;   -0.9;   -3.5;eor
       2014;20180116;   10;  14.6;   5.4;    3;   4.8;   8;    0.367;   0;   7.2;   6.9;  983.23;    3.4;   88.92;    5.6;    1.4;    0.3;eor
       2014;20180117;   10;  12.9;   5.6;    3;   0.7;   8;    0.200;   0;   7.5;   6.2;  988.74;    1.8;   88.96;    3.2;    0.2;   -0.1;eor
       2014;20180118;   10;  29.0;   8.5;    3;   4.2;   6;    0.433;   0;   7.3;   6.7;  986.50;    3.5;   85.50;    8.1;    1.7;    1.1;eor
       2014;20180119;   10;   9.3;   3.2;    3;   0.7;   8;    0.100;   0;   6.3;   6.4;  998.25;    1.8;   92.13;    3.6;   -0.5;   -2.8;eor
       2014;20180120;   10;   7.2;   2.8;    3;   0.0;   8;    0.000;   0;   7.5;   6.2;  997.38;    1.8;   88.75;    3.6;   -0.2;   -0.8;eor
       2014;20180121;   10;   6.2;   2.0;    3;   0.1;   7;    0.000;   0;   7.5;   6.0; 1005.05;    1.0;   92.50;    2.5;   -0.7;   -1.5;eor
       2014;20180122;   10;   9.6;   3.7;    3;   2.1;   8;    0.000;   0;   8.0;   7.0; 1001.88;    2.5;   95.08;    5.7;    0.4;    0.0;eor
       2014;20180123;   10;   9.9;   4.6;    3;   0.8;   6;    0.167;   0;   7.9;   8.6; 1011.68;    6.7;   87.50;    8.9;    5.5;    4.9;eor
       2014;20180124;   10;  13.7;   7.0;    3;   1.8;   6;    0.050;   0;   7.6;  10.9; 1006.25;   11.3;   81.79;   12.7;    8.7;    8.2;eor
       2014;20180125;   10;  13.4;   3.9;    3;   2.2;   6;    0.000;   0;   8.0;   9.3; 1004.85;    8.3;   84.67;   12.6;    6.8;    5.7;eor
       2014;20180126;   10;   5.7;   1.7;    3;   0.0;   0;    0.000;   0;   6.9;   8.9; 1011.23;    5.8;   96.00;    8.0;    1.5;    0.1;eor
       2014;20180127;   10;  15.3;   3.3;    3;   0.2;   6;    0.950;   0;   6.7;   7.6; 1020.87;    5.6;   83.42;    7.2;    2.9;    0.1;eor
       2014;20180128;   10;  16.1;   6.8;    3;   1.3;   6;    0.017;   0;   7.8;   9.6; 1017.58;    8.1;   88.67;   10.2;    5.1;    4.5;eor
       2014;20180129;   10;  18.7;   8.3;    3;   3.6;   6;    0.017;   0;   7.5;   9.8; 1013.76;    8.9;   85.67;   10.6;    4.4;    3.1;eor
       2014;20180130;   10;  13.4;   4.8;    3;   0.0;   6;    0.833;   0;   6.3;   7.1; 1018.30;    4.3;   85.33;    6.4;    2.5;   -0.7;eor
       2014;20180131;   10;  14.9;   5.4;    3;   5.5;   6;    0.000;   0;   7.9;   8.2;  998.01;    5.7;   88.08;   10.1;    2.5;   -0.5;eor
       2014;20180201;   10;  13.4;   4.9;    3;   0.1;   6;    3.983;   0;   4.2;   6.2;  991.57;    3.2;   81.04;    6.0;    1.5;   -0.2;eor
       2014;20180202;   10;  10.3;   4.6;    3;   1.5;   8;    0.000;   0;   7.3;   6.7;  994.02;    3.2;   87.67;    4.0;    1.2;    0.6;eor
       2014;20180203;   10;   8.2;   3.2;    3;   2.5;   8;    0.333;   0;   7.8;   6.0;  998.93;    0.8;   91.96;    2.6;   -1.1;   -1.4;eor
       2014;20180204;   10;   4.1;   1.7;    3;   0.1;   8;    0.300;   2;   7.6;   5.3; 1012.00;   -0.7;   91.00;    0.6;   -3.6;   -5.7;eor
       2014;20180205;   10;   9.3;   4.0;    3;   0.0;   8;    0.583;   1;   7.0;   5.2; 1020.74;    0.0;   84.63;    1.4;   -3.4;   -4.8;eor
       2014;20180206;   10;   7.7;   3.3;    3;   0.0;   0;    6.033;   0;   3.5;   3.7; 1010.99;   -3.2;   77.67;   -0.3;   -6.7;   -8.1;eor
       2014;20180207;   10;   4.6;   2.2;    3;   0.0;   0;    4.917;   0;   2.9;   3.7; 1009.93;   -2.7;   75.29;    1.2;   -5.7;   -7.6;eor
       2014;20180208;   10;   4.1;   1.2;    3;   0.0;   0;    1.417;   0;   3.2;   3.8; 1013.25;   -4.1;   84.00;    0.0;   -8.1;   -9.6;eor
       2014;20180209;   10;   8.2;   2.6;    3;   0.0;   0;    7.633;   0;   1.2;   4.1; 1008.52;   -2.5;   81.38;    1.2;   -5.5;   -8.2;eor
       2014;20180210;   10;   5.1;   1.9;    3;   0.2;   8;    0.850;   0;   6.2;   5.3; 1007.14;   -1.0;   91.13;    2.1;   -6.0;   -8.4;eor
       2014;20180211;   10;  12.3;   5.2;    3;   1.6;   8;    0.000;   0;   6.8;   6.2;  994.58;    2.2;   85.96;    4.1;    0.7;   -1.4;eor
       2014;20180212;   10;  10.1;   4.3;    3;   0.0;   8;    1.850;   0;   4.8;   5.8; 1002.73;    1.3;   86.54;    4.1;   -1.2;   -4.7;eor
       2014;20180213;   10;   8.2;   3.7;    3;   0.0;   0;    8.667;   0;   1.1;   4.8; 1007.42;    0.7;   75.29;    4.7;   -1.9;   -6.2;eor
       2014;20180214;   10;  11.1;   3.7;    3;   0.0;   0;    8.767;   0;   0.9;   4.0; 1011.30;    0.2;   66.79;    4.8;   -5.2;   -7.3;eor
       2014;20180215;   10;  13.5;   5.4;    3;   0.5;   8;    0.000;   0;   7.2;   5.4; 1007.53;    1.4;   78.50;    4.3;   -0.5;   -1.5;eor
       2014;20180216;   10;   9.8;   3.2;    3;   0.0;   0;    4.750;   0;   2.7;   6.3; 1015.73;    2.9;   83.38;    6.1;   -0.9;   -4.4;eor
       2014;20180217;   10;   5.1;   1.5;    3;   0.0;   0;    2.133;   0;   5.8;   5.4; 1018.13;    0.4;   86.67;    4.2;   -3.2;   -5.6;eor
       2014;20180218;   10;   8.2;   2.4;    3;   0.0;   0;    7.417;   0;   3.6;   4.9; 1019.71;    1.1;   75.00;    6.0;   -4.1;   -6.9;eor
       2014;20180219;   10;   5.1;   2.2;    3;   0.0;   0;    4.483;   0;   6.3;   5.2; 1013.50;    2.0;   73.96;    5.7;   -0.6;   -4.2;eor
       2014;20180220;   10;   8.2;   2.8;    3;   0.0;   0;    7.633;   0;   2.0;   4.7; 1013.11;   -0.4;   80.17;    4.4;   -3.9;   -5.6;eor
       2014;20180221;   10;   7.9;   2.6;    3;   0.0;   0;    5.233;   0;   3.9;   4.1; 1018.68;   -1.3;   75.83;    3.4;   -5.7;   -7.4;eor
       2014;20180222;   10;   7.7;   3.1;    3;   0.0;   7;    4.467;   0;   4.2;   4.4; 1018.72;   -0.9;   78.96;    3.4;   -5.5;   -6.5;eor
       2014;20180223;   10;   9.6;   4.5;    3;   0.0;   0;    7.783;   0;   3.2;   3.9; 1018.53;   -1.7;   72.92;    0.6;   -4.5;   -6.3;eor
       2014;20180224;   10;  14.1;   6.2;    3;   0.0;   0;    3.333;   0;   2.8;   3.2; 1022.48;   -2.6;   64.92;    1.4;   -6.0;   -6.7;eor
       2014;20180225;   10;   8.7;   3.8;    3;   0.0;   7;    5.683;   0;   3.5;   3.0; 1024.91;   -5.0;   71.29;   -1.5;   -9.5;  -10.4;eor
       2014;20180226;   10;  10.3;   4.2;    3;   0.0;   7;    2.300;   0;   4.9;   3.3; 1022.27;   -5.0;   79.33;   -1.0;   -8.5;  -10.6;eor
       2014;20180227;   10;  11.3;   2.7;    3;   0.4;   7;    1.450;   0;   5.5;   3.3; 1016.25;   -6.0;   83.04;   -2.2;   -9.8;  -11.1;eor
       2014;20180228;   10;  12.9;   7.0;    3;   0.0;   7;    4.633;   3;   4.2;   2.1; 1018.16;   -9.6;   70.00;   -7.1;  -12.1;  -13.0;eor
       2014;20180301;   10;  15.1;   8.4;    3;   0.0;   0;    9.783;   0;   1.9;   2.2; 1009.35;   -7.9;   64.08;   -4.4;  -10.5;  -11.1;eor
       2014;20180302;   10;  13.9;   7.2;    3;   0.0;   0;    9.483;   0;   0.8;   2.2;  998.49;   -7.8;   64.79;   -3.3;  -11.9;  -12.4;eor
       2014;20180303;   10;  12.9;   6.5;    3;   0.0;   0;    9.717;   0;   1.3;   2.3;  996.01;   -5.8;   58.63;   -1.2;  -10.5;  -11.4;eor
       2014;20180304;   10;  10.5;   4.7;    3;   1.5;   6;    4.450;   0;   6.0;   4.1;  992.85;   -0.2;   66.17;    5.5;   -4.4;   -4.3;eor
       2014;20180305;   10;  11.0;   3.2;    3;   0.0;   0;    6.267;   0;   4.9;   7.0;  988.75;    5.6;   78.46;   11.5;    0.3;   -3.6;eor
       2014;20180306;   10;   7.2;   3.1;    3;   0.0;   0;    7.117;   0;   5.7;   5.7;  986.04;    1.7;   82.75;    6.3;   -2.7;   -4.7;eor
       2014;20180307;   10;   5.0;   1.7;    3;   1.2;   6;    1.533;   0;   7.7;   6.1;  987.45;    2.4;   84.00;    8.0;   -1.5;   -2.6;eor
       2014;20180308;   10;  15.3;   5.5;    3;   0.7;   6;    3.417;   0;   6.8;   7.4;  992.27;    5.8;   80.92;   11.6;    2.3;    0.3;eor
       2014;20180309;   10;  14.6;   4.8;    3;   1.4;   6;    0.983;   0;   6.2;   6.9;  998.22;    5.1;   78.17;    8.3;    2.4;   -0.2;eor
       2014;20180310;   10;   8.7;   3.6;    3;   0.4;   6;    2.633;   0;   7.6;  10.1;  995.01;    9.5;   84.54;   15.8;    3.8;    3.2;eor
       2014;20180311;   10;   9.3;   3.2;    3;   0.5;   6;    3.450;   0;   6.9;  11.7;  989.91;   12.1;   83.13;   14.8;    8.0;    3.3;eor
       2014;20180312;   10;   6.5;   1.7;    3;   8.5;   6;    0.000;   0;   7.2;  11.0;  985.61;    9.2;   94.50;   12.2;    6.6;    5.3;eor
       2014;20180313;   10;  11.0;   4.3;    3;   3.7;   6;    0.000;   0;   7.7;   9.1;  993.05;    6.9;   91.08;    9.4;    3.8;    3.5;eor
       2014;20180314;   10;   8.6;   3.3;    3;   0.0;   0;    0.000;   0;   7.1;   6.3; 1004.17;    4.3;   76.38;    5.5;    1.7;   -0.1;eor
       2014;20180315;   10;  15.9;   7.6;    3;   0.0;   0;    5.767;   0;   4.8;   6.3;  997.92;    4.2;   77.21;    8.4;    0.5;   -1.3;eor
       2014;20180316;   10;  14.9;   8.2;    3;   1.6;   7;    0.000;   0;   8.0;   5.4; 1000.11;    0.3;   86.04;    3.7;   -3.9;   -4.0;eor
       2014;20180317;   10;  18.2;  10.4;    3;   0.0;   7;    2.600;   4;   7.5;   2.8; 1005.47;   -3.4;   59.92;   -1.3;   -5.1;   -5.2;eor
       2014;20180318;   10;  18.5;  10.2;    3;   0.0;   0;   10.517;   1;   3.9;   2.3; 1007.99;   -2.5;   46.50;    0.9;   -5.4;   -6.1;eor
       2014;20180319;   10;  10.3;   4.6;    3;   0.5;   7;   11.117;   0;   1.0;   2.3; 1008.73;   -1.9;   45.50;    3.6;   -6.0;   -8.3;eor
       2014;20180320;   10;  15.6;   4.9;    3;   0.0;   7;    7.917;   1;   4.0;   4.3; 1011.12;    1.4;   65.50;    7.2;   -4.2;   -6.8;eor
       2014;20180321;   10;  10.6;   3.4;    3;   0.4;   8;    8.283;   0;   5.3;   5.1; 1019.15;    1.1;   76.58;    5.1;   -5.1;   -7.4;eor
       2014;20180322;   10;  11.8;   5.1;    3;   0.2;   6;    0.117;   0;   7.8;   7.3; 1005.92;    3.9;   90.04;    6.9;    1.7;    1.1;eor
       2014;20180323;   10;   6.7;   1.9;    3;   0.0;   6;    0.000;   0;   7.8;   7.8;  999.75;    5.4;   87.38;    7.9;    2.4;    1.9;eor
       2014;20180324;   10;   6.2;   2.4;    3;   0.0;   0;    0.083;   0;   6.8;   7.3;  997.28;    7.1;   73.63;   10.3;    2.1;   -0.7;eor
       2014;20180325;   10;   5.3;   2.1;    3;   0.0;   6;    0.483;   0;   6.7;   6.3; 1001.23;    5.8;   69.71;   10.3;    1.5;   -1.5;eor
       2014;20180326;   10;   7.9;   2.8;    3;   0.0;   0;    1.433;   0;   6.3;   6.9; 1007.58;    3.6;   86.42;    6.0;   -0.9;   -4.6;eor
       2014;20180327;   10;   9.8;   3.0;    3;   1.7;   6;    7.200;   0;   5.7;   5.9; 1005.73;    4.8;   71.50;   10.1;   -3.0;   -5.7;eor
       2014;20180328;   10;  13.0;   4.7;    3;  11.5;   6;    0.000;   0;   8.0;   8.0;  994.55;    4.3;   96.63;    5.4;    3.5;    3.3;eor
       2014;20180329;   10;  18.0;   5.1;    3;   0.1;   6;    1.817;   0;   6.2;   7.1;  996.72;    4.1;   86.50;    7.7;   -0.9;   -3.3;eor
       2014;20180330;   10;  12.7;   4.9;    3;   0.5;   6;    5.633;   0;   5.5;   6.8;  997.75;    5.5;   77.04;   12.6;   -1.8;   -3.6;eor
       2014;20180331;   10;   9.3;   3.9;    3;   1.0;   6;    0.000;   0;   7.9;   6.7;  993.74;    3.4;   86.83;    6.2;    1.1;    1.0;eor
       2014;20180401;   10;  11.3;   4.3;    3;   0.0;   0;    1.333;   0;   5.5;   5.7; 1000.20;    2.4;   79.38;    6.8;   -1.4;   -3.5;eor
       2014;20180402;   10;   9.3;   2.8;    3;   1.9;   6;    1.550;   0;   7.0;   6.8; 1001.43;    5.6;   75.00;   10.3;   -1.3;   -4.4;eor
       2014;20180403;   10;  11.1;   4.8;    3;   0.3;   6;    3.983;   0;   7.0;  10.6;  994.34;   13.4;   69.21;   17.8;    8.6;    6.4;eor
       2014;20180404;   10;  13.2;   3.5;    3;   1.5;   6;    4.467;   0;   4.8;  10.2;  994.73;   12.7;   70.00;   16.6;    7.5;    5.1;eor
       2014;20180405;   10;  19.0;   6.5;    3;   1.2;   6;    1.417;   0;   5.6;   8.3; 1002.09;    7.6;   78.29;   11.8;    0.2;   -1.9;eor
       2014;20180406;   10;  11.1;   3.7;    3;   0.0;   0;   12.117;   0;   2.7;   5.8; 1014.95;    6.9;   61.42;   13.1;   -0.9;   -4.5;eor
       2014;20180407;   10;  11.1;   4.8;    3;   0.0;   0;   12.250;   0;   5.3;   7.1; 1006.58;   12.4;   49.71;   20.4;    2.8;    0.2;eor
       2014;20180408;   10;   7.7;   2.9;    3;   0.0;   0;   11.550;   0;   2.0;   9.4; 1001.36;   15.7;   55.25;   24.1;    6.7;    3.9;eor
       2014;20180409;   10;   6.7;   2.9;    3;   0.0;   0;    6.033;   0;   5.3;  10.5;  998.46;   14.9;   64.08;   21.9;    7.8;    3.8;eor
       2014;20180410;   10;  12.5;   4.9;    3;   0.0;   6;   10.867;   0;   3.2;  11.3;  997.53;   15.2;   66.63;   22.3;    7.6;    6.7;eor
       2014;20180411;   10;  11.3;   5.7;    3;   1.3;   6;    1.767;   0;   6.1;  10.5; 1002.03;   10.4;   83.29;   16.6;    6.6;    5.6;eor
       2014;20180412;   10;  12.0;   5.1;    3;   3.0;   6;    1.683;   0;   7.7;  11.9;  997.38;   12.3;   83.63;   19.2;    6.5;    6.6;eor
       2014;20180413;   10;  13.7;   3.6;    3;   3.1;   6;    0.000;   0;   7.5;  14.5;  998.67;   13.0;   96.29;   15.8;   10.7;    8.7;eor
       2014;20180414;   10;  13.9;   4.3;    3;   0.0;   6;    4.233;   0;   6.3;  10.7; 1009.58;   10.8;   82.96;   14.2;    6.4;    3.3;eor
       2014;20180415;   10;   5.7;   2.0;    3;   1.8;   6;    2.100;   0;   6.7;  11.9; 1007.08;   10.7;   91.88;   16.3;    5.7;    3.5;eor
       2014;20180416;   10;   9.3;   2.7;    3;   0.0;   0;    6.667;   0;   6.3;  12.6; 1007.55;   13.6;   82.67;   19.9;    8.0;    4.4;eor
       2014;20180417;   10;   8.2;   1.7;    3;   0.0;   0;    9.633;   0;   4.1;  10.4; 1018.40;   13.2;   71.75;   19.8;    4.8;    1.9;eor
       2014;20180418;   10;   4.1;   1.3;    3;   0.0;   0;   12.717;   0;   3.4;  11.5; 1023.82;   16.6;   63.92;   24.9;    6.1;    3.6;eor
       2014;20180419;   10;   8.4;   3.0;    3;   0.0;   0;   12.933;   0;   1.8;  12.1; 1022.14;   18.5;   60.58;   26.2;    9.4;    7.5;eor
       2014;20180420;   10;   8.6;   2.9;    3;   0.0;   0;   12.667;   0;   2.5;  13.0; 1015.30;   19.8;   59.25;   26.4;   10.8;    8.2;eor
       2014;20180421;   10;   7.7;   2.8;    3;   0.0;   0;   12.050;   0;   3.1;  10.6; 1013.87;   14.8;   64.71;   20.7;    7.8;    3.4;eor
       2014;20180422;   10;  13.4;   3.3;    3;   1.2;   6;   10.317;   0;   4.2;  12.2; 1006.94;   15.9;   68.13;   25.0;    6.0;    2.9;eor
       2014;20180423;   10;  14.4;   4.9;    3;   0.0;   0;    6.117;   0;   5.2;  12.1; 1005.66;   15.2;   70.46;   19.0;    8.5;    3.5;eor
       2014;20180424;   10;  11.7;   4.3;    3;   0.1;   6;    0.300;   0;   7.3;  10.3; 1006.91;   11.4;   76.13;   14.1;    9.3;    6.1;eor
       2014;20180425;   10;  20.7;   5.5;    3;   2.6;   6;    1.417;   0;   5.8;  10.6; 1001.41;   11.3;   78.67;   15.1;    4.4;    1.0;eor
       2014;20180426;   10;  18.5;   4.3;    3;   7.7;   6;    3.300;   0;   5.2;   9.2; 1006.46;    8.4;   83.71;   12.8;    5.7;    2.7;eor
       2014;20180427;   10;   9.3;   3.2;    3;   0.0;   0;    8.250;   0;   5.4;   8.2; 1005.80;   10.7;   66.17;   16.2;    5.2;    1.2;eor
       2014;20180428;   10;   9.6;   3.1;    3;   0.0;   0;    6.733;   0;   6.0;   9.8; 1003.16;   13.5;   64.38;   17.9;    8.4;    3.9;eor
       2014;20180429;   10;  11.3;   3.4;    3;   1.0;   6;    8.283;   0;   5.7;  12.3; 1001.16;   15.9;   68.96;   22.1;    9.1;    5.6;eor
       2014;20180430;   10;  15.9;   5.6;    3;   0.1;   6;    2.083;   0;   5.5;  11.3;  992.53;   14.8;   66.58;   18.1;   11.2;    8.4;eor
       2014;20180501;   10;  18.7;   7.1;    3;   0.0;   6;    3.933;   0;   5.5;   7.2; 1001.35;    8.6;   65.00;   12.3;    2.7;   -2.2;eor
       2014;20180502;   10;  12.2;   3.3;    3;   0.0;   0;    7.583;   0;   4.4;   8.0; 1006.22;   10.5;   64.33;   16.0;    2.2;   -2.1;eor
       2014;20180503;   10;  12.9;   2.9;    3;   0.0;   0;    9.267;   0;   4.3;   8.2; 1009.64;   11.4;   62.46;   15.9;    4.1;    0.0;eor
       2014;20180504;   10;   7.2;   1.9;    3;   0.0;   0;   13.933;   0;   1.5;   7.9; 1016.90;   11.0;   63.79;   19.3;    1.7;   -1.7;eor
       2014;20180505;   10;   9.6;   3.5;    3;   0.0;   0;   14.050;   0;   1.3;   7.3; 1019.88;   12.7;   52.79;   19.6;    4.5;    0.7;eor
       2014;20180506;   10;   9.8;   3.5;    3;   0.0;   0;   14.100;   0;   0.5;  10.3; 1018.55;   15.7;   59.58;   23.2;    5.9;    1.3;eor
       2014;20180507;   10;  12.9;   4.0;    3;   0.0;   0;   14.133;   0;   0.4;  10.5; 1014.18;   17.1;   57.21;   24.1;    8.5;    3.0;eor
       2014;20180508;   10;  12.2;   4.5;    3;   0.0;   0;   14.167;   0;   0.5;  10.7; 1006.77;   18.2;   54.58;   24.6;    9.6;    6.7;eor
       2014;20180509;   10;  12.9;   3.7;    3;   0.0;   0;   13.300;   0;   1.5;  12.8; 1001.55;   19.5;   58.25;   26.5;   11.0;    8.3;eor
       2014;20180510;   10;  14.4;   4.4;    3;   0.0;   0;    6.533;   0;   4.5;  13.7; 1002.72;   16.3;   73.92;   21.8;   11.6;    8.3;eor
       2014;20180511;   10;   6.2;   2.2;    3;   0.0;   0;    3.533;   0;   6.3;  11.3; 1012.70;   14.4;   70.13;   18.8;   10.4;    6.0;eor
       2014;20180512;   10;  10.3;   3.9;    3;   0.0;   0;    7.067;   0;   5.4;  13.8; 1009.24;   17.0;   72.17;   21.7;   10.9;    6.8;eor
       2014;20180513;   10;  13.0;   4.5;    3;   0.0;   6;   11.600;   0;   4.6;  15.3; 1004.26;   19.6;   70.38;   27.2;   12.0;    6.4;eor
       2014;20180514;   10;  13.2;   4.9;    3;   0.0;   0;   13.767;   0;   1.5;  11.0; 1005.98;   19.3;   52.96;   27.4;    9.6;    5.1;eor
       2014;20180515;   10;  13.9;   3.6;    3;   1.0;   6;    9.700;   0;   4.8;  10.7; 1008.49;   17.1;   57.33;   24.5;    9.9;    6.5;eor
       2014;20180516;   10;  11.7;   3.4;    3;   1.4;   6;    1.850;   0;   6.7;  14.1; 1007.83;   13.9;   88.58;   19.6;    8.2;    5.3;eor
       2014;20180517;   10;  13.0;   6.6;    3;   0.0;   6;    3.950;   0;   6.7;  10.4; 1011.30;   11.7;   76.38;   16.4;    9.5;    9.4;eor
       2014;20180518;   10;  10.8;   4.1;    3;   0.0;   0;    0.000;   0;   7.7;  10.0; 1013.69;   10.9;   76.92;   14.1;    8.2;    7.2;eor
       2014;20180519;   10;   5.7;   1.6;    3;   0.0;   0;    1.517;   0;   5.9;  11.1; 1015.39;   12.8;   76.42;   18.1;    9.0;    4.1;eor
       2014;20180520;   10;  12.0;   3.6;    3;   0.0;   0;   14.700;   0;   0.4;   9.0; 1016.60;   15.7;   55.67;   22.4;    7.1;    2.9;eor
       2014;20180521;   10;  15.4;   5.3;    3;   0.0;   0;   14.750;   0;   0.8;   9.3; 1011.89;   17.3;   49.04;   23.9;    9.2;    6.7;eor
       2014;20180522;   10;  10.3;   3.7;    3;   0.0;   0;   11.700;   0;   4.2;  10.4; 1007.45;   18.5;   51.00;   25.4;   10.3;    7.9;eor
       2014;20180523;   10;  10.3;   4.6;    3;   0.0;   0;   11.917;   0;   5.7;  10.3; 1013.72;   19.3;   47.17;   24.8;   13.8;   11.6;eor
       2014;20180524;   10;  12.7;   4.7;    3;   0.0;   6;    6.233;   0;   5.0;  12.1; 1014.30;   19.3;   54.67;   24.8;   11.1;    6.1;eor
       2014;20180525;   10;  12.3;   5.0;    3;   0.0;   0;   13.400;   0;   3.2;  12.0; 1012.94;   21.0;   50.17;   26.9;   14.1;    8.1;eor
       2014;20180526;   10;   7.2;   2.7;    3;   0.0;   0;   13.033;   0;   1.3;  12.3; 1014.67;   20.5;   53.42;   28.3;   11.9;    6.3;eor
       2014;20180527;   10;   8.7;   3.4;    3;   0.0;   6;   11.017;   0;   3.9;  14.7; 1013.01;   20.9;   61.63;   27.2;   13.5;   10.7;eor
       2014;20180528;   10;   7.2;   2.8;    3;   0.0;   0;   10.517;   0;   4.8;  16.6; 1011.24;   23.4;   60.13;   30.6;   16.2;   13.7;eor
       2014;20180529;   10;  13.9;   4.5;    3;   7.2;   6;   11.733;   0;   3.6;  17.2; 1006.80;   25.2;   56.13;   32.1;   17.8;   13.3;eor
       2014;20180530;   10;   4.6;   1.7;    3;   0.4;   6;    5.050;   0;   6.4;  19.5; 1007.56;   21.1;   79.83;   27.0;   17.0;   13.9;eor
       2014;20180531;   10;   9.8;   2.8;    3;   0.0;   0;   12.250;   0;   4.2;  18.2; 1007.45;   23.0;   67.50;   29.5;   15.6;   12.2;eor
       2014;20180601;   10;   8.6;   2.1;    3;   0.5;   6;    4.600;   0;   6.4;  19.7; 1007.59;   20.5;   82.46;   24.2;   16.4;   13.5;eor
       2014;20180602;   10;   8.7;   3.5;    3;   0.0;   6;    0.033;   0;   7.4;  18.7; 1009.98;   18.0;   90.21;   20.7;   15.3;   11.3;eor
       2014;20180603;   10;   7.0;   2.2;    3;   0.0;   0;    3.167;   0;   6.3;  17.2; 1010.87;   19.4;   77.71;   23.8;   14.3;   10.7;eor
       2014;20180604;   10;   9.8;   3.2;    3;   0.0;   0;   11.250;   0;   3.8;  16.5; 1006.76;   18.7;   77.63;   24.5;   13.5;   10.4;eor
       2014;20180605;   10;   6.2;   2.2;    3;   0.0;   0;    8.667;   0;   4.4;  14.3; 1006.68;   18.1;   70.96;   25.0;   14.3;    9.9;eor
       2014;20180606;   10;  11.8;   4.5;    3;   0.0;   0;   15.133;   0;   2.0;  12.2; 1008.31;   19.9;   53.96;   26.2;   12.4;   10.2;eor
       2014;20180607;   10;   7.7;   2.9;    3;   0.0;   0;   15.183;   0;   1.8;  12.5; 1007.91;   21.6;   49.92;   29.8;   12.5;   10.1;eor
       2014;20180608;   10;   8.7;   2.4;    3;   0.0;   0;    8.567;   0;   5.5;  16.6; 1006.09;   22.5;   63.63;   30.8;   13.8;   10.8;eor
       2014;20180609;   10;   7.2;   2.1;    3;   0.0;   6;    7.667;   0;   6.7;  16.1; 1004.94;   24.1;   56.46;   31.7;   17.5;   13.5;eor
       2014;20180610;   10;  10.3;   3.9;    3;   1.1;   6;    2.167;   0;   5.8;  18.0; 1004.45;   19.1;   81.29;   23.7;   13.4;   11.9;eor
       2014;20180611;   10;   7.7;   3.0;    3;   0.0;   0;    8.517;   0;   5.0;  12.7; 1005.59;   17.1;   67.33;   23.8;   11.5;    8.0;eor
       2014;20180612;   10;   8.7;   3.8;    3;   0.0;   6;    0.350;   0;   7.0;  11.7; 1005.07;   14.7;   70.71;   18.8;    9.8;    7.0;eor
       2014;20180613;   10;  10.8;   4.4;    3;   0.0;   6;    0.283;   0;   7.0;  11.2; 1007.20;   14.2;   69.46;   18.1;    8.3;    2.1;eor
       2014;20180614;   10;  13.7;   3.5;    3;   1.1;   6;    5.733;   0;   6.6;  11.7; 1008.30;   15.5;   68.42;   23.5;    6.7;    1.6;eor
       2014;20180615;   10;   6.5;   2.0;    3;   0.0;   0;    6.650;   0;   6.3;  13.9; 1009.55;   18.9;   66.25;   24.2;   14.5;   11.0;eor
       2014;20180616;   10;  10.5;   3.1;    3;   3.6;   6;    6.033;   0;   6.1;  14.7; 1007.59;   20.6;   62.67;   26.2;   14.6;   13.1;eor
       2014;20180617;   10;  14.4;   4.1;    3;   0.0;   0;    4.900;   0;   6.5;  13.4; 1009.31;   17.8;   67.17;   21.9;   14.0;   12.7;eor
       2014;20180618;   10;  11.0;   3.6;    3;   0.9;   6;    0.300;   0;   7.0;  14.8; 1012.52;   17.5;   74.08;   22.1;   13.9;   13.1;eor
       2014;20180619;   10;   9.8;   3.7;    3;   0.0;   6;    0.267;   0;   6.5;  16.9; 1014.85;   18.1;   80.96;   21.8;   14.0;   12.5;eor
       2014;20180620;   10;   9.4;   3.3;    3;   0.0;   6;    8.717;   0;   4.0;  17.1; 1012.82;   21.8;   67.50;   27.4;   16.6;   11.5;eor
       2014;20180621;   10;  20.1;   6.4;    3;   7.2;   6;    7.000;   0;   4.4;  12.6; 1008.20;   14.9;   73.96;   19.4;   10.2;    9.0;eor
       2014;20180622;   10;  15.3;   7.1;    3;   4.0;   6;    4.900;   0;   6.5;  10.9; 1013.11;   12.9;   74.13;   18.0;    9.3;    9.0;eor
       2014;20180623;   10;  14.4;   6.0;    3;   1.1;   6;    0.500;   0;   7.1;  11.3; 1015.77;   12.9;   75.96;   16.0;   10.0;    8.6;eor
       2014;20180624;   10;   9.3;   3.9;    3;   1.6;   6;    0.000;   0;   7.1;  12.8; 1013.98;   12.3;   89.29;   14.5;    8.1;    5.5;eor
       2014;20180625;   10;   9.8;   4.1;    3;   0.1;   6;    0.783;   0;   7.5;  14.1; 1015.24;   15.2;   82.04;   19.6;   12.0;   11.5;eor
       2014;20180626;   10;   7.2;   2.9;    3;   0.0;   6;    6.483;   0;   5.1;  14.4; 1017.72;   15.5;   83.00;   21.4;   11.7;   11.1;eor
       2014;20180627;   10;  10.5;   3.2;    3;   0.0;   0;   11.583;   0;   2.3;  12.6; 1018.04;   18.6;   63.46;   25.6;   10.0;    8.6;eor
       2014;20180628;   10;  12.3;   3.3;    3;   0.0;   0;   14.033;   0;   3.4;  13.0; 1015.65;   21.0;   55.08;   28.5;   10.9;    7.6;eor
       2014;20180629;   10;  10.3;   3.5;    3;   0.0;   0;   14.600;   0;   2.3;  13.3; 1010.93;   21.5;   54.46;   28.5;   11.1;    8.3;eor
       2014;20180630;   10;  11.5;   4.7;    3;   0.0;   0;   15.417;   0;   0.6;   9.8; 1012.05;   18.8;   47.96;   25.2;   11.6;    9.2;eor
       2014;20180701;   10;  15.1;   4.8;    3;   0.0;   0;   15.417;   0;   0.6;   8.7; 1013.41;   18.1;   44.33;   24.2;   10.8;    7.6;eor
       2014;20180702;   10;  10.8;   3.4;    3;   0.0;   0;   15.383;   0;   0.6;   9.0; 1011.65;   18.4;   45.21;   25.3;    9.6;    7.5;eor
       2014;20180703;   10;   8.4;   2.1;    3;   0.0;   0;   14.233;   0;   2.1;  10.3; 1010.00;   19.9;   49.54;   28.0;    9.2;    5.0;eor
       2014;20180704;   10;   9.8;   2.2;    3;   0.0;   0;   13.967;   0;   3.6;  12.7; 1007.03;   21.3;   54.88;   30.4;    9.1;    6.3;eor
       2014;20180705;   10;  10.5;   3.4;    3;   0.0;   6;   15.017;   0;   4.2;  14.5; 1005.94;   20.6;   62.29;   28.5;   14.0;   12.4;eor
       2014;20180706;   10;  12.7;   4.9;    3;   0.0;   6;    6.467;   0;   5.2;  12.7; 1011.40;   17.6;   65.71;   24.2;   10.7;    7.4;eor
       2014;20180707;   10;  12.7;   5.1;    3;   0.0;   0;   12.433;   0;   4.1;  11.7; 1015.20;   16.7;   64.67;   23.9;    8.7;    7.2;eor
       2014;20180708;   10;  10.3;   4.5;    3;   0.0;   0;   12.900;   0;   2.1;  12.3; 1015.59;   18.0;   62.75;   25.9;   11.1;    8.2;eor
       2014;20180709;   10;  12.2;   4.5;    3;   1.5;   6;    2.500;   0;   5.6;  13.3; 1013.78;   16.2;   73.21;   22.4;    9.5;    7.6;eor
       2014;20180710;   10;   8.7;   3.5;    3;  36.5;   6;    0.283;   0;   7.0;  13.9; 1008.48;   13.0;   92.46;   15.3;   11.0;    8.7;eor
       2014;20180711;   10;   5.3;   2.0;    3;   2.5;   6;    0.000;   0;   6.8;  15.2; 1008.42;   14.0;   94.75;   17.5;    9.4;    8.1;eor
       2014;20180712;   10;  10.3;   3.6;    3;   0.0;   6;    7.017;   0;   5.6;  16.2; 1009.48;   19.7;   73.79;   26.8;   14.3;   12.7;eor
       2014;20180713;   10;   9.1;   4.1;    3;   0.0;   0;    6.467;   0;   4.5;  14.9; 1012.78;   17.0;   78.42;   24.1;   12.0;    9.7;eor
       2014;20180714;   10;   7.7;   2.3;    3;   0.0;   0;    9.350;   0;   2.9;  13.6; 1013.15;   16.8;   73.33;   23.5;   10.1;    7.1;eor
       2014;20180715;   10;   8.2;   2.1;    3;   0.0;   0;   14.617;   0;   0.9;  12.8; 1010.79;   18.1;   65.25;   25.5;    8.5;    5.4;eor
       2014;20180716;   10;   6.7;   2.0;    3;   0.0;   0;   14.967;   0;   1.3;  13.7; 1007.21;   21.2;   57.71;   27.8;   13.1;    9.0;eor
       2014;20180717;   10;  12.7;   2.9;    3;   0.0;   0;   12.033;   0;   3.7;  14.4; 1006.32;   22.5;   56.50;   30.2;   12.9;   10.0;eor
       2014;20180718;   10;  13.2;   4.6;    3;   0.0;   0;   12.150;   0;   2.5;  13.7; 1010.63;   19.4;   63.08;   25.2;   13.5;   10.6;eor
       2014;20180719;   10;   8.1;   2.4;    3;   0.0;   0;   13.133;   0;   2.0;  12.3; 1011.38;   18.9;   59.75;   26.4;    9.1;    5.1;eor
       2014;20180720;   10;   7.9;   3.1;    3;   0.0;   0;    9.850;   0;   4.7;  12.8; 1007.27;   21.0;   54.21;   28.1;   13.0;   10.6;eor
       2014;20180721;   10;   8.7;   3.3;    3;   0.0;   0;    2.817;   0;   6.5;  13.1; 1004.29;   22.8;   48.04;   28.8;   15.5;   13.7;eor
       2014;20180722;   10;   9.4;   3.5;    3;   0.0;   0;    9.567;   0;   5.4;  16.2; 1006.07;   22.9;   59.50;   29.2;   15.3;   11.8;eor
       2014;20180723;   10;   8.7;   1.7;    3;   0.0;   0;   12.650;   0;   1.7;  15.4; 1009.54;   21.6;   62.71;   29.1;   13.1;   10.1;eor
       2014;20180724;   10;   5.7;   1.7;    3;   0.0;   0;   14.650;   0;   1.3;  16.0; 1007.98;   25.6;   52.33;   33.8;   15.6;   12.5;eor
       2014;20180725;   10;   8.7;   2.5;    3;   0.0;   6;    9.733;   0;   3.1;  17.4; 1008.01;   27.1;   51.58;   34.6;   18.3;   16.6;eor
       2014;20180726;   10;  10.5;   3.6;    3;   0.0;   0;   13.483;   0;   3.6;  17.3; 1009.32;   27.6;   49.96;   34.2;   19.4;   15.6;eor
       2014;20180727;   10;  12.3;   3.7;    3;   0.0;   0;   13.600;   0;   1.5;  16.9; 1006.98;   26.8;   50.25;   33.5;   19.5;   16.3;eor
       2014;20180728;   10;  16.1;   3.4;    3;  37.4;   6;    6.067;   0;   4.5;  19.8; 1002.23;   22.6;   74.29;   32.4;   15.7;   13.7;eor
       2014;20180729;   10;  10.5;   2.9;    3;   0.0;   0;    9.383;   0;   5.0;  17.0; 1007.48;   22.1;   67.33;   29.9;   14.3;   10.9;eor
       2014;20180730;   10;   5.7;   1.9;    3;   0.0;   0;   12.017;   0;   4.4;  17.5; 1008.00;   26.7;   51.67;   33.3;   20.6;   17.2;eor
       2014;20180731;   10;  13.2;   3.4;    3;   3.9;   6;   12.067;   0;   3.6;  18.1; 1008.64;   27.0;   52.88;   34.5;   20.2;   17.8;eor
       2014;20180801;   10;   7.2;   2.4;    3;   4.7;   6;   13.333;   0;   4.6;  16.8; 1014.01;   22.7;   63.21;   29.4;   15.1;   13.8;eor
       2014;20180802;   10;   9.8;   2.3;    3;   0.0;   0;   12.033;   0;   4.4;  18.9; 1015.49;   23.9;   66.21;   30.8;   16.7;   16.1;eor
       2014;20180803;   10;   7.2;   2.2;    3;   0.0;   0;   14.083;   0;   1.1;  18.4; 1014.02;   25.9;   57.83;   32.9;   18.7;   16.2;eor
       2014;20180804;   10;   8.7;   3.3;    3;   0.0;   0;   10.267;   0;   3.8;  17.7; 1011.55;   23.7;   61.92;   30.3;   16.7;   15.4;eor
       2014;20180805;   10;   9.3;   3.2;    3;   0.0;   0;    8.250;   0;   5.3;  14.7; 1014.37;   19.9;   65.29;   25.1;   13.5;   10.0;eor
       2014;20180806;   10;   8.6;   2.5;    3;   0.0;   0;   14.067;   0;   1.9;  13.2; 1010.21;   22.2;   54.63;   31.0;   11.7;    8.1;eor
       2014;20180807;   10;   9.3;   2.6;    3;   0.0;   0;   13.000;   0;   1.8;  13.5; 1003.00;   27.2;   40.50;   36.5;   15.9;   14.1;eor
       2014;20180808;   10;  14.2;   4.3;    3;   0.2;   6;    6.467;   0;   6.0;  17.6; 1003.68;   25.4;   54.50;   30.5;   17.9;   15.0;eor
       2014;20180809;   10;  31.0;   3.9;    3;  14.1;   6;    6.367;   0;   5.1;  18.3; 1005.44;   22.5;   69.00;   31.9;   16.4;   13.6;eor
       2014;20180810;   10;  16.5;   5.1;    3;   0.5;   6;    9.983;   0;   3.9;  11.8; 1012.09;   19.1;   54.42;   23.4;   15.7;    9.8;eor
       2014;20180811;   10;  13.5;   4.5;    3;   0.0;   6;    6.767;   0;   4.0;  11.9; 1013.10;   16.2;   65.42;   20.9;   10.6;    6.8;eor
       2014;20180812;   10;   9.1;   2.1;    3;   0.0;   0;   11.500;   0;   5.4;  11.3; 1008.51;   18.9;   55.38;   26.5;   10.3;    6.0;eor
       2014;20180813;   10;  11.3;   3.7;    3;   4.7;   6;    4.000;   0;   5.8;  14.5; 1000.17;   19.6;   63.88;   25.5;   13.5;   10.0;eor
       2014;20180814;   10;  17.0;   4.6;    3;   0.5;   6;    2.167;   0;   6.0;  16.7; 1004.37;   18.3;   79.83;   22.9;   15.6;   13.9;eor
       2014;20180815;   10;   7.7;   2.4;    3;   0.0;   0;    1.750;   0;   6.0;  15.4; 1011.27;   19.5;   68.83;   23.7;   14.2;   11.6;eor
       2014;20180816;   10;   8.6;   2.6;    3;   0.0;   0;   12.683;   0;   2.4;  15.4; 1008.83;   22.0;   60.88;   29.2;   13.6;   10.2;eor
       2014;20180817;   10;   8.7;   3.1;    3;   0.0;   0;    6.867;   0;   4.7;  16.2; 1010.14;   18.8;   76.08;   23.9;   11.8;    7.9;eor
       2014;20180818;   10;  10.1;   2.6;    3;   0.0;   0;   12.317;   0;   3.4;  12.9; 1014.12;   18.7;   64.58;   25.7;   10.0;    6.1;eor
       2014;20180819;   10;   9.6;   2.9;    3;   0.0;   6;   12.750;   0;   2.5;  14.5; 1012.37;   20.7;   61.96;   28.1;   13.3;    9.6;eor
       2014;20180820;   10;   9.8;   3.6;    3;   0.4;   6;    0.067;   0;   7.3;  17.9; 1011.09;   20.2;   75.79;   22.8;   17.5;   17.2;eor
       2014;20180821;   10;   5.7;   1.8;    3;   0.0;   0;    7.600;   0;   3.9;  15.4; 1013.97;   20.2;   67.13;   26.1;   15.4;   12.7;eor
       2014;20180822;   10;   9.1;   2.3;    3;   0.0;   0;   12.383;   0;   2.6;  13.7; 1010.10;   22.3;   53.67;   30.6;   13.3;   10.8;eor
       2014;20180823;   10;  10.8;   2.8;    3;   0.0;   6;    9.983;   0;   3.2;  17.2; 1004.50;   21.9;   67.83;   29.0;   15.5;   13.1;eor
       2014;20180824;   10;  12.7;   4.1;    3;   2.9;   6;    3.483;   0;   6.5;  13.0; 1002.70;   17.8;   63.63;   21.6;   13.1;    7.9;eor
       2014;20180825;   10;  14.9;   4.4;    3;   0.7;   6;    4.083;   0;   5.6;  10.6; 1002.61;   13.8;   67.67;   17.6;   10.1;    8.9;eor
       2014;20180826;   10;  10.6;   3.7;    3;   2.1;   6;   10.733;   0;   3.8;   9.2; 1007.72;   14.9;   57.83;   20.2;    8.8;    7.2;eor
       2014;20180827;   10;  12.3;   5.2;    3;   1.7;   6;    0.633;   0;   7.4;  13.8; 1004.20;   16.3;   74.54;   20.1;   11.9;   11.2;eor
       2014;20180828;   10;   6.7;   2.6;    3;   0.0;   0;    3.883;   0;   5.2;  13.4; 1011.95;   17.3;   68.71;   22.2;   13.2;   10.5;eor
       2014;20180829;   10;   8.7;   3.2;    3;   4.7;   6;   10.100;   0;   4.0;  13.4; 1006.49;   20.0;   60.29;   29.4;   10.4;    7.5;eor
       2014;20180830;   10;  13.5;   5.0;    3;   1.4;   6;    0.383;   0;   6.3;  15.5; 1009.70;   16.0;   85.25;   20.3;    9.6;    7.1;eor
       2014;20180831;   10;   6.7;   2.7;    3;   0.0;   0;    4.267;   0;   5.0;  11.4; 1015.17;   13.2;   76.92;   19.1;    7.9;    5.5;eor
       2014;20180901;   10;   6.3;   2.3;    3;   0.0;   0;    8.967;   0;   3.0;  12.2; 1018.64;   15.1;   72.79;   21.9;    6.9;    4.3;eor
       2014;20180902;   10;   8.2;   2.6;    3;   0.0;   6;    6.833;   0;   4.0;  12.7; 1018.23;   16.6;   69.71;   22.7;    6.9;    3.7;eor
       2014;20180903;   10;   9.3;   3.4;    3;   0.0;   0;    7.417;   0;   5.1;  16.4; 1010.75;   21.1;   68.17;   28.2;   14.9;   11.4;eor
       2014;20180904;   10;   8.1;   2.3;    3;   0.0;   0;   10.783;   0;   3.2;  16.4; 1009.83;   19.9;   72.92;   26.9;   14.2;   10.3;eor
       2014;20180905;   10;   7.9;   2.9;    3;   0.0;   0;    9.617;   0;   1.6;  13.3; 1010.87;   17.4;   69.75;   24.7;   11.4;    8.3;eor
       2014;20180906;   10;  11.3;   2.8;    3;   8.5;   6;    7.400;   0;   4.5;  15.7; 1005.13;   18.0;   78.13;   26.6;   12.3;    9.8;eor
       2014;20180907;   10;  12.9;   3.7;    3;   0.0;   6;    4.700;   0;   4.4;  13.9; 1005.44;   16.1;   75.46;   20.3;   11.1;    6.1;eor
       2014;20180908;   10;  10.5;   3.9;    3;   0.0;   6;    5.317;   0;   5.1;  10.3; 1011.77;   15.8;   58.00;   20.6;   11.0;    9.3;eor
       2014;20180909;   10;   8.7;   2.2;    3;   0.0;   0;   10.317;   0;   4.3;  11.9; 1013.34;   17.8;   59.79;   24.0;   11.1;    6.4;eor
       2014;20180910;   10;  10.1;   2.9;    3;   0.0;   0;    0.583;   0;   6.9;  13.2; 1013.47;   18.1;   64.00;   22.5;   14.0;    9.2;eor
       2014;20180911;   10;  14.2;   4.6;    3;   0.0;   0;    8.483;   0;   6.9;  14.3; 1012.53;   20.5;   60.29;   26.0;   15.9;   13.0;eor
       2014;20180912;   10;  10.1;   3.1;    3;   0.5;   6;    0.400;   0;   6.8;  15.0; 1013.00;   16.9;   78.75;   21.7;   12.9;   12.6;eor
       2014;20180913;   10;   5.8;   1.5;    3;   0.0;   6;    0.700;   0;   6.5;  12.8; 1014.45;   12.5;   88.50;   15.5;    5.9;    3.3;eor
       2014;20180914;   10;   7.0;   2.0;    3;   0.0;   0;    9.883;   0;   1.8;  10.6; 1013.11;   13.3;   72.17;   20.8;    5.4;    1.8;eor
       2014;20180915;   10;  10.3;   3.1;    3;   0.4;   6;    4.000;   0;   5.7;  12.1; 1015.03;   14.7;   72.29;   19.6;    9.9;    5.7;eor
       2014;20180916;   10;   9.9;   2.2;    3;   0.0;   0;    8.950;   0;   5.9;  11.5; 1015.32;   16.2;   65.33;   23.3;    9.5;    5.1;eor
       2014;20180917;   10;   8.1;   1.6;    3;   0.0;   0;    8.733;   0;   5.5;  11.5; 1011.46;   17.5;   61.33;   26.2;    8.0;    4.5;eor
       2014;20180918;   10;  10.3;   3.6;    3;   0.0;   0;   11.267;   0;   2.7;  12.4; 1006.40;   22.7;   47.71;   32.3;   13.6;    7.4;eor
       2014;20180919;   10;  11.3;   3.2;    3;   0.0;   0;   10.483;   0;   2.8;  14.8; 1009.62;   21.5;   59.54;   28.3;   13.0;    8.4;eor
       2014;20180920;   10;  10.8;   3.6;    3;   0.0;   0;    9.233;   0;   5.7;  13.8; 1008.21;   21.5;   55.17;   26.5;   16.9;   12.6;eor
       2014;20180921;   10;  19.2;   6.2;    3;   3.4;   6;    1.150;   0;   6.5;  12.5; 1000.11;   17.3;   63.13;   24.6;    9.5;    8.4;eor
       2014;20180922;   10;  16.3;   5.3;    3;   4.9;   6;    3.800;   0;   6.3;  11.0; 1009.80;   11.6;   81.08;   16.2;    9.0;    7.9;eor
       2014;20180923;   10;   9.9;   3.2;    3;  16.0;   6;    0.000;   0;   7.7;  11.1; 1006.43;    9.6;   92.33;   11.9;    8.0;    7.1;eor
       2014;20180924;   10;  17.5;   5.5;    3;   6.1;   8;    5.850;   0;   4.0;   9.3; 1021.13;    8.8;   82.83;   13.4;    4.6;    1.6;eor
       2014;20180925;   10;   8.6;   2.4;    3;   0.0;   0;    7.750;   0;   4.3;   9.0; 1030.27;    9.0;   80.21;   15.0;    3.7;    0.4;eor
       2014;20180926;   10;  11.5;   4.0;    3;   0.0;   0;    6.983;   0;   6.5;   8.4; 1024.96;   12.6;   59.88;   17.6;    5.6;    2.0;eor
       2014;20180927;   10;   8.2;   2.9;    3;   0.0;   6;    8.633;   0;   2.6;  10.6; 1018.35;   16.1;   57.88;   23.1;    8.1;    3.0;eor
       2014;20180928;   10;  11.0;   3.5;    3;   0.0;   6;    4.350;   0;   4.0;   9.0; 1017.77;   10.9;   69.67;   15.5;    3.5;   -0.9;eor
       2014;20180929;   10;   5.1;   1.5;    3;   0.0;   0;    9.900;   0;   1.8;   7.9; 1020.90;    8.2;   75.54;   15.5;    1.0;   -2.2;eor
       2014;20180930;   10;   8.1;   2.3;    3;   1.0;   6;   10.200;   0;   3.3;   7.6; 1009.88;   10.2;   62.96;   17.9;    4.0;   -1.3;eor
       2014;20181001;   10;  16.5;   4.4;    3;   1.6;   6;    3.733;   0;   5.5;   9.5; 1008.04;    9.0;   82.63;   14.1;    5.3;    3.4;eor
       2014;20181002;   10;  15.3;   5.5;    3;   3.9;   6;    0.000;   0;   6.7;  10.1; 1007.64;    8.6;   88.75;   12.0;    4.7;    3.0;eor
       2014;20181003;   10;  15.4;   6.6;    3;   0.0;   6;    5.833;   0;   4.0;   9.7; 1013.70;   11.2;   73.33;   14.9;    7.7;    4.7;eor
       2014;20181004;   10;   6.2;   3.0;    3;   0.6;   6;    0.083;   0;   6.8;  11.9; 1018.14;   12.1;   83.50;   15.5;    8.2;    6.3;eor
       2014;20181005;   10;   8.4;   2.9;    3;   0.0;   0;   10.300;   0;   2.0;  11.4; 1012.15;   14.3;   71.83;   20.8;    8.3;    4.5;eor
       2014;20181006;   10;   5.3;   2.1;    3;   0.0;   6;    8.817;   0;   4.2;  12.7; 1002.49;   16.0;   71.04;   23.1;    9.1;    4.5;eor
       2014;20181007;   10;  12.2;   3.3;    3;   0.0;   0;    7.467;   0;   4.3;   9.6; 1011.22;   10.2;   77.46;   14.2;    3.0;   -0.7;eor
       2014;20181008;   10;   6.7;   1.5;    3;   0.0;   0;    6.083;   0;   4.6;   8.8; 1014.90;    8.2;   81.58;   15.8;    1.9;   -1.4;eor
       2014;20181009;   10;   4.6;   1.3;    3;   0.0;   0;    8.617;   0;   5.3;  11.1; 1014.79;   12.2;   79.79;   20.3;    4.9;    0.7;eor
       2014;20181010;   10;  10.3;   3.6;    3;   0.0;   0;    9.817;   0;   3.6;  13.1; 1012.82;   15.0;   78.88;   23.1;    7.3;    4.8;eor
       2014;20181011;   10;   7.2;   3.1;    3;   0.0;   0;    9.800;   0;   0.8;  12.5; 1007.75;   16.2;   70.00;   23.5;    9.2;    6.3;eor
       2014;20181012;   10;   8.4;   3.1;    3;   0.0;   0;    9.567;   0;   3.2;  13.6; 1012.90;   19.1;   61.63;   25.2;   11.9;    9.3;eor
       2014;20181013;   10;   8.7;   3.6;    3;   0.0;   0;    9.717;   0;   2.2;  13.5; 1013.10;   20.5;   57.46;   27.4;   14.6;    9.7;eor
       2014;20181014;   10;   8.7;   3.3;    3;   0.0;   0;    9.650;   0;   0.5;  11.9; 1005.60;   17.0;   63.71;   25.2;    8.9;    6.7;eor
       2014;20181015;   10;   6.2;   2.0;    3;   0.0;   0;    9.500;   0;   0.8;  11.7; 1006.41;   17.4;   61.79;   25.8;   10.4;    6.1;eor
       2014;20181016;   10;   4.5;   1.3;    3;   0.0;   6;    1.867;   0;   5.1;  14.0; 1011.40;   14.1;   86.54;   19.9;    8.1;    4.9;eor
       2014;20181017;   10;   6.5;   1.2;    3;   0.0;   6;    8.150;   0;   4.8;  13.8; 1012.09;   15.0;   83.08;   24.0;    8.3;    5.4;eor
       2014;20181018;   10;   8.2;   2.9;    3;   0.0;   6;    0.217;   0;   7.3;  13.2; 1016.05;   12.4;   92.00;   15.4;    7.4;    4.3;eor
       2014;20181019;   10;   8.4;   1.6;    3;   0.0;   0;    8.850;   0;   3.2;   8.9; 1018.89;    7.9;   84.46;   14.6;    3.0;   -1.0;eor
       2014;20181020;   10;   8.2;   2.2;    3;   0.0;   0;    5.317;   0;   5.9;   8.9; 1022.19;    8.1;   82.71;   14.2;    1.0;   -2.3;eor
       2014;20181021;   10;   5.1;   1.6;    3;   0.0;   6;    3.917;   0;   5.1;  10.5; 1021.13;   10.3;   84.83;   16.1;    5.7;    1.5;eor
       2014;20181022;   10;   9.3;   2.7;    3;   0.7;   6;    2.617;   0;   4.8;   9.3; 1021.77;    8.9;   81.00;   14.5;    3.2;   -0.9;eor
       2014;20181023;   10;  17.5;   7.8;    3;   6.6;   6;    0.000;   0;   7.3;  10.7; 1011.35;    9.7;   86.88;   11.9;    5.5;    3.7;eor
       2014;20181024;   10;  17.1;   6.4;    3;   3.0;   6;    0.367;   0;   7.3;  12.4; 1010.87;   11.2;   92.88;   12.2;    9.9;    8.7;eor
       2014;20181025;   10;  12.7;   5.7;    3;   0.8;   6;    0.117;   0;   7.2;  12.1; 1007.81;   11.3;   90.25;   12.3;    9.5;    7.5;eor
       2014;20181026;   10;  10.8;   4.3;    3;   0.7;   6;    0.000;   0;   7.8;  10.8;  998.91;    9.6;   89.58;   10.6;    7.1;    5.8;eor
       2014;20181027;   10;  11.5;   4.0;    3;   0.0;   6;    3.533;   0;   5.6;   7.7; 1000.20;    6.1;   82.13;    9.6;    1.3;   -1.3;eor
       2014;20181028;   10;   9.8;   4.0;    3;   0.0;   6;    2.667;   0;   6.7;   6.8; 1008.87;    3.3;   87.88;    7.0;   -0.5;   -2.1;eor
       2014;20181029;   10;  12.0;   6.1;    3;   0.0;   6;    0.000;   0;   7.8;   7.5;  999.09;    4.3;   90.92;    5.2;    3.3;    3.0;eor
       2014;20181030;   10;  17.8;   7.1;    3;   0.5;   6;    0.017;   0;   7.7;   8.5;  985.22;    6.6;   87.33;    9.7;    3.8;    3.7;eor
       2014;20181031;   10;  17.0;   4.9;    3;   0.0;   0;    7.383;   0;   6.3;   8.3; 1006.67;    9.2;   71.25;   11.9;    7.2;    5.0;eor
       2014;20181101;   10;   7.7;   2.8;    3;   0.0;   6;    0.517;   0;   6.1;   8.9; 1005.04;    8.0;   82.13;   10.6;    4.0;    2.5;eor
       2014;20181102;   10;  11.5;   3.9;    3;   0.2;   6;    1.050;   0;   5.6;  10.0; 1013.47;    9.3;   85.04;   11.6;    5.9;    3.0;eor
       2014;20181103;   10;   4.1;   1.6;    3;   0.0;   0;    8.233;   0;   2.8;   7.3; 1021.41;    5.1;   84.67;   11.2;   -0.7;   -3.7;eor
       2014;20181104;   10;   5.7;   2.4;    3;   0.0;   0;    0.767;   0;   6.1;   9.5; 1011.69;    7.2;   92.58;   12.4;    0.8;   -2.2;eor
       2014;20181105;   10;   8.6;   3.5;    3;   0.0;   0;    0.000;   0;   7.9;  11.7; 1003.57;   10.4;   92.83;   11.8;    7.8;    6.9;eor
       2014;20181106;   10;   6.0;   2.0;    3;   0.0;   0;    3.983;   0;   5.8;  11.1; 1001.50;    9.5;   93.50;   16.5;    4.6;    1.2;eor
       2014;20181107;   10;   7.2;   2.7;    3;   0.2;   6;    7.983;   0;   4.0;  10.7; 1003.39;   11.3;   81.25;   16.6;    6.1;    3.0;eor
       2014;20181108;   10;   7.5;   2.5;    3;   1.5;   6;    4.833;   0;   4.8;  10.6; 1012.79;   10.0;   86.58;   14.4;    3.9;   -0.5;eor
       2014;20181109;   10;   8.2;   3.5;    3;   0.3;   6;    3.300;   0;   6.5;  11.1; 1008.09;    9.9;   91.25;   13.4;    5.8;    5.3;eor
       2014;20181110;   10;  11.0;   5.5;    3;   0.8;   6;    0.000;   0;   7.3;  10.7;  999.80;   11.5;   78.79;   13.1;    8.9;    7.3;eor
       2014;20181111;   10;  11.8;   5.6;    3;   1.5;   6;    1.433;   0;   6.9;  11.8; 1001.34;   12.8;   79.58;   15.5;   11.2;    8.4;eor
       2014;20181112;   10;  12.2;   3.9;    3;   2.0;   6;    2.433;   0;   7.0;  12.7; 1007.44;   12.8;   86.17;   18.3;   10.5;    9.4;eor
       2014;20181113;   10;  14.9;   4.0;    3;   0.0;   6;    2.800;   0;   4.6;  10.8; 1014.88;   10.6;   84.04;   12.8;    8.6;    6.8;eor
       2014;20181114;   10;   6.9;   2.8;    3;   0.0;   0;    6.433;   0;   4.1;   9.8; 1021.42;    9.0;   85.38;   13.3;    5.4;    0.0;eor
       2014;20181115;   10;   6.7;   3.4;    3;   0.0;   0;    7.450;   0;   3.0;   8.0; 1020.44;    5.2;   90.21;    9.5;    1.4;   -0.6;eor
       2014;20181116;   10;   8.2;   3.5;    3;   0.0;   0;    7.417;   0;   0.4;   7.2; 1024.24;    4.4;   86.50;    9.6;    0.6;   -1.6;eor
       2014;20181117;   10;   9.1;   4.2;    3;   0.0;   0;    6.817;   0;   1.4;   6.0; 1028.18;    1.4;   88.75;    4.1;   -1.8;   -3.8;eor
       2014;20181118;   10;   8.1;   2.8;    3;   0.0;   6;    3.883;   0;   4.5;   5.6; 1024.32;    0.7;   85.75;    6.2;   -4.8;   -6.5;eor
       2014;20181119;   10;  17.1;   6.5;    3;   0.1;   6;    0.150;   0;   6.9;   7.1; 1015.20;    4.4;   84.54;    5.9;    3.0;    1.9;eor
       2014;20181120;   10;  16.8;   8.6;    3;   0.3;   8;    0.000;   0;   7.9;   5.7; 1008.56;    2.4;   78.75;    3.4;    1.1;    0.7;eor
       2014;20181121;   10;  11.8;   5.6;    3;   0.1;   8;    0.000;   0;   8.0;   5.4; 1012.84;    1.7;   78.96;    2.8;    0.5;    0.1;eor
       2014;20181122;   10;   8.2;   4.2;    3;   0.1;   8;    0.000;   0;   8.0;   6.0; 1015.40;    1.4;   88.83;    2.3;    0.4;    0.0;eor
       2014;20181123;   10;   6.3;   3.2;    3;   0.0;   0;    0.000;   0;   7.5;   6.5; 1012.65;    2.9;   86.67;    4.6;    1.1;   -1.5;eor
       2014;20181124;   10;   5.7;   3.2;    3;   2.0;   6;    0.000;   0;   8.0;   6.4; 1006.41;    1.2;   95.92;    2.7;    0.0;    0.5;eor
       2014;20181125;   10;   8.2;   3.5;    3;   0.3;   6;    0.000;   0;   8.0;   7.3; 1004.96;    3.1;   95.50;    4.4;    1.7;    1.6;eor
       2014;20181126;   10;  10.6;   4.3;    3;   0.0;   0;    0.000;   0;   8.0;   6.7; 1007.28;    3.0;   88.08;    4.2;    1.8;    1.4;eor
       2014;20181127;   10;   5.7;   3.1;    3;   0.0;   0;    0.150;   0;   6.0;   5.1; 1014.62;   -0.8;   88.63;    1.9;   -3.1;   -5.2;eor
       2014;20181128;   10;  10.8;   5.0;    3;   0.5;   6;    3.217;   0;   4.7;   4.7; 1016.15;   -0.5;   79.54;    3.7;   -4.3;   -6.3;eor
       2014;20181129;   10;  13.2;   6.4;    3;   3.2;   6;    0.000;   0;   7.7;   6.8; 1008.36;    5.4;   75.75;    7.5;    3.6;    2.5;eor
       2014;20181130;   10;   8.2;   4.4;    3;   0.0;   0;    0.000;   0;   7.5;   7.3; 1004.62;    7.2;   72.04;    9.1;    5.8;    4.0;eor
       2014;20181201;   10;   9.9;   4.1;    3;   0.0;   6;    3.400;   0;   6.6;   8.3; 1004.66;    8.0;   77.96;   10.4;    5.4;    2.5;eor
       2014;20181202;   10;  11.8;   5.0;    3;   6.2;   6;    0.000;   0;   7.6;  10.7;  992.90;   10.1;   85.71;   12.6;    8.1;    7.5;eor
       2014;20181203;   10;  13.4;   4.6;    3;   7.6;   6;    2.483;   0;   6.8;  11.5;  991.73;   11.9;   82.33;   13.3;    7.9;    7.4;eor
       2014;20181204;   10;  10.8;   4.5;    3;   0.0;   6;    6.300;   0;   2.5;   7.2; 1009.56;    5.2;   81.38;    7.9;    0.2;   -3.3;eor
       2014;20181205;   10;  10.3;   3.9;    3;   2.2;   6;    4.550;   0;   6.1;   6.2; 1016.80;    3.1;   81.17;    6.1;   -1.2;   -5.2;eor
       2014;20181206;   10;  12.3;   4.1;    3;   1.0;   6;    0.000;   0;   8.0;   9.9; 1007.15;    8.3;   89.04;   12.0;    4.4;    3.9;eor
       2014;20181207;   10;  19.4;   6.3;    3;   3.9;   6;    0.000;   0;   8.0;  11.2;  996.74;   10.9;   85.42;   12.2;    6.9;    6.1;eor
       2014;20181208;   10;  18.0;   7.7;    3;   7.6;   6;    0.000;   0;   6.8;   8.1;  991.26;    7.4;   78.21;    9.4;    6.1;    4.7;eor
       2014;20181209;   10;  20.1;   7.8;    3;   5.2;   6;    0.050;   0;   6.8;   8.3;  988.56;    7.0;   82.42;    9.3;    4.4;    3.3;eor
       2014;20181210;   10;  15.8;   8.4;    3;   3.0;   6;    1.850;   0;   5.0;   6.7; 1006.57;    4.1;   82.00;    5.1;    3.1;    1.9;eor
       2014;20181211;   10;  13.4;   5.6;    3;   0.0;   6;    5.317;   0;   5.3;   6.6; 1012.19;    4.0;   81.29;    6.2;    2.5;    1.4;eor
       2014;20181212;   10;   7.2;   2.8;    3;   0.0;   6;    0.083;   0;   6.7;   6.5; 1018.35;    2.8;   87.21;    4.6;    0.6;   -1.1;eor
       2014;20181213;   10;   8.4;   3.6;    3;   0.0;   8;    0.000;   0;   6.9;   6.1; 1016.86;    1.6;   89.25;    2.7;   -0.4;   -2.0;eor
       2014;20181214;   10;   6.7;   3.7;    3;   0.0;   0;    0.067;   0;   7.3;   5.3; 1018.20;    0.6;   83.25;    1.6;   -0.5;   -0.9;eor
       2014;20181215;   10;  12.0;   4.5;    3;   0.0;   0;    0.000;   0;   7.3;   4.7; 1018.94;   -0.1;   77.04;    0.6;   -1.4;   -2.6;eor
       2014;20181216;   10;   9.6;   4.1;    3;   0.1;   8;    0.000;   0;   6.5;   4.6; 1006.83;   -0.6;   79.58;    0.8;   -2.0;   -3.2;eor
       2014;20181217;   10;   7.4;   3.5;    3;   0.4;   6;    0.000;   0;   7.9;   6.9; 1011.52;    3.4;   87.38;    6.2;    0.8;    0.6;eor
       2014;20181218;   10;   9.3;   4.0;    3;   0.0;   6;    2.600;   0;   7.0;   7.3; 1015.25;    5.0;   83.21;    7.0;    2.3;   -0.2;eor
       2014;20181219;   10;   9.6;   4.9;    3;   0.1;   6;    0.117;   0;   6.1;   6.6; 1006.43;    4.5;   78.04;    6.5;    1.8;    0.3;eor
       2014;20181220;   10;   9.1;   4.3;    3;   3.9;   6;    0.167;   0;   7.3;   8.2; 1005.10;    6.3;   85.83;    8.0;    4.9;    4.2;eor
       2014;20181221;   10;  19.4;   6.6;    3;  14.3;   6;    0.000;   0;   7.8;   9.5;  995.68;    8.2;   87.04;   12.6;    5.9;    4.9;eor
       2014;20181222;   10;  16.5;   5.0;    3;  11.2;   6;    0.000;   0;   7.5;   9.1; 1002.31;    7.2;   89.83;    8.4;    5.8;    4.5;eor
       2014;20181223;   10;   9.9;   3.4;    3;   7.0;   6;    0.000;   0;   7.5;   8.8; 1009.02;    6.8;   89.71;    7.8;    5.0;    4.5;eor
       2014;20181224;   10;   9.4;   3.9;    3;   0.4;   6;    1.767;   0;   6.9;   6.7; 1019.20;    3.2;   86.54;    5.5;    1.4;    0.8;eor
       2014;20181225;   10;  11.7;   5.3;    3;   0.0;   6;    0.000;   0;   7.2;   6.9; 1024.38;    4.9;   79.92;    6.2;    2.0;    0.4;eor
       2014;20181226;   10;  11.0;   4.8;    3;   0.1;   6;    0.000;   0;   8.0;   7.5; 1022.32;    3.9;   92.75;    4.8;    3.1;    2.9;eor
       2014;20181227;   10;   7.7;   3.0;    3;   0.0;   6;    0.000;   0;   7.5;   6.2; 1018.83;    4.3;   75.21;    5.5;    2.4;    0.7;eor
       2014;20181228;   10;   7.7;   3.3;    3;   0.2;   6;    0.000;   0;   8.0;   7.5; 1019.85;    4.9;   86.42;    5.8;    3.8;    3.6;eor
       2014;20181229;   10;  17.5;   5.3;    3;   6.8;   6;    0.050;   0;   7.9;   8.5; 1018.12;    5.9;   91.54;    7.8;    4.0;    3.8;eor
       2014;20181230;   10;  19.2;   6.4;    3;   0.2;   6;    0.200;   0;   7.3;   8.5; 1020.46;    7.0;   85.08;    8.0;    5.9;    4.8;eor
       2014;20181231;   10;  13.7;   3.5;    3;   0.6;   6;    0.000;   0;   8.0;  10.0; 1023.35;    7.8;   94.63;    8.9;    6.1;    5.9;eor
       2014;20190101;   10;  20.9;   8.7;    3;   3.6;   6;    0.917;   0;   7.3;   8.0; 1015.30;    6.1;   83.71;    8.4;    2.4;    1.4;eor
       2014;20190102;   10;  16.5;   5.8;    3;   0.0;   0;    6.433;   0;   2.0;   4.9; 1023.33;    1.9;   69.88;    4.3;   -3.2;   -6.0;eor
       2014;20190103;   10;   6.2;   2.5;    3;   0.0;   0;    3.750;   0;   3.7;   5.1; 1028.89;   -1.1;   88.71;    3.5;   -4.6;   -7.6;eor
       2014;20190104;   10;  12.9;   5.7;    3;   3.5;   6;    0.000;   0;   7.2;   7.0; 1024.26;    2.5;   94.67;    6.2;   -2.0;   -3.6;eor
       2014;20190105;   10;  13.4;   6.6;    3;   0.8;   6;    0.000;   0;   8.0;   9.5; 1017.08;    7.0;   94.17;    7.8;    6.1;    5.8;eor
       2014;20190106;   10;   8.7;   3.2;    3;   1.0;   6;    0.033;   0;   8.0;   9.0; 1021.70;    6.1;   95.21;    7.1;    5.6;    5.2;eor
       2014;20190107;   10;  15.1;   5.1;    3;   7.0;   6;    0.000;   0;   8.0;   8.5; 1018.83;    5.7;   92.58;    7.4;    4.8;    4.4;eor
       2014;20190108;   10;  22.6;   9.5;    3;   5.8;   6;    0.083;   0;   7.7;   7.6;  999.48;    5.4;   83.75;    7.1;    3.1;    2.1;eor
       2014;20190109;   10;  14.4;   6.5;    3;   0.0;   7;    0.000;   0;   7.6;   5.3; 1007.03;    2.5;   72.13;    3.6;    1.7;    1.0;eor
       2014;20190110;   10;   7.7;   2.5;    3;   1.4;   8;    0.667;   0;   7.5;   5.2; 1017.41;    0.6;   82.25;    2.0;   -1.1;   -2.1;eor
       2014;20190111;   10;  11.8;   5.6;    3;   0.8;   6;    0.000;   0;   7.7;   7.7; 1012.27;    4.0;   93.71;    6.9;    0.5;    0.3;eor
       2014;20190112;   10;  13.4;   6.5;    3;   3.2;   6;    0.000;   0;   7.5;   8.3; 1005.55;    5.7;   89.75;    6.4;    4.9;    4.0;eor
       2014;20190113;   10;  19.7;   8.0;    3;   7.7;   6;    0.000;   0;   7.4;   9.0;  992.19;    7.0;   89.75;    8.4;    5.8;    4.9;eor
       2014;20190114;   10;  20.7;   8.0;    3;   2.1;   8;    1.800;   0;   6.2;   5.8; 1000.49;    2.8;   78.08;    6.2;    0.8;   -0.4;eor
       2014;20190115;   10;  14.1;   6.3;    3;   0.9;   6;    0.000;   0;   7.8;   7.2; 1005.82;    4.5;   85.00;    6.9;    1.8;    0.6;eor
       2014;20190116;   10;  13.7;   6.3;    3;   1.2;   6;    0.000;   0;   7.8;   7.5;  999.43;    6.1;   79.00;    7.1;    4.9;    4.1;eor
       2014;20190117;   10;  14.7;   6.2;    3;   2.2;   8;    2.650;   0;   6.8;   6.6;  993.55;    3.7;   83.50;    6.0;   -0.2;   -0.6;eor
       2014;20190118;   10;   9.3;   3.3;    3;   0.0;   7;    4.367;   0;   3.8;   5.1; 1010.21;    0.1;   82.67;    3.3;   -3.5;   -6.1;eor
       2014;20190119;   10;   4.6;   1.9;    3;   0.0;   0;    6.217;   0;   3.8;   4.6; 1011.76;   -1.5;   83.38;    2.6;   -4.5;   -7.4;eor
       2014;20190120;   10;   5.5;   1.7;    3;   0.0;   0;    3.783;   0;   1.3;   3.8; 1012.16;   -5.2;   91.96;   -3.0;   -8.1;  -10.6;eor
       2014;20190121;   10;   4.6;   1.5;    3;   0.0;   0;    6.833;   0;   4.4;   3.6; 1013.98;   -3.9;   79.88;    0.7;   -9.3;  -11.9;eor
       2014;20190122;   10;  10.3;   4.6;    3;   0.0;   0;    6.017;   0;   6.0;   3.7; 1002.10;   -2.1;   71.00;    1.2;   -4.8;   -7.3;eor
       2014;20190123;   10;   9.3;   3.9;    3;   0.0;   7;    0.150;   0;   6.9;   3.3;  996.03;   -5.0;   79.58;   -3.4;   -8.2;  -10.2;eor
       2014;20190124;   10;   8.6;   2.7;    3;   0.0;   7;    0.150;   0;   7.6;   3.4; 1004.60;   -4.0;   75.38;   -2.4;   -6.3;   -6.1;eor
       2014;20190125;   10;   7.4;   3.1;    3;   5.3;   8;    0.067;   0;   7.8;   3.9; 1006.06;   -3.2;   79.21;    1.1;   -4.5;   -4.4;eor
       2014;20190126;   10;  11.8;   4.4;    3;  11.1;   6;    0.000;   0;   8.0;   8.1;  994.47;    4.6;   94.25;    6.4;    1.1;    0.6;eor
       2014;20190127;   10;  12.9;   5.5;    3;   0.8;   6;    0.117;   0;   7.4;   7.5;  979.94;    5.3;   84.38;    7.3;    3.1;    1.6;eor
       2014;20190128;   10;  12.7;   5.0;    3;   1.0;   8;    0.000;   0;   7.5;   6.3;  984.15;    2.5;   86.46;    3.7;    0.0;   -1.2;eor
       2014;20190129;   10;   9.8;   3.9;    3;   0.0;   0;    0.483;   0;   5.2;   5.6;  996.09;    0.8;   87.04;    2.8;   -1.2;   -4.1;eor
       2014;20190130;   10;  12.7;   4.7;    3;   0.0;   7;    1.017;   0;   6.6;   4.8;  989.07;   -0.3;   81.25;    1.7;   -3.8;   -5.8;eor
       2014;20190131;   10;   7.4;   3.5;    3;   0.0;   0;    6.683;   0;   4.8;   4.8;  990.49;    1.0;   73.67;    4.2;   -2.4;   -3.9;eor
       2014;20190201;   10;   8.2;   4.0;    3;   0.4;   7;    1.250;   0;   5.3;   5.0;  986.36;   -0.7;   85.71;    3.1;   -2.9;   -4.4;eor
       2014;20190202;   10;   6.2;   2.6;    3;   0.2;   7;    0.000;   0;   7.8;   5.5;  991.99;   -0.3;   92.08;    1.0;   -2.0;   -2.6;eor
       2014;20190203;   10;   9.1;   3.5;    3;   0.0;   0;    2.383;   0;   4.9;   5.6; 1009.67;    0.5;   88.13;    3.9;   -2.5;   -4.9;eor
       2014;20190204;   10;  11.1;   4.4;    3;   0.0;   6;    2.717;   0;   5.4;   5.1; 1017.95;    1.9;   74.29;    4.5;   -2.7;   -6.5;eor
       2014;20190205;   10;  10.1;   3.6;    3;   0.1;   6;    0.000;   0;   8.0;   6.4; 1018.87;    2.9;   85.46;    3.8;    2.0;    1.3;eor
       2014;20190206;   10;   9.3;   4.1;    3;   0.0;   6;    0.633;   0;   7.0;   6.1; 1015.01;    4.7;   71.75;    7.4;    0.7;   -1.8;eor
       2014;20190207;   10;  13.7;   6.4;    3;   0.2;   6;    1.783;   0;   6.5;   6.3; 1002.85;    5.7;   68.42;    8.0;    4.1;    3.3;eor
       2014;20190208;   10;  14.9;   7.1;    3;   0.3;   6;    0.217;   0;   7.7;   7.4; 1002.55;    7.3;   72.54;    9.0;    4.7;    2.8;eor
       2014;20190209;   10;  20.2;   8.7;    3;   1.2;   6;    2.383;   0;   6.5;   7.4;  995.24;    8.3;   67.29;   10.6;    6.7;    5.3;eor
       2014;20190210;   10;  15.9;   6.9;    3;   4.3;   6;    0.000;   0;   7.3;   8.1;  987.56;    7.0;   80.29;    9.6;    3.0;    2.6;eor
       2014;20190211;   10;  18.2;   8.4;    3;   0.2;   6;    2.433;   0;   6.0;   6.6; 1005.33;    4.9;   75.79;    6.9;    3.2;    2.0;eor
       2014;20190212;   10;  12.2;   5.5;    3;   0.0;   6;    3.350;   0;   6.3;   6.4; 1022.95;    4.4;   76.58;    7.3;    2.6;    1.0;eor
       2014;20190213;   10;  12.3;   4.6;    3;   0.1;   6;    0.000;   0;   7.9;   7.8; 1026.48;    6.4;   81.79;    7.7;    4.7;    4.4;eor
       2014;20190214;   10;   6.7;   2.3;    3;   0.0;   0;    8.067;   0;   3.5;   6.2; 1028.10;    6.3;   66.38;   11.8;   -0.3;   -4.3;eor
       2014;20190215;   10;   7.7;   1.9;    3;   0.0;   0;    8.817;   0;   0.7;   5.7; 1024.93;    6.6;   62.33;   15.6;   -3.4;   -5.8;eor
       2014;20190216;   10;   8.4;   2.5;    3;   0.0;   0;    8.550;   0;   2.1;   5.9; 1018.28;    9.0;   52.21;   15.7;    2.6;   -3.0;eor
       2014;20190217;   10;   6.9;   2.3;    3;   0.0;   0;    7.833;   0;   4.9;   6.6; 1015.32;    7.4;   65.17;   14.7;    0.2;   -3.3;eor
       2014;20190218;   10;   6.7;   2.6;    3;   0.0;   6;    8.967;   0;   2.1;   6.2; 1010.63;    8.9;   56.67;   16.4;    0.9;   -4.3;eor
       2014;20190219;   10;  12.7;   4.7;    3;   0.2;   6;    1.633;   0;   7.2;   7.5; 1009.00;    7.9;   70.63;   10.3;    6.5;    3.3;eor
       2014;20190220;   10;   9.4;   3.7;    3;   0.0;   6;    1.750;   0;   7.5;   7.3; 1014.52;    7.6;   70.17;    9.9;    5.6;    3.1;eor
       2014;20190221;   10;  12.0;   4.6;    3;   0.7;   6;    1.300;   0;   7.4;   9.0; 1017.73;    8.8;   79.50;   11.6;    6.7;    5.3;eor
       2014;20190222;   10;   8.7;   3.9;    3;   0.0;   6;    1.250;   0;   6.4;   8.1; 1029.44;    5.5;   87.13;    8.6;   -1.2;   -2.8;eor
       2014;20190223;   10;   7.2;   3.3;    3;   0.0;   0;    9.000;   0;   5.9;   5.0; 1033.69;    2.6;   69.75;    9.0;   -2.9;   -5.0;eor
       2014;20190224;   10;   5.1;   1.4;    3;   0.0;   0;    8.417;   0;   1.7;   4.7; 1031.28;    5.5;   55.83;   14.7;   -3.0;   -5.3;eor
       2014;20190225;   10;   4.1;   1.2;    3;   0.0;   0;    9.450;   0;   3.2;   4.8; 1030.62;    5.9;   56.13;   15.6;   -1.7;   -5.1;eor
       2014;20190226;   10;   6.0;   1.7;    3;   0.0;   0;    9.433;   0;   3.8;   5.2; 1027.12;    6.0;   59.00;   15.4;   -1.9;   -5.9;eor
       2014;20190227;   10;   6.9;   1.6;    3;   0.0;   0;    9.650;   0;   0.9;   5.3; 1018.22;    7.5;   56.04;   18.2;   -1.4;   -6.1;eor
       2014;20190228;   10;  10.6;   3.6;    3;   0.6;   6;    4.433;   0;   4.8;   7.9; 1006.63;    7.8;   74.54;   10.9;    3.5;   -0.8;eor
       2014;20190301;   10;  10.5;   3.4;    3;   0.1;   6;    0.000;   0;   7.5;   8.3; 1005.94;    6.4;   85.04;    8.7;    4.3;    3.8;eor
       2014;20190302;   10;   9.1;   3.4;    3;   0.0;   6;    1.200;   0;   7.3;   6.8; 1006.92;    6.0;   72.42;    9.1;    3.4;    2.5;eor
       2014;20190303;   10;  15.3;   6.9;    3;   2.0;   6;    0.000;   0;   7.8;  10.0;  997.10;   10.4;   78.79;   12.1;    9.0;    7.9;eor
       2014;20190304;   10;  26.4;   8.1;    3;   5.3;   6;    1.600;   0;   6.5;   8.0;  984.79;    9.3;   68.17;   13.5;    5.2;    4.8;eor
       2014;20190305;   10;  16.3;   6.0;    3;   1.3;   6;    2.583;   0;   5.6;   6.9;  996.04;    6.0;   73.13;    8.6;    3.9;   -1.1;eor
       2014;20190306;   10;  13.4;   6.1;    3;   0.5;   6;    0.167;   0;   7.3;   7.8;  996.19;    8.5;   70.79;   12.6;    3.0;   -1.8;eor
       2014;20190307;   10;  23.1;   7.8;    3;   2.2;   6;    4.233;   0;   5.9;   8.2;  987.05;   10.3;   65.42;   14.1;    6.4;    4.2;eor
       2014;20190308;   10;  20.9;   7.8;    3;   4.1;   6;    1.417;   0;   6.7;   7.0;  999.05;    7.1;   69.75;    9.3;    4.7;    1.5;eor
       2014;20190309;   10;  24.2;   8.0;    3;   2.6;   6;    2.167;   0;   6.3;   7.7;  998.90;    7.3;   74.83;   11.7;    4.2;    2.6;eor
       2014;20190310;   10;  12.0;   4.5;    3;  17.7;   8;    0.000;   0;   6.8;   6.8;  997.30;    3.7;   85.92;    6.2;    0.1;    0.0;eor
       2014;20190311;   10;  14.6;   5.9;    3;   5.8;   8;    0.800;   0;   6.7;   6.5; 1005.08;    3.1;   85.21;    5.0;    1.2;    0.5;eor
       2014;20190312;   10;  21.9;   6.7;    3;   0.3;   6;    0.583;   0;   7.1;   6.3; 1005.34;    6.0;   69.00;    8.8;    1.7;   -0.7;eor
       2014;20190313;   10;  20.6;   8.5;    3;   4.1;   6;    0.033;   0;   7.5;   7.1;  992.95;    5.9;   76.50;    7.5;    4.4;    3.1;eor
       2014;20190314;   10;  18.7;   8.0;    3;   7.6;   6;    0.000;   0;   7.5;   8.0;  990.93;    6.1;   84.17;    7.7;    5.0;    3.8;eor
       2014;20190315;   10;  20.9;   8.1;    3;   0.3;   6;    0.067;   0;   6.4;   7.9;  993.20;    7.9;   74.17;   12.3;    5.9;    4.4;eor
       2014;20190316;   10;  15.9;   6.2;    3;   3.7;   6;    0.000;   0;   7.7;   8.0;  997.19;    7.8;   75.50;   10.8;    4.2;    3.6;eor
       2014;20190317;   10;  18.2;   6.5;    3;   2.1;   6;    2.300;   0;   5.6;   7.6;  993.13;    7.8;   71.92;   10.8;    4.3;    2.6;eor
       2014;20190318;   10;  20.2;   6.9;    3;   2.4;   8;    3.800;   0;   5.0;   6.5; 1006.27;    4.6;   76.67;    8.0;    1.5;    0.5;eor
       2014;20190319;   10;  10.8;   3.7;    3;   0.0;   0;    4.317;   0;   3.6;   6.1; 1019.59;    4.4;   74.04;    9.1;    0.7;   -4.4;eor
       2014;20190320;   10;   9.8;   3.0;    3;   0.0;   6;    4.233;   0;   4.8;   7.3; 1025.30;    7.1;   71.71;   11.8;   -0.6;   -4.5;eor
       2014;20190321;   10;   8.2;   2.4;    3;   0.0;   0;    5.317;   0;   5.4;  10.0; 1026.53;   10.5;   79.50;   14.9;    5.0;    1.5;eor
       2014;20190322;   10;   7.0;   2.4;    3;   0.0;   0;    8.633;   0;   2.5;   9.9; 1023.13;   10.3;   80.25;   18.6;    2.0;    0.6;eor
       2014;20190323;   10;   8.9;   3.5;    3;   0.0;   6;    0.383;   0;   6.7;   9.2; 1021.40;    7.9;   85.79;   11.6;    1.7;   -2.3;eor
       2014;20190324;   10;   8.7;   2.0;    3;   0.9;   6;    5.267;   0;   5.5;   6.3; 1019.00;    4.7;   76.13;    9.8;   -1.5;   -3.8;eor
       2014;20190325;   10;  17.1;   5.4;    3;   3.9;   8;    2.917;   0;   5.7;   7.1; 1011.41;    4.8;   82.96;    8.0;    1.9;    0.2;eor
       2014;20190326;   10;  14.6;   5.7;    3;   0.0;   6;    0.850;   0;   6.4;   7.5; 1020.43;    5.4;   83.88;    8.6;    2.4;    0.4;eor
       2014;20190327;   10;  10.3;   4.2;    3;   0.4;   6;    1.133;   0;   7.1;   8.3; 1024.35;    7.3;   81.63;   11.2;    2.3;   -0.6;eor
       2014;20190328;   10;   8.1;   3.0;    3;   0.0;   6;    2.867;   0;   6.8;   9.7; 1027.09;    9.7;   81.50;   13.0;    6.9;    6.5;eor
       2014;20190329;   10;   5.7;   1.5;    3;   0.0;   0;   11.383;   0;   2.6;   9.4; 1023.66;   11.2;   72.58;   16.6;    5.3;    0.6;eor
       2014;20190330;   10;  10.3;   2.8;    3;   0.0;   0;    9.183;   0;   1.6;   8.5; 1014.69;   11.6;   64.58;   19.0;    5.2;   -0.5;eor
       2014;20190331;   10;   9.3;   3.3;    3;   0.0;   0;    7.567;   0;   3.7;   6.7; 1017.38;    7.1;   67.38;   11.6;    1.5;   -2.9;eor
       2014;20190401;   10;  12.0;   4.5;    3;   0.0;   0;   11.950;   0;   0.1;   4.4; 1017.02;    5.6;   52.25;   11.9;   -2.4;   -4.8;eor
       2014;20190402;   10;  11.3;   4.6;    3;   0.0;   6;    6.033;   0;   4.2;   7.2; 1002.10;   10.0;   57.83;   17.2;    1.6;   -1.1;eor
       2014;20190403;   10;  14.7;   3.3;    3;   7.9;   6;    0.883;   0;   7.5;   9.6;  995.35;    9.5;   80.75;   13.9;    5.4;    2.6;eor
       2014;20190404;   10;   6.9;   2.7;    3;   0.0;   0;    0.000;   0;   7.7;   8.9;  993.60;    6.9;   89.54;    9.0;    3.3;    1.3;eor
       2014;20190405;   10;   7.5;   2.8;    3;   0.0;   0;    0.000;   0;   7.8;   9.3;  998.88;    7.3;   90.88;    8.7;    5.5;    2.8;eor
       2014;20190406;   10;   7.7;   3.1;    3;   0.0;   0;    9.367;   0;   4.1;   9.9;  999.93;   11.7;   74.42;   19.2;    4.8;    3.2;eor
       2014;20190407;   10;  11.0;   3.5;    3;   0.0;   0;   11.950;   0;   1.5;   8.0; 1000.56;   13.1;   54.42;   19.8;    6.4;    2.2;eor
       2014;20190408;   10;   9.8;   2.8;    3;   0.0;   0;   10.967;   0;   1.8;   7.6; 1003.77;   11.5;   59.00;   19.8;    2.2;   -1.5;eor
       2014;20190409;   10;  11.5;   5.1;    3;   0.0;   0;   10.183;   0;   2.0;   6.1; 1007.94;    6.6;   64.25;   12.9;    1.0;   -1.4;eor
       2014;20190410;   10;   8.6;   3.7;    3;   0.0;   0;   10.667;   0;   1.4;   4.9; 1011.13;    4.7;   59.21;   10.8;   -1.2;   -3.9;eor
       2014;20190411;   10;   9.3;   3.9;    3;   0.0;   0;    2.717;   0;   6.7;   4.9; 1017.31;    4.6;   58.63;    8.6;    0.4;   -1.8;eor
       2014;20190412;   10;  12.9;   4.1;    3;   0.3;   8;    0.317;   0;   7.5;   5.5; 1019.33;    3.1;   72.83;    6.4;    1.6;    1.2;eor
       2014;20190413;   10;  12.3;   4.2;    3;   0.4;   8;    1.867;   0;   7.4;   5.8; 1017.71;    3.3;   76.00;    6.7;    0.8;   -1.0;eor
       2014;20190414;   10;   8.7;   3.3;    3;   0.9;   6;    2.733;   0;   5.7;   6.7; 1019.27;    3.4;   85.33;    6.4;   -1.7;   -4.5;eor
       2014;20190415;   10;  10.8;   4.3;    3;   0.0;   0;   10.083;   0;   2.8;   6.2; 1019.48;    7.8;   60.96;   14.2;    2.9;    1.8;eor
       2014;20190416;   10;  12.3;   5.3;    3;   0.0;   0;   12.800;   0;   0.2;   5.7; 1014.43;    8.9;   53.25;   16.2;    0.6;   -1.5;eor
       2014;20190417;   10;  13.7;   5.0;    3;   0.0;   0;   12.383;   0;   1.6;   5.6; 1018.08;   11.1;   44.88;   18.4;    3.1;    0.4;eor
       2014;20190418;   10;  12.9;   4.7;    3;   0.0;   0;   12.900;   0;   0.8;   6.7; 1021.81;   13.4;   47.13;   20.8;    4.8;    2.0;eor
       2014;20190419;   10;  11.5;   4.3;    3;   0.0;   0;   13.000;   0;   0.0;   7.6; 1024.08;   14.9;   46.96;   22.6;    6.4;    0.5;eor
       2014;20190420;   10;   6.7;   2.8;    3;   0.0;   0;   13.150;   0;   1.1;   5.9; 1023.14;   14.3;   39.00;   22.0;    6.2;    1.7;eor
       2014;20190421;   10;   8.1;   2.8;    3;   0.0;   0;   13.183;   0;   0.5;   6.6; 1015.18;   13.8;   46.58;   22.2;    3.4;   -2.0;eor
       2014;20190422;   10;  15.8;   6.2;    3;   0.0;   0;   13.283;   0;   0.5;   6.5; 1007.10;   14.4;   42.29;   20.9;    6.0;    3.2;eor
       2014;20190423;   10;  19.9;   8.7;    3;   0.3;   6;   12.250;   0;   1.3;   8.6;  998.04;   14.9;   51.25;   20.3;    9.3;    7.6;eor
       2014;20190424;   10;  19.4;   5.6;    3;   2.8;   6;   10.100;   0;   5.1;  11.5;  995.85;   17.4;   59.46;   24.4;   10.7;   10.0;eor
       2014;20190425;   10;  12.3;   4.6;    3;   0.0;   0;   10.717;   0;   4.4;   9.8; 1001.65;   16.5;   55.79;   22.9;    8.0;    4.4;eor
       2014;20190426;   10;  12.3;   4.5;    3;   5.6;   6;    3.017;   0;   7.0;  11.3; 1004.59;   11.8;   82.42;   15.1;    9.4;    7.5;eor
       2014;20190427;   10;  13.4;   3.2;    3;   5.0;   6;    6.250;   0;   5.5;  10.3; 1005.17;    9.9;   84.79;   16.7;    6.8;    2.5;eor
       2014;20190428;   10;   7.7;   2.3;    3;   0.7;   6;    5.250;   0;   5.9;   9.0; 1011.37;    8.7;   80.54;   13.5;    3.6;    1.1;eor
       2014;20190429;   10;   9.8;   4.2;    3;   2.3;   6;    0.000;   0;   6.7;  10.1; 1015.18;    7.9;   93.25;   10.8;    3.3;    1.3;eor
       2014;20190430;   10;   9.6;   4.2;    3;   0.0;   6;   10.300;   0;   4.7;  10.0; 1013.67;   11.0;   77.38;   18.1;    5.3;    4.3;eor
       2014;20190501;    3;  10.8;   4.8;    3;   0.0;   0;    9.467;   0;   4.1;  10.0; 1008.37;   11.0;   76.88;   17.0;    6.1;    3.3;eor
       2014;20190502;    3;  14.1;   4.6;    3;   0.7;   6;    0.350;   0;   7.3;   9.7; 1001.42;    9.2;   82.67;   13.4;    6.5;    5.4;eor
       2014;20190503;    3;  13.7;   5.3;    3;   0.0;   6;    5.517;   0;   6.5;   6.6; 1002.61;    7.3;   65.46;   11.2;    3.4;    1.3;eor
       2014;20190504;    3;  13.5;   4.3;    3;   2.1;   8;    6.550;   0;   5.3;   6.5; 1001.77;    5.1;   75.29;    9.8;   -0.2;   -2.8;eor
       2014;20190505;    3;  10.3;   3.2;    3;   0.1;   6;    7.867;   0;   3.3;   6.1; 1010.44;    5.1;   70.54;   11.6;   -1.9;   -3.7;eor
       2014;20190506;    3;  12.2;   3.8;    3;   2.4;   6;    2.633;   0;   6.8;   7.2; 1011.50;    6.3;   76.63;   11.9;    0.7;   -2.3;eor
       2014;20190507;    3;   7.5;   2.4;    3;   0.0;   0;    9.000;   0;   3.5;   7.0; 1010.18;    7.8;   68.63;   13.3;    0.8;   -1.6;eor
       2014;20190508;    3;  12.7;   4.3;    3;   8.3;   6;    1.467;   0;   6.6;   9.1;  997.02;    9.8;   75.17;   14.4;    3.7;   -0.6;eor
       2014;20190509;    3;   9.8;   3.3;    3;   0.3;   6;    5.283;   0;   5.6;  10.4;  991.99;   12.5;   73.25;   17.7;    8.2;    3.0;eor
       2014;20190510;    3;  11.5;   3.6;    3;   0.1;   6;    2.717;   0;   6.1;  10.2; 1001.01;   10.6;   80.13;   14.2;    6.5;    2.7;eor
       2014;20190511;    3;  10.8;   3.9;    3;   0.7;   6;    1.433;   0;   6.2;   8.8; 1008.29;    8.8;   78.63;   13.7;    4.4;    2.0;eor
       2014;20190512;    3;  12.7;   4.6;    3;   0.0;   0;   11.750;   0;   1.5;   6.9; 1024.08;    8.4;   65.29;   14.8;    1.1;   -1.4;eor
       2014;20190513;    3;  12.3;   4.0;    3;   0.0;   0;   14.083;   0;   0.8;   6.3; 1030.21;    8.4;   61.79;   15.4;    0.7;   -3.6;eor
       2014;20190514;    3;  10.6;   3.5;    3;   0.0;   0;   10.600;   0;   3.3;   6.3; 1026.08;    9.3;   57.71;   16.0;    2.0;   -1.4;eor
       2014;20190515;    3;  10.8;   3.4;    3;   0.1;   6;    7.450;   0;   3.9;   5.8; 1019.86;    9.9;   49.63;   16.3;   -0.1;   -3.7;eor
       2014;20190516;    3;   8.2;   3.0;    3;   7.5;   6;    0.000;   0;   7.6;   9.5; 1010.87;    8.5;   85.46;    9.6;    6.8;    4.9;eor
       2014;20190517;    3;  11.8;   3.7;    3;   0.0;   0;    2.650;   0;   6.3;  10.6; 1003.18;   11.9;   77.42;   15.6;    8.4;    3.5;eor
       2014;20190518;    3;   8.2;   2.3;    3;   0.0;   0;   14.233;   0;   2.0;  11.0;  999.93;   14.8;   68.58;   21.9;    5.2;    1.8;eor
       2014;20190519;    3;  10.8;   2.8;    3;   0.0;   0;    8.783;   0;   4.7;  12.2;  997.98;   17.2;   65.63;   24.8;    8.3;    4.5;eor
       2014;20190520;    3;  10.3;   3.3;    3;   3.3;   6;    5.900;   0;   5.7;  15.3;  997.05;   17.7;   76.08;   23.2;    9.1;    6.4;eor
       2014;20190521;    3;  12.0;   5.5;    3;   0.9;   6;    0.017;   0;   8.0;  15.1; 1001.04;   14.3;   92.33;   16.0;   12.0;   11.8;eor
       2014;20190522;    3;  12.2;   5.5;    3;   0.2;   6;    3.683;   0;   6.1;  11.0; 1009.75;   11.9;   79.96;   16.9;    6.2;    2.5;eor
       2014;20190523;    3;   9.3;   1.6;    3;   0.0;   0;   12.933;   0;   5.7;   9.3; 1011.01;   14.2;   61.71;   20.6;    3.7;    0.0;eor
       2014;20190524;    3;  16.1;   3.4;    3;   0.6;   6;    9.700;   0;   6.2;  11.3; 1006.98;   15.9;   64.08;   22.9;    8.9;    4.0;eor
       2014;20190525;    3;   7.2;   2.8;    3;   0.0;   6;    0.200;   0;   6.4;  10.4; 1009.38;   11.3;   78.33;   14.6;    6.3;    1.7;eor
       2014;20190526;    3;  13.2;   4.6;    3;   0.6;   6;    4.283;   0;   6.7;  11.6; 1004.61;   15.5;   67.75;   21.3;    5.8;    2.2;eor
       2014;20190527;    3;  10.6;   4.1;    3;   0.0;   0;    5.483;   0;   6.7;  11.9; 1000.49;   16.0;   66.71;   20.2;   10.6;    7.2;eor
       2014;20190528;    3;   9.3;   3.2;    3;   0.0;   6;    4.283;   0;   6.9;   9.5; 1001.98;   13.1;   63.96;   17.8;    8.4;    7.5;eor
       2014;20190529;    3;   7.4;   2.1;    3;   0.0;   0;    8.683;   0;   3.7;   8.0; 1014.36;   11.7;   60.63;   17.9;    3.9;   -0.7;eor
       2014;20190530;    3;  12.2;   4.7;    3;   0.3;   6;    0.900;   0;   6.5;  12.0; 1015.23;   15.1;   69.08;   18.2;   10.0;    5.4;eor
       2014;20190531;    3;   9.3;   3.5;    3;   0.5;   6;    4.467;   0;   6.2;  15.7; 1015.77;   18.8;   73.42;   24.1;   14.0;    8.3;eor
       2014;20190601;    3;  12.0;   3.1;    3;   0.0;   0;   14.567;   0;   4.5;  14.4; 1014.10;   19.4;   66.46;   25.9;   11.2;    6.6;eor
       2014;20190602;    3;  11.7;   4.3;    3;   0.0;   0;   14.633;   0;   5.0;  14.9; 1008.17;   23.4;   56.04;   30.6;   13.1;    8.6;eor
       2014;20190603;    3;  10.8;   2.9;    3;   5.9;   6;    4.817;   0;   5.7;  16.7; 1006.02;   20.3;   71.21;   26.5;   15.0;   11.2;eor
       2014;20190604;    3;   7.5;   2.6;    3;   0.1;   6;    5.967;   0;   6.8;  17.8; 1004.23;   20.4;   76.38;   25.6;   15.2;   13.2;eor
       2014;20190605;    3;   9.6;   3.0;    3;   0.0;   6;   10.000;   0;   3.8;  18.6;  999.72;   23.8;   63.83;   30.6;   18.9;   16.9;eor
       2014;20190606;    3;  16.3;   3.9;    3;   0.0;   6;    1.433;   0;   6.5;  14.0; 1003.40;   16.9;   72.88;   21.4;   12.5;    9.8;eor
       2014;20190607;    3;  15.8;   4.3;    3;  13.8;   6;   13.417;   0;   3.6;  12.9; 1006.07;   17.5;   66.67;   23.8;    9.8;    4.2;eor
       2014;20190608;    3;  18.5;   6.6;    3;   0.0;   6;    7.017;   0;   4.5;  10.6; 1010.40;   15.8;   60.04;   19.9;   12.5;    8.9;eor
       2014;20190609;    1;   7.5;   3.1;    1;   0.0;   0;   12.950;   0;   5.0;  10.8; 1015.37;   17.3;   56.33;   22.8;   11.2;    9.0;eor
       2014;20190610;    1;   9.3;   2.8;    1;   0.9;   6;    6.067;   0;   6.8;  14.6; 1005.52;   20.7;   59.50;   25.9;   15.6;   13.8;eor
       2014;20190611;    1;  18.0;   2.9;    1;   9.8;   6;    4.800;   0;   6.0;  16.5; 1003.87;   18.2;   80.21;   23.0;   14.9;   10.9;eor
       2014;20190612;    1;  11.8;   2.8;    1;   3.3;   6;    1.700;   0;   6.0;  17.1; 1002.60;   16.5;   90.79;   19.0;   12.3;    7.4;eor
       2014;20190613;    1;  14.6;   4.3;    1;   0.0;   0;   10.617;   0;   3.6;  12.4; 1006.15;   18.6;   59.92;   23.9;   12.9;    7.5;eor
       2014;20190614;    1;  12.7;   4.3;    1;   2.8;   6;    9.683;   0;   4.5;  14.1; 1007.89;   21.4;   57.42;   28.8;   11.5;    6.3;eor
       2014;20190615;    1;  13.5;   4.2;    1;   0.0;   6;    5.367;   0;   6.1;  17.3; 1004.70;   19.6;   75.75;   24.0;   12.3;    8.3;eor
       2014;20190616;    1;   8.7;   2.4;    1;   0.0;   6;    7.667;   0;   5.7;  14.8; 1012.70;   17.2;   76.88;   22.0;   10.5;    7.4;eor
       2014;20190617;    1;   8.2;   2.3;    1;   0.0;   0;   14.083;   0;   1.5;  14.5; 1013.63;   20.3;   63.58;   26.6;   11.3;    7.4;eor
       2014;20190618;    1;  10.3;   3.2;    1;   0.0;   0;   11.733;   0;   5.0;  15.3; 1007.71;   22.9;   57.63;   29.3;   14.6;   12.6;eor
       2014;20190619;    1;  18.2;   3.5;    1;   5.7;   6;    9.750;   0;   5.3;  16.8; 1001.40;   23.9;   59.58;   31.7;   16.6;   15.0;eor
       2014;20190620;    1;  10.1;   3.8;    1;   0.5;   6;    5.217;   0;   6.0;  16.7; 1003.89;   19.5;   74.75;   25.4;   15.2;   12.6;eor
       2014;20190621;    1;  11.7;   3.3;    1;   0.0;   0;   11.033;   0;   3.8;  13.0; 1011.23;   17.9;   65.42;   22.8;   10.8;    7.0;eor
       2014;20190622;    1;  11.0;   3.5;    1;   0.0;   0;   12.850;   0;   3.8;  12.6; 1015.17;   17.9;   64.04;   24.3;    9.1;    5.4;eor
       2014;20190623;    1;  12.5;   4.3;    1;   0.0;   0;   13.767;   0;   2.8;  12.9; 1014.57;   20.9;   55.04;   27.7;   13.5;   10.5;eor
       2014;20190624;    1;  11.5;   4.5;    1;   0.0;   6;   14.650;   0;   6.9;  13.4; 1015.10;   23.1;   50.08;   29.6;   15.3;   13.5;eor
       2014;20190625;    1;  13.2;   3.8;    1;   0.0;   0;   13.417;   0;   4.6;  16.0; 1012.50;   26.1;   48.42;   33.3;   16.4;   13.5;eor
       2014;20190626;    1;  11.8;   4.9;    1;   0.0;   0;   15.000;   0;   1.7;  19.5; 1014.90;   25.0;   62.54;   32.8;   15.5;   15.0;eor
       2014;20190627;    1;  10.8;   5.4;    1;   0.0;   6;   11.767;   0;   4.8;  12.1; 1019.83;   16.4;   65.46;   21.3;   12.3;   11.8;eor
       2014;20190628;    1;   9.8;   2.7;    1;   0.0;   0;   10.117;   0;   3.7;  12.0; 1018.17;   18.0;   59.83;   24.9;   13.4;    9.1;eor
       2014;20190629;    1;   6.5;   2.3;    1;   0.0;   0;   15.417;   0;   0.0;  12.7; 1012.93;   22.9;   50.83;   31.4;   12.1;    7.4;eor
       2014;20190630;    1;  14.7;   4.7;    1;   0.0;   0;   13.917;   0;   1.2;  15.3; 1005.88;   25.8;   48.29;   35.7;   15.7;    9.9;eor
       2014;20190701;    1;  16.5;   5.5;    1;   0.1;   6;   11.200;   0;   3.5;  12.8; 1008.71;   20.4;   55.67;   26.4;   14.6;   10.8;eor
       2014;20190702;    1;  14.6;   5.4;    1;   0.0;   0;    7.233;   0;   3.9;  10.4; 1014.13;   16.5;   57.04;   21.5;    9.9;    5.0;eor
       2014;20190703;    1;  11.1;   4.0;    1;   0.0;   0;    7.400;   0;   3.5;   9.7; 1016.94;   14.4;   61.71;   21.1;    7.1;    2.2;eor
       2014;20190704;    1;   9.3;   2.9;    1;   0.0;   6;   11.667;   0;   4.3;  10.2; 1015.61;   15.8;   59.96;   22.8;    6.1;    0.9;eor
       2014;20190705;    1;  11.3;   4.5;    1;   0.0;   6;    3.783;   0;   6.2;  12.8; 1008.55;   18.3;   61.75;   22.8;   12.1;    8.5;eor
       2014;20190706;    1;  12.2;   3.9;    1;   3.7;   6;    0.500;   0;   6.9;  14.1; 1003.22;   16.0;   79.42;   23.2;   11.6;    9.6;eor
       2014;20190707;    1;  13.4;   5.1;    1;   0.0;   6;    3.400;   0;   6.2;  10.4; 1006.01;   14.1;   65.58;   18.8;    9.8;    7.3;eor
       2014;20190708;    1;  11.7;   4.4;    1;   0.2;   6;    2.400;   0;   7.0;  10.5; 1009.87;   13.5;   67.83;   18.2;    9.7;    8.9;eor
