STATIONS_ID;MESS_DATUM;QN_3;  FX;  FM;QN_4; RSK;RSKF; SDK;SHK_TAG;  NM; VPM;  PM; TMK; UPM; TXK; TNK; TGK;eor
        102;20180106;   10;  12.3;   7.9;    3;  -999;-999;    0.617;-999;  -999;   7.2; 1004.50;    4.1;   86.88;    5.9;    1.9;-999;eor
        102;20180107;   10;  11.9;   8.6;    3;  -999;-999;    6.950;-999;  -999;   5.2; 1026.39;    1.5;   75.92;    2.6;    0.2;-999;eor
        102;20180108;   10;  19.1;  11.2;    3;  -999;-999;    7.500;-999;  -999;   3.9; 1027.30;    0.9;   59.79;    2.1;   -0.4;-999;eor
        102;20180109;   10;  17.6;  10.2;    3;  -999;-999;    2.283;-999;  -999;   4.8; 1011.27;    1.7;   68.29;    3.0;   -0.4;-999;eor
        102;20180110;   10;   9.3;   6.1;    3;  -999;-999;    0.000;-999;  -999;   7.7; 1006.26;    4.3;   92.25;    6.4;    2.2;-999;eor
        102;20180111;   10;   7.7;   4.6;    3;  -999;-999;    1.317;-999;  -999;   7.8; 1014.09;    3.9;   96.25;    5.9;    2.9;-999;eor
        102;20180112;   10;  10.8;   7.8;    3;  -999;-999;    0.000;-999;  -999;   7.1; 1023.32;    2.4;   97.58;    3.5;    1.7;-999;eor
        102;20180113;   10;  13.1;   9.0;    3;  -999;-999;    0.000;-999;  -999;   6.6; 1024.40;    1.8;   93.92;    2.6;    0.3;-999;eor
        102;20180114;   10;  18.1;  10.2;    3;  -999;-999;    2.667;-999;  -999;   4.8; 1020.17;    0.6;   76.04;    1.5;    0.0;-999;eor
        102;20180115;   10;  20.2;  14.7;    3;  -999;-999;    0.000;-999;  -999;   6.6;  998.03;    2.6;   88.13;    6.1;    0.3;-999;eor
        102;20180116;   10;  24.1;  12.5;    3;  -999;-999;    0.450;-999;  -999;   7.2;  982.22;    3.9;   89.63;    6.0;    1.4;-999;eor
        102;20180117;   10;  22.8;  12.0;    3;  -999;-999;    1.550;-999;  -999;   6.7;  988.40;    2.9;   89.46;    5.5;    0.3;-999;eor
        102;20180118;   10;  20.8;  11.0;    3;  -999;-999;    0.000;-999;  -999;   6.9;  987.36;    2.7;   92.33;    4.8;    0.3;-999;eor
        102;20180119;   10;  16.9;   8.8;    3;  -999;-999;    3.633;-999;  -999;   6.9;  998.96;    2.7;   92.88;    3.9;    1.4;-999;eor
        102;20180120;   10;  13.0;   7.8;    3;  -999;-999;    0.100;-999;  -999;   6.6;  998.50;    1.9;   93.88;    2.7;    0.9;-999;eor
        102;20180121;   10;  11.3;   5.3;    3;  -999;-999;    0.000;-999;  -999;   6.5; 1007.33;    1.2;   97.50;    2.0;    0.0;-999;eor
        102;20180122;   10;  12.3;   6.6;    3;  -999;-999;    0.000;-999;  -999;   7.1; 1003.85;    2.3;   97.42;    5.5;    0.9;-999;eor
        102;20180123;   10;  17.8;  10.1;    3;  -999;-999;    0.183;-999;  -999;   9.0; 1011.37;    6.0;   95.96;    8.6;    4.8;-999;eor
        102;20180124;   10;  25.7;  14.3;    3;  -999;-999;    0.017;-999;  -999;  10.9; 1003.68;    9.6;   91.29;   12.8;    5.9;-999;eor
        102;20180125;   10;  14.7;   9.3;    3;  -999;-999;    0.233;-999;  -999;   9.0; 1005.35;    7.0;   89.42;    7.9;    5.9;-999;eor
        102;20180126;   10;   8.0;   4.7;    3;  -999;-999;    0.567;-999;  -999;   8.3; 1013.87;    4.4;   98.63;    7.0;    2.7;-999;eor
        102;20180127;   10;  24.3;   9.9;    3;  -999;-999;    0.000;-999;  -999;   7.8; 1020.81;    5.1;   89.29;    5.9;    4.3;-999;eor
        102;20180128;   10;  23.6;  15.9;    3;  -999;-999;    0.300;-999;  -999;   9.6; 1016.74;    7.1;   95.04;    9.0;    5.5;-999;eor
        102;20180129;   10;  24.8;  16.4;    3;  -999;-999;    0.000;-999;  -999;   9.5; 1013.37;    7.6;   90.54;   10.2;    5.8;-999;eor
        102;20180130;   10;  21.2;  10.7;    3;  -999;-999;    5.067;-999;  -999;   7.7; 1019.06;    5.4;   86.00;    6.1;    3.4;-999;eor
        102;20180131;   10;  23.8;  12.3;    3;  -999;-999;    0.000;-999;  -999;   7.9;  996.65;    5.0;   90.50;    7.9;    2.9;-999;eor
        102;20180201;   10;  19.2;  13.8;    3;  -999;-999;    2.167;-999;  -999;   7.0;  990.03;    3.1;   91.29;    4.2;    1.4;-999;eor
        102;20180202;   10;  15.4;   9.0;    3;  -999;-999;    0.583;-999;  -999;   7.1;  995.86;    3.2;   92.13;    4.6;    1.0;-999;eor
        102;20180203;   10;  11.8;   6.1;    3;  -999;-999;    0.000;-999;  -999;   4.7; 1003.16;    0.0;   75.88;    1.7;   -1.0;-999;eor
        102;20180204;   10;  20.0;  12.5;    3;  -999;-999;    0.217;-999;  -999;   5.4; 1016.97;    1.3;   79.96;    2.3;    0.2;-999;eor
        102;20180205;   10;  13.1;   8.2;    3;  -999;-999;    0.133;-999;  -999;   5.1; 1025.41;    0.6;   80.21;    1.6;   -0.4;-999;eor
        102;20180206;   10;   7.1;   3.9;    3;  -999;-999;    8.233;-999;  -999;   4.0; 1015.02;   -0.6;   67.54;    1.7;   -1.7;-999;eor
        102;20180207;   10;   5.2;   2.1;    3;  -999;-999;    8.850;-999;  -999;   3.8; 1014.47;   -0.7;   64.75;    2.3;   -1.9;-999;eor
        102;20180208;   10;  12.2;   6.7;    3;  -999;-999;    8.683;-999;  -999;   4.0; 1015.60;   -0.5;   68.75;    1.0;   -1.9;-999;eor
        102;20180209;   10;  12.6;   9.2;    3;  -999;-999;    7.650;-999;  -999;   5.0; 1009.75;    0.4;   79.67;    2.7;   -1.2;-999;eor
        102;20180210;   10;  13.7;   6.4;    3;  -999;-999;    0.617;-999;  -999;   5.7; 1008.56;    0.7;   87.88;    1.9;   -0.6;-999;eor
        102;20180211;   10;  25.6;  15.5;    3;  -999;-999;    0.367;-999;  -999;   6.6;  992.09;    3.1;   86.75;    5.3;    0.7;-999;eor
        102;20180212;   10;  21.4;  12.3;    3;  -999;-999;    2.967;-999;  -999;   6.2; 1002.39;    3.2;   81.13;    4.8;    1.5;-999;eor
        102;20180213;   10;  11.8;   8.9;    3;  -999;-999;    8.950;-999;  -999;   5.7; 1008.09;    2.0;   81.46;    4.2;    0.1;-999;eor
        102;20180214;   10;  19.4;  10.2;    3;  -999;-999;    9.050;-999;  -999;   4.7; 1012.20;    1.8;   67.71;    4.0;   -0.2;-999;eor
        102;20180215;   10;  20.5;  13.4;    3;  -999;-999;    0.000;-999;  -999;   5.9; 1006.91;    2.1;   82.29;    4.5;    0.9;-999;eor
        102;20180216;   10;  15.2;   9.8;    3;  -999;-999;    8.267;-999;  -999;   7.0; 1016.78;    3.5;   88.96;    4.7;    2.5;-999;eor
        102;20180217;   10;   6.8;   3.1;    3;  -999;-999;    5.467;-999;  -999;   6.6; 1021.35;    2.0;   92.88;    3.3;    0.2;-999;eor
        102;20180218;   10;   9.3;   6.0;    3;  -999;-999;    7.967;-999;  -999;   6.0; 1021.65;    1.8;   86.71;    4.2;   -1.0;-999;eor
        102;20180219;   10;   7.9;   3.7;    3;  -999;-999;    3.050;-999;  -999;   6.2; 1016.03;    2.9;   81.54;    6.6;    1.5;-999;eor
        102;20180220;   10;   9.8;   4.5;    3;  -999;-999;    5.767;-999;  -999;   6.1; 1017.66;    2.8;   82.13;    5.0;    1.3;-999;eor
        102;20180221;   10;   7.2;   4.3;    3;  -999;-999;    7.200;-999;  -999;   5.3; 1023.40;    1.9;   75.50;    4.0;    0.7;-999;eor
        102;20180222;   10;   8.6;   2.9;    3;  -999;-999;    0.000;-999;  -999;   5.7; 1023.35;    1.5;   83.79;    2.2;    0.4;-999;eor
        102;20180223;   10;  11.8;   8.8;    3;  -999;-999;    9.217;-999;  -999;   4.3; 1023.23;    0.3;   68.88;    1.6;   -1.3;-999;eor
        102;20180224;   10;  15.4;  10.5;    3;  -999;-999;    4.683;-999;  -999;   4.1; 1027.39;    0.0;   67.29;    1.8;   -2.3;-999;eor
        102;20180225;   10;  14.6;   8.3;    3;  -999;-999;    1.633;-999;  -999;   3.5; 1030.13;   -2.4;   68.38;   -1.2;   -3.2;-999;eor
        102;20180226;   10;  16.1;  10.5;    3;  -999;-999;    3.883;-999;  -999;   3.4; 1028.20;   -2.5;   67.33;   -0.7;   -4.1;-999;eor
        102;20180227;   10;  21.9;  10.7;    3;  -999;-999;    5.317;-999;  -999;   3.3; 1021.36;   -3.4;   69.63;   -2.3;   -6.4;-999;eor
        102;20180228;   10;  20.0;  14.1;    3;  -999;-999;   10.183;-999;  -999;   1.9; 1023.05;   -7.3;   54.71;   -5.7;   -8.4;-999;eor
        102;20180301;   10;  23.8;  16.1;    3;  -999;-999;    9.800;-999;  -999;   2.5; 1014.27;   -5.5;   60.50;   -2.7;   -7.5;-999;eor
        102;20180302;   10;  19.9;  13.7;    3;  -999;-999;    7.483;-999;  -999;   2.7; 1003.38;   -6.0;   68.29;   -3.1;   -8.1;-999;eor
        102;20180303;   10;  15.6;  12.2;    3;  -999;-999;   10.233;-999;  -999;   2.7;  999.79;   -5.2;   65.33;   -1.5;   -8.0;-999;eor
        102;20180304;   10;  15.2;   9.9;    3;  -999;-999;    1.983;-999;  -999;   3.7;  995.40;   -2.3;   70.25;    1.3;   -5.3;-999;eor
        102;20180305;   10;  17.2;   9.7;    3;  -999;-999;    3.800;-999;  -999;   7.4;  989.53;    5.4;   82.42;    9.4;    0.6;-999;eor
        102;20180306;   10;  10.3;   6.7;    3;  -999;-999;    8.550;-999;  -999;   6.5;  988.99;    4.4;   78.29;    6.7;    1.1;-999;eor
        102;20180307;   10;   7.4;   4.1;    3;  -999;-999;    0.000;-999;  -999;   6.3;  991.00;    1.9;   90.04;    3.3;    0.9;-999;eor
        102;20180308;   10;  15.4;   8.5;    3;  -999;-999;    4.800;-999;  -999;   7.2;  992.54;    3.4;   93.04;    7.4;    1.0;-999;eor
        102;20180309;   10;  16.8;   9.2;    3;  -999;-999;    8.383;-999;  -999;   7.3;  999.25;    3.6;   92.17;    4.6;    2.5;-999;eor
        102;20180310;   10;  11.4;   7.6;    3;  -999;-999;    0.000;-999;  -999;   8.7;  996.93;    5.4;   95.21;   12.4;    2.2;-999;eor
        102;20180311;   10;  14.5;   7.5;    3;  -999;-999;    0.917;-999;  -999;  11.8;  991.47;   10.9;   91.00;   13.2;    7.3;-999;eor
        102;20180312;   10;   8.1;   3.6;    3;  -999;-999;    0.667;-999;  -999;  10.7;  988.17;    8.3;   96.48;   11.3;    3.6;-999;eor
        102;20180313;   10;  11.5;   6.6;    3;  -999;-999;    0.000;-999;  -999;   7.4;  996.17;    3.3;   95.78;    3.9;    2.2;-999;eor
        102;20180314;   10;  10.9;   5.0;    3;  -999;-999;    3.883;-999;  -999;   6.2; 1007.45;    3.7;   78.75;    6.2;    2.6;-999;eor
        102;20180315;   10;  21.5;  14.5;    3;  -999;-999;    2.467;-999;  -999;   6.2; 1001.45;    2.8;   82.79;    4.5;    1.5;-999;eor
        102;20180316;   10;  25.6;  18.5;    3;  -999;-999;    0.000;-999;  -999;   4.5; 1005.13;    0.4;   71.33;    1.7;   -2.1;-999;eor
        102;20180317;   10;  27.5;  19.6;    3;  -999;-999;    7.550;-999;  -999;   3.4; 1011.42;   -2.1;   64.96;   -0.7;   -3.9;-999;eor
        102;20180318;   10;  26.0;  17.2;    3;  -999;-999;   11.117;-999;  -999;   2.8; 1013.90;   -1.8;   52.92;    0.5;   -4.2;-999;eor
        102;20180319;   10;  14.7;   7.3;    3;  -999;-999;   11.450;-999;  -999;   3.9; 1013.90;   -0.2;   62.67;    3.7;   -2.3;-999;eor
        102;20180320;   10;  17.9;  10.6;    3;  -999;-999;   11.850;-999;  -999;   5.5; 1016.59;    2.5;   75.21;    3.7;    1.5;-999;eor
        102;20180321;   10;  17.8;   7.6;    3;  -999;-999;    2.967;-999;  -999;   6.9; 1021.17;    2.7;   92.83;    3.3;    2.0;-999;eor
        102;20180322;   10;  18.9;   9.7;    3;  -999;-999;    0.333;-999;  -999;   7.5; 1007.60;    2.9;   99.42;    4.0;    1.1;-999;eor
        102;20180323;   10;   8.9;   5.4;    3;  -999;-999;    0.000;-999;  -999;   7.9; 1001.77;    4.3;   94.52;    6.2;    2.0;-999;eor
        102;20180324;   10;   6.4;   4.3;    3;  -999;-999;    1.700;-999;  -999;   7.9; 1000.29;    5.8;   85.75;    8.8;    3.7;-999;eor
        102;20180325;   10;   6.9;   3.7;    3;  -999;-999;    0.000;-999;  -999;   7.4; 1004.79;    5.4;   83.42;    7.6;    0.9;-999;eor
        102;20180326;   10;   9.2;   4.6;    3;  -999;-999;    3.967;-999;  -999;   7.0; 1011.07;    2.3;   96.58;    3.4;    0.7;-999;eor
        102;20180327;   10;  10.2;   4.8;    3;  -999;-999;    5.783;-999;  -999;   6.6; 1008.20;    4.5;   79.63;    8.1;    0.2;-999;eor
        102;20180328;   10;  16.9;  10.5;    3;  -999;-999;    0.000;-999;  -999;   6.8;  998.10;    2.7;   92.42;    5.5;    0.3;-999;eor
        102;20180329;   10;   7.0;   3.5;    3;  -999;-999;    2.133;-999;  -999;   6.5;  999.64;    2.0;   91.88;    3.5;    0.4;-999;eor
        102;20180330;   10;  16.9;  10.6;    3;  -999;-999;    5.283;-999;  -999;   6.4; 1001.32;    3.1;   84.58;    7.2;    0.3;-999;eor
        102;20180331;   10;  16.6;   9.9;    3;  -999;-999;    0.000;-999;  -999;   6.4;  998.16;    2.6;   87.04;    3.8;    1.5;-999;eor
        102;20180401;   10;  11.8;   7.1;    3;  -999;-999;   11.667;-999;  -999;   5.9; 1004.27;    2.5;   80.58;    3.5;    1.4;-999;eor
        102;20180402;   10;  13.3;   5.6;    3;  -999;-999;    5.933;-999;  -999;   6.5; 1003.57;    4.2;   78.79;    7.3;    2.6;-999;eor
        102;20180403;   10;  13.7;   9.0;    3;  -999;-999;    1.267;-999;  -999;  10.8;  994.52;   10.4;   86.04;   15.4;    5.7;-999;eor
        102;20180404;   10;  18.8;   7.8;    3;  -999;-999;    2.717;-999;  -999;  10.3;  995.73;    9.5;   87.67;   13.9;    5.9;-999;eor
        102;20180405;   10;  21.1;  11.9;    3;  -999;-999;    2.833;-999;  -999;   8.5; 1002.90;    5.9;   90.42;    8.6;    3.6;-999;eor
        102;20180406;   10;  16.1;   7.4;    3;  -999;-999;   11.283;-999;  -999;   7.1; 1016.78;    6.7;   74.33;   11.5;    2.7;-999;eor
        102;20180407;   10;  15.4;   8.8;    3;  -999;-999;   10.167;-999;  -999;   7.3; 1008.07;   12.0;   52.33;   18.1;    6.6;-999;eor
        102;20180408;   10;  10.6;   5.1;    3;  -999;-999;    9.767;-999;  -999;   9.0; 1003.98;   14.0;   56.79;   20.0;    9.1;-999;eor
        102;20180409;   10;  13.6;   8.2;    3;  -999;-999;    5.600;-999;  -999;   9.4; 1002.95;    7.1;   93.00;   16.6;    4.6;-999;eor
        102;20180410;   10;  21.1;  13.6;    3;  -999;-999;    6.533;-999;  -999;   9.9; 1002.48;    8.5;   88.79;   12.6;    5.6;-999;eor
        102;20180411;   10;  17.7;  13.4;    3;  -999;-999;    4.783;-999;  -999;   8.4; 1007.25;    6.2;   88.42;    7.9;    5.0;-999;eor
        102;20180412;   10;  16.4;  11.7;    3;  -999;-999;    6.733;-999;  -999;   9.3; 1002.42;    7.7;   87.33;   12.5;    4.4;-999;eor
        102;20180413;   10;  12.3;   6.7;    3;  -999;-999;    0.000;-999;  -999;  10.6; 1003.32;    8.1;   98.13;   10.2;    5.5;-999;eor
        102;20180414;   10;  15.7;   9.8;    3;  -999;-999;    0.000;-999;  -999;   9.4; 1011.20;    6.3;   98.58;    8.1;    5.6;-999;eor
        102;20180415;   10;  10.3;   4.8;    3;  -999;-999;    1.567;-999;  -999;  11.2; 1010.05;    9.7;   92.00;   13.7;    7.3;-999;eor
        102;20180416;   10;  10.8;   5.1;    3;  -999;-999;    7.717;-999;  -999;  11.2; 1011.01;    9.7;   93.29;   11.4;    7.6;-999;eor
        102;20180417;   10;   8.1;   4.5;    3;  -999;-999;   10.700;-999;  -999;  10.1; 1020.72;   12.3;   72.50;   17.9;    7.5;-999;eor
        102;20180418;   10;-999;   5.4;-999;-999;-999;-999;-999;  -999;  11.3; 1026.70;   17.1;   58.54;-999;-999;-999;eor
        102;20180419;   10;  13.6;   7.1;    3;  -999;-999;   13.383;-999;  -999;  12.5; 1024.40;   19.6;   55.83;   25.4;   13.0;-999;eor
        102;20180420;   10;  12.8;   9.2;    3;  -999;-999;   13.367;-999;  -999;  11.2; 1017.66;   14.6;   68.38;   19.7;    7.3;-999;eor
        102;20180421;   10;  10.1;   4.5;    3;  -999;-999;   13.700;-999;  -999;   9.8; 1018.17;    8.0;   91.21;   10.3;    6.5;-999;eor
        102;20180422;   10;  20.4;   6.3;    3;  -999;-999;   10.483;-999;  -999;  11.4; 1009.26;   13.3;   76.88;   20.2;    6.2;-999;eor
        102;20180423;   10;  16.3;   9.7;    3;  -999;-999;    9.600;-999;  -999;  10.5; 1007.74;    9.7;   87.25;   16.2;    7.7;-999;eor
        102;20180424;   10;  16.4;   9.2;    3;  -999;-999;    3.417;-999;  -999;  10.4; 1007.40;    8.9;   91.04;   10.6;    7.6;-999;eor
        102;20180425;   10;  20.0;  10.1;    3;  -999;-999;    2.183;-999;  -999;  10.4; 1002.11;    8.6;   92.21;   11.7;    6.5;-999;eor
        102;20180426;   10;  15.8;  10.4;    3;  -999;-999;   10.550;-999;  -999;   9.3; 1007.29;    8.3;   84.92;    9.6;    7.4;-999;eor
        102;20180427;   10;  12.5;   5.7;    3;  -999;-999;    7.833;-999;  -999;   9.2; 1007.92;    9.6;   77.71;   13.4;    6.8;-999;eor
        102;20180428;   10;   9.4;   5.4;    3;  -999;-999;    1.633;-999;  -999;  10.9; 1005.59;   10.2;   87.50;   11.5;    9.3;-999;eor
        102;20180429;   10;  14.6;   6.5;    3;  -999;-999;    3.283;-999;  -999;  11.4; 1005.91;    9.6;   94.83;   11.0;    7.2;-999;eor
        102;20180430;   10;  19.1;  11.0;    3;  -999;-999;    3.117;-999;  -999;  11.0;  994.22;   11.3;   82.63;   14.6;    8.5;-999;eor
        102;20180501;   10;  26.7;  13.9;    3;  -999;-999;    2.267;-999;  -999;   8.8;  999.23;    7.7;   84.08;    9.2;    5.5;-999;eor
        102;20180502;   10;  12.8;   8.4;    3;  -999;-999;   12.233;-999;  -999;   8.6; 1007.41;   11.2;   65.50;   15.4;    7.6;-999;eor
        102;20180503;   10;  13.2;   5.6;    3;  -999;-999;   13.867;-999;  -999;   9.6; 1013.31;    8.6;   85.71;   12.2;    7.4;-999;eor
        102;20180504;   10;   6.1;   2.3;    3;  -999;-999;   14.800;-999;  -999;   9.4; 1021.55;    8.9;   82.17;   12.4;    7.0;-999;eor
        102;20180505;   10;   8.8;   5.4;    3;  -999;-999;   14.017;-999;  -999;   9.4; 1023.98;   12.1;   66.50;   15.6;    9.5;-999;eor
        102;20180506;   10;   9.8;   5.5;    3;  -999;-999;   15.017;-999;  -999;  11.3; 1022.24;   15.9;   64.05;   20.9;   11.7;-999;eor
        102;20180507;   10;  10.2;   6.0;    3;  -999;-999;   15.050;-999;  -999;  11.4; 1017.38;   18.5;   54.67;   24.4;   14.5;-999;eor
        102;20180508;   10;  10.7;   7.0;    3;  -999;-999;   14.933;-999;  -999;  11.5; 1009.61;   19.5;   53.21;   25.2;   14.4;-999;eor
        102;20180509;   10;  10.5;   6.6;    3;  -999;-999;   13.867;-999;  -999;  12.3; 1004.33;   20.8;   51.29;   26.6;   16.2;-999;eor
        102;20180510;   10;  16.7;   8.4;    3;  -999;-999;    7.717;-999;  -999;  13.3; 1005.90;   13.4;   86.67;   18.5;   10.3;-999;eor
        102;20180511;   10;   9.3;   4.9;    3;  -999;-999;   13.100;-999;  -999;  11.2; 1016.45;   11.0;   85.46;   14.1;    9.4;-999;eor
        102;20180512;   10;  11.3;   6.9;    3;  -999;-999;    5.350;-999;  -999;  13.6; 1012.84;   15.9;   76.04;   19.8;   13.5;-999;eor
        102;20180513;   10;  12.9;   9.6;    3;  -999;-999;    7.967;-999;  -999;  16.1; 1008.42;   17.6;   79.71;   22.3;   14.1;-999;eor
        102;20180514;   10;  14.0;   9.4;    3;  -999;-999;   15.083;-999;  -999;  14.3; 1011.12;   17.8;   70.79;   22.2;   14.6;-999;eor
        102;20180515;   10;  11.9;   7.3;    3;  -999;-999;   14.667;-999;  -999;  13.4; 1013.40;   15.8;   74.63;   19.3;   13.8;-999;eor
        102;20180516;   10;  19.3;  11.8;    3;  -999;-999;    6.933;-999;  -999;  12.7; 1013.07;   13.1;   85.04;   18.0;    9.6;-999;eor
        102;20180517;   10;  15.7;  12.0;    3;  -999;-999;    2.133;-999;  -999;  10.4; 1014.88;    9.4;   87.42;   10.3;    8.9;-999;eor
        102;20180518;   10;  13.5;   7.9;    3;  -999;-999;    2.233;-999;  -999;  10.2; 1016.61;    9.3;   86.88;   10.1;    8.7;-999;eor
        102;20180519;   10;   8.5;   3.8;    3;  -999;-999;    7.267;-999;  -999;  11.6; 1019.27;   11.7;   83.96;   14.2;    9.6;-999;eor
        102;20180520;   10;  12.2;   8.0;    3;  -999;-999;   15.183;-999;  -999;  10.4; 1020.50;   16.5;   57.38;   20.9;   12.7;-999;eor
        102;20180521;   10;  14.5;   9.4;    3;  -999;-999;   14.900;-999;  -999;  11.9; 1015.93;   16.6;   63.25;   21.5;   12.7;-999;eor
        102;20180522;   10;  13.6;   8.2;    3;  -999;-999;   13.933;-999;  -999;  12.7; 1011.88;   17.1;   66.21;   22.3;   14.1;-999;eor
        102;20180523;   10;  12.0;   7.6;    3;  -999;-999;   13.267;-999;  -999;  12.8; 1018.64;   17.7;   63.58;   21.4;   14.4;-999;eor
        102;20180524;   10;  14.1;  10.2;    3;  -999;-999;   15.383;-999;  -999;  13.3; 1018.86;   18.3;   64.00;   22.8;   14.9;-999;eor
        102;20180525;   10;  16.3;  10.6;    3;  -999;-999;   15.200;-999;  -999;  13.3; 1017.36;   18.2;   64.58;   24.1;   15.1;-999;eor
        102;20180526;   10;  12.4;   7.5;    3;  -999;-999;   15.500;-999;  -999;  14.6; 1019.23;   17.7;   72.63;   23.0;   13.8;-999;eor
        102;20180527;   10;  12.6;   7.9;    3;  -999;-999;   15.267;-999;  -999;  16.6; 1017.37;   17.8;   81.79;   20.8;   14.0;-999;eor
        102;20180528;   10;  11.9;   8.0;    3;  -999;-999;   13.167;-999;  -999;  18.5; 1015.55;   19.0;   84.08;   23.1;   13.7;-999;eor
        102;20180529;   10;  13.6;   9.7;    3;  -999;-999;   12.867;-999;  -999;  19.6; 1011.09;   21.6;   76.25;   27.3;   16.4;-999;eor
        102;20180530;   10;  11.2;   5.9;    3;  -999;-999;    8.333;-999;  -999;  18.6; 1010.72;   21.3;   73.33;   24.3;   19.0;-999;eor
        102;20180531;   10;  12.0;   6.4;    3;  -999;-999;   12.033;-999;  -999;  19.8; 1011.19;   21.2;   79.04;   25.4;   15.3;-999;eor
        102;20180601;   10;  13.6;   5.6;    3;  -999;-999;    8.633;-999;  -999;  18.8; 1010.68;   19.4;   83.67;   24.1;   15.6;-999;eor
        102;20180602;   10;  13.3;   7.6;    3;  -999;-999;    0.000;-999;  -999;  17.0; 1012.30;   15.0;   99.08;   16.8;   13.6;-999;eor
        102;20180603;   10;   8.9;   4.8;    3;  -999;-999;    7.433;-999;  -999;  16.0; 1014.19;   14.8;   95.08;   16.0;   13.4;-999;eor
        102;20180604;   10;   9.5;   6.2;    3;  -999;-999;    0.000;-999;  -999;  15.6; 1010.63;   14.0;   97.21;   15.2;   13.4;-999;eor
        102;20180605;   10;   8.9;   4.7;    3;  -999;-999;   11.900;-999;  -999;  13.1; 1010.88;   14.2;   80.92;   16.1;   13.5;-999;eor
        102;20180606;   10;  10.7;   6.5;    3;  -999;-999;   15.317;-999;  -999;  12.5; 1012.03;   20.3;   54.54;   23.8;   15.6;-999;eor
        102;20180607;   10;  10.2;   6.3;    3;  -999;-999;   15.433;-999;  -999;  13.4; 1011.61;   21.2;   53.75;   26.1;   17.3;-999;eor
        102;20180608;   10;  10.9;   6.1;    3;  -999;-999;   10.250;-999;  -999;  16.4; 1010.72;   18.8;   75.38;   21.8;   17.2;-999;eor
        102;20180609;   10;  10.9;   7.5;    3;  -999;-999;    3.850;-999;  -999;  19.1; 1009.86;   17.3;   96.17;   19.2;   16.2;-999;eor
        102;20180610;   10;  12.1;   8.1;    3;  -999;-999;    3.250;-999;  -999;  17.0; 1008.47;   16.1;   92.52;   17.9;   14.5;-999;eor
        102;20180611;   10;  13.9;   8.0;    3;  -999;-999;    2.400;-999;  -999;  12.8; 1009.58;   14.5;   77.25;   15.1;   13.9;-999;eor
        102;20180612;   10;  15.1;   9.9;    3;  -999;-999;    0.233;-999;  -999;  12.4; 1008.35;   13.9;   77.96;   14.7;   12.5;-999;eor
        102;20180613;   10;  16.2;   9.5;    3;  -999;-999;    2.167;-999;  -999;  11.8; 1010.24;   13.8;   74.79;   14.4;   11.6;-999;eor
        102;20180614;   10;  15.9;   9.8;    3;  -999;-999;    5.833;-999;  -999;  13.8; 1008.91;   15.6;   78.46;   19.4;   13.5;-999;eor
        102;20180615;   10;   8.3;   4.0;    3;  -999;-999;   13.033;-999;  -999;  12.8; 1012.77;   16.8;   67.96;   21.4;   14.0;-999;eor
        102;20180616;   10;   8.8;   4.2;    3;  -999;-999;    2.783;-999;  -999;  14.9; 1010.17;   17.0;   76.42;   19.1;   15.6;-999;eor
        102;20180617;   10;  12.4;   7.0;    3;  -999;-999;    5.367;-999;  -999;  14.2; 1011.07;   15.2;   82.00;   16.9;   13.9;-999;eor
        102;20180618;   10;  12.0;   7.6;    3;  -999;-999;    0.283;-999;  -999;  16.0; 1013.56;   15.3;   91.75;   16.8;   13.8;-999;eor
        102;20180619;   10;  13.2;   7.0;    3;  -999;-999;    9.550;-999;  -999;  15.4; 1016.60;   15.5;   86.75;   16.3;   14.9;-999;eor
        102;20180620;   10;  14.7;   8.8;    3;  -999;-999;   11.217;-999;  -999;  17.4; 1014.20;   17.7;   86.42;   22.2;   15.3;-999;eor
        102;20180621;   10;  27.8;  13.4;    3;  -999;-999;    5.117;-999;  -999;  11.8; 1010.29;   13.0;   78.00;   15.4;   10.1;-999;eor
        102;20180622;   10;  21.3;  15.0;    3;  -999;-999;    4.483;-999;  -999;  11.2; 1015.53;   12.8;   76.00;   13.9;   10.6;-999;eor
        102;20180623;   10;  20.1;  14.1;    3;  -999;-999;    0.583;-999;  -999;  12.1; 1018.55;   13.0;   80.42;   13.6;   11.9;-999;eor
        102;20180624;   10;  14.5;  10.7;    3;  -999;-999;    0.767;-999;  -999;  13.4; 1016.80;   13.4;   86.83;   14.3;   11.8;-999;eor
        102;20180625;   10;  13.9;  10.1;    3;  -999;-999;    0.133;-999;  -999;  13.6; 1018.84;   13.5;   87.63;   14.6;   12.9;-999;eor
        102;20180626;   10;  10.0;   5.3;    3;  -999;-999;    0.000;-999;  -999;  13.4; 1021.63;   13.6;   85.79;   14.1;   13.0;-999;eor
        102;20180627;   10;  10.6;   4.4;    3;  -999;-999;   10.533;-999;  -999;  15.2; 1022.96;   14.6;   90.92;   18.0;   12.8;-999;eor
        102;20180628;   10;  10.7;   6.7;    3;  -999;-999;   14.650;-999;  -999;  16.3; 1020.93;   16.9;   84.67;   18.7;   16.0;-999;eor
        102;20180629;   10;   9.1;   6.5;    3;  -999;-999;   10.650;-999;  -999;  15.6; 1016.00;   16.1;   85.88;   19.8;   13.8;-999;eor
        102;20180630;   10;  12.4;   6.8;    3;  -999;-999;   15.400;-999;  -999;  14.1; 1016.21;   17.6;   70.42;   20.0;   16.1;-999;eor
        102;20180701;   10;  11.2;   6.7;    3;  -999;-999;   15.567;-999;  -999;  12.0; 1017.21;   18.6;   55.88;   21.9;   16.4;-999;eor
        102;20180702;   10;   9.2;   4.9;    3;  -999;-999;   15.550;-999;  -999;  12.8; 1016.16;   17.0;   66.00;   17.9;   15.7;-999;eor
        102;20180703;   10;   7.8;   5.4;    3;  -999;-999;   15.117;-999;  -999;  14.6; 1014.44;   15.5;   82.65;   16.6;   14.8;-999;eor
        102;20180704;   10;   6.7;   3.8;    3;  -999;-999;    5.817;-999;  -999;  14.6; 1011.33;   15.4;   83.13;   16.4;   14.8;-999;eor
        102;20180705;   10;  12.6;   7.5;    3;  -999;-999;    0.100;-999;  -999;  15.4; 1009.95;   15.8;   85.63;   16.6;   14.6;-999;eor
        102;20180706;   10;  13.8;  10.4;    3;  -999;-999;   10.200;-999;  -999;  14.0; 1014.90;   15.4;   79.75;   15.9;   14.8;-999;eor
        102;20180707;   10;  15.8;  10.9;    3;  -999;-999;   10.767;-999;  -999;  13.5; 1018.98;   15.3;   77.75;   15.8;   14.7;-999;eor
        102;20180708;   10;  12.7;   8.3;    3;  -999;-999;   14.383;-999;  -999;  13.9; 1019.97;   15.2;   80.21;   16.1;   14.8;-999;eor
        102;20180709;   10;  17.9;  10.6;    3;  -999;-999;    1.467;-999;  -999;  13.9; 1016.94;   15.2;   79.79;   16.5;   12.9;-999;eor
        102;20180710;   10;  16.5;   8.5;    3;  -999;-999;    9.883;-999;  -999;  13.7; 1011.74;   16.6;   73.83;   20.4;   14.4;-999;eor
        102;20180711;   10;  11.1;   7.4;    3;  -999;-999;    2.033;-999;  -999;  17.3; 1012.96;   17.6;   85.63;   18.6;   15.9;-999;eor
        102;20180712;   10;  11.9;   6.5;    3;  -999;-999;   10.567;-999;  -999;  17.6; 1013.65;   16.4;   93.88;   17.7;   15.0;-999;eor
        102;20180713;   10;  10.9;   6.7;    3;  -999;-999;    1.150;-999;  -999;  14.7; 1016.57;   15.4;   83.79;   16.3;   14.8;-999;eor
        102;20180714;   10;   8.1;   4.4;    3;  -999;-999;    6.600;-999;  -999;  14.1; 1016.85;   16.0;   77.21;   16.6;   15.2;-999;eor
        102;20180715;   10;   7.0;   2.7;    3;  -999;-999;   15.633;-999;  -999;  15.4; 1014.88;   17.0;   79.29;   18.4;   15.4;-999;eor
        102;20180716;   10;   9.1;   5.2;    3;  -999;-999;   15.433;-999;  -999;  17.0; 1011.37;   19.3;   76.00;   21.2;   17.9;-999;eor
        102;20180717;   10;  15.0;   5.4;    3;  -999;-999;   14.750;-999;  -999;  17.3; 1010.00;   20.6;   72.75;   27.1;   16.9;-999;eor
        102;20180718;   10;  11.2;   7.0;    3;  -999;-999;   13.850;-999;  -999;  16.8; 1014.18;   17.4;   84.50;   17.9;   16.8;-999;eor
        102;20180719;   10;   8.6;   4.2;    3;  -999;-999;   13.283;-999;  -999;  16.0; 1015.44;   17.4;   80.00;   18.2;   16.7;-999;eor
        102;20180720;   10;  10.6;   6.2;    3;  -999;-999;   10.400;-999;  -999;  15.3; 1011.50;   18.3;   72.88;   20.7;   16.8;-999;eor
        102;20180721;   10;   9.8;   6.5;    3;  -999;-999;    5.633;-999;  -999;  17.2; 1008.38;   20.3;   72.17;   24.8;   18.7;-999;eor
        102;20180722;   10;   9.4;   5.8;    3;  -999;-999;   12.600;-999;  -999;  18.7; 1009.97;   18.5;   87.79;   20.3;   17.8;-999;eor
        102;20180723;   10;   5.3;   2.4;    3;  -999;-999;   14.433;-999;  -999;  19.1; 1013.07;   18.7;   89.08;   19.9;   17.3;-999;eor
        102;20180724;   10;   8.1;   4.5;    3;  -999;-999;   14.967;-999;  -999;  19.4; 1011.35;   22.4;   72.17;   25.7;   19.5;-999;eor
        102;20180725;   10;  11.4;   8.0;    3;  -999;-999;   14.017;-999;  -999;  21.7; 1012.50;   20.6;   89.71;   22.5;   19.6;-999;eor
        102;20180726;   10;  12.4;   7.7;    3;  -999;-999;   14.233;-999;  -999;  22.1; 1013.05;   25.3;   70.13;   30.1;   20.1;-999;eor
        102;20180727;   10;  14.6;   8.5;    3;  -999;-999;   14.967;-999;  -999;  21.0; 1010.78;   25.6;   64.75;   29.8;   22.3;-999;eor
        102;20180728;   10;  14.3;   8.7;    3;  -999;-999;    5.067;-999;  -999;  20.1; 1004.60;   21.8;   76.79;   26.5;   18.7;-999;eor
        102;20180729;   10;  10.8;   6.4;    3;  -999;-999;   10.500;-999;  -999;  14.4; 1009.27;   21.7;   56.67;   27.4;   17.2;-999;eor
        102;20180730;   10;   9.8;   6.1;    3;  -999;-999;    7.983;-999;  -999;  18.6; 1010.80;   24.5;   60.46;   27.0;   22.0;-999;eor
        102;20180731;   10;  18.8;   5.7;    3;  -999;-999;   12.200;-999;  -999;  19.8; 1012.34;   21.4;   78.13;   27.9;   18.1;-999;eor
        102;20180801;   10;   5.1;   2.9;    3;  -999;-999;   11.867;-999;  -999;  17.6; 1018.17;   18.8;   81.13;   20.2;   17.8;-999;eor
        102;20180802;   10;   7.5;   3.3;    3;  -999;-999;   13.550;-999;  -999;  18.3; 1019.55;   21.3;   72.21;   23.1;   19.4;-999;eor
        102;20180803;   10;   6.7;   4.0;    3;  -999;-999;   14.450;-999;  -999;  19.4; 1018.34;   21.1;   77.38;   21.9;   20.3;-999;eor
        102;20180804;   10;  12.2;   4.8;    3;  -999;-999;   10.717;-999;  -999;  20.8; 1016.24;   20.2;   87.58;   20.9;   18.6;-999;eor
        102;20180805;   10;  12.6;   8.2;    3;  -999;-999;   10.650;-999;  -999;  16.2; 1018.05;   18.6;   75.21;   19.2;   18.0;-999;eor
        102;20180806;   10;   8.4;   5.1;    3;  -999;-999;   13.033;-999;  -999;  18.0; 1013.12;   20.7;   74.17;   26.4;   17.6;-999;eor
        102;20180807;   10;   9.9;   5.2;    3;  -999;-999;   13.917;-999;  -999;  17.7; 1005.90;   25.3;   56.25;   31.6;   21.3;-999;eor
        102;20180808;   10;  19.5;   8.1;    3;  -999;-999;    4.950;-999;  -999;  19.6; 1005.64;   22.0;   73.96;   26.8;   18.9;-999;eor
        102;20180809;   10;  23.0;   6.5;    3;  -999;-999;    6.633;-999;  -999;  18.8; 1007.29;   20.4;   78.25;   23.0;   18.7;-999;eor
        102;20180810;   10;  28.9;  13.4;    3;  -999;-999;    4.817;-999;  -999;  14.5; 1011.67;   17.2;   74.04;   19.0;   14.7;-999;eor
        102;20180811;   10;  25.9;  12.1;    3;  -999;-999;    6.433;-999;  -999;  13.7; 1013.41;   16.0;   76.04;   17.9;   12.5;-999;eor
        102;20180812;   10;  11.5;   6.7;    3;  -999;-999;    2.667;-999;  -999;  14.7; 1010.19;   18.4;   69.50;   22.5;   14.9;-999;eor
        102;20180813;   10;  11.4;   4.6;    3;  -999;-999;    0.867;-999;  -999;  17.6; 1001.64;   19.6;   77.29;   21.8;   17.5;-999;eor
        102;20180814;   10;  17.0;   9.2;    3;  -999;-999;    5.367;-999;  -999;  18.5; 1005.83;   18.3;   87.96;   19.2;   17.0;-999;eor
        102;20180815;   10;  13.7;   5.0;    3;  -999;-999;    3.767;-999;  -999;  19.4; 1012.67;   19.1;   87.38;   21.5;   16.6;-999;eor
        102;20180816;   10;  12.4;   7.6;    3;  -999;-999;    7.633;-999;  -999;  18.1; 1010.85;   19.6;   79.33;   21.9;   17.8;-999;eor
        102;20180817;   10;   8.4;   4.8;    3;  -999;-999;    6.683;-999;  -999;  15.5; 1013.55;   18.0;   75.29;   19.1;   16.5;-999;eor
        102;20180818;   10;  12.3;   8.5;    3;  -999;-999;    7.750;-999;  -999;  16.3; 1015.99;   18.6;   75.96;   20.9;   16.2;-999;eor
        102;20180819;   10;  14.4;   8.5;    3;  -999;-999;    0.800;-999;  -999;  17.5; 1013.95;   18.9;   80.38;   21.0;   17.0;-999;eor
        102;20180820;   10;  14.5;   7.5;    3;  -999;-999;    5.933;-999;  -999;  17.3; 1013.69;   18.1;   82.83;   19.5;   17.1;-999;eor
        102;20180821;   10;   8.4;   3.4;    3;  -999;-999;   11.650;-999;  -999;  16.6; 1016.99;   19.4;   73.63;   22.9;   17.0;-999;eor
        102;20180822;   10;  10.8;   5.9;    3;  -999;-999;   11.983;-999;  -999;  18.2; 1012.90;   20.7;   75.83;   26.8;   18.9;-999;eor
        102;20180823;   10;  13.9;   7.1;    3;  -999;-999;    0.967;-999;  -999;  19.0; 1006.77;   19.5;   84.04;   21.8;   17.3;-999;eor
        102;20180824;   10;  28.3;  12.0;    3;  -999;-999;    4.450;-999;  -999;  13.2; 1003.55;   15.9;   72.79;   18.2;   11.0;-999;eor
        102;20180825;   10;  20.4;   8.7;    3;  -999;-999;    2.983;-999;  -999;  11.6; 1003.71;   13.8;   73.79;   16.2;   11.7;-999;eor
        102;20180826;   10;  15.8;   7.4;    3;  -999;-999;    3.200;-999;  -999;  11.5; 1008.70;   15.3;   66.63;   17.6;   12.5;-999;eor
        102;20180827;   10;  24.0;  13.7;    3;  -999;-999;    3.650;-999;  -999;  15.0; 1003.60;   16.2;   81.88;   18.5;   13.1;-999;eor
        102;20180828;   10;  13.6;   6.2;    3;  -999;-999;    2.600;-999;  -999;  16.1; 1014.00;   17.3;   81.50;   18.6;   15.4;-999;eor
        102;20180829;   10;  13.8;   6.3;    3;  -999;-999;    9.367;-999;  -999;  15.4; 1010.01;   19.0;   71.08;   23.7;   16.2;-999;eor
        102;20180830;   10;  18.0;  11.9;    3;  -999;-999;    3.400;-999;  -999;  14.6; 1013.17;   16.8;   75.75;   17.8;   16.0;-999;eor
        102;20180831;   10;  14.4;   8.6;    3;  -999;-999;   10.933;-999;  -999;  12.4; 1018.14;   16.2;   67.00;   16.8;   15.7;-999;eor
        102;20180901;   10;   9.2;   5.2;    3;  -999;-999;   11.850;-999;  -999;  14.2; 1022.61;   16.7;   74.75;   17.2;   16.3;-999;eor
        102;20180902;   10;  10.9;   5.3;    3;  -999;-999;   12.683;-999;  -999;  16.1; 1022.81;   17.5;   80.17;   19.6;   16.3;-999;eor
        102;20180903;   10;  12.0;   7.8;    3;  -999;-999;    7.417;-999;  -999;  20.1; 1015.67;   19.4;   89.46;   23.1;   17.2;-999;eor
        102;20180904;   10;   9.7;   6.8;    3;  -999;-999;    7.967;-999;  -999;  18.7; 1014.08;   18.6;   87.42;   21.6;   16.5;-999;eor
        102;20180905;   10;  10.3;   5.8;    3;  -999;-999;   12.200;-999;  -999;  17.6; 1014.87;   18.4;   83.00;   22.1;   16.0;-999;eor
        102;20180906;   10;   9.7;   5.5;    3;  -999;-999;    5.650;-999;  -999;  17.9; 1008.17;   18.3;   85.13;   22.0;   16.6;-999;eor
        102;20180907;   10;  20.5;   9.8;    3;  -999;-999;    4.900;-999;  -999;  14.2; 1006.20;   15.4;   80.50;   17.3;   12.0;-999;eor
        102;20180908;   10;  18.6;  12.1;    3;  -999;-999;    4.583;-999;  -999;  13.5; 1011.38;   15.1;   79.13;   17.5;   11.9;-999;eor
        102;20180909;   10;  14.8;   8.4;    3;  -999;-999;    4.617;-999;  -999;  15.3; 1014.28;   17.4;   76.92;   20.5;   14.1;-999;eor
        102;20180910;   10;  13.8;   8.2;    3;  -999;-999;    2.300;-999;  -999;  15.3; 1014.88;   17.3;   77.08;   19.6;   16.1;-999;eor
        102;20180911;   10;  20.6;  12.2;    3;  -999;-999;    0.000;-999;  -999;  17.2; 1012.62;   16.5;   91.54;   18.8;   14.5;-999;eor
        102;20180912;   10;  13.2;   7.7;    3;  -999;-999;    0.000;-999;  -999;  13.6; 1015.77;   15.4;   77.74;   16.6;   12.8;-999;eor
        102;20180913;   10;   9.1;   4.9;    3;  -999;-999;   10.783;-999;  -999;  11.6; 1017.21;   15.7;   65.04;   16.5;   14.6;-999;eor
        102;20180914;   10;  13.3;   8.3;    3;  -999;-999;    3.783;-999;  -999;  12.1; 1014.87;   15.2;   70.42;   17.0;   13.2;-999;eor
        102;20180915;   10;  19.5;  10.6;    3;  -999;-999;    5.267;-999;  -999;  13.3; 1016.23;   15.2;   77.17;   16.5;   13.6;-999;eor
        102;20180916;   10;  12.9;   7.3;    3;  -999;-999;    5.883;-999;  -999;  14.1; 1016.60;   16.7;   74.50;   19.5;   14.0;-999;eor
        102;20180917;   10;  10.2;   5.4;    3;  -999;-999;   10.800;-999;  -999;  15.5; 1013.06;   17.4;   77.54;   20.6;   15.0;-999;eor
        102;20180918;   10;  18.3;  10.2;    3;  -999;-999;   11.550;-999;  -999;  15.8; 1007.26;   19.2;   71.33;   26.3;   16.7;-999;eor
        102;20180919;   10;  17.3;  10.3;    3;  -999;-999;    8.433;-999;  -999;  16.7; 1010.08;   18.8;   77.46;   23.0;   15.7;-999;eor
        102;20180920;   10;  15.0;   9.9;    3;  -999;-999;    4.000;-999;  -999;  16.6; 1008.22;   19.0;   75.54;   21.0;   17.2;-999;eor
        102;20180921;   10;  29.6;  16.6;    3;  -999;-999;    3.250;-999;  -999;  13.1;  998.39;   15.4;   73.71;   20.3;   10.4;-999;eor
        102;20180922;   10;  23.2;  13.8;    3;  -999;-999;    2.817;-999;  -999;  10.7; 1009.15;   13.6;   69.63;   15.1;   10.9;-999;eor
        102;20180923;   10;  28.5;  10.5;    3;  -999;-999;    0.000;-999;  -999;  10.8; 1009.00;   12.4;   75.63;   13.8;    9.0;-999;eor
        102;20180924;   10;  27.4;  15.9;    3;  -999;-999;    5.017;-999;  -999;   8.5; 1023.12;   12.1;   60.17;   13.1;    9.5;-999;eor
        102;20180925;   10;  15.7;   5.8;    3;  -999;-999;    6.033;-999;  -999;   9.8; 1032.29;   12.6;   67.29;   13.7;   11.0;-999;eor
        102;20180926;   10;  21.4;  13.8;    3;  -999;-999;    3.650;-999;  -999;  12.3; 1024.50;   13.7;   77.08;   16.5;   10.4;-999;eor
        102;20180927;   10;  16.4;   9.8;    3;  -999;-999;    6.050;-999;  -999;  16.2; 1019.58;   15.8;   89.96;   18.0;   13.4;-999;eor
        102;20180928;   10;  14.8;  10.2;    3;  -999;-999;    7.200;-999;  -999;   9.4; 1021.75;   13.1;   61.88;   14.5;   12.4;-999;eor
        102;20180929;   10;  11.8;   7.4;    3;  -999;-999;    4.917;-999;  -999;   9.9; 1022.76;   12.8;   67.13;   13.9;   11.0;-999;eor
        102;20180930;   10;  13.0;   8.7;    3;  -999;-999;    4.000;-999;  -999;  10.8; 1011.51;   12.6;   74.04;   14.6;   10.5;-999;eor
        102;20181001;   10;  21.8;  10.9;    3;  -999;-999;    4.267;-999;  -999;   8.9; 1010.43;   11.3;   66.50;   13.3;    8.8;-999;eor
        102;20181002;   10;  26.7;  15.7;    3;  -999;-999;    0.167;-999;  -999;  10.4; 1007.00;   11.5;   77.46;   15.0;    7.6;-999;eor
        102;20181003;-999;-999;  14.9;    3;  -999;-999;    4.567;-999;  -999;  10.3; 1015.20;   12.6;   70.83;   13.4;   10.2;-999;eor
        102;20181004;   10;  13.9;   8.9;    3;  -999;-999;    0.033;-999;  -999;  14.6; 1018.59;   13.3;   95.04;   15.3;   10.5;-999;eor
        102;20181005;   10;  11.4;   6.9;    3;  -999;-999;    9.783;-999;  -999;  13.4; 1013.33;   15.0;   79.17;   18.6;   12.1;-999;eor
        102;20181006;   10;  22.3;   4.1;    3;  -999;-999;    6.683;-999;  -999;  13.7; 1005.00;   13.9;   85.88;   17.2;    8.7;-999;eor
        102;20181007;   10;  19.5;   6.7;    3;  -999;-999;    8.083;-999;  -999;   9.0; 1015.36;   11.1;   68.42;   12.0;    9.3;-999;eor
        102;20181008;   10;  11.6;   8.1;    3;  -999;-999;    5.117;-999;  -999;  10.7; 1016.33;   12.2;   75.00;   14.6;   10.1;-999;eor
        102;20181009;   10;  10.8;   6.8;    3;  -999;-999;    6.317;-999;  -999;  12.3; 1016.23;   13.5;   80.25;   16.8;   10.7;-999;eor
        102;20181010;   10;  13.2;   6.9;    3;  -999;-999;   10.167;-999;  -999;  13.0; 1015.90;   14.6;   78.88;   18.1;   11.8;-999;eor
        102;20181011;   10;  11.6;   7.9;    3;  -999;-999;    9.900;-999;  -999;  14.1; 1009.65;   16.8;   74.08;   20.3;   13.3;-999;eor
        102;20181012;   10;  13.2;   9.3;    3;  -999;-999;    9.767;-999;  -999;  15.0; 1013.55;   17.8;   73.46;   22.1;   14.4;-999;eor
        102;20181013;   10;  17.5;  10.7;    3;  -999;-999;    8.983;-999;  -999;  15.4; 1013.72;   19.9;   67.83;   24.7;   16.0;-999;eor
        102;20181014;   10;  13.0;  10.0;    3;  -999;-999;    9.700;-999;  -999;  13.6; 1006.27;   18.8;   63.08;   23.2;   14.9;-999;eor
        102;20181015;   10;  10.3;   6.7;    3;  -999;-999;    9.417;-999;  -999;  14.3; 1008.23;   17.7;   71.13;   21.9;   14.3;-999;eor
        102;20181016;   10;   9.7;   4.7;    3;  -999;-999;    5.000;-999;  -999;  16.0; 1013.65;   17.2;   81.46;   20.1;   15.2;-999;eor
        102;20181017;   10;   9.0;   5.4;    3;  -999;-999;    3.767;-999;  -999;  15.3; 1015.10;   15.2;   89.00;   16.9;   14.3;-999;eor
        102;20181018;   10;  13.4;   8.1;    3;  -999;-999;    7.717;-999;  -999;  11.9; 1020.32;   13.0;   78.71;   14.6;   11.3;-999;eor
        102;20181019;   10;   8.4;   3.4;    3;  -999;-999;    2.250;-999;  -999;   8.8; 1022.72;   11.2;   66.17;   12.5;   10.4;-999;eor
        102;20181020;   10;  12.4;   7.2;    3;  -999;-999;    5.417;-999;  -999;  11.5; 1024.39;   12.6;   78.08;   14.3;   10.6;-999;eor
        102;20181021;   10;  12.4;   7.3;    3;  -999;-999;    2.650;-999;  -999;  13.2; 1022.51;   13.3;   86.46;   14.9;   12.1;-999;eor
        102;20181022;   10;  22.6;  11.6;    3;  -999;-999;    6.133;-999;  -999;   9.8; 1024.47;   12.5;   67.42;   13.7;   11.4;-999;eor
        102;20181023;   10;  27.0;  19.9;    3;  -999;-999;    0.000;-999;  -999;  12.8; 1011.48;   12.9;   85.88;   13.9;   11.1;-999;eor
        102;20181024;   10;  22.9;  13.4;    3;  -999;-999;    0.683;-999;  -999;  12.3; 1013.54;   12.6;   83.75;   13.7;   10.7;-999;eor
        102;20181025;   10;  21.1;  14.3;    3;  -999;-999;    0.500;-999;  -999;  11.0; 1009.40;   12.6;   74.96;   13.6;   11.1;-999;eor
        102;20181026;   10;  21.4;  11.3;    3;  -999;-999;    0.050;-999;  -999;  11.1;  998.51;   10.5;   87.09;   12.7;    7.5;-999;eor
        102;20181027;   10;  24.0;   8.6;    3;  -999;-999;    6.267;-999;  -999;   7.3; 1003.23;    7.9;   68.46;   10.4;    5.6;-999;eor
        102;20181028;   10;  15.1;   9.3;    3;  -999;-999;    5.000;-999;  -999;   6.4; 1014.69;    5.6;   70.75;    6.8;    4.8;-999;eor
        102;20181029;   10;  17.2;  12.3;    3;  -999;-999;    0.000;-999;  -999;   7.9; 1004.74;    6.6;   81.00;    7.5;    5.5;-999;eor
        102;20181030;   10;  17.9;  12.0;    3;  -999;-999;    0.000;-999;  -999;   9.1;  986.50;    7.5;   87.92;    9.3;    5.1;-999;eor
        102;20181031;   10;  28.1;  11.9;    3;  -999;-999;    7.200;-999;  -999;   9.4; 1006.20;    9.2;   81.17;   10.6;    5.3;-999;eor
        102;20181101;   10;  13.7;   7.4;    3;  -999;-999;    3.933;-999;  -999;  10.1; 1007.09;   10.2;   80.79;   11.7;    9.2;-999;eor
        102;20181102;   10;  19.3;  10.7;    3;  -999;-999;    4.583;-999;  -999;  10.2; 1013.85;    9.8;   84.04;   11.5;    7.4;-999;eor
        102;20181103;   10;  11.4;   6.9;    3;  -999;-999;    8.017;-999;  -999;   8.9; 1023.30;    7.7;   85.42;    9.3;    6.0;-999;eor
        102;20181104;   10;  11.2;   6.7;    3;  -999;-999;    3.717;-999;  -999;   9.7; 1014.53;    7.5;   93.33;    9.5;    5.8;-999;eor
        102;20181105;   10;   9.3;   5.9;    3;  -999;-999;    0.000;-999;  -999;  11.9; 1007.20;   10.0;   97.42;   11.2;    8.9;-999;eor
        102;20181106;   10;   9.3;   5.8;    3;  -999;-999;    1.950;-999;  -999;  12.0; 1003.97;   10.1;   96.71;   12.8;    8.2;-999;eor
        102;20181107;   10;  13.1;   8.3;    3;  -999;-999;    7.817;-999;  -999;  11.4; 1004.58;   11.7;   83.38;   15.4;    9.1;-999;eor
        102;20181108;   10;  13.4;   7.1;    3;  -999;-999;    8.067;-999;  -999;  10.6; 1014.68;   10.8;   81.50;   12.0;    9.3;-999;eor
        102;20181109;   10;  11.9;   7.8;    3;  -999;-999;    0.150;-999;  -999;  11.1; 1010.38;    9.6;   92.46;   11.8;    7.5;-999;eor
        102;20181110;   10;  16.3;  10.9;    3;  -999;-999;    0.000;-999;  -999;  11.7;  999.41;   11.2;   87.75;   12.8;    9.8;-999;eor
        102;20181111;   10;  16.6;  10.2;    3;  -999;-999;    0.217;-999;  -999;  12.3; 1001.04;   11.5;   90.00;   12.9;   10.6;-999;eor
        102;20181112;   10;  10.4;   5.8;    3;  -999;-999;    0.000;-999;  -999;  12.1; 1009.34;   10.0;   98.58;   10.6;    8.8;-999;eor
        102;20181113;   10;  18.9;  11.9;    3;  -999;-999;    1.717;-999;  -999;  10.9; 1014.64;   10.2;   87.96;   11.6;    8.9;-999;eor
        102;20181114;   10;  12.7;   7.8;    3;  -999;-999;    0.333;-999;  -999;  10.9; 1022.40;    9.5;   92.13;   11.8;    7.5;-999;eor
        102;20181115;   10;  10.8;   6.1;    3;  -999;-999;    4.300;-999;  -999;   9.3; 1022.95;    6.8;   94.00;    9.0;    4.9;-999;eor
        102;20181116;   10;  13.8;   7.1;    3;  -999;-999;    7.033;-999;  -999;   8.6; 1026.87;    7.0;   85.38;    9.7;    5.4;-999;eor
        102;20181117;   10;  13.1;   9.4;    3;  -999;-999;    7.717;-999;  -999;   7.2; 1032.12;    5.0;   82.17;    6.8;    3.4;-999;eor
        102;20181118;   10;  16.5;   8.5;    3;  -999;-999;    3.700;-999;  -999;   7.2; 1029.55;    5.8;   77.79;    7.5;    3.2;-999;eor
        102;20181119;   10;  19.6;  14.0;    3;  -999;-999;    3.433;-999;  -999;   7.7; 1021.55;    6.0;   81.83;    7.0;    5.3;-999;eor
        102;20181120;   10;  22.3;  15.8;    3;  -999;-999;    0.000;-999;  -999;   6.2; 1013.57;    4.0;   75.50;    5.5;    3.0;-999;eor
        102;20181121;   10;  15.3;  11.0;    3;  -999;-999;    1.400;-999;  -999;   5.9; 1016.97;    2.5;   79.88;    3.4;    1.6;-999;eor
        102;20181122;   10;  11.4;   8.9;    3;  -999;-999;    0.000;-999;  -999;   6.2; 1019.14;    2.0;   87.33;    2.8;    1.1;-999;eor
        102;20181123;   10;  10.8;   5.8;    3;  -999;-999;    0.000;-999;  -999;   6.9; 1015.86;    3.0;   90.50;    3.8;    2.2;-999;eor
        102;20181124;   10;   9.3;   5.3;    3;  -999;-999;    0.733;-999;  -999;   6.8; 1010.44;    2.9;   90.42;    4.1;    1.0;-999;eor
        102;20181125;   10;  11.8;   8.4;    3;  -999;-999;    0.000;-999;  -999;   7.8; 1009.81;    4.8;   90.29;    5.4;    3.9;-999;eor
        102;20181126;   10;  13.5;   8.6;    3;  -999;-999;    3.283;-999;  -999;   7.6; 1012.22;    5.0;   86.63;    5.7;    4.1;-999;eor
        102;20181127;   10;  15.0;   8.1;    3;  -999;-999;    2.800;-999;  -999;   6.0; 1018.12;    2.9;   79.54;    4.5;    0.6;-999;eor
        102;20181128;   10;  19.8;  13.1;    3;  -999;-999;    1.250;-999;  -999;   5.6; 1015.94;    1.4;   81.50;    4.0;   -0.9;-999;eor
        102;20181129;   10;  17.5;  13.6;    3;  -999;-999;    0.000;-999;  -999;   9.1; 1006.40;    6.4;   95.13;    7.9;    4.0;-999;eor
        102;20181130;   10;  13.8;   9.9;    3;  -999;-999;    3.050;-999;  -999;   9.8; 1004.07;    8.5;   87.88;   10.3;    7.1;-999;eor
        102;20181201;   10;  14.4;  10.0;    3;  -999;-999;    0.983;-999;  -999;   9.4; 1004.34;    7.1;   93.29;    8.3;    6.3;-999;eor
        102;20181202;   10;  15.2;  10.8;    3;  -999;-999;    0.000;-999;  -999;  11.1;  992.38;    8.6;   99.21;   11.2;    6.6;-999;eor
        102;20181203;   10;  16.9;  11.4;    3;  -999;-999;    0.050;-999;  -999;  11.5;  991.82;   10.4;   90.63;   11.7;    8.0;-999;eor
        102;20181204;   10;  25.1;  13.4;    3;  -999;-999;    4.967;-999;  -999;   7.2; 1011.32;    8.2;   66.58;    9.2;    6.0;-999;eor
        102;20181205;   10;  14.0;   8.3;    3;  -999;-999;    4.117;-999;  -999;   7.6; 1017.74;    5.0;   87.46;    6.1;    4.2;-999;eor
        102;20181206;   10;  16.5;  10.2;    3;  -999;-999;    0.000;-999;  -999;  10.8; 1007.00;    8.0;   99.42;   10.4;    4.9;-999;eor
        102;20181207;   10;  22.9;  12.9;    3;  -999;-999;    0.000;-999;  -999;  11.7;  995.57;    9.9;   95.71;   11.2;    7.4;-999;eor
        102;20181208;   10;  27.6;  17.1;    3;  -999;-999;    0.183;-999;  -999;   9.4;  987.96;    7.8;   88.33;    9.1;    6.1;-999;eor
        102;20181209;   10;  28.6;  15.3;    3;  -999;-999;    1.083;-999;  -999;   8.7;  989.28;    7.9;   81.88;    9.3;    5.4;-999;eor
        102;20181210;   10;  31.7;  18.6;    3;  -999;-999;    1.367;-999;  -999;   7.1; 1007.83;    7.3;   69.67;    8.4;    3.4;-999;eor
        102;20181211;   10;  22.5;  10.0;    3;  -999;-999;    6.050;-999;  -999;   7.0; 1016.21;    6.6;   71.54;    8.0;    4.5;-999;eor
        102;20181212;   10;  11.3;   6.7;    3;  -999;-999;    0.000;-999;  -999;   6.8; 1022.98;    4.7;   79.52;    5.4;    3.9;-999;eor
        102;20181213;   10;  12.3;   8.4;    3;  -999;-999;    1.800;-999;  -999;   6.6; 1021.81;    3.3;   85.04;    4.3;    2.0;-999;eor
        102;20181214;   10;  12.3;   7.3;    3;  -999;-999;    0.000;-999;  -999;   5.8; 1022.61;    2.6;   79.08;    3.2;    1.4;-999;eor
        102;20181215;   10;  20.2;   9.2;    3;  -999;-999;    0.000;-999;  -999;   4.9; 1021.50;    0.8;   76.29;    2.0;   -0.3;-999;eor
        102;20181216;   10;  18.6;  10.1;    3;  -999;-999;    0.000;-999;  -999;   5.2; 1008.68;    0.0;   85.09;    1.3;   -0.8;-999;eor
        102;20181217;   10;  12.2;   5.9;    3;  -999;-999;    0.000;-999;  -999;   7.7; 1012.98;    3.1;   99.29;    6.1;    1.2;-999;eor
        102;20181218;   10;  17.1;   9.1;    3;  -999;-999;    0.000;-999;  -999;   8.4; 1016.08;    5.0;   95.22;    6.0;    3.9;-999;eor
        102;20181219;   10;  15.9;   9.7;    3;  -999;-999;    0.000;-999;  -999;   8.0; 1006.61;    5.1;   90.00;    7.2;    3.9;-999;eor
        102;20181220;   10;  14.8;   8.7;    3;  -999;-999;    1.317;-999;  -999;   8.8; 1005.57;    5.6;   96.78;    7.8;    4.2;-999;eor
        102;20181221;   10;  22.1;  11.5;    3;  -999;-999;    0.000;-999;  -999;   9.8;  995.09;    6.9;   97.96;    9.9;    5.6;-999;eor
        102;20181222;   10;  15.0;   7.6;    3;  -999;-999;    0.250;-999;  -999;   9.5; 1004.15;    6.7;   97.08;    7.5;    6.0;-999;eor
        102;20181223;   10;  15.9;  10.4;    3;  -999;-999;    0.000;-999;  -999;   9.5; 1010.52;    6.7;   96.75;    7.5;    5.3;-999;eor
        102;20181224;   10;  16.3;   8.9;    3;  -999;-999;    1.650;-999;  -999;   7.1; 1023.37;    5.3;   78.68;    7.3;    2.6;-999;eor
        102;20181225;   10;  17.7;  12.2;    3;  -999;-999;    0.617;-999;  -999;   8.1; 1025.89;    6.9;   81.88;    7.7;    5.7;-999;eor
        102;20181226;   10;  18.2;  11.3;    3;  -999;-999;    0.000;-999;  -999;   9.9; 1023.44;    6.8;   99.75;    7.6;    5.6;-999;eor
        102;20181227;   10;  12.4;   9.5;    3;  -999;-999;    0.000;-999;  -999;   9.5; 1020.16;    6.3;   99.92;    6.8;    5.8;-999;eor
        102;20181228;   10;  11.7;   8.2;    3;  -999;-999;    0.000;-999;  -999;   9.9; 1021.80;    6.9;   99.17;    7.4;    6.5;-999;eor
        102;20181229;   10;  25.4;  12.5;    3;  -999;-999;    0.000;-999;  -999;  10.3; 1018.20;    7.7;   98.21;    8.8;    6.7;-999;eor
        102;20181230;   10;  23.6;  10.7;    3;  -999;-999;    0.483;-999;  -999;   9.5; 1023.71;    7.4;   92.67;    8.5;    6.4;-999;eor
        102;20181231;   10;  18.8;   8.9;    3;  -999;-999;    1.317;-999;  -999;  10.0; 1025.17;    7.2;   98.71;    8.2;    5.8;-999;eor
        102;20190101;   10;  33.9;  19.0;    3;  -999;-999;    2.000;-999;  -999;   8.0; 1017.14;    7.4;   77.39;    8.5;    3.6;-999;eor
        102;20190102;   10;  25.3;  12.6;    3;  -999;-999;    6.867;-999;  -999;   5.4; 1028.23;    5.9;   58.17;    7.3;    4.3;-999;eor
        102;20190103;   10;  13.6;   6.5;    3;  -999;-999;    3.250;-999;  -999;   6.8; 1032.70;    5.0;   76.87;    6.3;    4.1;-999;eor
        102;20190104;   10;  18.6;  12.0;    3;  -999;-999;    0.000;-999;  -999;   8.5; 1027.40;    6.5;   88.35;    7.7;    4.9;-999;eor
        102;20190105;   10;  22.0;  12.8;    3;  -999;-999;    0.833;-999;  -999;  10.1; 1021.29;    7.3;   99.08;    8.2;    6.5;-999;eor
        102;20190106;   10;  14.0;   8.1;    3;  -999;-999;    0.150;-999;  -999;   9.6; 1025.52;    6.8;   97.50;    7.3;    6.3;-999;eor
        102;20190107;   10;  22.8;  11.6;    3;  -999;-999;    0.000;-999;  -999;   9.6; 1019.18;    6.8;   97.13;    8.3;    5.7;-999;eor
        102;20190108;   10;  30.6;  19.6;    3;  -999;-999;    0.283;-999;  -999;   7.8; 1001.45;    6.5;   80.17;    8.2;    2.1;-999;eor
        102;20190109;   10;  25.4;  16.4;    3;  -999;-999;    6.717;-999;  -999;   5.6; 1013.27;    4.3;   67.42;    6.1;    2.1;-999;eor
        102;20190110;   10;  11.9;   6.0;    3;  -999;-999;    0.000;-999;  -999;   6.6; 1020.68;    3.1;   86.63;    4.6;    2.0;-999;eor
        102;20190111;   10;  19.5;  11.1;    3;  -999;-999;    1.017;-999;  -999;   9.3; 1014.87;    6.7;   94.22;    7.4;    4.5;-999;eor
        102;20190112;   10;  20.6;  13.5;    3;  -999;-999;    0.117;-999;  -999;   9.1; 1006.39;    6.6;   93.79;    7.3;    5.4;-999;eor
        102;20190113;   10;  26.4;  15.7;    3;  -999;-999;    0.000;-999;  -999;   9.2;  993.38;    7.1;   90.71;    8.3;    6.0;-999;eor
        102;20190114;   10;  27.4;  16.5;    3;  -999;-999;    1.450;-999;  -999;   5.9; 1003.81;    4.7;   69.57;    6.1;    1.9;-999;eor
        102;20190115;   10;  21.4;  15.2;    3;  -999;-999;    0.000;-999;  -999;   8.9; 1005.73;    6.2;   93.29;    7.0;    4.9;-999;eor
        102;20190116;   10;  19.4;  14.6;    3;  -999;-999;    0.000;-999;  -999;   9.1;  998.00;    6.4;   95.13;    7.5;    4.5;-999;eor
        102;20190117;   10;  22.0;  12.9;    3;  -999;-999;    1.317;-999;  -999;   7.0;  994.10;    4.0;   85.75;    5.4;    1.0;-999;eor
        102;20190118;   10;  15.6;   7.0;    3;  -999;-999;    3.333;-999;  -999;   6.3; 1012.22;    3.4;   81.08;    5.1;    1.7;-999;eor
        102;20190119;   10;   8.3;   5.8;    3;  -999;-999;    7.217;-999;  -999;   5.2; 1014.30;    1.7;   76.04;    2.7;    0.8;-999;eor
        102;20190120;   10;   6.6;   3.2;    3;  -999;-999;    1.100;-999;  -999;   5.4; 1015.67;    1.1;   80.88;    3.3;    0.0;-999;eor
        102;20190121;   10;  11.2;   7.7;    3;  -999;-999;    3.733;-999;  -999;   5.9; 1015.29;    0.8;   90.92;    3.8;   -1.6;-999;eor
        102;20190122;   10;  14.1;  10.2;    3;  -999;-999;    2.800;-999;  -999;   4.7; 1002.49;   -0.1;   77.75;    1.1;   -1.7;-999;eor
        102;20190123;   10;  11.3;   6.1;    3;  -999;-999;    2.667;-999;  -999;   4.2;  999.30;   -2.8;   84.04;   -0.9;   -4.1;-999;eor
        102;20190124;   10;  10.5;   4.6;    3;  -999;-999;    0.000;-999;  -999;   3.5; 1008.29;   -4.0;   77.58;   -2.5;   -6.1;-999;eor
        102;20190125;   10;  17.1;   7.2;    3;  -999;-999;    0.600;-999;  -999;   4.3; 1007.31;   -2.7;   83.78;    3.5;   -4.6;-999;eor
        102;20190126;   10;  15.1;   8.3;    3;  -999;-999;    0.000;-999;  -999;   8.4;  994.94;    4.6;   99.26;    5.8;    2.6;-999;eor
        102;20190127;   10;  14.6;   9.2;    3;  -999;-999;    0.000;-999;  -999;   8.3;  979.36;    4.6;   97.63;    6.2;    2.8;-999;eor
        102;20190128;   10;  20.1;   8.6;    3;  -999;-999;    0.000;-999;  -999;   6.6;  986.98;    3.0;   88.21;    4.5;    1.2;-999;eor
        102;20190129;   10;  19.1;   9.1;    3;  -999;-999;    4.267;-999;  -999;   6.2;  997.04;    2.6;   83.88;    4.3;    0.8;-999;eor
        102;20190130;   10;  13.9;   8.7;    3;  -999;-999;    2.583;-999;  -999;   5.5;  991.85;    0.8;   84.63;    1.9;    0.0;-999;eor
        102;20190131;   10;  12.6;   7.5;    3;  -999;-999;    0.567;-999;  -999;   5.7;  992.33;    0.6;   89.75;    1.4;   -0.4;-999;eor
        102;20190201;   10;  14.9;  10.0;    3;  -999;-999;    0.000;-999;  -999;   5.3;  990.11;   -0.1;   87.96;    0.6;   -0.6;-999;eor
        102;20190202;   10;  13.9;   6.3;    3;  -999;-999;    0.000;-999;  -999;   6.1;  996.80;    1.5;   89.75;    3.8;   -0.1;-999;eor
        102;20190203;   10;  15.9;   8.3;    3;  -999;-999;    7.800;-999;  -999;   6.5; 1012.93;    3.8;   80.92;    5.1;    2.6;-999;eor
        102;20190204;   10;  22.3;  13.1;    3;  -999;-999;    0.000;-999;  -999;   6.1; 1016.29;    2.1;   85.50;    3.5;    0.9;-999;eor
        102;20190205;   10;  16.6;  10.4;    3;  -999;-999;    1.167;-999;  -999;   7.7; 1019.34;    3.5;   98.33;    4.8;    2.8;-999;eor
        102;20190206;   10;  14.6;   9.4;    3;  -999;-999;    0.000;-999;  -999;   7.8; 1014.93;    3.9;   95.58;    4.6;    2.9;-999;eor
        102;20190207;   10;  24.9;  13.5;    3;  -999;-999;    0.917;-999;  -999;   8.1; 1000.93;    5.9;   87.83;    8.4;    4.2;-999;eor
        102;20190208;   10;  20.1;  13.4;    3;  -999;-999;    0.000;-999;  -999;   8.6; 1000.01;    6.4;   89.71;    8.4;    5.0;-999;eor
        102;20190209;   10;  29.3;  17.3;    3;  -999;-999;    0.600;-999;  -999;   8.2;  992.02;    7.3;   79.71;    8.1;    6.1;-999;eor
        102;20190210;   10;  19.0;  10.9;    3;  -999;-999;    0.000;-999;  -999;   8.3;  988.13;    5.2;   93.38;    6.9;    2.2;-999;eor
        102;20190211;   10;  25.8;  14.0;    3;  -999;-999;    5.050;-999;  -999;   6.9; 1008.44;    5.5;   76.46;    6.1;    3.6;-999;eor
        102;20190212;   10;  17.9;   9.8;    3;  -999;-999;    4.217;-999;  -999;   7.6; 1024.79;    5.3;   84.92;    6.4;    2.3;-999;eor
        102;20190213;   10;  16.2;  11.6;    3;  -999;-999;    0.000;-999;  -999;   9.2; 1027.26;    6.5;   95.46;    7.5;    5.1;-999;eor
        102;20190214;   10;   9.9;   6.7;    3;  -999;-999;    9.000;-999;  -999;   7.6; 1029.75;    5.8;   82.33;    8.6;    3.5;-999;eor
        102;20190215;   10;  11.3;   7.3;    3;  -999;-999;    9.650;-999;  -999;   6.8; 1026.49;    8.3;   62.46;   12.9;    4.2;-999;eor
        102;20190216;   10;  11.6;   8.9;    3;  -999;-999;    8.117;-999;  -999;   8.2; 1019.30;    8.2;   75.13;   11.0;    4.7;-999;eor
        102;20190217;   10;  11.9;   8.0;    3;  -999;-999;    7.400;-999;  -999;   8.6; 1016.87;    9.2;   74.04;   12.9;    5.2;-999;eor
        102;20190218;   10;   9.9;   7.0;    3;  -999;-999;    8.850;-999;  -999;   8.0; 1012.08;    9.0;   69.63;   13.0;    5.4;-999;eor
        102;20190219;   10;  17.3;  11.5;    3;  -999;-999;    0.967;-999;  -999;   9.0; 1009.65;    6.1;   95.29;    8.3;    5.3;-999;eor
        102;20190220;   10;  12.1;   9.1;    3;  -999;-999;    0.600;-999;  -999;   8.8; 1015.29;    6.9;   88.54;    8.9;    5.5;-999;eor
        102;20190221;   10;  14.1;   9.8;    3;  -999;-999;    0.283;-999;  -999;   9.1; 1019.35;    6.5;   94.13;    7.9;    5.8;-999;eor
        102;20190222;   10;  12.1;   6.0;    3;  -999;-999;    0.017;-999;  -999;   7.9; 1033.33;    5.1;   90.00;    6.1;    3.8;-999;eor
        102;20190223;   10;  12.9;   7.2;    3;  -999;-999;    9.200;-999;  -999;   6.2; 1035.85;    4.9;   72.08;    8.8;    1.7;-999;eor
        102;20190224;   10;   7.7;   3.8;    3;  -999;-999;    8.883;-999;  -999;   6.3; 1034.26;    5.9;   68.38;   12.0;    3.7;-999;eor
        102;20190225;   10;   7.6;   3.1;    3;  -999;-999;   10.050;-999;  -999;   6.8; 1033.79;    7.5;   66.08;    9.6;    5.4;-999;eor
        102;20190226;   10;   7.7;   4.6;    3;  -999;-999;   10.300;-999;  -999;   6.4; 1030.28;    8.0;   61.42;   11.4;    5.6;-999;eor
        102;20190227;   10;  12.9;   6.2;    3;  -999;-999;   10.300;-999;  -999;   6.7; 1020.32;    9.9;   55.04;   14.9;    6.8;-999;eor
        102;20190228;   10;  12.8;   5.7;    3;  -999;-999;    0.017;-999;  -999;   8.5; 1009.48;    5.1;   96.46;    6.8;    4.3;-999;eor
        102;20190301;   10;  11.7;   6.8;    3;  -999;-999;    4.367;-999;  -999;   7.2; 1009.38;    4.8;   83.33;    5.6;    3.4;-999;eor
        102;20190302;   10;  15.9;   7.6;    3;  -999;-999;    2.383;-999;  -999;   7.6; 1007.80;    5.5;   83.25;    8.9;    3.4;-999;eor
        102;20190303;   10;  21.5;  11.8;    3;  -999;-999;    0.017;-999;  -999;  10.5;  995.85;    8.5;   94.74;   11.0;    7.6;-999;eor
        102;20190304;   10;  31.2;  19.3;    3;  -999;-999;    0.217;-999;  -999;   9.3;  981.85;    7.9;   82.25;   11.2;    4.7;-999;eor
        102;20190305;   10;  22.1;  12.4;    3;  -999;-999;    4.983;-999;  -999;   8.0;  996.27;    6.0;   85.26;    6.9;    4.3;-999;eor
        102;20190306;   10;  17.6;  11.2;    3;  -999;-999;    0.000;-999;  -999;   8.8;  996.05;    7.0;   88.00;    9.9;    4.5;-999;eor
        102;20190307;   10;  28.8;  13.6;    3;  -999;-999;    1.617;-999;  -999;   9.3;  984.92;    8.2;   85.38;   10.4;    4.7;-999;eor
        102;20190308;   10;  24.9;  13.2;    3;  -999;-999;    4.317;-999;  -999;   7.7;  998.60;    6.2;   80.92;    6.8;    5.2;-999;eor
        102;20190309;   10;  25.7;  16.9;    3;  -999;-999;    2.083;-999;  -999;   7.9;  997.74;    6.7;   80.54;    8.9;    2.8;-999;eor
        102;20190310;   10;  20.4;   8.5;    3;  -999;-999;    1.017;-999;  -999;   7.6;  999.00;    5.6;   83.04;    6.9;    2.4;-999;eor
        102;20190311;   10;  23.3;  10.5;    3;  -999;-999;    3.200;-999;  -999;   7.3; 1005.95;    4.5;   86.71;    5.9;    2.2;-999;eor
        102;20190312;   10;  26.4;  13.4;    3;  -999;-999;    0.000;-999;  -999;   7.3; 1003.34;    5.5;   81.25;    8.3;    3.3;-999;eor
        102;20190313;   10;  28.0;  17.6;    3;  -999;-999;    1.017;-999;  -999;   8.3;  989.64;    5.8;   90.08;    7.4;    4.3;-999;eor
        102;20190314;   10;  22.8;  14.1;    3;  -999;-999;    0.000;-999;  -999;   8.8;  990.29;    6.5;   91.52;    7.7;    5.2;-999;eor
        102;20190315;   10;  27.5;  16.2;    3;  -999;-999;    3.867;-999;  -999;   8.6;  992.80;    7.3;   84.71;    9.0;    5.9;-999;eor
        102;20190316;   10;  27.8;  14.8;    3;  -999;-999;    0.000;-999;  -999;   8.6;  995.89;    7.5;   83.21;   10.3;    4.0;-999;eor
        102;20190317;   10;  26.3;  16.8;    3;  -999;-999;    6.150;-999;  -999;   7.9;  991.70;    6.9;   79.04;   10.3;    3.9;-999;eor
        102;20190318;   10;  27.1;  15.9;    3;  -999;-999;    6.817;-999;  -999;   7.2; 1006.48;    5.9;   78.04;    6.7;    3.8;-999;eor
        102;20190319;   10;  17.6;   7.4;    3;  -999;-999;   10.367;-999;  -999;   7.1; 1022.07;    6.0;   75.46;    6.7;    4.1;-999;eor
        102;20190320;   10;  12.6;   8.6;    3;  -999;-999;    0.000;-999;  -999;   9.8; 1026.27;    7.4;   94.33;    9.5;    5.7;-999;eor
        102;20190321;   10;  13.1;   8.8;    3;  -999;-999;    3.833;-999;  -999;  10.5; 1028.64;    8.3;   95.43;   10.1;    7.1;-999;eor
        102;20190322;   10;  12.5;   5.1;    3;  -999;-999;    5.883;-999;  -999;  10.8; 1025.76;   10.1;   88.29;   16.2;    5.1;-999;eor
        102;20190323;   10;   9.8;   6.4;    3;  -999;-999;    3.683;-999;  -999;   9.1; 1024.96;    6.8;   92.38;    8.1;    6.1;-999;eor
        102;20190324;   10;  17.4;   6.4;    3;  -999;-999;    6.700;-999;  -999;   7.8; 1021.81;    6.2;   82.75;    7.0;    5.4;-999;eor
        102;20190325;   10;  28.5;  12.5;    3;  -999;-999;    8.500;-999;  -999;   7.8; 1014.31;    5.9;   84.04;    6.7;    3.3;-999;eor
        102;20190326;   10;  16.3;  10.6;    3;  -999;-999;    1.583;-999;  -999;   8.6; 1023.34;    6.6;   88.08;    7.1;    5.5;-999;eor
        102;20190327;   10;  13.2;   9.1;    3;  -999;-999;    0.000;-999;  -999;   9.9; 1026.63;    7.1;   97.67;    7.4;    6.6;-999;eor
        102;20190328;   10;   9.1;   5.7;    3;  -999;-999;    0.167;-999;  -999;  10.2; 1030.36;    7.7;   97.13;    9.4;    6.8;-999;eor
        102;20190329;   10;   8.8;   4.4;    3;  -999;-999;    9.283;-999;  -999;   9.2; 1026.39;    9.0;   79.58;   10.6;    7.7;-999;eor
        102;20190330;   10;  11.2;   5.4;    3;  -999;-999;   11.517;-999;  -999;   9.9; 1017.44;    8.8;   87.54;   13.8;    6.7;-999;eor
        102;20190331;   10;  14.0;   8.3;    3;  -999;-999;   10.017;-999;  -999;   6.4; 1022.08;    6.1;   67.30;    7.6;    4.9;-999;eor
        102;20190401;   10;  12.6;   7.0;    3;  -999;-999;   12.400;-999;  -999;   5.9; 1020.73;    6.6;   60.58;   10.3;    3.6;-999;eor
        102;20190402;   10;  19.6;   9.7;    3;  -999;-999;    7.917;-999;  -999;   8.1; 1003.37;    9.2;   67.88;   14.3;    4.9;-999;eor
        102;20190403;   10;-999;   4.6;-999;-999;-999;-999;-999;  -999;   9.8;  998.31;    7.9;   92.13;-999;-999;-999;eor
        102;20190404;   10;  10.0;   4.3;    3;  -999;-999;    0.417;-999;  -999;   9.2;  997.45;    6.9;   92.96;    7.8;    5.8;-999;eor
        102;20190405;   10;  14.7;   7.1;    3;  -999;-999;    0.000;-999;  -999;   9.7; 1002.07;    7.2;   96.04;    7.7;    6.9;-999;eor
        102;20190406;   10;  12.9;   6.3;    3;  -999;-999;   10.700;-999;  -999;  11.2; 1003.92;   10.4;   88.88;   17.4;    7.2;-999;eor
        102;20190407;   10;   8.7;   6.3;    3;  -999;-999;   12.100;-999;  -999;  10.9; 1004.99;   12.0;   78.08;   16.6;    8.9;-999;eor
        102;20190408;   10;  13.8;   8.7;    3;  -999;-999;    8.750;-999;  -999;   9.2; 1009.12;    9.2;   78.54;   11.2;    6.5;-999;eor
        102;20190409;   10;  13.4;   9.3;    3;  -999;-999;   12.917;-999;  -999;   6.8; 1013.65;    6.8;   68.88;    9.5;    3.6;-999;eor
        102;20190410;   10;  13.4;   9.3;    3;  -999;-999;   13.167;-999;  -999;   5.2; 1017.01;    4.7;   61.13;    6.3;    3.1;-999;eor
        102;20190411;   10;  11.0;   6.9;    3;  -999;-999;    2.533;-999;  -999;   6.2; 1022.42;    5.0;   71.13;    6.2;    4.1;-999;eor
        102;20190412;   10;  13.0;   7.0;    3;  -999;-999;    5.567;-999;  -999;   5.6; 1024.51;    4.4;   67.08;    6.6;    2.1;-999;eor
        102;20190413;   10;  16.2;   9.8;    3;  -999;-999;    2.450;-999;  -999;   5.9; 1023.44;    3.3;   76.33;    4.9;    1.2;-999;eor
        102;20190414;   10;  12.5;   9.0;    3;  -999;-999;    5.933;-999;  -999;   7.0; 1024.56;    5.5;   76.87;    7.5;    3.2;-999;eor
        102;20190415;   10;  17.4;  10.1;    3;  -999;-999;   12.733;-999;  -999;   7.4; 1024.07;    7.5;   71.46;   11.1;    5.1;-999;eor
        102;20190416;   10;  16.2;  11.7;    3;  -999;-999;   13.333;-999;  -999;   7.7; 1018.62;    7.6;   73.67;   12.1;    3.5;-999;eor
        102;20190417;   10;  12.9;  10.0;    3;  -999;-999;   12.817;-999;  -999;   7.9; 1022.07;   10.4;   63.09;   15.2;    6.3;-999;eor
        102;20190418;   10;  14.6;   9.9;    3;  -999;-999;   13.200;-999;  -999;   9.3; 1026.44;   11.1;   70.75;   16.3;    7.5;-999;eor
        102;20190419;   10;  14.4;   9.4;    3;  -999;-999;   13.200;-999;  -999;   9.9; 1028.48;   12.0;   71.21;   18.6;    8.3;-999;eor
        102;20190420;   10;   9.9;   6.5;    3;  -999;-999;   13.700;-999;  -999;   8.3; 1027.97;   11.8;   61.17;   15.6;    9.1;-999;eor
        102;20190421;   10;  12.2;   6.8;    3;  -999;-999;   13.850;-999;  -999;   8.6; 1019.13;   12.1;   61.92;   15.9;    8.9;-999;eor
        102;20190422;   10;  15.7;  10.4;    3;  -999;-999;   13.800;-999;  -999;   9.0; 1010.43;   13.9;   57.13;   18.4;   10.7;-999;eor
        102;20190423;   10;  18.9;  14.3;    3;  -999;-999;   13.417;-999;  -999;   9.8; 1001.86;   14.0;   61.13;   17.3;   11.1;-999;eor
        102;20190424;   10;  19.6;  10.6;    3;  -999;-999;    6.683;-999;  -999;  12.6;  997.48;   16.0;   69.88;   21.7;   11.5;-999;eor
        102;20190425;   10;  15.1;   8.2;    3;  -999;-999;   11.233;-999;  -999;  11.7; 1003.60;   14.7;   72.13;   20.9;   10.8;-999;eor
        102;20190426;   10;  12.0;   7.0;    3;  -999;-999;    1.833;-999;  -999;  11.7; 1007.34;   10.9;   89.92;   13.5;   10.0;-999;eor
        102;20190427;   10;  10.5;   6.1;    3;  -999;-999;    4.883;-999;  -999;  10.9; 1006.75;   10.5;   85.63;   12.1;    8.7;-999;eor
        102;20190428;   10;   9.0;   4.4;    3;  -999;-999;    5.133;-999;  -999;   9.6; 1014.44;    8.3;   86.88;    9.1;    7.6;-999;eor
        102;20190429;   10;  13.4;   8.0;    3;  -999;-999;    0.033;-999;  -999;  11.1; 1019.77;    8.5;   98.71;    9.5;    7.5;-999;eor
        102;20190430;   10;  11.1;   6.3;    3;  -999;-999;    0.283;-999;  -999;  10.3; 1018.35;    7.4;   99.26;    8.5;    6.0;-999;eor
        102;20190501;    3;  14.3;   9.4;    3;  -999;-999;    0.000;-999;  -999;   9.8; 1011.97;    8.0;   91.26;    8.7;    7.2;-999;eor
        102;20190502;    3;  20.0;  11.8;    3;  -999;-999;    0.200;-999;  -999;   9.7; 1003.49;    8.6;   86.88;    9.7;    6.5;-999;eor
        102;20190503;    3;  21.1;  12.4;    3;  -999;-999;    6.483;-999;  -999;   6.8; 1004.82;    6.8;   68.92;    7.8;    5.1;-999;eor
        102;20190504;    3;  19.8;  11.0;    3;  -999;-999;   11.883;-999;  -999;   6.1; 1004.83;    6.4;   63.92;    7.4;    4.6;-999;eor
        102;20190505;    3;  16.3;   8.4;    3;  -999;-999;    7.183;-999;  -999;   7.2; 1013.56;    7.4;   69.57;    8.2;    5.2;-999;eor
        102;20190506;    3;  19.3;  11.0;    3;  -999;-999;    1.817;-999;  -999;   7.4; 1012.88;    7.4;   71.71;    8.2;    6.2;-999;eor
        102;20190507;    3;  11.8;   5.1;    3;  -999;-999;   10.850;-999;  -999;   6.9; 1012.59;    7.6;   66.22;   10.9;    6.7;-999;eor
        102;20190508;    3;  13.6;   7.2;    3;  -999;-999;    1.917;-999;  -999;   9.7;  999.00;   10.0;   79.17;   12.5;    8.0;-999;eor
        102;20190509;    3;  11.3;   6.5;    3;  -999;-999;    7.567;-999;  -999;  11.2;  993.60;   11.4;   83.75;   15.4;    8.9;-999;eor
        102;20190510;    3;  11.2;   6.8;    3;  -999;-999;    6.283;-999;  -999;   9.3; 1003.83;    9.0;   80.04;   10.4;    8.2;-999;eor
        102;20190511;    3;  14.1;   7.3;    3;  -999;-999;   11.683;-999;  -999;   7.5; 1013.71;    8.6;   66.83;    9.0;    8.1;-999;eor
        102;20190512;    3;  12.9;   9.9;    3;  -999;-999;   13.983;-999;  -999;   8.0; 1028.59;    8.8;   70.33;    9.2;    8.5;-999;eor
        102;20190513;    3;  11.2;   8.3;    3;  -999;-999;   13.250;-999;  -999;   8.2; 1034.98;    8.7;   72.75;    9.2;    8.1;-999;eor
        102;20190514;    3;   9.9;   6.3;    3;  -999;-999;   14.883;-999;  -999;   8.5; 1031.12;    9.6;   71.42;   10.9;    8.6;-999;eor
        102;20190515;    3;  11.5;   5.2;    3;  -999;-999;   15.383;-999;  -999;   8.3; 1025.01;   10.5;   65.46;   12.4;    9.2;-999;eor
        102;20190516;    3;  18.4;   8.8;    3;  -999;-999;    1.333;-999;  -999;   9.5; 1016.35;   11.6;   69.71;   14.5;   10.2;-999;eor
        102;20190517;    3;  14.4;   7.0;    3;  -999;-999;    0.767;-999;  -999;  12.0; 1007.09;   12.0;   85.79;   15.0;    9.5;-999;eor
        102;20190518;    3;  11.2;   7.5;    3;  -999;-999;   11.383;-999;  -999;  14.2; 1003.80;   14.4;   86.92;   18.5;   10.9;-999;eor
        102;20190519;    3;  12.9;   6.3;    3;  -999;-999;    4.300;-999;  -999;  14.5; 1002.95;   13.6;   93.38;   19.1;   11.3;-999;eor
        102;20190520;    3;  11.6;   7.3;    3;  -999;-999;    5.200;-999;  -999;  -999; 1002.85;   12.9;-999;   14.8;   11.6;-999;eor
        102;20190521;    3;  15.4;  10.8;    3;  -999;-999;    0.350;-999;  -999;  13.4; 1005.77;   11.4;   99.21;   12.6;   10.5;-999;eor
        102;20190522;    3;  15.6;   9.4;    3;  -999;-999;    7.650;-999;  -999;  11.2; 1012.98;   10.7;   86.54;   11.2;   10.0;-999;eor
        102;20190523;    3;  10.1;   4.8;    3;  -999;-999;   14.450;-999;  -999;  10.9; 1013.12;   13.1;   72.79;   16.7;   10.0;-999;eor
        102;20190524;    3;  12.7;   7.9;    3;  -999;-999;   10.667;-999;  -999;  11.7; 1009.81;   12.0;   83.46;   15.1;   10.4;-999;eor
        102;20190525;    3;  12.5;   7.1;    3;  -999;-999;    0.333;-999;  -999;  10.6; 1012.20;   11.1;   80.46;   11.4;   10.7;-999;eor
        102;20190526;    3;  19.5;  11.3;    3;  -999;-999;    0.200;-999;  -999;  14.0; 1004.73;   12.9;   93.17;   14.5;   10.4;-999;eor
        102;20190527;    3;  15.5;  10.4;    3;  -999;-999;    8.767;-999;  -999;  12.0; 1002.25;   12.4;   83.54;   13.3;   10.6;-999;eor
        102;20190528;    3;  11.4;   6.8;    3;  -999;-999;   13.317;-999;  -999;   9.1; 1006.51;   10.4;   72.50;   10.9;    9.8;-999;eor
        102;20190529;    3;  14.7;   5.5;    3;  -999;-999;   11.750;-999;  -999;   8.9; 1016.94;   11.6;   65.08;   14.9;    9.7;-999;eor
        102;20190530;    3;  15.9;  10.6;    3;  -999;-999;    0.867;-999;  -999;  13.8; 1015.00;   14.5;   82.92;   16.9;   12.6;-999;eor
        102;20190531;    3;  12.1;   8.3;    3;  -999;-999;    9.283;-999;  -999;  15.6; 1017.71;   14.7;   93.08;   15.8;   13.4;-999;eor
        102;20190601;    1;  12.1;   6.1;    3;  -999;-999;   11.083;-999;  -999;  14.5; 1016.79;   14.2;   89.33;   16.0;   12.9;-999;eor
        102;20190602;    1;  14.9;   6.3;    3;  -999;-999;   11.433;-999;  -999;  15.7; 1009.83;   20.8;   65.96;   26.8;   14.0;-999;eor
        102;20190603;    1;  15.6;   5.5;    3;  -999;-999;    5.050;-999;  -999;  13.6; 1008.49;   16.2;   74.25;   20.2;   13.7;-999;eor
        102;20190604;    1;  22.5;   6.4;    3;  -999;-999;    7.483;-999;  -999;  14.9; 1007.04;   17.2;   75.50;   20.7;   13.9;-999;eor
        102;20190605;    1;  13.1;   7.5;    3;  -999;-999;   11.283;-999;  -999;  17.2; 1003.37;   17.3;   87.13;   21.5;   15.7;-999;eor
        102;20190606;    1;  19.1;   7.8;    3;  -999;-999;    6.517;-999;  -999;  15.2; 1005.49;   15.3;   87.00;   21.3;   13.5;-999;eor
        102;20190607;    1;  13.6;   5.8;    3;  -999;-999;   13.333;-999;  -999;  13.6; 1008.40;   16.8;   71.83;   21.1;   13.4;-999;eor
        102;20190608;    1;  25.1;  14.5;    3;  -999;-999;    1.767;-999;  -999;  12.2; 1008.42;   15.3;   70.50;   16.6;   12.8;-999;eor
        102;20190609;    1;  16.8;   7.6;    3;  -999;-999;   12.350;-999;  -999;  12.3; 1017.70;   14.4;   75.21;   16.7;   11.8;-999;eor
        102;20190610;    1;  15.8;   9.9;    1;  -999;-999;    2.350;-999;  -999;  15.1; 1010.64;   15.6;   85.29;   16.9;   14.6;-999;eor
        102;20190611;    1;  14.4;   6.1;    1;  -999;-999;    5.217;-999;  -999;  16.4; 1007.05;   15.4;   93.38;   17.7;   14.1;-999;eor
        102;20190612;    1;  13.5;   5.5;    1;  -999;-999;    3.683;-999;  -999;  16.7; 1005.75;   15.6;   94.00;   17.2;   14.2;-999;eor
        102;20190613;    1;  20.3;   8.6;    1;  -999;-999;   10.933;-999;  -999;  12.9; 1007.36;   16.7;   68.58;   19.4;   14.3;-999;eor
        102;20190614;    1;  10.3;   6.3;    1;  -999;-999;   10.750;-999;  -999;  15.0; 1011.10;   17.3;   75.83;   20.7;   15.1;-999;eor
        102;20190615;    1;  15.7;   7.3;    1;  -999;-999;    1.917;-999;  -999;  17.2; 1007.95;   15.9;   94.75;   18.0;   14.0;-999;eor
        102;20190616;    1;   9.3;   4.3;    1;  -999;-999;    6.183;-999;  -999;  15.1; 1015.28;   15.9;   84.13;   19.4;   13.8;-999;eor
        102;20190617;    1;  10.4;   5.7;    1;  -999;-999;   15.317;-999;  -999;  16.4; 1016.11;   19.5;   73.54;   23.7;   15.6;-999;eor
        102;20190618;    1;   9.4;   5.5;    1;  -999;-999;   11.783;-999;  -999;  17.0; 1010.88;   19.2;   76.75;   22.9;   17.2;-999;eor
        102;20190619;    1;  16.7;   6.0;    1;  -999;-999;   10.550;-999;  -999;  18.2; 1003.82;   20.1;   77.58;   25.6;   16.6;-999;eor
        102;20190620;    1;  10.2;   5.5;    1;  -999;-999;    3.683;-999;  -999;  16.5; 1006.33;   15.7;   92.25;   17.1;   14.7;-999;eor
        102;20190621;    1;   9.4;   5.4;    1;  -999;-999;    8.800;-999;  -999;  14.1; 1014.29;   15.3;   81.38;   16.2;   14.2;-999;eor
        102;20190622;    1;  10.8;   5.3;    1;  -999;-999;   15.450;-999;  -999;  13.0; 1019.94;   15.5;   73.58;   18.1;   14.0;-999;eor
        102;20190623;    1;  13.4;   9.9;    1;  -999;-999;   14.033;-999;  -999;  15.2; 1018.34;   19.4;   66.54;   22.8;   16.1;-999;eor
        102;20190624;    1;  13.8;   9.9;    1;  -999;-999;   14.117;-999;  -999;  17.0; 1018.04;   21.4;   67.46;   25.8;   17.5;-999;eor
        102;20190625;    1;  11.1;   6.5;    1;  -999;-999;   13.267;-999;  -999;  18.1; 1014.91;   25.5;   57.17;   32.2;   19.4;-999;eor
        102;20190626;    1;  13.9;   9.5;    1;  -999;-999;    4.950;-999;  -999;  17.1; 1019.44;   16.9;   88.38;   27.4;   13.2;-999;eor
        102;20190627;    1;  15.7;  10.1;    1;  -999;-999;    0.650;-999;  -999;  13.1; 1023.69;   13.9;   82.38;   14.8;   12.7;-999;eor
        102;20190628;    1;  10.2;   4.8;    1;  -999;-999;    5.667;-999;  -999;  13.4; 1022.40;   14.2;   82.54;   15.1;   13.6;-999;eor
        102;20190629;    1;   8.0;   3.5;    1;  -999;-999;   15.500;-999;  -999;  16.1; 1016.00;   19.2;   73.50;   24.8;   15.0;-999;eor
        102;20190630;    1;  17.4;   9.3;    1;  -999;-999;   14.500;-999;  -999;  17.0; 1008.28;   19.5;   76.96;   25.8;   16.6;-999;eor
        102;20190701;    1;  17.8;  11.6;    1;  -999;-999;    7.100;-999;  -999;  15.9; 1010.52;   16.6;   83.79;   17.8;   15.2;-999;eor
        102;20190702;    1;  21.4;  11.8;    1;  -999;-999;   10.067;-999;  -999;  11.3; 1017.08;   14.2;   69.63;   15.3;   12.3;-999;eor
        102;20190703;    1;  15.3;   9.6;    1;  -999;-999;    7.217;-999;  -999;  11.4; 1020.20;   14.1;   70.38;   14.8;   12.8;-999;eor
        102;20190704;    1;  19.8;  11.8;    1;  -999;-999;    7.283;-999;  -999;  13.1; 1017.55;   15.4;   74.29;   17.3;   13.7;-999;eor
        102;20190705;    1;  15.1;  10.2;    1;  -999;-999;    3.050;-999;  -999;  14.4; 1011.09;   15.4;   81.67;   16.1;   14.7;-999;eor
        102;20190706;    1;  17.4;  11.0;    1;  -999;-999;    3.567;-999;  -999;  14.1; 1005.09;   15.1;   82.00;   16.4;   14.1;-999;eor
        102;20190707;    1;  18.1;  11.3;    1;  -999;-999;    1.333;-999;  -999;  10.5; 1008.74;   13.5;   67.63;   14.7;   11.6;-999;eor
        102;20190708;    1;  16.6;   9.7;    1;  -999;-999;    3.300;-999;  -999;  11.5; 1012.38;   13.4;   75.00;   14.1;   12.3;-999;eor
        102;20190709;    1;  15.8;  10.2;    1;  -999;-999;    0.717;-999;  -999;  11.4; 1015.13;   13.7;   72.67;   14.2;   12.8;-999;eor
