STATIONS_ID;MESS_DATUM;QN_3;  FX;  FM;QN_4; RSK;RSKF; SDK;SHK_TAG;  NM; VPM;  PM; TMK; UPM; TXK; TNK; TGK;eor
        691;20171229;   10;  12.3;   6.2;    3;   1.4;   8;    4.650;   0;   5.9;   6.0; 1000.81;    2.2;   84.46;    3.7;    0.4;   -0.1;eor
        691;20171230;   10;  21.8;   7.3;    3;   4.1;   6;    0.000;   0;   6.9;   8.3;  995.40;    6.1;   87.25;   10.5;    3.0;    2.4;eor
        691;20171231;   10;  13.2;   5.5;    3;  12.8;   6;    0.000;   0;   7.6;  10.9;  997.42;    9.7;   90.08;   12.6;    6.1;    4.7;eor
        691;20180101;   10;  19.0;   6.9;    3;   0.9;   6;    2.900;   0;   5.6;   8.0;  996.78;    6.5;   82.04;    9.2;    3.2;    0.8;eor
        691;20180102;   10;  11.1;   4.5;    3;   8.7;   6;    1.683;   0;   6.5;   7.8; 1004.42;    5.0;   89.21;    7.0;    2.2;   -0.1;eor
        691;20180103;   10;  24.0;  11.0;    3;  20.2;   6;    0.233;   0;   7.5;   8.5;  984.75;    6.6;   87.54;    9.3;    5.0;    4.6;eor
        691;20180104;   10;  20.1;   6.9;    3;   3.1;   6;    0.000;   0;   7.1;   8.8;  990.53;    6.6;   89.50;    8.4;    4.7;    4.7;eor
        691;20180105;   10;  19.0;   7.0;    3;   0.1;   6;    0.000;   0;   6.5;   7.6;  993.48;    5.9;   81.46;    7.5;    3.4;    2.5;eor
        691;20180106;   10;   9.3;   4.3;    3;   0.1;   6;    0.000;   0;   6.7;   7.3; 1008.16;    4.4;   86.54;    6.6;    2.8;    1.8;eor
        691;20180107;   10;  10.8;   4.9;    3;   0.0;   0;    6.250;   0;   2.3;   4.7; 1028.68;   -0.1;   76.79;    2.9;   -4.1;   -5.0;eor
        691;20180108;   10;  11.0;   5.6;    3;   0.0;   0;    7.200;   0;   1.5;   3.3; 1029.98;   -1.5;   61.33;    2.4;   -4.7;   -5.4;eor
        691;20180109;   10;  12.2;   4.9;    3;   1.3;   6;    2.333;   0;   5.0;   5.0; 1014.84;    1.1;   74.63;    3.3;   -1.4;   -2.4;eor
        691;20180110;   10;   5.1;   2.4;    3;   0.0;   6;    0.000;   0;   6.7;   7.3; 1010.23;    3.2;   94.54;    5.7;    0.3;   -0.3;eor
        691;20180111;   10;   6.3;   1.8;    3;   1.9;   6;    6.183;   0;   4.6;   6.8; 1017.01;    2.4;   93.58;    6.8;   -3.0;   -3.4;eor
        691;20180112;   10;   7.2;   3.0;    3;   0.0;   6;    0.000;   0;   8.0;   7.2; 1026.36;    2.6;   97.29;    3.2;    2.2;    2.0;eor
        691;20180113;   10;  11.3;   5.2;    3;   0.0;   0;    0.000;   0;   7.9;   6.4; 1027.98;    2.1;   90.29;    2.8;    0.2;   -0.1;eor
        691;20180114;   10;  12.0;   5.6;    3;   0.0;   0;    5.067;   0;   4.2;   4.7; 1024.12;    0.4;   75.17;    1.9;   -1.0;   -2.0;eor
        691;20180115;   10;  15.6;   6.5;    3;   3.5;   6;    0.000;   0;   6.0;   6.1; 1004.76;    2.4;   82.25;    6.0;   -1.2;   -2.4;eor
        691;20180116;   10;  14.1;   5.8;    3;   7.3;   8;    0.283;   0;   6.1;   7.1;  988.36;    3.4;   90.79;    6.4;    1.3;    0.1;eor
        691;20180117;   10;  16.5;   6.8;    3;   3.7;   8;    0.667;   0;   5.3;   6.3;  994.34;    1.9;   90.25;    3.8;    0.5;   -0.2;eor
        691;20180118;   10;  25.9;   7.1;    3;  14.9;   8;    0.000;   0;   7.0;   6.8;  991.96;    2.7;   91.08;    5.8;    0.7;   -0.5;eor
        691;20180119;   10;  10.5;   3.6;    3;   0.7;   8;    0.050;   0;   5.9;   6.4; 1004.09;    1.5;   93.54;    4.1;   -1.5;   -3.7;eor
        691;20180120;   10;   7.7;   3.2;    3;   0.4;   8;    0.150;   0;   6.8;   6.2; 1003.30;    1.7;   90.13;    3.7;   -2.0;   -2.4;eor
        691;20180121;   10;   6.2;   1.8;    3;   0.1;   8;    0.000;   0;   7.3;   6.1; 1011.52;    0.8;   94.63;    2.1;   -1.5;   -1.9;eor
        691;20180122;   10;   8.9;   3.6;    3;   0.1;   8;    0.000;   0;   7.7;   7.0; 1008.00;    2.6;   94.79;    6.2;    0.8;    0.2;eor
        691;20180123;   10;  11.8;   4.8;    3;   2.3;   6;    0.317;   0;   7.7;   8.9; 1017.06;    6.8;   90.00;    9.0;    5.6;    4.8;eor
        691;20180124;   10;  17.3;   7.5;    3;   2.1;   6;    0.100;   0;   7.3;  11.4; 1010.43;   11.6;   84.25;   13.9;    7.8;    7.2;eor
        691;20180125;   10;   8.9;   4.0;    3;   0.9;   6;    0.000;   0;   7.1;   9.3; 1010.48;    7.5;   89.58;    8.9;    5.5;    3.1;eor
        691;20180126;   10;   5.7;   2.1;    3;   0.0;   0;    0.000;   0;   7.4;   8.7; 1017.80;    5.5;   95.50;    6.7;    3.0;    1.1;eor
        691;20180127;   10;  18.0;   4.1;    3;   1.2;   6;    0.650;   0;   6.9;   7.8; 1026.49;    5.3;   87.29;    7.1;    3.0;    1.1;eor
        691;20180128;   10;  16.3;   8.5;    3;   1.7;   6;    0.917;   0;   7.5;  10.1; 1022.96;    8.5;   90.25;   10.4;    5.4;    4.8;eor
        691;20180129;   10;  18.2;   9.4;    3;   9.3;   6;    0.000;   0;   6.9;  10.0; 1019.46;    8.8;   87.75;   10.7;    4.8;    3.5;eor
        691;20180130;   10;  14.9;   5.3;    3;   0.6;   6;    3.550;   0;   6.0;   7.2; 1024.36;    4.3;   86.29;    6.7;    1.9;    0.1;eor
        691;20180131;   10;  15.3;   6.0;    3;   2.3;   8;    0.000;   0;   7.1;   8.0; 1002.85;    5.4;   88.13;    9.7;    1.0;   -0.3;eor
        691;20180201;   10;  13.5;   6.0;    3;   0.0;   8;    2.200;   0;   4.0;   6.3;  996.68;    2.4;   86.83;    4.1;    0.6;   -0.8;eor
        691;20180202;   10;  10.5;   4.5;    3;   1.7;   8;    0.133;   0;   7.4;   6.9;  999.98;    3.2;   89.83;    5.2;    1.6;    1.3;eor
        691;20180203;   10;   8.2;   3.7;    3;   0.7;   7;    0.417;   0;   7.2;   5.3; 1006.18;    0.6;   82.92;    2.4;   -0.7;   -2.1;eor
        691;20180204;   10;  10.3;   3.7;    3;   0.2;   7;    0.567;   3;   7.4;   5.5; 1019.59;    0.2;   87.54;    1.6;   -1.6;   -2.6;eor
        691;20180205;   10;   9.3;   3.9;    3;   0.0;   0;    0.000;   0;   6.9;   5.2; 1028.21;    0.7;   80.58;    1.9;   -1.6;   -2.6;eor
        691;20180206;   10;   6.7;   3.0;    3;   0.0;   0;    6.800;   0;   3.3;   3.8; 1018.19;   -2.3;   74.42;   -0.2;   -5.2;   -7.0;eor
        691;20180207;   10;   5.7;   2.3;    3;   0.0;   0;    8.717;   0;   0.1;   3.5; 1017.60;   -3.4;   74.79;    0.5;   -6.8;   -8.7;eor
        691;20180208;   10;   5.1;   1.7;    3;   0.0;   0;    8.417;   0;   1.6;   3.7; 1020.02;   -3.9;   82.42;    0.7;   -8.5;   -9.7;eor
        691;20180209;   10;   6.2;   3.0;    3;   0.0;   0;    8.150;   0;   2.0;   4.3; 1014.65;   -1.9;   80.88;    2.3;   -5.2;   -6.5;eor
        691;20180210;   10;   7.5;   2.2;    3;   0.2;   7;    0.983;   0;   5.4;   5.2; 1013.27;   -1.3;   91.63;    1.7;   -6.0;   -7.5;eor
        691;20180211;   10;  16.3;   6.7;    3;   2.7;   8;    1.367;   0;   5.7;   6.1;  999.20;    2.6;   83.71;    6.6;    0.3;   -0.5;eor
        691;20180212;   10;  15.3;   6.1;    3;   0.7;   7;    6.567;   0;   3.6;   5.7; 1008.32;    1.3;   85.25;    4.7;   -0.7;   -2.3;eor
        691;20180213;   10;   8.1;   3.6;    3;   0.0;   0;    8.933;   0;   0.7;   5.1; 1013.12;    1.0;   77.67;    5.1;   -2.7;   -4.9;eor
        691;20180214;   10;  11.3;   4.5;    3;   0.0;   0;    9.183;   0;   1.6;   4.2; 1017.11;    0.6;   66.88;    4.8;   -3.1;   -4.5;eor
        691;20180215;   10;  14.1;   5.3;    3;   1.6;   8;    0.000;   0;   7.1;   5.6; 1012.72;    1.2;   82.92;    4.1;    0.2;   -2.8;eor
        691;20180216;   10;  12.2;   3.9;    3;   0.0;   6;    5.483;   0;   2.4;   6.1; 1021.81;    2.0;   86.88;    6.8;   -1.5;   -4.6;eor
        691;20180217;   10;   4.1;   1.2;    3;   0.0;   0;    3.733;   0;   5.2;   5.8; 1025.01;    0.7;   90.08;    5.6;   -4.3;   -5.6;eor
        691;20180218;   10;   6.2;   2.2;    3;   0.0;   0;    7.533;   0;   4.3;   5.0; 1026.00;    0.2;   81.42;    5.5;   -5.0;   -6.7;eor
        691;20180219;   10;   5.1;   1.5;    3;   0.0;   0;    6.333;   0;   6.0;   5.3; 1019.99;    1.4;   79.25;    6.1;   -2.1;   -4.0;eor
        691;20180220;   10;  10.6;   2.7;    3;   0.0;   0;    7.250;   0;   2.5;   4.8; 1020.54;    0.1;   79.00;    5.0;   -4.6;   -6.5;eor
        691;20180221;   10;   6.7;   2.7;    3;   0.0;   0;    5.450;   0;   3.5;   4.4; 1026.20;   -0.2;   74.79;    4.0;   -4.1;   -6.5;eor
        691;20180222;   10;   7.0;   2.9;    3;   0.0;   7;    2.100;   0;   4.7;   4.9; 1026.29;   -0.3;   82.29;    3.7;   -3.8;   -6.8;eor
        691;20180223;   10;   9.8;   4.6;    3;   0.0;   0;    9.383;   0;   6.0;   4.1; 1025.95;   -0.7;   70.17;    2.0;   -4.1;   -5.4;eor
        691;20180224;   10;  13.2;   5.4;    3;   0.0;   0;    5.017;   0;   2.4;   3.4; 1030.15;   -1.5;   63.21;    2.7;   -5.5;   -6.7;eor
        691;20180225;   10;   8.2;   4.2;    3;   0.5;   7;    5.567;   0;   4.0;   3.3; 1032.82;   -4.2;   72.75;   -0.4;   -7.8;   -9.3;eor
        691;20180226;   10;  11.3;   5.1;    3;   0.0;   7;    5.533;   2;   3.8;   3.4; 1030.63;   -4.1;   75.67;   -0.9;   -7.1;   -9.4;eor
        691;20180227;   10;  11.7;   4.7;    3;   0.1;   7;    5.633;   1;   5.5;   3.3; 1024.04;   -4.4;   75.75;   -1.0;   -7.2;  -10.2;eor
        691;20180228;   10;  12.9;   6.8;    3;   0.0;   0;    6.233;   0;   2.8;   1.9; 1025.95;   -8.6;   60.46;   -6.1;  -11.4;  -12.2;eor
        691;20180301;   10;  15.8;   8.1;    3;   0.0;   0;    9.800;   0;   2.2;   2.1; 1016.95;   -6.6;   56.75;   -2.3;   -9.7;  -10.7;eor
        691;20180302;   10;  12.5;   7.1;    3;   0.0;   0;   10.000;   0;   2.1;   2.1; 1006.06;   -6.6;   58.42;   -1.7;  -10.5;  -11.2;eor
        691;20180303;   10;  12.3;   6.2;    3;   0.0;   0;    9.983;   0;   0.2;   2.2; 1003.00;   -5.3;   55.79;   -0.3;   -9.8;  -10.7;eor
        691;20180304;   10;  11.1;   5.0;    3;   1.6;   6;    1.383;   0;   6.2;   3.7;  999.01;   -0.4;   60.96;    3.6;   -5.1;   -6.2;eor
        691;20180305;   10;  10.8;   4.2;    3;   0.0;   0;    6.383;   0;   4.6;   7.3;  994.35;    5.6;   80.25;   10.9;    0.5;   -2.3;eor
        691;20180306;   10;   8.6;   3.0;    3;   0.0;   0;    8.767;   0;   5.0;   5.9;  992.41;    3.5;   76.33;    9.7;   -1.2;   -3.5;eor
        691;20180307;   10;   4.1;   1.5;    3;   0.8;   6;    1.317;   0;   7.1;   6.2;  994.24;    2.5;   84.92;    6.8;   -2.2;   -3.5;eor
        691;20180308;   10;  15.4;   4.9;    3;   5.3;   6;    3.067;   0;   7.0;   7.4;  997.60;    4.7;   87.42;   10.0;    0.9;   -0.6;eor
        691;20180309;   10;  17.3;   5.5;    3;   0.2;   6;    1.033;   0;   7.2;   7.1; 1003.96;    5.2;   80.63;    9.2;    2.5;   -0.3;eor
        691;20180310;   10;   7.2;   3.2;    3;   1.4;   6;    0.750;   0;   7.5;   9.7; 1000.78;    8.0;   88.29;   14.6;    3.4;    2.5;eor
        691;20180311;   10;  10.3;   3.2;    3;   0.3;   6;    3.083;   0;   7.0;  11.5;  995.65;   11.0;   87.63;   14.4;    4.0;    1.0;eor
        691;20180312;   10;   6.5;   1.5;    3;   1.4;   6;    0.050;   0;   6.9;  10.1;  991.77;    8.4;   91.58;   13.4;    1.7;    0.8;eor
        691;20180313;   10;  11.5;   4.8;    3;   0.8;   6;    0.000;   0;   7.3;   8.6;  999.52;    6.2;   88.92;    8.8;    3.9;    3.3;eor
        691;20180314;   10;   7.4;   3.4;    3;   0.0;   6;    0.000;   0;   6.8;   6.2; 1010.83;    4.1;   75.29;    5.8;    1.1;   -1.3;eor
        691;20180315;   10;  16.3;   7.5;    3;   0.0;   0;    5.233;   0;   4.6;   6.2; 1004.46;    4.2;   75.17;    8.0;    1.3;   -0.6;eor
        691;20180316;   10;  15.6;   8.5;    3;   0.0;   8;    0.000;   0;   7.6;   4.7; 1007.73;    1.0;   70.92;    3.6;   -2.0;   -2.1;eor
        691;20180317;   10;  19.7;  11.1;    3;   0.0;   0;    9.233;   0;   5.1;   2.4; 1013.58;   -2.1;   45.33;    0.7;   -4.0;   -4.6;eor
        691;20180318;   10;  17.7;   9.2;    3;   0.0;   0;   11.550;   0;   1.4;   2.2; 1015.96;   -1.7;   41.58;    2.4;   -5.2;   -5.9;eor
        691;20180319;   10;   9.1;   4.6;    3;   0.6;   7;   11.733;   0;   1.3;   2.7; 1016.50;   -0.9;   49.25;    4.4;   -5.5;   -8.1;eor
        691;20180320;   10;  14.6;   5.6;    3;   0.0;   0;   10.017;   0;   3.0;   4.8; 1019.04;    2.7;   67.75;    7.4;   -3.2;   -6.0;eor
        691;20180321;   10;   8.6;   3.4;    3;   0.4;   6;    0.633;   0;   5.3;   5.6; 1025.59;    0.9;   86.00;    6.4;   -6.0;   -7.5;eor
        691;20180322;   10;  12.3;   6.0;    3;   1.2;   6;    0.067;   0;   7.5;   7.5; 1012.05;    4.2;   90.38;    7.3;    1.7;    1.1;eor
        691;20180323;   10;   6.5;   2.3;    3;   0.2;   6;    0.000;   0;   7.7;   8.3; 1005.89;    5.0;   95.04;    6.8;    2.8;    1.3;eor
        691;20180324;   10;   6.3;   2.3;    3;   0.0;   0;    0.933;   0;   7.1;   7.5; 1003.64;    7.3;   74.04;   10.0;    3.8;    1.7;eor
        691;20180325;   10;   6.7;   2.7;    3;   0.0;   0;    0.233;   0;   7.2;   6.8; 1007.96;    7.5;   66.04;   11.0;    4.8;    3.6;eor
        691;20180326;   10;   7.0;   3.0;    3;   0.0;   6;    0.150;   0;   6.2;   6.9; 1014.48;    3.5;   88.71;    7.1;   -2.7;   -3.9;eor
        691;20180327;   10;  10.5;   3.3;    3;   0.1;   6;    3.350;   0;   6.3;   5.9; 1011.87;    4.6;   73.04;   10.3;   -3.2;   -4.6;eor
        691;20180328;   10;  10.1;   4.8;    3;  10.8;   8;    0.000;   0;   8.0;   7.5; 1001.07;    4.0;   92.00;    5.8;    0.8;    0.9;eor
        691;20180329;   10;  13.5;   4.9;    3;   2.2;   6;    2.717;   0;   6.3;   7.1; 1002.96;    3.9;   88.29;    8.8;   -0.3;   -2.8;eor
        691;20180330;   10;  11.3;   5.0;    3;   3.3;   6;    5.467;   0;   5.8;   6.8; 1004.21;    5.1;   78.83;   12.1;   -1.4;   -2.9;eor
        691;20180331;   10;  10.3;   4.1;    3;   0.3;   6;    0.000;   0;   7.2;   6.9; 1000.96;    3.7;   86.04;    6.3;    0.7;   -1.7;eor
        691;20180401;   10;  11.7;   4.4;    3;   0.0;   0;    4.933;   0;   4.7;   5.6; 1007.34;    2.6;   76.83;    6.9;   -3.0;   -4.1;eor
        691;20180402;   10;   9.3;   3.2;    3;   1.6;   6;    4.650;   0;   5.7;   6.5; 1007.38;    4.6;   77.04;    8.6;   -2.6;   -4.4;eor
        691;20180403;   10;  11.8;   4.9;    3;   0.0;   6;    3.350;   0;   7.1;  10.8;  999.37;   12.7;   74.63;   17.6;    7.5;    6.6;eor
        691;20180404;   10;  15.8;   4.7;    3;   3.1;   6;    4.983;   0;   6.7;  10.6; 1000.19;   11.9;   75.75;   15.9;    6.8;    4.6;eor
        691;20180405;   10;  20.2;   7.0;    3;   0.4;   6;    1.383;   0;   5.7;   8.5; 1007.90;    7.1;   82.46;   10.6;    1.1;   -2.1;eor
        691;20180406;   10;  11.7;   3.8;    3;   0.0;   0;   12.233;   0;   2.4;   6.0; 1020.95;    6.8;   64.38;   13.4;   -1.2;   -4.0;eor
        691;20180407;   10;  10.6;   5.1;    3;   0.0;   0;   12.150;   0;   4.5;   7.2; 1012.09;   12.3;   50.33;   20.0;    4.7;    2.7;eor
        691;20180408;   10;   6.5;   2.5;    3;   0.0;   0;   10.117;   0;   4.1;   9.5; 1007.16;   16.8;   51.58;   24.8;    7.3;    3.6;eor
        691;20180409;   10;   8.2;   3.4;    3;   0.0;   6;    6.950;   0;   5.5;  11.8; 1005.08;   15.6;   67.38;   21.0;    7.2;    4.1;eor
        691;20180410;   10;  13.7;   5.8;    3;   0.0;   0;    9.383;   0;   5.2;  11.2; 1004.47;   14.9;   67.17;   23.1;    7.2;    6.2;eor
        691;20180411;   10;  12.5;   6.5;    3;   2.6;   6;    6.750;   0;   4.0;   9.6; 1009.24;    9.7;   79.83;   16.1;    6.4;    5.4;eor
        691;20180412;   10;  13.0;   6.0;    3;   3.7;   6;    3.400;   0;   6.3;  11.0; 1004.54;   12.0;   78.58;   18.6;    6.2;    5.3;eor
        691;20180413;   10;  14.2;   4.2;    3;  36.6;   6;    0.000;   0;   7.4;  13.1; 1005.80;   11.8;   94.63;   14.0;    9.9;    8.6;eor
        691;20180414;   10;  12.5;   4.4;    3;   7.9;   6;    0.000;   0;   7.3;  10.9; 1015.75;    9.8;   90.17;   11.8;    6.5;    3.7;eor
        691;20180415;   10;   6.0;   2.4;    3;   5.3;   6;    3.667;   0;   5.9;  11.5; 1013.48;   10.3;   91.29;   16.1;    5.3;    3.4;eor
        691;20180416;   10;   9.3;   2.5;    3;   1.2;   6;    4.917;   0;   5.6;  12.2; 1014.20;   12.5;   84.96;   18.4;    6.4;    4.0;eor
        691;20180417;   10;   7.4;   2.1;    3;   0.0;   0;    9.683;   0;   3.0;  10.5; 1024.60;   13.0;   72.71;   19.4;    4.6;    2.4;eor
        691;20180418;   10;   6.2;   1.3;    3;   0.0;   0;   12.850;   0;   2.6;  11.2; 1030.26;   16.3;   63.42;   23.3;    6.8;    4.4;eor
        691;20180419;   10;   7.5;   3.3;    3;   0.0;   0;   13.250;   0;   3.2;  12.5; 1028.16;   19.0;   59.46;   26.0;    9.7;    7.1;eor
        691;20180420;   10;  10.6;   3.8;    3;   0.0;   0;   12.350;   0;   3.0;  13.0; 1021.37;   19.4;   59.54;   27.3;   10.4;    7.8;eor
        691;20180421;   10;  10.1;   3.3;    3;   0.0;   0;   12.517;   0;   2.5;   9.6; 1021.02;   13.4;   64.83;   19.4;    7.3;    4.8;eor
        691;20180422;   10;  17.0;   3.1;    3;   0.7;   6;   11.133;   0;   4.4;  12.3; 1012.75;   15.5;   70.29;   24.1;    6.2;    2.8;eor
        691;20180423;   10;  13.4;   5.7;    3;   0.0;   6;    7.683;   0;   4.8;  11.7; 1011.78;   14.3;   72.29;   18.6;    7.2;    4.5;eor
        691;20180424;   10;  11.8;   5.2;    3;   1.2;   6;    0.050;   0;   6.8;  10.9; 1012.27;   10.8;   83.71;   13.9;    7.2;    5.3;eor
        691;20180425;   10;  21.9;   6.3;    3;   5.5;   6;    1.083;   0;   6.8;  10.7; 1007.04;   10.6;   83.29;   14.1;    5.3;    3.6;eor
        691;20180426;   10;  18.9;   5.2;    3;   3.4;   6;    4.567;   0;   4.9;   9.1; 1012.06;    8.7;   81.71;   13.0;    4.7;    2.5;eor
        691;20180427;   10;   9.4;   3.3;    3;   0.2;   6;    9.133;   0;   5.5;   8.1; 1011.80;   10.3;   66.58;   15.4;    4.2;    2.2;eor
        691;20180428;   10;   9.9;   3.5;    3;   0.0;   0;    2.450;   0;   6.7;  10.6; 1009.16;   12.7;   72.54;   17.5;    6.4;    4.0;eor
        691;20180429;   10;   7.5;   3.1;    3;   0.5;   6;    7.217;   0;   6.3;  12.1; 1007.73;   15.4;   70.88;   21.5;    9.6;    8.3;eor
        691;20180430;   10;  16.5;   5.8;    3;   1.4;   6;    3.033;   0;   5.6;  11.6;  997.99;   13.7;   74.00;   16.9;    8.5;    7.1;eor
        691;20180501;   10;  22.3;   8.5;    3;   1.7;   6;    2.250;   0;   6.5;   7.9; 1005.77;    7.3;   77.25;   11.0;    2.3;   -1.1;eor
        691;20180502;   10;  11.0;   4.1;    3;   0.0;   0;   13.783;   0;   3.8;   7.9; 1011.83;   10.8;   62.08;   17.1;    1.8;   -1.3;eor
        691;20180503;   10;   9.8;   3.4;    3;   0.0;   0;    8.317;   0;   4.5;   8.5; 1016.49;   10.7;   67.13;   15.8;    2.5;    0.8;eor
        691;20180504;   10;   9.6;   2.4;    3;   0.0;   0;   14.033;   0;   2.2;   7.9; 1024.09;   10.7;   65.17;   17.5;    0.9;   -0.9;eor
        691;20180505;   10;   8.2;   2.9;    3;   0.0;   0;   14.350;   0;   1.0;   8.0; 1026.68;   13.4;   55.25;   20.7;    4.9;    1.5;eor
        691;20180506;   10;   8.4;   3.1;    3;   0.0;   0;   14.817;   0;   0.3;  10.5; 1024.99;   16.6;   56.92;   24.0;    7.0;    3.3;eor
        691;20180507;   10;  10.6;   3.6;    3;   0.0;   0;   14.817;   0;   0.0;  10.5; 1020.49;   18.2;   52.92;   24.7;    9.4;    6.6;eor
        691;20180508;   10;  12.3;   4.5;    3;   0.0;   0;   14.800;   0;   0.3;  10.9; 1012.89;   19.2;   51.50;   25.2;    9.8;    7.1;eor
        691;20180509;   10;  10.1;   3.3;    3;   0.0;   0;   12.933;   0;   1.1;  12.7; 1007.60;   20.6;   53.54;   27.2;   12.4;   10.1;eor
        691;20180510;   10;  14.6;   4.6;    3;   0.0;   6;    6.350;   0;   4.2;  13.4; 1009.31;   15.4;   76.17;   21.1;    8.5;    7.4;eor
        691;20180511;   10;   6.5;   2.3;    3;   0.0;   0;    2.633;   0;   5.4;  11.2; 1019.30;   13.8;   71.88;   18.2;    9.1;    7.9;eor
        691;20180512;   10;   9.6;   4.0;    3;   0.0;   0;    8.533;   0;   6.6;  12.9; 1015.63;   17.6;   65.46;   22.5;   12.4;   11.7;eor
        691;20180513;   10;  14.6;   4.0;    3;   0.1;   6;   10.500;   0;   5.8;  16.0; 1010.88;   19.5;   72.21;   27.4;   13.4;   11.2;eor
        691;20180514;   10;  12.7;   4.6;    3;   0.0;   0;   13.333;   0;   1.0;  12.1; 1012.98;   20.5;   53.04;   27.8;   11.7;    8.4;eor
        691;20180515;   10;  11.3;   3.3;    3;   0.1;   6;   10.983;   0;   4.2;  10.8; 1015.49;   19.3;   50.92;   24.2;   12.3;   10.1;eor
        691;20180516;   10;  14.4;   5.2;    3;   0.4;   6;    7.633;   0;   5.5;  13.1; 1015.04;   16.7;   69.25;   25.9;   11.0;    7.6;eor
        691;20180517;   10;  14.7;   7.0;    3;   0.0;   0;    0.267;   0;   6.3;  10.0; 1018.61;   11.1;   75.67;   13.5;    8.5;    7.6;eor
        691;20180518;   10;   9.8;   4.5;    3;   0.0;   0;    4.567;   0;   6.2;   9.4; 1020.42;   10.7;   74.08;   15.9;    4.4;    2.4;eor
        691;20180519;   10;   5.1;   1.5;    3;   0.0;   0;    5.117;   0;   4.3;  10.3; 1022.23;   12.3;   73.33;   17.9;    3.9;    1.0;eor
        691;20180520;   10;   9.4;   3.7;    3;   0.0;   0;   15.067;   0;   0.4;   8.4; 1023.27;   16.9;   48.46;   23.3;    8.1;    5.4;eor
        691;20180521;   10;  12.3;   4.8;    3;   0.0;   0;   15.150;   0;   1.1;   9.2; 1018.50;   18.1;   46.25;   24.5;    8.6;    5.8;eor
        691;20180522;   10;   9.8;   3.9;    3;   0.0;   0;    8.333;   0;   5.5;  10.8; 1014.05;   19.3;   50.13;   25.9;   10.1;    7.2;eor
        691;20180523;   10;  11.3;   4.6;    3;   0.0;   0;   13.467;   0;   6.1;  10.6; 1020.66;   19.9;   47.67;   25.1;   12.6;   10.8;eor
        691;20180524;   10;  14.2;   5.1;    3;   0.0;   0;   14.400;   0;   4.0;  10.8; 1021.16;   20.2;   47.25;   26.1;   12.1;    9.9;eor
        691;20180525;   10;  13.0;   5.5;    3;   0.0;   0;   13.600;   0;   3.7;  11.8; 1019.68;   21.3;   48.38;   27.6;   14.8;   13.4;eor
        691;20180526;   10;   9.9;   3.7;    3;   0.0;   0;   14.700;   0;   1.4;  12.3; 1021.53;   20.7;   52.42;   28.1;   12.7;   10.6;eor
        691;20180527;   10;   9.3;   3.8;    3;   2.8;   6;   12.750;   0;   3.3;  14.2; 1019.69;   21.0;   59.54;   27.5;   13.9;   12.6;eor
        691;20180528;   10;   7.2;   2.7;    3;   0.0;   0;   13.350;   0;   4.2;  17.0; 1017.84;   23.5;   61.21;   30.7;   16.1;   14.0;eor
        691;20180529;   10;  12.2;   4.0;    3;   0.1;   6;   11.050;   0;   4.3;  17.8; 1013.18;   25.4;   58.50;   32.3;   18.8;   16.7;eor
        691;20180530;   10;   7.0;   2.0;    3;   0.1;   6;    7.850;   0;   5.5;  19.4; 1013.73;   22.5;   72.67;   27.3;   17.7;   14.7;eor
        691;20180531;   10;  10.3;   2.4;    3;   0.3;   6;   10.883;   0;   4.7;  17.8; 1013.80;   23.7;   64.17;   30.8;   14.9;   13.3;eor
        691;20180601;   10;  11.7;   2.5;    3;   0.0;   6;    7.400;   0;   6.4;  19.5; 1013.75;   22.1;   74.04;   29.1;   16.8;   15.7;eor
        691;20180602;   10;   8.7;   3.7;    3;   0.0;   6;    0.000;   0;   7.4;  18.4; 1016.13;   18.0;   88.88;   19.6;   16.5;   16.3;eor
        691;20180603;   10;   6.2;   2.5;    3;   0.0;   6;    3.750;   0;   5.4;  17.4; 1017.36;   19.6;   77.25;   24.2;   13.8;   11.4;eor
        691;20180604;   10;   7.5;   3.4;    3;   0.0;   0;    0.017;   0;   7.5;  16.1; 1013.83;   17.0;   83.25;   20.1;   13.4;   11.8;eor
        691;20180605;   10;   7.9;   3.3;    3;   0.0;   0;   10.000;   0;   3.8;  13.6; 1013.47;   17.9;   67.38;   24.2;   14.0;   12.3;eor
        691;20180606;   10;   8.7;   3.8;    3;   0.0;   0;   15.417;   0;   1.8;  11.5; 1014.64;   21.1;   48.92;   27.6;   13.1;   10.9;eor
        691;20180607;   10;   8.6;   3.5;    3;   0.0;   0;   15.200;   0;   3.5;  11.0; 1014.24;   23.1;   40.17;   30.4;   14.8;   12.5;eor
        691;20180608;   10;   8.4;   3.1;    3;   0.0;   6;    9.467;   0;   6.1;  13.5; 1012.94;   23.3;   49.17;   30.1;   13.7;   11.6;eor
        691;20180609;   10;   9.3;   3.7;    3;   0.3;   6;    8.633;   0;   6.4;  15.6; 1011.76;   24.6;   52.63;   31.2;   18.3;   18.1;eor
        691;20180610;   10;  12.3;   4.6;    3;   2.6;   6;    3.233;   0;   6.9;  17.0; 1011.20;   18.8;   78.33;   23.7;   15.4;   14.8;eor
        691;20180611;   10;  10.5;   4.2;    3;   0.0;   0;    9.367;   0;   6.4;  12.4; 1012.62;   16.9;   65.38;   21.7;   11.7;   10.5;eor
        691;20180612;   10;  12.0;   5.3;    3;   0.0;   6;    0.483;   0;   6.9;  11.5; 1011.77;   15.3;   66.75;   19.1;   12.0;   10.4;eor
        691;20180613;   10;  11.5;   4.9;    3;   0.0;   6;    2.033;   0;   5.9;  11.0; 1013.85;   14.2;   68.96;   18.3;    8.3;    5.5;eor
        691;20180614;   10;  12.3;   4.3;    3;   2.4;   6;    7.983;   0;   6.3;  12.7; 1013.88;   15.9;   72.79;   22.7;    8.1;    5.3;eor
        691;20180615;   10;   6.7;   2.1;    3;   0.0;   0;    6.000;   0;   5.9;  12.5; 1015.89;   18.1;   63.46;   23.6;   11.5;   10.4;eor
        691;20180616;   10;  11.8;   3.6;    3;   1.6;   6;    7.333;   0;   6.7;  13.5; 1013.58;   20.1;   59.25;   26.2;   14.7;   13.1;eor
        691;20180617;   10;  11.5;   4.1;    3;   0.1;   6;    2.967;   0;   6.5;  13.7; 1015.22;   17.2;   71.21;   22.2;   13.0;   11.1;eor
        691;20180618;   10;  12.3;   4.7;    3;   0.1;   6;    1.267;   0;   6.4;  15.1; 1018.18;   17.2;   76.92;   22.5;   13.5;   10.5;eor
        691;20180619;   10;   9.8;   4.1;    3;   0.4;   6;    1.017;   0;   5.8;  15.6; 1020.67;   18.3;   74.79;   22.5;   12.9;   10.1;eor
        691;20180620;   10;  11.3;   4.1;    3;   4.9;   6;   10.483;   0;   3.0;  16.4; 1018.60;   21.3;   66.25;   27.6;   14.4;   12.2;eor
        691;20180621;   10;  20.7;   6.8;    3;   9.1;   6;    5.833;   0;   5.4;  12.7; 1014.62;   13.9;   79.54;   16.7;    9.5;    8.7;eor
        691;20180622;   10;  16.8;   7.5;    3;   0.9;   6;    4.300;   0;   6.4;  11.0; 1019.70;   12.9;   75.29;   18.2;    9.4;    8.6;eor
        691;20180623;   10;  15.3;   7.1;    3;   0.1;   6;    0.667;   0;   6.8;  11.3; 1022.47;   13.5;   73.38;   16.3;    9.3;    7.7;eor
        691;20180624;   10;  11.8;   4.7;    3;   0.4;   6;    0.000;   0;   7.2;  13.1; 1020.49;   13.0;   86.58;   15.4;    8.9;    6.6;eor
        691;20180625;   10;  10.3;   5.2;    3;   0.2;   6;    2.100;   0;   7.2;  13.5; 1022.08;   15.1;   79.08;   20.0;   12.6;   12.4;eor
        691;20180626;   10;   6.9;   3.7;    3;   0.0;   6;    5.450;   0;   5.0;  14.0; 1024.62;   15.1;   82.58;   19.8;   12.2;   10.3;eor
        691;20180627;   10;  10.3;   3.3;    3;   0.0;   0;   12.000;   0;   2.5;  13.2; 1025.10;   18.9;   64.46;   26.7;    8.7;    7.0;eor
        691;20180628;   10;  11.0;   3.8;    3;   0.0;   0;   15.867;   0;   2.6;  13.9; 1022.95;   21.2;   58.25;   27.6;   13.0;   10.3;eor
        691;20180629;   10;  11.7;   4.0;    3;   0.0;   0;   16.017;   0;   0.9;  14.5; 1018.29;   19.6;   65.88;   25.7;   10.3;    8.1;eor
        691;20180630;   10;  10.3;   4.5;    3;   0.0;   0;   16.383;   0;   0.5;  10.4; 1018.62;   19.8;   47.83;   25.5;   12.9;   10.7;eor
        691;20180701;   10;  11.7;   5.1;    3;   0.0;   0;   16.367;   0;   0.2;   8.9; 1019.85;   19.4;   41.29;   24.8;   12.3;    8.4;eor
        691;20180702;   10;  11.1;   4.1;    3;   0.0;   0;   16.367;   0;   0.8;   9.4; 1018.45;   18.9;   45.33;   25.3;   10.3;    6.9;eor
        691;20180703;   10;   9.4;   3.3;    3;   0.0;   0;   15.550;   0;   2.3;  12.9; 1016.98;   18.3;   64.88;   25.7;    9.3;    7.1;eor
        691;20180704;   10;   7.7;   2.6;    3;   0.0;   0;   14.667;   0;   3.4;  13.4; 1013.95;   18.9;   65.54;   27.8;    8.4;    6.7;eor
        691;20180705;   10;  10.6;   4.3;    3;   0.0;   6;   13.883;   0;   4.8;  14.5; 1013.28;   18.3;   70.04;   22.9;   13.1;   11.6;eor
        691;20180706;   10;  11.8;   5.5;    3;   0.1;   6;    7.983;   0;   4.9;  13.1; 1018.23;   17.3;   68.88;   23.0;   10.5;    6.6;eor
        691;20180707;   10;  11.7;   5.2;    3;   0.0;   0;   10.167;   0;   6.1;  12.5; 1022.32;   16.2;   69.71;   22.2;    9.4;    7.1;eor
        691;20180708;   10;  12.9;   5.2;    3;   0.0;   0;   14.633;   0;   2.2;  12.5; 1022.80;   17.0;   66.83;   22.9;   11.2;    9.3;eor
        691;20180709;   10;  12.3;   5.3;    3;   1.8;   6;    2.117;   0;   5.6;  13.2; 1020.62;   15.6;   75.04;   21.9;   10.2;    8.1;eor
        691;20180710;   10;  13.2;   4.8;    3;   7.3;   6;    4.350;   0;   5.5;  13.2; 1014.62;   15.2;   77.33;   19.8;   12.0;   10.4;eor
        691;20180711;   10;  11.3;   3.4;    3;  11.0;   6;    0.200;   0;   6.7;  16.6; 1015.40;   16.2;   89.13;   19.8;    9.5;    8.1;eor
        691;20180712;   10;  10.1;   3.6;    3;   0.0;   0;   12.517;   0;   4.0;  16.0; 1016.40;   19.3;   74.46;   26.9;   11.9;   11.2;eor
        691;20180713;   10;  12.9;   4.7;    3;   0.0;   0;    8.833;   0;   5.5;  14.6; 1019.63;   17.5;   73.83;   23.3;   15.1;   13.8;eor
        691;20180714;   10;   9.3;   3.1;    3;   0.0;   0;    7.433;   0;   4.8;  13.0; 1019.90;   17.4;   67.08;   22.2;   11.1;    8.8;eor
        691;20180715;   10;   8.7;   2.5;    3;   0.0;   0;   14.383;   0;   1.1;  13.6; 1017.62;   18.2;   68.00;   25.4;    8.3;    6.6;eor
        691;20180716;   10;   9.1;   2.9;    3;   0.0;   0;   14.500;   0;   1.1;  14.6; 1013.92;   21.7;   59.63;   27.9;   12.3;    9.6;eor
        691;20180717;   10;  12.9;   2.6;    3;   0.0;   6;   10.350;   0;   3.3;  15.6; 1012.98;   22.2;   63.88;   31.5;   12.3;   10.4;eor
        691;20180718;   10;  13.9;   4.8;    3;   0.0;   0;   14.283;   0;   1.8;  13.7; 1017.43;   19.3;   64.13;   25.3;   12.2;    9.8;eor
        691;20180719;   10;   8.2;   2.8;    3;   0.0;   0;   11.150;   0;   3.2;  13.1; 1018.07;   18.9;   63.58;   26.2;    9.6;    7.8;eor
        691;20180720;   10;   8.7;   3.9;    3;   0.0;   0;   11.833;   0;   5.0;  12.4; 1013.92;   20.9;   52.21;   27.6;   14.4;   13.3;eor
        691;20180721;   10;   7.2;   3.2;    3;   0.0;   6;    2.383;   0;   6.0;  13.0; 1010.98;   21.6;   50.63;   27.9;   15.0;   13.0;eor
        691;20180722;   10;  14.2;   3.9;    3;   0.0;   0;   12.467;   0;   3.6;  15.4; 1012.71;   21.0;   64.33;   27.9;   14.1;   11.9;eor
        691;20180723;   10;  10.3;   2.1;    3;   0.0;   0;   14.267;   0;   1.4;  15.9; 1016.00;   21.9;   64.54;   29.6;   12.3;   10.6;eor
        691;20180724;   10;   9.6;   2.0;    3;   0.0;   0;   15.067;   0;   2.0;  17.1; 1014.13;   26.3;   54.42;   33.9;   16.6;   14.1;eor
        691;20180725;   10;  10.1;   2.7;    3;   0.0;   0;   11.083;   0;   2.5;  19.4; 1014.56;   26.4;   58.92;   33.8;   17.0;   15.1;eor
        691;20180726;   10;  10.1;   3.7;    3;   0.0;   0;   14.267;   0;   3.2;  17.7; 1015.61;   28.5;   49.17;   35.2;   20.2;   18.7;eor
        691;20180727;   10;   9.9;   4.1;    3;   0.0;   0;   14.717;   0;   1.6;  16.0; 1013.28;   27.9;   44.63;   33.7;   19.9;   17.3;eor
        691;20180728;   10;  18.5;   4.4;    3;   7.5;   6;    6.117;   0;   4.3;  19.4; 1008.11;   23.4;   69.33;   32.6;   14.1;   11.6;eor
        691;20180729;   10;  12.3;   3.4;    3;   0.0;   0;    8.817;   0;   5.5;  15.3; 1013.19;   21.7;   63.33;   30.3;   12.1;    9.6;eor
        691;20180730;   10;   9.1;   2.0;    3;   0.0;   6;    7.667;   0;   5.2;  17.0; 1014.04;   26.3;   52.38;   32.9;   19.0;   17.8;eor
        691;20180731;   10;  13.9;   3.8;    3;   0.0;   0;   12.600;   0;   3.9;  18.6; 1015.11;   25.8;   57.83;   34.1;   18.0;   16.3;eor
        691;20180801;   10;   8.2;   3.0;    3;   0.0;   0;   11.500;   0;   5.1;  15.0; 1020.89;   22.1;   59.17;   28.1;   14.6;   13.1;eor
        691;20180802;   10;   8.2;   2.5;    3;   0.0;   0;   11.400;   0;   3.8;  15.6; 1021.98;   25.0;   51.88;   31.7;   15.4;   13.7;eor
        691;20180803;   10;   9.4;   2.9;    3;   0.0;   0;   13.267;   0;   0.9;  17.3; 1020.53;   25.5;   55.29;   33.2;   17.0;   15.6;eor
        691;20180804;   10;  12.9;   3.9;    3;   0.0;   0;   10.850;   0;   3.9;  18.9; 1018.69;   23.3;   67.83;   30.0;   17.1;   15.1;eor
        691;20180805;   10;  11.7;   4.3;    3;   0.0;   0;    9.767;   0;   4.3;  14.9; 1021.18;   20.7;   62.92;   25.0;   13.8;   11.3;eor
        691;20180806;   10;   9.3;   2.2;    3;   0.0;   0;   14.233;   0;   2.3;  13.9; 1016.25;   22.2;   58.29;   31.7;   11.1;    9.4;eor
        691;20180807;   10;   9.6;   2.0;    3;   0.0;   0;   13.750;   0;   2.2;  13.0; 1008.80;   26.7;   41.54;   36.3;   16.8;   12.7;eor
        691;20180808;   10;  12.9;   3.9;    3;   0.0;   6;    4.383;   0;   6.1;  17.4; 1009.59;   23.2;   61.42;   29.7;   18.0;   15.6;eor
        691;20180809;   10;  25.0;   3.8;    3;   9.0;   6;    5.617;   0;   5.7;  18.7; 1011.17;   21.1;   75.67;   29.5;   15.3;   13.1;eor
        691;20180810;   10;  15.4;   6.4;    3;   1.4;   6;    8.667;   0;   4.6;  13.2; 1017.30;   18.3;   64.33;   24.2;   13.6;   11.2;eor
        691;20180811;   10;  16.5;   5.3;    3;   4.0;   6;    6.900;   0;   4.9;  12.9; 1018.90;   15.4;   74.50;   20.6;   10.4;    8.4;eor
        691;20180812;   10;   7.2;   2.1;    3;   0.0;   6;    4.167;   0;   6.5;  13.4; 1014.45;   18.0;   67.88;   25.2;    9.8;    8.1;eor
        691;20180813;   10;   9.6;   2.7;    3;   5.4;   6;    1.400;   0;   6.7;  15.6; 1005.68;   19.1;   71.54;   25.3;   16.3;   15.3;eor
        691;20180814;   10;  15.3;   5.5;    3;   0.6;   6;    2.100;   0;   6.4;  17.4; 1010.16;   18.4;   82.42;   23.3;   14.7;   13.0;eor
        691;20180815;   10;  10.6;   3.1;    3;   0.0;   6;    2.750;   0;   6.6;  16.6; 1016.95;   19.9;   72.83;   25.2;   14.3;   13.1;eor
        691;20180816;   10;  10.1;   3.9;    3;   0.0;   0;   11.417;   0;   4.8;  16.9; 1014.88;   21.7;   66.83;   27.8;   14.7;   12.0;eor
        691;20180817;   10;   8.2;   2.5;    3;   2.6;   6;    3.933;   0;   5.0;  15.6; 1016.98;   17.5;   79.08;   22.7;   11.8;    9.5;eor
        691;20180818;   10;  10.5;   3.3;    3;   0.0;   0;   12.600;   0;   4.1;  13.5; 1020.31;   17.8;   70.21;   25.2;    8.7;    7.3;eor
        691;20180819;   10;  11.7;   3.8;    3;   0.0;   6;    8.333;   0;   5.6;  15.8; 1018.40;   20.2;   68.79;   26.3;   14.3;   12.7;eor
        691;20180820;   10;  10.3;   4.3;    3;   0.3;   6;    0.267;   0;   6.8;  18.0; 1017.38;   19.7;   78.25;   22.2;   15.9;   14.3;eor
        691;20180821;   10;   5.8;   1.8;    3;   0.0;   0;   10.333;   0;   3.6;  15.1; 1020.33;   20.0;   66.33;   25.7;   14.5;   12.5;eor
        691;20180822;   10;   9.8;   3.4;    3;   0.0;   0;   11.583;   0;   3.7;  14.7; 1016.18;   23.2;   53.96;   30.6;   15.8;   14.7;eor
        691;20180823;   10;  10.3;   3.3;    3;   1.6;   6;    6.333;   0;   4.5;  17.8; 1010.81;   20.5;   76.13;   26.5;   15.3;   13.8;eor
        691;20180824;   10;  19.4;   5.1;    3;   5.1;   6;    4.300;   0;   6.3;  13.5; 1008.65;   15.9;   76.08;   21.0;    9.9;    7.5;eor
        691;20180825;   10;  14.7;   3.9;    3;   9.4;   6;    2.850;   0;   6.0;  11.6; 1008.36;   11.6;   85.13;   16.8;    8.5;    6.5;eor
        691;20180826;   10;   9.8;   3.7;    3;   0.1;   6;   10.567;   0;   4.9;  10.1; 1013.33;   14.4;   64.67;   19.9;    7.3;    5.1;eor
        691;20180827;   10;  13.4;   5.5;    3;   4.0;   6;    1.350;   0;   6.9;  14.1; 1009.19;   16.1;   76.63;   21.0;   12.9;   11.6;eor
        691;20180828;   10;   7.7;   2.8;    3;   0.0;   0;    3.800;   0;   5.0;  14.0; 1018.02;   17.2;   72.88;   21.4;   11.2;    8.7;eor
        691;20180829;   10;  10.8;   3.8;    3;   8.0;   6;    9.883;   0;   5.0;  13.8; 1012.95;   19.3;   64.67;   27.3;   11.0;    8.8;eor
        691;20180830;   10;  13.7;   5.7;    3;   0.1;   6;    2.800;   0;   6.0;  14.9; 1016.51;   15.9;   81.75;   19.8;    9.4;    6.8;eor
        691;20180831;   10;   9.6;   3.2;    3;   0.0;   6;    8.617;   0;   4.5;  11.2; 1021.70;   13.8;   73.83;   19.7;    8.1;    5.1;eor
        691;20180901;   10;   8.1;   3.0;    3;   0.0;   0;    6.400;   0;   2.3;  12.8; 1025.57;   14.6;   77.46;   21.4;    7.4;    5.1;eor
        691;20180902;   10;   8.1;   2.8;    3;   0.0;   0;   12.183;   0;   2.3;  13.5; 1025.35;   17.4;   70.42;   23.2;    7.4;    5.0;eor
        691;20180903;   10;   7.7;   3.7;    3;   0.0;   0;    8.967;   0;   5.3;  18.0; 1017.79;   21.2;   72.88;   27.8;   15.7;   14.2;eor
        691;20180904;   10;   6.9;   3.0;    3;   0.0;   0;    9.450;   0;   2.5;  16.9; 1016.72;   19.4;   76.38;   25.4;   14.5;   11.4;eor
        691;20180905;   10;   8.4;   3.4;    3;   0.0;   0;   12.350;   0;   2.5;  15.3; 1017.54;   18.1;   74.83;   23.2;   11.9;    9.5;eor
        691;20180906;   10;  10.8;   3.0;    3;   8.2;   6;    6.367;   0;   4.8;  16.3; 1011.41;   17.7;   82.29;   25.5;   13.3;   11.0;eor
        691;20180907;   10;  12.9;   4.1;    3;   0.5;   6;    4.767;   0;   4.9;  14.0; 1011.18;   15.1;   80.17;   19.0;    9.1;    6.3;eor
        691;20180908;   10;  11.8;   5.4;    3;   0.0;   6;    8.150;   0;   5.3;  11.4; 1017.07;   15.3;   66.46;   19.9;   10.7;    9.1;eor
        691;20180909;   10;   7.7;   3.0;    3;   0.0;   6;    7.950;   0;   5.6;  13.0; 1019.07;   17.2;   67.75;   23.0;   12.4;   11.0;eor
        691;20180910;   10;   9.8;   3.5;    3;   0.0;   0;    2.817;   0;   6.5;  13.8; 1019.31;   17.4;   69.67;   21.7;   14.4;   12.8;eor
        691;20180911;   10;  15.1;   6.3;    3;   0.7;   6;    6.067;   0;   7.3;  15.8; 1017.91;   19.3;   70.71;   24.5;   15.1;   13.8;eor
        691;20180912;   10;   8.1;   2.9;    3;   1.6;   6;    0.000;   0;   7.5;  15.0; 1019.70;   14.4;   91.50;   19.9;   11.2;   10.0;eor
        691;20180913;   10;   6.0;   1.5;    3;   0.0;   0;    7.533;   0;   3.5;  12.2; 1020.74;   13.8;   79.17;   20.5;    7.6;    5.8;eor
        691;20180914;   10;  10.3;   2.1;    3;   0.1;   6;   10.467;   0;   3.6;  10.8; 1019.16;   13.6;   72.88;   20.7;    4.9;    3.3;eor
        691;20180915;   10;  10.3;   4.0;    3;   0.0;   6;    2.933;   0;   4.9;  12.2; 1021.02;   14.0;   77.00;   20.4;    8.9;    6.3;eor
        691;20180916;   10;  12.2;   2.5;    3;   0.0;   0;    6.417;   0;   6.0;  11.7; 1021.10;   14.6;   73.67;   23.2;    7.2;    5.2;eor
        691;20180917;   10;   8.9;   2.4;    3;   0.0;   0;   10.200;   0;   5.5;  11.5; 1017.34;   16.2;   66.29;   25.1;    8.0;    5.1;eor
        691;20180918;   10;  15.1;   4.3;    3;   0.0;   0;   11.533;   0;   1.3;  12.9; 1011.74;   21.3;   54.38;   31.8;   12.5;    9.7;eor
        691;20180919;   10;  13.4;   4.4;    3;   0.0;   0;   10.350;   0;   4.1;  14.9; 1015.08;   19.7;   67.58;   27.5;   12.5;    9.2;eor
        691;20180920;   10;  15.4;   4.8;    3;   0.0;   0;    7.883;   0;   4.9;  14.5; 1013.37;   20.0;   63.42;   26.0;   15.8;   13.0;eor
        691;20180921;   10;  24.0;   7.7;    3;   5.4;   6;    2.417;   0;   6.0;  12.2; 1004.76;   16.1;   67.04;   23.4;    8.7;    7.3;eor
        691;20180922;   10;  15.8;   6.7;    3;   0.5;   6;    5.000;   0;   5.2;  11.1; 1014.98;   12.0;   80.13;   16.8;    9.3;    8.0;eor
        691;20180923;   10;   9.8;   2.6;    3;  11.6;   6;    0.000;   0;   7.2;  11.3; 1013.04;   10.2;   90.58;   12.4;    7.8;    6.4;eor
        691;20180924;   10;  18.0;   5.0;    3;   7.6;   8;    5.350;   0;   4.5;   9.1; 1027.77;    9.0;   79.46;   13.5;    4.7;    2.5;eor
        691;20180925;   10;   8.9;   2.5;    3;   0.5;   6;    6.383;   0;   4.8;   9.3; 1036.61;    9.2;   81.46;   15.3;    3.7;    2.1;eor
        691;20180926;   10;  14.2;   5.1;    3;   0.0;   0;    8.017;   0;   7.0;   9.7; 1030.46;   12.7;   67.21;   18.2;    5.4;    2.8;eor
        691;20180927;   10;  10.5;   3.9;    3;   0.1;   6;    9.550;   0;   3.3;  12.2; 1024.24;   15.7;   68.50;   22.2;    9.7;    7.4;eor
        691;20180928;   10;  12.9;   4.6;    3;   0.0;   6;    6.383;   0;   4.7;   9.6; 1024.86;   12.3;   67.38;   16.3;    4.0;    1.4;eor
        691;20180929;   10;   8.6;   2.1;    3;   0.0;   0;    7.817;   0;   2.8;   8.4; 1027.16;    8.7;   76.92;   15.8;    1.6;   -0.4;eor
        691;20180930;   10;   6.9;   2.1;    3;   0.0;   6;    6.167;   0;   4.5;   9.0; 1016.10;    9.4;   77.58;   15.8;    1.0;   -0.9;eor
        691;20181001;   10;  15.1;   4.3;    3;   4.0;   6;    5.317;   0;   5.0;   9.7; 1014.69;    8.9;   84.54;   14.2;    3.4;    1.5;eor
        691;20181002;   10;  13.9;   6.3;    3;   2.8;   6;    0.050;   0;   6.8;  10.3; 1013.00;    9.0;   88.58;   13.2;    2.9;    1.1;eor
        691;20181003;   10;  13.5;   6.2;    3;   0.1;   6;    4.967;   0;   5.0;   9.7; 1019.96;   10.7;   75.63;   15.6;    6.6;    3.9;eor
        691;20181004;   10;   7.5;   3.6;    3;   0.0;   6;    0.100;   0;   7.1;  12.7; 1023.64;   13.0;   84.29;   15.9;    7.4;    6.3;eor
        691;20181005;   10;   7.4;   2.6;    3;   0.0;   0;   10.767;   0;   1.3;  12.0; 1017.79;   13.8;   77.33;   20.7;    7.0;    4.4;eor
        691;20181006;   10;  12.3;   2.1;    3;   0.8;   6;   10.233;   0;   4.0;  12.7; 1008.41;   14.1;   79.96;   22.3;    4.3;    1.9;eor
        691;20181007;   10;  13.4;   3.8;    3;   0.0;   0;    8.000;   0;   5.8;   9.2; 1018.45;    9.7;   77.21;   14.4;    3.1;    0.6;eor
        691;20181008;   10;   6.2;   1.9;    3;   0.0;   0;    7.467;   0;   5.6;   8.8; 1021.01;    8.3;   81.58;   15.6;    1.8;   -0.6;eor
        691;20181009;   10;   6.7;   2.2;    3;   0.0;   0;    9.333;   0;   5.9;   9.9; 1020.80;   10.9;   78.04;   18.8;    4.3;    1.2;eor
        691;20181010;   10;   8.7;   2.7;    3;   0.0;   0;    8.350;   0;   3.2;  12.3; 1019.18;   13.4;   80.67;   22.6;    3.9;    1.1;eor
        691;20181011;   10;   8.9;   3.4;    3;   0.0;   0;    9.917;   0;   1.7;  13.3; 1013.49;   16.5;   71.54;   22.3;   12.2;    9.6;eor
        691;20181012;   10;  10.3;   3.2;    3;   0.0;   0;    9.967;   0;   3.4;  14.3; 1018.26;   17.9;   69.71;   24.3;   11.1;    8.0;eor
        691;20181013;   10;   9.3;   3.5;    3;   0.0;   0;    9.983;   0;   3.0;  14.3; 1018.40;   20.0;   62.58;   27.3;   13.9;   10.5;eor
        691;20181014;   10;   7.9;   3.7;    3;   0.0;   0;    9.967;   0;   1.8;  12.4; 1010.87;   18.0;   61.25;   25.8;   11.9;    9.9;eor
        691;20181015;   10;   5.7;   2.1;    3;   0.0;   6;    9.150;   0;   1.6;  12.7; 1012.24;   16.4;   70.58;   25.0;   10.4;    7.3;eor
        691;20181016;   10;   4.6;   1.2;    3;   0.0;   6;    2.717;   0;   6.2;  14.8; 1017.50;   16.5;   79.83;   23.0;   11.2;    9.1;eor
        691;20181017;   10;   8.6;   2.1;    3;   0.0;   0;    7.150;   0;   6.0;  14.1; 1018.54;   15.5;   82.04;   24.2;    9.9;    7.1;eor
        691;20181018;   10;   7.7;   3.2;    3;   0.1;   6;    0.000;   0;   5.6;  12.2; 1023.20;   11.7;   88.33;   14.7;    7.8;    6.1;eor
        691;20181019;   10;   4.3;   1.5;    3;   0.0;   0;    6.383;   0;   4.3;   8.7; 1025.93;    8.4;   80.46;   13.8;    2.2;   -0.5;eor
        691;20181020;   10;   8.4;   2.4;    3;   0.0;   0;    4.767;   0;   4.5;   9.2; 1028.65;    8.4;   83.92;   16.3;    0.0;   -2.3;eor
        691;20181021;   10;   7.0;   2.3;    3;   0.5;   6;    1.667;   0;   6.8;  11.4; 1027.22;   11.8;   83.21;   15.7;    7.5;    4.1;eor
        691;20181022;   10;  12.9;   4.4;    3;   0.0;   6;    4.950;   0;   4.5;   9.5; 1028.41;   10.6;   74.17;   15.0;    3.6;    0.5;eor
        691;20181023;   10;  17.5;   8.7;    3;   7.5;   6;    0.000;   0;   7.5;  11.4; 1017.24;   10.8;   86.79;   12.6;    5.5;    3.8;eor
        691;20181024;   10;  16.3;   6.8;    3;   2.9;   6;    1.667;   0;   7.2;  12.5; 1017.65;   11.9;   89.88;   12.7;   11.0;   10.2;eor
        691;20181025;   10;  17.8;   6.0;    3;   3.4;   6;    1.433;   0;   6.5;  11.6; 1014.16;   11.2;   86.38;   14.1;    6.3;    3.8;eor
        691;20181026;   10;  12.9;   5.3;    3;   2.2;   6;    0.000;   0;   6.8;  10.9; 1004.16;    9.4;   91.83;   11.5;    5.9;    4.8;eor
        691;20181027;   10;  10.8;   4.7;    3;   0.3;   6;    7.367;   0;   2.9;   7.7; 1006.71;    6.3;   81.42;   10.4;    2.4;    0.6;eor
        691;20181028;   10;  10.8;   5.0;    3;   0.0;   6;    4.333;   0;   3.9;   6.2; 1016.92;    3.5;   79.83;    7.3;    0.0;   -1.7;eor
        691;20181029;   10;  12.2;   5.5;    3;   3.6;   6;    0.000;   0;   7.6;   7.2; 1006.81;    4.8;   83.92;    6.3;    2.5;    1.2;eor
        691;20181030;   10;  17.1;   5.8;    3;   2.4;   6;    0.000;   0;   7.6;   8.5;  990.56;    6.3;   89.21;    9.5;    4.4;    4.1;eor
        691;20181031;   10;  18.7;   5.9;    3;   0.2;   6;    6.583;   0;   6.3;   8.7; 1011.72;    9.2;   75.38;   11.6;    7.7;    6.1;eor
        691;20181101;   10;   8.2;   3.0;    3;   1.0;   6;    2.733;   0;   7.3;   9.4; 1010.99;    9.0;   81.33;   10.9;    7.1;    5.8;eor
        691;20181102;   10;  11.3;   4.2;    3;   0.1;   6;    1.717;   0;   5.1;   9.9; 1019.03;    9.2;   84.71;   12.1;    2.8;   -1.7;eor
        691;20181103;   10;   5.1;   1.8;    3;   0.0;   0;    8.583;   0;   2.5;   7.2; 1027.74;    4.0;   89.08;   10.3;   -0.6;   -3.6;eor
        691;20181104;   10;   5.1;   2.1;    3;   0.0;   0;    0.000;   0;   5.3;   8.8; 1018.13;    5.6;   95.21;    9.9;   -1.0;   -2.8;eor
        691;20181105;   10;   8.2;   3.4;    3;   0.0;   0;    0.000;   0;   8.0;  11.7; 1010.05;   10.8;   89.92;   12.1;    9.6;    9.1;eor
        691;20181106;   10;   6.2;   2.3;    3;   0.0;   0;    2.367;   0;   7.4;  11.4; 1007.68;    9.9;   93.50;   14.0;    6.8;    5.3;eor
        691;20181107;   10;   6.7;   2.7;    3;   0.0;   6;    8.033;   0;   4.5;  10.7; 1008.93;   11.3;   81.00;   16.5;    6.0;    3.6;eor
        691;20181108;   10;   8.2;   2.3;    3;   3.2;   6;    6.517;   0;   3.3;   9.6; 1018.88;    8.7;   85.71;   14.1;    0.3;   -2.5;eor
        691;20181109;   10;  10.3;   3.6;    3;   3.7;   6;    1.983;   0;   6.0;  10.8; 1014.08;    9.2;   92.13;   13.7;    2.4;   -1.9;eor
        691;20181110;   10;  10.3;   4.9;    3;   0.6;   6;    0.000;   0;   7.0;  11.3; 1004.46;   11.0;   85.75;   13.7;    8.1;    6.9;eor
        691;20181111;   10;  12.9;   4.4;    3;   2.9;   6;    0.233;   0;   6.9;  11.9; 1006.27;   12.1;   84.75;   15.0;    8.8;    6.9;eor
        691;20181112;   10;   5.7;   2.3;    3;   1.1;   6;    0.000;   0;   7.6;  12.0; 1013.36;   10.1;   97.33;   11.7;    7.7;    4.9;eor
        691;20181113;   10;  12.3;   4.7;    3;   0.0;   6;    1.283;   0;   4.8;  10.5; 1020.37;    9.6;   87.88;   12.1;    7.1;    5.2;eor
        691;20181114;   10;   6.3;   2.9;    3;   0.0;   0;    3.800;   0;   5.9;   9.8; 1027.24;    8.4;   89.08;   12.5;    5.6;    3.7;eor
        691;20181115;   10;   5.7;   2.2;    3;   0.0;   0;    0.000;   0;   4.3;   7.7; 1026.83;    3.6;   97.17;    6.2;    0.5;   -2.1;eor
        691;20181116;   10;   9.1;   3.5;    3;   0.0;   0;    7.800;   0;   0.0;   7.3; 1030.46;    5.1;   83.79;    9.7;    0.9;   -2.1;eor
        691;20181117;   10;   8.6;   4.0;    3;   0.0;   0;    7.600;   0;   0.6;   6.0; 1035.10;    2.8;   80.83;    7.6;   -0.8;   -2.8;eor
        691;20181118;   10;   8.7;   3.6;    3;   0.1;   6;    4.383;   0;   4.6;   6.0; 1031.93;    2.6;   79.33;    6.2;   -2.6;   -4.5;eor
        691;20181119;   10;  13.4;   6.4;    3;   0.0;   6;    0.617;   0;   6.5;   7.1; 1023.40;    5.2;   80.58;    6.9;    3.8;    2.3;eor
        691;20181120;   10;  16.3;   7.9;    3;   0.7;   7;    0.000;   0;   7.0;   5.7; 1016.03;    3.2;   74.38;    4.6;    1.1;    0.3;eor
        691;20181121;   10;  10.5;   5.2;    3;   0.0;   8;    0.000;   0;   7.1;   5.5; 1019.88;    2.4;   76.42;    3.2;    1.5;    0.9;eor
        691;20181122;   10;   8.2;   4.3;    3;   0.0;   8;    0.000;   0;   7.8;   6.1; 1022.19;    1.8;   86.96;    2.5;    0.9;    0.5;eor
        691;20181123;   10;   7.7;   3.5;    3;   0.0;   0;    0.483;   0;   7.9;   6.7; 1019.27;    3.0;   88.08;    4.0;    2.2;    2.1;eor
        691;20181124;   10;   7.0;   3.4;    3;   0.2;   6;    0.000;   0;   8.0;   6.8; 1013.31;    2.2;   95.08;    3.5;    1.4;    1.4;eor
        691;20181125;   10;   7.7;   3.8;    3;   0.0;   6;    0.000;   0;   8.0;   7.3; 1012.19;    3.8;   90.46;    5.0;    2.4;    2.2;eor
        691;20181126;   10;   9.1;   4.0;    3;   0.0;   0;    0.200;   0;   7.2;   6.6; 1014.66;    4.1;   80.54;    5.3;    1.1;   -1.7;eor
        691;20181127;   10;   9.6;   3.4;    3;   0.0;   0;    3.933;   0;   5.8;   5.1; 1021.43;    0.2;   83.63;    3.2;   -2.4;   -4.5;eor
        691;20181128;   10;  12.5;   6.4;    3;   1.9;   6;    1.700;   0;   5.7;   4.9; 1021.22;    0.1;   79.67;    3.3;   -2.5;   -4.0;eor
        691;20181129;   10;  11.7;   5.4;    3;   2.3;   6;    0.000;   0;   7.6;   8.3; 1012.63;    6.3;   86.83;    8.3;    3.4;    2.5;eor
        691;20181130;   10;   8.6;   3.8;    3;   0.0;   6;    1.867;   0;   6.5;   9.0; 1009.48;    8.5;   80.58;   11.3;    4.2;    1.3;eor
        691;20181201;   10;  10.3;   4.0;    3;   1.1;   6;    0.583;   0;   6.1;   8.7; 1009.74;    7.2;   85.92;    9.9;    4.0;   -0.8;eor
        691;20181202;   10;  11.0;   5.1;    3;   8.3;   6;    0.000;   0;   7.5;  11.6;  997.74;   10.1;   92.58;   12.8;    7.9;    7.0;eor
        691;20181203;   10;  14.9;   5.2;    3;   1.5;   6;    0.450;   0;   7.0;  11.8;  996.85;   11.2;   88.46;   12.5;    7.3;    5.6;eor
        691;20181204;   10;  11.7;   4.3;    3;   0.2;   8;    5.717;   0;   1.9;   7.1; 1015.98;    4.5;   84.21;    8.7;    0.2;   -3.2;eor
        691;20181205;   10;   8.2;   2.9;    3;   1.2;   6;    4.567;   0;   4.8;   6.4; 1022.46;    2.1;   90.00;    4.7;   -2.6;   -5.1;eor
        691;20181206;   10;  11.3;   4.5;    3;   0.4;   6;    0.000;   0;   7.7;  10.8; 1012.30;    8.6;   94.83;   12.0;    4.4;    3.9;eor
        691;20181207;   10;  20.1;   7.2;    3;   4.8;   6;    0.000;   0;   7.7;  11.9; 1001.53;   10.6;   92.58;   11.8;    6.0;    4.7;eor
        691;20181208;   10;  17.7;   8.8;    3;   6.5;   6;    0.000;   0;   6.4;   8.8;  995.23;    7.4;   85.33;    9.5;    5.4;    3.9;eor
        691;20181209;   10;  17.5;   8.3;    3;   0.2;   6;    1.083;   0;   5.9;   8.6;  994.38;    7.2;   83.50;    9.0;    5.1;    3.7;eor
        691;20181210;   10;  17.8;   7.8;    3;   3.9;   8;    3.750;   0;   3.9;   6.9; 1013.02;    4.6;   81.17;    6.3;    2.6;    1.2;eor
        691;20181211;   10;  11.3;   4.7;    3;   0.0;   6;    6.317;   0;   3.2;   6.8; 1019.44;    4.5;   80.54;    7.3;    1.6;   -0.3;eor
        691;20181212;   10;   6.7;   3.0;    3;   1.0;   6;    0.100;   0;   6.8;   6.9; 1025.82;    3.7;   86.83;    5.6;    1.7;   -0.9;eor
        691;20181213;   10;   9.8;   4.3;    3;   0.0;   6;    3.233;   0;   6.4;   6.2; 1024.38;    2.4;   85.33;    3.6;    0.1;   -1.6;eor
        691;20181214;   10;   7.4;   3.2;    3;   0.0;   8;    0.000;   0;   7.2;   5.6; 1025.50;    1.1;   84.71;    2.0;   -0.3;   -2.0;eor
        691;20181215;   10;  13.5;   4.6;    3;   0.0;   0;    0.000;   0;   7.3;   4.8; 1025.41;    0.3;   77.67;    1.0;   -0.6;   -1.7;eor
        691;20181216;   10;  11.5;   4.3;    3;   0.3;   7;    0.000;   0;   6.4;   4.9; 1012.85;   -0.6;   84.08;    0.4;   -1.6;   -2.5;eor
        691;20181217;   10;   6.7;   2.7;    3;   0.3;   6;    0.000;   0;   7.9;   7.4; 1017.29;    3.3;   95.04;    6.3;    0.4;    0.1;eor
        691;20181218;   10;  10.6;   4.0;    3;   0.0;   0;    0.483;   0;   7.4;   7.9; 1020.72;    5.4;   88.17;    7.4;    2.7;    1.6;eor
        691;20181219;   10;  10.3;   4.4;    3;   0.1;   6;    0.000;   0;   7.4;   7.4; 1011.53;    4.8;   85.08;    7.5;    2.8;    1.8;eor
        691;20181220;   10;   7.7;   3.3;    3;   1.7;   6;    0.000;   0;   7.0;   8.6; 1010.39;    6.0;   91.63;    7.8;    3.1;    1.5;eor
        691;20181221;   10;  20.4;   6.7;    3;   9.8;   6;    0.000;   0;   7.4;   9.9; 1000.45;    8.0;   91.67;   11.9;    6.3;    5.6;eor
        691;20181222;   10;  13.4;   4.6;    3;   2.5;   6;    0.000;   0;   7.2;   9.2; 1008.40;    6.8;   93.38;    8.6;    2.9;    1.3;eor
        691;20181223;   10;   9.3;   4.4;    3;   4.2;   6;    0.000;   0;   7.6;   9.3; 1015.12;    7.0;   92.92;    7.9;    5.5;    5.1;eor
        691;20181224;   10;  11.8;   4.1;    3;   0.2;   6;    3.217;   0;   6.1;   6.8; 1026.40;    3.8;   84.21;    6.3;    1.7;   -0.1;eor
        691;20181225;   10;  11.0;   5.6;    3;   0.0;   6;    0.000;   0;   7.0;   7.3; 1030.76;    5.6;   80.13;    7.0;    2.3;    1.2;eor
        691;20181226;   10;  10.6;   5.1;    3;   0.0;   6;    0.000;   0;   7.8;   8.7; 1028.47;    5.6;   94.54;    6.4;    4.5;    4.1;eor
        691;20181227;   10;   8.2;   3.7;    3;   0.0;   6;    0.000;   0;   8.0;   8.2; 1025.01;    4.7;   95.92;    5.3;    4.0;    3.8;eor
        691;20181228;   10;   6.7;   3.2;    3;   0.2;   6;    0.000;   0;   7.9;   8.5; 1026.28;    5.5;   94.04;    6.9;    4.8;    4.5;eor
        691;20181229;   10;  18.2;   6.1;    3;   4.9;   6;    0.000;   0;   7.8;   9.4; 1023.74;    6.9;   94.04;    9.3;    5.4;    4.9;eor
        691;20181230;   10;  20.6;   5.9;    3;   0.2;   6;    0.850;   0;   6.9;   9.0; 1027.57;    7.5;   86.54;    8.9;    6.4;    5.2;eor
        691;20181231;   10;  14.9;   3.9;    3;   0.3;   6;    0.000;   0;   7.9;  10.3; 1029.68;    8.3;   93.75;    9.7;    6.3;    5.9;eor
        691;20190101;   10;  21.6;   9.3;    3;   3.0;   8;    1.050;   0;   7.0;   8.1; 1022.08;    6.6;   82.00;    8.4;    3.3;    1.7;eor
        691;20190102;   10;  16.5;   6.2;    3;   0.0;   0;    7.050;   0;   2.0;   5.1; 1031.26;    3.5;   64.63;    6.4;   -3.1;   -5.4;eor
        691;20190103;   10;   6.7;   2.5;    3;   0.0;   6;    2.250;   0;   5.6;   5.6; 1036.04;    0.8;   86.63;    5.3;   -3.1;   -4.5;eor
        691;20190104;   10;  12.2;   5.4;    3;   5.2;   6;    0.000;   0;   7.8;   7.7; 1031.29;    3.7;   95.13;    7.0;   -2.1;   -4.2;eor
        691;20190105;   10;  18.2;   7.3;    3;   1.8;   6;    0.000;   0;   7.8;   9.9; 1024.55;    7.7;   94.17;    8.3;    7.0;    6.5;eor
        691;20190106;   10;   8.7;   4.2;    3;   1.2;   6;    0.017;   0;   7.6;   9.5; 1028.83;    7.0;   94.88;    7.6;    6.1;    5.5;eor
        691;20190107;   10;  15.8;   5.9;    3;   3.7;   6;    0.000;   0;   7.3;   9.1; 1024.61;    6.4;   94.08;    8.4;    4.9;    3.6;eor
        691;20190108;   10;  21.3;  10.6;    3;   4.1;   6;    0.233;   0;   6.8;   7.7; 1006.19;    6.3;   80.50;    8.0;    4.0;    1.9;eor
        691;20190109;   10;  20.1;   7.6;    3;   0.0;   0;    0.033;   0;   5.0;   5.2; 1015.51;    3.5;   66.08;    4.8;    0.7;   -1.4;eor
        691;20190110;   10;   7.2;   2.9;    3;   2.1;   8;    0.817;   0;   7.3;   5.9; 1024.40;    1.4;   86.13;    2.5;    0.5;   -1.9;eor
        691;20190111;   10;  11.3;   5.6;    3;   1.4;   6;    0.000;   0;   7.4;   8.5; 1019.04;    5.5;   93.71;    7.8;    1.6;    1.4;eor
        691;20190112;   10;  14.1;   7.2;    3;   2.8;   6;    0.000;   0;   7.2;   8.7; 1011.57;    6.5;   90.00;    7.6;    5.4;    4.2;eor
        691;20190113;   10;  24.7;   8.5;    3;  12.0;   6;    0.000;   0;   7.3;   9.5;  998.35;    7.6;   90.38;    8.8;    5.8;    4.6;eor
        691;20190114;   10;  18.2;   7.3;    3;   2.2;   8;    2.333;   0;   5.8;   6.1; 1007.73;    2.9;   81.50;    5.8;    0.5;    0.0;eor
        691;20190115;   10;  14.1;   7.6;    3;   0.3;   6;    0.000;   0;   7.3;   8.1; 1011.56;    5.3;   89.92;    7.5;    1.7;    0.4;eor
        691;20190116;   10;  14.4;   7.5;    3;   1.3;   6;    0.000;   0;   8.0;   8.3; 1004.27;    6.5;   85.38;    7.6;    4.9;    4.0;eor
        691;20190117;   10;  14.4;   6.8;    3;   3.3;   8;    0.217;   0;   6.3;   6.9;  999.27;    3.4;   88.83;    5.5;   -0.6;   -2.8;eor
        691;20190118;   10;  10.3;   2.7;    3;   0.0;   6;    4.267;   1;   2.2;   5.2; 1016.65;   -0.7;   88.79;    3.4;   -4.0;   -6.3;eor
        691;20190119;   10;   4.6;   2.0;    3;   0.0;   0;    6.717;   0;   2.4;   4.6; 1018.27;   -1.6;   85.88;    2.1;   -5.1;   -6.9;eor
        691;20190120;   10;   4.1;   1.7;    3;   0.0;   0;    5.050;   0;   1.9;   4.3; 1019.04;   -3.1;   89.00;    1.1;   -7.5;   -9.4;eor
        691;20190121;   10;   6.2;   2.3;    3;   0.0;   0;    4.800;   0;   4.3;   4.1; 1020.21;   -3.3;   84.96;    1.6;   -9.1;  -10.5;eor
        691;20190122;   10;   9.3;   4.0;    3;   0.0;   0;    5.600;   0;   5.8;   4.1; 1007.60;   -1.7;   75.13;    0.8;   -4.6;   -5.9;eor
        691;20190123;   10;   6.7;   3.1;    3;   0.0;   0;    2.450;   0;   4.9;   3.5; 1002.75;   -4.7;   81.17;   -3.3;   -7.0;   -8.6;eor
        691;20190124;   10;   7.2;   2.5;    3;   0.0;   7;    0.083;   0;   7.3;   3.4; 1011.66;   -4.3;   77.38;   -2.8;   -6.6;   -6.3;eor
        691;20190125;   10;   8.2;   3.3;    3;   5.5;   8;    0.100;   0;   7.8;   4.1; 1012.17;   -3.1;   82.25;    1.6;   -4.5;   -4.6;eor
        691;20190126;   10;   9.8;   4.3;    3;  11.9;   6;    0.000;   0;   8.0;   8.4;  999.89;    4.7;   97.67;    6.9;    1.5;    0.9;eor
        691;20190127;   10;   9.6;   5.0;    3;   1.4;   6;    0.000;   0;   7.5;   8.1;  984.71;    5.1;   92.21;    6.5;    2.0;    0.4;eor
        691;20190128;   10;  13.0;   4.3;    3;   2.0;   8;    0.000;   0;   6.8;   6.6;  990.48;    2.2;   91.75;    4.5;   -1.5;   -3.0;eor
        691;20190129;   10;   9.3;   3.8;    3;   0.0;   8;    3.217;   0;   4.2;   5.7; 1001.89;    0.4;   89.96;    4.0;   -2.1;   -4.1;eor
        691;20190130;   10;  10.1;   4.5;    3;   0.2;   8;    0.767;   0;   7.3;   5.2;  995.29;    0.0;   84.67;    2.0;   -1.4;   -2.3;eor
        691;20190131;   10;   7.7;   3.6;    3;   0.0;   7;    3.600;   2;   6.0;   5.3;  996.40;    0.7;   82.04;    2.8;   -2.4;   -3.9;eor
        691;20190201;   10;   9.3;   4.0;    3;   0.0;   7;    0.000;   0;   5.2;   5.0;  992.94;   -0.6;   85.00;    1.1;   -3.0;   -4.5;eor
        691;20190202;   10;   6.2;   3.1;    3;   0.0;   8;    0.000;   0;   7.5;   5.5;  999.39;   -0.2;   91.79;    2.0;   -2.4;   -4.0;eor
        691;20190203;   10;   7.7;   3.2;    3;   0.0;   6;    3.350;   0;   3.3;   5.7; 1016.65;    0.5;   89.75;    4.7;   -2.9;   -5.4;eor
        691;20190204;   10;  14.6;   5.4;    3;   0.0;   6;    1.300;   0;   5.8;   5.4; 1022.98;    1.7;   78.42;    4.1;   -3.3;   -5.5;eor
        691;20190205;   10;  12.5;   5.1;    3;   0.0;   6;    0.050;   0;   7.4;   7.1; 1024.61;    3.5;   89.75;    5.0;    2.4;    1.6;eor
        691;20190206;   10;   9.3;   3.9;    3;   9.6;   6;    0.150;   0;   7.7;   7.5; 1020.42;    4.5;   88.17;    6.3;    2.1;    1.1;eor
        691;20190207;   10;  16.8;   6.4;    3;   2.2;   6;    3.367;   0;   6.6;   8.0; 1007.34;    6.5;   83.00;    9.5;    4.5;    3.9;eor
        691;20190208;   10;  13.9;   7.0;    3;   0.9;   6;    0.033;   0;   7.0;   8.3; 1006.68;    7.4;   80.21;    9.2;    5.5;    4.1;eor
        691;20190209;   10;  19.9;   9.1;    3;   0.5;   6;    1.450;   0;   6.3;   8.1;  999.30;    8.0;   75.71;   10.3;    6.8;    5.4;eor
        691;20190210;   10;  16.5;   6.8;    3;   9.8;   8;    0.067;   0;   7.2;   8.5;  992.48;    6.3;   88.92;    9.7;    1.3;    1.0;eor
        691;20190211;   10;  20.9;   8.2;    3;   0.0;   6;    3.883;   0;   5.3;   6.7; 1012.43;    5.4;   75.13;    7.4;    3.3;    1.8;eor
        691;20190212;   10;  10.6;   5.0;    3;   0.0;   6;    1.483;   0;   6.9;   7.1; 1029.41;    5.0;   80.96;    7.7;    2.5;    1.6;eor
        691;20190213;   10;  10.1;   5.3;    3;   0.0;   6;    0.000;   0;   7.4;   8.6; 1032.44;    6.8;   86.33;    8.6;    3.8;    1.4;eor
        691;20190214;   10;   6.2;   2.4;    3;   0.0;   0;    7.567;   0;   3.1;   6.6; 1034.24;    5.2;   76.71;   11.2;    0.2;   -3.4;eor
        691;20190215;   10;   5.1;   2.0;    3;   0.0;   0;    9.533;   0;   1.2;   6.2; 1030.90;    6.0;   69.00;   15.2;   -1.7;   -4.5;eor
        691;20190216;   10;   7.2;   2.6;    3;   0.0;   0;    8.400;   0;   3.4;   6.5; 1024.10;    6.6;   67.79;   14.2;   -0.5;   -3.6;eor
        691;20190217;   10;   5.0;   1.9;    3;   0.0;   0;    7.667;   0;   4.9;   7.2; 1021.25;    6.4;   75.17;   13.5;   -0.2;   -2.7;eor
        691;20190218;   10;   6.7;   2.0;    3;   0.2;   6;    8.883;   0;   2.3;   6.7; 1016.45;    6.7;   70.58;   15.4;    0.4;   -2.8;eor
        691;20190219;   10;  13.0;   5.7;    3;   0.2;   6;    0.650;   0;   7.1;   8.3; 1014.72;    6.8;   83.08;    9.1;    2.1;   -0.3;eor
        691;20190220;   10;   9.3;   4.5;    3;   0.1;   6;    1.150;   0;   7.2;   8.1; 1020.25;    7.6;   77.83;   10.3;    4.8;    3.7;eor
        691;20190221;   10;  10.3;   4.9;    3;   0.5;   6;    1.467;   0;   7.3;   9.5; 1023.87;    8.5;   85.21;   11.6;    5.2;    3.9;eor
        691;20190222;   10;   7.7;   3.6;    3;   0.0;   0;    0.000;   0;   6.3;   8.5; 1036.31;    6.4;   87.17;    8.6;    0.9;   -1.1;eor
        691;20190223;   10;   8.6;   3.6;    3;   0.0;   0;    9.117;   0;   4.6;   5.5; 1039.94;    3.4;   71.08;    8.7;   -0.9;   -2.1;eor
        691;20190224;   10;   3.6;   1.3;    3;   0.0;   0;    9.567;   0;   2.3;   5.4; 1037.98;    5.3;   64.83;   15.2;   -1.6;   -4.4;eor
        691;20190225;   10;   3.6;   1.2;    3;   0.0;   0;    9.967;   0;   4.1;   5.3; 1037.28;    5.4;   64.83;   16.0;   -3.4;   -4.9;eor
        691;20190226;   10;   4.6;   1.3;    3;   0.0;   0;    9.900;   0;   2.5;   5.0; 1033.83;    5.3;   62.71;   16.3;   -3.2;   -5.5;eor
        691;20190227;   10;   5.5;   1.6;    3;   0.0;   0;   10.267;   0;   0.7;   6.0; 1024.45;    7.2;   63.46;   18.1;   -1.5;   -5.0;eor
        691;20190228;   10;   9.4;   3.0;    3;   1.8;   6;    1.117;   0;   4.7;   7.7; 1013.25;    4.5;   90.79;    6.9;    0.9;   -2.4;eor
        691;20190301;    3;  10.6;   3.9;    3;   0.0;   6;    1.850;   0;   7.5;   7.5; 1012.74;    5.8;   81.08;    7.8;    4.3;    3.5;eor
        691;20190302;    3;   8.2;   3.7;    3;   0.6;   6;    1.383;   0;   6.7;   7.1; 1012.62;    6.1;   74.83;    9.3;    3.6;    2.8;eor
        691;20190303;    3;  14.2;   7.4;    3;   4.9;   6;    0.000;   0;   7.2;  11.0; 1001.50;   10.3;   87.92;   11.4;    8.9;    8.1;eor
        691;20190304;    3;  26.6;  10.3;    3;   4.7;   6;    1.150;   0;   6.5;   8.6;  988.95;    9.1;   73.88;   12.8;    6.1;    4.8;eor
        691;20190305;    3;  18.3;   7.1;    3;   0.2;   6;    3.600;   0;   4.0;   7.1; 1001.32;    6.1;   75.46;   10.2;    2.1;   -1.6;eor
        691;20190306;    3;  14.4;   5.1;    3;   0.9;   6;    0.000;   0;   7.3;   8.4; 1000.85;    7.8;   79.04;   12.4;    1.5;   -2.4;eor
        691;20190307;    3;  25.4;   8.4;    3;   1.9;   6;    2.850;   0;   6.0;   8.8;  991.12;    9.8;   72.67;   13.2;    6.8;    5.4;eor
        691;20190308;    3;  20.6;   8.5;    3;   3.9;   6;    3.667;   0;   6.5;   7.3; 1004.10;    7.0;   73.46;   10.5;    4.1;    2.4;eor
        691;20190309;    3;  22.1;   9.6;    3;   4.1;   6;    2.017;   0;   5.7;   7.8; 1004.05;    7.3;   76.79;   11.5;    4.3;    3.1;eor
        691;20190310;    3;  11.7;   5.0;    3;  11.4;   8;    0.117;   0;   6.3;   7.2; 1003.56;    4.1;   87.33;    6.5;    0.5;    0.0;eor
        691;20190311;    3;  14.4;   6.3;    3;   7.4;   8;    1.217;   0;   6.1;   6.9; 1010.98;    3.1;   89.88;    5.5;    0.7;   -1.0;eor
        691;20190312;    3;  23.7;   6.9;    3;   0.4;   6;    0.067;   0;   7.2;   6.9; 1009.82;    5.7;   76.58;    8.8;    1.3;   -0.2;eor
        691;20190313;    3;  21.4;  10.5;    3;   2.7;   6;    0.050;   0;   7.2;   7.6;  996.98;    6.1;   80.83;    7.5;    3.9;    2.8;eor
        691;20190314;    3;  17.0;   7.9;    3;   6.4;   6;    0.000;   0;   7.4;   8.5;  996.03;    6.6;   86.96;    7.8;    5.4;    4.3;eor
        691;20190315;    3;  24.2;   9.4;    3;   0.8;   6;    0.467;   0;   5.2;   8.1;  998.73;    7.6;   78.04;   11.3;    4.9;    3.7;eor
        691;20190316;    3;  15.6;   7.1;    3;   3.7;   6;    0.000;   0;   7.5;   8.4; 1002.13;    7.7;   79.92;   10.9;    4.6;    4.1;eor
        691;20190317;    3;  16.8;   8.2;    3;   2.8;   8;    3.200;   0;   5.5;   7.9;  997.98;    7.5;   75.08;   11.0;    4.0;    2.5;eor
        691;20190318;    3;  18.0;   8.3;    3;   1.6;   6;    6.067;   0;   4.5;   7.0; 1011.95;    5.2;   79.25;    9.6;    1.9;    0.4;eor
        691;20190319;    3;  13.2;   3.5;    3;   0.0;   6;    5.567;   0;   4.2;   6.6; 1026.10;    4.4;   80.21;    9.1;    0.2;   -2.0;eor
        691;20190320;    3;   8.7;   3.8;    3;   0.0;   6;    1.333;   0;   6.3;   8.7; 1031.18;    7.2;   83.83;   10.7;    0.5;   -2.0;eor
        691;20190321;    3;   9.8;   3.8;    3;   0.0;   0;    0.100;   0;   7.3;  10.6; 1032.91;   10.4;   83.75;   13.3;    4.3;    2.6;eor
        691;20190322;    3;   6.7;   2.2;    3;   0.0;   0;    9.583;   0;   3.6;  10.7; 1029.38;   11.0;   82.54;   18.1;    4.0;    2.0;eor
        691;20190323;    3;   8.6;   3.7;    3;   0.0;   6;    1.067;   0;   6.5;   9.0; 1028.45;    7.6;   86.00;   10.8;    1.4;   -0.7;eor
        691;20190324;    3;   9.8;   2.9;    3;   3.1;   6;    6.183;   0;   5.1;   6.8; 1025.73;    5.7;   75.92;   10.9;    0.7;   -0.8;eor
        691;20190325;    3;  16.8;   6.4;    3;   3.1;   8;    4.200;   0;   4.4;   7.5; 1018.19;    5.4;   83.42;    8.9;    2.3;    0.8;eor
        691;20190326;    3;  14.6;   5.4;    3;   1.0;   6;    0.967;   0;   6.7;   7.8; 1027.37;    5.9;   84.00;    8.6;    2.2;   -0.1;eor
        691;20190327;    3;  10.3;   4.2;    3;   0.4;   6;    0.300;   0;   7.1;   9.2; 1030.93;    7.6;   87.92;   11.3;    3.0;    0.5;eor
        691;20190328;    3;   8.1;   2.9;    3;   0.0;   6;    1.267;   0;   7.3;  10.2; 1033.91;    9.3;   87.29;   11.9;    5.8;    4.5;eor
        691;20190329;    3;   6.7;   1.8;    3;   0.0;   0;   11.783;   0;   2.6;   9.6; 1030.04;   10.9;   75.33;   16.5;    4.5;    2.0;eor
        691;20190330;    3;   9.3;   2.7;    3;   0.0;   0;    8.283;   0;   2.0;   8.9; 1020.93;   10.5;   73.58;   18.9;    1.3;   -0.4;eor
        691;20190331;    3;  10.1;   4.6;    3;   0.0;   0;    8.433;   0;   3.7;   6.6; 1024.86;    7.1;   66.13;   10.8;    2.2;    0.3;eor
        691;20190401;    3;  11.0;   4.7;    3;   0.0;   0;   12.417;   0;   0.0;   4.7; 1023.76;    6.0;   53.54;   12.1;   -1.6;   -4.3;eor
        691;20190402;    3;  11.3;   4.2;    3;   2.6;   6;    7.200;   0;   4.6;   7.7; 1007.68;    9.0;   65.17;   15.4;    2.4;    0.0;eor
        691;20190403;    3;  12.2;   2.3;    3;  19.0;   6;    0.050;   0;   6.3;   9.8; 1001.71;    8.8;   87.00;   12.9;    6.0;    4.5;eor
        691;20190404;    3;   7.5;   2.7;    3;   0.0;   6;    0.000;   0;   7.2;   8.7; 1000.50;    6.9;   87.67;    9.3;    3.6;    2.4;eor
        691;20190405;    3;   9.8;   3.5;    3;   0.0;   6;    0.000;   0;   7.9;   9.6; 1005.48;    7.9;   89.25;    9.5;    6.9;    6.5;eor
        691;20190406;    3;   7.2;   2.6;    3;   0.0;   0;    9.383;   0;   5.8;  10.7; 1006.68;   12.3;   76.29;   20.1;    6.0;    3.6;eor
        691;20190407;    3;  11.3;   3.8;    3;   0.0;   0;   12.233;   0;   1.8;   8.4; 1007.37;   14.0;   56.04;   20.4;    7.2;    3.1;eor
        691;20190408;    3;  11.5;   3.8;    3;   0.0;   0;   11.883;   0;   1.5;   8.5; 1011.11;   11.1;   65.13;   18.7;    4.2;    1.1;eor
        691;20190409;    3;  11.8;   6.0;    3;   0.0;   0;   12.850;   0;   0.5;   6.3; 1015.59;    7.1;   63.63;   12.5;    2.0;    0.2;eor
        691;20190410;    3;  10.8;   4.9;    3;   0.0;   0;   12.250;   0;   1.4;   5.0; 1018.95;    4.8;   60.04;   10.1;   -0.4;   -1.6;eor
        691;20190411;    3;  10.3;   4.4;    3;   0.0;   0;    3.450;   0;   5.7;   5.1; 1024.70;    5.0;   60.46;    9.4;    0.9;   -0.8;eor
        691;20190412;    3;  12.2;   4.6;    3;   0.0;   8;    3.117;   0;   5.5;   5.0; 1026.87;    4.0;   61.46;    7.9;   -0.2;   -2.1;eor
        691;20190413;    3;  12.5;   4.5;    3;   1.0;   8;    3.767;   0;   5.2;   5.7; 1025.58;    2.8;   76.17;    7.3;   -0.8;   -2.4;eor
        691;20190414;    3;  10.8;   4.3;    3;   0.1;   6;    4.950;   0;   6.5;   6.7; 1026.84;    4.9;   77.54;    8.5;    0.2;   -1.1;eor
        691;20190415;    3;  10.5;   4.7;    3;   0.0;   0;   11.983;   0;   1.6;   6.4; 1026.55;    8.5;   59.96;   14.9;    2.8;    0.5;eor
        691;20190416;    3;  11.8;   5.3;    3;   0.0;   0;   13.117;   0;   0.5;   5.9; 1021.18;    9.4;   52.96;   16.0;    1.5;    0.3;eor
        691;20190417;    3;  12.7;   5.2;    3;   0.0;   0;   12.700;   0;   3.2;   5.7; 1024.65;   12.4;   40.79;   18.6;    4.6;    1.6;eor
        691;20190418;    3;  12.3;   4.8;    3;   0.0;   0;   13.117;   0;   1.5;   7.3; 1028.67;   14.3;   47.46;   21.4;    5.1;    0.8;eor
        691;20190419;    3;  10.1;   4.1;    3;   0.0;   0;   13.217;   0;   0.3;   8.0; 1030.83;   15.7;   47.08;   22.9;    7.1;    3.5;eor
        691;20190420;    3;   9.1;   3.9;    3;   0.0;   0;   13.517;   0;   1.7;   6.2; 1030.31;   14.4;   39.67;   21.1;    6.8;    2.4;eor
        691;20190421;    3;   7.5;   2.7;    3;   0.0;   0;   13.683;   0;   0.0;   6.6; 1021.83;   14.1;   43.46;   21.9;    4.5;    0.1;eor
        691;20190422;    3;  16.1;   5.9;    3;   0.0;   0;   13.683;   0;   0.5;   6.5; 1013.40;   15.3;   40.08;   21.6;    6.3;    2.4;eor
        691;20190423;    3;  16.5;   7.6;    3;   0.0;   6;   12.483;   0;   2.6;   8.6; 1004.53;   16.0;   48.13;   21.0;   11.0;    8.8;eor
        691;20190424;    3;  17.0;   5.9;    3;   3.4;   6;    8.700;   0;   5.7;  11.8; 1001.30;   17.7;   59.13;   24.0;   11.6;   11.0;eor
        691;20190425;    3;  15.4;   4.8;    3;   0.0;   0;   10.550;   0;   5.1;  10.9; 1007.43;   15.8;   64.00;   22.2;    8.1;    6.4;eor
        691;20190426;    3;  10.3;   3.6;    3;   4.7;   6;    3.100;   0;   6.7;  11.8; 1011.05;   12.0;   84.33;   15.6;    8.2;    6.6;eor
        691;20190427;    3;  13.5;   2.8;    3;   2.3;   6;    5.450;   0;   5.3;  10.4; 1010.95;    9.8;   85.92;   15.9;    5.4;    2.8;eor
        691;20190428;    3;   9.3;   1.7;    3;   1.8;   6;    4.450;   0;   4.9;   9.1; 1017.82;    8.5;   83.29;   13.5;    4.6;    2.2;eor
        691;20190429;    3;  10.6;   4.1;    3;   1.3;   6;    0.017;   0;   6.2;  10.2; 1022.71;    8.1;   93.50;   11.7;    1.9;    1.1;eor
        691;20190430;    3;   9.8;   4.5;    3;   0.0;   0;    7.767;   0;   6.2;  10.3; 1021.17;   10.7;   81.50;   17.4;    7.2;    6.2;eor
        691;20190501;    3;   9.9;   5.1;    3;   0.0;   0;    3.050;   0;   6.9;   9.5; 1015.55;    9.8;   78.96;   13.2;    7.7;    7.8;eor
        691;20190502;    3;  13.7;   6.2;    3;   0.2;   6;    0.733;   0;   7.0;   9.7; 1007.63;   10.1;   78.00;   13.7;    5.5;    4.0;eor
        691;20190503;    3;  14.9;   5.6;    3;   1.5;   6;    6.467;   0;   5.9;   6.7; 1009.18;    6.5;   70.25;   11.7;    1.3;   -0.4;eor
        691;20190504;    3;  13.9;   4.5;    3;   2.4;   8;    7.467;   0;   3.5;   6.4; 1008.54;    5.2;   73.50;   10.1;    0.8;   -1.9;eor
        691;20190505;    3;  12.7;   4.0;    3;   0.0;   6;    8.817;   0;   3.9;   6.3; 1017.26;    5.6;   71.46;   11.7;   -0.9;   -3.8;eor
        691;20190506;    3;  14.6;   4.6;    3;   1.9;   6;    1.767;   0;   6.5;   7.6; 1017.55;    6.4;   80.33;   11.2;    2.1;   -0.4;eor
        691;20190507;    3;   9.4;   2.3;    3;   0.0;   0;    8.517;   0;   3.8;   6.9; 1016.38;    7.1;   71.25;   12.5;   -0.1;   -3.0;eor
        691;20190508;    3;  12.0;   3.9;    3;   7.2;   6;    2.767;   0;   6.2;   9.0; 1002.74;    9.3;   77.42;   14.8;    2.5;   -0.6;eor
        691;20190509;    3;   8.6;   3.1;    3;   1.4;   6;    5.733;   0;   5.9;  10.7;  997.66;   12.5;   75.54;   18.0;    7.0;    4.7;eor
        691;20190510;    3;   9.8;   3.6;    3;   1.0;   6;    0.750;   0;   6.4;  10.1; 1007.27;   10.4;   79.83;   13.4;    5.4;    2.6;eor
        691;20190511;    3;  12.2;   4.8;    3;   0.0;   0;   10.417;   0;   4.0;   7.9; 1015.95;    9.4;   67.75;   14.5;    5.1;    2.9;eor
        691;20190512;    3;  14.4;   5.4;    3;   0.0;   0;   13.167;   0;   1.8;   7.1; 1031.58;    8.8;   65.38;   14.1;    2.2;    0.5;eor
        691;20190513;    3;  12.3;   4.8;    3;   0.0;   0;   15.100;   0;   1.6;   7.0; 1037.80;    8.6;   65.58;   14.4;    0.5;   -1.5;eor
        691;20190514;    3;   9.4;   3.7;    3;   0.0;   0;   10.517;   0;   4.3;   6.9; 1033.51;   10.6;   56.08;   16.1;    5.0;    1.3;eor
        691;20190515;    3;  14.9;   4.0;    3;   0.1;   6;    9.650;   0;   4.0;   6.0; 1027.31;   11.0;   47.79;   16.8;    2.5;   -0.9;eor
        691;20190516;    3;  11.3;   4.5;    3;   2.2;   6;    0.000;   0;   7.7;   9.1; 1018.41;   10.3;   71.83;   12.0;    8.6;    6.9;eor
        691;20190517;    3;   8.4;   3.7;    3;   0.0;   0;    0.950;   0;   7.0;  11.1; 1009.82;   12.6;   76.75;   15.6;    7.5;    5.4;eor
        691;20190518;    3;   8.4;   2.5;    3;   0.0;   0;   14.400;   0;   2.8;  11.5; 1006.36;   16.2;   66.08;   23.0;    7.4;    4.9;eor
        691;20190519;    3;  11.5;   2.8;    3;   0.0;   6;    7.733;   0;   5.6;  14.0; 1004.95;   16.8;   75.33;   23.8;    9.3;    6.6;eor
        691;20190520;    3;  10.6;   3.9;    3;   3.4;   6;    8.667;   0;   5.5;  15.0; 1004.72;   17.1;   79.17;   24.0;   11.6;    8.8;eor
        691;20190521;    3;  12.3;   6.1;    3;   3.5;   6;    0.000;   0;   7.3;  14.1; 1008.60;   13.5;   91.17;   14.6;   11.1;   10.9;eor
        691;20190522;    3;  11.3;   5.2;    3;   0.0;   6;    5.117;   0;   5.2;  11.0; 1016.57;   12.2;   79.00;   17.2;    5.8;    3.7;eor
        691;20190523;    3;   8.2;   2.4;    3;   0.0;   0;   12.533;   0;   5.4;   9.3; 1017.01;   14.1;   62.08;   21.3;    3.4;    1.7;eor
        691;20190524;    3;  14.4;   4.5;    3;   0.0;   6;   12.367;   0;   5.3;  10.7; 1013.29;   15.0;   66.46;   24.6;    6.4;    4.3;eor
        691;20190525;    3;   8.2;   3.8;    3;   0.0;   0;    1.917;   0;   6.6;  10.3; 1015.84;   12.2;   73.29;   15.7;    6.6;    5.2;eor
        691;20190526;    3;  14.9;   5.1;    3;   1.9;   6;    2.200;   0;   7.1;  12.9; 1009.85;   15.1;   76.04;   21.9;    6.9;    5.0;eor
        691;20190527;    3;  12.3;   5.1;    3;   0.0;   0;    6.450;   0;   5.6;  11.5; 1006.60;   15.0;   69.08;   18.6;    7.9;    5.5;eor
        691;20190528;    3;  11.8;   4.0;    3;   0.0;   0;    8.500;   0;   5.5;   9.1; 1009.21;   12.2;   65.21;   16.8;    4.7;    2.7;eor
        691;20190529;    3;   7.2;   2.5;    3;   0.0;   0;   10.000;   0;   3.4;   8.2; 1020.65;   11.3;   64.04;   17.6;    2.7;    0.5;eor
        691;20190530;    3;  12.2;   5.1;    3;   0.3;   6;    0.100;   0;   6.9;  12.8; 1020.31;   15.4;   71.33;   19.4;    9.4;    7.5;eor
        691;20190531;    3;   9.3;   3.8;    3;   0.0;   6;    3.983;   0;   6.5;  15.9; 1021.71;   18.7;   75.33;   24.4;   12.3;   10.4;eor
        691;20190601;    1;  10.1;   3.8;    1;   0.0;   0;   11.283;   0;   4.2;  14.5; 1020.28;   18.8;   69.08;   26.2;   12.2;   10.5;eor
        691;20190602;    1;  13.9;   3.8;    1;   2.2;   6;   10.833;   0;   5.7;  15.6; 1013.57;   22.4;   60.58;   31.0;   12.2;    9.4;eor
        691;20190603;    1;  12.3;   3.7;    1;   3.0;   6;    2.717;   0;   6.6;  16.1; 1012.03;   18.8;   74.50;   24.7;   13.0;   11.1;eor
        691;20190604;    1;   9.3;   3.2;    1;   0.2;   6;    6.567;   0;   6.5;  16.7; 1010.43;   19.0;   76.92;   23.8;   12.6;   11.3;eor
        691;20190605;    1;   9.1;   3.2;    1;   0.1;   6;   10.017;   0;   5.0;  17.4; 1006.15;   22.6;   64.42;   27.7;   18.4;   15.9;eor
        691;20190606;    1;  16.1;   4.4;    1;   0.6;   6;    0.883;   0;   6.4;  14.2; 1009.39;   17.2;   71.88;   21.2;   11.3;    8.7;eor
        691;20190607;    1;  14.7;   4.1;    1;   1.2;   6;   13.483;   0;   4.3;  12.7; 1011.95;   17.2;   67.71;   23.9;    7.3;    5.3;eor
        691;20190608;    1;  20.4;   6.7;    1;   0.3;   6;    2.533;   0;   5.5;  11.1; 1014.77;   15.1;   64.92;   18.2;   12.0;   10.3;eor
        691;20190609;    1;  10.1;   3.4;    1;   0.1;   6;   11.950;   0;   5.3;  10.5; 1021.43;   16.8;   57.58;   22.9;    9.0;    7.0;eor
        691;20190610;    1;   9.9;   4.2;    1;   6.4;   6;    5.500;   0;   7.4;  15.9; 1012.47;   18.6;   74.38;   24.7;   14.7;   13.8;eor
        691;20190611;    1;   8.2;   2.9;    1;   7.2;   6;    5.200;   0;   6.4;  17.0; 1010.17;   18.4;   81.04;   21.7;   16.2;   15.2;eor
        691;20190612;    1;  14.2;   3.5;    1;   5.8;   6;    4.567;   0;   5.3;  16.7; 1008.98;   16.8;   87.00;   20.3;   11.3;    8.9;eor
        691;20190613;    1;  14.4;   4.5;    1;   0.0;   6;   10.717;   0;   3.8;  12.3; 1011.75;   17.5;   64.54;   23.0;   11.4;    9.8;eor
        691;20190614;    1;  10.8;   3.9;    1;   1.4;   6;   12.533;   0;   5.5;  14.6; 1014.13;   20.4;   62.21;   27.2;   12.5;   10.2;eor
        691;20190615;    1;  16.5;   4.5;    1;   0.1;   6;    4.617;   0;   5.6;  17.3; 1011.22;   18.9;   79.17;   22.8;   10.7;    9.3;eor
        691;20190616;    1;  10.1;   2.4;    1;   1.6;   6;    5.617;   0;   5.1;  14.4; 1018.84;   16.8;   78.29;   23.7;    9.3;    7.6;eor
        691;20190617;    1;   7.7;   2.5;    1;   0.0;   0;   13.967;   0;   1.4;  14.1; 1019.72;   19.9;   64.67;   26.4;    9.7;    8.3;eor
        691;20190618;    1;  10.3;   2.9;    1;   2.8;   6;    8.533;   0;   5.4;  17.1; 1013.74;   22.5;   64.21;   29.0;   16.1;   13.1;eor
        691;20190619;    1;  17.8;   2.8;    1;   9.3;   6;    8.883;   0;   5.6;  18.0; 1007.15;   22.5;   69.42;   31.0;   15.4;   13.7;eor
        691;20190620;    1;  11.8;   4.1;    1;   1.0;   6;    3.950;   0;   6.5;  16.9; 1009.93;   18.3;   81.13;   23.4;   14.7;   13.5;eor
        691;20190621;    1;  11.5;   3.2;    1;   0.0;   0;    7.350;   0;   4.9;  13.3; 1017.76;   16.9;   70.71;   22.3;   11.6;    9.8;eor
        691;20190622;    1;  10.1;   3.4;    1;   0.0;   0;   12.950;   0;   2.8;  12.2; 1022.27;   17.5;   63.42;   23.4;    8.7;    7.4;eor
        691;20190623;    1;   9.8;   4.2;    1;   0.0;   0;   12.533;   0;   4.3;  13.3; 1021.10;   21.1;   55.54;   28.2;   13.2;   11.7;eor
        691;20190624;    1;  11.1;   4.7;    1;   0.0;   0;   14.333;   0;   6.8;  14.0; 1021.11;   23.9;   49.29;   30.0;   16.6;   14.2;eor
        691;20190625;    1;  10.3;   3.7;    1;   0.0;   0;   13.233;   0;   5.5;  16.4; 1018.21;   26.8;   46.54;   33.3;   19.0;   16.7;eor
        691;20190626;    1;  12.0;   5.2;    1;   0.0;   0;   12.750;   0;   2.8;  18.5; 1022.20;   21.8;   71.08;   27.7;   14.8;   14.7;eor
        691;20190627;    1;  11.8;   5.9;    1;   0.0;   6;    1.367;   0;   7.0;  12.5; 1027.07;   15.5;   71.00;   19.7;   13.4;   12.7;eor
        691;20190628;    1;   9.1;   3.5;    1;   0.0;   0;    9.983;   0;   4.0;  13.0; 1025.14;   17.5;   65.58;   23.0;   13.5;   11.3;eor
        691;20190629;    1;   7.2;   2.0;    1;   0.0;   0;   16.067;   0;   0.1;  12.9; 1019.13;   22.3;   54.17;   31.6;    9.8;    6.7;eor
        691;20190630;    1;  15.6;   5.2;    1;   0.0;   0;   15.317;   0;   2.0;  15.4; 1011.97;   24.1;   53.75;   35.4;   14.3;   11.7;eor
        691;20190701;    1;  16.8;   6.2;    1;   0.3;   6;    8.917;   0;   4.0;  13.5; 1014.99;   19.1;   63.71;   26.1;   12.8;   10.0;eor
