STATIONS_ID;MESS_DATUM;QN_3;  FX;  FM;QN_4; RSK;RSKF; SDK;SHK_TAG;  NM; VPM;  PM; TMK; UPM; TXK; TNK; TGK;eor
       3668;20180106;   10;   4.1;   1.7;    3;   0.0;   6;    1.150;   0;   6.0;   9.1;  971.08;    6.2;   95.08;    9.2;    1.5;   -0.6;eor
       3668;20180107;   10;   9.4;   2.5;    3;   0.0;   0;    0.000;   0;   7.3;   7.6;  981.60;    4.4;   90.50;    6.8;    0.2;   -1.3;eor
       3668;20180108;   10;  12.2;   4.8;    3;   0.0;   0;    1.517;   0;   7.5;   7.2;  984.77;    5.2;   80.75;    7.2;    4.0;    2.9;eor
       3668;20180109;   10;   8.1;   2.8;    3;   0.0;   6;    1.350;   0;   6.0;   7.5;  976.54;    5.0;   86.38;    9.0;    0.9;   -1.9;eor
       3668;20180110;   10;   6.2;   2.3;    3;   0.0;   0;    6.483;   0;   5.0;   6.9;  975.65;    3.2;   89.71;    9.4;   -1.6;   -2.8;eor
       3668;20180111;   10;   6.3;   1.7;    3;   0.0;   6;    0.000;   0;   7.6;   6.9;  978.76;    3.0;   91.08;    4.6;    0.3;   -1.2;eor
       3668;20180112;   10;   6.2;   1.4;    3;   0.0;   6;    0.000;   0;   7.3;   6.9;  986.91;    3.4;   89.29;    4.4;   -1.0;   -2.9;eor
       3668;20180113;   10;   9.6;   2.9;    3;   0.0;   0;    0.000;   0;   7.6;   5.8;  987.25;    1.8;   83.67;    4.2;   -2.3;   -3.1;eor
       3668;20180114;   10;   9.1;   2.9;    3;   0.0;   0;    1.533;   0;   5.4;   4.8;  984.82;    0.3;   76.88;    3.6;   -3.9;   -6.5;eor
       3668;20180115;   10;  13.4;   4.9;    3;   2.0;   6;    0.683;   0;   5.5;   5.2;  977.56;    0.1;   84.83;    4.6;   -5.7;   -7.0;eor
       3668;20180116;   10;  18.0;   6.3;    3;   8.1;   8;    0.183;   0;   7.2;   7.2;  960.25;    5.0;   82.88;    7.3;    2.3;    0.4;eor
       3668;20180117;   10;  17.7;   6.3;    3;   3.8;   8;    2.067;   0;   6.9;   5.7;  964.51;    1.7;   83.29;    2.8;   -0.1;   -0.4;eor
       3668;20180118;   10;  26.6;   6.6;    3;   9.0;   8;    0.717;   1;   6.0;   6.5;  965.99;    4.0;   80.54;    9.7;    0.6;   -0.7;eor
       3668;20180119;   10;  13.4;   3.5;    3;   1.0;   8;    0.750;   1;   6.6;   5.9;  971.08;    2.1;   83.58;    4.4;    0.2;   -1.5;eor
       3668;20180120;   10;   7.2;   2.8;    3;   5.5;   8;    0.000;   1;   7.7;   6.2;  969.15;    1.0;   93.58;    2.8;   -0.3;   -1.9;eor
       3668;20180121;   10;  12.7;   3.8;    3;   1.8;   7;    0.050;   1;   7.0;   5.9;  973.93;    0.5;   93.08;    1.8;   -2.5;   -3.9;eor
       3668;20180122;   10;   9.6;   3.3;    3;   0.6;   8;    0.000;   2;   7.9;   6.1;  974.31;    0.6;   95.54;    4.4;   -1.5;   -2.0;eor
       3668;20180123;   10;   9.1;   3.6;    3;   0.1;   6;    0.250;   0;   7.5;   7.4;  986.02;    5.2;   84.29;    7.1;    3.8;    2.6;eor
       3668;20180124;   10;   7.0;   3.6;    3;   0.0;   0;    4.300;   0;   6.7;   8.3;  984.67;    7.2;   81.29;   12.6;    4.5;    3.4;eor
       3668;20180125;   10;   6.5;   3.4;    3;   0.0;   6;    0.017;   0;   7.4;   7.6;  979.00;    6.9;   77.08;   11.2;    3.6;    2.1;eor
       3668;20180126;   10;   4.6;   2.3;    3;   0.0;   6;    0.250;   0;   7.7;   8.3;  980.08;    6.8;   84.25;    9.3;    4.4;    3.5;eor
       3668;20180127;   10;   4.8;   1.8;    3;   0.0;   6;    0.000;   0;   7.3;   8.3;  992.07;    5.1;   94.46;    6.9;    0.8;   -0.7;eor
       3668;20180128;   10;  11.8;   3.7;    3;   0.0;   6;    0.000;   0;   8.0;   8.1;  995.07;    5.8;   88.04;    7.3;    1.7;    0.5;eor
       3668;20180129;   10;  15.4;   5.6;    3;   0.0;   6;    0.000;   0;   8.0;   8.7;  991.07;    7.6;   82.75;    8.6;    6.5;    5.7;eor
       3668;20180130;   10;  13.7;   4.0;    3;   0.0;   6;    8.050;   0;   4.8;   6.7;  990.04;    4.5;   78.88;    8.6;   -1.2;   -2.9;eor
       3668;20180131;   10;  10.6;   4.1;    3;   2.6;   6;    0.050;   0;   7.3;   7.5;  975.65;    5.9;   81.08;    9.3;    0.4;    0.2;eor
       3668;20180201;   10;   8.7;   3.2;    3;   1.1;   8;    0.133;   0;   7.5;   6.7;  966.12;    3.1;   86.88;    5.9;    1.0;   -1.1;eor
       3668;20180202;   10;  10.1;   3.6;    3;   0.2;   8;    1.817;   0;   6.1;   5.7;  968.90;    1.9;   81.21;    3.9;   -1.6;   -3.8;eor
       3668;20180203;   10;   8.4;   2.6;    3;   0.0;   7;    0.367;   0;   7.5;   5.7;  968.91;    1.6;   83.75;    3.9;   -0.7;   -1.8;eor
       3668;20180204;   10;   5.5;   1.7;    3;   0.0;   7;    1.633;   0;   5.3;   5.2;  977.30;   -0.3;   87.50;    3.6;   -3.4;   -5.6;eor
       3668;20180205;   10;   9.8;   3.1;    3;   0.0;   0;    9.000;   0;   1.6;   4.2;  984.65;   -0.7;   72.75;    2.7;   -3.9;   -6.0;eor
       3668;20180206;   10;   8.7;   3.2;    3;   0.0;   0;    4.417;   0;   3.8;   4.0;  976.45;   -1.4;   73.25;    3.1;   -4.6;   -6.4;eor
       3668;20180207;   10;   7.5;   2.0;    3;   0.0;   0;    1.400;   0;   5.1;   4.2;  974.87;   -2.1;   80.33;    1.2;   -5.8;   -7.9;eor
       3668;20180208;   10;   4.1;   1.2;    3;   0.0;   7;    0.000;   0;   7.5;   4.5;  980.35;   -1.3;   81.92;    0.2;   -3.1;   -4.7;eor
       3668;20180209;   10;   7.2;   1.9;    3;   0.0;   7;    0.000;   0;   7.3;   4.7;  978.79;   -0.8;   82.50;    1.5;   -4.8;   -6.5;eor
       3668;20180210;   10;   6.0;   2.0;    3;   0.0;   8;    0.000;   0;   8.0;   5.2;  978.49;    0.6;   81.88;    2.4;   -0.7;   -1.3;eor
       3668;20180211;   10;   9.3;   3.2;    3;   0.7;   8;    0.000;   0;   7.8;   5.9;  970.80;    1.6;   85.67;    2.6;    0.2;   -0.9;eor
       3668;20180212;   10;  11.3;   2.7;    3;   0.5;   7;    0.967;   0;   6.8;   5.5;  975.62;    0.4;   87.25;    3.1;   -2.5;   -5.4;eor
       3668;20180213;   10;   6.2;   2.4;    3;   0.0;   0;    6.550;   1;   1.2;   4.0;  978.27;   -1.9;   77.38;    2.7;   -6.0;   -8.2;eor
       3668;20180214;   10;   5.1;   1.5;    3;   0.0;   0;    9.433;   0;   0.4;   3.5;  980.09;   -2.5;   71.96;    4.1;   -7.9;  -10.6;eor
       3668;20180215;   10;  10.6;   4.4;    3;   4.0;   8;    0.000;   0;   7.0;   4.6;  980.82;   -1.3;   81.17;    1.9;   -7.1;   -8.2;eor
       3668;20180216;   10;   3.9;   1.5;    3;   0.0;   6;    0.783;   0;   6.8;   6.3;  986.91;    1.1;   95.75;    3.8;   -1.7;   -3.7;eor
       3668;20180217;   10;   6.7;   1.7;    3;   0.3;   7;    0.000;   0;   7.7;   5.4;  984.25;   -0.3;   90.33;    1.1;   -2.4;   -3.2;eor
       3668;20180218;   10;   7.2;   1.8;    3;   0.0;   0;    4.717;   0;   4.5;   4.9;  988.17;   -0.1;   81.25;    4.1;   -4.8;   -6.9;eor
       3668;20180219;   10;   5.7;   1.8;    3;   0.0;   0;    3.933;   0;   4.7;   4.3;  981.98;   -1.6;   80.00;    2.5;   -5.1;   -7.0;eor
       3668;20180220;   10;   5.7;   1.9;    3;   0.0;   7;    0.000;   0;   6.5;   4.4;  978.58;   -2.4;   85.71;    0.2;   -5.2;   -7.0;eor
       3668;20180221;   10;  10.1;   2.7;    3;   0.0;   0;    9.333;   0;   1.8;   3.9;  981.80;   -1.6;   73.75;    4.0;   -5.9;   -8.5;eor
       3668;20180222;   10;  13.4;   4.2;    3;   0.0;   0;    9.517;   0;   2.3;   3.1;  980.77;   -1.3;   57.67;    2.2;   -4.2;   -6.4;eor
       3668;20180223;   10;  10.5;   4.1;    3;   0.0;   0;    9.783;   0;   0.9;   3.0;  980.20;   -1.8;   56.96;    2.6;   -5.1;   -7.3;eor
       3668;20180224;   10;  14.6;   4.8;    3;   0.0;   0;    9.950;   0;   1.2;   2.5;  983.98;   -2.8;   52.13;    2.1;   -6.7;   -9.0;eor
       3668;20180225;   10;  11.3;   4.1;    3;   0.0;   0;   10.333;   0;   0.6;   1.8;  986.81;   -6.1;   48.88;   -1.9;   -9.4;  -11.7;eor
       3668;20180226;   10;  10.8;   3.7;    3;   0.0;   0;    8.017;   0;   2.2;   1.7;  984.29;   -8.4;   54.04;   -4.4;  -11.8;  -14.7;eor
       3668;20180227;   10;  12.7;   2.7;    3;   0.0;   0;    8.083;   0;   6.3;   1.7;  979.49;   -9.6;   57.67;   -4.7;  -13.1;  -15.3;eor
       3668;20180228;   10;  11.1;   3.9;    3;   0.0;   0;    9.567;   0;   2.0;   1.7;  980.38;  -10.0;   60.92;   -5.6;  -14.7;  -17.6;eor
       3668;20180301;   10;  13.7;   5.7;    3;   0.0;   0;    8.150;   0;   5.8;   1.9;  970.69;   -6.3;   50.96;   -0.7;  -10.5;  -11.7;eor
       3668;20180302;   10;   9.3;   3.4;    3;   2.2;   7;    5.800;   0;   6.1;   2.5;  961.40;   -4.2;   57.46;    0.7;   -9.8;  -12.5;eor
       3668;20180303;   10;   6.3;   2.9;    3;   0.4;   7;    0.933;   4;   7.0;   4.3;  961.77;   -1.9;   81.46;    2.5;   -4.7;   -5.0;eor
       3668;20180304;   10;   7.7;   3.8;    3;   0.0;   6;    5.350;   1;   6.2;   5.7;  963.37;    2.3;   79.63;    8.7;   -1.5;   -2.0;eor
       3668;20180305;   10;   7.4;   3.2;    3;   0.0;   0;    6.617;   0;   6.8;   5.8;  960.38;    3.7;   73.75;   10.6;   -0.9;   -3.2;eor
       3668;20180306;   10;   5.1;   1.5;    3;   3.3;   8;    0.000;   0;   7.8;   5.4;  955.37;   -0.1;   89.38;    2.3;   -2.8;   -4.3;eor
       3668;20180307;   10;  10.8;   3.7;    3;   0.0;   0;    2.717;   1;   6.7;   6.7;  959.77;    5.3;   76.54;    9.5;    0.8;    0.0;eor
       3668;20180308;   10;  13.9;   4.3;    3;   2.3;   8;    4.767;   0;   5.5;   6.1;  968.04;    6.2;   65.79;   11.2;    2.3;   -0.7;eor
       3668;20180309;   10;   8.7;   2.8;    3;   2.8;   8;    0.000;   0;   8.0;   7.8;  972.07;    4.4;   91.75;    7.7;    0.8;    0.0;eor
       3668;20180310;   10;   7.2;   3.5;    3;   2.0;   6;    0.367;   0;   7.7;   9.8;  968.94;    8.6;   87.63;   13.1;    5.1;    4.4;eor
       3668;20180311;   10;   9.3;   3.1;    3;   6.0;   6;    5.800;   0;   5.8;   9.1;  962.09;   10.6;   74.17;   16.9;    3.1;    1.7;eor
       3668;20180312;   10;  12.9;   3.4;    3;   0.1;   6;    0.233;   0;   6.9;   9.9;  959.29;    9.5;   83.79;   12.5;    6.5;    4.6;eor
       3668;20180313;   10;  14.1;   5.7;    3;   2.3;   6;    0.467;   0;   7.1;   8.0;  967.45;    7.6;   76.75;   10.2;    4.0;    3.4;eor
       3668;20180314;   10;   8.7;   2.9;    3;   0.0;   6;    0.067;   0;   6.1;   6.6;  974.09;    4.0;   81.50;    7.1;   -1.4;   -3.7;eor
       3668;20180315;   10;  12.3;   4.6;    3;   0.8;   6;    9.500;   0;   4.3;   6.2;  964.37;    5.0;   72.42;   11.9;   -2.0;   -4.6;eor
       3668;20180316;   10;   9.1;   3.2;    3;   1.4;   6;    0.133;   0;   7.5;   8.5;  964.28;    6.2;   89.04;    9.3;    1.4;    1.3;eor
       3668;20180317;   10;  15.4;   4.9;    3;   1.6;   7;    0.000;   0;   8.0;   4.8;  964.40;   -0.3;   80.04;    1.6;   -3.6;   -3.7;eor
       3668;20180318;   10;  10.8;   4.2;    3;   0.1;   7;    0.000;   4;   8.0;   3.4;  967.91;   -3.1;   70.42;   -2.2;   -4.4;   -5.0;eor
       3668;20180319;   10;   8.4;   3.3;    3;   0.0;   0;    7.667;   3;   6.7;   3.0;  972.02;   -1.9;   56.04;    1.8;   -4.9;   -4.8;eor
       3668;20180320;   10;   9.4;   3.2;    3;   0.3;   7;    6.150;   0;   5.0;   3.9;  978.01;   -1.9;   73.17;    2.2;   -6.1;   -8.2;eor
       3668;20180321;   10;   8.2;   2.9;    3;   0.0;   0;   11.300;   1;   2.3;   3.5;  987.66;   -0.4;   62.17;    4.9;   -4.9;   -6.9;eor
       3668;20180322;   10;  11.1;   3.4;    3;   2.6;   8;    0.117;   0;   7.1;   4.6;  980.14;   -0.4;   75.79;    4.8;   -5.7;   -7.3;eor
       3668;20180323;   10;   5.5;   1.9;    3;   0.2;   6;    0.283;   0;   7.7;   7.0;  970.78;    2.8;   94.54;    5.5;    0.9;    0.6;eor
       3668;20180324;   10;  12.7;   3.3;    3;   0.0;   0;    8.267;   0;   4.8;   5.7;  965.95;    4.4;   71.38;   11.2;   -1.0;   -4.2;eor
       3668;20180325;   10;   6.7;   1.3;    3;   0.0;   0;   11.183;   0;   3.5;   5.2;  969.30;    3.8;   68.58;   11.7;   -3.5;   -6.3;eor
       3668;20180326;   10;   8.2;   1.4;    3;   0.5;   6;    0.033;   0;   7.2;   6.3;  975.50;    3.4;   81.42;    9.0;   -2.0;   -4.2;eor
       3668;20180327;   10;  10.3;   2.1;    3;   2.0;   6;    3.800;   0;   6.6;   6.6;  975.96;    5.9;   71.96;    9.7;    2.6;    1.1;eor
       3668;20180328;   10;  11.7;   4.4;    3;   8.2;   6;    0.883;   0;   7.9;   9.0;  967.22;    8.1;   84.00;   12.2;    4.7;    4.1;eor
       3668;20180329;   10;  15.3;   4.1;    3;   0.0;   0;    3.033;   0;   6.2;   6.1;  969.80;    5.7;   66.58;    9.6;   -0.7;   -2.8;eor
       3668;20180330;   10;  11.1;   3.8;    3;   0.1;   6;    9.967;   0;   5.4;   6.6;  966.15;    7.5;   66.00;   15.1;   -2.2;   -3.6;eor
       3668;20180331;   10;   9.4;   3.4;    3;   0.0;   6;    1.483;   0;   6.9;   8.2;  961.80;    7.2;   81.33;   10.6;    0.9;   -1.5;eor
       3668;20180401;   10;  18.9;   5.3;    3;   2.7;   8;    1.967;   0;   7.3;   7.3;  969.80;    5.1;   83.75;    9.6;    0.7;   -0.7;eor
       3668;20180402;   10;   8.7;   3.5;    3;   0.1;   6;    9.617;   0;   5.3;   6.6;  973.25;    8.4;   63.75;   14.3;    1.6;   -0.6;eor
       3668;20180403;   10;  11.7;   3.8;    3;   0.0;   6;    7.500;   0;   6.2;   7.9;  968.74;   14.7;   49.67;   21.7;    7.1;    5.1;eor
       3668;20180404;   10;  18.3;   4.1;    3;   0.1;   6;    8.000;   0;   5.6;   8.8;  968.22;   14.0;   58.38;   22.7;    7.6;    5.4;eor
       3668;20180405;   10;  17.1;   5.8;    3;   0.1;   8;    1.517;   0;   5.6;   7.8;  975.82;    9.3;   66.00;   13.9;    2.9;   -0.5;eor
       3668;20180406;   10;  11.3;   3.4;    3;   0.0;   0;   12.717;   0;   1.5;   5.4;  984.04;    6.9;   58.21;   14.7;   -2.7;   -4.8;eor
       3668;20180407;   10;   8.7;   3.4;    3;   0.0;   0;   12.783;   0;   1.0;   5.6;  977.53;   11.9;   43.83;   22.1;    1.1;   -2.6;eor
       3668;20180408;   10;   8.1;   3.0;    3;   0.0;   0;   12.417;   0;   0.4;   8.4;  972.67;   13.0;   58.63;   21.7;    5.4;    1.5;eor
       3668;20180409;   10;   8.2;   1.8;    3;   0.0;   0;    7.283;   0;   5.1;   8.5;  968.04;   13.3;   60.92;   23.0;    2.9;    0.4;eor
       3668;20180410;   10;  11.5;   2.6;    3;   4.6;   6;    8.700;   0;   4.8;  10.1;  966.03;   13.2;   69.63;   21.9;    4.8;    2.9;eor
       3668;20180411;   10;   6.5;   2.1;    3;   0.0;   6;    4.883;   0;   5.5;  10.7;  968.91;   12.6;   75.63;   18.0;    8.7;    6.1;eor
       3668;20180412;   10;  10.6;   3.7;    3;   0.4;   6;    4.867;   0;   6.3;  10.0;  963.54;   16.1;   56.46;   23.1;    9.1;    6.4;eor
       3668;20180413;   10;  13.4;   3.2;    3;   1.7;   6;    1.450;   0;   7.3;  10.5;  970.65;   10.7;   81.58;   15.5;    6.9;    5.6;eor
       3668;20180414;   10;   6.7;   2.3;    3;   0.0;   0;   10.717;   0;   3.9;   8.8;  981.46;   12.0;   66.38;   18.7;    4.5;    3.1;eor
       3668;20180415;   10;   4.8;   1.3;    3;   0.0;   6;    5.133;   0;   6.9;   9.8;  975.36;   12.9;   68.21;   20.0;    4.0;    2.0;eor
       3668;20180416;   10;   7.2;   2.1;    3;   0.0;   6;    2.817;   0;   6.5;  11.9;  976.95;   13.8;   76.13;   18.7;    8.3;    6.1;eor
       3668;20180417;   10;   6.2;   1.7;    3;   0.0;   0;   11.717;   0;   2.0;  10.0;  987.59;   14.1;   67.38;   21.9;    5.8;    3.4;eor
       3668;20180418;   10;  12.9;   2.2;    3;   0.0;   0;   13.233;   0;   1.0;   9.0;  993.26;   16.1;   55.29;   24.7;    5.5;    3.0;eor
       3668;20180419;   10;   8.9;   2.3;    3;   0.0;   0;   13.200;   0;   2.2;   8.1;  991.10;   17.8;   45.21;   26.3;    7.4;    3.7;eor
       3668;20180420;   10;   9.1;   2.6;    3;   0.0;   0;   13.183;   0;   4.0;  10.1;  986.07;   19.1;   50.21;   28.1;    7.9;    4.6;eor
       3668;20180421;   10;   7.4;   2.4;    3;   0.0;   0;   12.600;   0;   2.1;  11.1;  981.66;   18.5;   53.92;   26.4;    8.6;    6.5;eor
       3668;20180422;   10;  10.3;   2.2;    3;   0.0;   0;   11.350;   0;   3.4;  11.4;  977.97;   19.2;   56.54;   28.0;    9.2;    7.2;eor
       3668;20180423;   10;  14.2;   3.4;    3;   4.6;   6;    4.500;   0;   6.8;  13.2;  978.30;   16.8;   69.54;   22.8;   12.9;   10.1;eor
       3668;20180424;   10;  13.7;   3.8;    3;   0.0;   0;    9.850;   0;   6.3;  11.4;  979.91;   15.1;   68.92;   20.1;   10.2;    7.9;eor
       3668;20180425;   10;  18.2;   5.9;    3;   0.0;   6;    7.450;   0;   5.3;  10.6;  975.45;   15.0;   65.04;   21.6;    7.9;    6.6;eor
       3668;20180426;   10;  15.1;   5.3;    3;   0.0;   6;    8.217;   0;   4.5;   7.5;  979.82;   11.3;   56.79;   15.1;    3.1;    1.6;eor
       3668;20180427;   10;  10.8;   3.6;    3;   0.0;   0;   12.017;   0;   4.4;   7.4;  975.81;   12.1;   55.42;   20.2;    0.9;   -0.6;eor
       3668;20180428;   10;   7.0;   2.2;    3;   1.5;   6;    9.083;   0;   6.8;  10.0;  975.06;   15.6;   57.71;   20.6;   10.2;    8.5;eor
       3668;20180429;   10;  10.8;   3.6;    3;   0.0;   0;   12.533;   0;   3.5;  11.5;  969.28;   19.2;   55.88;   27.2;   10.3;    8.3;eor
       3668;20180430;   10;  13.2;   5.1;    3;   0.2;   6;    6.000;   0;   5.8;   8.6;  967.67;   15.2;   51.08;   20.5;   10.5;    9.6;eor
       3668;20180501;   10;   9.9;   3.6;    3;   0.0;   6;    6.033;   0;   5.8;   7.5;  975.48;   10.4;   60.08;   14.3;    2.4;    0.9;eor
       3668;20180502;   10;   8.7;   2.6;    3;   0.0;   6;    5.167;   0;   6.7;   8.8;  974.28;   11.9;   64.63;   19.6;    2.7;    0.4;eor
       3668;20180503;   10;  10.8;   4.2;    3;   0.0;   0;    6.800;   0;   6.8;  10.2;  976.10;   15.1;   60.46;   20.6;    9.5;    7.2;eor
       3668;20180504;   10;  11.5;   3.9;    3;   0.0;   0;    9.767;   0;   3.3;  10.2;  981.03;   15.9;   57.33;   22.8;    9.7;    7.2;eor
       3668;20180505;   10;  10.8;   3.5;    3;   0.0;   0;   13.300;   0;   0.8;  10.0;  984.08;   17.1;   53.08;   24.5;    8.2;    5.9;eor
       3668;20180506;   10;  11.1;   3.2;    3;   0.0;   0;   14.317;   0;   0.1;   7.4;  984.58;   17.0;   40.00;   23.9;    9.3;    5.8;eor
       3668;20180507;   10;  10.6;   3.5;    3;   0.0;   0;   14.317;   0;   0.6;   8.3;  980.78;   18.0;   43.92;   25.6;    7.3;    3.9;eor
       3668;20180508;   10;  12.3;   4.3;    3;   0.0;   0;   13.733;   0;   0.7;   9.1;  974.41;   19.0;   42.75;   25.8;   11.3;    7.2;eor
       3668;20180509;   10;  10.8;   2.6;    3;   0.0;   6;    8.933;   0;   4.1;  10.7;  970.28;   18.3;   53.58;   25.6;   11.3;    8.4;eor
       3668;20180510;   10;  12.9;   3.0;    3;  15.3;   6;    6.217;   0;   5.5;  12.0;  973.44;   14.5;   75.04;   25.1;    8.9;    7.3;eor
       3668;20180511;   10;   6.2;   2.3;    3;   0.0;   0;    3.950;   0;   6.0;  13.0;  981.11;   14.2;   80.88;   19.1;   11.5;   10.7;eor
       3668;20180512;   10;   9.9;   2.1;    3;   0.0;   0;   11.783;   0;   1.8;  12.9;  977.17;   18.1;   65.88;   26.5;    8.3;    7.1;eor
       3668;20180513;   10;  12.9;   3.1;    3;   2.2;   6;    9.733;   0;   3.9;  14.9;  971.22;   19.2;   69.75;   27.3;   12.6;   10.5;eor
       3668;20180514;   10;  13.4;   3.7;    3;   0.6;   6;    8.033;   0;   6.4;  13.5;  970.81;   18.8;   65.88;   26.4;   13.7;   10.4;eor
       3668;20180515;   10;  11.8;   3.4;    3;   9.7;   6;    7.117;   0;   5.1;  10.4;  974.42;   14.9;   63.33;   20.1;   10.7;    7.9;eor
       3668;20180516;   10;  13.4;   2.9;    3;   7.2;   6;    3.100;   0;   7.3;  12.9;  975.43;   13.2;   85.08;   18.0;   11.0;   10.8;eor
       3668;20180517;   10;   9.8;   3.3;    3;   0.1;   6;    0.950;   0;   7.0;  13.3;  978.52;   14.2;   82.54;   18.5;    9.7;    6.8;eor
       3668;20180518;   10;   8.4;   2.5;    3;   0.0;   0;   12.567;   0;   3.0;  10.5;  981.81;   12.5;   74.88;   18.5;    6.8;    4.9;eor
       3668;20180519;   10;   9.8;   2.0;    3;   0.0;   6;    9.117;   0;   6.1;  10.2;  982.22;   13.3;   69.75;   20.8;    4.6;    3.5;eor
       3668;20180520;   10;  12.2;   3.6;    3;   0.1;   6;    6.650;   0;   6.0;   9.8;  982.36;   17.1;   54.00;   23.0;   11.4;   10.7;eor
       3668;20180521;   10;  12.0;   3.8;    3;   0.1;   6;   12.500;   0;   2.5;  11.0;  977.60;   18.3;   53.75;   25.1;   12.3;   10.1;eor
       3668;20180522;   10;   9.8;   2.2;    3;   0.0;   6;   10.617;   0;   4.3;  10.9;  975.32;   19.6;   50.96;   26.1;    9.8;    7.9;eor
       3668;20180523;   10;  11.8;   2.6;    3;  11.8;   6;    4.317;   0;   6.8;  14.2;  979.40;   17.5;   71.58;   24.2;   12.4;   11.2;eor
       3668;20180524;   10;   6.5;   2.0;    3;  17.8;   6;    3.617;   0;   7.0;  16.6;  981.05;   16.5;   88.50;   20.5;   13.9;   12.6;eor
       3668;20180525;   10;   8.7;   2.3;    3;   0.9;   6;    9.717;   0;   3.4;  15.7;  981.53;   17.6;   79.63;   23.4;   11.8;   10.2;eor
       3668;20180526;   10;   6.2;   1.7;    3;   0.0;   0;   12.133;   0;   4.1;  15.2;  983.15;   19.7;   69.67;   26.6;   11.6;   10.2;eor
       3668;20180527;   10;   6.7;   1.8;    3;   0.0;   0;   10.083;   0;   5.7;  15.7;  981.37;   21.4;   64.46;   28.4;   12.9;   11.6;eor
       3668;20180528;   10;  12.2;   2.2;    3;   0.0;   0;   14.350;   0;   2.4;  15.4;  979.50;   22.8;   58.96;   30.1;   13.6;   12.1;eor
       3668;20180529;   10;  19.0;   2.4;    3;   8.0;   6;    9.133;   0;   5.6;  18.7;  976.35;   21.8;   74.08;   29.3;   15.7;   13.9;eor
       3668;20180530;   10;   6.2;   1.8;    3;   0.0;   0;   14.500;   0;   3.6;  16.8;  977.75;   21.8;   67.25;   28.4;   15.1;   14.1;eor
       3668;20180531;   10;  11.1;   2.4;    3;   0.4;   6;    9.167;   0;   5.2;  17.4;  976.97;   22.4;   65.83;   29.7;   16.4;   15.5;eor
       3668;20180601;   10;  11.1;   3.6;    3;   0.0;   6;    7.133;   0;   4.9;  15.9;  980.31;   20.2;   68.58;   25.1;   15.8;   13.6;eor
       3668;20180602;   10;   9.3;   2.5;    3;   0.0;   0;   12.300;   0;   3.2;  15.0;  981.32;   19.2;   69.08;   24.5;   12.7;   11.3;eor
       3668;20180603;   10;   8.1;   1.9;    3;   0.0;   0;   14.733;   0;   1.3;  14.1;  979.76;   20.8;   61.04;   27.8;   11.7;   10.3;eor
       3668;20180604;   10;   8.7;   2.2;    3;   0.0;   0;   13.317;   0;   2.4;  14.4;  974.25;   22.5;   56.29;   28.6;   13.8;   11.9;eor
       3668;20180605;   10;   9.1;   2.6;    3;   0.0;   0;   14.217;   0;   2.0;  14.2;  973.66;   22.1;   56.67;   28.7;   15.1;   13.1;eor
       3668;20180606;   10;  10.6;   2.6;    3;   0.0;   0;   11.283;   0;   3.7;  15.4;  975.55;   21.9;   61.21;   29.2;   13.8;   12.0;eor
       3668;20180607;   10;  11.3;   2.8;    3;   0.0;   6;    7.017;   0;   5.9;  17.0;  977.53;   21.4;   68.71;   29.1;   16.6;   15.7;eor
       3668;20180608;   10;   9.1;   2.3;    3;   0.0;   0;    9.367;   0;   5.6;  16.9;  975.03;   22.4;   65.33;   29.6;   16.2;   15.4;eor
       3668;20180609;   10;  11.3;   2.2;    3;   0.0;   6;    9.667;   0;   4.2;  17.6;  974.46;   21.1;   72.58;   29.4;   15.1;   13.7;eor
       3668;20180610;   10;   9.3;   2.5;    3;   0.2;   6;   12.300;   0;   4.8;  17.2;  974.45;   22.3;   66.92;   29.3;   14.9;   14.1;eor
       3668;20180611;   10;  13.5;   2.5;    3;  12.8;   6;    6.167;   0;   6.1;  18.7;  972.67;   21.1;   76.83;   28.2;   16.5;   15.8;eor
       3668;20180612;   10;   7.7;   3.1;    3;   0.0;   6;    3.433;   0;   7.0;  16.6;  972.03;   18.6;   78.04;   22.4;   15.6;   15.3;eor
       3668;20180613;   10;  10.1;   4.4;    3;   0.0;   6;    0.183;   0;   7.7;  11.5;  975.63;   14.9;   67.71;   16.7;   13.1;   12.7;eor
       3668;20180614;   10;   6.2;   1.5;    3;   0.0;   0;    3.767;   0;   6.3;  10.9;  979.40;   15.6;   62.96;   20.4;   11.4;    9.7;eor
       3668;20180615;   10;   5.1;   2.0;    3;   0.0;   0;    9.867;   0;   4.9;  11.7;  979.85;   17.1;   62.83;   23.7;    9.2;    8.2;eor
       3668;20180616;   10;   5.8;   1.5;    3;   0.0;   0;    6.850;   0;   4.5;  12.6;  978.81;   19.4;   59.25;   25.9;   10.1;    8.7;eor
       3668;20180617;   10;  10.3;   3.3;    3;   0.0;   6;    7.267;   0;   6.0;  13.7;  980.41;   18.5;   65.63;   23.8;   12.4;   11.9;eor
       3668;20180618;   10;   8.2;   3.1;    3;   0.0;   0;    7.150;   0;   5.1;  12.4;  984.61;   18.6;   59.58;   24.7;   13.4;   11.9;eor
       3668;20180619;   10;   7.4;   2.5;    3;   0.0;   0;    2.967;   0;   6.0;  14.9;  986.42;   19.4;   67.04;   25.0;   12.1;   10.9;eor
       3668;20180620;   10;   6.3;   1.6;    3;   0.0;   0;   12.917;   0;   2.6;  15.5;  983.57;   22.8;   59.79;   30.4;   13.4;   12.3;eor
       3668;20180621;   10;  15.6;   5.8;    3;   0.0;   0;   10.783;   0;   3.5;  13.3;  978.91;   20.6;   54.75;   28.2;   10.8;    8.4;eor
       3668;20180622;   10;  16.5;   5.2;    3;   3.3;   8;    7.983;   0;   4.7;   9.0;  985.45;   12.3;   62.79;   16.8;    8.2;    5.9;eor
       3668;20180623;   10;  12.2;   3.4;    3;   0.0;   6;    4.700;   0;   6.1;   9.7;  986.58;   12.9;   66.54;   17.6;    6.7;    5.3;eor
       3668;20180624;   10;   9.8;   2.9;    3;   0.0;   0;    3.267;   0;   7.1;  10.3;  983.33;   15.4;   60.54;   20.2;    9.6;    8.7;eor
       3668;20180625;   10;   8.7;   3.0;    3;   0.0;   0;    6.617;   0;   6.4;  10.9;  984.22;   16.7;   59.13;   22.5;   12.6;   11.5;eor
       3668;20180626;   10;   7.2;   1.8;    3;   0.0;   6;    6.150;   0;   5.5;  12.5;  985.18;   17.4;   64.17;   22.7;   12.7;   10.0;eor
       3668;20180627;   10;  13.4;   2.9;    3;   0.0;   6;    8.900;   0;   3.6;  11.2;  984.62;   17.4;   59.71;   23.9;   10.8;    9.2;eor
       3668;20180628;   10;  11.3;   2.6;    3;   1.5;   6;    2.500;   0;   6.9;  14.0;  981.86;   17.1;   72.88;   23.0;   10.6;    9.0;eor
       3668;20180629;   10;   9.8;   2.4;    3;   0.0;   0;    7.467;   0;   5.3;  15.4;  978.14;   21.6;   62.88;   28.8;   15.7;   13.4;eor
       3668;20180630;   10;   9.4;   3.1;    3;   0.0;   0;   15.367;   0;   0.6;  11.2;  977.84;   20.0;   51.33;   26.7;   12.1;   10.2;eor
       3668;20180701;   10;  10.3;   3.4;    3;   0.0;   0;   15.617;   0;   0.0;   7.8;  979.98;   18.2;   39.88;   24.8;    8.3;    6.2;eor
       3668;20180702;   10;   7.9;   2.6;    3;   0.0;   0;   15.583;   0;   0.0;   7.5;  978.88;   19.0;   36.50;   26.3;    8.7;    6.9;eor
       3668;20180703;   10;   7.2;   1.8;    3;   0.0;   0;   15.350;   0;   1.0;   8.1;  979.12;   20.6;   37.25;   29.3;    9.5;    7.3;eor
       3668;20180704;   10;   9.8;   2.3;    3;   0.1;   6;   11.083;   0;   5.8;  11.9;  978.02;   21.4;   48.79;   30.9;   11.0;   10.1;eor
       3668;20180705;   10;  19.7;   2.8;    3;   6.9;   6;    8.583;   0;   6.2;  16.1;  976.61;   19.9;   72.63;   29.2;   14.2;   13.0;eor
       3668;20180706;   10;  11.5;   3.4;    3;   7.4;   6;    7.483;   0;   5.2;  16.2;  980.04;   20.0;   72.38;   26.4;   13.8;   11.6;eor
       3668;20180707;   10;  14.1;   2.9;    3;   0.0;   0;   15.200;   0;   2.2;  11.9;  983.95;   19.1;   57.79;   25.9;   11.3;    9.4;eor
       3668;20180708;   10;  10.3;   2.6;    3;   0.0;   0;   12.467;   0;   3.3;  11.1;  983.57;   19.5;   53.00;   27.1;   10.4;    9.5;eor
       3668;20180709;   10;   9.6;   2.6;    3;   0.0;   0;   11.467;   0;   4.8;  12.5;  981.84;   20.3;   55.04;   27.2;   12.1;   10.8;eor
       3668;20180710;   10;   9.4;   2.0;    3;   4.5;   6;    2.117;   0;   6.8;  12.6;  978.36;   16.1;   68.79;   19.2;   11.9;   10.7;eor
       3668;20180711;   10;  10.8;   2.9;    3;   5.3;   6;    2.950;   0;   6.7;  12.3;  978.20;   14.9;   73.54;   19.4;   11.1;   10.2;eor
       3668;20180712;   10;   7.0;   2.5;    3;   0.0;   0;    8.433;   0;   5.2;  13.5;  979.83;   18.4;   66.38;   24.1;   12.8;   12.7;eor
       3668;20180713;   10;   9.4;   1.8;    3;   0.0;   6;   11.100;   0;   3.8;  13.9;  981.82;   20.5;   61.25;   27.3;   12.4;   11.0;eor
       3668;20180714;   10;   7.5;   1.7;    3;   0.0;   6;   12.617;   0;   2.8;  13.6;  980.96;   21.0;   59.04;   28.2;   12.4;   11.2;eor
       3668;20180715;   10;   9.3;   2.0;    3;   1.1;   6;    8.683;   0;   4.0;  13.8;  978.61;   20.8;   59.08;   27.9;   12.8;   11.4;eor
       3668;20180716;   10;   7.7;   2.1;    3;   0.0;   6;    6.583;   0;   4.4;  14.8;  976.80;   19.4;   68.29;   27.2;   14.2;   13.0;eor
       3668;20180717;   10;  11.7;   2.8;    3;   0.0;   0;   11.983;   0;   4.1;  13.1;  977.07;   21.7;   55.83;   30.2;   12.0;   10.8;eor
       3668;20180718;   10;   9.9;   3.1;    3;   0.0;   0;   13.800;   0;   2.5;  13.1;  979.30;   22.2;   50.96;   28.7;   13.9;   11.8;eor
       3668;20180719;   10;  11.7;   2.0;    3;   0.0;   0;   14.950;   0;   1.5;  11.1;  979.88;   20.4;   50.00;   28.1;   11.1;    9.6;eor
       3668;20180720;   10;   7.2;   1.8;    3;   0.0;   6;   13.383;   0;   4.3;  12.2;  976.31;   22.9;   47.46;   30.9;   11.2;   10.1;eor
       3668;20180721;   10;   6.5;   1.9;    3;  14.9;   6;    0.000;   0;   7.5;  18.1;  975.20;   19.1;   82.42;   21.9;   17.4;   17.2;eor
       3668;20180722;   10;   5.0;   2.0;    3;   3.8;   6;    0.000;   0;   7.8;  18.4;  977.26;   18.4;   87.42;   21.4;   16.3;   16.5;eor
       3668;20180723;   10;   7.4;   2.0;    3;   0.0;   0;    8.633;   0;   4.8;  17.1;  979.46;   22.0;   68.17;   28.8;   16.6;   16.3;eor
       3668;20180724;   10;   6.7;   2.0;    3;   0.0;   0;   13.700;   0;   1.8;  16.3;  978.03;   23.4;   60.67;   30.9;   15.5;   14.7;eor
       3668;20180725;   10;   8.7;   2.1;    3;   0.0;   0;   14.383;   0;   1.1;  15.4;  977.59;   24.8;   54.00;   32.7;   14.7;   13.7;eor
       3668;20180726;   10;   9.9;   2.4;    3;   0.0;   0;   13.583;   0;   2.1;  14.1;  978.30;   25.6;   47.00;   32.4;   16.2;   15.0;eor
       3668;20180727;   10;  10.6;   2.3;    3;   0.2;   6;   10.100;   0;   3.4;  15.1;  976.39;   24.5;   51.08;   30.1;   17.5;   16.2;eor
       3668;20180728;   10;  11.3;   3.4;    3;   0.0;   0;    9.000;   0;   4.9;  16.2;  973.75;   24.6;   54.88;   32.2;   15.5;   14.6;eor
       3668;20180729;   10;   8.1;   1.7;    3;   0.0;   0;    9.800;   0;   6.5;  15.8;  978.15;   25.0;   52.08;   30.7;   17.7;   16.4;eor
       3668;20180730;   10;-999;   1.8;    3;   0.0;   0;   11.800;   0;   2.5;  15.1;  978.86;   26.3;   48.38;   34.4;   17.4;   16.1;eor
       3668;20180731;   10;   6.7;   2.0;    3;   0.0;   0;   13.017;   0;   1.6;  14.4;  979.12;   27.5;   43.54;   36.0;   17.4;   16.7;eor
       3668;20180801;   10;  12.0;   3.3;    3;   0.0;   0;   11.617;   0;   3.6;  16.6;  981.05;   26.5;   50.04;   33.5;   17.6;   17.0;eor
       3668;20180802;   10;  14.1;   2.8;    3;   0.0;   6;    6.800;   0;   4.5;  19.6;  983.45;   25.7;   60.33;   32.0;   20.9;   19.2;eor
       3668;20180803;   10;   9.4;   2.0;    3;   0.0;   6;   11.617;   0;   2.0;  18.8;  982.57;   26.7;   57.21;   34.6;   18.2;   17.2;eor
       3668;20180804;   10;  14.4;   1.9;    3;   0.0;   0;    9.000;   0;   4.3;  19.2;  980.10;   26.4;   58.33;   34.8;   19.8;   19.2;eor
       3668;20180805;   10;   9.8;   3.1;    3;   0.0;   0;   13.650;   0;   3.8;  16.3;  981.33;   24.4;   56.29;   31.1;   17.5;   15.0;eor
       3668;20180806;   10;   6.7;   2.0;    3;   0.0;   0;   14.250;   0;   2.2;  13.3;  980.11;   24.3;   48.33;   33.7;   13.3;   12.1;eor
       3668;20180807;   10;   7.9;   3.0;    3;   0.0;   0;    8.183;   0;   5.0;  15.2;  976.31;   26.0;   46.42;   33.8;   18.3;   16.7;eor
       3668;20180808;   10;   8.4;   3.0;    3;   0.1;   6;    6.650;   0;   5.3;  17.4;  976.64;   25.3;   55.08;   31.3;   18.6;   16.8;eor
       3668;20180809;   10;  19.0;   4.1;    3;   0.0;   6;   13.250;   0;   2.5;  16.3;  977.17;   25.1;   55.29;   34.9;   16.7;   16.0;eor
       3668;20180810;   10;  10.8;   4.1;    3;   0.0;   0;    5.983;   0;   5.8;  12.0;  985.47;   20.2;   52.00;   24.7;   14.7;   13.6;eor
       3668;20180811;   10;  12.3;   3.9;    3;   0.0;   0;    9.367;   0;   5.2;  11.4;  985.11;   18.8;   55.21;   24.9;   12.9;   11.0;eor
       3668;20180812;   10;   8.1;   2.6;    3;   0.0;   0;   13.467;   0;   3.4;   9.6;  979.58;   20.3;   45.04;   29.6;    9.1;    8.4;eor
       3668;20180813;   10;  13.2;   3.5;    3;   0.3;   6;    6.317;   0;   4.7;  14.5;  973.72;   20.6;   60.67;   29.0;   12.5;   11.3;eor
       3668;20180814;   10;  11.8;   3.4;    3;   0.0;   6;    3.050;   0;   5.5;  15.3;  977.80;   19.1;   70.67;   23.5;   13.4;   12.0;eor
       3668;20180815;   10;   9.1;   2.3;    3;   0.0;   0;    6.200;   0;   5.0;  14.4;  982.64;   19.1;   67.13;   25.1;   13.4;   11.8;eor
       3668;20180816;   10;   8.1;   2.1;    3;   0.0;   0;   12.667;   0;   2.0;  13.1;  979.90;   21.7;   54.83;   30.3;   12.0;   10.8;eor
       3668;20180817;   10;  10.6;   2.5;    3;   0.0;   0;   11.917;   0;   3.9;  12.6;  978.20;   23.8;   46.50;   32.2;   13.7;   12.4;eor
       3668;20180818;   10;   8.2;   2.7;    3;   0.0;   0;   10.900;   0;   4.1;  16.2;  982.78;   22.9;   60.54;   29.6;   17.5;   15.9;eor
       3668;20180819;   10;   7.7;   1.7;    3;   0.0;   0;   12.900;   0;   3.0;  14.5;  982.95;   23.2;   54.58;   31.0;   14.7;   13.8;eor
       3668;20180820;   10;  10.3;   2.8;    3;   0.0;   0;   11.950;   0;   2.3;  14.7;  981.68;   22.9;   54.33;   30.0;   14.8;   13.5;eor
       3668;20180821;   10;   7.5;   2.1;    3;   0.0;   0;   11.667;   0;   2.3;  14.2;  982.41;   22.6;   55.50;   30.0;   13.8;   12.9;eor
       3668;20180822;   10;   5.7;   1.5;    3;   0.0;   0;   11.350;   0;   2.0;  14.6;  980.00;   24.0;   53.00;   32.5;   14.7;   13.6;eor
       3668;20180823;   10;   9.6;   2.7;    3;   0.0;   6;    6.683;   0;   5.3;  16.3;  976.55;   22.6;   59.83;   28.2;   16.2;   15.5;eor
       3668;20180824;   10;  12.3;   3.7;    3;   0.0;   0;    3.133;   0;   7.2;  15.0;  975.13;   19.6;   65.58;   25.1;   15.8;   15.2;eor
       3668;20180825;   10;  10.8;   3.7;    3;   0.8;   6;    1.583;   0;   7.0;  10.9;  976.21;   13.9;   69.42;   17.7;    7.9;    7.0;eor
       3668;20180826;   10;   7.5;   2.0;    3;   0.0;   0;   11.100;   0;   4.4;   8.2;  979.96;   12.8;   60.29;   20.0;    4.8;    3.1;eor
       3668;20180827;   10;  11.1;   3.9;    3;   0.0;   6;    3.233;   0;   5.9;  11.0;  978.86;   16.9;   58.04;   23.6;    8.2;    7.1;eor
       3668;20180828;   10;   5.1;   1.6;    3;   0.0;   0;   11.567;   0;   3.3;  12.7;  981.80;   18.8;   61.50;   25.6;   11.4;    9.5;eor
       3668;20180829;   10;  12.5;   2.0;    3;   1.0;   6;   11.350;   0;   4.6;  12.9;  977.46;   20.9;   56.13;   29.7;    9.4;    7.5;eor
       3668;20180830;   10;  10.8;   4.0;    3;   0.0;   0;    2.667;   0;   6.1;  14.2;  981.37;   17.4;   72.00;   21.3;   10.8;    9.5;eor
       3668;20180831;   10;   5.7;   2.0;    3;   0.3;   6;    0.017;   0;   7.2;  13.0;  983.20;   14.7;   78.54;   18.7;   10.7;   10.3;eor
       3668;20180901;   10;   9.6;   3.1;    3;   2.8;   6;    0.883;   0;   7.3;  11.2;  985.45;   15.6;   64.21;   19.0;   12.8;   12.2;eor
       3668;20180902;   10;   4.6;   1.8;    3;   3.3;   6;    0.000;   0;   8.0;  14.9;  983.75;   14.9;   88.21;   16.5;   13.2;   12.8;eor
       3668;20180903;   10;   4.3;   1.9;    3;   0.5;   6;    1.733;   0;   7.5;  16.9;  979.07;   16.8;   88.21;   20.7;   14.0;   13.3;eor
       3668;20180904;   10;   6.2;   2.0;    3;   0.0;   6;    4.100;   0;   6.8;  17.0;  978.67;   18.3;   82.46;   24.6;   14.4;   13.0;eor
       3668;20180905;   10;   7.4;   1.8;    3;   0.0;   0;    7.500;   0;   3.0;  15.2;  979.52;   18.5;   74.75;   26.5;   12.6;   11.7;eor
       3668;20180906;   10;   8.6;   2.5;    3;   0.4;   6;    8.500;   0;   4.4;  14.6;  975.30;   19.5;   68.42;   27.2;   10.9;    9.5;eor
       3668;20180907;   10;  11.0;   2.7;    3;   0.6;   6;    4.067;   0;   5.3;  15.7;  977.32;   17.3;   79.54;   22.2;   11.8;   10.0;eor
       3668;20180908;   10;   7.2;   2.0;    3;   0.0;   0;   10.083;   0;   3.8;  11.0;  983.48;   16.3;   62.21;   23.0;    9.2;    7.5;eor
       3668;20180909;   10;   5.7;   1.6;    3;   0.0;   0;   10.317;   0;   5.7;  10.6;  984.64;   16.4;   61.04;   25.6;    8.3;    7.6;eor
       3668;20180910;   10;   9.4;   2.2;    3;   0.0;   0;    9.717;   0;   4.7;  10.7;  985.42;   18.1;   56.46;   27.9;    7.0;    6.0;eor
       3668;20180911;   10;  10.3;   2.8;    3;   0.0;   0;   12.083;   0;   3.3;  11.0;  986.63;   19.1;   53.75;   27.2;   10.4;    9.0;eor
       3668;20180912;   10;   9.3;   2.8;    3;   0.3;   6;   12.267;   0;   0.9;  11.7;  983.57;   20.6;   51.79;   30.5;   10.3;    8.9;eor
       3668;20180913;   10;   6.9;   2.2;    3;   2.2;   6;    2.650;   0;   6.6;  15.8;  981.00;   18.0;   77.75;   23.0;   13.0;   12.3;eor
       3668;20180914;   10;   4.1;   1.5;    3;   0.0;   6;    3.400;   0;   6.7;  15.0;  982.50;   17.3;   77.17;   21.9;   13.0;   11.4;eor
       3668;20180915;   10;  10.3;   2.3;    3;   0.0;   0;    9.950;   0;   3.6;  11.0;  986.06;   15.7;   64.71;   21.4;    8.5;    6.9;eor
       3668;20180916;   10;   5.1;   1.6;    3;   0.0;   0;   11.617;   0;   4.3;   9.5;  985.88;   15.0;   60.58;   24.2;    5.0;    3.6;eor
       3668;20180917;   10;   6.2;   2.1;    3;   0.0;   0;   11.483;   0;   2.8;  11.4;  982.98;   18.2;   57.75;   26.8;    9.5;    8.0;eor
       3668;20180918;   10;   7.2;   2.4;    3;   0.0;   6;   11.467;   0;   1.6;  12.7;  979.97;   20.6;   57.21;   30.7;   10.5;    9.1;eor
       3668;20180919;   10;   8.2;   3.2;    3;   0.0;   6;    7.217;   0;   3.6;  15.3;  983.03;   20.8;   63.50;   27.6;   16.4;   15.3;eor
       3668;20180920;   10;   8.6;   2.8;    3;   0.0;   0;   10.333;   0;   2.5;  14.7;  981.50;   21.2;   61.42;   30.3;   13.0;   11.5;eor
       3668;20180921;   10;  18.7;   4.8;    3;   1.5;   6;    5.550;   0;   5.5;  14.1;  976.22;   18.8;   67.92;   28.7;   12.5;   11.6;eor
       3668;20180922;   10;   8.9;   3.7;    3;   1.7;   6;    1.850;   0;   7.2;   8.8;  984.05;   13.6;   58.04;   17.9;   10.4;    9.0;eor
       3668;20180923;   10;  22.5;   5.9;    3;  19.6;   6;    1.083;   0;   7.6;  13.7;  975.67;   14.3;   82.79;   23.9;    8.1;    7.3;eor
       3668;20180924;   10;  12.5;   5.4;    3;   0.0;   0;    6.417;   0;   4.9;   8.2;  992.17;    9.5;   69.88;   14.0;    6.0;    3.4;eor
       3668;20180925;   10;  10.1;   2.1;    3;   0.0;   0;    9.933;   0;   2.4;   6.4;  999.62;    7.2;   67.13;   13.4;    0.9;   -1.0;eor
       3668;20180926;   10;   8.7;   1.9;    3;   0.0;   0;    9.917;   0;   4.8;   6.3;  996.88;    8.3;   62.08;   17.6;   -0.6;   -2.2;eor
       3668;20180927;   10;   4.6;   2.1;    3;   0.0;   0;   11.583;   0;   0.3;   7.6;  990.77;   13.0;   57.21;   23.7;    2.2;    1.3;eor
       3668;20180928;   10;  12.9;   3.5;    3;   0.0;   6;   10.067;   0;   2.8;   9.3;  984.95;   13.0;   64.46;   20.6;    5.6;    4.2;eor
       3668;20180929;   10;  10.1;   2.9;    3;   0.0;   0;   11.450;   0;   2.4;   6.2;  988.68;    9.1;   57.17;   15.9;    0.9;   -0.5;eor
       3668;20180930;   10;   6.3;   1.6;    3;   0.0;   0;   11.333;   0;   1.0;   7.7;  980.00;    9.7;   66.58;   18.9;    0.2;   -1.9;eor
       3668;20181001;   10;  10.6;   3.5;    3;   0.1;   6;    2.717;   0;   6.5;   8.1;  977.85;    8.9;   72.58;   13.1;    4.5;    3.4;eor
       3668;20181002;   10;  12.3;   4.4;    3;   0.3;   6;    1.083;   0;   7.5;   7.9;  983.77;    7.7;   74.96;   10.3;    4.0;    2.0;eor
       3668;20181003;   10;  11.7;   4.7;    3;   0.2;   6;    2.767;   0;   6.5;   9.5;  986.25;   11.0;   73.00;   16.1;    2.3;    0.6;eor
       3668;20181004;   10;   4.1;   1.6;    3;   0.0;   0;   10.867;   0;   1.3;   8.0;  989.59;    8.7;   73.88;   17.4;    0.7;   -0.6;eor
       3668;20181005;   10;   7.2;   2.4;    3;   0.0;   0;   11.067;   0;   1.7;   8.6;  983.67;   11.8;   66.88;   22.9;    1.5;   -0.2;eor
       3668;20181006;   10;   7.2;   2.9;    3;   0.0;   0;    6.517;   0;   5.6;  11.8;  975.95;   14.7;   71.83;   24.1;    6.3;    4.5;eor
       3668;20181007;   10;   8.2;   2.2;    3;   0.0;   6;    7.733;   0;   5.0;  12.7;  977.69;   15.1;   76.13;   23.6;    9.3;    7.1;eor
       3668;20181008;   10;   4.6;   1.4;    3;   0.0;   6;    7.350;   0;   3.1;  12.0;  983.76;   12.5;   84.00;   20.6;    6.6;    5.3;eor
       3668;20181009;   10;   5.7;   1.5;    3;   0.0;   6;    8.250;   0;   3.7;  11.5;  985.06;   12.5;   81.58;   21.9;    5.0;    3.9;eor
       3668;20181010;   10;   8.9;   2.5;    3;   0.0;   0;   10.267;   0;   0.5;  11.6;  981.81;   13.4;   77.71;   22.5;    5.3;    3.6;eor
       3668;20181011;   10;   8.7;   3.3;    3;   0.0;   6;   10.417;   0;   1.3;   9.5;  978.87;   16.6;   54.25;   25.2;    8.8;    6.5;eor
       3668;20181012;   10;   6.0;   2.0;    3;   0.0;   0;   10.200;   0;   1.9;  11.4;  985.54;   16.8;   61.75;   25.9;    8.8;    7.4;eor
       3668;20181013;   10;   8.1;   2.2;    3;   0.0;   0;   10.533;   0;   0.0;  10.9;  984.63;   15.6;   65.63;   25.2;    6.8;    5.0;eor
       3668;20181014;   10;   7.9;   2.3;    3;   0.0;   0;   10.350;   0;   0.1;  10.0;  977.58;   14.7;   63.83;   24.5;    6.8;    4.5;eor
       3668;20181015;   10;   6.7;   1.7;    3;   0.0;   0;   10.283;   0;   0.5;   9.0;  977.68;   14.3;   60.58;   24.9;    5.9;    2.9;eor
       3668;20181016;   10;   4.6;   1.3;    3;   0.0;   0;    9.200;   0;   2.8;   9.7;  981.33;   12.6;   69.33;   21.8;    4.3;    2.7;eor
       3668;20181017;   10;   3.6;   1.1;    3;   0.0;   0;    9.633;   0;   1.2;  10.1;  981.84;   11.7;   76.25;   21.1;    4.3;    2.8;eor
       3668;20181018;   10;   7.7;   1.8;    3;   0.0;   0;    6.733;   0;   2.7;  10.2;  982.93;   11.2;   78.21;   20.1;    3.8;    2.4;eor
       3668;20181019;   10;   6.9;   1.5;    3;   0.0;   0;    7.217;   0;   2.6;  10.1;  985.55;   10.2;   82.38;   17.7;    4.3;    2.6;eor
       3668;20181020;   10;   6.2;   1.6;    3;   0.0;   0;    5.933;   0;   5.4;   8.5;  989.90;    8.8;   76.71;   16.8;    2.3;    0.2;eor
       3668;20181021;   10;   5.7;   1.3;    3;   0.0;   0;    8.233;   0;   2.6;   7.1;  990.53;    6.9;   73.42;   15.5;    0.2;   -1.9;eor
       3668;20181022;   10;   8.1;   2.0;    3;   0.2;   6;    6.433;   0;   4.8;   7.4;  990.76;    6.3;   77.25;   14.0;   -2.1;   -4.0;eor
       3668;20181023;   10;  14.2;   4.5;    3;   0.1;   6;    0.000;   0;   6.6;   7.7;  986.85;    8.4;   72.33;   11.7;    1.1;   -0.2;eor
       3668;20181024;   10;  15.8;   6.8;    3;   1.3;   6;    0.650;   0;   7.8;  11.5;  982.29;   11.4;   85.00;   13.6;   10.0;    9.5;eor
       3668;20181025;   10;  11.8;   4.1;    3;   0.5;   6;    0.083;   0;   7.7;  11.2;  980.80;   11.9;   80.54;   13.5;    9.9;    9.2;eor
       3668;20181026;   10;   8.7;   2.8;    3;   0.3;   6;    4.317;   0;   7.0;   9.0;  972.93;   10.4;   72.13;   14.3;    8.5;    6.1;eor
       3668;20181027;   10;  10.8;   2.5;    3;   5.8;   6;    0.000;   0;   8.0;   7.5;  970.75;    6.8;   76.04;    8.8;    5.0;    4.0;eor
       3668;20181028;   10;  10.8;   3.2;    3;   7.8;   6;    0.000;   0;   7.9;   7.0;  970.48;    3.6;   89.25;    5.3;    2.0;    2.1;eor
       3668;20181029;   10;   8.7;   2.2;    3;   0.3;   6;    0.000;   0;   7.3;   8.2;  961.35;    6.1;   86.92;   11.0;    2.8;    2.8;eor
       3668;20181030;   10;  15.9;   5.3;    3;   2.3;   6;    0.767;   0;   5.0;   8.0;  961.46;    7.9;   75.38;   14.1;    1.3;    0.1;eor
       3668;20181031;   10;   9.6;   3.4;    3;   0.0;   0;    6.067;   0;   4.4;   7.0;  978.69;    7.2;   70.92;   15.1;   -0.1;   -1.1;eor
       3668;20181101;   10;   6.2;   1.4;    3;   0.0;   0;    3.967;   0;   4.2;   8.1;  975.77;    6.7;   83.42;   15.0;    1.4;   -0.3;eor
       3668;20181102;   10;   4.6;   2.1;    3;   0.0;   6;    3.050;   0;   5.8;   8.5;  984.90;    7.2;   83.92;   12.9;    1.3;    0.4;eor
       3668;20181103;   10;   5.7;   1.9;    3;   0.0;   6;    0.383;   0;   7.5;   9.4;  988.00;    9.7;   78.13;   13.0;    6.3;    4.7;eor
       3668;20181104;   10;   6.0;   2.6;    3;   0.0;   6;    0.000;   0;   8.0;  10.7;  979.92;   10.5;   83.63;   11.4;    9.5;    9.2;eor
       3668;20181105;   10;   8.2;   3.4;    3;   0.0;   0;    3.950;   0;   4.6;  10.5;  972.93;   11.3;   79.83;   17.7;    5.9;    4.1;eor
       3668;20181106;   10;   8.2;   2.6;    3;   0.0;   0;    6.933;   0;   3.8;   9.9;  972.33;   10.0;   82.17;   18.1;    3.5;    1.6;eor
       3668;20181107;   10;   6.2;   2.0;    3;   0.2;   6;    8.133;   0;   3.3;   9.0;  975.71;    6.9;   90.92;   13.7;    2.5;    1.2;eor
       3668;20181108;   10;   3.6;   1.3;    3;   0.3;   6;    0.483;   0;   7.0;  10.3;  983.04;    8.6;   92.21;   12.4;    5.5;    5.1;eor
       3668;20181109;   10;   8.2;   2.7;    3;   0.0;   0;    0.017;   0;   7.7;   9.8;  979.30;    8.7;   87.63;   11.1;    5.9;    3.9;eor
       3668;20181110;   10;   9.6;   4.4;    3;   0.1;   6;    0.217;   0;   7.6;   9.5;  974.42;    8.6;   84.54;   10.5;    7.4;    5.6;eor
       3668;20181111;   10;   8.2;   3.9;    3;   0.4;   6;    3.167;   0;   5.7;  10.5;  976.88;    9.6;   88.00;   15.2;    6.5;    5.4;eor
       3668;20181112;   10;   9.1;   3.9;    3;   0.0;   6;    6.600;   0;   3.8;   9.4;  981.59;    9.4;   80.88;   14.9;    4.7;    3.3;eor
       3668;20181113;   10;   9.9;   3.0;    3;   0.1;   6;    0.583;   0;   5.0;   9.7;  988.60;    8.4;   88.00;   12.1;    2.6;    0.5;eor
       3668;20181114;   10;   6.7;   2.7;    3;   0.0;   0;    0.000;   0;   6.3;   7.7;  992.76;    4.2;   92.96;    7.5;   -1.3;   -2.0;eor
       3668;20181115;   10;   7.7;   3.0;    3;   0.0;   0;    5.333;   0;   4.5;   7.2;  990.18;    5.7;   80.08;   11.1;    0.3;   -1.6;eor
       3668;20181116;   10;   8.7;   2.6;    3;   0.0;   0;    8.500;   0;   0.5;   6.0;  991.56;    3.1;   79.42;    9.2;   -2.6;   -5.0;eor
       3668;20181117;   10;  11.7;   4.1;    3;   0.0;   0;    8.550;   0;   0.0;   5.3;  991.14;    4.1;   65.75;    9.2;    0.9;   -2.2;eor
       3668;20181118;   10;  10.3;   3.4;    3;   0.0;   0;    8.600;   0;   2.0;   3.9;  986.29;    3.0;   51.88;    8.0;   -3.0;   -5.9;eor
       3668;20181119;   10;  13.7;   3.7;    3;   0.0;   7;    0.000;   0;   6.7;   4.5;  976.53;    0.4;   72.00;    2.7;   -3.3;   -6.8;eor
       3668;20181120;   10;  13.4;   3.5;    3;   1.7;   7;    0.083;   0;   4.9;   5.4;  971.16;    1.3;   80.83;    3.1;   -3.1;   -4.9;eor
       3668;20181121;   10;   8.7;   2.0;    3;   0.0;   6;    0.000;   0;   7.7;   5.6;  977.78;    1.5;   82.71;    3.3;   -4.0;   -5.5;eor
       3668;20181122;   10;   5.8;   2.0;    3;   0.0;   0;    0.000;   0;   7.6;   6.1;  982.32;    3.0;   80.63;    4.7;    1.6;    1.3;eor
       3668;20181123;   10;   6.7;   3.1;    3;   2.0;   6;    0.000;   0;   7.5;   6.2;  981.71;    2.0;   88.13;    3.6;    0.1;   -1.6;eor
       3668;20181124;   10;   6.9;   2.4;    3;   0.8;   6;    0.983;   0;   7.1;   7.7;  975.90;    4.6;   90.21;    9.5;    1.5;    1.1;eor
       3668;20181125;   10;   6.7;   2.7;    3;   0.0;   0;    0.183;   0;   7.4;   7.3;  972.49;    4.0;   89.79;    5.2;    2.1;    1.2;eor
       3668;20181126;   10;   9.3;   2.6;    3;   0.5;   6;    0.000;   0;   7.8;   6.6;  970.76;    4.1;   80.04;    6.0;    2.5;   -0.6;eor
       3668;20181127;   10;   4.5;   1.9;    3;   0.0;   0;    0.000;   0;   8.0;   5.8;  980.52;    2.2;   81.79;    3.0;   -0.2;   -2.7;eor
       3668;20181128;   10;  10.8;   4.4;    3;   0.0;   0;    5.683;   0;   7.0;   5.1;  987.42;    0.7;   79.42;    4.3;   -1.6;   -3.5;eor
       3668;20181129;   10;  11.3;   5.1;    3;   0.0;   0;    4.617;   0;   7.0;   4.3;  983.70;    1.2;   66.04;    5.2;   -1.5;   -2.0;eor
       3668;20181130;   10;   7.9;   3.8;    3;   4.7;   6;    0.000;   0;   7.5;   5.4;  978.83;    1.3;   79.38;    3.0;    0.3;   -0.6;eor
       3668;20181201;   10;   7.0;   2.9;    3;   0.2;   6;    2.350;   0;   7.0;   7.9;  979.07;    5.0;   90.42;    9.7;    1.9;    1.8;eor
       3668;20181202;   10;   9.3;   4.0;    3;  22.9;   6;    0.000;   0;   8.0;   9.7;  970.32;    7.7;   91.17;   11.1;    4.4;    3.9;eor
       3668;20181203;   10;  11.7;   3.7;    3;  36.3;   6;    0.050;   0;   7.7;  11.7;  968.52;   10.4;   92.71;   12.5;    8.8;    8.2;eor
       3668;20181204;   10;  11.0;   3.8;    3;   0.8;   6;    0.067;   0;   5.3;   8.2;  980.31;    6.1;   85.17;   10.0;   -2.3;   -3.5;eor
       3668;20181205;   10;   6.0;   2.6;    3;   0.5;   6;    0.167;   0;   6.1;   5.8;  987.76;    0.9;   88.75;    3.7;   -2.7;   -4.3;eor
       3668;20181206;   10;   7.7;   3.1;    3;   0.1;   6;    0.000;   0;   7.8;   8.5;  982.20;    6.0;   89.21;    9.6;    2.7;    2.1;eor
       3668;20181207;   10;  17.5;   3.7;    3;   1.3;   6;    0.000;   0;   7.3;  10.5;  974.69;   10.4;   82.92;   12.2;    7.5;    6.2;eor
       3668;20181208;   10;  16.5;   7.3;    3;   5.7;   6;    0.167;   0;   6.4;   7.4;  971.75;    6.3;   77.33;    7.6;    4.3;    2.7;eor
       3668;20181209;   10;  20.1;   7.9;    3;   1.2;   6;    0.000;   0;   7.5;   8.1;  965.62;    7.0;   81.13;    9.0;    5.1;    4.0;eor
       3668;20181210;   10;  16.3;   6.6;    3;   5.6;   8;    2.400;   0;   6.0;   6.3;  979.80;    3.3;   82.17;    5.2;    0.1;   -0.1;eor
       3668;20181211;   10;  13.2;   6.2;    3;   0.0;   8;    0.033;   0;   7.2;   6.0;  982.48;    2.6;   81.17;    3.7;    1.9;    1.0;eor
       3668;20181212;   10;   6.7;   2.8;    3;   0.0;   8;    0.600;   0;   6.9;   5.7;  984.11;    1.5;   84.38;    3.8;   -2.3;   -3.9;eor
       3668;20181213;   10;  11.3;   3.5;    3;   0.0;   0;    4.017;   0;   4.5;   4.2;  980.74;   -0.7;   72.54;    1.8;   -2.3;   -5.2;eor
       3668;20181214;   10;   9.3;   2.8;    3;   0.0;   7;    1.233;   0;   7.3;   3.9;  982.80;   -1.0;   69.29;    0.1;   -2.8;   -4.5;eor
       3668;20181215;   10;   9.1;   2.9;    3;   0.0;   0;    0.000;   0;   8.0;   3.7;  986.15;   -1.2;   66.25;   -0.6;   -3.9;   -5.4;eor
       3668;20181216;   10;   9.8;   3.6;    3;   0.5;   8;    0.000;   0;   6.7;   4.5;  977.29;   -2.1;   84.88;    0.6;   -5.8;   -7.1;eor
       3668;20181217;   10;   5.7;   2.3;    3;   0.7;   6;    0.583;   1;   7.6;   6.7;  983.97;    2.3;   92.25;    4.8;    0.5;    0.2;eor
       3668;20181218;   10;   9.3;   3.3;    3;   0.0;   0;    3.283;   0;   6.5;   6.7;  987.33;    2.7;   89.75;    6.5;   -1.3;   -3.0;eor
       3668;20181219;   10;   6.7;   3.6;    3;   7.2;   6;    0.000;   0;   7.7;   6.0;  979.87;    1.1;   91.13;    2.5;   -2.4;   -3.5;eor
       3668;20181220;   10;   9.6;   3.1;    3;   2.5;   6;    0.000;   0;   7.5;   7.5;  979.43;    4.4;   89.92;    6.5;    2.0;    1.7;eor
       3668;20181221;   10;  13.0;   5.2;    3;   7.2;   6;    0.000;   0;   7.5;   8.5;  975.00;    7.2;   83.21;   11.5;    4.0;    3.1;eor
       3668;20181222;   10;  18.3;   6.1;    3;   1.0;   6;    1.183;   0;   7.0;   9.4;  976.95;    9.3;   80.17;   11.3;    7.0;    5.3;eor
       3668;20181223;   10;  14.1;   3.6;    3;  24.8;   6;    0.000;   0;   7.3;   9.0;  981.45;    7.3;   87.75;   11.4;    5.6;    3.7;eor
       3668;20181224;   10;  17.1;   5.3;    3;   1.5;   8;    0.067;   0;   7.2;   7.3;  986.12;    4.3;   86.83;   11.3;    0.4;   -1.7;eor
       3668;20181225;   10;   6.2;   2.2;    3;   0.0;   0;    0.000;   0;   6.9;   5.4;  995.96;    1.3;   80.92;    2.9;   -0.4;   -2.3;eor
       3668;20181226;   10;   5.7;   1.5;    3;   0.0;   6;    5.867;   0;   5.1;   5.2;  993.97;    0.2;   84.54;    2.9;   -3.8;   -5.3;eor
       3668;20181227;   10;   5.1;   1.7;    3;   0.0;   0;    3.800;   0;   7.4;   5.4;  989.78;    1.4;   80.71;    4.5;   -0.8;   -1.6;eor
       3668;20181228;   10;   6.0;   1.9;    3;   0.0;   8;    7.550;   0;   5.2;   5.4;  990.03;    0.4;   86.38;    4.5;   -2.8;   -4.0;eor
       3668;20181229;   10;  10.8;   2.4;    3;   2.1;   8;    0.000;   0;   8.0;   5.9;  992.90;    0.4;   93.29;    2.9;   -1.7;   -1.6;eor
       3668;20181230;   10;  13.7;   6.4;    3;   0.1;   6;    0.150;   0;   7.6;   7.3;  991.12;    4.9;   84.29;    6.8;    2.9;    2.3;eor
       3668;20181231;   10;   6.3;   2.3;    3;   0.7;   6;    0.000;   0;   8.0;   8.5;  993.91;    5.3;   95.58;    6.5;    4.1;    3.8;eor
       3668;20190101;   10;  18.0;   6.0;    3;   1.8;   8;    0.167;   0;   7.9;   7.9;  988.42;    5.5;   86.88;    6.3;    1.0;    0.4;eor
       3668;20190102;   10;  15.4;   7.0;    3;   0.6;   7;    3.867;   0;   5.6;   4.8;  990.10;    1.2;   71.92;    3.2;   -0.6;   -1.7;eor
       3668;20190103;   10;   8.9;   3.2;    3;   0.0;   7;    5.783;   0;   5.1;   4.2;  996.39;   -1.3;   76.33;    1.1;   -3.7;   -6.4;eor
       3668;20190104;   10;  12.0;   3.8;    3;   2.4;   8;    0.000;   0;   7.5;   5.2;  994.59;    0.0;   85.96;    1.5;   -2.3;   -3.6;eor
       3668;20190105;   10;  12.5;   5.4;    3;   5.8;   8;    0.000;   0;   8.0;   6.9;  986.97;    2.5;   94.46;    4.9;    0.3;   -0.1;eor
       3668;20190106;   10;   9.3;   3.7;    3;   1.9;   6;    0.000;   0;   7.9;   7.8;  989.52;    4.4;   92.54;    5.1;    3.3;    3.1;eor
       3668;20190107;   10;   9.1;   4.3;    3;   2.2;   6;    0.000;   0;   7.8;   7.1;  991.47;    3.6;   88.67;    4.5;    1.7;    1.3;eor
       3668;20190108;   10;  19.5;   8.2;    3;   2.9;   8;    0.950;   0;   7.5;   6.6;  975.38;    3.5;   84.33;    5.1;    1.6;    1.1;eor
       3668;20190109;   10;  17.5;   6.6;    3;   0.3;   7;    0.000;   1;   8.0;   5.6;  972.90;    0.8;   86.00;    3.1;   -0.2;   -0.9;eor
       3668;20190110;   10;   9.1;   3.8;    3;   0.0;   7;    0.000;   1;   7.8;   4.8;  983.07;   -0.1;   78.17;    0.9;   -1.9;   -3.0;eor
       3668;20190111;   10;   8.7;   2.5;    3;   4.9;   8;    0.000;   1;   7.9;   4.7;  984.98;   -1.4;   85.25;    0.8;   -2.5;   -2.6;eor
       3668;20190112;   10;  11.3;   5.2;    3;   2.9;   8;    0.000;   6;   8.0;   6.3;  980.44;    1.8;   91.08;    2.9;    0.8;   -0.1;eor
       3668;20190113;   10;  18.9;   6.3;    3;  10.6;   6;    0.000;   0;   7.8;   7.8;  968.14;    4.8;   90.25;    7.6;    2.5;    2.0;eor
       3668;20190114;   10;  16.6;   6.8;    3;   0.7;   8;    1.267;   0;   7.0;   5.9;  970.88;    3.6;   74.21;    5.6;    1.2;    0.4;eor
       3668;20190115;   10;  12.9;   6.2;    3;   0.0;   6;    0.350;   0;   7.7;   5.8;  980.96;    3.0;   76.21;    4.5;    1.2;    0.3;eor
       3668;20190116;   10;   8.7;   3.8;    3;   0.0;   0;    2.117;   0;   6.5;   5.9;  975.43;    3.4;   75.25;    5.9;   -0.5;   -1.5;eor
       3668;20190117;   10;  13.2;   4.7;    3;   1.6;   8;    0.167;   0;   6.8;   6.2;  969.09;    3.5;   79.42;    6.4;   -0.1;   -1.2;eor
       3668;20190118;   10;  11.7;   3.0;    3;   0.0;   7;    5.267;   0;   4.9;   4.7;  979.79;   -0.2;   79.17;    2.7;   -4.2;   -6.2;eor
       3668;20190119;   10;   6.9;   2.3;    3;   0.0;   0;    8.317;   0;   2.5;   3.3;  978.91;   -3.0;   70.21;    2.3;   -7.4;  -10.5;eor
       3668;20190120;   10;   5.8;   2.2;    3;   0.0;   0;    7.667;   0;   3.2;   3.4;  978.43;   -4.2;   76.00;   -0.3;   -8.4;  -10.0;eor
       3668;20190121;   10;   3.6;   1.1;    3;   0.0;   0;    8.083;   0;   2.3;   3.4;  982.20;   -4.8;   79.46;    0.8;   -9.4;  -11.1;eor
       3668;20190122;   10;   7.2;   3.2;    3;   0.0;   7;    0.000;   0;   7.8;   3.5;  973.52;   -4.5;   81.04;   -3.2;   -7.0;   -7.2;eor
       3668;20190123;   10;   7.7;   3.1;    3;   0.4;   7;    0.000;   0;   8.0;   3.6;  962.60;   -4.6;   81.92;   -3.6;   -5.2;   -5.7;eor
       3668;20190124;   10;   3.3;   1.4;    3;   0.6;   7;    0.000;   2;   8.0;   4.0;  970.45;   -3.9;   86.42;   -2.4;   -5.1;   -6.8;eor
       3668;20190125;   10;   6.2;   2.4;    3;   4.1;   7;    0.400;   5;   7.7;   3.8;  977.30;   -3.7;   82.46;   -1.2;   -5.2;   -5.9;eor
       3668;20190126;   10;   9.4;   3.4;    3;   3.0;   8;    0.000;   5;   8.0;   6.2;  971.45;    1.4;   90.79;    3.7;   -2.1;   -2.2;eor
       3668;20190127;   10;  13.2;   4.8;    3;   0.3;   6;    2.200;   0;   6.8;   6.5;  956.58;    4.2;   78.46;    8.1;    2.3;    1.0;eor
       3668;20190128;   10;  13.2;   6.1;    3;   0.5;   8;    0.000;   0;   7.5;   5.7;  959.07;    1.7;   82.54;    3.0;    0.5;   -0.2;eor
       3668;20190129;   10;   9.6;   3.7;    3;   0.0;   7;    0.017;   0;   5.5;   5.1;  967.72;    0.1;   82.71;    2.2;   -4.3;   -5.1;eor
       3668;20190130;   10;  11.1;   4.4;    3;   0.0;   7;    0.700;   0;   5.3;   4.3;  959.74;   -0.4;   73.29;    3.2;   -4.3;   -5.3;eor
       3668;20190131;   10;   8.1;   3.5;    3;   1.3;   7;    6.983;   0;   3.1;   3.9;  960.96;   -1.1;   70.67;    5.0;   -6.3;   -7.3;eor
       3668;20190201;   10;   8.9;   2.9;    3;   5.0;   8;    0.083;   2;   7.6;   5.4;  955.20;    1.2;   80.92;    4.2;   -1.1;   -1.2;eor
       3668;20190202;   10;   4.1;   1.5;    3;   0.0;   6;    0.250;   0;   7.4;   6.4;  959.54;    1.5;   93.75;    4.4;   -0.3;   -1.2;eor
       3668;20190203;   10;  11.8;   4.4;    3;   1.8;   8;    0.000;   0;   7.8;   5.7;  975.52;    0.6;   88.63;    2.0;   -0.9;   -1.4;eor
       3668;20190204;   10;   6.2;   2.7;    3;   0.0;   0;    8.967;   2;   2.8;   4.4;  990.68;   -1.6;   81.75;    3.4;   -7.3;  -11.7;eor
       3668;20190205;   10;   6.2;   3.4;    3;   0.0;   7;    3.033;   1;   6.4;   4.5;  990.92;   -2.1;   86.13;    1.4;   -4.7;   -5.4;eor
       3668;20190206;   10;   7.2;   4.0;    3;   0.0;   0;    4.883;   1;   6.3;   4.1;  989.15;   -3.4;   86.21;    0.8;   -6.3;   -7.0;eor
       3668;20190207;   10;   8.6;   3.9;    3;   1.6;   6;    0.000;   0;   7.0;   4.7;  979.53;   -2.4;   89.88;    1.7;   -7.8;   -8.1;eor
       3668;20190208;   10;   8.4;   3.7;    3;   0.2;   6;    6.550;   0;   5.6;   6.1;  979.79;    2.8;   82.38;    7.9;   -1.5;   -2.2;eor
       3668;20190209;   10;  18.0;   4.7;    3;   0.0;   6;    4.767;   0;   6.1;   6.4;  974.70;    5.8;   69.67;   10.2;    0.7;   -0.7;eor
       3668;20190210;   10;  19.2;   6.6;    3;   2.6;   8;    0.000;   0;   7.3;   6.9;  966.33;    6.7;   70.67;   11.2;    2.9;    1.4;eor
       3668;20190211;   10;  17.3;   7.2;    3;   0.2;   8;    0.183;   0;   6.6;   6.1;  977.14;    3.3;   79.17;    4.9;    1.1;   -0.6;eor
       3668;20190212;   10;  12.7;   5.1;    3;   0.0;   8;    0.000;   0;   7.4;   5.4;  993.83;    2.6;   73.13;    3.9;    1.3;    0.7;eor
       3668;20190213;   10;   6.2;   1.8;    3;   0.0;   0;    8.850;   0;   3.4;   5.0;  998.44;    2.3;   71.67;    8.1;   -3.2;   -4.0;eor
       3668;20190214;   10;   4.6;   1.7;    3;   0.0;   0;    5.400;   0;   2.5;   4.9;  998.48;    1.7;   73.92;    9.8;   -3.8;   -4.7;eor
       3668;20190215;   10;   4.1;   1.6;    3;   0.0;   0;    9.833;   0;   0.6;   5.1;  995.93;    3.4;   68.54;   14.0;   -4.3;   -6.2;eor
       3668;20190216;   10;   6.9;   2.2;    3;   0.0;   0;    9.683;   0;   0.8;   5.4;  991.16;    3.8;   70.63;   13.7;   -5.0;   -6.0;eor
       3668;20190217;   10;   5.7;   2.4;    3;   0.0;   0;    9.867;   0;   2.5;   5.4;  987.57;    4.8;   67.50;   14.7;   -3.0;   -4.9;eor
       3668;20190218;   10;   5.1;   1.9;    3;   0.0;   0;    9.883;   0;   0.3;   5.1;  983.22;    4.9;   62.58;   15.6;   -3.0;   -4.9;eor
       3668;20190219;   10;   9.6;   2.9;    3;   0.0;   6;    2.917;   0;   4.1;   6.0;  982.43;    3.4;   76.92;    9.8;   -2.2;   -3.4;eor
       3668;20190220;   10;   6.2;   2.3;    3;   0.0;   0;    3.150;   0;   5.0;   6.3;  986.57;    3.6;   80.67;    9.8;   -2.1;   -3.6;eor
       3668;20190221;   10;   9.6;   2.7;    3;   0.0;   6;    1.883;   0;   5.8;   6.9;  989.70;    5.2;   79.04;   10.9;   -1.5;   -2.4;eor
       3668;20190222;   10;   8.9;   3.4;    3;   0.0;   0;    0.217;   0;   6.2;   8.0;  995.38;    7.4;   77.46;   10.3;   -0.8;   -3.4;eor
       3668;20190223;   10;   8.6;   3.3;    3;   0.0;   0;    8.733;   0;   4.0;   3.5; 1001.65;    1.3;   54.67;    7.5;   -3.9;   -6.7;eor
       3668;20190224;   10;   4.8;   1.6;    3;   0.0;   0;    9.300;   0;   1.9;   2.7; 1000.41;    1.8;   42.92;   11.0;   -4.8;   -7.2;eor
       3668;20190225;   10;   5.0;   1.2;    3;   0.0;   0;    9.783;   0;   3.0;   4.7;  999.60;    3.7;   58.58;   14.2;   -4.6;   -6.4;eor
       3668;20190226;   10;   6.0;   1.7;    3;   0.0;   0;    9.833;   0;   4.0;   5.3;  995.72;    5.5;   63.33;   16.0;   -2.7;   -4.3;eor
       3668;20190227;   10;   4.1;   1.5;    3;   0.0;   0;   10.400;   0;   0.7;   5.3;  989.32;    6.6;   58.67;   16.5;   -2.1;   -4.0;eor
       3668;20190228;   10;  18.3;   4.9;    3;   0.0;   6;    9.450;   0;   1.9;   6.7;  979.20;    8.7;   61.38;   16.6;   -2.0;   -3.5;eor
       3668;20190301;   10;   9.8;   4.5;    3;   2.5;   6;    0.067;   0;   7.5;   9.1;  976.52;    8.1;   84.04;    9.5;    6.6;    5.8;eor
       3668;20190302;   10;   9.9;   3.3;    3;   0.2;   6;    0.000;   0;   7.6;   8.0;  979.29;    6.3;   83.79;    8.0;    4.7;    2.8;eor
       3668;20190303;   10;  12.2;   4.4;    3;   0.0;   0;    0.000;   0;   7.3;   8.1;  975.53;    9.3;   69.25;   11.4;    7.0;    5.3;eor
       3668;20190304;   10;  26.2;   6.7;    3;   2.5;   6;    1.450;   0;   6.5;   6.8;  964.69;    8.9;   60.58;   13.3;    4.4;    2.6;eor
       3668;20190305;   10;  16.5;   5.0;    3;   1.5;   6;    0.567;   0;   5.8;   6.8;  972.16;    4.9;   78.75;    8.8;    0.8;   -0.3;eor
       3668;20190306;   10;  11.7;   5.2;    3;   0.0;   0;    4.833;   0;   6.4;   7.6;  971.04;    7.3;   75.75;   13.6;    0.6;   -0.4;eor
       3668;20190307;   10;  20.1;   4.5;    3;   1.2;   6;    1.617;   0;   5.5;   7.6;  965.47;    8.1;   70.38;   12.3;    4.3;    1.8;eor
       3668;20190308;   10;  18.3;   5.7;    3;   4.1;   6;    1.700;   0;   6.2;   7.0;  976.50;    6.6;   72.29;   10.1;    2.8;    1.0;eor
       3668;20190309;   10;  20.6;   6.8;    3;   2.1;   6;    0.767;   0;   7.3;   7.9;  977.47;    7.6;   75.71;   11.4;    3.7;    2.3;eor
       3668;20190310;   10;  25.2;   8.7;    3;   6.8;   8;    3.000;   0;   6.4;   8.5;  972.04;    9.3;   72.67;   13.9;    3.1;    2.4;eor
       3668;20190311;   10;  17.8;   7.2;    3;   2.2;   8;    3.050;   0;   6.0;   5.7;  979.82;    3.1;   74.58;    6.5;    0.9;   -0.2;eor
       3668;20190312;   10;  15.4;   5.7;    3;   0.4;   6;    6.183;   0;   6.3;   5.1;  981.21;    5.5;   58.08;    9.6;    2.0;    1.2;eor
       3668;20190313;   10;  19.9;   7.0;    3;   0.7;   6;    2.533;   0;   6.8;   5.9;  972.16;    6.0;   63.50;    9.1;    3.3;    1.5;eor
       3668;20190314;   10;  14.9;   6.5;    3;   4.4;   6;    0.000;   0;   7.0;   7.1;  969.30;    4.7;   82.92;    6.3;    3.1;    2.0;eor
       3668;20190315;   10;  18.7;   7.0;    3;  13.3;   6;    0.000;   0;   7.1;   9.0;  970.08;    8.0;   82.67;   11.2;    4.5;    2.9;eor
       3668;20190316;   10;  18.9;   5.8;    3;   7.6;   6;    0.683;   0;   6.4;   9.2;  973.28;    8.6;   82.83;   11.9;    2.4;    1.3;eor
       3668;20190317;   10;  16.8;   4.8;    3;   0.3;   6;    6.750;   0;   5.4;   7.0;  969.40;    7.4;   70.00;   15.8;    2.0;    0.1;eor
       3668;20190318;   10;  13.5;   4.4;    3;   0.4;   8;    3.083;   0;   5.3;   6.0;  980.33;    3.9;   75.38;    8.4;   -1.9;   -2.7;eor
       3668;20190319;   10;   6.9;   2.0;    3;   0.0;   0;    7.150;   0;   3.8;   5.0;  989.31;    2.3;   72.50;    8.1;   -3.0;   -4.2;eor
       3668;20190320;   10;   6.2;   1.8;    3;   0.0;   0;   11.250;   0;   1.3;   4.6;  995.72;    3.5;   62.46;   11.0;   -3.0;   -4.9;eor
       3668;20190321;   10;   7.2;   1.7;    3;   0.0;   0;   11.767;   0;   1.9;   4.7;  995.44;    6.0;   56.92;   16.1;   -3.1;   -5.1;eor
       3668;20190322;   10;   6.7;   1.5;    3;   0.0;   0;   11.650;   0;   2.7;   6.7;  992.06;    9.0;   61.50;   19.7;   -1.4;   -3.2;eor
       3668;20190323;   10;   6.0;   2.0;    3;   0.0;   0;   11.700;   0;   0.8;   7.3;  989.00;    9.7;   64.42;   18.4;    0.7;   -0.8;eor
       3668;20190324;   10;   8.9;   2.4;    3;   0.0;   0;    7.917;   0;   4.9;   8.3;  985.53;    8.3;   76.54;   14.7;    1.0;   -1.4;eor
       3668;20190325;   10;  17.7;   4.8;    3;   1.6;   8;    4.633;   0;   5.3;   6.5;  982.43;    4.4;   77.25;    7.4;    0.1;   -2.6;eor
       3668;20190326;   10;  10.8;   3.3;    3;   0.1;   6;    1.400;   0;   6.3;   5.7;  990.15;    3.8;   72.92;    7.4;   -3.1;   -4.5;eor
       3668;20190327;   10;   7.7;   2.2;    3;   0.0;   0;    3.767;   0;   7.1;   6.6;  993.32;    6.4;   69.96;   10.2;    3.5;    2.6;eor
       3668;20190328;   10;   5.7;   1.7;    3;   0.0;   6;    0.567;   0;   6.5;   7.8;  995.14;    7.7;   74.67;   12.2;    2.6;    0.7;eor
       3668;20190329;   10;   8.2;   2.4;    3;   0.0;   0;   11.717;   0;   2.7;   7.6;  992.39;    9.7;   66.92;   16.5;    2.3;    0.0;eor
       3668;20190330;   10;   7.5;   2.0;    3;   0.0;   0;   11.817;   0;   1.4;   6.8;  986.00;    9.4;   62.33;   18.8;    0.0;   -1.9;eor
       3668;20190331;   10;   9.4;   2.9;    3;   0.0;   0;   11.467;   0;   1.1;   6.9;  983.03;    9.9;   60.58;   19.1;    0.6;   -1.3;eor
       3668;20190401;   10;   8.7;   3.1;    3;   0.0;   0;   11.450;   0;   1.3;   7.2;  981.86;    9.7;   62.13;   16.7;    0.9;   -1.7;eor
       3668;20190402;   10;  11.3;   3.3;    3;   0.0;   6;    9.900;   0;   5.4;   6.8;  973.25;   11.7;   50.25;   20.5;    2.5;    1.1;eor
       3668;20190403;   10;  15.6;   3.1;    3;   0.0;   6;    7.933;   0;   6.5;   8.4;  965.14;   11.8;   63.13;   18.6;    5.4;    5.1;eor
       3668;20190404;   10;  11.8;   4.1;    3;   0.1;   6;    4.683;   0;   7.3;   7.8;  961.65;    7.5;   75.33;   12.6;    4.6;    4.5;eor
       3668;20190405;   10;   6.2;   1.9;    3;   0.0;   6;    1.417;   0;   6.8;   8.2;  967.19;    6.7;   84.04;   11.4;    2.8;    0.9;eor
       3668;20190406;   10;  16.3;   3.2;    3;   0.0;   0;    7.233;   0;   3.8;   8.1;  967.09;   10.7;   66.58;   19.5;    1.5;    0.0;eor
       3668;20190407;   10;   9.8;   2.9;    3;   0.0;   0;    9.583;   0;   3.5;   7.7;  967.60;   11.3;   59.67;   18.2;    2.3;   -1.0;eor
       3668;20190408;   10;   6.5;   1.8;    3;   0.0;   0;    3.317;   0;   6.9;   9.3;  971.59;   11.9;   67.96;   16.2;    7.8;    5.8;eor
       3668;20190409;   10;  11.3;   1.5;    3;   4.4;   6;    0.217;   0;   7.3;   9.7;  972.25;    9.2;   83.71;   17.1;    3.7;    1.8;eor
       3668;20190410;   10;   9.1;   3.3;    3;   0.0;   0;    3.267;   0;   5.6;   7.0;  974.05;    8.6;   62.79;   12.1;    2.5;   -1.7;eor
       3668;20190411;   10;   9.8;   3.4;    3;   0.0;   0;   10.500;   0;   2.9;   5.0;  980.35;    5.5;   56.71;   11.7;   -1.1;   -4.2;eor
       3668;20190412;   10;   9.3;   2.7;    3;   0.0;   0;    2.983;   0;   6.1;   4.2;  983.04;    3.4;   54.71;    8.0;   -2.0;   -5.6;eor
       3668;20190413;   10;   8.4;   2.4;    3;   0.0;   0;    5.900;   0;   5.5;   4.3;  981.53;    4.7;   52.79;   10.0;   -0.5;   -3.2;eor
       3668;20190414;   10;  12.9;   3.4;    3;   0.0;   6;    7.617;   0;   6.2;   5.4;  982.67;    4.7;   64.04;    9.7;   -0.3;   -1.9;eor
       3668;20190415;   10;  11.0;   3.5;    3;   0.0;   0;   12.267;   0;   2.0;   5.5;  984.32;   10.2;   49.17;   17.4;    2.7;   -0.1;eor
       3668;20190416;   10;  10.1;   3.8;    3;   0.0;   0;   12.583;   0;   2.7;   4.6;  980.88;   12.0;   34.71;   19.3;    2.3;   -1.4;eor
       3668;20190417;   10;   9.8;   3.5;    3;   0.0;   0;   10.983;   0;   4.5;   5.2;  984.82;   13.4;   35.75;   20.0;    4.8;    2.8;eor
       3668;20190418;   10;  13.5;   4.8;    3;   0.0;   0;   12.767;   0;   1.5;   7.0;  987.22;   14.4;   45.17;   20.8;    6.9;    3.8;eor
       3668;20190419;   10;  13.0;   4.0;    3;   0.0;   0;   13.383;   0;   0.3;   6.5;  989.98;   16.8;   35.88;   23.6;    7.5;    3.1;eor
       3668;20190420;   10;  10.6;   3.0;    3;   0.0;   0;   13.467;   0;   0.3;   5.7;  989.36;   16.2;   35.54;   23.7;    5.1;    1.4;eor
       3668;20190421;   10;  10.1;   2.6;    3;   0.0;   0;   13.500;   0;   0.3;   5.5;  982.42;   15.6;   35.75;   23.9;    3.6;    0.4;eor
       3668;20190422;   10;  13.5;   4.8;    3;   0.0;   0;   13.217;   0;   3.3;   6.1;  972.75;   16.0;   36.50;   23.5;    5.2;    1.5;eor
       3668;20190423;   10;  13.9;   6.2;    3;   0.0;   6;    8.833;   0;   6.2;   8.5;  964.28;   16.1;   47.67;   23.2;   10.6;    8.9;eor
       3668;20190424;   10;  22.3;   4.8;    3;   0.0;   0;   10.350;   0;   3.9;   8.6;  967.05;   17.6;   48.13;   27.1;    7.9;    5.9;eor
       3668;20190425;   10;  12.5;   4.1;    3;   0.0;   0;   11.933;   0;   3.7;   7.6;  972.45;   17.1;   43.42;   25.5;    5.6;    3.8;eor
       3668;20190426;   10;  10.8;   4.2;    3;   2.7;   6;    1.850;   0;   6.4;   9.3;  976.16;    9.7;   77.33;   12.4;    6.4;    3.5;eor
       3668;20190427;   10;  16.8;   3.0;    3;   8.2;   6;    3.567;   0;   6.9;   9.2;  978.39;    9.2;   79.38;   15.3;    5.0;    3.7;eor
       3668;20190428;   10;  10.3;   2.9;    3;   0.8;   6;    3.967;   0;   6.8;   7.4;  981.71;    7.5;   72.63;   12.8;    4.4;    3.0;eor
       3668;20190429;   10;   9.3;   3.4;    3;  10.6;   6;    0.000;   0;   7.7;   8.8;  982.42;    7.2;   87.17;   10.3;    3.6;    2.0;eor
       3668;20190430;   10;   9.6;   3.6;    3;   0.0;   0;    8.550;   0;   4.1;   8.1;  980.20;   10.3;   66.92;   16.7;    3.0;    1.1;eor
       3668;20190501;    3;   6.7;   2.1;    3;   0.0;   0;    8.950;   0;   3.0;   8.6;  977.94;   10.2;   69.75;   18.1;    1.3;    0.4;eor
       3668;20190502;    3;  10.8;   3.9;    3;   1.6;   6;    9.550;   0;   4.3;   9.1;  971.85;   12.6;   65.13;   18.6;    4.6;    3.5;eor
       3668;20190503;    3;   9.6;   3.3;    3;   0.6;   6;    2.800;   0;   6.8;   8.9;  972.50;    9.4;   75.33;   13.0;    3.8;    1.9;eor
       3668;20190504;    3;  10.3;   3.4;    3;   4.3;   6;    0.150;   0;   7.3;   7.3;  970.41;    4.7;   84.75;    8.8;   -0.1;   -1.8;eor
       3668;20190505;    3;   9.9;   2.6;    3;   0.0;   6;    2.850;   0;   5.3;   5.8;  978.75;    4.1;   73.50;    9.4;   -1.1;   -3.0;eor
       3668;20190506;    3;   8.7;   2.3;    3;   0.0;   6;    3.167;   0;   5.5;   5.6;  981.76;    4.8;   68.29;   11.0;   -3.0;   -4.2;eor
       3668;20190507;    3;   7.2;   2.3;    3;   0.0;   0;    5.150;   0;   5.8;   5.7;  980.10;    7.0;   60.25;   13.5;   -0.3;   -1.3;eor
       3668;20190508;    3;  12.5;   4.1;    3;   3.0;   6;    1.517;   0;   6.8;   9.1;  969.38;    9.8;   73.58;   15.2;    2.2;    0.5;eor
       3668;20190509;    3;  10.8;   4.1;    3;   3.7;   6;    2.933;   0;   6.8;  10.1;  965.57;   11.1;   76.71;   14.7;    7.0;    5.2;eor
       3668;20190510;    3;  13.5;   4.4;    3;   1.3;   6;    5.283;   0;   5.5;   9.1;  973.30;   12.3;   65.63;   17.3;    8.3;    6.1;eor
       3668;20190511;    3;  14.2;   4.8;    3;   4.5;   6;    1.900;   0;   7.3;  10.8;  973.74;   11.9;   78.21;   17.9;    7.8;    7.0;eor
       3668;20190512;    3;  12.2;   5.0;    3;   0.0;   6;    5.567;   0;   7.0;   7.0;  989.65;    9.6;   60.96;   14.5;    6.1;    4.3;eor
       3668;20190513;    3;  11.3;   3.5;    3;   0.0;   0;   14.250;   0;   1.8;   5.6;  995.65;    9.5;   50.88;   15.7;    2.2;   -0.7;eor
       3668;20190514;    3;  16.3;   3.4;    3;   0.2;   6;    7.950;   0;   3.6;   5.8;  991.01;    7.0;   61.29;   13.3;   -0.3;   -2.3;eor
       3668;20190515;    3;  12.2;   3.6;    3;   0.0;   6;    6.500;   0;   5.8;   6.1;  985.32;    6.7;   63.96;   12.4;   -0.3;   -2.3;eor
       3668;20190516;    3;   5.7;   2.1;    3;   3.0;   6;    0.350;   0;   7.8;   8.5;  977.62;    7.6;   81.67;    9.4;    6.2;    5.8;eor
       3668;20190517;    3;   9.8;   3.3;    3;   0.0;   0;   10.683;   0;   5.2;   9.9;  970.78;   12.6;   70.25;   19.6;    5.2;    4.2;eor
       3668;20190518;    3;   9.6;   2.4;    3;   0.0;   0;   10.333;   0;   5.0;  10.3;  968.16;   15.2;   62.58;   22.7;    5.3;    3.5;eor
       3668;20190519;    3;  11.1;   2.4;    3;  10.4;   6;   10.217;   0;   4.9;  11.4;  966.12;   16.0;   66.79;   23.7;    6.6;    4.8;eor
       3668;20190520;    3;  11.8;   3.7;    3;  23.7;   6;    0.267;   0;   7.6;  14.3;  965.28;   13.6;   91.75;   17.3;   11.3;   10.4;eor
       3668;20190521;    3;  12.2;   5.3;    3;  12.6;   6;    0.050;   0;   8.0;  14.3;  969.55;   13.2;   93.83;   16.1;   12.0;   11.6;eor
       3668;20190522;    3;  10.3;   4.7;    3;   0.0;   6;    0.483;   0;   7.3;  12.3;  979.66;   12.4;   85.63;   15.8;    7.4;    5.0;eor
       3668;20190523;    3;   6.7;   1.7;    3;   0.0;   0;   11.950;   0;   4.5;   9.8;  981.60;   12.6;   71.04;   19.4;    4.5;    2.9;eor
       3668;20190524;    3;   6.5;   1.9;    3;   0.0;   0;   13.383;   0;   5.0;  10.2;  977.90;   15.2;   62.46;   21.8;    5.8;    4.5;eor
       3668;20190525;    3;  10.8;   2.7;    3;   0.0;   6;    9.633;   0;   5.5;  11.7;  977.60;   15.6;   68.88;   22.4;    9.4;    8.2;eor
       3668;20190526;    3;   9.1;   2.5;    3;   0.0;   0;   12.733;   0;   4.8;  11.7;  977.75;   16.0;   67.33;   22.5;    8.3;    6.5;eor
       3668;20190527;    3;  11.0;   3.2;    3;   0.0;   6;   10.600;   0;   6.5;  12.3;  972.58;   16.9;   65.46;   22.5;   10.2;    8.9;eor
       3668;20190528;    3;  11.3;   3.8;    3;   0.7;   6;    0.533;   0;   7.5;  12.0;  970.82;   13.8;   76.04;   16.6;    9.3;    7.9;eor
       3668;20190529;    3;   9.1;   3.1;    3;   0.0;   6;    2.467;   0;   5.9;   9.8;  982.41;   10.9;   76.38;   15.7;    5.0;    2.4;eor
       3668;20190530;    3;   8.2;   2.2;    3;   0.0;   6;   12.583;   0;   3.6;   8.6;  987.89;   13.9;   58.54;   21.1;    2.8;    0.9;eor
       3668;20190531;    3;   6.5;   1.7;    3;   0.0;   6;    4.033;   0;   5.8;  13.2;  987.65;   17.9;   65.54;   23.2;   12.0;    9.2;eor
       3668;20190601;    3;   6.9;   1.9;    3;   0.0;   0;   14.800;   0;   4.7;  12.6;  985.10;   19.5;   60.33;   27.0;   10.6;    8.6;eor
       3668;20190602;    3;   9.4;   3.2;    3;   0.0;   0;   15.383;   0;   3.1;  13.1;  980.73;   22.1;   53.25;   29.6;   11.3;    9.5;eor
       3668;20190603;    3;  19.4;   3.3;    3;   0.7;   6;   11.550;   0;   3.0;  14.2;  978.00;   21.7;   59.71;   31.5;   13.8;    9.9;eor
       3668;20190604;    3;   7.7;   2.8;    3;   0.0;   0;   13.517;   0;   2.1;  14.2;  975.26;   22.3;   57.75;   30.5;   12.7;   11.9;eor
       3668;20190605;    3;   9.6;   2.8;    3;   0.0;   0;   14.667;   0;   1.1;  13.6;  970.27;   24.2;   49.13;   31.9;   12.9;   10.8;eor
       3668;20190606;    3;  12.9;   5.2;    3;   1.8;   6;    4.283;   0;   5.9;  13.0;  975.02;   16.3;   70.08;   20.6;   11.4;   11.3;eor
       3668;20190607;    3;  20.9;   4.1;    3;   0.2;   6;   13.000;   0;   4.0;  13.1;  976.15;   19.0;   63.42;   28.2;   11.3;   11.3;eor
       3668;20190608;    3;  12.9;   3.5;    3;   0.0;   6;    9.633;   0;   3.9;   9.4;  985.35;   16.3;   53.71;   22.2;    8.5;    6.0;eor
       3668;20190609;    3;  10.3;   2.3;    3;   0.0;   6;    9.133;   0;   5.3;  11.5;  984.12;   17.8;   59.17;   26.6;    6.1;    3.9;eor
       3668;20190610;    1;   9.3;   2.1;    1;   3.2;   6;    2.167;   0;   6.7;  15.9;  976.70;   17.7;   79.92;   24.3;   13.7;   12.4;eor
       3668;20190611;    1;   9.8;   3.4;    1;   0.0;   6;    6.583;   0;   6.8;  16.3;  973.13;   18.4;   77.96;   23.5;   14.3;   13.6;eor
       3668;20190612;    1;  16.1;   2.8;    1;   4.3;   6;    3.517;   0;   7.0;  15.6;  973.46;   15.8;   86.63;   23.6;   12.8;   12.6;eor
       3668;20190613;    1;   6.5;   1.6;    1;   0.0;   0;   14.500;   0;   2.7;  13.0;  978.18;   18.3;   66.04;   25.5;   11.8;   10.5;eor
       3668;20190614;    1;  12.2;   3.3;    1;   0.0;   6;   11.400;   0;   4.4;  14.7;  978.10;   22.5;   57.75;   31.4;   10.6;    8.5;eor
       3668;20190615;    1;  12.5;   4.2;    1;   8.8;   6;   11.567;   0;   6.1;  15.6;  976.45;   21.3;   62.21;   24.8;   17.1;   15.9;eor
       3668;20190616;    1;   7.2;   2.3;    1;   9.8;   6;    0.167;   0;   6.8;  16.6;  983.62;   16.2;   90.04;   17.9;   12.2;   10.8;eor
       3668;20190617;    1;   7.7;   2.1;    1;   0.0;   0;   10.050;   0;   4.3;  14.7;  982.69;   19.2;   70.08;   27.0;   11.2;    9.9;eor
       3668;20190618;    1;   6.9;   2.0;    1;   0.0;   0;   13.133;   0;   3.3;  14.8;  978.13;   22.5;   57.13;   30.0;   13.8;   11.7;eor
       3668;20190619;    1;  11.0;   2.8;    1;  10.7;   6;   11.333;   0;   5.1;  14.7;  973.90;   24.2;   52.21;   31.3;   17.1;   16.3;eor
       3668;20190620;    1;  13.4;   2.8;    1;   1.9;   6;    4.233;   0;   6.1;  17.3;  976.48;   18.9;   80.29;   24.3;   14.8;   13.3;eor
       3668;20190621;    1;   6.7;   1.9;    1;   0.0;   6;    9.600;   0;   5.0;  15.0;  980.46;   19.1;   70.75;   25.4;   12.7;   11.4;eor
       3668;20190622;    1;  11.8;   3.0;    1;   0.0;   6;    5.967;   0;   5.9;  15.8;  980.25;   19.5;   70.25;   25.3;   11.9;   10.7;eor
       3668;20190623;    1;  10.8;   3.6;    1;   0.0;   0;   11.783;   0;   4.2;  16.5;  981.49;   22.0;   63.79;   27.2;   15.4;   13.4;eor
       3668;20190624;    1;  10.6;   3.6;    1;   0.0;   0;   15.000;   0;   2.0;  16.2;  983.76;   23.9;   57.38;   30.4;   16.5;   14.2;eor
       3668;20190625;    1;   7.7;   2.8;    1;   0.0;   0;   15.067;   0;   5.3;  16.9;  983.70;   26.1;   52.71;   33.8;   17.0;   13.4;eor
       3668;20190626;    1;   8.1;   2.3;    1;   0.0;   0;   14.983;   0;   1.5;  18.9;  985.14;   27.7;   54.75;   36.2;   17.7;   16.5;eor
       3668;20190627;    1;  13.9;   3.6;    1;   0.0;   0;   15.200;   0;   0.4;  15.0;  985.43;   25.1;   49.83;   31.8;   16.2;   11.7;eor
       3668;20190628;    1;   7.7;   2.4;    1;   0.0;   0;   15.650;   0;   0.4;  11.0;  985.38;   21.2;   46.33;   28.3;   11.8;    8.8;eor
       3668;20190629;    1;   7.2;   2.1;    1;   0.0;   0;   15.617;   0;   0.0;  11.3;  982.86;   23.5;   44.25;   33.2;   11.2;    8.2;eor
       3668;20190630;    1;  11.0;   2.9;    1;   0.0;   0;   15.300;   0;   0.8;  13.4;  979.05;   26.7;   42.46;   35.9;   13.8;   11.0;eor
       3668;20190701;    1;  13.7;   4.0;    1;   0.0;   6;    8.717;   0;   5.7;  16.9;  978.91;   25.5;   52.54;   32.4;   18.7;   15.2;eor
       3668;20190702;    1;   9.8;   3.4;    1;   0.0;   0;   15.400;   0;   2.2;  11.0;  982.45;   20.7;   46.88;   26.4;   13.9;    9.8;eor
       3668;20190703;    1;  10.6;   2.8;    1;   0.0;   0;   15.567;   0;   2.3;   9.0;  984.11;   18.8;   44.75;   25.3;   10.2;    6.6;eor
       3668;20190704;    1;   7.7;   2.3;    1;   0.0;   0;   14.983;   0;   1.3;   9.0;  983.90;   18.9;   44.13;   26.7;   10.2;    6.6;eor
       3668;20190705;    1;   9.8;   2.7;    1;   0.0;   6;    8.100;   0;   5.5;  10.4;  979.80;   19.5;   49.08;   27.6;   11.3;    9.6;eor
       3668;20190706;    1;  13.2;   3.6;    1;   7.1;   6;   12.000;   0;   4.0;  10.2;  974.11;   22.8;   40.50;   31.1;   13.4;   11.7;eor
       3668;20190707;    1;   9.8;   3.4;    1;   0.0;   6;    3.600;   0;   6.7;  13.5;  975.25;   17.5;   67.92;   21.6;   12.5;   11.6;eor
       3668;20190708;    1;  11.3;   3.3;    1;   0.0;   0;    9.117;   0;   5.7;   9.4;  979.60;   16.0;   54.46;   22.0;    9.3;    6.7;eor
       3668;20190709;    1;  10.3;   3.0;    1;   0.0;   0;   10.117;   0;   4.7;   9.1;  981.18;   14.0;   59.63;   19.9;    7.9;    5.7;eor
