STATIONS_ID;MESS_DATUM;QN_3;  FX;  FM;QN_4; RSK;RSKF; SDK;SHK_TAG;  NM; VPM;  PM; TMK; UPM; TXK; TNK; TGK;eor
       1757;20180106;   10;   8.7;   3.0;    3;   0.0;   6;    0.217;   0;   7.2;   7.3; 1006.71;    4.5;   86.63;    6.1;    1.5;    0.7;eor
       1757;20180107;   10;  10.1;   2.6;    3;   0.0;   0;    5.067;   0;   2.9;   4.9; 1029.58;   -0.5;   82.75;    2.7;   -5.7;   -7.8;eor
       1757;20180108;   10;   5.6;   1.5;    3;   0.0;   0;    6.017;   0;   0.1;   4.4; 1034.99;   -3.4;   90.79;    1.5;   -7.3;   -9.1;eor
       1757;20180109;   10;  11.7;   5.4;    3;   6.0;   6;    0.450;   0;   3.3;   4.4; 1022.62;    1.1;   68.04;    4.0;   -3.2;   -7.0;eor
       1757;20180110;   10;   8.5;   2.5;    3;   0.7;   6;    0.000;   0;   8.0;   6.4; 1013.12;    1.9;   92.21;    3.1;    1.1;    0.5;eor
       1757;20180111;   10;   6.2;   2.4;    3;   5.0;   6;    0.000;   0;   8.0;   6.6; 1017.71;    1.6;   95.92;    2.7;    1.1;    0.6;eor
       1757;20180112;   10;   8.0;   4.0;    3;   0.2;   8;    0.000;   0;   7.9;   6.0; 1029.52;    1.1;   90.71;    2.0;    0.1;   -0.2;eor
       1757;20180113;   10;   9.9;   4.3;    3;   0.0;   0;    1.433;   0;   7.5;   4.5; 1033.37;   -0.4;   76.25;    0.1;   -1.2;   -1.3;eor
       1757;20180114;   10;   9.0;   3.8;    3;   0.0;   0;    2.517;   0;   6.0;   3.7; 1030.01;   -1.7;   69.33;   -0.5;   -3.2;   -4.7;eor
       1757;20180115;   10;  14.9;   5.4;    3;   3.1;   8;    4.333;   0;   4.5;   4.3; 1012.51;   -1.2;   76.04;    1.2;   -3.5;   -4.7;eor
       1757;20180116;   10;  13.4;   4.2;    3;   0.1;   8;    0.050;   3;   7.8;   6.3;  987.71;    1.9;   89.04;    3.4;   -0.1;   -0.1;eor
       1757;20180117;   10;  11.1;   3.7;    3;   0.7;   8;    0.000;   0;   7.5;   5.9;  990.95;    1.9;   83.79;    2.3;    0.9;   -0.4;eor
       1757;20180118;   10;  13.8;   5.3;    3;   8.2;   8;    0.000;   0;   7.8;   6.1;  990.98;    1.3;   90.13;    2.5;    0.0;   -0.1;eor
       1757;20180119;   10;   7.0;   2.6;    3;   0.8;   8;    0.000;   2;   7.7;   6.3; 1002.60;    1.2;   93.96;    1.7;    0.3;   -1.1;eor
       1757;20180120;   10;   6.0;   2.2;    3;   0.0;   8;    0.067;   0;   8.0;   6.1; 1004.43;    1.4;   89.63;    2.2;   -0.1;   -1.1;eor
       1757;20180121;   10;   6.6;   1.3;    3;   0.0;   0;    0.133;   0;   7.6;   5.9; 1012.31;    0.2;   95.54;    2.4;   -1.2;   -1.6;eor
       1757;20180122;   10;  10.6;   3.9;    3;   0.1;   8;    0.167;   0;   7.6;   4.8; 1012.44;   -0.4;   81.75;    0.6;   -1.5;   -3.1;eor
       1757;20180123;   10;  10.3;   2.6;    3;   0.3;   6;    0.033;   1;   7.9;   5.5; 1018.60;    0.1;   88.25;    4.5;   -2.7;   -5.9;eor
       1757;20180124;   10;  14.0;   5.5;    3;   0.7;   6;    0.750;   0;   7.3;   9.7; 1010.82;    9.0;   84.96;   11.5;    4.2;    3.5;eor
       1757;20180125;   10;  13.0;   3.3;    3;   0.0;   6;    0.133;   0;   7.8;   9.0; 1010.33;    7.8;   84.58;   11.3;    5.6;    2.8;eor
       1757;20180126;   10;   6.1;   1.5;    3;   0.4;   6;    0.000;   0;   7.9;   8.8; 1017.00;    5.8;   95.38;    7.3;    4.5;    1.8;eor
       1757;20180127;   10;  13.6;   3.3;    3;   2.1;   6;    0.033;   0;   7.5;   7.6; 1026.00;    5.3;   85.04;    6.3;    4.5;    3.0;eor
       1757;20180128;   10;  15.0;   6.7;    3;   2.3;   6;    1.700;   0;   7.4;   8.2; 1017.68;    7.1;   81.54;    8.8;    4.9;    4.1;eor
       1757;20180129;   10;  18.4;   7.5;    3;   4.0;   6;    0.000;   0;   7.8;   9.5; 1012.51;    8.4;   85.88;   10.8;    5.3;    4.2;eor
       1757;20180130;   10;  18.6;   7.8;    3;   0.0;   6;    1.567;   0;   5.8;   6.6; 1018.75;    5.1;   74.96;    6.7;    3.2;    1.1;eor
       1757;20180131;   10;  13.3;   3.9;    3;   6.1;   6;    0.067;   0;   6.8;   7.3; 1003.77;    4.1;   88.21;    7.5;    0.7;   -1.0;eor
       1757;20180201;   10;  12.1;   4.0;    3;   0.1;   8;    3.450;   0;   4.8;   6.0;  996.40;    3.1;   79.17;    4.5;    1.4;   -0.3;eor
       1757;20180202;   10;   8.5;   2.7;    3;   0.5;   8;    1.833;   0;   5.8;   5.9; 1000.28;    2.6;   80.75;    5.3;    0.5;   -2.7;eor
       1757;20180203;   10;   8.3;   2.6;    3;   0.4;   7;    0.000;   0;   8.0;   5.1; 1003.99;   -0.2;   83.33;    2.5;   -3.4;   -5.3;eor
       1757;20180204;   10;  13.4;   4.1;    3;   4.0;   8;    0.000;   1;   7.2;   5.5; 1018.94;    0.1;   88.50;    2.6;   -3.8;   -5.7;eor
       1757;20180205;   10;  11.4;   4.1;    3;   1.0;   7;    1.383;   1;   7.2;   4.7; 1029.01;   -0.5;   79.88;    1.4;   -2.2;   -5.2;eor
       1757;20180206;   10;   5.3;   1.6;    3;   0.0;   0;    6.167;   2;   5.4;   3.9; 1019.57;   -3.1;   81.04;   -0.1;   -7.9;  -14.3;eor
       1757;20180207;   10;   3.9;   1.0;    3;   0.0;   0;    7.717;   2;   0.0;   3.2; 1017.95;   -5.8;   82.33;   -0.2;   -9.9;  -15.4;eor
       1757;20180208;   10;   3.6;   1.1;    3;   0.0;   0;    7.933;   2;   0.8;   3.5; 1020.41;   -4.8;   81.83;    1.4;   -8.8;  -13.8;eor
       1757;20180209;   10;   6.2;   1.9;    3;   0.0;   0;    7.717;   1;   0.2;   3.3; 1018.05;   -5.1;   80.67;   -0.3;   -8.7;  -14.5;eor
       1757;20180210;   10;   5.5;   2.1;    3;   0.1;   7;    0.000;   1;   6.0;   4.3; 1014.98;   -3.0;   87.17;   -0.9;   -5.2;   -9.8;eor
       1757;20180211;   10;  10.5;   3.6;    3;   0.5;   8;    0.200;   1;   6.2;   5.6; 1001.73;    0.8;   85.92;    3.1;   -1.4;   -3.1;eor
       1757;20180212;   10;  14.1;   4.6;    3;   0.0;   8;    1.900;   0;   4.2;   5.6; 1005.26;    1.6;   81.00;    3.3;    0.2;   -1.7;eor
       1757;20180213;   10;   7.1;   2.7;    3;   0.0;   0;    6.417;   0;   3.5;   5.2; 1014.38;    0.6;   81.88;    4.5;   -2.1;   -5.8;eor
       1757;20180214;   10;   6.5;   1.7;    3;   0.0;   0;    8.283;   0;   1.8;   4.7; 1020.82;   -1.1;   84.92;    4.2;   -5.5;   -7.7;eor
       1757;20180215;   10;  11.6;   4.3;    3;   1.0;   7;    0.533;   0;   7.6;   4.6; 1018.39;   -1.9;   87.38;    0.1;   -4.1;   -4.1;eor
       1757;20180216;   10;  10.5;   4.2;    3;   1.3;   6;    5.500;   1;   5.5;   6.2; 1018.33;    2.9;   82.88;    5.7;   -0.1;   -0.8;eor
       1757;20180217;   10;   7.5;   2.5;    3;   0.0;   6;    0.000;   0;   7.9;   6.7; 1023.93;    2.8;   90.00;    4.6;    1.1;   -0.2;eor
       1757;20180218;   10;   5.8;   1.5;    3;   0.0;   0;    0.000;   0;   7.6;   5.5; 1026.95;    1.9;   78.54;    4.0;    0.2;   -2.6;eor
       1757;20180219;   10;   6.5;   2.3;    3;   0.0;   0;    3.300;   0;   6.3;   5.1; 1021.18;    1.5;   74.21;    4.6;   -1.0;   -3.0;eor
       1757;20180220;   10;   8.9;   3.6;    3;   0.0;   0;    6.800;   0;   3.6;   4.7; 1022.38;    0.5;   75.54;    3.9;   -2.0;   -5.5;eor
       1757;20180221;   10;   6.8;   1.5;    3;   0.2;   7;    1.833;   0;   4.8;   5.2; 1026.20;   -0.7;   89.71;    3.0;   -3.5;   -5.2;eor
       1757;20180222;   10;   9.8;   2.9;    3;   0.0;   7;    3.967;   0;   6.6;   5.1; 1026.45;    0.0;   82.96;    3.1;   -2.0;   -3.6;eor
       1757;20180223;   10;   9.5;   3.6;    3;   0.1;   7;    8.833;   0;   4.9;   3.7; 1027.92;   -2.3;   70.92;    0.0;   -4.9;   -6.6;eor
       1757;20180224;   10;  16.3;   7.0;    3;   0.1;   7;    3.533;   0;   5.8;   3.7; 1032.05;   -1.4;   67.58;    0.6;   -5.0;   -6.9;eor
       1757;20180225;   10;  14.6;   4.6;    3;   7.9;   7;    0.817;   0;   7.3;   3.9; 1032.42;   -3.5;   83.25;   -0.5;   -5.6;   -8.7;eor
       1757;20180226;   10;  12.6;   2.9;    3;   4.8;   7;    3.583;  15;   5.1;   3.4; 1029.67;   -5.7;   83.29;   -1.6;   -9.9;  -19.9;eor
       1757;20180227;   10;  16.6;   7.3;    3;   0.5;   7;    6.733;  26;   5.1;   2.8; 1024.60;   -5.7;   68.00;   -2.6;  -12.8;  -21.9;eor
       1757;20180228;   10;  14.1;   5.0;    3;   0.0;   7;    6.300;  24;   3.5;   2.1; 1029.78;   -9.3;   68.08;   -5.3;  -13.7;  -22.4;eor
       1757;20180301;   10;  13.5;   4.8;    3;   0.0;   7;    8.767;  21;   3.4;   2.4; 1021.90;   -7.9;   71.58;   -4.9;  -12.5;  -22.2;eor
       1757;20180302;   10;   9.2;   3.3;    3;   0.0;   7;    4.417;  17;   4.0;   2.1; 1010.25;  -10.1;   75.00;   -6.6;  -15.4;  -24.3;eor
       1757;20180303;   10;   8.5;   3.0;    3;   0.0;   0;    9.217;  14;   1.6;   2.5; 1008.01;   -7.9;   74.88;   -2.9;  -15.0;  -23.3;eor
       1757;20180304;   10;   9.7;   3.5;    3;   0.0;   0;    9.667;  11;   0.3;   2.7; 1005.66;   -6.1;   70.42;   -0.2;  -12.7;  -21.8;eor
       1757;20180305;   10;   8.5;   2.9;    3;   0.1;   8;    3.933;  10;   4.7;   4.0;  998.51;   -0.7;   67.21;    3.7;   -6.2;  -14.3;eor
       1757;20180306;   10;   7.5;   2.4;    3;   1.6;   7;    5.767;   9;   4.2;   4.8;  995.70;   -0.8;   84.13;    3.6;   -6.5;  -13.7;eor
       1757;20180307;   10;   8.5;   2.4;    3;   3.9;   8;    0.000;  10;   8.0;   5.9;  993.38;    0.2;   95.54;    1.4;   -1.8;   -4.0;eor
       1757;20180308;   10;   8.9;   2.9;    3;   3.3;   8;    0.083;  10;   6.9;   6.3;  998.30;    2.1;   89.13;    4.1;    0.3;   -1.3;eor
       1757;20180309;   10;  10.7;   3.7;    3;   0.9;   6;    0.050;   7;   7.5;   6.8; 1001.76;    3.2;   87.54;    4.4;   -0.8;   -4.1;eor
       1757;20180310;   10;   7.3;   3.2;    3;   2.8;   6;    0.583;   4;   7.2;   6.3; 1005.25;    1.6;   92.25;    4.4;   -1.2;   -4.5;eor
       1757;20180311;   10;   7.8;   2.1;    3;   0.0;   0;    7.467;   0;   5.5;   9.1;  998.84;    7.2;   88.79;   14.7;    1.0;   -0.4;eor
       1757;20180312;   10;   5.7;   1.4;    3;   9.1;   6;    0.000;   0;   7.6;   8.3;  991.11;    4.9;   95.04;    7.9;    1.9;   -0.2;eor
       1757;20180313;   10;   9.4;   3.7;    3;   3.5;   6;    0.000;   0;   8.0;   8.6;  995.99;    5.5;   94.54;    8.4;    2.7;    2.1;eor
       1757;20180314;   10;   9.4;   4.0;    3;   0.0;   6;    0.000;   0;   8.0;   6.6; 1010.25;    2.1;   92.83;    2.8;    1.1;    0.5;eor
       1757;20180315;   10;  17.7;   8.0;    3;   0.0;   0;    3.017;   0;   6.2;   4.9; 1012.50;    1.0;   74.92;    2.6;   -0.7;   -1.6;eor
       1757;20180316;   10;  22.5;  12.1;    3;   0.2;   7;    2.467;   0;   6.7;   3.7; 1013.98;   -1.1;   65.58;    0.3;   -4.1;   -5.5;eor
       1757;20180317;   10;  22.5;  11.8;    3;   0.0;   7;    6.017;   1;   4.6;   2.8; 1019.24;   -2.7;   56.00;   -1.1;   -3.7;   -4.9;eor
       1757;20180318;   10;  16.5;   9.1;    3;   0.0;   0;   10.700;   0;   0.0;   2.9; 1021.74;   -2.3;   54.79;    0.0;   -5.5;   -8.0;eor
       1757;20180319;   10;   5.7;   1.8;    3;   0.8;   8;   10.750;   0;   1.8;   3.1; 1016.43;   -2.1;   62.29;    2.3;   -8.0;   -9.7;eor
       1757;20180320;   10;  10.9;   3.4;    3;   0.1;   7;    4.500;   2;   4.2;   4.6; 1015.88;    0.1;   74.63;    3.6;   -2.3;   -5.8;eor
       1757;20180321;   10;  11.9;   3.5;    3;   0.7;   8;    4.983;   0;   5.0;   5.3; 1022.52;    1.7;   76.54;    6.2;   -2.9;   -5.7;eor
       1757;20180322;   10;   9.9;   3.8;    3;   1.8;   8;    0.000;   0;   8.0;   6.3; 1009.02;    2.0;   89.50;    4.0;    0.7;   -0.1;eor
       1757;20180323;   10;   5.5;   1.7;    3;   0.0;   6;    0.000;   0;   8.0;   5.6; 1007.00;    1.7;   82.00;    2.6;    0.9;    0.2;eor
       1757;20180324;   10;   5.6;   2.0;    3;   0.0;   0;    7.750;   0;   4.2;   5.7; 1006.05;    3.3;   73.67;    7.8;   -0.8;   -4.0;eor
       1757;20180325;   10;   5.3;   1.2;    3;   0.0;   6;   10.333;   0;   3.5;   5.9; 1007.88;    3.7;   74.71;    9.9;   -2.9;   -4.8;eor
       1757;20180326;   10;   8.3;   2.8;    3;   0.3;   6;    0.033;   0;   7.9;   7.0; 1012.31;    4.3;   83.83;    6.3;    2.4;    1.1;eor
       1757;20180327;   10;   5.9;   2.2;    3;   0.0;   6;    1.367;   0;   7.4;   6.6; 1013.94;    3.8;   83.54;    7.9;    1.9;    1.1;eor
       1757;20180328;   10;  11.7;   5.9;    3;   8.7;   7;    0.817;   0;   7.0;   5.6; 1007.81;    2.3;   78.08;    4.0;    0.3;   -1.6;eor
       1757;20180329;   10;  14.0;   6.1;    3;   1.5;   8;    0.000;   8;   8.0;   6.0;  999.57;    1.1;   91.50;    2.0;    0.1;   -0.2;eor
       1757;20180330;   10;   9.4;   4.3;    3;   0.0;   0;    4.117;   2;   6.4;   5.5; 1008.41;    1.6;   81.00;    4.6;    0.3;   -1.6;eor
       1757;20180331;   10;  16.4;   7.9;    3;  25.6;   8;    0.000;   0;   8.0;   5.8; 1003.02;    1.1;   87.13;    2.9;    0.2;   -1.3;eor
       1757;20180401;   10;  12.3;   5.6;    3;  12.2;   8;    0.000;   8;   8.0;   6.0; 1000.97;    0.7;   93.50;    1.5;    0.1;   -0.2;eor
       1757;20180402;   10;   9.2;   3.7;    3;   3.4;   6;   11.450;  15;   3.5;   5.2; 1007.90;    1.7;   76.58;    4.6;   -1.0;   -3.3;eor
       1757;20180403;   10;   7.4;   2.9;    3;   0.2;   6;    1.500;   6;   7.5;   9.1; 1002.23;    7.7;   84.75;   14.1;    1.7;    0.6;eor
       1757;20180404;   10;  14.3;   3.9;    3;   3.6;   6;   10.050;   0;   4.8;  10.0; 1001.61;   11.8;   72.88;   16.7;    8.4;    4.4;eor
       1757;20180405;   10;  14.5;   4.9;    3;   0.8;   6;    1.117;   0;   6.1;   9.5; 1004.65;    9.4;   78.96;   13.5;    3.4;    1.6;eor
       1757;20180406;   10;  11.1;   4.5;    3;   0.0;   0;   11.717;   0;   1.7;   5.7; 1021.70;    5.8;   64.17;   11.3;    1.7;   -2.2;eor
       1757;20180407;   10;  13.6;   4.4;    3;   0.0;   0;   11.083;   0;   2.7;   6.2; 1017.63;   10.6;   49.96;   17.6;    1.3;   -2.7;eor
       1757;20180408;   10;  11.3;   3.6;    3;   0.0;   0;   11.983;   0;   0.3;   9.0; 1010.52;   14.0;   58.00;   20.8;    6.7;    3.1;eor
       1757;20180409;   10;   5.9;   2.2;    3;   0.0;   0;   10.683;   0;   2.8;   9.5; 1006.94;   12.7;   68.04;   19.9;    4.8;    1.5;eor
       1757;20180410;   10;  18.9;   9.3;    3;   0.0;   0;    0.000;   0;   7.6;   8.2; 1011.00;    5.4;   91.42;    7.9;    4.2;    3.5;eor
       1757;20180411;   10;  17.2;  10.4;    3;   0.0;   0;    0.600;   0;   6.0;   7.5; 1014.21;    4.7;   87.96;    5.5;    4.2;    2.4;eor
       1757;20180412;   10;  14.9;   7.2;    3;   0.0;   0;    8.517;   0;   4.4;   8.8; 1010.22;    7.3;   85.42;   10.6;    4.2;    2.5;eor
       1757;20180413;   10;  11.1;   4.8;    3;   2.0;   6;    7.550;   0;   5.4;   9.5; 1008.68;    8.0;   87.92;   12.1;    6.2;    4.2;eor
       1757;20180414;   10;  10.3;   3.2;    3;   0.7;   6;    0.000;   0;   7.0;  11.3; 1013.96;   10.3;   90.29;   12.8;    6.5;    4.3;eor
       1757;20180415;   10;   8.3;   3.5;    3;   0.0;   6;    2.083;   0;   5.5;   9.8; 1015.05;    8.9;   86.00;   13.2;    5.5;    3.2;eor
       1757;20180416;   10;   5.8;   2.2;    3;   0.2;   6;    0.000;   0;   7.4;   9.5; 1013.85;    7.5;   91.21;    9.9;    5.7;    3.4;eor
       1757;20180417;   10;  12.8;   3.1;    3;   0.0;   0;   10.833;   0;   3.3;   9.5; 1024.41;   11.1;   73.96;   16.4;    6.1;    3.5;eor
       1757;20180418;   10;   9.0;   2.9;    3;   0.0;   0;   12.667;   0;   0.5;  11.2; 1030.43;   15.2;   66.29;   22.4;    5.9;    2.3;eor
       1757;20180419;   10;   6.5;   2.2;    3;   0.0;   0;   12.500;   0;   1.5;  13.1; 1030.63;   14.3;   81.21;   20.1;    8.5;    4.8;eor
       1757;20180420;   10;  11.2;   3.3;    3;   0.0;   0;   12.933;   0;   0.3;  12.5; 1021.63;   18.5;   62.96;   27.1;    8.2;    4.9;eor
       1757;20180421;   10;  10.2;   3.9;    3;   0.0;   0;   12.900;   0;   0.5;   9.1; 1018.81;   13.6;   59.83;   17.2;    8.6;    4.3;eor
       1757;20180422;   10;   8.8;   3.2;    3;   0.3;   6;   12.900;   0;   2.7;   9.3; 1015.04;   12.4;   65.50;   17.5;    6.5;    2.3;eor
       1757;20180423;   10;  13.4;   4.8;    3;   0.0;   6;    7.400;   0;   4.5;  11.3; 1009.53;   14.5;   67.71;   19.4;    8.6;    6.5;eor
       1757;20180424;   10;  14.6;   4.6;    3;   6.2;   6;    1.433;   0;   6.4;   9.6; 1010.60;   11.3;   71.42;   14.3;    8.1;    6.3;eor
       1757;20180425;   10;  18.7;   4.8;    3;   0.9;   6;    2.800;   0;   6.4;  10.4; 1004.49;   10.6;   81.25;   18.0;    7.4;    5.2;eor
       1757;20180426;   10;  12.2;   3.8;    3;   4.0;   8;    4.767;   0;   5.4;   9.0; 1009.90;    9.0;   78.42;   13.5;    6.5;    5.1;eor
       1757;20180427;   10;   9.6;   3.1;    3;   0.0;   0;    6.283;   0;   5.4;   8.1; 1013.16;   10.7;   65.29;   15.5;    5.9;    4.6;eor
       1757;20180428;   10;   9.1;   2.3;    3;   0.0;   0;   10.650;   0;   4.1;  10.0; 1009.92;   13.3;   67.13;   19.6;    6.2;    2.9;eor
       1757;20180429;   10;  10.1;   3.5;    3;   0.0;   0;   12.883;   0;   3.7;  11.3; 1010.68;   13.0;   75.88;   17.3;    9.6;    8.5;eor
       1757;20180430;   10;  15.1;   4.9;    3;   1.5;   6;   10.117;   0;   2.3;  11.8; 1001.01;   13.0;   78.54;   16.7;    9.8;    5.5;eor
       1757;20180501;   10;  17.2;   5.6;    3;   0.0;   6;    6.367;   0;   3.6;   7.8; 1006.54;   11.1;   59.67;   14.5;    7.1;    4.4;eor
       1757;20180502;   10;   8.2;   3.2;    3;   0.0;   0;    7.033;   0;   5.3;   7.3; 1014.60;   10.0;   60.96;   15.1;    4.1;    0.1;eor
       1757;20180503;   10;  12.7;   3.4;    3;   0.0;   0;   10.900;   0;   3.4;   8.6; 1014.77;   11.3;   65.83;   16.6;    5.8;    1.5;eor
       1757;20180504;   10;   8.1;   2.2;    3;   0.0;   0;   12.900;   0;   2.1;   8.2; 1024.26;    9.0;   72.92;   14.3;    3.2;   -0.2;eor
       1757;20180505;   10;   6.6;   2.2;    3;   0.0;   0;   14.033;   0;   1.5;   8.7; 1028.22;    9.9;   73.38;   15.4;    2.8;    0.1;eor
       1757;20180506;   10;   7.6;   2.3;    3;   0.0;   0;   14.067;   0;   0.8;   9.4; 1027.50;   12.3;   68.50;   18.8;    4.1;    2.0;eor
       1757;20180507;   10;   9.3;   2.8;    3;   0.0;   0;   14.183;   0;   0.0;  11.2; 1023.47;   13.2;   74.96;   19.8;    5.1;    3.0;eor
       1757;20180508;   10;  10.4;   3.7;    3;   0.0;   0;   14.217;   0;   0.1;  12.6; 1016.82;   14.7;   75.79;   21.2;    7.0;    4.3;eor
       1757;20180509;   10;   9.9;   3.7;    3;   0.0;   0;   14.200;   0;   1.5;  13.4; 1011.48;   15.3;   78.04;   22.2;    8.6;    5.9;eor
       1757;20180510;   10;-999;   3.3;    3;  12.1;   6;   10.567;   0;   4.8;  14.8; 1008.80;   18.4;   72.63;   26.6;   10.3;    7.8;eor
       1757;20180511;   10;-999;-999;    3;   0.0;   6;    1.717;   0;   6.7;  13.2; 1018.10;   13.3;   87.00;   16.9;    8.9;    7.0;eor
       1757;20180512;   10;-999;-999;    3;   0.0;   0;    3.333;   0;   4.5;  12.7; 1018.82;   12.9;   85.54;   17.1;    7.5;    5.7;eor
       1757;20180513;   10;-999;-999;    3;   0.0;   0;   13.383;   0;   2.5;  13.7; 1015.15;   17.1;   72.42;   23.5;   12.2;    9.5;eor
       1757;20180514;   10;   9.8;-999;    3;   0.0;   0;   14.467;   0;   0.3;  13.5; 1016.29;   15.6;   76.50;   19.6;   10.6;    7.5;eor
       1757;20180515;   10;   7.8;   3.0;    3;   0.5;   6;    8.117;   0;   5.6;  13.4; 1015.90;   14.9;   79.88;   19.4;   10.2;    6.9;eor
       1757;20180516;   10;   6.0;   2.3;    3;   0.0;   0;    6.317;   0;   5.1;  13.8; 1012.66;   15.7;   77.83;   20.3;   10.4;    7.8;eor
       1757;20180517;   10;   9.4;   3.4;    3;   0.0;   0;   12.350;   0;   2.3;  12.7; 1012.89;   14.7;   76.71;   19.7;    8.9;    6.7;eor
       1757;20180518;   10;   6.9;   2.1;    3;   0.0;   6;    0.000;   0;   7.3;  12.6; 1017.76;   13.2;   83.00;   16.2;    8.1;    5.0;eor
       1757;20180519;   10;   9.9;   2.7;    3;   0.0;   0;   12.000;   0;   2.3;   8.7; 1023.23;   12.6;   63.83;   18.3;    6.4;    3.2;eor
       1757;20180520;   10;  10.6;   3.7;    3;   0.0;   0;   14.967;   0;   0.1;   9.1; 1026.62;   12.7;   65.79;   18.6;    4.9;    2.2;eor
       1757;20180521;   10;  12.4;   4.1;    3;   0.0;   0;   13.517;   0;   2.5;  11.9; 1022.69;   13.9;   76.54;   19.9;    7.0;    3.7;eor
       1757;20180522;   10;   9.0;   3.2;    3;   0.0;   0;   14.367;   0;   2.3;  12.7; 1017.29;   14.7;   76.54;   19.8;    8.3;    5.6;eor
       1757;20180523;   10;   7.7;   3.0;    3;   0.0;   0;   15.100;   0;   2.2;  12.1; 1023.23;   15.0;   72.63;   21.0;    7.7;    5.0;eor
       1757;20180524;   10;  12.4;   5.2;    3;   0.0;   0;   15.117;   0;   0.4;  12.6; 1025.50;   16.0;   70.13;   20.6;   10.1;    6.4;eor
       1757;20180525;   10;  11.1;   4.8;    3;   0.0;   6;   14.983;   0;   1.9;  13.2; 1023.67;   14.9;   77.92;   17.3;   11.3;    8.3;eor
       1757;20180526;   10;   9.2;   3.6;    3;   0.0;   0;   12.683;   0;   3.5;  15.4; 1023.02;   16.2;   83.63;   20.0;   12.3;    9.7;eor
       1757;20180527;   10;   9.5;   3.4;    3;   0.0;   0;    2.533;   0;   6.8;  16.0; 1022.39;   15.7;   89.50;   19.6;   14.3;   12.1;eor
       1757;20180528;   10;  11.3;   4.2;    3;   0.0;   0;   14.467;   0;   4.2;  16.7; 1021.14;   20.7;   69.33;   28.0;   14.3;   11.7;eor
       1757;20180529;   10;  12.8;   4.5;    3;   0.0;   0;   15.250;   0;   1.1;  15.5; 1017.80;   21.0;   65.00;   27.5;   13.1;   10.3;eor
       1757;20180530;   10;   9.7;   3.4;    3;   0.0;   6;   15.217;   0;   1.3;  16.3; 1015.80;   20.5;   69.08;   27.8;   12.5;    9.7;eor
       1757;20180531;   10;  13.0;   5.4;    3;   0.0;   0;   14.217;   0;   1.9;  16.4; 1016.89;   18.3;   77.75;   21.7;   15.6;   13.9;eor
       1757;20180601;   10;   8.5;   3.5;    3;   0.2;   6;    8.833;   0;   3.4;  16.6; 1015.12;   17.8;   81.25;   22.8;   14.7;   13.3;eor
       1757;20180602;   10;   7.0;   2.2;    3;   0.0;   0;   12.500;   0;   2.1;  18.1; 1013.92;   18.6;   84.88;   22.5;   14.2;   11.9;eor
       1757;20180603;   10;   7.6;   3.4;    3;   0.0;   0;   10.000;   0;   2.7;  17.3; 1015.69;   18.7;   81.00;   24.4;   14.9;   13.2;eor
       1757;20180604;   10;   9.6;   4.1;    3;   0.0;   0;    6.667;   0;   3.3;  16.1; 1011.08;   17.7;   80.38;   22.0;   14.8;   13.5;eor
       1757;20180605;   10;  10.3;   3.9;    3;   0.0;   6;    9.533;   0;   4.2;  14.7; 1012.92;   16.3;   79.42;   20.4;   11.4;    8.5;eor
       1757;20180606;   10;  10.9;   4.0;    3;   0.0;   0;   15.550;   0;   0.7;  10.0; 1018.95;   15.8;   59.50;   22.5;    9.1;    5.5;eor
       1757;20180607;   10;   9.8;   3.5;    3;   0.0;   0;   15.467;   0;   1.1;  10.1; 1017.82;   18.4;   49.96;   26.4;   11.0;    7.3;eor
       1757;20180608;   10;  10.1;   2.9;    3;   0.0;   0;   14.800;   0;   2.3;  12.6; 1014.57;   19.6;   57.58;   27.5;   11.7;    8.5;eor
       1757;20180609;   10;   7.6;   2.3;    3;   0.0;   0;   15.350;   0;   3.4;  16.6; 1013.08;   19.0;   76.13;   25.0;   11.4;    7.9;eor
       1757;20180610;   10;  10.7;   1.7;    3;  11.2;   6;    5.533;   0;   5.4;  18.4; 1009.20;   20.2;   79.71;   29.4;   14.3;   12.0;eor
       1757;20180611;   10;  11.2;   4.5;    3;   0.0;   0;    6.333;   0;   5.3;  14.1; 1009.28;   17.2;   72.08;   20.8;   13.0;   10.8;eor
       1757;20180612;   10;  10.0;   3.4;    3;   0.1;   6;    0.000;   0;   7.8;  12.7; 1008.50;   14.9;   74.79;   16.4;   13.3;   12.5;eor
       1757;20180613;   10;  10.1;   4.1;    3;   0.1;   6;    0.800;   0;   6.5;  12.6; 1010.14;   15.1;   73.29;   17.7;   11.5;    9.6;eor
       1757;20180614;   10;   7.5;   2.5;    3;   0.0;   6;    6.550;   0;   5.5;  11.1; 1013.57;   16.2;   61.58;   21.2;    9.7;    7.3;eor
       1757;20180615;   10;   7.4;   2.6;    3;   0.0;   0;    9.167;   0;   5.3;  13.8; 1016.02;   17.2;   71.38;   21.5;   11.6;    9.6;eor
       1757;20180616;   10;  10.0;   3.6;    3;   0.0;   0;    7.900;   0;   6.3;  14.0; 1015.62;   18.1;   69.08;   23.4;   10.8;    8.7;eor
       1757;20180617;   10;  11.6;   2.9;    3;   0.0;   6;    5.650;   0;   6.0;  14.5; 1013.84;   18.9;   67.63;   23.9;   14.4;   11.9;eor
       1757;20180618;   10;   8.6;   2.2;    3;   1.0;   6;    2.950;   0;   6.1;  13.1; 1017.47;   18.7;   61.79;   23.0;   14.1;   12.1;eor
       1757;20180619;   10;  11.1;   4.3;    3;   0.0;   0;    6.183;   0;   5.0;  15.2; 1018.53;   18.7;   71.17;   23.5;   13.5;   11.3;eor
       1757;20180620;   10;  11.9;   3.5;    3;   0.0;   0;   12.833;   0;   2.2;  14.5; 1018.21;   19.8;   63.58;   25.8;   11.5;    9.9;eor
       1757;20180621;   10;  14.7;   4.1;    3;  12.5;   6;    3.983;   0;   4.6;  13.7; 1009.62;   13.8;   85.42;   20.5;    9.4;    8.2;eor
       1757;20180622;   10;  12.9;   5.8;    3;   0.0;   6;    7.900;   0;   5.7;  10.6; 1013.31;   13.8;   68.88;   18.9;    8.8;    7.9;eor
       1757;20180623;   10;  12.2;   5.6;    3;   0.0;   0;    7.867;   0;   6.0;  11.1; 1015.79;   14.7;   66.71;   18.8;   11.8;   10.9;eor
       1757;20180624;   10;   8.1;   3.3;    3;   0.0;   6;    3.667;   0;   4.8;  12.8; 1016.25;   14.7;   77.04;   18.4;   11.2;    9.5;eor
       1757;20180625;   10;   8.6;   3.6;    3;   0.0;   0;    1.883;   0;   4.5;  14.4; 1018.51;   15.7;   81.13;   20.8;   10.8;    9.6;eor
       1757;20180626;   10;   9.2;   3.3;    3;   0.0;   0;    9.617;   0;   4.3;  15.0; 1022.63;   17.4;   77.17;   22.8;   12.7;    9.8;eor
       1757;20180627;   10;  10.6;   4.2;    3;   0.0;   0;   14.450;   0;   1.8;  15.7; 1026.38;   17.4;   79.50;   20.3;   12.5;   10.1;eor
       1757;20180628;   10;   8.5;   3.5;    3;   0.0;   0;   15.717;   0;   2.5;  14.8; 1022.87;   19.5;   67.17;   23.9;   14.1;   11.9;eor
       1757;20180629;   10;  14.2;   4.2;    3;   0.0;   0;   12.067;   0;   2.8;  14.2; 1017.21;   17.5;   71.04;   22.9;   12.2;    8.8;eor
       1757;20180630;   10;   9.6;   2.9;    3;   0.0;   0;   11.317;   0;   2.9;  11.7; 1020.65;   15.7;   67.58;   20.6;    9.2;    7.1;eor
       1757;20180701;   10;  10.7;   3.3;    3;   0.0;   0;   13.850;   0;   1.7;  11.1; 1021.81;   15.0;   66.75;   19.9;    8.7;    6.2;eor
       1757;20180702;   10;  13.6;   3.4;    3;   0.0;   0;   14.783;   0;   1.3;   9.8; 1017.27;   16.7;   55.79;   22.8;    8.3;    6.2;eor
       1757;20180703;   10;  10.3;   3.4;    3;   0.0;   0;   15.633;   0;   0.8;  10.3; 1014.73;   19.5;   48.67;   25.6;   11.8;    8.9;eor
       1757;20180704;   10;   9.4;   2.5;    3;   0.0;   0;   15.600;   0;   0.1;  13.9; 1013.07;   19.3;   64.33;   26.8;   12.4;    9.2;eor
       1757;20180705;   10;  10.5;   4.0;    3;   0.0;   0;    5.333;   0;   5.0;  15.0; 1010.82;   17.9;   73.54;   22.0;   13.6;   11.2;eor
       1757;20180706;   10;  12.3;   5.2;    3;   0.0;   6;    9.433;   0;   3.7;  12.9; 1013.30;   18.4;   62.13;   22.9;   13.6;   12.0;eor
       1757;20180707;   10;  13.8;   5.1;    3;   0.0;   0;   12.283;   0;   3.8;  12.6; 1016.97;   17.7;   63.58;   22.4;   11.7;   10.7;eor
       1757;20180708;   10;   7.5;   3.1;    3;   0.0;   0;   11.017;   0;   3.2;  16.7; 1018.73;   19.7;   73.29;   23.9;   15.7;   14.6;eor
       1757;20180709;   10;  11.3;   4.5;    3;   0.0;   6;    4.167;   0;   6.0;  13.3; 1016.37;   16.7;   69.92;   20.6;   14.4;   13.1;eor
       1757;20180710;   10;   8.6;   2.2;    3;  19.5;   6;    0.883;   0;   7.3;  14.3; 1015.73;   15.8;   78.33;   18.5;   12.9;   12.2;eor
       1757;20180711;   10;  10.5;   3.3;    3;  21.0;   6;    0.000;   0;   7.7;  18.8; 1014.41;   17.7;   92.50;   18.8;   16.2;   15.2;eor
       1757;20180712;   10;  10.3;   3.2;    3;   1.5;   6;    0.383;   0;   6.8;  18.3; 1013.26;   18.4;   86.00;   20.4;   15.8;   14.0;eor
       1757;20180713;   10;  10.5;   3.6;    3;   0.0;   0;   12.350;   0;   2.5;  16.8; 1015.23;   20.9;   70.17;   26.3;   14.9;   13.1;eor
       1757;20180714;   10;  10.9;   4.2;    3;   0.0;   0;    4.917;   0;   4.0;  14.2; 1017.64;   16.9;   74.29;   19.7;   13.2;   10.6;eor
       1757;20180715;   10;   9.4;   2.9;    3;   0.0;   0;   13.333;   0;   1.7;  15.0; 1016.57;   17.7;   74.96;   22.5;   12.1;   10.7;eor
       1757;20180716;   10;   7.0;   2.1;    3;   0.0;   6;   15.133;   0;   2.6;  17.5; 1013.83;   20.3;   75.54;   25.9;   13.1;   10.9;eor
       1757;20180717;   10;   7.1;   2.0;    3;   3.9;   6;    0.000;   0;   7.5;  19.1; 1011.68;   20.2;   81.75;   24.2;   16.5;   15.0;eor
       1757;20180718;   10;  10.6;   4.0;    3;   1.6;   6;    3.050;   0;   7.2;  19.0; 1012.91;   20.5;   79.21;   24.1;   18.1;   17.1;eor
       1757;20180719;   10;  11.7;   4.4;    3;   0.0;   6;   10.017;   0;   3.9;  15.3; 1015.39;   20.2;   66.08;   24.3;   14.8;   12.3;eor
       1757;20180720;   10;   9.1;   2.9;    3;   0.0;   0;   14.067;   0;   3.2;  13.3; 1013.67;   19.1;   62.42;   23.7;   13.6;   12.0;eor
       1757;20180721;   10;   8.2;   1.9;    3;   0.0;   0;   14.050;   0;   4.0;  14.1; 1012.17;   19.8;   63.42;   25.4;   13.3;   10.9;eor
       1757;20180722;   10;   9.5;   1.6;    3;   0.1;   6;    6.983;   0;   4.4;  15.8; 1011.79;   21.5;   64.58;   27.8;   13.9;   12.0;eor
       1757;20180723;   10;   9.7;   3.0;    3;   0.0;   0;   11.633;   0;   1.3;  17.4; 1014.45;   21.4;   70.00;   26.3;   16.8;   15.0;eor
       1757;20180724;   10;   5.8;   1.9;    3;   0.0;   0;   12.217;   0;   1.8;  19.4; 1014.88;   22.8;   71.29;   27.7;   16.7;   14.8;eor
       1757;20180725;   10;   7.4;   2.1;    3;   0.0;   0;   14.733;   0;   0.5;  19.6; 1015.27;   23.6;   69.96;   30.6;   16.7;   15.0;eor
       1757;20180726;   10;   7.9;   2.6;    3;   0.0;   0;   14.650;   0;   0.7;  21.4; 1017.46;   23.4;   75.96;   28.6;   17.5;   15.8;eor
       1757;20180727;   10;  13.2;   5.4;    3;   0.0;   0;   12.967;   0;   1.4;  23.4; 1016.57;   23.4;   81.54;   27.1;   19.7;   17.0;eor
       1757;20180728;   10;  10.5;   4.5;    3;   3.1;   6;   12.483;   0;   3.4;  21.5; 1009.88;   24.4;   71.42;   29.7;   19.6;   19.1;eor
       1757;20180729;   10;   6.6;   2.7;    3;   0.0;   6;    9.800;   0;   4.2;  18.6; 1014.42;   21.6;   74.50;   26.6;   17.3;   14.6;eor
       1757;20180730;   10;   8.0;   2.6;    3;   0.1;   6;    4.917;   0;   5.2;  18.2; 1016.79;   23.3;   66.50;   30.3;   16.8;   14.5;eor
       1757;20180731;   10;   9.3;   3.4;    3;   0.0;   0;   12.683;   0;   2.2;  20.9; 1016.50;   24.9;   67.67;   31.4;   16.3;   14.0;eor
       1757;20180801;   10;   7.2;   2.7;    3;   0.0;   6;    4.833;   0;   4.7;  21.5; 1018.98;   23.9;   73.71;   28.3;   19.1;   17.0;eor
       1757;20180802;   10;   7.1;   1.9;    3;   0.7;   6;    5.567;   0;   4.7;  19.7; 1022.25;   22.1;   75.25;   27.9;   16.9;   14.5;eor
       1757;20180803;   10;   7.2;   1.8;    3;   0.0;   0;   13.833;   0;   0.8;  17.8; 1020.98;   23.0;   66.67;   30.4;   14.6;   11.8;eor
       1757;20180804;   10;  10.7;   2.8;    3;   0.0;   0;    9.067;   0;   4.7;  18.4; 1016.70;   23.2;   66.63;   27.9;   17.2;   15.3;eor
       1757;20180805;   10;  12.4;   5.0;    3;   0.0;   0;    6.133;   0;   4.9;  15.5; 1017.73;   20.1;   66.17;   23.4;   17.6;   16.4;eor
       1757;20180806;   10;   8.2;   3.1;    3;   0.0;   0;   13.517;   0;   2.9;  15.9; 1016.74;   21.3;   65.17;   28.2;   16.4;   14.3;eor
       1757;20180807;   10;  10.6;   3.0;    3;   0.0;   6;   13.300;   0;   2.0;  15.0; 1012.26;   25.2;   49.25;   33.2;   17.7;   14.0;eor
       1757;20180808;   10;  12.9;   3.2;    3;   4.0;   6;    9.183;   0;   5.3;  17.1; 1009.32;   26.9;   50.63;   36.4;   18.7;   17.1;eor
       1757;20180809;   10;  12.8;   4.1;    3;   5.8;   6;   11.750;   0;   2.7;  21.2; 1013.31;   22.7;   76.83;   26.3;   19.0;   17.3;eor
       1757;20180810;   10;  13.9;   4.1;    3;   0.0;   0;    7.683;   0;   4.2;  15.3; 1016.51;   19.5;   67.71;   22.9;   12.7;   10.8;eor
       1757;20180811;   10;  17.9;-999;    3;   2.5;   6;    4.467;   0;   5.2;  12.3; 1016.95;   16.5;   66.71;   21.1;   13.0;   10.8;eor
       1757;20180812;   10;-999;-999;    3;   0.0;   6;    7.667;   0;   6.1;  12.8; 1014.92;   17.6;   65.67;   22.5;   12.3;   10.2;eor
       1757;20180813;   10;  10.5;-999;    3;   0.0;   0;    3.150;   0;   7.0;  16.0; 1007.30;   21.4;   64.33;   27.8;   17.6;   15.3;eor
       1757;20180814;   10;  11.6;   3.4;    3;   4.9;   6;    1.050;   0;   6.0;  17.1; 1007.50;   19.1;   77.75;   22.5;   16.9;   14.9;eor
       1757;20180815;   10;  10.1;   3.2;    3;   0.2;   6;    4.717;   0;   5.8;  17.0; 1015.50;   19.5;   75.75;   23.0;   17.0;   15.1;eor
       1757;20180816;   10;   9.5;   2.5;    3;   0.0;   0;   12.250;   0;   2.7;  16.0; 1016.00;   22.8;   59.79;   28.8;   18.1;   16.6;eor
       1757;20180817;   10;  11.1;   2.9;    3;   0.0;   0;   10.200;   0;   3.0;  16.3; 1015.15;   20.9;   66.58;   26.3;   15.5;   13.3;eor
       1757;20180818;   10;   8.8;   2.6;    3;   0.0;   0;   12.883;   0;   2.6;  13.7; 1019.46;   19.1;   65.88;   25.6;   13.5;   11.7;eor
       1757;20180819;   10;  10.0;   2.7;    3;   0.0;   0;   10.350;   0;   4.7;  15.6; 1017.81;   20.0;   68.54;   25.8;   14.6;   12.6;eor
       1757;20180820;   10;  12.2;   4.4;    3;   0.1;   6;    3.133;   0;   5.8;  16.1; 1014.44;   19.3;   71.75;   24.2;   16.4;   14.6;eor
       1757;20180821;   10;   7.8;   3.1;    3;   0.0;   0;   10.983;   0;   1.3;  12.1; 1020.26;   16.7;   65.46;   21.4;   10.3;    8.0;eor
       1757;20180822;   10;   8.3;   2.2;    3;   0.0;   0;   13.050;   0;   0.8;  13.1; 1018.62;   18.3;   66.25;   27.0;    9.1;    6.7;eor
       1757;20180823;   10;  10.3;   2.1;    3;   0.3;   6;   11.250;   0;   1.6;  15.5; 1010.25;   22.2;   62.71;   31.9;   12.7;   10.3;eor
       1757;20180824;   10;  11.8;   3.2;    3;   0.0;   6;    3.150;   0;   6.4;  14.7; 1006.48;   18.4;   69.79;   23.0;   14.3;   12.2;eor
       1757;20180825;   10;  11.4;   3.0;    3;   0.4;   6;    4.000;   0;   5.6;  11.0; 1007.58;   14.8;   66.17;   19.8;   10.9;    8.7;eor
       1757;20180826;   10;   9.8;   3.3;    3;   0.0;   0;    9.883;   0;   2.7;  10.6; 1012.52;   14.2;   68.08;   19.9;    9.6;    8.1;eor
       1757;20180827;   10;  13.3;   3.7;    3;   9.7;   6;    0.333;   0;   7.0;  12.1; 1010.40;   15.5;   69.17;   20.4;   12.2;   10.9;eor
       1757;20180828;   10;   8.5;   2.7;    3;   0.0;   0;    4.067;   0;   5.1;  14.2; 1017.25;   16.4;   77.33;   21.2;   12.9;   11.5;eor
       1757;20180829;   10;   9.6;   3.0;    3;   0.0;   6;    8.317;   0;   4.6;  14.7; 1016.24;   18.0;   73.67;   23.7;   12.4;   10.9;eor
       1757;20180830;   10;   8.8;   2.2;    3;   7.1;   6;    0.000;   0;   7.3;  15.5; 1011.64;   16.3;   83.13;   18.4;   13.5;   11.4;eor
       1757;20180831;   10;  10.6;   4.3;    3;   0.0;   0;    3.683;   0;   6.0;  15.4; 1017.43;   16.6;   81.92;   19.4;   13.3;   11.9;eor
       1757;20180901;   10;   7.8;   2.5;    3;   0.0;   0;    8.067;   0;   2.5;  14.2; 1024.14;   15.9;   80.00;   21.3;   11.2;    9.3;eor
       1757;20180902;   10;  12.6;   4.0;    3;   0.0;   6;    8.333;   0;   2.6;  16.7; 1026.15;   16.8;   86.79;   21.2;   10.2;    7.7;eor
       1757;20180903;   10;  12.5;   5.4;    3;   0.0;   0;   11.250;   0;   2.0;  18.9; 1020.71;   19.2;   84.58;   22.3;   16.8;   14.8;eor
       1757;20180904;   10;   9.9;   4.2;    3;   0.0;   0;   10.900;   0;   4.8;  17.3; 1017.89;   18.6;   80.96;   21.1;   16.4;   13.7;eor
       1757;20180905;   10;   9.0;   3.8;    3;   0.0;   0;   10.733;   0;   3.4;  17.4; 1019.05;   18.2;   83.50;   21.3;   14.2;   11.2;eor
       1757;20180906;   10;  11.1;   3.5;    3;   0.0;   0;    9.750;   0;   2.5;  16.8; 1014.50;   17.5;   84.63;   22.2;   11.8;    9.9;eor
       1757;20180907;   10;  10.2;   2.5;    3;   0.1;   6;    3.867;   0;   4.8;  15.8; 1010.78;   17.2;   81.08;   22.1;   12.2;    9.8;eor
       1757;20180908;   10;  10.8;   2.9;    3;   0.0;   0;    9.500;   0;   2.7;  11.4; 1017.57;   15.1;   68.08;   20.9;    9.8;    5.9;eor
       1757;20180909;   10;   8.0;   1.8;    3;   0.0;   0;    6.650;   0;   5.0;  12.1; 1020.10;   16.9;   65.88;   23.2;   10.7;    8.0;eor
       1757;20180910;   10;   9.3;   2.2;    3;   0.1;   6;    3.567;   0;   6.6;  13.5; 1018.80;   18.2;   67.79;   24.5;   11.6;    9.0;eor
       1757;20180911;   10;  12.5;   3.3;    3;   3.1;   6;    0.000;   0;   8.0;  15.9; 1016.88;   18.0;   77.67;   21.9;   14.4;   13.1;eor
       1757;20180912;   10;  10.8;   3.2;    3;   0.2;   6;    0.050;   0;   8.0;  14.6; 1017.87;   15.4;   83.54;   17.5;   12.1;   10.8;eor
       1757;20180913;   10;   5.7;   1.8;    3;   0.0;   0;    8.050;   0;   4.3;  12.0; 1020.24;   14.0;   76.67;   19.3;   10.2;    6.8;eor
       1757;20180914;   10;   7.5;   2.0;    3;   0.0;   0;    9.933;   0;   3.1;  10.8; 1018.77;   14.4;   68.46;   20.3;    7.8;    4.9;eor
       1757;20180915;   10;  11.4;   3.8;    3;   0.0;   6;    4.267;   0;   5.8;  11.7; 1018.64;   15.3;   67.58;   19.8;   12.1;    9.0;eor
       1757;20180916;   10;   7.8;   2.4;    3;   0.0;   0;    8.050;   0;   4.3;  11.6; 1021.74;   15.0;   69.38;   20.7;    9.7;    7.3;eor
       1757;20180917;   10;   9.1;   2.5;    3;   0.0;   0;    9.733;   0;   5.3;  12.1; 1017.74;   17.3;   64.38;   25.1;   11.3;    8.5;eor
       1757;20180918;   10;  10.9;   2.4;    3;   0.0;   0;   10.900;   0;   2.7;  11.7; 1013.40;   20.2;   55.00;   29.2;    9.8;    7.0;eor
       1757;20180919;   10;   8.3;   2.6;    3;   0.0;   0;   10.933;   0;   1.0;  15.3; 1015.06;   20.0;   67.13;   26.2;   13.8;   10.0;eor
       1757;20180920;   10;  11.5;   2.9;    3;   0.0;   0;    7.833;   0;   3.4;  14.7; 1014.10;   20.0;   64.13;   26.0;   15.6;   12.2;eor
       1757;20180921;   10;  25.5;   4.6;    3;   7.6;   6;    5.000;   0;   4.3;  13.3; 1004.68;   18.1;   66.08;   28.4;   11.2;    9.8;eor
       1757;20180922;   10;  14.7;-999;    3;   2.7;   6;    5.850;   0;   3.1;  10.2; 1011.88;   11.9;   73.38;   17.1;    9.4;    8.2;eor
       1757;20180923;   10;-999;-999;    3;   1.2;   6;    3.483;   0;   5.4;  10.2; 1010.05;   10.9;   78.33;   13.8;    8.2;    7.1;eor
       1757;20180924;   10;-999;-999;    3;   2.2;   8;    3.983;   0;   4.2;   8.8; 1019.55;    9.6;   73.42;   12.9;    6.7;    3.7;eor
       1757;20180925;   10;-999;-999;    3;   0.0;   0;    9.817;   0;   2.8;   8.0; 1033.47;    9.7;   68.29;   14.1;    5.6;    2.7;eor
       1757;20180926;   10;-999;-999;    3;   1.8;   6;    0.150;   0;   7.1;   9.3; 1026.94;   13.0;   62.42;   16.4;    7.3;    5.1;eor
       1757;20180927;   10;  12.5;   4.4;    3;   1.6;   6;    4.050;   0;   6.4;  15.7; 1021.05;   17.3;   80.46;   21.0;   14.5;   13.9;eor
       1757;20180928;   10;  12.2;   4.7;    3;   0.0;   0;    6.383;   0;   4.0;   9.4; 1020.44;   11.8;   67.04;   15.9;    7.5;    4.6;eor
       1757;20180929;   10;   8.3;   2.8;    3;   0.0;   0;    5.700;   0;   2.2;   8.5; 1025.50;    9.8;   70.88;   14.5;    5.6;    3.0;eor
       1757;20180930;   10;   9.3;   2.6;    3;   0.0;   0;    4.150;   0;   5.8;   8.0; 1015.60;   10.8;   63.21;   16.4;    6.8;    4.3;eor
       1757;20181001;   10;   7.5;   2.5;    3;   0.4;   6;    1.783;   0;   4.6;   9.4; 1010.61;    9.1;   81.67;   13.7;    5.6;    2.8;eor
       1757;20181002;   10;  16.5;   5.1;    3;   5.4;   6;    0.417;   0;   6.7;   9.3; 1008.38;    8.2;   85.58;   10.2;    5.8;    5.0;eor
       1757;20181003;   10;  16.2;   6.6;    3;   3.4;   6;    5.450;   0;   4.0;   8.9; 1012.57;   10.4;   71.25;   13.4;    7.1;    3.8;eor
       1757;20181004;   10;   8.2;   3.0;    3;   0.1;   6;    0.567;   0;   5.8;  11.6; 1022.14;   10.9;   87.58;   13.9;    6.3;    3.3;eor
       1757;20181005;   10;   9.9;   3.3;    3;   0.0;   0;    8.117;   0;   3.9;  12.1; 1018.78;   15.0;   72.00;   20.7;   10.7;    6.2;eor
       1757;20181006;   10;   7.1;   1.8;    3;   0.8;   6;    9.850;   0;   2.1;  11.6; 1009.25;   12.8;   79.88;   20.3;    6.3;    3.2;eor
       1757;20181007;   10;  13.4;   3.3;    3;   0.0;   6;    2.417;   0;   4.2;   9.7; 1015.50;    9.1;   84.13;   12.8;    3.0;    0.6;eor
       1757;20181008;   10;   8.5;   2.4;    3;   0.0;   0;    7.000;   0;   4.9;   8.3; 1021.75;    8.8;   74.96;   14.7;    2.6;   -0.1;eor
       1757;20181009;   10;   8.3;   2.5;    3;   0.0;   0;    3.933;   0;   6.2;   9.8; 1021.04;   11.8;   71.42;   17.4;    6.7;    3.2;eor
       1757;20181010;   10;   5.7;   2.1;    3;   0.0;   0;    9.150;   0;   3.0;  12.9; 1022.80;   13.4;   84.83;   21.5;    7.0;    4.1;eor
       1757;20181011;   10;   9.2;   3.0;    3;   0.0;   0;    9.567;   0;   0.4;  12.7; 1018.70;   15.5;   74.08;   22.3;    9.5;    5.4;eor
       1757;20181012;   10;   7.7;   2.7;    3;   0.0;   0;    9.483;   0;   0.3;  12.8; 1020.93;   16.7;   68.33;   24.0;   12.2;    9.8;eor
       1757;20181013;   10;   7.1;   2.5;    3;   0.0;   0;    9.433;   0;   0.4;  13.1; 1022.15;   18.0;   64.46;   25.7;   12.8;    8.7;eor
       1757;20181014;   10;  10.6;   2.9;    3;   0.0;   0;    9.333;   0;   0.0;  11.1; 1015.45;   15.9;   63.13;   22.2;   10.4;    6.1;eor
       1757;20181015;   10;   8.5;   2.5;    3;   0.0;   0;    8.900;   0;   1.0;   9.9; 1014.51;   15.4;   57.33;   22.3;   10.2;    6.0;eor
       1757;20181016;   10;   3.9;   1.0;    3;   0.0;   0;    9.017;   0;   0.2;  10.5; 1017.60;   12.8;   74.38;   22.5;    6.9;    3.8;eor
       1757;20181017;   10;   3.9;   1.1;    3;   0.0;   0;    9.000;   0;   1.0;  11.1; 1018.85;   11.2;   84.50;   19.9;    6.2;    3.6;eor
       1757;20181018;   10;   7.6;   2.2;    3;   0.1;   6;    0.100;   0;   3.6;  11.2; 1020.77;    9.6;   92.92;   13.5;    4.7;    0.4;eor
       1757;20181019;   10;   5.1;   1.6;    3;   0.0;   0;    4.933;   0;   2.7;   8.8; 1024.65;    7.0;   88.04;   12.7;    3.1;   -0.9;eor
       1757;20181020;   10;   8.8;   2.7;    3;   0.0;   6;    1.450;   0;   4.6;   9.3; 1026.13;    8.8;   82.04;   12.7;    5.6;    1.0;eor
       1757;20181021;   10;   7.1;   2.1;    3;   0.0;   6;    6.783;   0;   2.8;   9.9; 1026.46;    9.4;   85.00;   15.0;    3.7;    0.7;eor
       1757;20181022;   10;  12.6;   4.3;    3;   0.8;   6;    3.750;   0;   4.3;   9.2; 1024.45;   10.0;   74.58;   12.6;    6.4;    3.3;eor
       1757;20181023;   10;  19.8;   8.5;    3;  11.5;   6;    0.000;   0;   7.5;  10.1; 1006.91;   10.3;   80.33;   12.7;    6.5;    5.6;eor
       1757;20181024;   10;  15.5;   5.0;    3;   2.3;   6;    5.783;   0;   4.0;   7.6; 1011.14;    8.3;   69.67;   10.7;    5.1;    1.9;eor
       1757;20181025;   10;  18.5;   7.5;    3;   0.6;   6;    1.067;   0;   6.8;   9.8; 1006.70;   10.8;   75.29;   12.8;    8.0;    5.7;eor
       1757;20181026;   10;  11.2;   3.7;    3;   2.5;   6;    0.000;   0;   7.3;  10.1; 1002.36;    9.4;   85.25;   11.8;    7.6;    5.8;eor
       1757;20181027;   10;  14.0;   5.1;    3;   4.8;   6;    0.917;   0;   7.0;   7.9; 1002.41;    6.5;   81.71;    8.7;    5.0;    3.9;eor
       1757;20181028;   10;  14.0;   4.9;    3;  13.5;   8;    0.667;   0;   7.5;   7.7; 1016.70;    5.9;   83.21;    7.9;    4.1;    3.4;eor
       1757;20181029;   10;  15.4;   7.4;    3;   0.0;   6;    0.000;   0;   7.8;   7.4; 1010.48;    6.5;   77.21;    7.4;    5.1;    4.7;eor
       1757;20181030;   10;  14.7;   4.7;    3;   0.8;   6;    3.817;   0;   6.3;  10.4;  994.55;   12.5;   72.83;   20.6;    6.7;    6.4;eor
       1757;20181031;   10;  17.7;   4.5;    3;   0.0;   0;    6.167;   0;   5.7;   8.2; 1013.81;    9.2;   70.88;   12.6;    3.9;    1.2;eor
       1757;20181101;   10;   6.8;   2.1;    3;   0.0;   0;    2.817;   0;   5.2;   9.0; 1013.80;    6.7;   92.21;   10.2;    2.6;   -0.3;eor
       1757;20181102;   10;  10.2;   3.3;    3;   0.0;   0;    5.117;   0;   2.1;   9.2; 1018.90;    9.1;   80.17;   13.5;    5.3;    1.6;eor
       1757;20181103;   10;   4.5;   1.6;    3;   0.0;   0;    7.883;   0;   0.8;   7.6; 1028.32;    4.9;   88.13;   10.8;   -0.7;   -3.2;eor
       1757;20181104;   10;   6.9;   2.4;    3;   0.0;   6;    0.017;   0;   6.6;   8.9; 1021.77;    6.4;   91.08;   10.1;   -1.0;   -3.5;eor
       1757;20181105;   10;   6.8;   2.7;    3;   0.0;   0;    0.000;   0;   6.0;  11.2; 1013.85;    9.3;   95.42;   11.8;    6.2;    1.8;eor
       1757;20181106;   10;   6.8;   2.1;    3;   0.0;   0;    7.550;   0;   1.5;   9.9; 1010.53;    8.8;   87.58;   14.7;    4.2;    1.0;eor
       1757;20181107;   10;   5.4;   1.7;    3;   0.0;   0;    6.900;   0;   1.3;   9.8; 1011.34;    7.8;   92.04;   13.7;    3.4;    0.4;eor
       1757;20181108;   10;   5.6;   1.4;    3;   0.0;   6;    2.283;   0;   4.8;   9.8; 1018.88;    7.4;   94.13;   11.8;    2.1;   -0.3;eor
       1757;20181109;   10;   6.4;   1.9;    3;   0.1;   6;    0.000;   0;   7.9;  10.7; 1017.59;    8.2;   98.00;    9.4;    7.1;    5.1;eor
       1757;20181110;   10;  10.6;   3.6;    3;   0.0;   6;    0.433;   0;   7.9;  10.4; 1010.12;    8.7;   92.75;   10.0;    7.5;    7.4;eor
       1757;20181111;   10;   9.3;   3.8;    3;   1.6;   6;    0.050;   0;   7.1;  10.3; 1010.19;    8.6;   92.33;    9.7;    7.7;    6.8;eor
       1757;20181112;   10;   9.1;   2.9;    3;   0.2;   6;    0.300;   0;   6.8;  11.6; 1014.52;   11.4;   86.38;   13.7;    9.6;    8.5;eor
       1757;20181113;   10;   9.8;   2.9;    3;   4.0;   6;    0.000;   0;   7.5;  11.1; 1019.11;   10.1;   89.13;   12.5;    8.5;    7.3;eor
       1757;20181114;   10;   9.5;   3.3;    3;   0.0;   6;    0.000;   0;   7.7;  10.1; 1026.66;    9.0;   87.79;   10.6;    7.1;    5.1;eor
       1757;20181115;   10;   7.2;   2.4;    3;   0.0;   6;    4.400;   0;   4.0;   9.3; 1030.33;    7.8;   87.63;   11.0;    5.4;    2.6;eor
       1757;20181116;   10;   7.8;   2.8;    3;   0.0;   0;    7.000;   0;   0.3;   7.1; 1035.81;    4.7;   83.04;    8.9;    0.9;   -2.6;eor
       1757;20181117;   10;   5.8;   2.0;    3;   0.0;   0;    6.683;   0;   1.2;   6.0; 1039.30;    1.3;   89.83;    6.0;   -2.5;   -5.4;eor
       1757;20181118;   10;  17.6;   5.3;    3;   2.6;   6;    0.000;   0;   5.9;   7.4; 1032.08;    4.2;   89.00;    8.2;   -2.8;   -5.4;eor
       1757;20181119;   10;  16.5;   7.1;    3;   0.0;   6;    2.533;   0;   4.8;   7.1; 1026.22;    5.8;   77.08;    7.1;    3.5;    0.9;eor
       1757;20181120;   10;  13.6;   7.3;    3;   0.0;   0;    0.367;   0;   4.5;   5.9; 1022.35;    3.8;   73.63;    5.1;    1.4;   -0.6;eor
       1757;20181121;   10;  12.0;   5.2;    3;   0.0;   0;    1.933;   0;   5.4;   5.2; 1024.56;    1.2;   78.63;    2.1;    0.1;   -2.1;eor
       1757;20181122;   10;   8.6;   3.4;    3;   0.0;   6;    0.000;   0;   8.0;   4.9; 1026.10;   -0.2;   80.88;    0.5;   -0.6;   -0.8;eor
       1757;20181123;   10;   6.0;   2.4;    3;   0.0;   6;    0.000;   0;   8.0;   5.9; 1022.22;    0.6;   91.54;    2.1;   -0.8;   -0.7;eor
       1757;20181124;   10;   3.8;   0.9;    3;   0.0;   6;    0.000;   0;   8.0;   6.6; 1015.04;    2.6;   89.54;    3.8;    0.8;   -0.5;eor
       1757;20181125;   10;   9.6;   1.5;    3;   0.7;   6;    1.617;   0;   6.5;   7.0; 1013.95;    3.4;   90.50;    6.2;    1.0;   -1.9;eor
       1757;20181126;   10;   9.2;   2.7;    3;   1.2;   6;    2.383;   0;   5.8;   6.7; 1015.88;    3.2;   86.88;    5.4;   -0.1;   -3.0;eor
       1757;20181127;   10;   5.9;   1.8;    3;   0.0;   6;    1.883;   0;   6.6;   5.4; 1022.52;    1.3;   80.75;    2.7;   -2.0;   -4.8;eor
       1757;20181128;   10;  13.6;   3.1;    3;   0.0;   0;    6.167;   0;   2.8;   5.1; 1027.87;    0.7;   79.08;    3.6;   -1.6;   -4.2;eor
       1757;20181129;   10;  14.9;   6.2;    3;   0.0;   6;    0.017;   0;   7.2;   4.0; 1019.62;    0.3;   63.92;    1.4;   -1.0;   -2.3;eor
       1757;20181130;   10;  13.2;   4.9;    3;   1.2;   6;    0.000;   0;   8.0;   4.6; 1013.45;    0.8;   71.21;    2.0;    0.3;   -0.2;eor
       1757;20181201;   10;   7.9;   3.1;    3;   0.0;   6;    0.000;   0;   7.6;   7.2; 1011.68;    3.2;   93.00;    5.9;    0.6;   -0.1;eor
       1757;20181202;   10;   8.8;   3.5;    3;   3.0;   6;    0.267;   0;   7.5;   8.5; 1000.32;    5.7;   91.67;    9.4;    3.9;    1.8;eor
       1757;20181203;   10;   8.9;   3.3;    3;   3.9;   6;    0.583;   0;   7.0;  11.6;  996.01;   10.7;   89.96;   12.3;    8.4;    7.0;eor
       1757;20181204;   10;  15.5;   6.1;    3;   0.0;   0;    3.500;   0;   3.0;   7.2; 1009.41;    6.1;   75.08;    8.6;    4.1;    2.0;eor
       1757;20181205;   10;   7.5;   2.9;    3;   0.0;   6;    5.733;   0;   1.8;   6.2; 1023.85;    2.7;   83.71;    6.2;    0.0;   -3.5;eor
       1757;20181206;   10;   8.7;   3.7;    3;   2.6;   6;    0.000;   0;   7.9;   7.1; 1013.80;    3.9;   85.96;    9.3;    1.3;    0.2;eor
       1757;20181207;   10;  10.2;   4.0;    3;   4.8;   6;    0.000;   0;   8.0;  12.2; 1000.61;   10.6;   95.46;   11.3;    9.3;    8.5;eor
       1757;20181208;   10;  18.2;   6.4;    3;  11.4;   6;    0.000;   0;   7.3;   8.3;  993.11;    7.3;   80.79;   10.1;    5.7;    4.4;eor
       1757;20181209;   10;  15.2;   5.0;    3;   2.3;   6;    0.017;   0;   7.3;   8.6;  988.09;    6.7;   87.50;    7.7;    4.0;    2.3;eor
       1757;20181210;   10;  14.6;   6.3;    3;   4.3;   8;    0.083;   0;   6.5;   6.7; 1003.34;    5.1;   75.83;    6.1;    3.7;    2.4;eor
       1757;20181211;   10;  14.6;   5.1;    3;   2.4;   6;    0.000;   0;   7.1;   6.8; 1012.92;    4.1;   82.96;    5.5;    3.2;    2.2;eor
       1757;20181212;   10;  11.3;   4.4;    3;   2.2;   6;    0.367;   0;   7.4;   7.3; 1024.68;    4.0;   89.13;    5.3;    2.0;   -0.1;eor
       1757;20181213;   10;   7.6;   2.3;    3;   1.3;   8;    0.167;   0;   6.5;   6.4; 1025.37;    1.8;   91.83;    3.8;    0.2;   -2.4;eor
       1757;20181214;   10;   8.5;   2.1;    3;   0.0;   7;    0.000;   0;   8.0;   5.5; 1027.33;    0.4;   87.04;    1.2;   -0.3;   -1.0;eor
       1757;20181215;   10;   5.7;   1.3;    3;   0.0;   7;    0.000;   0;   7.8;   5.2; 1028.68;    0.0;   85.08;    1.0;   -1.2;   -2.9;eor
       1757;20181216;   10;   9.5;   3.1;    3;   0.0;   0;    0.117;   0;   6.7;   4.6; 1017.73;   -0.4;   76.92;    0.3;   -1.8;   -4.2;eor
       1757;20181217;   10;   4.5;   1.7;    3;   1.3;   8;    1.233;   0;   7.4;   4.9; 1020.07;   -0.6;   82.83;    0.1;   -1.5;   -3.0;eor
       1757;20181218;   10;   8.3;   2.6;    3;   0.3;   6;    0.000;   0;   8.0;   6.5; 1023.81;    1.3;   97.17;    2.6;   -0.2;   -0.5;eor
       1757;20181219;   10;  11.0;   4.0;    3;   0.1;   6;    0.000;   0;   7.7;   6.3; 1016.75;    1.9;   90.21;    2.5;    1.4;    0.1;eor
       1757;20181220;   10;   6.2;   2.1;    3;   0.8;   6;    0.000;   0;   7.8;   7.0; 1013.31;    2.9;   93.17;    4.1;    1.5;    0.3;eor
       1757;20181221;   10;   9.4;   3.2;    3;   7.8;   6;    0.000;   0;   7.8;   8.4; 1003.49;    5.2;   94.75;    8.6;    3.5;    1.1;eor
       1757;20181222;   10;  15.3;   3.9;    3;   2.5;   6;    0.000;   0;   8.0;   7.7; 1004.68;    4.4;   91.58;    8.6;    3.0;    2.5;eor
       1757;20181223;   10;   9.9;   3.5;    3;   4.9;   6;    0.000;   0;   7.9;   8.0; 1012.49;    4.5;   93.67;    7.3;    1.6;    1.1;eor
       1757;20181224;   10;  12.5;   4.1;    3;   0.0;   8;    0.100;   0;   7.5;   5.4; 1021.88;    1.4;   79.50;    3.3;   -0.3;   -0.5;eor
       1757;20181225;   10;  15.1;   6.8;    3;   0.0;   6;    0.100;   0;   7.7;   7.5; 1023.68;    6.0;   79.83;    6.7;    3.2;    2.0;eor
       1757;20181226;   10;  14.9;   5.4;    3;   0.1;   6;    0.000;   0;   7.7;   8.3; 1023.02;    7.1;   81.71;    8.8;    6.2;    5.6;eor
       1757;20181227;   10;  11.7;   5.6;    3;   0.2;   6;    0.000;   0;   8.0;   9.7; 1020.27;    7.4;   94.08;    8.4;    6.7;    6.3;eor
       1757;20181228;   10;   9.9;   4.4;    3;   2.0;   6;    0.000;   0;   7.7;   8.6; 1021.76;    6.8;   87.13;    7.3;    6.0;    4.5;eor
       1757;20181229;   10;   9.7;   4.0;    3;   3.3;   6;    0.017;   0;   7.8;   9.4; 1020.27;    7.3;   92.33;    8.3;    6.3;    5.8;eor
       1757;20181230;   10;  16.2;   5.2;    3;   0.0;   6;    2.083;   0;   5.6;   8.0; 1020.21;    5.6;   87.58;    7.8;    2.4;    0.2;eor
       1757;20181231;   10;  11.5;   3.1;    3;   0.4;   6;    0.000;   0;   7.5;   8.2; 1026.65;    5.1;   92.54;    8.5;    2.4;    0.3;eor
       1757;20190101;   10;  23.6;   9.7;    3;   3.2;   8;    0.567;   0;   5.9;   7.3; 1010.94;    6.6;   74.25;    8.1;    4.1;    3.0;eor
       1757;20190102;   10;  20.6;   8.7;    3;   0.0;   7;    4.617;   0;   3.0;   4.0; 1022.78;    2.9;   52.67;    5.8;    0.5;   -2.1;eor
       1757;20190103;   10;  11.8;   3.8;    3;   0.0;   8;    1.867;   0;   4.3;   4.9; 1031.75;    1.4;   72.96;    3.6;   -2.0;   -5.1;eor
       1757;20190104;   10;  10.8;   4.1;    3;   0.3;   6;    0.000;   0;   7.1;   7.1; 1023.78;    3.5;   89.96;    6.7;   -0.1;   -1.1;eor
       1757;20190105;   10;  10.5;   3.6;    3;   0.0;   6;    0.917;   0;   5.5;   7.6; 1019.43;    4.6;   89.33;    7.2;    0.7;   -2.5;eor
       1757;20190106;   10;   4.8;   2.0;    3;   0.1;   6;    4.633;   0;   6.3;   5.4; 1027.00;    1.7;   78.21;    3.3;   -0.4;   -2.7;eor
       1757;20190107;   10;  11.9;   3.3;    3;   2.7;   6;    0.000;   0;   8.0;   7.5; 1021.39;    3.8;   92.92;    6.5;    1.6;    0.9;eor
       1757;20190108;   10;  17.3;   6.2;    3;  12.5;   8;    0.000;   0;   7.8;   7.8;  996.13;    4.8;   90.79;    6.9;    2.3;    1.8;eor
       1757;20190109;   10;  15.7;   7.5;    3;   3.6;   8;    0.000;   0;   8.0;   6.4; 1008.50;    2.1;   89.33;    2.9;    1.2;    0.4;eor
       1757;20190110;   10;   9.7;   3.2;    3;   0.1;   8;    0.000;   0;   7.2;   5.2; 1021.81;    0.6;   81.13;    1.3;    0.0;   -0.8;eor
       1757;20190111;   10;   9.5;   4.1;    3;   1.0;   6;    0.000;   0;   7.0;   7.2; 1012.75;    3.1;   92.96;    6.5;    0.5;   -0.4;eor
       1757;20190112;   10;  10.5;   4.1;    3;   3.5;   6;    0.000;   0;   6.0;   7.7; 1005.50;    4.1;   92.83;    6.1;    1.1;   -1.1;eor
       1757;20190113;   10;  16.7;   6.7;    3;   3.4;   6;    0.000;   0;   7.8;   8.5;  990.02;    6.3;   88.75;    8.4;    5.2;    4.2;eor
       1757;20190114;   10;  20.3;   8.2;    3;   3.9;   8;    5.000;   0;   2.7;   4.5;  996.95;    2.2;   61.83;    5.3;    0.7;   -0.8;eor
       1757;20190115;   10;  16.4;   6.4;    3;   8.9;   8;    0.000;   1;   7.5;   7.4; 1003.66;    4.6;   86.38;    7.5;    0.4;   -1.0;eor
       1757;20190116;   10;  13.3;   4.9;    3;   1.0;   6;    0.000;   0;   8.0;   8.6; 1001.23;    6.7;   87.13;    7.4;    4.7;    3.8;eor
       1757;20190117;   10;  12.0;   5.2;    3;   0.3;   8;    0.583;   0;   7.1;   6.7;  994.97;    4.4;   80.13;    5.8;    0.3;    0.0;eor
       1757;20190118;   10;  11.3;   3.8;    3;   0.0;   7;    6.017;   0;   3.5;   4.8; 1012.60;    0.1;   77.38;    2.2;   -1.4;   -3.2;eor
       1757;20190119;   10;   7.8;   2.6;    3;   0.0;   7;    0.000;   0;   7.8;   5.5; 1018.87;   -0.2;   91.67;    0.9;   -2.1;   -1.8;eor
       1757;20190120;   10;   6.3;   1.9;    3;   0.0;   8;    0.000;   0;   8.0;   4.9; 1019.92;   -1.9;   92.63;   -0.8;   -2.6;   -2.4;eor
       1757;20190121;   10;   9.7;   3.9;    3;   0.7;   7;    0.000;   0;   7.7;   4.6; 1018.39;   -2.0;   87.17;   -0.3;   -3.4;   -3.7;eor
       1757;20190122;   10;   8.1;   3.1;    3;   0.0;   7;    0.000;   2;   5.9;   4.9; 1010.77;   -1.6;   90.21;   -0.3;   -4.6;   -7.0;eor
       1757;20190123;   10;   9.1;   3.8;    3;   0.0;   0;    6.250;   1;   4.5;   3.4; 1006.88;   -4.8;   79.38;   -2.5;   -6.8;   -9.2;eor
       1757;20190124;   10;   6.8;   3.0;    3;   0.0;   7;    5.983;   1;   5.8;   3.3; 1013.45;   -4.3;   74.50;   -2.1;   -5.9;   -8.4;eor
       1757;20190125;   10;   6.9;   2.2;    3;   0.5;   7;    0.000;   1;   8.0;   3.4; 1013.13;   -4.1;   75.88;   -3.3;   -5.2;   -5.2;eor
       1757;20190126;   10;   6.1;   2.4;    3;   1.4;   8;    0.000;   2;   8.0;   5.2; 1000.62;   -1.3;   91.33;    1.3;   -3.7;   -4.1;eor
       1757;20190127;   10;   7.4;   3.2;    3;   4.5;   6;    0.000;   0;   8.0;   7.2;  987.71;    2.9;   95.92;    3.8;    1.2;    0.7;eor
       1757;20190128;   10;   6.4;   2.1;    3;   0.1;   8;    0.650;   0;   7.3;   6.9;  989.70;    3.4;   89.29;    5.3;    2.1;    0.1;eor
       1757;20190129;   10;   8.9;   3.6;    3;   0.0;   6;    3.300;   0;   5.9;   5.7; 1000.00;    1.0;   86.67;    2.8;   -1.1;   -3.7;eor
       1757;20190130;   10;  10.8;   3.6;    3;   0.0;   0;    2.417;   0;   6.2;   5.1; 1001.44;    0.6;   80.17;    3.2;   -1.5;   -4.1;eor
       1757;20190131;   10;  10.2;   3.3;    3;   0.0;   0;    1.300;   0;   6.1;   5.0; 1000.46;   -0.4;   83.71;    1.3;   -1.7;   -3.9;eor
       1757;20190201;   10;   9.5;   3.7;    3;   1.0;   7;    0.000;   0;   7.4;   5.0;  998.00;   -0.7;   86.46;    0.6;   -2.6;   -5.5;eor
       1757;20190202;   10;   6.9;   3.0;    3;   6.4;   8;    0.000;   1;   8.0;   6.1;  997.27;    0.6;   95.25;    1.3;   -0.6;   -2.0;eor
       1757;20190203;   10;   8.1;   3.4;    3;   0.0;   6;    0.000;   1;   7.5;   6.1; 1012.36;    1.5;   88.79;    2.3;   -0.8;   -3.2;eor
       1757;20190204;   10;  10.3;   3.6;    3;   0.0;   6;    5.467;   0;   4.9;   5.5; 1023.35;    1.5;   81.58;    4.3;   -1.6;   -3.3;eor
       1757;20190205;   10;  12.1;   4.7;    3;   0.0;   6;    0.183;   0;   7.7;   6.3; 1021.68;    3.4;   81.33;    4.8;    1.3;    0.5;eor
       1757;20190206;   10;  10.5;   3.8;    3;   0.7;   6;    0.133;   0;   7.6;   6.6; 1021.41;    3.8;   81.96;    5.3;    2.0;    1.2;eor
       1757;20190207;   10;  10.9;   3.8;    3;   0.2;   6;    0.000;   0;   6.3;   6.6; 1009.27;    4.2;   79.38;    5.7;    3.0;    2.1;eor
       1757;20190208;   10;  11.8;   5.0;    3;   0.1;   6;    0.900;   0;   6.6;   7.2; 1008.50;    6.2;   75.75;    8.1;    4.4;    2.9;eor
       1757;20190209;   10;  16.2;   5.3;    3;   0.8;   6;    1.883;   0;   7.0;   7.2;  999.44;    7.5;   70.08;   10.3;    5.7;    4.3;eor
       1757;20190210;   10;  10.9;   4.4;    3;   6.7;   8;    0.000;   0;   7.0;   8.1;  993.83;    6.5;   83.63;    8.1;    5.0;    3.7;eor
       1757;20190211;   10;  15.6;   6.6;    3;   0.1;   6;    0.050;   0;   5.3;   6.2; 1002.98;    3.8;   77.79;    6.5;    1.2;   -0.1;eor
       1757;20190212;   10;  11.8;   4.6;    3;   0.4;   6;    7.983;   0;   2.8;   5.3; 1024.23;    2.6;   72.67;    5.4;    1.1;   -0.9;eor
       1757;20190213;   10;  13.6;   5.8;    3;   0.0;   6;    0.000;   0;   7.9;   8.9; 1027.39;    7.1;   87.58;    8.9;    3.5;    2.5;eor
       1757;20190214;   10;   8.8;   3.2;    3;   0.1;   6;    4.200;   0;   4.6;   8.5; 1032.37;    6.8;   85.88;   10.0;    2.8;   -1.3;eor
       1757;20190215;   10;   8.6;   2.8;    3;   0.0;   0;    5.550;   0;   4.2;   6.9; 1031.30;    5.8;   76.04;   11.0;    2.3;   -1.6;eor
       1757;20190216;   10;   9.4;   3.0;    3;   0.0;   0;    7.850;   0;   1.4;   6.3; 1023.23;    8.1;   59.21;   14.1;    3.1;   -2.1;eor
       1757;20190217;   10;   5.1;   1.9;    3;   0.0;   0;    0.000;   0;   6.0;   8.6; 1022.65;    7.6;   82.63;   10.7;    2.7;   -1.0;eor
       1757;20190218;   10;   5.8;   2.0;    3;   0.0;   0;    8.567;   0;   1.1;   7.6; 1017.13;    6.7;   78.38;   13.2;    1.9;   -1.9;eor
       1757;20190219;   10;  13.0;   4.5;    3;   0.6;   6;    1.300;   0;   6.4;   7.6; 1011.02;    6.3;   78.96;    9.7;    4.3;   -0.4;eor
       1757;20190220;   10;   9.8;   4.3;    3;   2.7;   6;    0.400;   0;   7.4;   8.3; 1017.47;    7.1;   81.67;    9.9;    5.2;    4.4;eor
       1757;20190221;   10;  12.0;   4.7;    3;   6.9;   6;    0.183;   0;   7.9;   9.4; 1020.13;    7.4;   91.29;    9.1;    3.1;    2.9;eor
       1757;20190222;   10;  13.4;   5.4;    3;   0.0;   0;    5.117;   0;   4.3;   4.9; 1038.54;    1.1;   73.88;    3.1;   -3.1;   -5.0;eor
       1757;20190223;   10;   7.5;   2.6;    3;   0.0;   0;    8.217;   0;   3.2;   3.4; 1042.35;    1.6;   50.88;    5.5;   -1.5;   -3.4;eor
       1757;20190224;   10;   6.8;   2.6;    3;   0.0;   0;    9.133;   0;   2.2;   5.0; 1037.15;    5.8;   54.50;   12.4;    0.8;   -1.6;eor
       1757;20190225;   10;  12.0;   3.7;    3;   0.0;   0;    5.650;   0;   4.6;   7.7; 1034.62;    6.2;   82.38;   12.7;    0.7;   -2.5;eor
       1757;20190226;   10;   6.0;   2.5;    3;   0.0;   0;    4.283;   0;   4.1;   8.3; 1031.45;    6.6;   85.33;   11.9;    2.1;   -1.0;eor
       1757;20190227;   10;   8.8;   3.0;    3;   0.0;   0;    9.317;   0;   0.5;   6.7; 1022.29;    8.4;   63.17;   15.2;    3.1;    0.7;eor
       1757;20190228;   10;  10.0;   4.1;    3;   0.0;   0;    0.950;   0;   3.6;   7.1; 1009.16;    5.1;   81.96;    7.2;    1.6;   -1.5;eor
       1757;20190301;   10;   6.7;   2.6;    3;   0.0;   0;    1.133;   0;   6.9;   6.8; 1011.45;    2.9;   90.63;    5.9;   -0.9;   -3.7;eor
       1757;20190302;   10;   7.1;   2.8;    3;   0.0;   6;    0.483;   0;   7.3;   6.1; 1012.50;    2.9;   81.46;    5.5;   -0.5;   -0.9;eor
       1757;20190303;   10;  11.6;   3.9;    3;   6.6;   6;    0.000;   0;   7.9;   9.8; 1000.82;    7.9;   90.33;   10.3;    3.6;    2.9;eor
       1757;20190304;   10;  22.6;   6.2;    3;   6.4;   6;    1.450;   0;   6.8;   9.1;  987.08;    9.1;   78.21;   13.1;    5.6;    5.0;eor
       1757;20190305;   10;  21.4;   7.6;    3;   0.0;   6;    2.550;   0;   5.5;   7.1;  996.43;    6.9;   71.38;    8.8;    3.4;    1.8;eor
       1757;20190306;   10;  11.6;   3.7;    3;   2.8;   6;    1.133;   0;   6.0;   7.1; 1005.24;    6.2;   75.67;    9.6;    1.1;   -1.8;eor
       1757;20190307;   10;  16.2;   4.6;    3;   1.2;   6;    2.033;   0;   6.0;   8.6;  993.12;    9.7;   72.33;   15.0;    7.0;    5.4;eor
       1757;20190308;   10;  22.3;   7.9;    3;   2.7;   6;    4.650;   0;   5.3;   6.7;  999.67;    6.9;   67.33;    8.6;    4.2;    2.6;eor
       1757;20190309;   10;  20.7;   6.4;    3;   5.9;   6;    3.567;   0;   6.8;   7.0; 1000.02;    6.0;   75.00;   10.3;    2.2;    1.5;eor
       1757;20190310;   10;  14.3;   5.4;    3;   0.6;   8;    5.383;   0;   5.7;   6.3;  999.36;    5.5;   70.25;    8.3;    2.1;    0.1;eor
       1757;20190311;   10;   9.1;   2.8;    3;   0.1;   6;    0.400;   0;   4.8;   6.2; 1007.58;    2.6;   84.13;    5.6;    0.5;   -1.3;eor
       1757;20190312;   10;  11.0;   3.7;    3;   0.7;   6;    3.233;   0;   5.0;   6.1; 1011.70;    3.8;   77.38;    7.8;   -0.7;   -3.2;eor
       1757;20190313;   10;  16.9;   6.2;    3;   1.3;   6;    3.150;   0;   6.9;   6.8;  995.84;    6.9;   69.08;    9.5;    4.7;    3.0;eor
       1757;20190314;   10;  14.2;   5.1;    3;   3.3;   6;    1.400;   0;   7.6;   7.8;  993.20;    5.8;   84.38;    7.8;    4.6;    3.6;eor
       1757;20190315;   10;  26.1;   7.5;    3;   2.4;   6;    0.483;   0;   7.3;   7.8;  992.08;    6.7;   79.79;    8.8;    4.7;    4.1;eor
       1757;20190316;   10;  22.9;   6.7;    3;   3.6;   6;    2.050;   0;   7.0;   7.4;  999.68;    6.6;   76.17;    9.6;    4.2;    3.7;eor
       1757;20190317;   10;  16.2;   5.5;    3;   0.1;   6;    0.350;   0;   5.8;   8.0;  995.90;    8.0;   74.25;   11.7;    4.3;    2.6;eor
       1757;20190318;   10;  18.7;   6.7;    3;   1.2;   6;    1.683;   0;   6.2;   6.7; 1004.99;    5.5;   74.50;    8.5;    2.9;    1.8;eor
       1757;20190319;   10;   7.6;   3.1;    3;   0.0;   0;    3.100;   0;   3.1;   6.2; 1022.71;    4.2;   76.00;    8.4;    0.2;   -3.0;eor
       1757;20190320;   10;  11.1;   3.6;    3;   0.0;   6;    0.283;   0;   5.8;   7.8; 1029.32;    6.2;   79.79;   10.2;    0.0;   -3.3;eor
       1757;20190321;   10;  12.1;   4.4;    3;   0.0;   6;    1.150;   0;   7.3;  10.2; 1030.66;   10.3;   81.67;   13.9;    7.9;    7.2;eor
       1757;20190322;   10;   8.6;   2.6;    3;   0.0;   6;    0.000;   0;   7.8;  10.0; 1031.00;    8.9;   87.13;   10.1;    7.0;    6.7;eor
       1757;20190323;   10;  10.4;   3.8;    3;   0.0;   0;    4.283;   0;   4.8;   8.8; 1025.75;    8.0;   82.21;   11.9;    4.6;    2.5;eor
       1757;20190324;   10;   7.6;   2.7;    3;   1.8;   6;    4.100;   0;   5.4;   6.6; 1023.64;    5.5;   73.04;    9.8;    2.5;   -0.4;eor
       1757;20190325;   10;  12.0;   4.5;    3;   0.6;   6;    2.700;   0;   5.0;   6.6; 1013.56;    4.5;   78.83;    7.9;    2.0;   -0.6;eor
       1757;20190326;   10;  14.2;   5.4;    3;   0.0;   6;    2.883;   0;   5.3;   6.1; 1021.01;    5.1;   70.21;    8.5;    1.7;   -0.5;eor
       1757;20190327;   10;  11.4;   4.3;    3;   0.6;   6;    0.000;   0;   7.3;   9.0; 1026.14;    6.7;   89.92;    8.9;    1.7;   -1.5;eor
       1757;20190328;   10;   7.0;   3.3;    3;   0.1;   6;    0.000;   0;   6.8;  10.1; 1030.62;    8.4;   91.29;    9.8;    6.9;    5.2;eor
       1757;20190329;   10;   8.5;   2.7;    3;   0.0;   0;    1.100;   0;   4.6;   9.3; 1029.38;    8.6;   84.50;   13.2;    3.1;    0.2;eor
       1757;20190330;   10;   9.8;   2.6;    3;   0.0;   6;    9.467;   0;   2.4;   9.2; 1020.20;   10.8;   73.00;   17.8;    2.7;   -0.3;eor
       1757;20190331;   10;  12.5;   4.3;    3;   0.0;   0;   10.567;   0;   3.1;   6.2; 1022.28;    6.1;   66.13;    8.8;   -1.3;   -4.7;eor
       1757;20190401;   10;   9.8;   3.0;    3;   0.0;   0;   11.800;   0;   0.0;   5.3; 1026.94;    3.6;   68.63;    9.5;   -2.8;   -6.7;eor
       1757;20190402;   10;  14.1;   4.8;    3;   0.0;   6;   10.333;   0;   2.7;   4.9; 1013.92;    8.6;   43.75;   14.0;    2.6;   -1.1;eor
       1757;20190403;   10;   9.2;   3.7;    3;   0.0;   0;    7.867;   0;   7.3;   7.8; 1004.25;   11.0;   59.71;   17.2;    8.1;    4.4;eor
       1757;20190404;   10;  11.3;   4.3;    3;   0.0;   0;   11.700;   0;   3.2;   8.4; 1000.33;   12.3;   60.17;   19.2;    7.4;    3.8;eor
       1757;20190405;   10;   9.9;   3.6;    3;   0.0;   6;   10.467;   0;   4.5;   9.1; 1005.39;   10.0;   75.33;   16.1;    5.6;    1.7;eor
       1757;20190406;   10;   9.1;   3.8;    3;   0.0;   0;   10.000;   0;   5.9;   9.6; 1009.02;    9.4;   81.29;   14.0;    4.5;    1.3;eor
       1757;20190407;   10;   7.5;   2.2;    3;   0.0;   0;   11.950;   0;   0.3;   9.0; 1009.27;    8.5;   82.42;   15.2;    2.8;   -0.3;eor
       1757;20190408;   10;  14.3;   5.0;    3;   0.0;   0;    5.483;   0;   2.5;   7.7; 1012.63;    5.6;   84.17;    9.8;    1.8;   -0.3;eor
       1757;20190409;   10;  10.7;   4.1;    3;   0.0;   0;    5.533;   0;   4.3;   6.3; 1016.77;    4.9;   72.50;    9.5;   -0.6;   -4.1;eor
       1757;20190410;   10;  10.4;   3.9;    3;   0.0;   8;    9.983;   0;   3.5;   5.3; 1019.75;    3.7;   68.58;    8.2;   -1.3;   -5.0;eor
       1757;20190411;   10;  11.5;   4.6;    3;   0.3;   8;    0.050;   0;   7.0;   5.7; 1026.07;    3.2;   74.42;    4.9;    1.2;   -1.0;eor
       1757;20190412;   10;  12.6;   6.4;    3;   0.5;   8;    4.233;   0;   6.3;   5.5; 1027.77;    3.5;   70.50;    5.9;    1.7;    0.9;eor
       1757;20190413;   10;  12.9;   6.0;    3;   0.1;   8;    1.367;   0;   7.2;   5.8; 1026.72;    3.5;   73.38;    5.7;    0.8;   -1.6;eor
       1757;20190414;   10;  14.9;   7.5;    3;   0.0;   6;    3.883;   0;   6.5;   7.0; 1028.17;    5.7;   76.54;    8.2;    3.7;    1.8;eor
       1757;20190415;   10;  13.4;   6.8;    3;   0.0;   0;    9.883;   0;   1.7;   7.0; 1029.93;    5.4;   77.88;    8.7;    3.0;    0.1;eor
       1757;20190416;   10;  11.8;   5.8;    3;   0.0;   0;   12.683;   0;   0.6;   6.9; 1025.90;    6.7;   70.96;   10.9;    1.4;   -2.2;eor
       1757;20190417;   10;   9.5;   4.8;    3;   0.0;   0;   11.550;   0;   0.9;   7.9; 1029.54;    6.4;   81.25;   10.7;    0.3;   -3.7;eor
       1757;20190418;   10;   9.8;   4.9;    3;   0.0;   0;   12.850;   0;   0.0;   8.7; 1032.72;    7.0;   86.67;   10.2;    2.6;   -1.5;eor
       1757;20190419;   10;  10.6;   3.9;    3;   0.0;   0;   13.233;   0;   0.0;   7.8; 1034.81;    7.4;   77.13;   12.1;    2.2;   -2.2;eor
       1757;20190420;   10;   8.4;   3.7;    3;   0.0;   0;   13.317;   0;   1.0;   7.3; 1031.83;    8.5;   67.71;   14.5;    2.5;   -2.9;eor
       1757;20190421;   10;   7.0;   1.9;    3;   0.0;   0;   13.417;   0;   1.4;   7.0; 1024.08;   10.1;   62.71;   18.3;    0.4;   -2.2;eor
       1757;20190422;   10;  12.9;   4.6;    3;   0.0;   0;   13.400;   0;   0.6;   8.2; 1019.29;    9.4;   71.50;   15.4;    1.5;   -1.2;eor
       1757;20190423;   10;  18.0;   7.0;    3;   0.6;   6;   10.833;   0;   2.5;   8.8; 1013.02;   13.9;   57.04;   19.5;    8.1;    4.3;eor
       1757;20190424;   10;  12.5;   4.9;    3;   0.0;   6;    8.700;   0;   3.6;  10.9; 1007.64;   15.8;   61.50;   21.3;   10.8;    7.5;eor
       1757;20190425;   10;  10.3;   3.2;    3;   0.0;   0;   10.983;   0;   2.4;  12.2; 1010.21;   14.3;   76.46;   22.5;    8.2;    5.1;eor
       1757;20190426;   10;  12.3;   4.7;    3;  11.6;   6;    7.333;   0;   4.7;  12.6; 1008.57;   12.7;   85.63;   16.1;    9.0;    5.4;eor
       1757;20190427;   10;  12.5;   3.9;    3;   0.1;   6;    1.317;   0;   7.0;  10.9; 1010.02;   11.8;   79.88;   16.4;    9.1;    7.5;eor
       1757;20190428;   10;   9.1;   2.9;    3;   5.6;   6;    2.000;   0;   7.2;  11.4; 1015.25;   11.5;   84.33;   15.2;    9.0;    7.3;eor
       1757;20190429;   10;  13.0;   6.1;    3;   0.0;   0;   12.300;   0;   2.6;   8.9; 1019.46;   10.1;   71.71;   12.5;    6.3;    2.3;eor
       1757;20190430;   10;   7.5;   2.5;    3;   0.0;   6;   10.783;   0;   3.3;   7.6; 1017.79;   10.7;   60.92;   15.9;    3.4;    0.4;eor
       1757;20190501;    3;  16.3;   6.2;    3;   0.0;   6;    1.600;   0;   7.2;  10.2; 1010.07;   10.9;   78.21;   13.4;    8.8;    8.7;eor
       1757;20190502;    3;  15.9;   6.8;    3;   1.6;   6;    0.000;   0;   6.8;   9.0; 1001.60;    9.1;   77.46;   11.1;    5.6;    4.2;eor
       1757;20190503;    3;  13.8;   4.8;    3;   1.0;   8;    7.567;   0;   4.4;   6.6; 1004.19;    7.2;   66.50;   11.4;    3.4;    2.0;eor
       1757;20190504;    3;  12.3;   4.3;    3;   0.5;   8;    9.067;   0;   2.7;   6.2; 1005.07;    5.5;   69.58;    9.7;    2.2;    0.2;eor
       1757;20190505;    3;   8.6;   3.1;    3;   0.0;   6;   10.900;   0;   3.3;   5.9; 1014.12;    7.5;   59.33;   13.0;    0.0;   -3.1;eor
       1757;20190506;    3;  14.5;   4.2;    3;   0.7;   6;    6.600;   0;   5.0;   6.9; 1014.19;    7.4;   67.63;   12.2;    2.9;    1.4;eor
       1757;20190507;    3;  11.9;   4.1;    3;   0.0;   0;   10.233;   0;   3.0;   6.1; 1015.16;    7.4;   61.29;   12.4;    2.2;   -0.7;eor
       1757;20190508;    3;  11.7;   3.9;    3;   2.8;   6;    7.867;   0;   5.2;   6.7; 1007.18;   11.3;   52.38;   16.6;    2.4;   -1.6;eor
       1757;20190509;    3;   9.9;   3.0;    3;   0.5;   6;    2.483;   0;   7.0;  10.7;  998.96;   12.7;   73.54;   17.1;    7.2;    4.6;eor
       1757;20190510;    3;  13.8;   2.0;    3;  15.6;   6;    3.550;   0;   5.2;  10.9; 1005.74;   10.4;   86.71;   16.6;    5.1;    2.1;eor
       1757;20190511;    3;   8.2;   2.7;    3;   0.0;   0;   11.233;   0;   4.1;   8.0; 1014.36;    9.2;   70.38;   12.9;    4.6;    2.2;eor
       1757;20190512;    3;  11.1;   4.0;    3;   0.0;   0;   10.800;   0;   2.3;   7.7; 1026.93;    9.6;   66.13;   14.1;    4.4;    1.9;eor
       1757;20190513;    3;  11.9;   3.7;    3;   0.0;   0;   10.283;   0;   2.3;   7.3; 1034.05;    9.2;   65.96;   14.6;    3.9;    1.0;eor
       1757;20190514;    3;  10.3;   4.6;    3;   0.0;   0;   14.067;   0;   2.3;   7.1; 1033.60;    8.7;   63.46;   12.4;    2.5;    0.0;eor
       1757;20190515;    3;  14.8;   5.8;    3;   0.1;   6;   10.917;   0;   3.8;   6.9; 1027.31;    8.8;   61.71;   12.2;    2.1;   -0.5;eor
       1757;20190516;    3;  16.5;   8.1;    3;   2.3;   6;    0.183;   0;   7.7;  10.0; 1018.18;   10.1;   81.17;   12.4;    8.5;    7.3;eor
       1757;20190517;    3;   7.6;   2.5;    3;   2.0;   6;    1.483;   0;   7.8;  12.7; 1011.84;   11.5;   93.96;   15.3;    9.8;    9.6;eor
       1757;20190518;    3;  11.5;   4.2;    3;   0.0;   0;   10.400;   0;   3.6;  13.8; 1009.39;   13.2;   91.21;   18.7;    9.9;    9.0;eor
       1757;20190519;    3;  10.7;   4.5;    3;   0.0;   0;    1.083;   0;   7.8;  13.5; 1007.55;   11.9;   96.92;   15.1;   10.5;   10.7;eor
       1757;20190520;    3;  10.1;   3.6;    3;  12.0;   6;    0.000;   0;   7.8;  14.6; 1004.58;   13.1;   96.33;   16.7;   10.6;   10.8;eor
       1757;20190521;    3;   5.9;   1.9;    3;   0.0;   6;    5.983;   0;   7.1;  15.8; 1005.33;   15.5;   89.75;   21.8;   11.7;   11.0;eor
       1757;20190522;    3;  13.3;   4.9;    3;   0.0;   6;    0.000;   0;   7.5;  13.5; 1011.31;   13.0;   89.13;   15.2;   10.4;    9.3;eor
       1757;20190523;    3;   8.2;   3.0;    3;   0.0;   0;   12.450;   0;   6.2;  10.4; 1016.49;   13.3;   70.08;   18.6;    8.3;    6.9;eor
       1757;20190524;    3;  10.2;   3.6;    3;   0.0;   0;   11.500;   0;   4.4;  10.8; 1011.80;   16.4;   59.29;   22.3;   10.8;    7.4;eor
       1757;20190525;    3;  10.2;   3.9;    3;   0.0;   0;    1.083;   0;   6.6;  10.4; 1012.80;   12.2;   72.88;   15.1;    9.2;    7.5;eor
       1757;20190526;    3;  14.7;   4.0;    3;   8.5;   6;    0.050;   0;   7.9;  12.0; 1008.42;   13.6;   76.50;   16.6;    9.2;    8.3;eor
       1757;20190527;    3;  12.2;   3.9;    3;   0.0;   6;    8.933;   0;   5.8;  12.6; 1005.02;   15.8;   70.92;   19.1;   11.7;   10.0;eor
       1757;20190528;    3;   9.2;   2.7;    3;   0.0;   0;    3.633;   0;   6.1;  10.5; 1007.16;   12.3;   73.58;   15.7;    8.2;    4.9;eor
       1757;20190529;    3;   8.8;   2.9;    3;   0.0;   0;    9.183;   0;   3.7;   7.4; 1019.71;   10.2;   61.54;   14.6;    4.2;    1.6;eor
       1757;20190530;    3;  12.2;   3.7;    3;   0.0;   6;    7.950;   0;   6.2;  10.1; 1021.34;   14.9;   60.58;   21.3;    4.1;    1.6;eor
       1757;20190531;    3;   9.4;   3.1;    3;   0.3;   6;    1.083;   0;   6.8;  15.9; 1020.38;   17.0;   81.54;   20.5;   12.6;   10.2;eor
       1757;20190601;    3;  10.7;   2.7;    3;   0.0;   6;    7.767;   0;   4.8;  14.7; 1019.60;   17.8;   74.04;   24.6;   12.0;    9.3;eor
       1757;20190602;    3;  10.0;   2.9;    3;   0.0;   0;   14.150;   0;   4.2;  14.7; 1016.61;   18.2;   71.33;   25.2;   10.0;    7.8;eor
       1757;20190603;    3;  11.7;   3.0;    3;   0.0;   6;   10.600;   0;   3.9;  16.4; 1012.00;   23.2;   60.13;   32.7;   16.5;   14.5;eor
       1757;20190604;    3;   9.3;   3.6;    3;   0.0;   0;   12.100;   0;   4.7;  16.6; 1012.72;   18.1;   80.75;   21.1;   15.1;   13.3;eor
       1757;20190605;    3;   9.8;   3.4;    3;   0.0;   0;   14.700;   0;   1.8;  17.6; 1008.69;   24.2;   62.63;   32.1;   14.0;   11.5;eor
       1757;20190606;    3;  16.9;   4.3;    3;  16.5;   6;    9.417;   0;   4.0;  17.7; 1008.23;   20.9;   74.17;   30.0;   13.7;   13.5;eor
       1757;20190607;    3;   8.0;   3.1;    3;   0.0;   6;    7.867;   0;   4.4;  14.7; 1013.54;   16.5;   78.83;   22.0;   13.6;   11.9;eor
       1757;20190608;    3;  12.7;   3.5;    3;   0.6;   6;    5.900;   0;   4.1;  12.7; 1016.41;   17.5;   64.75;   21.4;   13.5;   10.4;eor
       1757;20190609;    3;  10.3;   3.9;    3;   0.1;   6;   14.183;   0;   3.7;  10.9; 1022.83;   17.0;   57.58;   23.0;   12.3;    9.4;eor
       1757;20190610;    1;   9.9;   4.2;    1;   2.4;   6;    2.467;   0;   6.6;  16.3; 1015.06;   17.0;   83.58;   20.4;   15.6;   14.7;eor
       1757;20190611;    1;  11.8;   3.8;    1;   7.8;   6;   12.183;   0;   5.5;  19.9; 1009.99;   20.2;   84.33;   24.8;   16.4;   16.5;eor
       1757;20190612;    1;-999;-999;    1;  14.1;   6;    0.617;   0;   7.6;  18.5; 1008.61;   17.5;   92.13;   22.7;   16.5;   16.4;eor
       1757;20190613;    1;-999;-999;    1;   3.4;   6;   10.450;   0;   4.2;  15.0; 1013.63;   19.1;   69.13;   23.9;   14.5;   13.2;eor
       1757;20190614;    1;-999;-999;    1;   0.0;   6;   14.917;   0;   2.5;  16.1; 1017.48;   20.3;   69.50;   27.3;   12.3;   10.9;eor
       1757;20190615;    1;-999;-999;    1;   0.9;   6;    2.900;   0;   7.1;  18.2; 1011.33;   20.5;   75.92;   24.5;   17.1;   16.0;eor
       1757;20190616;    1;-999;-999;    1;   0.0;   0;   10.167;   0;   4.5;  14.0; 1017.92;   17.7;   70.50;   21.6;   12.7;   10.7;eor
       1757;20190617;    1;-999;-999;    1;   0.0;   0;   12.733;   0;   1.6;  15.2; 1021.18;   18.0;   75.04;   23.1;   11.6;    9.9;eor
       1757;20190618;    1;-999;-999;    1;   0.0;   0;   14.900;   0;   2.6;  15.6; 1016.74;   21.3;   65.08;   28.3;   12.0;   10.6;eor
       1757;20190619;    1;-999;-999;    1;   0.0;   0;   13.633;   0;   3.8;  18.0; 1009.23;   23.5;   62.88;   28.9;   17.9;   16.1;eor
       1757;20190620;    1;   9.0;   2.7;    1;   2.0;   6;    7.583;   0;   5.3;  17.6; 1008.82;   20.9;   71.96;   25.0;   15.0;   13.4;eor
       1757;20190621;    1;   7.6;   2.7;    1;   0.3;   6;    7.317;   0;   5.0;  15.0; 1016.14;   18.2;   73.00;   22.6;   14.9;   12.7;eor
       1757;20190622;    1;   8.4;   2.8;    1;   0.0;   0;   14.883;   0;   1.8;  12.2; 1023.34;   16.0;   67.71;   20.5;   10.6;    8.6;eor
       1757;20190623;    1;   9.0;   3.5;    1;   0.0;   0;   15.817;   0;   1.5;  12.8; 1024.16;   16.7;   68.42;   20.8;   10.1;    7.9;eor
       1757;20190624;    1;  10.5;   3.9;    1;   0.0;   0;   14.883;   0;   4.5;  15.6; 1025.04;   19.2;   71.96;   25.9;   11.2;    8.3;eor
       1757;20190625;    1;   9.0;   3.4;    1;   0.0;   0;   13.650;   0;   4.6;  16.6; 1021.74;   24.0;   59.25;   31.8;   14.5;   12.1;eor
       1757;20190626;    1;  16.0;   4.4;    1;   0.0;   0;   14.717;   0;   2.5;  18.3; 1018.18;   24.8;   61.46;   34.2;   16.7;   15.1;eor
       1757;20190627;    1;  14.3;   5.6;    1;   0.0;   0;    7.183;   0;   5.2;  13.1; 1021.87;   16.9;   68.29;   20.3;   14.0;   12.7;eor
       1757;20190628;    1;   9.7;   3.6;    1;   0.0;   0;   12.250;   0;   3.0;  14.0; 1022.68;   18.0;   69.71;   23.0;   12.2;    9.8;eor
       1757;20190629;    1;   9.6;   2.8;    1;   0.0;   0;   15.650;   0;   0.4;  12.9; 1019.13;   20.5;   57.75;   28.7;   12.1;    9.7;eor
       1757;20190630;    1;  16.4;   4.1;    1;   0.0;   0;   14.617;   0;   1.4;  14.3; 1010.71;   24.8;   52.33;   36.6;   12.7;   10.7;eor
       1757;20190701;    1;  15.1;   5.1;    1;   0.2;   6;   10.450;   0;   3.1;  13.6; 1011.94;   19.5;   61.54;   25.7;   14.7;   13.5;eor
       1757;20190702;    1;  15.2;   6.2;    1;   1.7;   6;    4.517;   0;   4.6;  11.3; 1016.01;   14.8;   66.92;   18.1;   11.3;    9.4;eor
       1757;20190703;    1;  15.3;   5.0;    1;   0.8;   6;    8.917;   0;   3.6;   9.8; 1019.81;   14.1;   62.25;   18.9;    9.5;    7.8;eor
       1757;20190704;    1;  12.9;   5.2;    1;   5.3;   6;    2.217;   0;   6.1;  11.5; 1018.08;   15.0;   67.17;   18.1;    9.6;    7.6;eor
       1757;20190705;    1;  11.0;   4.9;    1;   0.2;   6;    2.317;   0;   6.8;  13.9; 1011.20;   15.9;   77.29;   19.7;   12.8;   12.4;eor
       1757;20190706;    1;  14.2;   4.1;    1;   0.5;   6;    1.100;   0;   7.3;  14.0; 1006.23;   15.5;   79.71;   17.9;   12.6;   11.2;eor
       1757;20190707;    1;  12.9;   5.5;    1;   0.0;   6;    1.083;   0;   6.3;  11.3; 1007.19;   14.4;   69.29;   17.5;   11.1;    9.4;eor
       1757;20190708;    1;  13.6;   5.0;    1;   0.0;   6;    6.150;   0;   6.0;  10.9; 1011.83;   15.0;   65.88;   19.5;   11.2;   10.1;eor
       1757;20190709;    1;  12.5;   5.3;    1;   0.0;   0;   10.767;   0;   5.5;  11.7; 1014.43;   15.7;   66.42;   19.4;   12.3;   11.3;eor
