STATIONS_ID;MESS_DATUM;QN_3;  FX;  FM;QN_4; RSK;RSKF; SDK;SHK_TAG;  NM; VPM;  PM; TMK; UPM; TXK; TNK; TGK;eor
       2483;20180106;   10;  11.1;   4.8;    3;   1.2;   8;    0.000;   0;   7.8;   6.3;  907.94;    0.9;   95.96;    2.1;    0.0;   -1.0;eor
       2483;20180107;   10;  17.1;   8.5;    3;   0.0;   8;    0.000;   0;   7.9;   5.1;  920.13;   -1.9;   96.13;    0.0;   -2.9;   -2.7;eor
       2483;20180108;   10;  19.3;  10.0;    3;   0.1;   8;    0.183;   0;   7.9;   5.1;  921.29;   -2.0;   96.04;   -1.0;   -2.9;   -2.6;eor
       2483;20180109;   10;  15.9;   8.8;    3;   0.3;   8;    0.000;   0;   7.8;   5.9;  912.16;   -0.2;   97.46;    1.7;   -1.4;   -1.3;eor
       2483;20180110;   10;  12.5;   5.7;    3;   0.0;   6;    0.433;-999;   7.6;   6.8;  910.44;    1.8;   97.88;    2.6;    1.5;    0.9;eor
       2483;20180111;   10;   7.6;   2.7;    3;   0.1;   6;    0.000;   0;   7.7;   6.7;  915.32;    1.7;   96.75;    2.2;    1.3;    0.8;eor
       2483;20180112;   10;   6.4;   2.9;    3;   0.0;   8;    0.000;   0;   7.9;   6.5;  923.03;    1.2;   97.08;    2.0;    0.7;   -0.2;eor
       2483;20180113;   10;  13.6;   6.6;    3;   0.0;   8;    0.000;   0;   7.9;   5.5;  922.74;   -0.8;   95.63;    0.7;   -3.0;   -2.7;eor
       2483;20180114;   10;  15.9;   8.9;    3;   0.0;   7;    4.233;   0;   5.5;   4.2;  918.90;   -3.7;   90.00;   -2.5;   -5.0;   -4.9;eor
       2483;20180115;   10;  20.2;  10.6;    3;  14.3;   8;    0.000;   0;   7.8;   5.1;  907.19;   -2.1;   96.17;    0.0;   -4.4;   -4.8;eor
       2483;20180116;   10;  22.7;   9.8;    3;  15.8;   8;    0.000;  12;   7.4;   5.5;  893.25;   -1.1;   97.04;    0.6;   -2.5;   -0.5;eor
       2483;20180117;   10;  22.9;  10.0;    3;  11.1;   8;    0.000;  23;   7.3;   4.7;  898.28;   -2.8;   94.71;   -2.0;   -3.7;   -0.3;eor
       2483;20180118;   10;  39.5;  11.9;    3;  16.0;   8;    0.033;  32;   7.5;   5.3;  897.64;   -1.3;   95.46;    0.9;   -2.1;   -0.3;eor
       2483;20180119;   10;  16.4;   7.3;    3;  10.9;   8;    0.000;  42;   7.7;   5.0;  905.22;   -2.3;   95.63;   -1.6;   -2.7;   -0.3;eor
       2483;20180120;   10;  15.8;   5.8;    3;   2.8;   8;    0.000;  51;   7.5;   4.8;  903.04;   -2.6;   95.50;   -2.1;   -3.0;   -0.3;eor
       2483;20180121;   10;  17.4;   5.8;    3;   4.3;   8;    0.100;  50;   7.5;   4.7;  909.97;   -2.9;   94.75;   -2.3;   -3.6;   -0.2;eor
       2483;20180122;   10;  17.1;   8.2;    3;   1.9;   8;    0.000;  52;   7.5;   5.5;  908.33;   -1.1;   96.58;    0.7;   -3.6;   -0.2;eor
       2483;20180123;   10;  15.5;   8.1;    3;   2.3;   8;    0.000;  47;   7.7;   6.5;  919.33;    1.0;   97.83;    3.3;    0.2;   -0.2;eor
       2483;20180124;   10;  20.0;   9.6;    3;   3.2;   6;    0.000;  38;   7.9;   8.5;  916.48;    4.8;   98.33;    5.9;    3.3;   -0.1;eor
       2483;20180125;   10;  19.5;   6.8;    3;   5.3;   6;    0.000;  17;   7.4;   7.4;  912.58;    3.0;   97.63;    4.9;    1.7;   -0.1;eor
       2483;20180126;   10;   7.6;   3.2;    3;   0.0;   6;    0.233;  14;   7.7;   6.6;  917.22;    1.6;   95.71;    2.3;    0.6;   -0.1;eor
       2483;20180127;   10;  17.7;   6.1;    3;   2.0;   8;    1.467;  13;   6.5;   5.8;  926.68;    0.2;   93.13;    2.3;   -0.6;   -0.5;eor
       2483;20180128;   10;  20.3;  10.5;    3;   3.2;   6;    0.000;  13;   7.9;   7.0;  926.91;    2.1;   97.71;    4.5;   -0.2;   -0.1;eor
       2483;20180129;   10;  25.3;  12.1;    3;   7.9;   8;    0.000;   7;   7.5;   7.6;  923.40;    3.4;   97.46;    4.5;   -0.3;   -0.7;eor
       2483;20180130;   10;  15.5;   7.0;    3;   1.3;   6;    0.467;   0;   7.6;   5.4;  924.40;   -0.5;   91.42;    0.5;   -1.3;   -2.1;eor
       2483;20180131;   10;  20.7;   9.6;    3;  14.0;   8;    0.000;   0;   7.8;   6.9;  907.15;    1.8;   97.75;    4.1;   -1.3;   -1.9;eor
       2483;20180201;   10;  14.8;   7.6;    3;   4.0;   8;    0.067;   3;   7.5;   4.9;  899.83;   -2.4;   94.71;   -1.2;   -3.1;   -3.4;eor
       2483;20180202;   10;  15.3;   7.0;    3;   3.0;   8;    0.000;   8;   7.8;   5.0;  901.81;   -2.1;   95.96;   -1.4;   -2.9;   -2.3;eor
       2483;20180203;   10;  12.3;   5.1;    3;   1.5;   8;    0.517;   9;   7.7;   4.6;  904.70;   -3.1;   94.29;   -1.6;   -4.2;   -2.2;eor
       2483;20180204;   10;  12.0;   5.9;    3;   0.7;   7;    0.017;  11;   7.5;   3.5;  913.96;   -6.1;   91.29;   -2.5;   -7.5;   -2.6;eor
       2483;20180205;   10;  14.9;   7.1;    3;   0.0;   0;    0.000;  13;   6.8;   3.3;  920.78;   -6.9;   90.63;   -5.6;   -8.2;   -3.0;eor
       2483;20180206;   10;  11.8;   6.2;    3;   0.9;   7;    1.800;  12;   7.5;   3.3;  911.82;   -7.2;   90.71;   -5.1;   -9.3;   -4.3;eor
       2483;20180207;   10;   8.3;   4.5;    3;   0.0;   7;    5.633;  13;   4.4;   3.7;  911.95;   -5.4;   90.00;   -3.2;   -7.4;   -4.0;eor
       2483;20180208;   10;   6.3;   3.0;    3;   0.0;   0;    7.933;  13;   3.0;   3.3;  915.68;   -6.3;   86.17;   -2.7;   -8.1;   -6.1;eor
       2483;20180209;   10;  12.1;   6.4;    3;   0.0;   7;    0.133;  12;   5.8;   3.4;  912.00;   -6.6;   90.17;   -5.1;   -8.2;   -5.7;eor
       2483;20180210;   10;  13.7;   5.6;    3;   2.1;   8;    0.000;  12;   7.9;   4.5;  911.99;   -3.4;   94.96;   -2.2;   -5.1;   -2.3;eor
       2483;20180211;   10;  19.2;   9.1;    3;   7.2;   8;    0.000;  13;   7.5;   4.7;  902.47;   -2.9;   94.79;   -0.9;   -4.9;   -2.0;eor
       2483;20180212;   10;  14.4;   7.5;    3;   2.1;   8;    0.100;  21;   7.6;   4.4;  909.49;   -3.6;   94.04;   -2.9;   -4.4;   -0.8;eor
       2483;20180213;   10;  12.3;   6.4;    3;   0.0;   8;    5.600;  23;   3.4;   3.9;  911.66;   -5.0;   91.42;   -2.8;   -6.6;   -2.0;eor
       2483;20180214;   10;  19.2;   7.9;    3;   0.0;   8;    8.867;  22;   1.8;   3.2;  914.00;   -5.2;   76.88;   -2.4;   -7.2;   -2.7;eor
       2483;20180215;   10;  19.3;   8.6;    3;   3.4;   8;    0.000;  21;   7.8;   4.5;  912.60;   -3.2;   91.17;    0.2;   -5.6;   -1.9;eor
       2483;20180216;   10;  11.5;   5.1;    3;   0.0;   8;    1.950;  21;   6.7;   5.1;  921.65;   -1.8;   94.08;   -0.2;   -3.3;   -1.3;eor
       2483;20180217;   10;  12.1;   5.3;    3;   0.0;   0;    0.000;  20;   6.7;   4.0;  920.77;   -3.2;   83.63;   -2.1;   -4.3;   -2.0;eor
       2483;20180218;   10;  11.5;   5.9;    3;   0.0;   7;    8.150;  20;   3.0;   4.1;  923.01;   -3.1;   83.54;    0.0;   -4.9;   -1.8;eor
       2483;20180219;   10;  10.3;   4.2;    3;   0.0;   0;    3.433;  20;   7.6;   4.0;  917.00;   -4.0;   87.21;   -1.4;   -6.1;   -1.2;eor
       2483;20180220;   10;  11.7;   4.2;    3;   0.0;   0;    7.650;  20;   5.1;   3.8;  915.24;   -4.1;   83.54;   -1.1;   -5.5;   -1.9;eor
       2483;20180221;   10;  14.2;   5.8;    3;   0.0;   0;    7.483;  20;   5.0;   3.4;  919.60;   -4.8;   80.79;   -2.0;   -6.7;   -0.9;eor
       2483;20180222;   10;  18.1;   7.5;    3;   0.0;   0;    5.367;  20;   4.8;   3.1;  918.78;   -6.1;   80.33;   -4.0;   -7.7;   -1.0;eor
       2483;20180223;   10;  17.6;   7.4;    3;   0.0;   0;    9.367;  20;   2.6;   2.4;  917.50;   -7.4;   69.17;   -5.0;  -10.0;   -1.0;eor
       2483;20180224;   10;  19.2;   9.3;    3;   0.0;   0;    5.883;  19;   3.4;   2.2;  920.17;   -8.6;   68.29;   -5.9;  -10.9;   -1.1;eor
       2483;20180225;   10;  18.3;   7.6;    3;   0.0;   7;    8.233;  20;   3.8;   1.9;  922.38;  -10.7;   71.21;   -8.0;  -13.0;   -1.6;eor
       2483;20180226;   10;  16.6;   7.5;    3;   0.1;   7;    2.950;  20;   7.3;   2.2;  920.50;  -10.8;   83.75;   -9.5;  -12.5;   -1.8;eor
       2483;20180227;   10;  14.9;   6.3;    3;   0.0;   7;    9.683;  23;   3.2;   1.8;  915.20;  -12.4;   75.54;   -9.7;  -15.0;   -2.3;eor
       2483;20180228;   10;  18.6;   7.2;    3;   0.0;   7;    4.400;  22;   4.6;   1.6;  913.97;  -14.7;   80.75;  -13.2;  -15.9;   -3.0;eor
       2483;20180301;   10;  20.2;  11.2;    3;   0.0;   0;    8.683;  20;   7.5;   1.7;  904.83;  -12.2;   70.38;   -8.1;  -15.5;   -3.5;eor
       2483;20180302;   10;  17.6;   9.7;    3;   0.8;   7;    7.117;  19;   7.0;   2.0;  896.83;  -10.7;   74.50;   -7.1;  -14.0;   -2.7;eor
       2483;20180303;   10;  11.9;   7.2;    3;   0.7;   8;    0.000;  20;   7.8;   3.1;  896.98;   -8.0;   90.21;   -4.9;  -10.2;   -2.4;eor
       2483;20180304;   10;  14.4;   6.3;    3;   0.7;   8;    2.567;  21;   7.8;   5.3;  898.00;   -1.5;   95.92;    1.6;   -4.9;   -1.2;eor
       2483;20180305;   10;  14.3;   6.5;    3;   0.0;   0;    3.033;  18;   5.2;   6.2;  896.61;    1.8;   89.46;    4.6;    0.4;   -0.1;eor
       2483;20180306;   10;   8.6;   3.9;    3;   0.3;   6;    7.650;  12;   6.9;   6.0;  893.47;    4.4;   72.38;    8.9;    1.0;   -0.1;eor
       2483;20180307;   10;  14.4;   5.3;    3;   3.6;   8;    0.333;  10;   7.5;   6.4;  895.74;    1.3;   95.42;    3.2;   -0.5;   -0.1;eor
       2483;20180308;   10;  17.9;   8.9;    3;  11.3;   8;    0.017;  12;   7.4;   5.8;  901.27;   -0.3;   97.04;    0.9;   -1.1;   -0.1;eor
       2483;20180309;   10;  15.5;   6.6;    3;   3.9;   6;    1.550;  21;   7.8;   6.0;  906.17;    0.3;   95.29;    2.8;   -1.3;   -0.1;eor
       2483;20180310;   10;  12.1;   5.7;    3;   0.6;   6;    0.033;  11;   7.8;   8.8;  904.18;    5.3;   98.04;    6.9;    2.7;   -0.1;eor
       2483;20180311;   10;  13.3;   5.9;    3;   2.7;   6;    0.150;   0;   7.9;   9.6;  899.43;    6.9;   95.92;    8.3;    5.6;    2.3;eor
       2483;20180312;   10;  15.0;   5.7;    3;   4.4;   6;    0.483;   0;   7.8;   8.5;  896.00;    5.4;   94.42;    7.1;    3.4;    2.9;eor
       2483;20180313;   10;  14.7;   7.7;    3;   7.9;   8;    0.000;   0;   7.4;   6.7;  901.95;    1.6;   97.83;    3.4;   -0.9;   -1.0;eor
       2483;20180314;   10;  13.8;   5.0;    3;   0.0;   8;    2.300;   0;   5.9;   5.6;  909.61;   -0.3;   94.21;    1.9;   -1.2;   -2.2;eor
       2483;20180315;   10;  15.9;   9.1;    3;   8.6;   8;    6.500;   0;   6.6;   5.5;  900.83;    0.4;   87.04;    4.2;   -2.8;   -3.3;eor
       2483;20180316;   10;  13.5;   5.2;    3;   1.1;   8;    0.000;   6;   7.9;   5.3;  901.72;   -1.7;   96.25;    0.0;   -6.1;   -3.8;eor
       2483;20180317;   10;  22.2;  10.8;    3;   0.1;   7;    0.000;   4;   7.8;   2.8;  902.78;   -9.1;   89.63;   -6.1;  -10.3;   -5.5;eor
       2483;20180318;   10;  22.5;  10.6;    3;   0.0;   7;    2.067;   4;   7.9;   2.4;  905.10;   -9.6;   81.96;   -8.1;  -10.9;   -6.9;eor
       2483;20180319;   10;  15.9;   7.0;    3;   0.2;   7;   10.117;   4;   5.9;   2.2;  908.97;   -8.2;   66.79;   -4.5;  -11.8;   -9.1;eor
       2483;20180320;   10;  17.4;   7.4;    3;   0.4;   7;    3.717;   4;   3.9;   3.2;  915.21;   -4.6;   72.96;   -1.1;   -8.4;  -13.1;eor
       2483;20180321;   10;   9.3;   4.5;    3;   0.3;   8;   10.700;   3;   5.5;   3.4;  923.44;   -3.0;   68.79;    1.1;   -6.0;  -12.4;eor
       2483;20180322;   10;  16.0;   7.9;    3;   5.3;   8;    0.000;   2;   7.9;   5.3;  913.39;   -1.5;   96.46;    0.8;   -3.7;   -3.6;eor
       2483;20180323;   10;   9.6;   4.5;    3;   0.4;   8;    0.117;   4;   7.6;   6.3;  906.44;    0.7;   97.63;    1.7;   -0.5;   -0.7;eor
       2483;20180324;   10;   8.4;   4.2;    3;   0.0;   0;    3.600;   2;   6.4;   5.4;  903.27;    0.7;   83.88;    3.5;   -1.0;   -2.9;eor
       2483;20180325;   10;   8.3;   3.0;    3;   0.0;   8;    5.150;   0;   6.8;   5.2;  907.33;    2.7;   70.21;    7.2;    0.1;   -5.5;eor
       2483;20180326;   10;   9.0;   4.5;    3;   0.2;   8;    1.567;   0;   6.5;   5.1;  913.30;    1.2;   77.21;    4.1;   -0.5;   -3.6;eor
       2483;20180327;   10;  10.4;   4.7;    3;   5.7;   8;    3.767;   0;   6.9;   5.4;  911.03;    0.9;   83.46;    4.6;   -1.4;   -3.3;eor
       2483;20180328;   10;  24.3;   6.7;    3;   8.2;   8;    0.000;   0;   7.6;   6.9;  901.73;    2.0;   97.92;    3.8;   -1.0;   -1.1;eor
       2483;20180329;   10;  16.7;   6.2;    3;   2.3;   8;    1.650;   0;   5.8;   5.4;  904.90;   -0.7;   94.08;    0.8;   -2.0;   -3.0;eor
       2483;20180330;   10;  14.0;   6.4;    3;   0.1;   6;    6.283;   0;   8.0;   5.7;  903.13;    3.1;   74.88;    6.2;   -0.2;   -1.8;eor
       2483;20180331;   10;  11.5;   5.2;    3;   0.1;   8;    4.567;   0;   7.6;   6.0;  900.32;    3.1;   79.04;    6.3;    1.1;   -0.9;eor
       2483;20180401;   10;  12.8;   5.7;    3;   3.7;   8;    0.000;   0;   7.6;   6.1;  906.58;    0.4;   97.42;    1.2;   -0.6;   -1.1;eor
       2483;20180402;   10;  14.8;   6.5;    3;   1.6;   6;    1.483;   0;   7.7;   6.0;  908.10;    2.8;   81.71;    6.8;   -0.9;   -1.0;eor
       2483;20180403;   10;  16.2;   7.7;    3;   0.1;   6;    4.767;   0;   7.4;   8.2;  904.54;    7.6;   79.21;   12.7;    3.6;    3.2;eor
       2483;20180404;   10;  15.9;   7.7;    3;   3.6;   6;    1.117;   0;   6.9;   8.5;  904.08;    6.3;   88.83;    9.9;    4.6;    2.9;eor
       2483;20180405;   10;  20.8;   8.8;    3;   1.1;   8;    0.950;   0;   6.7;   6.3;  910.80;    1.9;   89.29;    5.2;   -2.0;   -4.4;eor
       2483;20180406;   10;  16.3;   7.4;    3;   0.0;   0;   11.967;   0;   4.5;   4.0;  919.38;    3.1;   54.71;    8.5;   -2.1;   -5.8;eor
       2483;20180407;   10;  18.5;   7.5;    3;   0.0;   0;   12.000;   0;   6.1;   5.7;  914.37;   10.3;   46.38;   16.7;    3.2;    1.6;eor
       2483;20180408;   10;  10.4;   4.6;    3;   0.0;   0;    9.850;   0;   4.7;   7.0;  911.29;   14.9;   41.50;   19.5;   10.1;    7.2;eor
       2483;20180409;   10;   9.5;   4.2;    3;   0.0;   0;    3.133;   0;   6.0;   8.2;  907.86;   14.3;   50.50;   16.9;   11.1;    6.5;eor
       2483;20180410;   10;  11.9;   4.9;    3;   0.0;   6;    8.633;   0;   7.1;   9.2;  906.10;   12.3;   65.33;   16.8;    7.7;    4.4;eor
       2483;20180411;   10;  10.3;   5.1;    3;   0.1;   6;    2.883;   0;   5.7;   9.5;  907.87;    7.7;   90.79;   10.5;    6.5;    5.2;eor
       2483;20180412;   10;  12.2;   5.5;    3;   0.0;   6;    5.533;   0;   7.7;   9.7;  904.29;   10.8;   76.75;   15.6;    7.0;    5.2;eor
       2483;20180413;   10;  17.3;   7.1;    3;   7.8;   6;    0.000;   0;   7.7;   9.1;  908.86;    7.6;   87.50;   11.0;    6.3;    5.0;eor
       2483;20180414;   10;  12.1;   5.0;    3;   3.4;   6;    6.600;   0;   6.2;   9.4;  917.97;    9.5;   80.25;   13.7;    5.5;    4.4;eor
       2483;20180415;   10;   8.1;   3.3;    3;   1.5;   6;    3.217;   0;   7.8;   9.9;  914.85;   10.1;   80.29;   13.5;    7.3;    5.9;eor
       2483;20180416;   10;  10.3;   4.3;    3;   0.0;   0;    7.533;   0;   5.3;   9.1;  916.43;   10.1;   74.17;   14.2;    6.9;    2.7;eor
       2483;20180417;   10;   8.9;   3.3;    3;   0.0;   0;   11.383;   0;   4.3;   8.2;  926.05;   11.8;   60.46;   16.5;    6.8;    0.3;eor
       2483;20180418;   10;  11.1;   4.2;    3;   0.0;   0;   12.750;   0;   3.5;   8.4;  931.88;   15.9;   46.96;   20.4;   11.5;    7.7;eor
       2483;20180419;   10;  11.0;   6.2;    3;   0.0;   0;   12.800;   0;   4.9;   7.9;  930.20;   17.5;   40.71;   22.3;   13.4;   10.9;eor
       2483;20180420;   10;   9.6;   5.0;    3;   0.0;   0;   12.717;   0;   4.4;   8.7;  925.66;   18.4;   41.75;   23.1;   13.9;   10.6;eor
       2483;20180421;   10;   8.3;   4.2;    3;   0.0;   0;   11.167;   0;   5.0;  10.4;  922.40;   15.3;   60.71;   19.8;   11.7;    6.9;eor
       2483;20180422;   10;  12.0;   5.8;    3;  10.7;   8;    7.283;   0;   6.5;  11.4;  916.78;   15.7;   65.38;   22.3;   11.7;    6.4;eor
       2483;20180423;   10;  15.8;   6.5;    3;   0.1;   6;    4.867;   0;   6.9;  10.3;  916.05;   10.7;   79.50;   13.9;    6.3;    4.8;eor
       2483;20180424;   10;  16.1;   7.1;    3;   0.0;   6;    1.400;   0;   7.7;   9.1;  916.04;    8.3;   82.50;   12.8;    4.0;    3.3;eor
       2483;20180425;   10;  17.7;   7.9;    3;   2.6;   6;    2.450;   0;   5.8;   8.8;  911.52;    7.5;   84.96;   10.4;    3.2;    2.0;eor
       2483;20180426;   10;  16.0;   7.5;    3;   6.3;   8;    2.767;   0;   6.7;   6.8;  915.21;    3.6;   86.13;    7.8;    0.3;    0.0;eor
       2483;20180427;   10;  12.9;   5.2;    3;   0.0;   0;   10.017;   0;   6.5;   6.3;  913.00;    7.3;   62.75;   11.3;    2.1;   -0.2;eor
       2483;20180428;   10;  12.7;   5.4;    3;   0.1;   6;    6.433;   0;   6.8;   7.6;  912.38;    9.1;   66.58;   12.9;    5.9;    4.2;eor
       2483;20180429;   10;  12.9;   5.0;    3;   1.5;   6;    6.283;   0;   6.3;  10.0;  909.27;   11.7;   71.17;   16.8;    6.6;    1.9;eor
       2483;20180430;   10;  26.8;  10.1;    3;   0.6;   8;    2.883;   0;   6.4;   8.9;  902.49;    8.1;   80.88;   12.6;    1.8;    1.7;eor
       2483;20180501;   10;  19.0;   8.5;    3;   0.1;   8;    6.100;-999;   5.5;   5.5;  910.23;    3.4;   72.58;    7.7;    0.1;    0.0;eor
       2483;20180502;   10;   9.1;   4.5;    3;   0.0;   6;    5.983;-999;   5.7;   6.1;  913.50;    6.7;   62.46;   10.6;    2.5;   -1.8;eor
       2483;20180503;   10;  10.2;   5.5;    3;   0.0;   0;    9.567;-999;   6.1;   6.6;  916.97;    7.3;   65.38;   11.0;    4.8;    1.9;eor
       2483;20180504;   10;  13.1;   5.4;    3;   0.0;   0;   13.717;-999;   1.0;   6.5;  922.51;    8.9;   57.33;   13.2;    4.7;    2.0;eor
       2483;20180505;   10;  13.1;   6.7;    3;   0.0;   0;   13.800;-999;   0.5;   6.5;  925.02;   10.6;   52.17;   15.6;    5.7;    4.0;eor
       2483;20180506;   10;  13.6;   6.6;    3;   0.0;   0;   13.833;-999;   0.0;   7.4;  924.97;   12.8;   50.21;   18.0;    7.4;    5.4;eor
       2483;20180507;   10;  12.4;   6.1;    3;   0.0;   0;   13.867;-999;   0.0;   8.2;  921.34;   13.8;   52.92;   18.8;    8.7;    6.0;eor
       2483;20180508;   10;  11.9;   5.4;    3;   0.0;   0;   13.883;-999;   0.0;   8.8;  915.25;   15.4;   50.92;   20.1;   10.9;    7.1;eor
       2483;20180509;   10;   9.7;   4.6;    3;   0.0;   0;   10.950;-999;   1.7;  10.4;  911.35;   16.3;   56.46;   20.2;   13.1;    9.8;eor
       2483;20180510;   10;  15.5;   6.1;    3;   0.0;   6;    1.667;-999;   7.1;  10.6;  912.97;   10.3;   84.63;   14.4;    5.3;    4.0;eor
       2483;20180511;   10;   9.0;   3.9;    3;   0.0;   0;    7.417;-999;   6.8;   8.5;  919.91;    9.6;   73.71;   14.5;    4.5;    3.9;eor
       2483;20180512;   10;   9.4;   3.6;    3;   0.0;   0;   10.800;-999;   6.9;   9.8;  917.13;   13.9;   63.50;   18.5;    9.4;    6.5;eor
       2483;20180513;   10;  12.8;   5.7;    3;  36.2;   8;    5.650;-999;   7.3;  13.0;  913.30;   13.4;   85.38;   20.0;   10.5;    6.7;eor
       2483;20180514;   10;  14.6;   6.7;    3;   0.0;   0;   12.367;-999;   2.2;  10.2;  913.99;   14.6;   63.42;   20.0;    9.4;    8.1;eor
       2483;20180515;   10;  14.0;   6.4;    3;   6.2;   6;    8.850;-999;   5.1;   8.7;  916.50;   12.3;   61.46;   16.1;    8.0;    7.2;eor
       2483;20180516;   10;  14.0;   6.7;    3;   0.2;   6;    2.917;-999;   7.1;  11.0;  916.62;    9.3;   93.92;   12.9;    6.6;    5.3;eor
       2483;20180517;   10;  13.9;   8.6;    3;   0.0;   6;   12.983;-999;   4.9;   8.3;  919.15;    6.9;   83.71;   11.3;    3.2;    3.7;eor
       2483;20180518;   10;   9.8;   5.1;    3;   0.0;   6;    4.733;-999;   8.0;   8.0;  920.72;    5.9;   87.29;   11.3;    3.0;    2.7;eor
       2483;20180519;   10;   7.6;   3.4;    3;   0.0;   0;    8.033;-999;   5.4;   8.0;  921.91;    8.6;   72.79;   12.8;    4.1;    0.3;eor
       2483;20180520;   10;  11.9;   5.6;    3;   0.0;   0;   12.750;-999;   0.8;   9.1;  922.94;   12.6;   63.96;   17.7;    7.2;    5.1;eor
       2483;20180521;   10;  17.4;   6.5;    3;   0.0;   0;   13.900;-999;   2.5;   9.1;  918.45;   13.7;   58.38;   18.3;    9.1;    6.8;eor
       2483;20180522;   10;  11.1;   5.3;    3;   5.3;   8;    6.033;-999;   6.4;  11.0;  916.06;   13.3;   72.67;   19.5;   11.0;    8.9;eor
       2483;20180523;   10;  13.4;   5.9;    3;   5.1;   6;    5.867;-999;   7.3;  10.7;  921.05;   14.5;   65.29;   18.5;   11.7;   10.0;eor
       2483;20180524;   10;  13.5;   6.3;    3;   3.5;   6;    1.000;-999;   7.4;  12.7;  921.15;   12.1;   90.21;   14.3;   10.1;    9.5;eor
       2483;20180525;   10;   9.9;   3.9;    3;   0.0;   0;    5.117;-999;   7.3;  14.4;  921.25;   14.5;   87.58;   18.8;   11.3;   10.8;eor
       2483;20180526;   10;   9.9;   4.8;    3;   0.0;   0;   10.250;-999;   5.6;  12.9;  923.46;   17.3;   66.17;   21.3;   13.5;   11.5;eor
       2483;20180527;   10;   9.6;   4.4;    3;   0.3;   6;    7.633;-999;   5.3;  12.8;  921.99;   17.4;   64.63;   21.6;   14.4;   11.6;eor
       2483;20180528;   10;  10.4;   4.2;    3;   0.0;   0;   11.367;-999;   4.8;  13.8;  921.10;   20.1;   59.17;   23.9;   16.0;   10.3;eor
       2483;20180529;   10;  15.7;   5.0;    3;   4.5;   6;   10.550;-999;   5.2;  15.4;  917.21;   18.9;   70.54;   23.7;   14.2;   12.2;eor
       2483;20180530;   10;   6.7;   2.8;    3;   0.0;   6;    9.700;-999;   4.7;  15.4;  917.99;   18.1;   74.67;   22.4;   14.1;   10.7;eor
       2483;20180531;   10;  10.2;   3.6;    3;   0.7;   6;    7.783;-999;   7.6;  15.9;  918.29;   19.3;   71.25;   23.0;   16.7;   12.3;eor
       2483;20180601;   10;  10.1;   4.5;    3;  10.7;   8;    1.583;-999;   7.7;  15.8;  918.57;   15.9;   87.50;   19.7;   12.2;   12.3;eor
       2483;20180602;   10;  10.8;   4.9;    3;   0.3;   6;    3.500;-999;   5.8;  14.1;  920.33;   13.4;   91.71;   16.7;   11.8;    9.0;eor
       2483;20180603;   10;   5.9;   2.8;    3;   0.0;   0;    2.983;-999;   6.0;  13.9;  920.62;   14.4;   85.46;   17.2;   11.6;    9.9;eor
       2483;20180604;   10;   9.8;   4.1;    3;   0.0;   0;   10.267;-999;   3.2;  14.5;  916.42;   16.1;   79.88;   20.1;   12.3;   10.4;eor
       2483;20180605;   10;   8.9;   4.1;    3;   0.0;   0;    9.533;-999;   4.6;  -999;  915.69;   14.4;-999;   19.5;   10.9;   10.4;eor
       2483;20180606;   10;  10.0;   4.7;    3;   0.0;   0;   14.383;-999;   2.1;  12.9;  916.95;   17.2;   67.29;   22.3;   12.3;   10.4;eor
       2483;20180607;   10;  10.2;   3.1;    3;   4.6;   8;    6.100;-999;   6.3;  14.3;  918.16;   18.8;   66.25;   23.1;   15.2;   11.1;eor
       2483;20180608;   10;   9.9;   3.4;    3;   5.7;   6;    1.200;-999;   7.8;  15.9;  917.09;   17.2;   81.67;   21.4;   14.9;   13.0;eor
       2483;20180609;   10;   8.8;   4.0;    3;   1.4;   6;    5.333;-999;   7.5;  15.2;  916.31;   18.8;   70.42;   23.1;   14.9;   12.4;eor
       2483;20180610;   10;   9.4;   4.5;    3;   0.0;   6;    4.567;-999;   7.3;  16.1;  915.26;   16.3;   87.46;   21.6;   13.5;   12.3;eor
       2483;20180611;   10;   9.2;   4.2;    3;   0.0;   6;    1.867;-999;   7.8;  13.7;  914.52;   14.2;   84.88;   17.6;   11.4;   10.7;eor
       2483;20180612;   10;  11.3;   5.3;    3;   1.2;   6;    0.100;-999;   7.9;  10.9;  913.85;   10.4;   86.46;   12.6;    7.7;    7.7;eor
       2483;20180613;   10;  11.8;   5.1;    3;   0.1;   6;    0.050;-999;   7.3;   9.4;  916.24;    7.9;   88.25;    9.9;    6.6;    0.5;eor
       2483;20180614;   10;  10.6;   4.1;    3;   1.9;   6;   10.283;-999;   6.4;   9.6;  917.64;   11.0;   73.96;   16.8;    6.3;    0.8;eor
       2483;20180615;   10;   7.8;   3.0;    3;   0.1;   6;    1.333;-999;   7.7;  13.1;  918.94;   12.8;   88.71;   15.4;   10.0;   10.0;eor
       2483;20180616;   10;   9.4;   4.4;    3;   1.0;   6;    6.183;-999;   7.1;  12.9;  918.12;   15.6;   73.79;   19.5;   12.0;   10.9;eor
       2483;20180617;   10;  13.9;   5.6;    3;   0.0;   6;    4.483;-999;   7.0;  11.3;  919.34;   11.8;   81.79;   15.7;    8.4;    7.2;eor
       2483;20180618;   10;  11.6;   4.9;    3;   0.0;   6;    0.250;-999;   7.6;  12.3;  922.54;   12.3;   85.50;   15.2;    8.9;    8.8;eor
       2483;20180619;   10;  13.8;   5.1;    3;   0.0;   6;    0.517;-999;   6.5;  14.1;  925.06;   12.9;   94.71;   15.2;   10.7;   10.2;eor
       2483;20180620;   10;   9.1;   3.9;    3;   0.0;   0;    9.400;-999;   3.0;  14.1;  923.58;   17.1;   74.13;   22.4;   12.6;    7.8;eor
       2483;20180621;   10;  18.1;   7.8;    3;   3.1;   6;    5.983;-999;   6.1;  10.6;  918.99;   11.3;   77.92;   16.2;    4.6;    4.3;eor
       2483;20180622;   10;  18.9;   8.4;    3;   8.6;   6;    0.900;-999;   7.3;   8.8;  922.74;    5.9;   94.46;    8.6;    4.1;    4.0;eor
       2483;20180623;   10;  16.3;   7.9;    3;   0.3;   6;    3.800;-999;   6.7;   8.8;  924.51;    7.9;   83.42;   12.2;    4.6;    4.5;eor
       2483;20180624;   10;  12.4;   6.0;    3;   1.3;   6;    0.000;-999;   7.7;  10.0;  922.42;    8.4;   90.25;   10.4;    6.6;    5.0;eor
       2483;20180625;   10;  11.2;   6.1;    3;   0.0;   6;    0.950;-999;   6.8;  11.6;  923.86;   10.5;   91.33;   13.6;    7.9;    8.0;eor
       2483;20180626;   10;   8.3;   3.7;    3;   0.0;   6;    7.317;-999;   4.7;  11.8;  925.33;   11.2;   89.08;   15.4;    7.9;    5.7;eor
       2483;20180627;   10;  14.6;   5.3;    3;   0.0;   0;   13.650;-999;   2.3;  11.2;  925.86;   15.0;   66.79;   18.4;   10.2;    5.3;eor
       2483;20180628;   10;  12.1;   5.9;    3;   0.0;   0;   12.617;-999;   4.2;  11.5;  924.25;   16.4;   61.71;   20.2;   12.1;    9.3;eor
       2483;20180629;   10;  10.2;   5.2;    3;   0.0;   0;   14.133;-999;   1.3;  11.4;  920.81;   18.0;   56.08;   22.4;   13.9;   11.7;eor
       2483;20180630;   10;  14.8;   5.6;    3;   0.0;   0;   15.150;-999;   0.0;   9.9;  919.25;   15.8;   56.17;   19.5;   11.5;    9.8;eor
       2483;20180701;   10;  16.9;   7.7;    3;   0.0;   0;   15.150;-999;   0.0;   7.1;  920.03;   13.6;   46.29;   17.5;    9.8;    8.0;eor
       2483;20180702;   10;  11.1;   5.2;    3;   0.0;   0;   15.133;-999;   0.0;   7.5;  919.40;   14.9;   44.25;   19.9;   10.0;    7.7;eor
       2483;20180703;   10;   8.1;   4.1;    3;   0.0;   6;   15.117;-999;   0.2;   7.1;  919.75;   18.2;   34.58;   23.4;   12.9;    9.6;eor
       2483;20180704;   10;  11.2;   3.3;    3;   1.3;   6;    4.417;-999;   7.0;  11.2;  918.17;   19.7;   49.17;   23.7;   16.0;   10.5;eor
       2483;20180705;   10;  10.7;   4.7;    3;   4.9;   8;    4.867;-999;   5.7;  15.5;  916.94;   16.5;   82.54;   20.2;   12.1;   10.4;eor
       2483;20180706;   10;  13.7;   6.2;    3;   0.0;   0;    6.500;-999;   5.5;  12.0;  921.22;   13.5;   78.75;   18.0;   10.4;    8.4;eor
       2483;20180707;   10;  10.1;   4.7;    3;   0.0;   0;   13.950;-999;   4.1;   9.6;  924.41;   14.6;   58.17;   19.0;   10.6;    7.7;eor
       2483;20180708;   10;  11.1;   5.5;    3;   0.0;   0;   13.300;-999;   0.8;   9.7;  924.63;   13.4;   65.42;   18.5;    7.6;    6.5;eor
       2483;20180709;   10;  12.3;   5.2;    3;   0.8;   6;    6.467;-999;   5.2;  11.8;  923.15;   13.0;   79.25;   17.4;    9.1;    7.1;eor
       2483;20180710;   10;  12.6;   6.0;    3;  18.5;   6;    1.333;-999;   7.1;  10.7;  917.32;    8.6;   95.29;   10.6;    7.1;    7.1;eor
       2483;20180711;   10;  11.8;   5.2;    3;   7.5;   6;    0.550;-999;   7.4;  12.1;  917.48;   10.2;   96.75;   11.8;    8.4;    8.4;eor
       2483;20180712;   10;  11.1;   5.3;    3;   0.0;   6;    4.350;-999;   7.0;  13.6;  919.93;   13.7;   87.38;   18.9;   10.3;   10.0;eor
       2483;20180713;   10;  10.0;   4.8;    3;   0.0;   0;   14.133;-999;   1.4;  12.4;  922.47;   16.1;   69.13;   19.7;   12.2;   10.1;eor
       2483;20180714;   10;   8.9;   3.6;    3;   0.0;   0;   10.050;-999;   2.7;  13.1;  922.01;   16.7;   69.17;   21.1;   12.9;    8.0;eor
       2483;20180715;   10;   8.1;   3.7;    3;   0.0;   0;   14.783;-999;   0.2;  10.5;  919.60;   17.0;   56.08;   21.5;   12.0;    8.6;eor
       2483;20180716;   10;   7.6;   3.5;    3;   5.4;   8;    9.733;-999;   4.2;  11.5;  917.12;   18.4;   54.33;   22.8;   13.8;   10.3;eor
       2483;20180717;   10;  11.7;   4.3;    3;   0.0;   6;   10.500;-999;   4.9;  11.9;  918.21;   19.2;   54.71;   23.2;   13.6;    9.5;eor
       2483;20180718;   10;  11.0;   5.1;    3;   0.0;   0;   13.100;-999;   1.8;  11.2;  920.74;   15.1;   66.83;   19.4;   10.7;    9.5;eor
       2483;20180719;   10;   7.2;   3.3;    3;   0.0;   0;    6.883;-999;   4.6;  10.0;  921.00;   16.6;   53.08;   21.0;   12.4;    8.2;eor
       2483;20180720;   10;   7.9;   3.4;    3;   0.0;   0;    8.850;-999;   7.4;  10.3;  917.36;   19.5;   46.33;   24.0;   14.5;   11.3;eor
       2483;20180721;   10;   8.3;   2.9;    3;   0.0;   6;    0.383;-999;   7.7;  12.9;  915.37;   17.8;   63.29;   20.0;   15.7;   13.8;eor
       2483;20180722;   10;   7.9;   3.2;    3;   0.4;   6;    6.233;-999;   7.0;  14.3;  917.77;   17.6;   71.58;   20.7;   14.9;   10.6;eor
       2483;20180723;   10;   8.5;   3.8;    3;   0.0;   0;   11.783;-999;   2.1;  13.3;  920.47;   18.7;   62.88;   23.0;   14.0;   10.2;eor
       2483;20180724;   10;   8.4;   3.2;    3;   0.0;   0;   14.017;-999;   0.2;  12.6;  919.51;   22.6;   46.83;   27.0;   17.7;   14.2;eor
       2483;20180725;   10;  10.1;   3.9;    3;   5.5;   8;    7.567;-999;   3.6;  13.6;  919.97;   23.5;   47.08;   28.2;   20.8;   15.9;eor
       2483;20180726;   10;  10.9;   5.0;    3;   0.0;   0;   14.133;-999;   1.2;  12.9;  920.51;   24.3;   43.00;   28.4;   20.6;   17.3;eor
       2483;20180727;   10;   9.9;   4.4;    3;   0.0;   0;   13.850;-999;   0.9;  12.2;  918.04;   23.4;   43.08;   27.6;   19.1;   15.4;eor
       2483;20180728;   10;  12.0;   5.3;    3;   0.5;   6;    4.267;-999;   7.7;  14.9;  914.09;   19.7;   65.67;   23.8;   13.7;   12.1;eor
       2483;20180729;   10;  13.2;   5.8;    3;   0.0;   0;    3.300;-999;   7.1;  13.6;  918.21;   18.6;   66.08;   24.1;   12.9;   11.7;eor
       2483;20180730;   10;   9.3;   3.6;    3;   0.0;   0;    7.983;-999;   4.6;  13.4;  920.13;   23.1;   47.38;   28.1;   18.6;   11.7;eor
       2483;20180731;   10;  12.3;   4.7;    3;   0.0;   0;   11.117;-999;   4.0;  14.5;  921.11;   23.7;   50.08;   27.9;   17.1;   13.2;eor
       2483;20180801;   10;   9.4;   3.9;    3;   0.0;   6;    4.483;-999;   6.5;  15.1;  924.10;   19.8;   66.08;   24.6;   15.5;   14.1;eor
       2483;20180802;   10;   8.5;   3.9;    3;   0.0;   0;    8.033;-999;   3.1;  16.1;  925.70;   21.8;   62.33;   26.5;   17.2;   15.4;eor
       2483;20180803;   10;   7.8;   3.6;    3;   0.0;   0;    8.833;-999;   1.7;  14.4;  925.15;   23.8;   49.83;   29.0;   19.6;   17.2;eor
       2483;20180804;   10;  10.8;   4.7;    3;   0.0;   6;    9.133;-999;   4.8;  15.2;  922.79;   22.9;   55.21;   26.9;   16.7;   15.0;eor
       2483;20180805;   10;   9.0;   4.8;    3;   0.0;   0;   12.167;-999;  -999;  13.4;  923.97;   17.4;   68.63;   21.4;   14.5;   12.1;eor
       2483;20180806;   10;   9.1;   4.5;    3;   0.0;   0;   13.733;-999;   1.3;  10.7;  920.66;   20.8;   45.79;   27.1;   13.9;   12.0;eor
       2483;20180807;   10;  13.6;   5.7;    3;  30.3;   8;   10.100;-999;   3.3;  13.4;  916.04;   24.6;   43.83;   30.4;   20.9;   16.9;eor
       2483;20180808;   10;  25.4;   6.1;    3;   2.2;   6;    4.417;-999;   6.4;  15.6;  916.51;   19.3;   70.25;   23.6;   14.8;   12.3;eor
       2483;20180809;   10;  28.7;   7.3;    3;   5.8;   6;    5.667;-999;   5.3;  15.4;  916.45;   17.7;   77.46;   26.9;   11.5;   11.3;eor
       2483;20180810;   10;  18.0;   6.6;    3;   1.2;   6;    5.317;-999;   5.7;   9.5;  922.63;   12.5;   67.92;   17.6;    8.3;    8.3;eor
       2483;20180811;   10;  14.9;   6.1;    3;   0.0;   0;    8.867;-999;   6.0;   8.8;  923.09;   12.2;   63.50;   16.2;    8.2;    3.8;eor
       2483;20180812;   10;  10.0;   4.6;    3;   0.0;   0;   12.033;-999;   6.6;   8.1;  918.79;   16.4;   45.04;   22.1;   10.2;    4.1;eor
       2483;20180813;   10;  13.2;   6.7;    3;  11.4;   6;    1.083;-999;   6.2;  13.1;  911.88;   14.7;   80.50;   18.5;   12.0;   11.1;eor
       2483;20180814;   10;  15.1;   6.8;    3;   2.2;   6;    2.217;-999;   7.3;  13.9;  916.24;   13.7;   89.25;   16.9;   11.9;   11.9;eor
       2483;20180815;   10;   9.1;   3.4;    3;   0.0;   0;    0.483;-999;   7.8;  13.2;  921.81;   14.1;   82.54;   16.7;   11.0;   10.1;eor
       2483;20180816;   10;   8.3;   4.4;    3;   0.0;   0;   13.117;-999;   3.0;  13.0;  919.72;   18.3;   62.96;   24.3;   13.3;   10.9;eor
       2483;20180817;   10;  10.9;   5.5;    3;   0.3;   6;    4.967;-999;   6.8;  14.1;  919.94;   15.6;   79.38;   20.6;   12.2;   10.6;eor
       2483;20180818;   10;   7.5;   3.7;    3;   0.0;   0;   12.850;-999;   5.7;  10.4;  924.03;   15.7;   59.79;   21.1;   11.1;    6.9;eor
       2483;20180819;   10;  10.5;   4.5;    3;   0.0;   6;   13.067;-999;   2.4;  12.3;  923.14;   17.5;   62.42;   23.1;   12.2;    6.8;eor
       2483;20180820;   10;  12.2;   4.6;    3;   0.0;   6;    0.083;-999;   7.2;  15.6;  922.03;   15.5;   88.46;   18.3;   14.3;   13.2;eor
       2483;20180821;   10;   7.0;   2.7;    3;   0.0;   0;    1.650;-999;   7.5;  14.0;  923.32;   16.6;   75.25;   20.1;   13.6;   13.3;eor
       2483;20180822;   10;  11.2;   4.6;    3;   0.0;   0;    9.150;-999;   5.3;  13.7;  920.79;   20.4;   58.33;   25.7;   16.0;   14.0;eor
       2483;20180823;   10;  10.6;   4.7;    3;   0.6;   6;   11.833;-999;   2.3;  15.1;  916.52;   19.2;   69.58;   24.2;   14.3;   13.2;eor
       2483;20180824;   10;  14.7;   6.1;    3;   0.4;   6;    1.450;-999;   7.5;  11.0;  913.78;   12.1;   77.46;   14.6;    8.8;    7.0;eor
       2483;20180825;   10;  14.8;   6.6;    3;   5.7;   6;    1.667;-999;   7.0;   9.1;  912.78;    7.5;   88.13;   10.7;    4.9;    4.0;eor
       2483;20180826;   10;  13.3;   5.4;    3;   0.3;   6;    5.533;-999;   6.3;   8.2;  916.97;    9.3;   72.42;   14.8;    4.7;    3.7;eor
       2483;20180827;   10;  15.2;   7.5;    3;   0.8;   6;    2.167;-999;   7.3;  11.1;  915.07;   11.4;   82.58;   16.1;    8.1;    7.3;eor
       2483;20180828;   10;   9.9;   3.8;    3;   0.0;   0;    8.200;-999;   4.2;  10.5;  920.96;   13.5;   70.04;   18.8;    8.6;    7.2;eor
       2483;20180829;   10;  11.7;   4.8;    3;   4.2;   6;    8.550;-999;   5.6;  12.1;  916.81;   16.8;   64.29;   23.3;   12.6;    9.9;eor
       2483;20180830;   10;  17.8;   6.6;    3;   1.8;   6;    3.367;-999;   6.5;  12.1;  920.20;   11.0;   92.21;   13.8;    8.5;    7.3;eor
       2483;20180831;   10;   8.1;   4.1;    3;   0.0;   0;    3.800;-999;   7.4;   9.2;  923.23;    9.7;   77.33;   13.2;    7.3;    5.0;eor
       2483;20180901;   10;   9.5;   4.8;    3;   0.0;   0;   10.900;-999;  -999;   8.7;  926.22;   10.7;   68.75;   14.7;    6.9;    4.2;eor
       2483;20180902;   10;  14.5;   6.3;    3;   1.8;   6;    5.033;-999;  -999;  10.7;  925.17;   11.9;   77.96;   16.2;    9.2;    7.0;eor
       2483;20180903;   10;   8.6;   3.8;    3;   0.5;   6;    0.000;-999;   7.8;  15.0;  919.88;   13.1;   98.79;   14.3;   11.1;   11.1;eor
       2483;20180904;   10;   9.1;   4.3;    3;   4.2;   6;    4.550;-999;   7.1;  14.8;  919.65;   15.8;   83.04;   20.8;   13.2;   11.8;eor
       2483;20180905;   10;   6.7;   3.0;    3;   0.0;   0;    7.317;-999;   4.2;  12.7;  919.80;   18.2;   60.96;   22.0;   14.8;    9.0;eor
       2483;20180906;   10;  10.3;   4.3;    3;   6.6;   6;    2.417;-999;   7.5;  13.7;  915.32;   14.8;   82.29;   18.0;   10.8;   10.4;eor
       2483;20180907;   10;  11.8;   6.0;    3;   0.6;   6;    0.983;-999;   5.5;  11.3;  915.71;    9.7;   93.33;   13.0;    6.1;    4.2;eor
       2483;20180908;   10;   9.4;   4.8;    3;   0.0;   0;    8.683;-999;   5.2;   8.8;  921.09;   10.1;   72.08;   15.1;    5.4;    3.8;eor
       2483;20180909;   10;   9.7;   4.1;    3;   0.0;   6;    2.700;-999;   7.6;  10.0;  923.07;   13.9;   63.17;   18.4;   10.7;    8.5;eor
       2483;20180910;   10;  10.6;   5.4;    3;   0.0;   0;    2.167;-999;   7.5;  10.9;  923.80;   14.9;   64.54;   18.8;   11.9;   10.4;eor
       2483;20180911;   10;  15.9;   7.7;    3;   0.0;   0;    9.150;-999;   5.2;  11.7;  923.99;   15.0;   70.71;   21.5;    9.7;    8.8;eor
       2483;20180912;   10;  12.0;   6.1;    3;   1.1;   6;    9.850;-999;   3.2;  13.0;  922.66;   15.2;   76.63;   20.6;   10.1;   10.1;eor
       2483;20180913;   10;   8.8;   3.7;    3;   0.9;   6;    0.000;-999;   8.0;  12.3;  921.48;   10.1;   98.92;   11.8;    7.4;    5.7;eor
       2483;20180914;   10;   8.0;   3.7;    3;   0.0;   0;    7.467;-999;   4.7;   9.5;  921.66;   10.1;   77.38;   13.6;    6.3;    3.4;eor
       2483;20180915;   10;  10.8;   5.3;    3;   0.0;   6;    2.867;-999;   6.6;   9.8;  924.44;    9.5;   82.46;   13.4;    6.2;    5.0;eor
       2483;20180916;   10;   9.2;   4.3;    3;   0.0;   0;    9.750;-999;   7.4;   9.2;  924.30;   13.3;   61.71;   18.2;    8.5;    2.5;eor
       2483;20180917;   10;   8.8;   4.4;    3;   0.0;   0;   11.083;-999;   6.2;   9.2;  921.78;   17.1;   47.83;   22.0;   12.8;    6.7;eor
       2483;20180918;   10;  15.0;   7.1;    3;   0.4;   6;   10.417;-999;   1.6;  11.2;  918.64;   19.7;   49.38;   26.0;   15.7;   12.5;eor
       2483;20180919;   10;  14.7;   5.8;    3;   0.0;   0;    9.633;-999;   5.7;  13.6;  921.14;   17.7;   67.50;   22.7;   14.1;    8.2;eor
       2483;20180920;   10;  15.4;   6.5;    3;   0.0;   0;   10.667;-999;   6.1;  12.0;  919.64;   16.5;   65.00;   21.0;   12.7;    8.4;eor
       2483;20180921;   10;  22.2;  10.4;    3;   4.4;   6;    0.867;-999;   6.0;  10.8;  912.20;   11.9;   76.79;   18.1;    6.5;    5.2;eor
       2483;20180922;   10;  19.8;   7.6;    3;   4.7;   6;    1.150;-999;   7.5;   8.7;  919.30;    6.9;   88.46;   10.6;    5.6;    5.6;eor
       2483;20180923;   10;  17.0;   6.1;    3;  21.6;   6;    0.000;-999;   7.5;   9.2;  913.33;    5.9;   98.08;    8.6;    3.0;    3.1;eor
       2483;20180924;   10;  17.6;   8.1;    3;   0.9;   6;    3.550;-999;   6.8;   7.5;  929.12;    4.4;   89.71;    8.3;    2.8;    1.8;eor
       2483;20180925;   10;  10.3;   3.5;    3;   0.0;   0;    6.533;-999;   5.5;   6.9;  935.96;    5.3;   78.83;    9.9;    2.1;    0.8;eor
       2483;20180926;   10;  11.9;   6.7;    3;   0.0;   0;    8.583;-999;   5.0;   5.6;  932.91;    8.6;   51.67;   14.0;    4.5;    2.7;eor
       2483;20180927;   10;   8.6;   4.9;    3;   0.0;   0;   10.567;-999;   0.0;   5.5;  928.05;   14.5;   33.71;   20.0;    9.7;    7.1;eor
       2483;20180928;   10;  11.9;   6.2;    3;   0.1;   6;    1.150;-999;   3.9;   8.3;  924.74;    6.9;   83.17;   10.9;    2.9;    0.9;eor
       2483;20180929;   10;   8.9;   4.8;    3;   0.0;   0;   10.433;-999;   2.8;   5.7;  926.61;    5.7;   64.54;   10.4;    1.9;   -0.3;eor
       2483;20180930;   10;  10.7;   5.2;    3;   0.0;   6;   10.383;-999;   1.2;   6.2;  917.83;    8.7;   56.46;   15.1;    5.3;    3.1;eor
       2483;20181001;   10;  15.3;   6.9;    3;   4.2;   8;    0.567;-999;   7.5;   7.4;  916.60;    3.8;   91.75;    7.0;    1.4;    1.1;eor
       2483;20181002;   10;  20.2;   8.4;    3;  10.1;   6;    0.000;-999;   7.6;   8.0;  917.56;    3.9;   97.92;    7.3;    1.2;    1.1;eor
       2483;20181003;   10;  18.1;   7.7;    3;   0.0;   6;    2.700;-999;   7.4;   8.1;  922.99;    6.5;   84.46;    8.8;    5.1;    3.8;eor
       2483;20181004;   10;  10.6;   4.6;    3;   0.0;   6;    1.117;-999;   5.4;   9.2;  926.41;    7.4;   89.54;   10.3;    4.2;    3.4;eor
       2483;20181005;   10;  12.0;   6.2;    3;   0.0;   0;   10.050;-999;   2.0;   8.9;  920.89;   12.0;   64.50;   17.2;    8.2;    6.5;eor
       2483;20181006;   10;  12.1;   6.2;    3;   0.0;   6;    7.200;   0;   5.3;  11.4;  913.36;   14.0;   71.92;   19.4;   10.6;    8.4;eor
       2483;20181007;   10;  11.6;   5.6;    3;   0.0;   6;    3.833;   0;   6.7;   9.3;  917.97;    7.5;   89.38;   12.7;    4.6;    3.2;eor
       2483;20181008;   10;   7.2;   3.6;    3;   0.0;   0;    9.517;   0;   5.8;   9.2;  922.18;    9.9;   75.33;   14.9;    4.8;    1.4;eor
       2483;20181009;   10;   8.5;   4.5;    3;   0.0;   0;    7.900;   0;   6.8;  11.9;  923.47;   12.9;   80.13;   17.6;    9.0;    5.3;eor
       2483;20181010;   10;  12.0;   6.4;    3;   0.0;   0;    9.700;   0;   0.8;  11.7;  920.70;   14.0;   73.50;   17.4;   11.8;    8.6;eor
       2483;20181011;   10;  12.2;   5.7;    3;   0.0;   0;    8.517;   0;   3.3;  11.3;  917.25;   14.0;   71.08;   19.3;   10.4;    8.5;eor
       2483;20181012;   10;  11.7;   6.6;    3;   0.0;   0;    9.433;   0;   3.6;  12.7;  923.25;   15.7;   71.88;   20.0;   12.3;   10.0;eor
       2483;20181013;   10;  13.5;   6.3;    3;   0.0;   0;    9.483;   0;   0.4;  11.5;  923.07;   17.1;   59.33;   20.8;   14.4;   11.9;eor
       2483;20181014;   10;  11.3;   6.5;    3;   0.0;   0;    9.417;   0;   0.0;  10.5;  915.88;   15.1;   61.54;   19.2;   11.7;    9.6;eor
       2483;20181015;   10;   9.6;   4.4;    3;   0.0;   0;    8.083;   0;   2.3;   9.0;  917.25;   16.8;   47.17;   21.2;   14.0;    9.2;eor
       2483;20181016;   10;   8.8;   4.5;    3;   0.0;   6;    6.167;   0;   6.4;  10.7;  921.33;   15.5;   60.42;   19.3;   13.8;    9.0;eor
       2483;20181017;   10;   5.9;   2.4;    3;   0.0;   0;    6.933;   0;   7.3;  10.8;  921.55;   15.2;   62.96;   19.4;   12.4;    5.6;eor
       2483;20181018;   10;  10.2;   4.8;    3;   0.1;   6;    1.800;   0;   7.3;  11.1;  923.29;    9.9;   91.25;   12.8;    7.8;    5.6;eor
       2483;20181019;   10;   7.9;   2.5;    3;   0.0;   0;    0.833;   0;   7.5;  10.0;  924.50;    8.2;   91.29;   10.6;    7.2;    3.7;eor
       2483;20181020;   10;   7.9;   4.1;    3;   0.0;   0;    5.233;   0;   6.4;   8.0;  928.49;    6.3;   84.79;   10.0;    4.3;    1.1;eor
       2483;20181021;   10;   5.9;   3.5;    3;   0.0;   0;    8.500;   0;   3.5;   8.1;  927.96;    7.5;   78.29;   11.6;    4.7;   -0.5;eor
       2483;20181022;   10;  13.4;   5.2;    3;   0.2;   6;    0.067;   0;   5.2;   8.0;  928.70;    5.6;   88.29;    7.6;    1.8;   -0.5;eor
       2483;20181023;   10;  24.0;  11.2;    3;  14.4;   6;    0.000;   0;   6.9;   8.2;  921.99;    4.2;   97.83;    7.8;    1.3;    0.5;eor
       2483;20181024;   10;  29.6;  12.5;    3;  10.0;   6;    0.000;   0;   7.2;  10.5;  920.07;    7.9;   98.63;    8.6;    7.3;    7.2;eor
       2483;20181025;   10;  16.5;   7.2;    3;   1.4;   6;    0.017;   0;   7.5;   9.4;  917.86;    6.3;   98.29;    7.9;    5.3;    5.3;eor
       2483;20181026;   10;  15.2;   6.1;    3;   4.6;   8;    0.000;   0;   7.7;   7.9;  908.63;    3.7;   98.63;    5.3;    0.9;    0.6;eor
       2483;20181027;   10;  14.4;   5.3;    3;   0.6;   8;    0.017;   0;   7.3;   6.4;  907.65;    1.0;   97.50;    1.8;    0.3;   -1.5;eor
       2483;20181028;   10;  17.0;   8.8;    3;   0.5;   8;    0.000;   0;   7.4;   5.5;  911.26;   -0.9;   96.50;    0.3;   -1.9;   -1.7;eor
       2483;20181029;   10;  17.3;   7.8;    3;   1.5;   8;    0.000;   0;   7.9;   5.9;  901.64;   -0.3;   98.08;    0.8;   -0.7;   -0.4;eor
       2483;20181030;   10;  24.4;  11.4;    3;  11.0;   8;    0.000;   0;   7.5;   6.6;  893.32;    1.1;   98.17;    3.8;   -1.3;   -1.3;eor
       2483;20181031;   10;  18.1;   7.5;    3;   0.0;   6;    1.650;   1;   7.5;   6.6;  913.89;    3.5;   85.21;    7.2;    0.3;   -0.2;eor
       2483;20181101;   10;  14.1;   7.2;    3;   1.3;   6;    0.000;   0;   6.0;   7.3;  912.37;    6.2;   77.67;    8.3;    3.6;    2.1;eor
       2483;20181102;   10;  15.2;   6.0;    3;   0.0;   6;    2.100;   0;   7.3;   7.2;  920.80;    4.0;   88.46;    6.5;    0.9;   -0.9;eor
       2483;20181103;   10;   9.9;   3.9;    3;   0.0;   6;    7.950;   0;   2.8;   5.7;  925.94;    2.5;   78.46;    5.6;    0.1;   -4.9;eor
       2483;20181104;   10;  10.7;   6.1;    3;   0.0;   6;    0.000;   0;   6.8;   8.4;  917.18;    4.7;   98.42;    9.7;    3.2;    1.8;eor
       2483;20181105;   10;  12.4;   7.1;    3;   0.0;   6;    6.467;   0;   6.8;   9.2;  910.66;    7.9;   86.71;   11.2;    4.4;    3.5;eor
       2483;20181106;   10;  10.8;   6.2;    3;   0.0;   0;    2.317;   0;   6.6;   8.5;  910.55;   11.7;   62.46;   15.1;    7.3;    4.7;eor
       2483;20181107;   10;  13.5;   7.0;    3;   0.0;   6;    7.633;   0;   4.5;   8.7;  912.17;    7.9;   81.79;   11.0;    5.2;    4.2;eor
       2483;20181108;   10;  10.5;   4.6;    3;   0.0;   6;    1.317;   0;   7.6;   8.8;  919.74;    6.5;   91.67;    9.3;    5.6;    4.1;eor
       2483;20181109;   10;  13.9;   7.2;    3;   0.5;   6;    1.817;   0;   7.9;   9.4;  915.00;    6.9;   94.75;    9.6;    5.7;    4.9;eor
       2483;20181110;   10;  17.2;   9.2;    3;   9.2;   6;    0.000;   0;   7.6;   9.5;  908.19;    6.5;   97.83;    7.9;    4.9;    4.5;eor
       2483;20181111;   10;  16.2;   8.1;    3;  22.3;   6;    0.000;   0;   7.2;   9.8;  910.52;    6.9;   98.00;    7.8;    5.9;    5.8;eor
       2483;20181112;   10;  16.5;   7.6;    3;   3.0;   6;    1.783;   0;   7.2;  10.6;  915.96;    8.7;   93.75;   11.4;    6.3;    6.2;eor
       2483;20181113;   10;  22.5;   7.5;    3;   1.1;   6;    0.550;   0;   7.3;   8.7;  923.22;    5.7;   94.79;    7.1;    4.5;    4.1;eor
       2483;20181114;   10;  10.9;   5.4;    3;   0.0;   0;    4.700;   0;   7.4;   7.8;  927.55;    4.0;   96.25;    6.8;    1.7;    0.9;eor
       2483;20181115;   10;  11.9;   6.4;    3;   0.0;   0;    7.200;   0;   2.7;   5.8;  925.34;    3.3;   77.25;    8.6;   -0.9;   -2.2;eor
       2483;20181116;   10;  15.4;   8.0;    3;   0.0;   0;    7.133;   0;   0.7;   5.9;  927.56;    2.9;   79.46;    7.9;    0.1;   -1.0;eor
       2483;20181117;   10;  16.4;   8.7;    3;   0.0;   0;    7.067;   0;   0.5;   4.8;  928.70;    0.5;   75.46;    3.5;   -1.7;   -2.9;eor
       2483;20181118;   10;  17.8;   7.7;    3;   0.4;   8;    6.517;   0;   2.7;   3.1;  925.16;   -0.6;   54.21;    2.2;   -3.5;   -4.7;eor
       2483;20181119;   10;  22.4;   8.8;    3;   1.1;   8;    0.000;   0;   7.5;   5.1;  915.49;   -1.9;   94.96;   -0.7;   -4.1;   -4.1;eor
       2483;20181120;   10;  19.0;   9.3;    3;   2.2;   8;    0.000;   2;   8.0;   4.5;  908.54;   -3.5;   95.42;   -2.7;   -4.3;   -4.3;eor
       2483;20181121;   10;  14.1;   7.8;    3;   0.1;   8;    0.000;   5;   7.9;   4.8;  914.06;   -2.7;   96.04;   -2.1;   -3.4;   -2.5;eor
       2483;20181122;   10;  10.5;   5.2;    3;   0.1;   8;    0.000;   4;   8.0;   5.0;  917.42;   -2.3;   96.33;   -1.7;   -2.9;   -2.6;eor
       2483;20181123;   10;   9.5;   5.2;    3;   0.0;   0;    6.733;   3;   2.8;   6.2;  916.78;    1.4;   90.63;    5.2;   -1.9;   -3.2;eor
       2483;20181124;   10;  10.7;   6.1;    3;   3.8;   8;    0.000;   2;   7.7;   5.8;  910.48;    0.4;   93.38;    3.2;   -1.6;   -1.7;eor
       2483;20181125;   10;  10.3;   3.9;    3;   0.1;   6;    0.000;   1;   7.6;   6.6;  909.35;    1.2;   98.54;    1.8;    0.8;    0.2;eor
       2483;20181126;   10;  11.2;   4.2;    3;   0.0;   8;    0.000;   0;   7.9;   6.0;  910.20;   -0.2;   98.50;    1.1;   -2.2;   -2.0;eor
       2483;20181127;   10;  11.7;   4.0;    3;   0.0;   0;    0.000;   0;   7.8;   4.7;  916.92;   -2.9;   95.42;   -2.2;   -4.1;   -4.0;eor
       2483;20181128;   10;  15.7;   8.5;    3;   1.0;   8;    1.250;   0;   7.5;   5.2;  919.35;   -1.8;   96.29;   -0.2;   -3.2;   -4.0;eor
       2483;20181129;   10;  17.0;   9.2;    3;   1.0;   6;    0.000;   0;   7.8;   6.3;  915.52;    1.0;   96.42;    2.8;   -0.3;   -0.3;eor
       2483;20181130;   10;  12.9;   6.4;    3;   1.1;   6;    0.000;   0;   7.3;   7.3;  912.60;    2.7;   97.92;    3.6;    1.3;    1.2;eor
       2483;20181201;   10;  18.2;   7.8;    3;   3.8;   8;    0.017;   0;   7.5;   7.3;  912.35;    2.7;   98.13;    3.4;    2.4;    2.1;eor
       2483;20181202;   10;  18.9;   8.7;    3;  28.9;   6;    0.000;   0;   7.8;   9.4;  903.38;    5.9;   99.54;    8.7;    2.9;    2.8;eor
       2483;20181203;   10;  20.4;   8.8;    3;  21.2;   8;    0.000;   0;   7.1;   9.9;  902.86;    6.9;   99.46;    8.4;    5.6;    5.5;eor
       2483;20181204;   10;  17.1;   6.4;    3;   0.0;   8;    0.433;   0;   6.3;   6.3;  916.82;    1.0;   95.25;    5.7;   -0.9;   -4.2;eor
       2483;20181205;   10;  14.9;   6.6;    3;   0.9;   8;    0.000;   0;   7.0;   5.9;  921.35;    0.0;   95.79;    1.8;   -1.1;   -2.7;eor
       2483;20181206;   10;  17.7;   7.5;    3;   2.7;   6;    0.000;   0;   7.8;   8.5;  915.91;    4.5;   99.54;    7.0;    1.4;    1.3;eor
       2483;20181207;   10;  24.0;  10.7;    3;  13.6;   8;    0.000;   0;   7.7;   8.9;  907.58;    5.3;   99.46;    7.0;    0.0;    0.0;eor
       2483;20181208;   10;  23.1;  11.4;    3;  26.6;   8;    0.000;   0;   7.1;   6.8;  902.56;    1.6;   98.58;    4.4;    0.0;    0.0;eor
       2483;20181209;   10;  25.4;  11.7;    3;  19.4;   8;    0.000;   0;   7.2;   6.6;  900.18;    1.3;   98.00;    4.0;   -0.6;   -0.5;eor
       2483;20181210;   10;  19.9;  10.3;    3;   4.8;   8;    0.000;   2;   7.3;   5.4;  915.49;   -1.0;   94.63;    0.0;   -1.5;   -2.2;eor
       2483;20181211;   10;  20.0;   8.9;    3;   3.7;   8;    0.000;   7;   7.4;   5.5;  918.76;   -1.1;   97.13;   -0.7;   -1.5;   -1.3;eor
       2483;20181212;   10;  12.8;   5.0;    3;   0.9;   8;    0.933;   8;   7.2;   4.8;  921.21;   -2.3;   93.46;   -1.5;   -3.0;   -2.7;eor
       2483;20181213;   10;  14.3;   6.1;    3;   0.0;   7;    1.883;   9;   7.3;   4.0;  917.76;   -4.4;   89.50;   -2.3;   -5.4;   -2.6;eor
       2483;20181214;   10;  15.8;   7.0;    3;   0.0;   7;    0.000;   9;   7.9;   3.4;  918.61;   -5.4;   81.88;   -4.9;   -5.9;   -3.4;eor
       2483;20181215;   10;  18.0;   7.6;    3;   0.0;   7;    0.000;   8;   8.0;   3.1;  919.55;   -6.6;   83.88;   -5.8;   -7.7;   -5.7;eor
       2483;20181216;   10;  18.6;   7.5;    3;   1.8;   8;    0.000;   6;   7.6;   3.8;  910.28;   -5.2;   89.96;   -0.4;   -7.8;   -5.8;eor
       2483;20181217;   10;  12.7;   6.6;    3;   6.7;   8;    0.000;   9;   7.9;   5.7;  917.32;   -0.3;   95.13;    0.8;   -2.2;   -1.4;eor
       2483;20181218;   10;  16.0;   7.3;    3;   0.3;   8;    0.000;  10;   7.6;   5.8;  920.27;   -0.2;   95.33;    0.8;   -1.9;   -0.1;eor
       2483;20181219;   10;  16.2;   7.7;    3;   0.6;   6;    0.000;   9;   7.7;   5.9;  912.70;    0.1;   94.46;    2.0;   -2.0;   -0.5;eor
       2483;20181220;   10;  14.7;   7.1;    3;   4.9;   8;    0.000;   6;   7.3;   6.6;  912.13;    1.5;   96.00;    1.9;    0.8;   -0.1;eor
       2483;20181221;   10;  27.8;  11.9;    3;  22.5;   6;    0.000;   3;   7.4;   7.6;  905.89;    4.0;   93.21;    7.2;    1.9;    1.3;eor
       2483;20181222;   10;  23.8;  11.1;    3;  13.8;   8;    0.150;   0;   7.2;   7.4;  911.50;    3.4;   94.83;    4.6;    1.7;    1.0;eor
       2483;20181223;   10;  15.6;   6.7;    3;  14.8;   8;    0.000;   0;   7.1;   6.9;  916.20;    2.3;   96.00;    3.1;   -0.1;    0.0;eor
       2483;20181224;   10;  16.6;   7.6;    3;   0.6;   8;    0.017;   2;   7.6;   5.1;  923.95;   -1.5;   93.50;    0.1;   -3.0;   -3.8;eor
       2483;20181225;   10;  13.6;   6.9;    3;   0.0;   8;    0.267;   2;   7.7;   5.1;  930.12;   -1.5;   92.67;   -0.3;   -2.7;   -2.8;eor
       2483;20181226;   10;  12.0;   6.4;    3;   0.1;   6;    0.000;   2;   7.4;   6.1;  928.27;    0.4;   94.75;    4.3;   -3.9;   -4.7;eor
       2483;20181227;   10;  11.4;   6.7;    3;   0.0;   0;    2.167;   0;   7.8;   2.9;  924.66;    2.8;   39.13;    4.7;    0.3;   -0.9;eor
       2483;20181228;   10;  11.0;   5.5;    3;   0.1;   6;    5.983;   0;   4.2;   3.8;  925.42;    1.2;   59.54;    3.4;   -1.3;   -2.9;eor
       2483;20181229;   10;  23.4;   8.0;    3;   9.9;   8;    0.000;   0;   7.9;   6.2;  925.93;    0.7;   96.08;    2.8;   -0.2;   -0.3;eor
       2483;20181230;   10;  24.7;   9.0;    3;   2.1;   6;    0.000;   0;   7.3;   6.6;  927.36;    1.6;   95.92;    2.5;    0.7;    0.6;eor
       2483;20181231;   10;  16.3;   6.2;    3;   2.5;   8;    0.000;   0;   7.3;   7.7;  929.68;    3.6;   96.63;    4.4;    2.5;    2.3;eor
       2483;20190101;   10;  26.8;  11.8;    3;   7.2;   8;    0.000;   0;   7.5;   6.3;  923.53;    1.2;   94.08;    3.0;   -2.2;   -2.6;eor
       2483;20190102;   10;  21.5;  10.1;    3;   1.4;   8;    2.133;   2;   4.3;   4.1;  927.69;   -3.0;   82.29;   -1.7;   -5.4;   -9.1;eor
       2483;20190103;   10;  13.6;   6.2;    3;   3.4;   8;    0.000;   6;   7.4;   4.6;  932.02;   -2.9;   91.92;   -1.9;   -4.8;   -6.1;eor
       2483;20190104;   10;  22.3;   8.9;    3;   5.5;   8;    0.000;   9;   7.4;   4.9;  929.70;   -2.2;   94.29;   -0.2;   -4.2;   -3.4;eor
       2483;20190105;   10;  21.6;  11.9;    3;  15.6;   8;    0.000;   8;   7.4;   6.5;  924.18;    1.3;   96.58;    2.0;   -0.2;   -0.2;eor
       2483;20190106;   10;  15.5;   8.0;    3;   8.0;   8;    0.000;   2;   7.3;   6.4;  927.20;    1.1;   96.54;    1.6;    0.0;    0.0;eor
       2483;20190107;   10;  17.4;   6.8;    3;   9.8;   8;    0.000;   2;   7.9;   5.8;  926.03;   -0.1;   96.21;    1.9;   -0.9;   -1.0;eor
       2483;20190108;   10;  29.8;  13.4;    3;  19.4;   8;    0.000;   0;   7.4;   5.8;  910.25;    0.1;   95.00;    2.3;   -1.7;   -1.6;eor
       2483;20190109;   10;  25.2;  11.1;    3;   0.2;   8;    0.117;  11;   7.5;   4.3;  912.14;   -3.4;   90.54;   -1.6;   -4.5;   -1.7;eor
       2483;20190110;   10;  11.8;   6.0;    3;   0.9;   8;    0.067;  12;   7.7;   3.9;  920.47;   -4.8;   91.67;   -4.1;   -5.3;   -2.7;eor
       2483;20190111;   10;  18.2;   8.2;    3;   5.4;   8;    0.000;  14;   7.8;   5.3;  919.18;   -1.4;   94.96;    1.5;   -4.5;   -2.1;eor
       2483;20190112;   10;  19.4;  10.1;    3;  13.4;   8;    0.000;   9;   7.5;   6.1;  914.29;    0.4;   96.54;    1.3;   -0.5;   -0.1;eor
       2483;20190113;   10;  25.7;  10.4;    3;  33.3;   8;    0.000;  12;   7.3;   6.8;  903.78;    2.1;   96.00;    3.6;    0.0;    0.0;eor
       2483;20190114;   10;  22.9;  11.3;    3;   1.7;   8;    0.200;  10;   7.3;   5.0;  908.58;   -1.7;   92.13;    0.4;   -3.3;   -0.8;eor
       2483;20190115;   10;  19.0;   9.6;    3;   3.4;   8;    0.000;  10;   7.8;   5.4;  914.85;   -1.1;   95.46;    0.4;   -3.2;   -0.8;eor
       2483;20190116;   10;  18.3;   9.6;    3;   2.6;   8;    0.000;  10;   7.8;   5.7;  908.09;   -0.5;   96.29;    0.7;   -1.4;   -0.6;eor
       2483;20190117;   10;  18.6;   8.4;    3;   8.0;   8;    0.000;  12;   7.4;   5.2;  902.41;   -1.6;   94.88;   -0.4;   -3.9;   -0.4;eor
       2483;20190118;   10;  15.3;   4.6;    3;   0.0;   0;    5.767;  27;   5.3;   3.7;  915.02;   -5.2;   87.54;   -3.3;   -7.2;   -1.0;eor
       2483;20190119;   10;  11.0;   6.2;    3;   0.0;   0;    6.667;  25;   6.9;   3.0;  914.03;   -6.2;   76.46;   -4.2;   -7.3;   -1.1;eor
       2483;20190120;   10;   9.8;   5.5;    3;   0.0;   0;    6.817;  24;   0.0;   2.6;  913.75;   -6.2;   67.83;   -3.7;   -7.9;   -1.4;eor
       2483;20190121;   10;   8.8;   4.1;    3;   0.0;   0;    6.850;  23;   0.8;   1.9;  917.22;   -4.4;   44.38;   -0.9;   -7.2;   -2.2;eor
       2483;20190122;   10;  12.5;   7.1;    3;   0.1;   7;    6.000;  22;   6.4;   2.4;  906.05;   -7.6;   71.63;   -5.1;   -9.9;   -2.4;eor
       2483;20190123;   10;  10.2;   5.2;    3;   0.0;   7;    0.000;  23;   7.7;   2.8;  898.04;   -8.9;   88.92;   -7.9;  -10.1;   -1.6;eor
       2483;20190124;   10;   6.8;   2.2;    3;   0.6;   8;    0.117;  23;   7.7;   2.6;  906.03;   -9.8;   89.00;   -5.4;  -11.4;   -1.9;eor
       2483;20190125;   10;  17.1;   6.3;    3;  13.6;   8;    0.017;  24;   7.7;   3.2;  909.80;   -7.5;   89.92;   -2.0;  -11.5;   -1.7;eor
       2483;20190126;   10;  19.1;  10.1;    3;   7.3;   8;    0.000;  27;   7.9;   6.0;  904.03;    0.2;   96.71;    1.4;   -2.0;   -0.6;eor
       2483;20190127;   10;  15.5;   8.5;    3;   7.0;   8;    0.000;  26;   7.6;   5.8;  889.38;   -0.1;   96.29;    0.8;   -2.2;    0.0;eor
       2483;20190128;   10;  23.7;   9.6;    3;  10.7;   8;    0.000;  30;   7.1;   4.8;  892.50;   -2.5;   94.00;   -1.1;   -4.0;    0.0;eor
       2483;20190129;   10;  13.2;   6.1;    3;   0.9;   8;    0.250;  41;   7.5;   4.2;  902.17;   -3.9;   92.13;   -3.0;   -5.4;    0.0;eor
       2483;20190130;   10;  15.1;   7.6;    3;   1.3;   7;    0.000;  39;   7.6;   3.8;  892.94;   -5.2;   91.46;   -4.0;   -6.4;   -0.1;eor
       2483;20190131;   10;  14.1;   6.2;    3;   1.1;   7;    0.033;  40;   7.4;   3.8;  895.18;   -5.1;   91.33;   -4.2;   -6.8;   -0.1;eor
       2483;20190201;   10;  15.4;   6.4;    3;   0.3;   8;    0.683;  41;   7.5;   4.7;  891.23;   -2.9;   93.63;    0.0;   -5.9;   -0.1;eor
       2483;20190202;   10;  10.0;   4.1;    3;   1.4;   8;    0.000;  40;   7.7;   5.4;  896.96;   -1.2;   95.63;   -0.3;   -3.6;   -0.1;eor
       2483;20190203;   10;  14.5;   7.5;    3;   0.1;   8;    0.000;  40;   7.5;   4.4;  914.37;   -3.4;   93.29;   -2.5;   -4.0;   -0.1;eor
       2483;20190204;   10;  15.1;   7.8;    3;   0.4;   8;    4.083;  40;   7.1;   4.4;  923.03;   -3.3;   92.71;   -2.1;   -4.5;   -0.1;eor
       2483;20190205;   10;  11.6;   5.7;    3;   0.1;   8;    0.000;  40;   7.8;   5.0;  923.74;   -2.1;   94.54;   -0.6;   -3.6;   -0.1;eor
       2483;20190206;   10;  14.6;   8.2;    3;   0.0;   8;    3.167;  39;   8.0;   4.7;  921.23;   -1.2;   83.88;    0.5;   -2.4;   -0.1;eor
       2483;20190207;   10;  16.5;   8.7;    3;   3.2;   8;    0.000;  38;   7.5;   5.4;  911.23;   -0.3;   89.71;    0.7;   -1.6;   -0.1;eor
       2483;20190208;   10;  20.0;  10.0;    3;   2.8;   8;    0.000;  38;   7.6;   6.2;  910.71;    0.6;   96.83;    1.5;   -0.3;   -0.1;eor
       2483;20190209;   10;  20.5;  10.8;    3;   7.4;   8;    0.233;  33;   7.5;   6.1;  905.58;    1.7;   88.17;    2.8;    0.5;    0.0;eor
       2483;20190210;   10;  22.7;  11.2;    3;  36.2;   8;    0.000;  31;   7.1;   6.6;  897.25;    1.5;   96.08;    3.6;   -1.8;    0.0;eor
       2483;20190211;   10;  21.4;   9.9;    3;   3.9;   8;    0.000;  38;   7.3;   5.1;  913.42;   -1.6;   94.08;   -0.8;   -2.9;    0.0;eor
       2483;20190212;   10;  16.7;   8.1;    3;   0.2;   8;    0.017;  38;   7.4;   5.1;  928.54;   -1.7;   93.88;   -0.6;   -2.9;    0.0;eor
       2483;20190213;   10;  13.8;   6.4;    3;   0.0;   0;    4.500;  37;   7.7;   5.4;  932.37;    0.0;   88.92;    2.5;   -1.3;    0.0;eor
       2483;20190214;   10;  10.4;   4.8;    3;   0.0;   0;    7.317;  36;   4.3;   3.1;  933.65;    6.3;   33.04;    9.5;    2.5;    0.0;eor
       2483;20190215;   10;  12.7;   7.0;    3;   0.0;   0;    8.517;  36;   0.0;   4.2;  931.32;    7.3;   41.17;   11.0;    5.4;    0.0;eor
       2483;20190216;   10;  13.1;   7.0;    3;   0.0;   0;    8.583;  33;   3.7;   4.4;  926.13;    8.1;   41.17;   12.7;    4.6;    0.0;eor
       2483;20190217;   10;  12.0;   6.7;    3;   0.0;   0;    8.600;  32;   7.8;   4.9;  922.77;    7.4;   47.21;    9.9;    5.6;    0.0;eor
       2483;20190218;   10;  14.0;   6.4;    3;   0.0;   6;    8.650;  30;   3.9;   4.8;  918.81;    7.3;   47.71;   10.9;    3.6;    0.0;eor
       2483;20190219;   10;  14.9;   7.7;    3;   0.5;   8;    3.233;  29;   6.3;   5.8;  917.27;    2.4;   79.79;    4.5;    0.8;    0.0;eor
       2483;20190220;   10;  12.6;   5.9;    3;   0.0;   0;    0.117;  27;   7.7;   5.9;  921.40;    1.8;   85.29;    4.0;   -0.1;    0.0;eor
       2483;20190221;   10;  13.1;   6.9;    3;   1.1;   6;    0.233;  26;   7.0;   7.0;  925.12;    3.2;   91.17;    5.1;    1.4;    0.0;eor
       2483;20190222;   10;  11.9;   5.0;    3;   0.0;   6;    0.083;  20;   7.1;   7.5;  932.82;    3.6;   95.13;    4.7;    0.5;    0.0;eor
       2483;20190223;   10;  13.4;   6.4;    3;   0.0;   0;    8.700;  15;   6.3;   4.1;  935.75;    0.8;   65.50;    4.7;   -3.3;    0.0;eor
       2483;20190224;   10;   8.9;   4.1;    3;   0.0;   0;    9.167;  14;   1.7;   2.2;  936.05;    7.4;   20.17;   13.6;    1.5;   -0.7;eor
       2483;20190225;   10;   7.0;   3.1;    3;   0.0;   0;    9.233;  13;   3.8;   5.2;  936.49;   10.4;   41.50;   14.2;    6.6;   -1.5;eor
       2483;20190226;   10;   7.0;   3.4;    3;   0.0;   0;    9.317;  11;   3.8;   3.9;  933.64;   11.4;   28.79;   14.5;    9.2;   -3.6;eor
       2483;20190227;   10;  11.4;   4.3;    3;   0.0;   0;    9.383;  11;   0.0;   4.4;  926.38;   11.3;   32.54;   15.6;    7.6;   -1.6;eor
       2483;20190228;   10;  17.4;   8.4;    3;   4.6;   6;    6.567;   9;   3.9;   7.0;  915.68;    5.7;   77.88;    9.0;    3.6;    2.0;eor
       2483;20190301;   10;  13.1;   5.9;    3;   3.6;   8;    0.000;   0;   7.5;   7.1;  913.07;    2.6;   96.25;    4.1;   -0.8;   -0.7;eor
       2483;20190302;   10;  16.5;   6.1;    3;   2.8;   8;    0.117;   0;   7.6;   6.5;  913.91;    1.3;   96.17;    4.2;   -1.1;   -1.0;eor
       2483;20190303;   10;  22.1;  10.0;    3;   3.0;   6;    0.000;   0;   7.3;   8.1;  908.05;    4.4;   96.25;    5.8;    3.1;    3.0;eor
       2483;20190304;   10;  25.5;  13.0;    3;   8.2;   8;    0.300;   0;   7.3;   6.8;  896.47;    2.9;   88.42;    6.0;   -0.4;   -0.9;eor
       2483;20190305;   10;  19.9;   8.9;    3;   4.3;   8;    0.067;   6;   7.0;   5.7;  905.27;   -0.3;   95.63;    0.6;   -1.1;   -4.1;eor
       2483;20190306;   10;  16.8;   8.7;    3;   1.2;   6;    2.917;   7;   7.2;   6.6;  904.48;    3.5;   85.21;    7.0;   -0.4;   -2.6;eor
       2483;20190307;   10;  27.1;  11.1;    3;   6.6;   8;    1.750;   0;   7.3;   7.1;  897.77;    3.8;   87.42;    6.8;    0.5;    0.1;eor
       2483;20190308;   10;  23.2;   9.6;    3;   5.3;   8;    1.050;   0;   7.0;   5.9;  908.96;    1.3;   87.83;    3.6;    0.0;    0.0;eor
       2483;20190309;   10;  28.3;  11.0;    3;   9.2;   8;    0.350;   0;   7.4;   6.8;  909.61;    2.4;   92.54;    5.9;    0.3;    0.0;eor
       2483;20190310;   10;  35.9;  11.3;    3;  13.2;   8;    0.017;   0;   7.4;   6.3;  905.73;    1.3;   92.25;    5.1;   -2.5;   -2.5;eor
       2483;20190311;   10;  25.9;  10.3;    3;  16.2;   8;    0.017;   2;   7.2;   5.0;  913.39;   -2.0;   94.33;   -1.1;   -3.1;   -3.6;eor
       2483;20190312;   10;  23.7;   9.6;    3;   1.4;   8;    1.167;  20;   7.5;   4.9;  912.88;   -0.3;   83.13;    2.3;   -2.3;   -1.0;eor
       2483;20190313;   10;  22.0;  11.1;    3;   7.3;   8;    0.000;  18;   7.3;   5.6;  903.75;   -0.5;   94.71;    0.2;   -1.4;   -0.6;eor
       2483;20190314;   10;  27.1;  10.9;    3;   7.2;   8;    0.000;  23;   7.2;   6.1;  901.90;    0.5;   95.21;    2.3;   -0.4;   -0.1;eor
       2483;20190315;   10;  25.9;  11.1;    3;  31.6;   8;    0.000;  19;   7.4;   7.3;  904.25;    2.9;   96.13;    6.0;    0.8;   -0.1;eor
       2483;20190316;   10;  23.6;  10.4;    3;   3.5;   8;    0.000;   5;   7.4;   7.2;  907.12;    2.9;   95.21;    4.7;    0.5;    0.1;eor
       2483;20190317;   10;  18.9;  10.0;    3;   5.5;   8;    1.283;   0;   7.3;   6.2;  903.17;    1.8;   89.21;    3.9;   -2.1;   -2.1;eor
       2483;20190318;   10;  19.1;   8.5;    3;   0.8;   8;    2.750;   3;   5.5;   5.1;  914.40;   -1.0;   89.63;    1.2;   -2.2;   -3.6;eor
       2483;20190319;   10;   8.2;   3.9;    3;   0.0;   0;    4.267;   2;   5.1;   4.6;  925.16;   -0.2;   77.83;    3.7;   -2.7;   -3.7;eor
       2483;20190320;   10;   8.4;   4.2;    3;   0.0;   0;    8.200;   0;   4.6;   5.7;  931.20;    3.6;   71.67;    7.9;    0.1;   -2.2;eor
       2483;20190321;   10;   6.7;   2.6;    3;   0.0;   0;   10.833;   0;   4.8;   7.3;  932.48;    7.8;   69.50;   13.4;    3.7;   -1.2;eor
       2483;20190322;   10;   9.4;   4.9;    3;   0.0;   0;   10.567;   0;   5.1;   7.2;  929.60;   10.2;   58.25;   14.3;    6.8;    4.4;eor
       2483;20190323;   10;  12.0;   5.7;    3;   0.0;   6;    9.400;   0;   5.8;   6.9;  927.30;    6.3;   73.17;   10.2;    3.1;    3.0;eor
       2483;20190324;   10;  13.2;   4.6;    3;   2.3;   8;    3.217;   0;   5.7;   6.4;  923.92;    3.2;   82.58;    6.4;   -0.8;   -1.9;eor
       2483;20190325;   10;  20.4;   8.7;    3;   8.9;   8;    0.750;   1;   7.0;   5.4;  918.57;   -0.6;   91.71;    1.0;   -1.5;   -2.5;eor
       2483;20190326;   10;  14.4;   7.4;    3;   0.5;   8;    0.333;   6;   7.5;   5.7;  926.48;   -0.2;   93.46;    0.9;   -1.9;   -1.9;eor
       2483;20190327;   10;   7.4;   3.9;    3;   0.6;   6;    2.300;   3;   7.6;   5.8;  929.96;    2.1;   83.25;    5.1;   -0.4;   -1.9;eor
       2483;20190328;   10;   6.8;   3.5;    3;   0.0;   6;    1.700;   0;   7.5;   6.9;  932.45;    4.0;   84.88;    6.8;    2.3;    1.4;eor
       2483;20190329;   10;   8.4;   3.9;    3;   0.0;   0;   10.533;   0;   1.2;   7.3;  929.59;    7.3;   72.17;   12.0;    2.7;    0.3;eor
       2483;20190330;   10;  14.8;   5.8;    3;   0.0;   0;    9.250;   0;   0.8;   6.7;  922.66;    9.5;   56.83;   14.2;    5.9;    3.9;eor
       2483;20190331;   10;  11.5;   5.0;    3;   0.0;   0;    1.250;   0;   5.0;   6.7;  922.13;    5.0;   76.67;    7.9;    0.6;   -0.7;eor
       2483;20190401;   10;  13.0;   6.5;    3;   0.0;   0;   11.650;   0;   0.0;   5.0;  920.18;    3.6;   64.33;    9.2;   -1.5;   -2.7;eor
       2483;20190402;   10;  20.8;   6.8;    3;   6.0;   6;    5.117;   0;   5.5;   7.3;  909.62;    6.6;   75.38;   11.9;    3.5;    1.7;eor
       2483;20190403;   10;  11.8;   5.2;    3;  10.9;   8;    0.133;   0;   7.3;   7.3;  902.95;    3.2;   94.04;    5.2;    0.2;    0.1;eor
       2483;20190404;   10;  11.0;   4.7;    3;   1.0;   8;    0.000;   0;   7.6;   6.1;  900.73;    0.4;   96.00;    1.0;   -0.1;   -0.3;eor
       2483;20190405;   10;  10.5;   4.8;    3;   0.2;   8;    0.000;   0;   8.0;   6.8;  905.48;    1.8;   96.79;    4.0;   -0.3;   -0.2;eor
       2483;20190406;   10;  12.1;   5.6;    3;   0.0;   0;    3.967;   0;   6.3;   8.6;  906.55;    7.4;   84.17;   12.4;    4.0;    3.9;eor
       2483;20190407;   10;  16.2;   5.3;    3;   0.0;   0;    9.750;   0;   3.5;   7.8;  908.01;    9.6;   65.83;   13.2;    6.8;    4.5;eor
       2483;20190408;   10;   9.2;   4.2;    3;   0.0;   0;    4.117;   0;   6.0;   7.3;  911.21;   10.1;   59.46;   13.7;    7.6;    4.4;eor
       2483;20190409;   10;  11.6;   5.2;    3;   0.0;   0;    8.817;   0;   7.3;   7.2;  912.23;    7.7;   68.25;   12.5;    2.2;    1.0;eor
       2483;20190410;   10;  13.5;   6.4;    3;   0.0;   0;   12.150;   0;   3.5;   4.8;  914.33;    2.2;   67.13;    6.2;   -0.8;   -2.7;eor
       2483;20190411;   10;  11.9;   5.7;    3;   0.0;   7;   10.700;   0;   1.0;   3.7;  919.71;   -0.1;   61.54;    3.8;   -2.9;   -4.6;eor
       2483;20190412;   10;   9.7;   4.3;    3;   2.0;   7;    0.000;   0;   7.2;   3.9;  920.98;   -2.9;   78.96;   -1.3;   -4.0;   -4.9;eor
       2483;20190413;   10;   8.7;   4.0;    3;   0.8;   8;    1.850;   4;   7.3;   4.3;  919.67;   -3.1;   88.42;   -0.2;   -4.4;   -4.9;eor
       2483;20190414;   10;  11.5;   5.7;    3;   0.0;   8;    4.150;   0;   6.5;   4.9;  921.35;   -0.8;   85.21;    2.9;   -3.3;   -4.1;eor
       2483;20190415;   10;  11.8;   6.0;    3;   0.0;   0;   10.683;   0;   2.9;   5.4;  922.68;    4.6;   67.46;    9.7;   -0.1;   -0.1;eor
       2483;20190416;   10;  11.7;   5.7;    3;   0.0;   0;   11.750;   0;   2.8;   5.0;  918.79;    7.6;   48.67;   13.4;    1.7;   -0.3;eor
       2483;20190417;   10;  11.2;   5.1;    3;   0.0;   6;    0.000;   0;   7.8;   6.0;  922.98;    8.1;   55.67;   10.5;    5.3;    4.3;eor
       2483;20190418;   10;  18.0;   6.9;    3;   0.0;   0;   12.300;   0;   4.5;   6.2;  926.40;   10.5;   49.67;   14.9;    6.5;    5.3;eor
       2483;20190419;   10;  12.9;   5.4;    3;   0.0;   0;   12.783;   0;   0.4;   6.3;  929.48;   12.3;   45.04;   17.5;    7.2;    4.6;eor
       2483;20190420;   10;  10.9;   4.6;    3;   0.0;   0;   12.833;   0;   0.3;   5.9;  929.25;   13.7;   37.88;   18.2;    9.9;    6.7;eor
       2483;20190421;   10;   8.8;   4.6;    3;   0.0;   0;   12.917;   0;   0.6;   5.6;  922.16;   13.2;   38.17;   18.3;    8.9;    5.7;eor
       2483;20190422;   10;  14.9;   6.6;    3;   0.0;   0;   12.983;   0;   3.8;   5.6;  913.13;   11.9;   41.25;   16.8;    5.4;    3.9;eor
       2483;20190423;   10;  16.1;   7.7;    3;   0.0;   0;   11.717;   0;   3.0;   7.6;  903.84;   10.1;   61.17;   15.1;    4.3;    2.9;eor
       2483;20190424;   10;  22.0;   6.2;    3;   1.4;   6;    8.567;   0;   7.1;   9.2;  905.49;   12.9;   63.96;   20.0;    4.0;    2.5;eor
       2483;20190425;   10;  17.1;   6.9;    3;   0.0;   0;    6.750;   0;   6.0;   7.7;  910.38;   10.0;   66.08;   16.5;    3.7;    2.0;eor
       2483;20190426;   10;  10.1;   5.2;    3;   7.1;   6;    0.017;   0;   6.9;   8.3;  913.51;    6.0;   88.92;    7.2;    4.8;    3.2;eor
       2483;20190427;   10;  13.5;   6.2;    3;   9.0;   6;    2.400;   0;   5.4;   7.6;  913.45;    4.2;   91.67;    6.4;    1.8;    1.6;eor
       2483;20190428;   10;   9.0;   3.6;    3;   5.7;   8;    1.850;   0;   5.3;   6.6;  917.92;    3.4;   85.13;    6.6;    1.7;   -0.8;eor
       2483;20190429;   10;  15.6;   6.7;    3;   1.9;   6;    3.600;   0;   7.4;   7.3;  921.63;    4.9;   83.83;    8.0;    2.7;   -1.1;eor
       2483;20190430;   10;  12.5;   6.3;    3;   0.0;   0;   11.150;   0;   3.5;   7.6;  920.59;    6.9;   78.38;   11.8;    2.8;    1.9;eor
       2483;20190501;    3;   9.0;   3.8;    3;   0.0;   0;    8.983;-999;   3.0;   8.8;  916.69;    9.3;   76.46;   13.9;    4.8;    2.2;eor
       2483;20190502;    3;  14.9;   5.7;    3;   2.2;   8;    8.167;-999;   6.7;   7.7;  910.50;    6.4;   81.71;   11.2;    3.0;    2.7;eor
       2483;20190503;    3;  12.5;   6.1;    3;   4.6;   8;    2.000;   0;   7.4;   5.9;  910.41;    2.8;   80.00;    5.9;    0.6;    0.4;eor
       2483;20190504;    3;  14.0;   6.4;    3;   2.5;   8;    2.400;   8;   7.1;   5.3;  908.47;   -0.8;   92.21;    3.6;   -2.8;   -2.6;eor
       2483;20190505;    3;  10.1;   5.4;    3;   0.2;   8;    2.317;   0;   5.7;   5.3;  916.64;   -0.1;   87.67;    3.1;   -3.2;   -4.1;eor
       2483;20190506;    3;  11.0;   4.9;    3;   2.2;   8;    1.367;   0;   7.3;   5.5;  918.41;    1.2;   83.83;    5.1;   -1.1;   -1.7;eor
       2483;20190507;    3;  10.4;   3.7;    3;   0.2;   8;    0.617;   0;   7.5;   5.9;  916.43;    2.6;   81.29;    5.5;    0.1;   -0.1;eor
       2483;20190508;    3;  12.3;   6.5;    3;  12.5;   8;    0.000;   0;   7.6;   7.5;  904.49;    4.7;   86.08;    6.6;    2.9;    1.3;eor
       2483;20190509;    3;  11.4;   5.3;    3;   1.3;   6;    0.067;   0;   7.0;   8.6;  901.52;    5.4;   95.00;    7.5;    3.5;    3.4;eor
       2483;20190510;    3;  14.5;   5.6;    3;  15.9;   8;    3.517;   0;   6.7;   8.1;  909.82;    5.5;   90.00;    8.4;    3.2;    1.9;eor
       2483;20190511;    3;  15.7;   6.1;    3;   4.8;   6;    0.000;   0;   7.0;   7.7;  914.07;    4.1;   93.29;    6.6;    0.7;   -0.4;eor
       2483;20190512;    3;  14.5;   7.0;    3;   0.0;   6;    6.100;   0;   4.9;   5.7;  929.37;    3.1;   76.00;    7.6;   -0.1;   -1.2;eor
       2483;20190513;    3;  11.9;   6.5;    3;   0.0;   0;   14.200;   0;   1.2;   4.3;  934.47;    4.5;   52.75;    9.3;   -1.1;   -3.2;eor
       2483;20190514;    3;  12.1;   5.6;    3;   0.0;   0;    8.983;   0;   3.8;   5.2;  930.08;    4.5;   63.17;    9.0;   -0.2;   -2.0;eor
       2483;20190515;    3;  14.4;   5.8;    3;   0.0;   8;   12.100;   0;   2.5;   4.7;  924.34;    4.8;   54.83;    9.2;    0.5;   -1.8;eor
       2483;20190516;    3;  10.5;   5.3;    3;   7.4;   6;    0.400;   0;   7.8;   6.7;  916.10;    3.7;   84.04;    7.4;    2.6;    2.3;eor
       2483;20190517;    3;  12.1;   5.3;    3;   0.0;   6;    0.317;-999;   7.0;   8.7;  909.36;    5.6;   94.63;    8.8;    3.2;    3.2;eor
       2483;20190518;    3;   7.4;   3.9;    3;   0.0;   6;    9.367;-999;   7.0;   9.3;  908.65;   12.4;   65.71;   16.6;    7.9;    6.2;eor
       2483;20190519;    3;   9.1;   4.1;    3;   0.0;   6;    6.000;-999;   7.1;  10.1;  907.83;   13.3;   66.38;   16.9;    9.7;    5.9;eor
       2483;20190520;    3;  16.3;   7.0;    3;  64.6;   8;    0.183;-999;   7.5;  11.8;  907.87;   10.6;   92.67;   12.0;    9.0;    6.8;eor
       2483;20190521;    3;  18.3;  10.5;    3;   5.8;   6;    0.033;-999;   7.5;  11.2;  911.16;    9.0;   97.88;   10.0;    7.5;    7.5;eor
       2483;20190522;    3;  13.2;   6.3;    3;   0.3;   6;    3.950;-999;   7.1;   9.1;  918.60;    7.9;   86.50;   11.0;    5.8;    5.1;eor
       2483;20190523;    3;  10.1;   3.5;    3;   0.0;   0;   11.367;-999;   7.3;   8.3;  919.71;   11.8;   61.00;   15.9;    7.1;    2.2;eor
       2483;20190524;    3;   9.6;   4.0;    3;   0.0;   6;    7.900;-999;   7.3;   8.3;  917.08;   13.6;   53.29;   18.3;    9.1;    5.2;eor
       2483;20190525;    3;   9.2;   4.5;    3;   0.0;   0;   10.283;-999;   4.3;   8.5;  917.48;    9.3;   72.96;   13.7;    6.2;    3.7;eor
       2483;20190526;    3;  12.7;   5.7;    3;   2.3;   6;    5.600;-999;   7.0;   9.6;  915.65;   11.4;   71.71;   15.9;    7.3;    4.2;eor
       2483;20190527;    3;  13.9;   4.9;    3;   2.6;   6;    0.667;-999;   7.7;  10.7;  910.94;   10.4;   84.46;   12.6;    8.7;    5.6;eor
       2483;20190528;    3;  12.1;   3.6;    3;  10.9;   6;    1.500;-999;   7.5;   8.8;  910.34;    7.8;   83.58;   10.4;    4.1;    4.2;eor
       2483;20190529;    3;  10.5;   4.1;    3;   0.0;   0;    9.700;-999;   3.9;   6.8;  921.00;    7.6;   67.46;   12.0;    2.1;    1.3;eor
       2483;20190530;    3;  14.5;   6.8;    3;   0.0;   6;    0.750;-999;   7.4;  10.5;  924.45;   10.3;   82.83;   13.6;    6.5;    5.4;eor
       2483;20190531;    3;  11.0;   5.0;    3;   0.0;   0;    4.350;-999;   6.8;  12.6;  925.93;   13.8;   80.25;   17.7;   10.1;    7.9;eor
       2483;20190601;    3;   7.9;   3.4;    3;   0.0;   0;   14.700;-999;   7.2;  12.5;  924.22;   16.8;   67.21;   22.4;   11.2;    7.2;eor
       2483;20190602;    3;  14.1;   6.6;    3;   0.0;   0;   14.933;-999;   1.9;  11.7;  919.59;   20.5;   50.00;   24.7;   15.8;   12.7;eor
       2483;20190603;    3;  20.8;   4.6;    3;   3.9;   8;    6.300;-999;   5.7;  13.7;  917.11;   17.9;   67.88;   23.1;   13.5;   10.1;eor
       2483;20190604;    3;  16.9;   5.3;    3;   0.0;   0;   11.067;-999;   5.5;  14.1;  914.30;   17.5;   72.00;   21.8;   11.9;    9.9;eor
       2483;20190605;    3;  12.3;   4.7;    3;   0.8;   6;   11.050;-999;   3.5;  13.5;  911.17;   20.5;   56.04;   23.5;   17.4;   14.4;eor
       2483;20190606;    3;  19.7;   5.5;    3;   0.0;   6;    0.633;-999;   6.4;  10.7;  913.64;   10.3;   84.38;   19.3;    7.2;    2.8;eor
       2483;20190607;    3;  18.1;   7.6;    3;   8.7;   8;    9.717;-999;  -999;  10.4;  914.34;   11.1;   79.38;   18.8;    6.9;    4.2;eor
       2483;20190608;    3;  22.2;   9.4;    3;   0.0;   0;    4.317;-999;   5.7;   8.3;  919.85;    9.1;   72.58;   12.8;    6.6;    5.4;eor
       2483;20190609;    3;   9.4;   4.1;    3;   0.0;   0;   11.417;-999;   6.9;   9.4;  923.24;   12.6;   65.79;   17.4;    6.4;    4.2;eor
       2483;20190610;    1;  10.3;   5.0;    1;   7.2;   6;    4.350;-999;   7.9;  12.6;  915.35;   14.9;   74.92;   18.7;   12.1;   11.0;eor
       2483;20190611;    1;   8.5;   3.5;    1;   0.0;   6;    0.183;-999;   7.8;  13.0;  913.62;   11.9;   93.25;   14.1;   10.1;   10.2;eor
       2483;20190612;    1;  15.3;   6.0;    1;   9.0;   6;    2.250;-999;   6.5;  12.4;  912.33;   11.5;   90.63;   13.1;    9.7;    7.6;eor
       2483;20190613;    1;  17.1;   7.4;    1;   0.0;   6;    8.683;-999;   3.8;   9.3;  915.93;   12.5;   65.04;   16.5;    8.4;    6.7;eor
       2483;20190614;    1;  16.0;   6.4;    1;   0.0;   6;    7.950;-999;   5.2;  11.8;  917.76;   16.6;   62.17;   22.0;   11.8;    9.7;eor
       2483;20190615;    1;  14.4;   5.8;    1;   1.7;   6;    7.550;-999;   5.6;  12.7;  915.83;   15.3;   72.96;   17.9;   12.4;    6.7;eor
       2483;20190616;    1;  11.9;   3.2;    1;   0.0;   0;    3.700;-999;   6.4;  11.6;  922.23;   13.7;   74.71;   17.5;   11.1;    6.9;eor
       2483;20190617;    1;   8.8;   3.7;    1;   0.0;   0;   12.100;-999;   1.8;  11.7;  922.84;   16.3;   63.38;   20.2;   12.0;    5.4;eor
       2483;20190618;    1;  10.0;   4.5;    1;   0.0;   0;    8.900;-999;   6.1;  13.1;  918.46;   19.2;   59.79;   23.1;   14.9;   12.6;eor
       2483;20190619;    1;-999;   5.8;    1;   5.7;   4;   14.000;-999;   5.0;  13.3;  913.70;   21.0;   54.67;   25.1;   14.1;   12.1;eor
       2483;20190620;    1;-999;-999;    1;   9.2;   4;   11.100;-999;  -999;  -999;    -999;   14.2;-999;   22.0;   10.3;    8.1;eor
       2483;20190621;    1;-999;-999;    1;   0.0;   0;    2.800;-999;  -999;  -999;    -999;   13.8;-999;   16.9;   10.6;    7.9;eor
       2483;20190622;    1;-999;-999;    1;   0.0;   0;   12.000;-999;   5.0;  12.2;  922.43;   14.5;   74.00;   19.1;    9.4;    7.8;eor
       2483;20190623;    1;-999;-999;    1;   0.0;   0;   13.200;-999;   2.7;  11.4;  922.80;   18.0;   57.08;   22.3;   13.2;   11.3;eor
       2483;20190624;    1;-999;-999;    1;   0.0;   0;   13.000;-999;   5.2;  14.6;  923.94;   19.9;   62.88;   24.4;   15.5;   14.2;eor
       2483;20190625;    1;  13.8;   6.6;    1;   0.0;   0;   14.417;-999;   5.1;  15.5;  923.81;   23.0;   55.25;   27.8;   18.1;   16.4;eor
       2483;20190626;    1;  12.0;   4.9;    1;   0.0;   0;   14.317;-999;   0.4;  18.7;  926.92;   23.1;   67.13;   27.9;   14.5;   13.6;eor
       2483;20190627;    1;  10.7;   5.3;    1;   0.0;   0;   14.067;-999;   1.8;  11.2;  927.83;   15.3;   67.63;   20.4;    9.2;    8.0;eor
       2483;20190628;    1;   8.2;   3.8;    1;   0.0;   0;   14.783;-999;   1.2;  10.8;  926.13;   15.3;   64.96;   22.2;    7.5;    6.6;eor
       2483;20190629;    1;  10.0;   4.9;    1;   0.0;   0;   15.233;-999;   0.0;   9.5;  923.26;   20.8;   41.21;   27.0;   13.5;   11.2;eor
       2483;20190630;    1;  13.5;   6.9;    1;   0.1;   6;   14.117;-999;   2.3;  13.6;  919.04;   23.6;   46.54;   30.1;   15.7;   12.5;eor
       2483;20190701;    1;  15.5;   5.6;    1;   0.0;   0;   10.517;-999;   4.5;  11.4;  919.81;   15.9;   63.75;   20.5;    9.5;    8.1;eor
       2483;20190702;    1;  11.0;   5.1;    1;   0.0;   6;    5.767;-999;   3.8;   9.4;  923.19;   11.6;   69.58;   16.0;    8.2;    6.0;eor
       2483;20190703;    1;  10.2;   4.4;    1;   0.0;   0;   10.883;-999;   2.4;   8.5;  924.83;   11.2;   65.08;   14.9;    7.9;    3.9;eor
       2483;20190704;    1;   7.0;   3.5;    1;   0.0;   0;   14.150;-999;   4.2;   8.2;  924.13;   13.1;   56.46;   19.2;    6.8;    4.2;eor
       2483;20190705;    1;  14.1;   5.7;    1;   0.0;   0;    7.433;-999;   5.2;  10.2;  919.38;   15.5;   58.54;   20.7;   11.4;   10.8;eor
       2483;20190706;    1;  14.4;   6.3;    1;   0.4;   6;    7.517;-999;   7.1;  11.2;  914.20;   15.3;   66.88;   22.0;    9.1;    9.1;eor
       2483;20190707;    1;  11.1;   5.7;    1;   0.0;   6;    2.367;-999;   7.2;   8.9;  915.41;    9.6;   75.63;   13.3;    7.0;    5.6;eor
       2483;20190708;    1;  12.5;   5.8;    1;   0.1;   6;    1.450;-999;   6.2;   8.8;  919.03;    8.3;   80.50;   11.8;    5.4;    4.0;eor
       2483;20190709;    1;  10.4;   5.0;    1;   0.0;   6;    3.167;-999;   5.7;   8.4;  920.62;    8.8;   75.08;   12.9;    5.9;    3.3;eor
