STATIONS_ID;MESS_DATUM;QN_3;  FX;  FM;QN_4; RSK;RSKF; SDK;SHK_TAG;  NM; VPM;  PM; TMK; UPM; TXK; TNK; TGK;eor
       5397;20180106;   10;   5.0;   1.5;    3;   0.0;   0;    0.000;   0;   6.1;   8.9;  957.39;    6.0;   94.96;    8.1;    2.1;   -0.6;eor
       5397;20180107;   10;  11.4;   3.0;    3;   0.0;   0;    0.000;   0;   7.8;   7.7;  968.00;    4.7;   90.50;    6.1;    2.8;   -0.5;eor
       5397;20180108;   10;  15.7;   3.5;    3;   0.0;   0;    0.000;   0;   7.1;   6.9;  971.60;    4.0;   84.21;    5.1;    3.2;    2.7;eor
       5397;20180109;   10;  12.6;   2.3;    3;   0.0;   6;    0.117;   0;   4.6;   7.9;  963.43;    5.6;   86.71;    8.3;    1.8;   -2.7;eor
       5397;20180110;   10;   2.9;   0.9;    3;   0.0;   0;    0.000;   0;   7.2;   6.5;  961.92;    0.9;   99.67;    3.2;   -0.7;   -3.0;eor
       5397;20180111;   10;   2.5;   0.9;    3;   0.0;   6;    0.000;   0;   8.0;   6.1;  964.80;    0.2;   98.71;    1.6;   -1.3;   -1.4;eor
       5397;20180112;   10;   4.4;   0.8;    3;   0.0;   0;    0.000;   0;   7.3;   6.5;  972.63;    1.4;   96.00;    3.3;   -0.7;   -3.5;eor
       5397;20180113;   10;  10.6;   3.0;    3;   0.0;   6;    0.000;   0;   7.9;   5.4;  973.39;    0.9;   82.88;    2.9;   -1.1;   -1.9;eor
       5397;20180114;   10;  11.0;   3.5;    3;   0.0;   0;    0.000;   0;   7.9;   4.6;  970.90;   -0.2;   76.79;    0.5;   -1.3;   -2.9;eor
       5397;20180115;   10;  12.8;   2.6;    3;   7.6;   8;    1.450;   0;   6.6;   4.7;  964.39;   -0.2;   78.29;    1.7;   -1.9;   -5.0;eor
       5397;20180116;   10;  13.5;   3.8;    3;  23.0;   8;    0.483;   0;   7.0;   6.7;  946.20;    1.9;   94.75;    4.7;    0.0;   -2.1;eor
       5397;20180117;   10;  18.6;   4.3;    3;   2.8;   8;    0.200;   5;   6.5;   5.5;  949.19;    0.2;   89.00;    1.1;   -0.7;   -3.6;eor
       5397;20180118;   10;  16.4;   5.0;    3;   4.0;   8;    0.000;   7;   6.6;   6.0;  951.33;    2.2;   83.21;    6.3;   -0.3;   -2.6;eor
       5397;20180119;   10;  10.5;   2.7;    3;   1.4;   8;    0.017;   2;   6.9;   5.8;  956.22;    0.9;   88.63;    2.1;   -0.8;   -4.1;eor
       5397;20180120;   10;   5.9;   2.2;    3;   7.0;   8;    0.000;   2;  -999;   5.8;  955.17;    0.4;   92.25;    1.3;   -0.6;   -2.0;eor
       5397;20180121;   10;   7.5;   1.3;    3;   3.4;   8;    0.350;   9;   7.2;   5.6;  958.85;   -0.4;   93.83;    1.1;   -2.8;   -7.6;eor
       5397;20180122;   10;   6.7;   2.0;    3;   0.9;   8;    0.000;  11;  -999;   5.5;  960.32;   -0.6;   94.04;    1.1;   -1.9;   -2.6;eor
       5397;20180123;   10;   6.4;   2.2;    3;   0.5;   6;    0.000;   8;   7.6;   6.9;  971.30;    2.7;   93.21;    4.0;    0.9;   -0.2;eor
       5397;20180124;   10;   8.0;   2.8;    3;   0.2;   6;    0.317;   0;   5.2;   7.7;  971.13;    4.2;   92.71;    6.5;    2.7;    0.3;eor
       5397;20180125;   10;   7.3;   2.1;    3;   0.0;   0;    0.267;   0;   4.3;   7.2;  965.71;    5.2;   81.88;    8.6;    1.9;    0.2;eor
       5397;20180126;   10;   4.6;   1.2;    3;   0.1;   6;    2.100;   0;   3.5;   7.0;  966.30;    4.0;   86.46;    7.6;    1.5;   -0.8;eor
       5397;20180127;   10;   7.1;   1.4;    3;   0.4;   6;    0.000;   0;   7.8;   7.2;  977.68;    3.1;   94.29;    4.8;    1.3;    0.2;eor
       5397;20180128;   10;  10.7;   3.6;    3;   0.3;   6;    0.000;   0;   7.8;   7.6;  979.83;    4.8;   88.17;    6.2;    2.3;    2.0;eor
       5397;20180129;   10;  13.8;   4.0;    3;   0.7;   6;    0.000;   0;   7.8;   8.4;  975.78;    6.4;   87.17;    7.6;    5.5;    4.8;eor
       5397;20180130;   10;  11.8;   2.8;    3;   0.0;   6;    6.600;   0;   1.7;   6.1;  975.06;    3.6;   76.54;    7.0;   -0.8;   -5.2;eor
       5397;20180131;   10;   9.2;   3.2;    3;   9.4;   6;    0.667;   0;   7.3;   7.3;  961.72;    4.5;   86.08;    8.4;   -0.6;   -2.0;eor
       5397;20180201;   10;  11.9;   2.6;    3;   1.5;   8;    0.000;   0;   6.4;   6.7;  951.75;    2.1;   92.88;    4.7;   -0.6;   -3.3;eor
       5397;20180202;   10;   7.5;   2.6;    3;   0.1;   8;    1.717;   0;   6.5;   5.5;  954.61;    0.6;   86.46;    2.7;   -1.9;   -5.5;eor
       5397;20180203;   10;   6.4;   1.8;    3;   1.7;   7;    0.333;   0;   6.8;   5.6;  954.24;    0.4;   88.58;    2.7;   -3.3;   -8.0;eor
       5397;20180204;   10;   7.9;   1.2;    3;   0.0;   0;    1.233;   0;   3.8;   4.6;  963.17;   -2.9;   92.17;   -0.5;   -6.3;  -10.2;eor
       5397;20180205;   10;   9.1;   2.8;    3;   0.0;   0;    2.217;   0;   3.7;   4.0;  970.83;   -2.1;   77.38;   -0.1;   -4.3;   -7.7;eor
       5397;20180206;   10;   9.2;   2.1;    3;   0.0;   0;    4.967;   0;   1.0;   3.7;  962.84;   -2.7;   74.50;   -0.6;   -5.7;   -8.5;eor
       5397;20180207;   10;   9.5;   2.6;    3;   0.0;   8;    0.283;   0;   5.6;   4.3;  960.48;   -2.2;   81.92;    0.1;   -4.8;   -8.0;eor
       5397;20180208;   10;   5.9;   1.9;    3;   0.0;   0;    0.000;   0;   8.0;   4.5;  965.50;   -1.2;   79.58;    0.6;   -2.5;   -4.1;eor
       5397;20180209;   10;   4.4;   1.2;    3;   0.0;   8;    0.000;   0;   8.0;   4.6;  964.50;   -1.4;   84.08;   -0.5;   -2.9;   -5.9;eor
       5397;20180210;   10;   5.1;   1.5;    3;   0.0;   8;    0.000;   0;   7.8;   4.9;  963.97;   -0.7;   83.67;    0.1;   -1.7;   -2.2;eor
       5397;20180211;   10;   9.7;   2.7;    3;   1.0;   8;    0.100;   0;   7.7;   5.5;  956.46;    0.5;   86.75;    2.0;   -0.4;   -0.9;eor
       5397;20180212;   10;   8.9;   2.3;    3;   0.6;   8;    0.733;   0;   6.8;   5.3;  960.63;   -0.2;   88.38;    1.8;   -2.1;   -5.0;eor
       5397;20180213;   10;   4.5;   1.5;    3;   0.0;   0;    4.150;   0;   4.3;   4.0;  964.07;   -1.7;   75.21;    2.1;   -5.0;   -9.2;eor
       5397;20180214;   10;   5.7;   1.3;    3;   0.0;   0;    8.317;   0;   1.7;   3.5;  965.86;   -2.7;   71.42;    3.3;   -8.0;  -10.7;eor
       5397;20180215;   10;   9.8;   2.2;    3;   3.3;   8;    0.717;   0;   3.1;   4.1;  967.20;   -1.8;   77.08;    1.7;   -6.8;   -9.9;eor
       5397;20180216;   10;   4.5;   1.1;    3;   0.0;   8;    0.067;   3;   7.1;   5.8;  972.29;    0.4;   93.13;    2.2;   -3.6;   -7.4;eor
       5397;20180217;   10;   8.5;   1.9;    3;   0.0;   7;    0.000;   0;   6.3;   4.7;  969.96;   -1.9;   88.33;    0.9;   -4.9;   -7.7;eor
       5397;20180218;   10;   7.7;   2.3;    3;   0.0;   0;    6.450;   0;   2.3;   4.3;  973.80;   -0.7;   73.92;    3.6;   -4.6;   -8.4;eor
       5397;20180219;   10;   7.8;   1.7;    3;   0.0;   0;    7.700;   0;   0.0;   3.9;  967.42;   -1.7;   72.25;    3.2;   -5.9;   -9.8;eor
       5397;20180220;   10;   6.1;   2.2;    3;   0.3;   8;    0.000;   0;  -999;   4.3;  963.98;   -2.0;   82.67;   -0.3;   -4.1;   -8.8;eor
       5397;20180221;   10;  11.1;   3.5;    3;   0.0;   0;    9.033;   1;   2.8;   3.6;  967.17;   -1.8;   68.92;    3.9;   -5.7;   -7.3;eor
       5397;20180222;   10;  14.1;   5.5;    3;   0.0;   0;    6.900;   0;   3.2;   3.1;  966.73;   -2.7;   62.29;    0.8;   -4.9;   -6.4;eor
       5397;20180223;   10;  12.4;   4.7;    3;   0.0;   0;    9.283;   0;   1.3;   2.9;  966.40;   -3.5;   62.92;    0.6;   -6.3;   -8.8;eor
       5397;20180224;   10;  14.6;   5.8;    3;   0.0;   7;    8.233;   0;   0.8;   2.4;  970.37;   -5.1;   59.67;   -0.3;   -8.5;  -10.1;eor
       5397;20180225;   10;   9.9;   4.0;    3;   0.0;   7;    9.300;   0;   0.9;   1.8;  972.46;   -8.1;   55.33;   -3.4;  -11.7;  -15.1;eor
       5397;20180226;   10;  10.4;   4.0;    3;   0.0;   7;    7.817;   0;   3.8;   1.6;  969.15;   -9.5;   56.17;   -4.8;  -12.4;  -16.1;eor
       5397;20180227;   10;   8.4;   2.6;    3;   0.0;   7;    7.300;   0;   1.2;   1.6;  964.53;  -10.9;   61.13;   -6.8;  -14.1;  -17.3;eor
       5397;20180228;   10;  16.8;   3.3;    3;   0.0;   7;    3.500;   0;   2.4;   1.6;  966.31;  -11.5;   65.04;   -8.0;  -15.5;  -18.6;eor
       5397;20180301;   10;  16.6;   5.3;    3;   0.0;   7;    8.033;   0;   0.8;   1.8;  957.57;   -8.5;   58.21;   -3.1;  -12.8;  -14.4;eor
       5397;20180302;   10;  12.2;   4.0;    3;   0.1;   7;    7.533;   0;   5.3;   2.5;  947.82;   -6.6;   66.38;   -3.2;   -9.6;  -11.7;eor
       5397;20180303;   10;   6.8;   2.2;    3;   1.0;   8;    3.833;   1;   4.7;   3.4;  948.28;   -2.8;   67.46;    1.5;   -6.6;   -9.8;eor
       5397;20180304;   10;   5.6;   1.5;    3;   0.0;   8;    3.267;   2;   5.1;   4.4;  950.53;   -1.0;   77.42;    4.7;   -4.7;   -8.4;eor
       5397;20180305;   10;   9.3;   2.2;    3;   0.0;   7;    2.317;   1;   4.8;   4.7;  947.41;    0.6;   72.58;    5.3;   -1.6;   -4.2;eor
       5397;20180306;   10;   7.2;   2.1;    3;   1.7;   8;    0.000;   1;   8.0;   5.1;  941.26;   -0.2;   84.42;    2.8;   -2.3;   -2.2;eor
       5397;20180307;   10;   8.8;   2.6;    3;   1.0;   6;    0.433;   1;   7.6;   6.7;  945.47;    3.9;   83.58;    8.1;    0.1;   -2.0;eor
       5397;20180308;   10;  11.2;   3.3;    3;   2.9;   8;    3.383;   1;   6.2;   5.8;  953.98;    5.0;   67.04;    9.0;    3.0;    0.1;eor
       5397;20180309;   10;   9.1;   2.0;    3;   3.8;   8;    0.000;   1;   7.9;   6.9;  958.20;    2.6;   93.67;    5.0;    0.5;   -0.2;eor
       5397;20180310;   10;   6.9;   2.1;    3;   1.5;   6;    1.433;   0;   7.4;   8.7;  955.76;    7.2;   86.79;   11.5;    2.4;    1.4;eor
       5397;20180311;   10;   9.1;   1.8;    3;   4.4;   6;    6.650;   0;   4.0;   9.2;  949.07;   10.7;   73.88;   17.3;    3.7;    0.2;eor
       5397;20180312;   10;   9.3;   2.3;    3;   7.7;   6;    0.000;   0;   7.7;   9.7;  945.12;    7.9;   90.42;    9.7;    5.7;    4.1;eor
       5397;20180313;   10;  10.7;   3.7;    3;   1.5;   6;    0.150;   0;   7.6;   8.0;  952.98;    6.6;   82.71;    9.9;    3.3;    2.7;eor
       5397;20180314;   10;   8.8;   2.3;    3;   0.2;   6;    0.000;   0;   7.2;   6.4;  959.68;    2.9;   84.50;    5.1;   -1.1;   -4.9;eor
       5397;20180315;   10;  15.9;   4.2;    3;   1.6;   6;    8.950;   0;   1.8;   6.1;  951.64;    3.8;   76.25;    8.1;   -0.6;   -4.1;eor
       5397;20180316;   10;   8.7;   2.0;    3;   4.6;   8;    0.233;   0;   7.9;   8.0;  950.31;    5.0;   91.25;    8.5;    0.2;    0.2;eor
       5397;20180317;   10;  17.5;   5.1;    3;   0.0;   8;    0.000;   1;   7.8;   4.3;  950.99;   -2.2;   81.58;    0.2;   -4.9;   -4.4;eor
       5397;20180318;   10;  19.5;   7.0;    3;   0.0;   0;    0.000;   0;   7.4;   2.9;  954.31;   -4.6;   65.92;   -2.8;   -5.9;   -5.4;eor
       5397;20180319;   10;   8.9;   3.4;    3;   0.0;   0;    8.917;   0;   4.5;   2.6;  957.85;   -4.3;   59.38;    0.0;   -8.4;   -9.4;eor
       5397;20180320;   10;   9.7;   2.6;    3;   0.2;   8;    6.317;   0;   4.5;   3.4;  962.51;   -2.5;   68.04;    3.0;   -8.6;  -11.5;eor
       5397;20180321;   10;   7.8;   2.8;    3;   0.0;   0;   11.000;   0;   0.7;   3.2;  972.53;   -0.8;   58.88;    4.3;   -4.8;   -8.6;eor
       5397;20180322;   10;   9.4;   2.3;    3;   1.2;   8;    0.000;   0;   5.0;   4.1;  965.25;   -0.8;   69.50;    3.1;   -5.6;   -9.2;eor
       5397;20180323;   10;   5.4;   1.6;    3;   0.0;   8;    0.083;   0;   7.9;   6.2;  956.24;    2.1;   88.63;    5.5;    0.0;   -0.6;eor
       5397;20180324;   10;  11.2;   2.6;    3;   0.0;   0;    8.500;   0;   2.9;   5.3;  952.51;    2.9;   72.29;    7.9;   -1.4;   -5.6;eor
       5397;20180325;   10;   7.4;   1.5;    3;   0.0;   0;   11.183;   0;   0.2;   5.1;  955.37;    3.8;   66.42;   12.0;   -2.9;   -7.3;eor
       5397;20180326;   10;   6.9;   1.4;    3;   0.0;   6;    0.300;   0;   6.8;   5.7;  960.91;    3.5;   74.42;    8.5;   -1.2;   -4.8;eor
       5397;20180327;   10;  10.8;   1.8;    3;   0.0;   6;    3.450;   0;   6.7;   5.7;  961.87;    4.3;   70.67;    8.8;    0.6;   -1.6;eor
       5397;20180328;   10;   8.8;   2.9;    3;   6.7;   6;    0.017;   0;   7.3;   8.3;  953.55;    6.1;   87.33;   10.3;    2.5;    2.2;eor
       5397;20180329;   10;  12.1;   3.1;    3;   0.0;   8;    2.583;   0;   5.9;   6.0;  955.35;    4.9;   69.46;    9.0;   -0.9;   -4.4;eor
       5397;20180330;   10;  13.7;   2.7;    3;   0.0;   0;    9.933;   0;   1.6;   6.3;  953.17;    6.3;   68.08;   13.6;   -2.0;   -5.1;eor
       5397;20180331;   10;   9.2;   2.2;    3;   0.0;   6;    0.000;   0;   6.9;   7.9;  947.30;    6.3;   82.46;    9.3;    2.0;   -2.5;eor
       5397;20180401;   10;  20.5;   3.5;    3;   3.7;   8;    1.683;   0;   7.1;   7.1;  954.59;    4.1;   86.88;    9.6;    1.4;   -3.2;eor
       5397;20180402;   10;   9.6;   2.4;    3;   0.0;   6;    7.183;   0;   4.4;   6.6;  959.57;    7.2;   68.08;   12.6;    2.2;    0.0;eor
       5397;20180403;   10;   9.9;   2.5;    3;   0.0;   0;   10.367;   0;   3.2;   7.9;  955.75;   13.3;   53.50;   20.6;    5.2;    3.1;eor
       5397;20180404;   10;  16.5;   2.3;    3;   0.0;   6;    8.683;   0;   1.9;   8.7;  954.89;   13.2;   61.08;   21.4;    6.1;    1.8;eor
       5397;20180405;   10;  12.2;   3.9;    3;   2.2;   6;    1.033;   0;   6.4;   7.9;  961.35;    8.6;   70.88;   12.9;    4.4;    3.6;eor
       5397;20180406;   10;  10.8;   3.3;    3;   0.0;   0;   12.217;   0;   0.5;   4.4;  970.52;    6.4;   49.13;   11.8;   -1.5;   -4.4;eor
       5397;20180407;   10;  11.4;   3.3;    3;   0.0;   0;   12.300;   0;   0.0;   6.3;  964.67;   11.5;   46.25;   19.4;    3.0;   -2.6;eor
       5397;20180408;   10;   8.2;   2.4;    3;   0.0;   0;   12.017;   0;   0.4;   8.4;  959.94;    9.7;   70.50;   15.3;    4.3;    0.0;eor
       5397;20180409;   10;   7.5;   1.4;    3;   0.0;   0;    5.433;   0;   0.1;   9.4;  955.03;   11.7;   70.71;   20.3;    2.1;   -1.8;eor
       5397;20180410;   10;  11.7;   2.4;    3;   6.5;   6;   10.667;   0;   2.2;   9.6;  952.59;   13.4;   65.54;   20.0;    6.3;    0.9;eor
       5397;20180411;   10;   9.8;   2.1;    3;   0.2;   6;    5.883;   0;   4.3;  11.1;  955.48;   12.6;   76.92;   17.8;    9.0;    6.7;eor
       5397;20180412;   10;  11.7;   2.9;    3;   0.0;   0;    4.350;   0;   1.4;   9.9;  951.21;   16.0;   55.63;   21.1;   10.7;    8.6;eor
       5397;20180413;   10;  16.0;   2.9;    3;   0.0;   6;    3.383;   0;   5.8;   9.5;  956.68;   12.3;   67.33;   19.3;    8.5;    5.3;eor
       5397;20180414;   10;   8.1;   2.0;    3;   0.0;   0;   10.583;   0;   1.1;   8.5;  967.97;   12.1;   63.04;   19.1;    5.8;    1.7;eor
       5397;20180415;   10;   4.6;   1.2;    3;   0.5;   6;    2.383;   0;   3.0;   9.9;  961.87;   12.7;   68.71;   19.7;    5.5;    1.3;eor
       5397;20180416;   10;   5.3;   1.5;    3;   1.1;   6;    0.367;   0;   6.6;  12.7;  963.26;   12.1;   89.67;   15.0;    7.9;    4.4;eor
       5397;20180417;   10;   5.1;   1.2;    3;   0.0;   4;    8.350;   0;   3.9;  10.6;  974.05;   12.9;   74.92;   20.5;    6.1;    4.3;eor
       5397;20180418;   10;   6.6;   1.5;    3;   0.0;   0;   12.850;   0;   0.0;   9.3;  979.96;   14.9;   60.21;   23.2;    6.4;    1.7;eor
       5397;20180419;   10;   8.6;   1.9;    3;   0.0;   0;   12.917;   0;   0.0;   8.6;  978.18;   16.7;   48.17;   24.3;    7.1;    1.6;eor
       5397;20180420;   10;   9.9;   1.7;    3;   0.0;   0;   12.633;   0;   0.0;  10.4;  973.11;   18.8;   52.42;   27.9;    8.8;    3.4;eor
       5397;20180421;   10;   7.4;   1.7;    3;   0.0;   0;   11.617;   0;   0.7;  11.3;  968.15;   17.8;   58.83;   26.8;    8.6;    4.1;eor
       5397;20180422;   10;   6.2;   1.4;    3;   0.0;   6;    9.617;   0;   1.1;  12.0;  964.82;   18.3;   60.21;   26.2;   10.5;    6.0;eor
       5397;20180423;   10;  14.3;   2.3;    3;   2.4;   8;    4.500;   0;   4.6;  12.7;  964.38;   15.9;   70.92;   23.0;   12.0;    8.7;eor
       5397;20180424;   10;  11.0;   2.8;    3;   0.0;   0;    7.683;   0;   3.3;  10.9;  965.92;   14.9;   66.13;   19.6;   10.2;    5.0;eor
       5397;20180425;   10;  15.2;   3.9;    3;   0.0;   6;    6.933;   0;   3.4;  10.4;  961.39;   14.5;   64.92;   20.8;    8.7;    3.7;eor
       5397;20180426;   10;  14.6;   3.9;    3;   0.0;   6;    6.217;   0;   4.7;   7.2;  965.33;   10.3;   58.71;   14.5;    3.9;   -1.4;eor
       5397;20180427;   10;   9.8;   1.6;    3;   0.0;   0;   10.317;   0;   0.7;   7.2;  962.60;   10.9;   58.88;   19.9;    0.7;   -2.6;eor
       5397;20180428;   10;   6.2;   1.7;    3;   0.0;   0;    8.650;   0;   2.0;   9.7;  961.47;   14.9;   58.96;   21.4;    8.4;    4.5;eor
       5397;20180429;   10;  11.3;   3.0;    3;   0.0;   0;   12.500;   0;   1.4;  11.7;  956.59;   18.6;   57.00;   26.9;    9.9;    5.7;eor
       5397;20180430;   10;  13.0;   2.9;    3;   0.1;   6;    4.750;   0;   4.5;   8.9;  954.05;   15.2;   51.83;   19.1;   10.7;    6.3;eor
       5397;20180501;   10;   9.1;   2.5;    3;   0.0;   0;    4.000;-999;   4.5;   7.9;  961.32;   10.5;   62.75;   15.1;    4.7;   -0.3;eor
       5397;20180502;   10;   7.8;   2.0;    3;   0.0;   0;    4.117;-999;   4.0;   9.6;  960.25;   13.0;   64.50;   20.1;    5.3;    4.6;eor
       5397;20180503;   10;  10.1;   3.5;    3;   0.0;   0;    3.817;-999;   6.0;  10.9;  961.93;   14.2;   68.33;   18.6;    9.4;    6.5;eor
       5397;20180504;   10;  10.4;   3.7;    3;   0.0;   0;   10.150;-999;   1.7;  10.4;  967.74;   14.6;   63.75;   21.0;    8.8;    4.8;eor
       5397;20180505;   10;  10.5;   3.4;    3;   0.0;   0;   13.500;-999;   0.2;   9.5;  971.06;   15.6;   54.08;   22.8;    8.5;    4.4;eor
       5397;20180506;   10;  10.8;   3.3;    3;   0.0;   0;   13.850;-999;   0.0;   7.2;  971.60;   15.0;   43.58;   21.5;    7.4;    1.1;eor
       5397;20180507;   10;  11.5;   4.2;    3;   0.0;   0;   13.950;-999;   0.0;   8.1;  967.90;   17.2;   43.71;   23.6;    9.9;    5.1;eor
       5397;20180508;   10;  12.6;   3.8;    3;   0.0;   0;   12.933;-999;   0.5;   9.4;  961.80;   17.5;   48.38;   24.1;    9.8;    2.1;eor
       5397;20180509;   10;  11.1;   3.2;    3;   1.8;   6;    9.733;-999;   2.8;  11.2;  957.28;   17.0;   59.25;   24.8;   10.8;    5.6;eor
       5397;20180510;   10;  14.9;   2.0;    3;   0.3;   6;    9.667;-999;   3.0;  12.1;  959.64;   15.7;   70.29;   24.1;    9.5;    3.7;eor
       5397;20180511;   10;   7.1;   1.8;    3;   0.0;   0;    4.250;-999;   6.2;  12.6;  967.19;   14.8;   76.67;   21.9;   10.6;   10.7;eor
       5397;20180512;   10;   7.8;   1.8;    3;   0.0;   6;    7.517;-999;   2.8;  13.3;  964.11;   18.1;   66.38;   25.5;   12.0;    7.5;eor
       5397;20180513;   10;  13.4;   4.4;    3;   0.0;   6;    9.900;-999;   2.3;  13.2;  958.33;   19.7;   59.71;   26.4;   12.8;    7.3;eor
       5397;20180514;   10;  14.8;   6.1;    3;   0.0;   6;    8.667;-999;   2.9;  10.7;  957.92;   18.9;   50.92;   26.4;   11.9;    8.9;eor
       5397;20180515;   10;  13.5;   4.7;    3;   0.5;   6;    9.283;-999;   3.1;   9.4;  960.44;   14.7;   57.50;   20.7;   11.1;    9.6;eor
       5397;20180516;   10;   7.9;   2.3;    3;   1.8;   6;    1.317;-999;   7.0;  11.4;  961.21;   12.7;   78.38;   15.5;   10.3;    8.2;eor
       5397;20180517;   10;   8.9;   2.3;    3;   0.0;   0;    2.100;-999;   6.4;  12.0;  964.15;   13.5;   78.04;   17.6;    9.8;    4.1;eor
       5397;20180518;   10;   8.0;   2.5;    3;   0.0;   0;   13.117;-999;   2.0;   9.6;  967.29;   14.2;   62.67;   21.1;    7.5;    2.7;eor
       5397;20180519;   10;   8.5;   1.8;    3;   1.2;   6;    6.633;-999;   3.2;  11.0;  968.58;   12.6;   76.13;   20.0;    5.6;    1.2;eor
       5397;20180520;   10;  15.8;   4.9;    3;   0.0;   0;   12.483;-999;   3.4;   9.2;  969.46;   16.3;   53.00;   21.5;   10.6;    8.4;eor
       5397;20180521;   10;  15.4;   5.7;    3;   0.0;   0;   11.333;-999;   0.6;  10.2;  964.92;   17.9;   51.13;   24.4;   12.6;   11.1;eor
       5397;20180522;   10;  11.3;   2.9;    3;   0.0;   0;   12.517;-999;   1.0;  10.2;  962.38;   19.1;   48.50;   25.3;   10.2;    3.7;eor
       5397;20180523;   10;  13.9;   2.1;    3;  11.7;   8;    0.733;-999;   4.7;  14.3;  965.95;   16.8;   75.29;   24.7;   12.6;    7.5;eor
       5397;20180524;   10;  11.6;   2.5;    3;   0.0;   6;    0.250;-999;   6.6;  15.3;  967.70;   16.4;   81.88;   19.0;   13.2;    9.8;eor
       5397;20180525;   10;  10.5;   2.2;    3;   0.0;   0;    4.300;-999;   7.0;  14.8;  968.39;   17.2;   76.08;   21.6;   12.4;    8.6;eor
       5397;20180526;   10;   9.6;   1.8;    3;   0.0;   0;   10.767;-999;   2.5;  12.9;  969.92;   20.0;   59.08;   26.6;   12.7;    7.6;eor
       5397;20180527;   10;   9.7;   2.0;    3;   0.0;   0;   10.383;-999;   0.6;  12.8;  968.43;   20.9;   55.63;   28.1;   12.8;    7.4;eor
       5397;20180528;   10;  12.7;   3.4;    3;   0.0;   0;   13.633;-999;   0.4;  15.6;  966.78;   22.2;   60.75;   29.8;   13.8;    7.6;eor
       5397;20180529;   10;   9.7;   2.4;    3;   0.9;   6;    9.933;-999;   2.0;  16.7;  963.29;   22.9;   62.04;   30.4;   17.7;   12.5;eor
       5397;20180530;   10;   9.8;   1.9;    3;   0.0;   0;    8.817;-999;   3.7;  17.2;  964.28;   21.4;   70.33;   29.6;   16.6;   11.7;eor
       5397;20180531;   10;   9.0;   1.9;    3;  11.2;   6;    8.483;-999;   2.8;  16.9;  964.02;   21.2;   71.38;   30.7;   14.9;   10.4;eor
       5397;20180601;   10;   8.3;   1.8;    3;   0.0;   6;    2.983;-999;   4.7;  16.5;  966.54;   18.3;   79.75;   23.8;   14.3;    9.7;eor
       5397;20180602;   10;   8.5;   2.1;    3;   0.0;   0;    8.433;-999;   2.6;  14.5;  967.55;   18.6;   70.17;   24.7;   12.6;    8.1;eor
       5397;20180603;   10;   6.6;   1.8;    3;   0.0;   0;   13.150;-999;   1.3;  14.1;  966.62;   19.9;   64.04;   26.7;   11.4;    7.2;eor
       5397;20180604;   10;   7.9;   2.1;    3;   0.0;   0;   11.933;-999;   1.1;  13.6;  961.37;   21.3;   57.17;   28.4;   13.3;    8.7;eor
       5397;20180605;   10;  10.1;   2.6;    3;   0.0;   0;   14.083;-999;   0.0;  13.7;  960.63;   21.3;   57.08;   28.3;   14.1;    8.6;eor
       5397;20180606;   10;   9.5;   3.0;    3;   0.0;   0;    8.517;-999;   3.2;  14.5;  962.83;   21.4;   58.63;   28.3;   13.5;    9.3;eor
       5397;20180607;   10;   9.4;   2.6;    3;   0.0;   0;   11.517;-999;   0.9;  15.0;  964.58;   21.7;   59.92;   28.9;   16.4;   11.9;eor
       5397;20180608;   10;   9.4;   2.5;    3;   0.0;   0;   10.017;-999;   1.7;  16.1;  962.15;   21.8;   63.67;   28.9;   15.1;   10.5;eor
       5397;20180609;   10;  10.8;   1.4;    3;  45.6;   8;    3.800;-999;   3.9;  18.4;  961.35;   18.9;   85.42;   26.0;   15.4;   11.6;eor
       5397;20180610;   10;   7.9;   1.9;    3;   0.0;   0;    8.250;-999;   4.3;  17.6;  960.92;   21.2;   73.38;   28.1;   14.8;   13.0;eor
       5397;20180611;   10;  14.0;   1.6;    3;  17.0;   6;    5.750;-999;   4.0;  18.1;  959.62;   19.7;   80.33;   27.6;   15.6;   12.0;eor
       5397;20180612;   10;   9.1;   2.7;    3;   0.3;   6;    3.267;-999;   7.2;  16.1;  958.55;   16.9;   83.46;   21.2;   14.3;   14.2;eor
       5397;20180613;   10;  11.3;   3.8;    3;   0.0;   6;    0.033;-999;   8.0;  11.5;  961.32;   13.7;   73.58;   16.2;   12.0;   11.6;eor
       5397;20180614;   10;   4.7;   1.3;    3;   0.0;   0;    2.400;-999;   6.2;  10.8;  965.74;   13.7;   70.50;   18.6;    9.4;    4.3;eor
       5397;20180615;   10;   6.6;   1.5;    3;   0.0;   0;    9.033;-999;   3.5;  11.1;  966.19;   16.1;   63.58;   22.8;    6.7;    2.9;eor
       5397;20180616;   10;   5.2;   1.3;    3;   0.0;   0;    8.583;-999;   4.1;  11.9;  965.45;   18.8;   58.50;   25.7;   11.1;    6.8;eor
       5397;20180617;   10;  10.1;   2.2;    3;   0.0;   6;    9.550;-999;   2.9;  13.0;  966.37;   18.2;   63.67;   24.7;   11.0;    7.3;eor
       5397;20180618;   10;   8.1;   2.2;    3;   0.0;   0;   10.200;-999;   4.1;  12.1;  970.49;   17.9;   60.46;   23.3;   11.8;    8.5;eor
       5397;20180619;   10;   6.4;   1.4;    3;   0.0;   0;    1.317;-999;   6.5;  14.2;  972.72;   18.0;   69.38;   23.8;   11.1;    7.0;eor
       5397;20180620;   10;   5.3;   1.4;    3;   0.0;   0;   11.633;-999;   2.6;  14.8;  970.40;   21.7;   60.25;   28.6;   12.8;    8.9;eor
       5397;20180621;   10;  14.7;   3.7;    3;   0.0;   0;    9.833;-999;   3.1;  13.0;  964.82;   20.0;   55.50;   27.8;   11.0;    4.7;eor
       5397;20180622;   10;  14.1;   3.6;    3;   2.9;   6;    5.933;-999;   4.5;   8.8;  970.56;   10.4;   69.71;   13.1;    6.9;    1.1;eor
       5397;20180623;   10;  10.7;   3.1;    3;   0.0;   6;    1.517;-999;   6.4;   9.3;  972.07;   11.1;   71.75;   14.3;    5.9;    2.1;eor
       5397;20180624;   10;   9.1;   2.3;    3;   0.0;   6;    2.550;-999;   7.5;  10.5;  969.27;   13.5;   69.00;   17.8;   10.0;    9.8;eor
       5397;20180625;   10;   7.1;   1.6;    3;   0.0;   6;    3.433;-999;   6.4;  10.6;  970.15;   14.7;   64.88;   21.2;    9.7;    4.7;eor
       5397;20180626;   10;   8.5;   1.8;    3;   0.0;   0;    5.667;-999;   4.7;  11.3;  971.23;   15.9;   64.67;   22.6;    8.6;    4.3;eor
       5397;20180627;   10;  11.4;   3.6;    3;   0.0;   6;   10.233;-999;   3.0;  10.7;  970.98;   16.6;   58.92;   22.6;    9.6;    4.9;eor
       5397;20180628;   10;  16.4;   3.0;    3;   4.4;   6;    0.250;-999;   6.1;  14.0;  967.74;   15.8;   78.13;   21.5;   12.3;    8.8;eor
       5397;20180629;   10;   8.8;   2.8;    3;   0.0;   0;    6.600;-999;   4.5;  14.7;  964.40;   20.5;   63.63;   27.2;   14.3;    9.9;eor
       5397;20180630;   10;  10.0;   4.1;    3;   0.0;   0;   14.467;-999;   0.2;   9.9;  964.90;   18.5;   48.54;   24.3;   11.4;    6.2;eor
       5397;20180701;   10;   9.2;   3.3;    3;   0.0;   0;   14.950;-999;   0.1;   7.4;  967.13;   15.7;   44.00;   21.7;    7.9;    2.1;eor
       5397;20180702;   10;   8.1;   2.3;    3;   0.0;   0;   14.983;-999;   0.0;   7.5;  965.77;   17.1;   41.92;   24.7;    6.5;    2.0;eor
       5397;20180703;   10;   6.9;   1.7;    3;   0.0;   0;   14.950;-999;   0.0;   7.4;  965.97;   19.5;   36.71;   28.1;    9.2;    4.3;eor
       5397;20180704;   10;   8.4;   2.0;    3;   0.0;   0;   13.867;-999;   0.7;   9.6;  964.74;   21.5;   40.58;   29.6;   10.5;    5.7;eor
       5397;20180705;   10;  11.5;   2.3;    3;   0.1;   6;    7.650;-999;   2.0;  14.4;  962.90;   21.0;   61.08;   28.8;   14.3;   10.5;eor
       5397;20180706;   10;   9.4;   2.4;    3;   0.0;   6;    2.617;-999;   6.0;  14.8;  966.11;   19.4;   67.13;   25.1;   13.6;    8.9;eor
       5397;20180707;   10;   8.7;   2.0;    3;   0.0;   0;   13.983;-999;   0.7;   8.2;  969.87;   18.9;   43.38;   26.1;   10.1;    5.7;eor
       5397;20180708;   10;  11.0;   2.6;    3;   0.0;   0;   13.083;-999;   1.4;  10.5;  969.73;   19.0;   49.38;   26.0;   11.2;    7.0;eor
       5397;20180709;   10;   7.9;   2.2;    3;   0.0;   0;    8.750;-999;   2.0;  11.8;  968.04;   19.7;   54.71;   26.5;   11.1;    8.2;eor
       5397;20180710;   10;   7.8;   1.7;    3;   2.2;   6;    3.050;-999;   5.4;  12.5;  964.41;   15.5;   71.21;   20.1;    8.6;    5.7;eor
       5397;20180711;   10;   6.3;   1.5;    3;   4.7;   8;    2.683;-999;   7.0;  11.5;  964.40;   12.8;   78.79;   18.6;    7.9;    5.3;eor
       5397;20180712;   10;   9.0;   2.1;    3;   0.0;   0;    3.283;-999;   7.1;  13.0;  965.97;   16.1;   73.21;   22.6;   10.4;    7.5;eor
       5397;20180713;   10;  10.0;   1.5;    3;   2.0;   6;    8.300;-999;   3.4;  14.0;  968.25;   17.9;   71.29;   27.0;   11.5;    8.6;eor
       5397;20180714;   10;   7.6;   1.8;    3;   0.0;   0;    9.200;-999;   3.3;  12.4;  967.60;   20.2;   56.42;   27.2;   12.0;    8.6;eor
       5397;20180715;   10;  10.2;   1.8;    3;  12.5;   8;    7.050;-999;   5.4;  13.4;  965.46;   19.0;   63.42;   27.9;   12.9;   10.0;eor
       5397;20180716;   10;  12.8;   1.5;    3;   0.0;   6;    5.267;-999;   7.4;  14.6;  963.50;   17.8;   74.46;   25.6;   12.1;   10.4;eor
       5397;20180717;   10;  12.0;   2.0;    3;   0.1;   6;    9.683;-999;   4.3;  13.6;  963.22;   20.2;   62.13;   28.4;   12.1;    9.2;eor
       5397;20180718;   10;  11.2;   2.8;    3;   0.0;   0;   11.700;-999;   1.7;  11.9;  965.33;   21.7;   47.71;   27.6;   14.1;   10.7;eor
       5397;20180719;   10;   6.9;   1.8;    3;   0.0;   0;   14.150;-999;   0.5;  10.7;  966.23;   20.5;   47.67;   28.0;   12.0;    7.5;eor
       5397;20180720;   10;   6.2;   1.6;    3;   0.0;   0;   11.633;-999;   3.5;  11.5;  963.46;   22.0;   47.29;   29.5;   12.9;    8.7;eor
       5397;20180721;   10;   7.6;   1.8;    3;   4.7;   6;    0.417;-999;   7.8;  15.3;  961.42;   19.4;   68.08;   23.3;   16.3;   13.2;eor
       5397;20180722;   10;   4.9;   1.5;    3;   0.0;   6;    0.000;-999;   7.8;  16.9;  963.39;   18.5;   80.50;   22.2;   15.6;   14.7;eor
       5397;20180723;   10;  14.7;   1.6;    3;   6.5;   8;    5.767;-999;   5.8;  16.3;  965.92;   19.9;   73.00;   27.6;   15.7;   13.0;eor
       5397;20180724;   10;   6.3;   1.4;    3;   0.0;   0;   12.117;-999;   1.7;  13.9;  964.93;   22.6;   56.00;   30.8;   13.6;   10.9;eor
       5397;20180725;   10;  10.6;   2.6;    3;   0.1;   6;   12.417;-999;   1.0;  14.1;  964.51;   24.6;   47.75;   31.4;   16.7;   12.8;eor
       5397;20180726;   10;   8.3;   2.3;    3;   0.0;   0;    9.967;-999;   3.5;  13.3;  965.38;   24.1;   46.54;   31.2;   15.9;   11.3;eor
       5397;20180727;   10;   9.9;   2.4;    3;   0.0;   6;   10.033;-999;   3.2;  14.6;  963.55;   23.1;   53.08;   29.0;   16.3;   12.3;eor
       5397;20180728;   10;  10.5;   1.5;    3;   0.1;   6;    6.167;-999;   4.9;  15.7;  960.86;   22.5;   60.04;   30.9;   15.2;   11.7;eor
       5397;20180729;   10;   5.7;   1.4;    3;   0.0;   0;    8.767;-999;   6.8;  15.9;  965.03;   24.0;   56.67;   30.6;   16.6;   13.3;eor
       5397;20180730;   10;   6.0;   1.4;    3;   0.0;   0;   12.683;-999;   2.8;  14.2;  965.93;   26.4;   44.83;   34.0;   17.6;   13.5;eor
       5397;20180731;   10;   6.7;   1.5;    3;   0.0;   6;    9.883;-999;   2.4;  15.2;  966.30;   27.4;   45.00;   35.1;   18.5;   14.9;eor
       5397;20180801;   10;  11.9;   2.5;    3;   0.0;   0;    8.017;-999;   5.1;  16.7;  967.59;   26.3;   50.63;   34.3;   18.8;   14.8;eor
       5397;20180802;   10;  10.3;   2.2;    3;   0.0;   6;    4.867;-999;   5.5;  18.9;  970.00;   24.5;   62.04;   30.4;   19.1;   16.1;eor
       5397;20180803;   10;   9.3;   2.2;    3;   0.0;   0;   10.833;-999;   2.6;  17.7;  969.65;   25.9;   55.17;   33.4;   18.7;   14.8;eor
       5397;20180804;   10;   6.0;   1.3;    3;   6.0;   6;    5.150;-999;   5.1;  19.4;  967.28;   23.4;   68.63;   31.8;   18.0;   15.7;eor
       5397;20180805;   10;   8.7;   3.0;    3;   0.0;   0;   11.883;-999;   2.1;  17.0;  968.18;   22.7;   63.54;   29.0;   16.3;   11.9;eor
       5397;20180806;   10;   7.6;   2.1;    3;   0.0;   0;   13.867;-999;   0.5;  11.4;  967.40;   23.2;   45.42;   31.6;   13.1;    9.1;eor
       5397;20180807;   10;   7.5;   1.7;    3;   0.0;   6;   11.150;-999;   5.9;  13.1;  963.68;   25.6;   42.67;   34.0;   15.4;   11.3;eor
       5397;20180808;   10;  10.8;   2.1;    3;   0.0;   6;    6.600;-999;   4.9;  15.2;  963.59;   24.6;   51.17;   31.8;   17.7;   14.6;eor
       5397;20180809;   10;  18.9;   2.3;    3;   0.4;   6;   11.433;-999;   3.3;  14.7;  964.03;   25.3;   48.75;   34.2;   16.9;   13.2;eor
       5397;20180810;   10;   9.2;   2.6;    3;   0.2;   6;    2.933;-999;   6.0;  13.3;  971.83;   18.2;   64.13;   23.5;   13.3;    9.4;eor
       5397;20180811;   10;  11.1;   2.4;    3;   0.0;   0;    7.667;-999;   6.2;  10.6;  971.56;   17.4;   56.83;   23.9;   10.9;    6.4;eor
       5397;20180812;   10;   7.4;   1.6;    3;   0.0;   0;   12.917;-999;   6.6;   8.6;  966.63;   19.1;   43.50;   28.4;    8.5;    4.2;eor
       5397;20180813;   10;  11.7;   2.4;    3;   0.6;   6;    6.733;-999;   4.5;  13.2;  960.36;   20.4;   57.79;   30.8;   12.0;    7.4;eor
       5397;20180814;   10;  10.7;   2.6;    3;   0.0;   6;    2.167;-999;   7.0;  14.8;  963.93;   18.2;   72.29;   23.2;   14.8;   10.0;eor
       5397;20180815;   10;   8.7;   1.8;    3;   0.0;   0;    6.317;-999;   4.0;  13.7;  969.00;   18.0;   68.88;   25.3;   11.7;    8.1;eor
       5397;20180816;   10;   9.1;   1.5;    3;   0.0;   0;   12.833;-999;   1.5;  12.1;  966.96;   20.6;   54.67;   29.8;   11.1;    7.3;eor
       5397;20180817;   10;   8.4;   1.6;    3;   0.0;   0;   12.067;-999;   4.6;  11.5;  965.09;   22.4;   46.79;   31.3;   13.0;    9.0;eor
       5397;20180818;   10;   8.0;   2.4;    3;   1.7;   6;    6.367;-999;   5.1;  15.3;  969.09;   21.4;   63.96;   30.5;   15.9;   11.5;eor
       5397;20180819;   10;   7.6;   1.4;    3;   0.0;   0;   12.050;-999;   3.6;  14.8;  969.36;   22.9;   58.33;   31.0;   15.2;   11.0;eor
       5397;20180820;   10;   9.3;   2.3;    3;   0.0;   0;   12.233;-999;   1.5;  13.6;  967.94;   22.3;   53.33;   29.8;   14.9;   10.5;eor
       5397;20180821;   10;   8.3;   1.8;    3;   0.0;   0;    8.617;-999;   2.8;  14.0;  969.18;   22.0;   56.38;   29.0;   14.1;   11.0;eor
       5397;20180822;   10;  14.1;   1.4;    3;   0.0;   0;   11.567;-999;   2.1;  13.2;  967.08;   23.3;   49.96;   32.0;   14.8;   11.5;eor
       5397;20180823;   10;  10.7;   2.0;    3;   1.5;   6;    8.450;-999;   4.4;  14.0;  963.41;   22.6;   52.71;   30.8;   15.6;   10.0;eor
       5397;20180824;   10;   7.4;   2.1;    3;   0.2;   6;    1.033;-999;   7.8;  16.5;  961.36;   18.1;   78.96;   22.3;   12.7;    9.0;eor
       5397;20180825;   10;   9.8;   2.2;    3;   0.8;   6;    0.017;-999;   7.9;  11.3;  962.39;   13.0;   76.25;   16.4;    9.5;    7.4;eor
       5397;20180826;   10;   9.4;   1.8;    3;   0.0;   0;    9.867;-999;   4.4;   8.0;  965.98;   12.6;   58.04;   18.6;    6.8;    3.7;eor
       5397;20180827;   10;  11.8;   2.4;    3;   0.0;   6;    7.467;-999;   5.9;   9.7;  965.47;   15.5;   56.54;   23.8;    5.7;    2.1;eor
       5397;20180828;   10;  10.2;   1.8;    3;   0.0;   0;    9.250;-999;   4.3;  12.0;  968.24;   18.9;   58.38;   25.7;   12.6;    9.5;eor
       5397;20180829;   10;   7.8;   1.7;    3;  11.2;   6;   11.467;-999;   4.1;  11.5;  964.55;   20.2;   51.13;   28.4;   11.5;    6.7;eor
       5397;20180830;   10;  10.2;   2.3;    3;   0.0;   6;    1.000;-999;   7.1;  15.4;  967.48;   15.8;   85.17;   18.3;   10.2;    7.6;eor
       5397;20180831;   10;   6.2;   1.6;    3;   7.1;   6;    1.250;-999;   7.9;  13.0;  969.59;   13.1;   87.08;   19.5;    8.6;    7.2;eor
       5397;20180901;   10;   9.4;   2.9;    3;   3.4;   6;    0.050;-999;   8.0;  11.7;  971.39;   13.4;   76.21;   14.9;   11.6;   10.8;eor
       5397;20180902;   10;   6.1;   2.0;    3;   3.5;   6;    0.000;-999;   8.0;  14.9;  969.95;   14.7;   88.58;   17.0;   12.8;   12.6;eor
       5397;20180903;   10;   8.0;   1.4;    3;   4.1;   6;    1.117;-999;   7.8;  17.2;  965.25;   16.5;   91.79;   19.9;   14.4;   13.8;eor
       5397;20180904;   10;   6.6;   1.7;    3;  14.4;   6;    3.950;-999;   7.1;  17.1;  964.85;   17.3;   87.29;   23.4;   14.7;   13.8;eor
       5397;20180905;   10;   4.7;   1.0;    3;   0.0;   4;    7.933;-999;   4.2;  15.0;  966.32;   17.7;   77.33;   25.1;   12.3;   10.5;eor
       5397;20180906;   10;   6.5;   1.1;    3;   3.8;   6;   10.550;-999;   3.2;  13.2;  962.18;   18.1;   67.38;   26.1;   11.0;    8.7;eor
       5397;20180907;   10;   8.5;   1.5;    3;   3.6;   6;    1.700;-999;   6.5;  15.5;  963.49;   16.1;   85.13;   21.0;   12.2;    9.3;eor
       5397;20180908;   10;   8.2;   1.6;    3;   0.0;   0;    9.067;-999;   4.4;  11.7;  969.83;   15.5;   69.50;   21.7;    9.9;    6.7;eor
       5397;20180909;   10;   5.9;   1.2;    3;   0.0;   0;    6.617;-999;   7.2;  12.4;  971.25;   15.6;   72.25;   22.8;    8.3;    6.1;eor
       5397;20180910;   10;   6.5;   1.4;    3;   0.0;   0;    8.900;-999;   5.8;  11.3;  971.97;   17.6;   61.29;   25.4;    8.8;    6.3;eor
       5397;20180911;   10;   8.4;   1.9;    3;   0.0;   0;   11.317;-999;  -999;  11.1;  972.86;   18.8;   53.50;   25.3;   12.3;    8.5;eor
       5397;20180912;   10;   7.0;   1.5;    3;   2.8;   6;   11.733;-999;   0.4;  11.7;  970.38;   19.4;   55.17;   28.2;    9.5;    6.1;eor
       5397;20180913;   10;   8.5;   2.0;    3;   1.1;   6;    2.667;-999;   7.2;  15.4;  967.48;   17.6;   76.92;   22.6;   13.9;   11.6;eor
       5397;20180914;   10;   5.0;   1.6;    3;   0.1;   6;    3.850;-999;   7.3;  14.1;  968.85;   15.4;   81.29;   20.2;   13.2;   11.6;eor
       5397;20180915;   10;   9.8;   1.8;    3;   0.0;   0;    8.633;-999;   6.3;  11.1;  972.03;   15.0;   67.54;   20.3;    8.0;    4.6;eor
       5397;20180916;   10;   4.8;   1.1;    3;   0.0;   0;   10.583;-999;   6.0;   9.5;  972.54;   13.7;   64.83;   22.6;    5.5;    2.0;eor
       5397;20180917;   10;   6.9;   1.3;    3;   0.0;   0;   10.633;-999;   4.2;  12.1;  969.98;   16.3;   68.25;   25.8;    7.5;    3.9;eor
       5397;20180918;   10;   6.1;   1.3;    3;   0.7;   6;   11.283;-999;   1.2;  13.6;  967.10;   19.0;   64.83;   27.7;   10.1;    6.3;eor
       5397;20180919;   10;   8.2;   2.1;    3;   0.2;   6;    7.600;-999;   3.3;  15.2;  969.90;   19.3;   69.58;   25.6;   14.7;   10.8;eor
       5397;20180920;   10;   7.7;   1.8;    3;   0.0;   0;   10.400;-999;   3.0;  14.9;  968.75;   19.8;   67.71;   27.6;   11.9;    9.0;eor
       5397;20180921;   10;  12.9;   2.8;    3;   2.1;   6;    6.567;-999;   6.4;  14.1;  962.83;   17.8;   71.04;   27.0;   10.7;    8.2;eor
       5397;20180922;   10;   8.9;   2.7;    3;   0.9;   6;    3.333;-999;   7.4;   9.0;  970.05;   12.2;   63.92;   15.8;    8.4;    6.2;eor
       5397;20180923;   10;  29.7;   3.2;    3;  13.3;   8;    0.000;-999;   7.5;  12.8;  961.73;   12.5;   86.29;   20.7;    7.5;    7.1;eor
       5397;20180924;   10;  13.6;   4.0;    3;   1.8;   6;    4.183;-999;   5.7;   7.8;  976.80;    8.1;   73.54;   12.4;    3.9;    1.9;eor
       5397;20180925;   10;   6.6;   1.5;    3;   0.0;   0;    6.083;-999;   4.6;   6.6;  985.22;    6.1;   73.42;   12.4;    1.2;   -2.4;eor
       5397;20180926;   10;   5.4;   1.3;    3;   0.0;   0;    9.200;-999;   5.1;   6.2;  983.06;    7.3;   64.63;   15.5;   -1.4;   -3.7;eor
       5397;20180927;   10;   4.8;   1.2;    3;   0.0;   0;   10.783;-999;   0.0;   7.4;  977.31;   11.4;   60.25;   21.4;    1.8;   -0.1;eor
       5397;20180928;   10;  11.5;   2.4;    3;   0.0;   0;    8.800;-999;   2.5;   8.6;  970.98;   10.9;   67.92;   19.5;    4.5;    1.1;eor
       5397;20180929;   10;   9.2;   2.1;    3;   0.0;   0;   10.717;-999;   1.7;   6.3;  974.99;    8.1;   60.50;   13.6;    1.0;   -2.7;eor
       5397;20180930;   10;   6.1;   1.3;    3;   0.0;   0;   10.650;-999;   0.5;   6.3;  966.59;    8.9;   59.33;   18.3;    0.3;   -3.1;eor
       5397;20181001;   10;  10.3;   2.0;    3;   0.4;   6;    3.017;-999;   7.1;   7.7;  963.15;    7.4;   76.08;   13.9;    2.7;    0.1;eor
       5397;20181002;   10;  11.2;   3.1;    3;   0.3;   6;    0.083;   0;   8.0;   7.7;  968.91;    6.4;   79.63;    8.5;    4.0;    3.9;eor
       5397;20181003;   10;  14.3;   4.0;    3;   0.7;   6;    4.250;   0;   7.2;   9.0;  971.47;   10.3;   73.25;   14.4;    4.7;   -0.1;eor
       5397;20181004;   10;   3.5;   0.9;    3;   0.0;   0;   10.367;   0;   1.1;   7.9;  975.75;    8.3;   75.00;   16.4;    1.0;   -2.2;eor
       5397;20181005;   10;   6.6;   1.3;    3;   0.0;   0;   10.367;   0;   1.1;   8.7;  970.63;   11.0;   69.46;   21.0;    2.3;   -1.8;eor
       5397;20181006;   10;   6.6;   1.2;    3;   0.0;   0;    4.567;   0;   7.6;  10.8;  963.20;   12.2;   77.00;   21.1;    4.5;    1.2;eor
       5397;20181007;   10;   9.0;   2.0;    3;   0.0;   0;    6.267;   0;   5.5;  11.8;  964.49;   12.7;   81.92;   21.2;    7.3;    4.8;eor
       5397;20181008;   10;   4.5;   1.2;    3;   0.1;   4;    6.200;   0;   5.2;  11.8;  970.45;   12.4;   83.08;   19.7;    8.1;    3.1;eor
       5397;20181009;   10;   4.8;   1.1;    3;   0.0;   0;    6.433;   0;   5.4;  11.1;  971.84;   11.1;   85.38;   19.4;    5.4;    2.6;eor
       5397;20181010;   10;  13.0;   2.7;    3;   0.0;   0;    7.833;   0;   1.4;  12.1;  969.19;   13.9;   77.67;   18.6;    7.7;    3.4;eor
       5397;20181011;   10;   8.2;   1.9;    3;   0.0;   6;    9.783;   0;   0.0;   9.7;  966.61;   14.5;   62.00;   21.7;    8.2;    2.9;eor
       5397;20181012;   10;   5.6;   1.4;    3;   0.0;   0;    8.100;   0;   3.2;  10.4;  972.60;   15.4;   63.29;   24.5;    8.8;    5.1;eor
       5397;20181013;   10;  11.1;   2.2;    3;   0.0;   0;    9.583;   0;   0.0;  10.3;  971.82;   14.7;   65.21;   21.7;    7.6;    3.0;eor
       5397;20181014;   10;   7.9;   1.7;    3;   0.0;   0;    9.533;   0;   0.1;   9.8;  965.10;   14.9;   60.33;   21.9;    7.3;    2.4;eor
       5397;20181015;   10;   9.4;   1.6;    3;   0.0;   0;    9.150;   0;   2.4;   8.8;  965.11;   13.3;   59.96;   21.1;    7.0;    1.9;eor
       5397;20181016;   10;   4.4;   1.1;    3;   0.0;   6;    7.233;   0;   4.6;   9.3;  967.78;   12.1;   68.42;   20.7;    5.6;    1.1;eor
       5397;20181017;   10;   4.3;   1.0;    3;   0.0;   6;    9.083;   0;   1.9;  10.0;  968.32;   11.8;   74.92;   20.3;    5.6;    2.4;eor
       5397;20181018;   10;   7.4;   2.0;    3;   0.0;   0;    7.167;   0;   3.9;  10.3;  969.18;   11.5;   78.08;   19.1;    5.3;    1.0;eor
       5397;20181019;   10;   7.5;   1.9;    3;   0.0;   4;    1.150;   0;  -999;  10.4;  972.00;   10.0;   85.29;   14.8;    5.8;    2.2;eor
       5397;20181020;   10;   6.7;   1.5;    3;   0.0;   0;    3.567;   0;   7.6;   9.5;  975.73;    9.5;   81.58;   14.8;    6.2;    4.4;eor
       5397;20181021;   10;   5.5;   1.3;    3;   0.0;   0;    7.467;   0;   3.8;   7.6;  976.50;    8.0;   72.50;   13.8;    1.4;   -3.1;eor
       5397;20181022;   10;   9.2;   1.7;    3;   0.8;   6;    6.033;   0;   5.2;   7.4;  976.39;    5.9;   80.25;   13.7;   -1.2;   -5.0;eor
       5397;20181023;   10;  13.6;   3.5;    3;   2.4;   6;    0.000;   0;   6.8;   7.7;  971.53;    6.9;   78.71;   10.2;    1.9;   -2.0;eor
       5397;20181024;   10;  13.7;   4.7;    3;   3.0;   6;    0.183;   0;   7.5;  10.7;  966.54;    9.8;   88.13;   12.5;    8.3;    8.1;eor
       5397;20181025;   10;  11.4;   3.5;    3;   0.9;   6;    0.117;   0;   7.9;  10.5;  965.97;   10.6;   82.33;   12.4;    9.1;    8.6;eor
       5397;20181026;   10;   8.1;   2.1;    3;   1.0;   6;    2.750;   0;   7.3;   8.8;  958.90;    9.1;   75.96;   13.0;    6.1;    3.9;eor
       5397;20181027;   10;   8.6;   2.2;    3;  10.8;   6;    0.000;   0;   7.7;   7.5;  956.60;    6.0;   79.88;    7.1;    4.1;    3.6;eor
       5397;20181028;   10;   9.9;   3.8;    3;   4.9;   6;    0.000;   0;   7.6;   6.7;  956.45;    2.6;   90.21;    4.2;    1.6;    1.6;eor
       5397;20181029;   10;  19.5;   2.9;    3;   0.0;   6;    0.000;   0;   7.8;   8.4;  948.55;    6.2;   87.38;   14.0;    2.4;    2.5;eor
       5397;20181030;   10;  11.3;   4.0;    3;   0.5;   6;    4.583;   0;   4.8;   8.3;  948.10;    9.9;   67.58;   15.1;    4.1;    1.5;eor
       5397;20181031;   10;  10.3;   2.2;    3;   0.0;   0;    6.283;   0;   3.8;   6.8;  965.68;    7.0;   69.88;   13.2;    0.6;   -2.3;eor
       5397;20181101;   10;   6.0;   1.0;    3;   0.0;   0;    0.000;   0;   6.3;   7.9;  962.64;    5.7;   86.71;   10.8;    1.9;   -1.6;eor
       5397;20181102;   10;   3.9;   1.2;    3;   0.0;   6;    1.583;   0;   7.6;   8.1;  970.98;    6.0;   86.75;   11.7;    0.5;   -1.7;eor
       5397;20181103;   10;   7.3;   2.1;    3;   0.0;   0;    1.017;   0;   7.8;   9.3;  974.25;    9.0;   81.29;   11.6;    6.8;    4.6;eor
       5397;20181104;   10;   7.1;   2.2;    3;   0.0;   0;    0.000;   0;   7.9;  10.7;  966.58;    9.8;   88.63;   11.0;    8.2;    4.2;eor
       5397;20181105;   10;   6.7;   1.4;    3;   0.0;   0;    1.117;   0;   5.9;  10.7;  960.60;    9.5;   90.17;   13.2;    6.3;    2.8;eor
       5397;20181106;   10;   7.9;   1.7;    3;   0.1;   4;    6.683;   0;   4.8;   9.9;  959.93;    8.6;   89.33;   14.1;    4.3;    0.5;eor
       5397;20181107;   10;   5.4;   1.1;    3;   0.1;   4;    2.283;   0;   6.8;   9.8;  962.17;    7.1;   96.08;   12.4;    3.3;    1.9;eor
       5397;20181108;   10;   2.8;   0.9;    3;   0.0;   4;    0.017;   0;   7.8;  10.0;  969.28;    7.7;   95.25;   11.2;    5.6;    3.1;eor
       5397;20181109;   10;   4.8;   1.1;    3;   0.0;   0;    0.000;   0;   7.9;   9.6;  965.77;    7.4;   93.08;    8.9;    3.6;    1.8;eor
       5397;20181110;   10;   6.1;   1.6;    3;   0.2;   6;    0.667;   0;   7.8;   9.0;  961.33;    7.3;   88.33;   10.1;    5.0;    1.3;eor
       5397;20181111;   10;   7.4;   1.8;    3;   1.2;   6;    0.200;   0;   6.8;   9.7;  963.85;    7.1;   95.54;    9.2;    3.4;    1.4;eor
       5397;20181112;   10;   7.0;   1.3;    3;   0.0;   0;    7.083;   0;   4.7;   8.2;  968.95;    5.6;   91.25;   11.6;    1.0;   -0.4;eor
       5397;20181113;   10;   7.6;   1.6;    3;   0.1;   6;    0.000;   0;   6.4;   9.0;  974.63;    5.8;   97.25;    9.7;    2.9;    1.2;eor
       5397;20181114;   10;   3.7;   1.1;    3;   0.0;   0;    0.083;   0;   7.9;   8.1;  978.73;    4.7;   94.38;    7.3;   -0.4;   -2.0;eor
       5397;20181115;   10;   5.1;   1.1;    3;   0.0;   0;    4.550;   0;   5.3;   6.6;  976.57;    2.9;   88.17;    8.4;   -0.7;   -2.0;eor
       5397;20181116;   10;  12.2;   2.5;    3;   0.0;   0;    7.017;   0;   1.3;   6.2;  978.10;    3.3;   80.25;    7.0;   -0.6;   -5.0;eor
       5397;20181117;   10;  16.3;   5.2;    3;   0.0;   0;    6.933;   0;   0.0;   5.1;  978.02;    2.9;   68.50;    5.5;    0.4;   -3.2;eor
       5397;20181118;   10;  11.3;   3.2;    3;   0.0;   8;    6.883;   0;   2.0;   3.5;  972.56;    1.5;   51.46;    6.2;   -3.1;   -6.8;eor
       5397;20181119;   10;  19.4;   6.2;    3;   0.0;   8;    0.033;   0;   7.5;   4.6;  962.95;   -0.1;   74.92;    1.0;   -2.2;   -3.4;eor
       5397;20181120;   10;  19.8;   6.4;    3;   0.1;   8;    0.500;   0;   4.9;   5.3;  957.82;    0.8;   81.17;    1.9;   -0.2;   -2.2;eor
       5397;20181121;   10;   7.3;   2.4;    3;   0.4;   6;    0.000;   0;   7.9;   6.0;  963.68;    2.0;   85.38;    3.0;    0.1;   -1.8;eor
       5397;20181122;   10;   4.3;   1.4;    3;   0.0;   6;    0.000;   0;   7.8;   6.6;  968.30;    2.4;   91.42;    3.3;    1.6;    1.0;eor
       5397;20181123;   10;   6.6;   1.5;    3;   1.0;   6;    0.000;   0;   7.9;   6.3;  968.06;    2.0;   89.08;    3.0;    0.5;   -2.9;eor
       5397;20181124;   10;   8.5;   1.9;    3;   0.9;   6;    0.000;   0;   7.7;   7.7;  962.19;    4.0;   94.54;    5.0;    2.9;    2.6;eor
       5397;20181125;   10;  10.0;   2.2;    3;   0.0;   0;    0.233;   0;   7.7;   7.1;  959.04;    3.8;   88.92;    5.4;    2.8;    1.8;eor
       5397;20181126;   10;  12.0;   3.8;    3;   0.0;   6;    0.000;   0;   7.9;   6.3;  956.80;    3.5;   79.67;    4.7;    1.9;    1.9;eor
       5397;20181127;   10;   5.5;   2.1;    3;   0.0;   0;    0.000;   0;   7.9;   5.1;  966.14;    0.4;   81.21;    2.4;   -3.5;   -8.0;eor
       5397;20181128;   10;   6.1;   1.4;    3;   0.0;   0;    1.900;   0;   7.0;   4.2;  974.05;   -2.5;   83.54;    0.1;   -5.2;   -9.3;eor
       5397;20181129;   10;   7.1;   1.5;    3;   0.1;   6;    5.667;   0;   7.1;   3.7;  971.00;   -2.2;   72.08;    1.4;   -5.8;   -8.2;eor
       5397;20181130;   10;   7.1;   1.6;    3;   9.0;   6;    0.000;   0;   7.7;   4.7;  965.53;   -1.6;   85.96;   -0.1;   -3.3;   -3.4;eor
       5397;20181201;   10;   7.2;   1.9;    3;   0.0;   6;    0.000;   0;   8.0;   6.6;  965.49;    1.3;   98.21;    3.1;   -0.2;    0.0;eor
       5397;20181202;   10;  10.7;   3.3;    3;  16.8;   6;    0.000;   0;   7.6;   8.2;  957.17;    4.4;   96.92;    8.8;    2.2;    2.1;eor
       5397;20181203;   10;  10.2;   2.8;    3;  26.6;   6;    0.117;   0;   7.8;  11.2;  954.66;    9.1;   96.79;   10.9;    7.8;    7.3;eor
       5397;20181204;   10;  10.1;   2.9;    3;   2.4;   6;    0.200;   0;   5.7;   8.1;  965.53;    4.7;   93.04;    8.6;   -3.0;   -4.7;eor
       5397;20181205;   10;   4.0;   0.9;    3;   0.1;   6;    4.350;   0;   7.4;   5.2;  974.35;   -0.8;   91.21;    2.6;   -4.0;   -6.7;eor
       5397;20181206;   10;   5.7;   1.8;    3;   1.0;   6;    0.000;   0;   7.7;   6.9;  968.47;    2.8;   90.79;    7.3;   -0.2;   -0.6;eor
       5397;20181207;   10;  15.6;   3.3;    3;   2.1;   6;    0.000;   0;   7.8;  10.3;  960.57;    8.9;   90.04;   10.2;    6.9;    5.4;eor
       5397;20181208;   10;  15.7;   5.3;    3;  12.7;   6;    0.000;   0;   7.8;   7.2;  957.14;    5.0;   82.75;    7.2;    4.1;    3.2;eor
       5397;20181209;   10;  14.2;   5.0;    3;   2.9;   8;    0.000;   0;   7.5;   7.8;  950.55;    5.5;   85.83;    6.6;    3.0;    2.3;eor
       5397;20181210;   10;  14.5;   4.5;    3;   1.3;   8;    0.683;   0;   7.5;   5.9;  963.84;    2.1;   82.88;    4.0;    0.2;   -0.8;eor
       5397;20181211;   10;  10.5;   4.1;    3;   0.6;   8;    0.000;   0;   7.7;   5.8;  966.41;    1.4;   85.04;    2.3;    0.2;    0.1;eor
       5397;20181212;   10;   7.3;   2.7;    3;   0.0;   8;    1.433;   0;   7.1;   5.4;  969.20;    0.5;   84.33;    2.1;   -2.1;   -4.7;eor
       5397;20181213;   10;  13.5;   4.7;    3;   0.0;   0;    0.283;   0;   6.7;   4.0;  966.90;   -1.9;   75.25;   -1.2;   -2.8;   -5.1;eor
       5397;20181214;   10;  13.2;   4.7;    3;   0.0;   0;    1.017;   0;   4.8;   3.7;  968.55;   -2.4;   72.08;   -1.4;   -3.2;   -4.4;eor
       5397;20181215;   10;   4.6;   1.4;    3;   0.0;   7;    0.000;   0;   8.0;   3.7;  971.89;   -2.4;   72.42;   -1.9;   -3.6;   -6.4;eor
       5397;20181216;   10;   7.9;   2.1;    3;   0.3;   8;    0.000;   0;   6.7;   4.1;  963.52;   -2.9;   82.88;   -1.2;   -4.8;   -8.6;eor
       5397;20181217;   10;   6.1;   2.1;    3;   0.1;   8;    0.000;   0;   7.9;   5.8;  969.81;    0.1;   94.67;    1.7;   -1.4;   -1.2;eor
       5397;20181218;   10;   5.7;   1.8;    3;   0.1;   6;    0.067;   0;   7.9;   6.3;  973.59;    1.4;   92.54;    3.4;   -3.2;   -5.5;eor
       5397;20181219;   10;   4.8;   1.2;    3;   4.0;   8;    0.000;   0;   7.6;   5.2;  966.58;   -0.8;   90.67;    1.2;   -3.4;   -6.3;eor
       5397;20181220;   10;   7.1;   2.2;    3;   2.1;   8;    0.000;   0;   7.7;   6.5;  965.57;    1.7;   94.42;    3.4;    0.2;    0.0;eor
       5397;20181221;   10;  14.4;   4.5;    3;  10.0;   6;    0.000;   0;   7.6;   8.0;  961.12;    4.9;   91.96;    9.4;    2.2;    1.4;eor
       5397;20181222;   10;  14.7;   4.7;    3;   8.4;   6;    0.950;   0;   7.5;   8.9;  961.82;    7.6;   84.96;    9.6;    4.9;    3.4;eor
       5397;20181223;   10;   9.7;   2.5;    3;  27.6;   6;    0.000;   0;   7.9;   8.2;  966.95;    5.2;   93.00;    6.5;    3.3;    0.4;eor
       5397;20181224;   10;   9.1;   2.6;    3;   0.2;   8;    0.150;   0;   7.3;   6.3;  970.70;    2.0;   88.79;    6.1;   -0.7;   -3.3;eor
       5397;20181225;   10;   7.7;   2.2;    3;   0.0;   0;    0.000;   0;   8.0;   5.4;  980.45;    0.2;   86.33;    1.3;   -0.4;   -0.5;eor
       5397;20181226;   10;   5.5;   1.9;    3;   0.3;   8;    0.000;   0;   7.3;   5.4;  978.89;   -0.2;   88.71;    1.6;   -2.2;   -5.0;eor
       5397;20181227;   10;   3.5;   1.1;    3;   0.0;   6;    0.000;   0;   7.8;   6.0;  975.52;    0.4;   95.50;    1.8;   -0.5;   -1.2;eor
       5397;20181228;   10;   5.2;   1.3;    3;   0.0;   8;    0.000;   0;   7.6;   5.6;  975.13;   -0.7;   96.54;    0.1;   -2.3;   -4.4;eor
       5397;20181229;   10;   7.1;   2.3;    3;   5.2;   8;    0.000;   0;   7.7;   5.6;  977.59;   -0.5;   94.29;    0.8;   -1.6;   -1.2;eor
       5397;20181230;   10;  10.4;   2.9;    3;   0.8;   6;    0.067;   0;   7.9;   6.9;  975.28;    3.1;   89.83;    4.7;    0.2;    0.0;eor
       5397;20181231;   10;   5.9;   1.8;    3;   0.1;   6;    0.000;   0;   7.7;   7.9;  978.90;    4.1;   96.25;    5.1;    3.4;    3.2;eor
       5397;20190101;   10;  19.4;   3.9;    3;   3.2;   8;    0.000;   0;   7.6;   7.6;  972.70;    4.4;   90.50;    5.2;   -0.3;   -0.7;eor
       5397;20190102;   10;  16.2;   4.6;    3;   0.9;   8;    1.900;   3;   6.8;   4.8;  973.73;   -0.7;   81.58;    1.1;   -3.1;   -5.9;eor
       5397;20190103;   10;   8.1;   3.0;    3;   1.0;   8;    1.417;   1;   7.6;   3.9;  980.33;   -2.2;   75.25;   -1.0;   -3.8;   -6.2;eor
       5397;20190104;   10;  10.9;   2.7;    3;   2.2;   8;    0.000;   3;   7.6;   5.0;  978.50;   -1.2;   89.63;    0.1;   -3.1;   -7.8;eor
       5397;20190105;   10;   9.0;   2.3;    3;   2.9;   8;    0.000;   2;   7.8;   6.4;  970.82;    1.1;   96.79;    3.0;    0.0;    0.0;eor
       5397;20190106;   10;   7.6;   2.1;    3;   0.5;   6;    2.550;   0;   7.7;   6.2;  974.36;    2.0;   88.46;    3.2;    1.3;   -1.1;eor
       5397;20190107;   10;   8.4;   2.7;    3;   6.8;   8;    0.000;   0;   7.8;   6.9;  975.93;    2.8;   92.13;    3.8;    0.9;    0.5;eor
       5397;20190108;   10;  15.2;   4.4;    3;   4.4;   8;    0.000;   2;   7.7;   6.4;  959.55;    1.7;   91.96;    2.8;    0.2;    0.0;eor
       5397;20190109;   10;  13.2;   4.7;    3;   0.0;   8;    0.000;   1;   7.7;   5.3;  956.48;   -0.2;   88.04;    1.0;   -0.7;   -0.9;eor
       5397;20190110;   10;   9.8;   3.2;    3;   0.0;   8;    0.500;   0;   7.8;   4.6;  967.38;   -0.9;   80.25;    0.6;   -3.2;   -3.4;eor
       5397;20190111;   10;   6.8;   2.4;    3;   4.8;   8;    0.000;   0;   7.7;   4.3;  969.62;   -2.8;   86.25;   -0.9;   -3.9;   -4.0;eor
       5397;20190112;   10;  12.7;   2.9;    3;   7.7;   8;    0.000;   4;   7.6;   6.0;  964.95;    0.5;   95.04;    1.4;   -0.9;   -0.6;eor
       5397;20190113;   10;  12.7;   3.7;    3;   7.2;   8;    0.000;   2;   7.6;   7.0;  952.81;    2.7;   94.50;    6.0;    0.4;    0.0;eor
       5397;20190114;   10;  16.4;   5.3;    3;   0.1;   8;    0.633;   0;   6.8;   5.5;  954.97;    2.0;   77.29;    4.3;   -0.5;   -1.2;eor
       5397;20190115;   10;  11.8;   4.2;    3;   0.1;   8;    0.000;   0;   7.9;   5.4;  965.16;    1.2;   80.71;    2.9;   -1.0;   -1.3;eor
       5397;20190116;   10;   8.5;   3.3;    3;   0.0;   6;    0.967;   0;   7.6;   5.8;  960.95;    2.6;   78.58;    4.6;    0.0;   -3.1;eor
       5397;20190117;   10;  15.5;   4.2;    3;   1.2;   8;    0.000;   0;   7.3;   5.9;  954.50;    2.6;   80.04;    5.0;   -0.6;   -3.8;eor
       5397;20190118;   10;  10.5;   2.6;    3;   0.3;   7;    3.917;   0;   5.6;   4.3;  964.91;   -1.5;   78.04;    1.1;   -7.1;  -11.2;eor
       5397;20190119;   10;   9.5;   2.1;    3;   0.0;   0;    6.550;   0;   4.7;   3.0;  965.13;   -4.9;   73.29;    0.2;   -9.3;  -12.6;eor
       5397;20190120;   10;   6.3;   2.0;    3;   0.0;   4;    0.317;   0;   5.4;   3.4;  964.25;   -4.8;   79.33;   -2.2;   -9.0;  -12.5;eor
       5397;20190121;   10;   5.7;   1.4;    3;   0.0;   0;    4.600;   0;   4.8;   3.5;  967.59;   -3.1;   72.04;    0.5;   -8.9;  -12.4;eor
       5397;20190122;   10;   5.3;   1.1;    3;   0.0;   0;    0.000;   0;   5.0;   3.1;  959.34;   -7.0;   84.38;   -4.2;  -10.7;  -13.4;eor
       5397;20190123;   10;   9.2;   2.4;    3;   0.1;   7;    0.000;   0;   7.7;   3.2;  948.64;   -6.3;   82.50;   -4.6;   -9.7;  -12.4;eor
       5397;20190124;   10;   6.6;   1.3;    3;   0.1;   8;    0.000;   1;   7.8;   3.8;  955.96;   -4.2;   84.50;   -3.3;   -5.0;   -5.1;eor
       5397;20190125;   10;   7.4;   2.1;    3;   3.1;   8;    0.000;   1;   7.6;   3.6;  962.25;   -4.7;   83.00;   -3.6;   -5.4;   -5.2;eor
       5397;20190126;   10;   8.0;   3.2;    3;   5.4;   8;    0.000;   4;   7.6;   5.7;  956.60;   -0.4;   94.71;    2.3;   -4.0;   -3.9;eor
       5397;20190127;   10;   9.0;   3.3;    3;   1.3;   8;    0.633;   1;   7.5;   6.4;  943.29;    2.1;   89.50;    3.7;    1.1;    0.4;eor
       5397;20190128;   10;   9.4;   3.5;    3;   2.4;   8;    0.000;   1;   7.7;   5.7;  944.41;    0.6;   88.92;    2.5;   -0.2;   -0.6;eor
       5397;20190129;   10;   9.1;   2.3;    3;   0.5;   8;    0.067;   4;   7.1;   4.9;  953.37;   -1.1;   86.50;    1.0;   -5.3;  -13.3;eor
       5397;20190130;   10;   9.4;   2.0;    3;   0.0;   8;    2.833;   3;   7.8;   4.0;  946.64;   -2.3;   77.38;    1.4;   -6.4;  -14.2;eor
       5397;20190131;   10;   5.5;   1.8;    3;   0.0;   7;    6.983;   3;   5.7;   4.0;  947.64;   -1.8;   75.38;    2.4;   -6.1;  -13.9;eor
       5397;20190201;   10;   9.7;   2.1;    3;   0.6;   8;    0.000;   3;   7.4;   4.6;  942.30;   -0.4;   77.54;    2.7;   -4.3;  -10.0;eor
       5397;20190202;   10;   5.2;   1.2;    3;   0.9;   8;    0.000;   0;   7.4;   5.9;  945.73;    0.5;   93.46;    1.8;   -0.8;   -3.1;eor
       5397;20190203;   10;  13.7;   3.4;    3;  13.7;   8;    0.000;   1;   7.8;   5.4;  959.76;   -0.9;   95.13;    1.3;   -1.8;   -2.2;eor
       5397;20190204;   10;   4.2;   1.1;    3;   0.0;   0;    7.717;  20;   4.2;   4.3;  976.18;   -3.1;   88.04;    2.0;   -9.5;  -15.8;eor
       5397;20190205;   10;   4.2;   1.4;    3;   0.0;   8;    0.000;  16;   7.8;   3.5;  976.81;   -6.8;   92.42;   -4.3;  -12.0;  -16.8;eor
       5397;20190206;   10;   5.1;   1.5;    3;   0.0;   7;    0.033;  14;   7.9;   4.1;  975.10;   -4.2;   91.54;   -1.8;   -8.4;   -9.3;eor
       5397;20190207;   10;   6.2;   1.8;    3;   1.4;   8;    0.000;  13;   7.8;   4.0;  965.73;   -5.1;   93.08;    0.3;  -10.4;  -15.4;eor
       5397;20190208;   10;   7.3;   2.4;    3;   0.0;   8;    1.683;  11;   7.5;   6.1;  966.17;    1.4;   91.13;    4.0;    0.1;   -2.5;eor
       5397;20190209;   10;  13.3;   4.2;    3;   0.0;   8;    3.500;  10;   7.3;   6.0;  960.62;    4.1;   73.88;    8.1;    0.6;   -2.6;eor
       5397;20190210;   10;  14.9;   4.2;    3;   2.7;   8;    0.367;   7;   7.1;   6.4;  953.11;    5.1;   73.83;    9.1;    2.7;    0.5;eor
       5397;20190211;   10;  14.0;   4.6;    3;   0.3;   8;    0.267;   0;   7.2;   6.0;  961.20;    1.9;   85.13;    3.6;    0.1;   -1.3;eor
       5397;20190212;   10;   9.3;   3.5;    3;   0.7;   8;    0.067;   0;   7.8;   5.2;  978.01;    0.7;   80.38;    2.1;    0.0;   -0.5;eor
       5397;20190213;   10;   8.6;   2.0;    3;   0.0;   0;    3.733;   0;   7.0;   5.0;  983.63;    2.2;   70.75;    6.3;   -1.1;   -4.4;eor
       5397;20190214;   10;   3.4;   1.1;    3;   0.0;   0;    6.683;   0;   4.3;   5.0;  984.13;    1.9;   73.75;    9.6;   -2.4;   -5.5;eor
       5397;20190215;   10;   3.0;   0.7;    3;   0.0;   0;    8.533;   0;   0.6;   5.0;  982.14;    2.1;   73.83;   11.6;   -4.0;   -7.0;eor
       5397;20190216;   10;   6.4;   1.3;    3;   0.0;   0;    8.617;   0;   0.8;   5.1;  977.54;    2.5;   72.50;   11.7;   -3.9;   -6.8;eor
       5397;20190217;   10;   6.2;   1.0;    3;   0.0;   0;    8.617;   0;   5.0;   5.0;  974.25;    2.8;   70.54;   12.8;   -3.9;   -7.0;eor
       5397;20190218;   10;   4.1;   1.0;    3;   0.0;   0;    8.833;   0;   2.1;   4.8;  969.77;    2.8;   68.04;   12.8;   -3.5;   -7.6;eor
       5397;20190219;   10;   9.6;   1.6;    3;   0.0;   0;    4.283;   0;   5.1;   5.7;  968.12;    2.4;   78.50;    9.0;   -3.3;   -6.4;eor
       5397;20190220;   10;   3.6;   1.1;    3;   0.0;   0;    0.000;   0;   7.0;   6.3;  972.37;    2.0;   90.13;    6.5;   -2.7;   -5.3;eor
       5397;20190221;   10;  10.4;   1.8;    3;   0.0;   6;    1.417;   0;   7.8;   6.8;  975.07;    4.6;   80.75;    9.3;   -0.7;   -3.1;eor
       5397;20190222;   10;  10.2;   3.5;    3;   0.1;   6;    0.250;   0;   6.1;   7.3;  980.70;    5.3;   80.83;    8.8;   -2.6;   -5.8;eor
       5397;20190223;   10;   8.3;   2.1;    3;   0.0;   0;    7.517;   0;   4.5;   2.8;  987.85;   -0.6;   50.25;    4.2;   -4.5;   -7.7;eor
       5397;20190224;   10;   3.0;   0.9;    3;   0.0;   0;    5.767;   0;   3.0;   3.0;  986.16;    0.5;   50.25;    8.7;   -5.2;   -8.2;eor
       5397;20190225;   10;   3.5;   0.9;    3;   0.0;   0;    9.133;   0;   4.3;   4.9;  985.15;    4.2;   61.00;   15.7;   -3.9;   -6.7;eor
       5397;20190226;   10;   5.4;   1.3;    3;   0.0;   0;    9.400;   0;   5.8;   4.7;  981.18;    6.2;   57.25;   16.3;   -2.4;   -5.8;eor
       5397;20190227;   10;   4.1;   1.2;    3;   0.0;   0;    9.533;   0;   0.3;   5.5;  975.16;    7.1;   56.17;   16.9;   -0.7;   -4.6;eor
       5397;20190228;   10;  14.8;   3.0;    3;   0.4;   6;    8.617;   0;   3.1;   6.5;  964.50;    7.6;   65.25;   15.6;   -1.0;   -4.9;eor
       5397;20190301;   10;   9.2;   2.6;    3;   8.1;   6;    0.750;   0;   7.7;   8.5;  961.77;    6.9;   85.88;    9.6;    5.5;    5.1;eor
       5397;20190302;   10;   7.9;   2.5;    3;   0.1;   6;    0.000;   0;   7.8;   7.7;  964.76;    4.6;   90.71;    5.6;    3.6;    3.2;eor
       5397;20190303;   10;  10.3;   3.5;    3;   0.0;   6;    0.000;   0;   7.9;   7.9;  961.39;    8.0;   73.92;    9.8;    5.5;    5.1;eor
       5397;20190304;   10;  20.0;   4.7;    3;   1.8;   6;    0.717;   0;   7.5;   6.7;  950.75;    8.1;   62.96;   12.4;    3.2;    1.3;eor
       5397;20190305;   10;  15.4;   3.8;    3;   5.0;   6;    0.183;   0;   7.5;   6.7;  957.67;    3.5;   85.67;    6.7;    1.9;   -0.3;eor
       5397;20190306;   10;   8.1;   2.2;    3;   0.0;   0;    2.700;   0;   7.4;   7.2;  958.24;    6.2;   77.46;   11.3;    1.7;   -1.2;eor
       5397;20190307;   10;  16.1;   2.9;    3;   2.5;   8;    0.500;   0;   6.5;   7.3;  952.11;    6.6;   75.08;   11.3;    3.5;    1.5;eor
       5397;20190308;   10;  15.6;   4.0;    3;   2.2;   6;    1.367;   0;   6.9;   6.7;  962.06;    5.2;   76.50;    8.9;    1.4;   -0.4;eor
       5397;20190309;   10;  22.0;   5.1;    3;   6.1;   6;    0.033;   0;   7.5;   7.5;  962.65;    5.9;   80.63;    9.1;    2.2;   -0.1;eor
       5397;20190310;   10;  25.5;   5.4;    3;   9.0;   8;    0.367;   0;   6.9;   8.0;  957.30;    6.9;   80.50;   11.8;    3.4;    2.4;eor
       5397;20190311;   10;  19.1;   5.3;    3;   1.9;   8;    2.500;   0;   6.8;   5.4;  964.31;    1.9;   77.25;    4.6;   -0.3;   -0.2;eor
       5397;20190312;   10;  10.0;   3.7;    3;   0.2;   8;    3.800;   0;   7.1;   5.2;  967.04;    3.5;   68.00;    7.6;    0.2;    0.1;eor
       5397;20190313;   10;  16.5;   5.1;    3;   0.9;   6;    1.850;   0;   7.3;   5.5;  957.46;    4.9;   64.25;    8.0;    3.0;    1.9;eor
       5397;20190314;   10;  12.6;   4.5;    3;   4.9;   6;    0.000;   0;   7.7;   6.8;  954.50;    3.4;   87.50;    5.3;    1.9;    1.8;eor
       5397;20190315;   10;  17.9;   4.6;    3;  16.5;   6;    0.000;   0;   7.4;   8.5;  954.88;    6.3;   88.00;    9.7;    2.7;    1.4;eor
       5397;20190316;   10;  13.7;   3.5;    3;   4.6;   6;    0.017;   0;   6.8;   8.5;  959.06;    6.4;   87.83;    9.2;    4.1;   -0.2;eor
       5397;20190317;   10;  17.2;   3.9;    3;   1.7;   8;    7.867;   0;   5.9;   7.0;  955.19;    7.6;   71.08;   17.1;    3.2;   -1.4;eor
       5397;20190318;   10;  12.8;   3.1;    3;   0.6;   8;    3.217;   0;   5.6;   6.0;  965.61;    2.6;   81.17;    7.0;   -1.2;   -4.8;eor
       5397;20190319;   10;   9.7;   1.8;    3;   0.0;   0;    4.517;   0;   6.5;   5.0;  974.65;    2.4;   71.21;    7.4;   -1.1;   -4.5;eor
       5397;20190320;   10;   5.0;   1.0;    3;   0.0;   0;   11.050;   0;   1.8;   4.4;  981.30;    3.7;   59.46;   10.7;   -1.9;   -6.1;eor
       5397;20190321;   10;   6.4;   1.5;    3;   0.0;   0;   11.167;   0;   2.9;   5.1;  981.53;    5.9;   60.00;   15.1;   -3.1;   -6.0;eor
       5397;20190322;   10;   9.3;   1.9;    3;   0.0;   0;   11.133;   0;   4.2;   7.3;  978.45;    9.5;   62.63;   16.9;    1.1;   -2.6;eor
       5397;20190323;   10;   8.2;   1.7;    3;   0.0;   0;   11.200;   0;   0.3;   7.6;  975.06;   10.2;   66.25;   18.7;    2.0;   -2.1;eor
       5397;20190324;   10;   7.4;   2.6;    3;   0.0;   6;    4.167;   0;   4.2;   8.5;  971.27;    8.4;   77.79;   13.8;    3.8;    0.6;eor
       5397;20190325;   10;  14.5;   3.1;    3;   3.9;   8;    2.717;   0;   6.8;   6.4;  967.18;    3.0;   84.46;    7.0;    0.4;   -1.8;eor
       5397;20190326;   10;  10.7;   3.0;    3;   1.6;   6;    0.767;   0;   8.0;   5.7;  974.86;    3.1;   76.04;    6.2;    0.0;   -1.3;eor
       5397;20190327;   10;   5.4;   1.3;    3;   0.0;   6;    0.100;   0;   7.9;   6.7;  978.65;    4.5;   81.00;    7.9;    1.8;    1.0;eor
       5397;20190328;   10;   5.0;   1.3;    3;   0.3;   6;    0.000;   0;   7.5;   8.0;  980.84;    6.3;   83.67;   10.0;    2.5;    0.6;eor
       5397;20190329;   10;   8.1;   2.1;    3;   0.0;   0;   10.433;   0;   4.8;   7.9;  978.77;    9.2;   69.83;   14.4;    3.0;   -2.1;eor
       5397;20190330;   10;   6.3;   1.2;    3;   0.0;   0;   11.483;   0;   4.7;   7.1;  972.29;    8.5;   67.88;   17.5;    0.2;   -3.9;eor
       5397;20190331;   10;  10.8;   2.5;    3;   0.0;   6;    9.667;   0;   1.9;   7.2;  969.43;    8.3;   69.92;   17.1;    0.4;   -3.0;eor
       5397;20190401;   10;  12.9;   4.4;    3;   0.0;   0;   11.550;   0;   0.7;   6.6;  968.68;    8.1;   61.38;   13.1;    3.7;    0.2;eor
       5397;20190402;   10;  12.7;   2.1;    3;   0.0;   0;   11.667;   0;   5.5;   6.6;  960.40;   10.2;   52.29;   18.1;    2.2;   -2.7;eor
       5397;20190403;   10;   9.0;   2.3;    3;   0.0;   0;    6.067;   0;   5.8;   8.0;  951.45;   12.0;   59.50;   19.2;    5.4;    2.1;eor
       5397;20190404;   10;  11.2;   3.0;    3;   0.0;   6;   11.100;   0;   5.0;   7.8;  946.98;   10.4;   66.00;   20.7;    4.6;    1.2;eor
       5397;20190405;   10;   7.0;   1.9;    3;   0.0;   0;    3.300;   0;   6.7;   8.3;  953.05;    8.5;   75.21;   14.3;    4.7;    4.8;eor
       5397;20190406;   10;  12.3;   3.7;    3;   0.0;   0;   10.383;   0;   1.5;   8.5;  954.02;   11.3;   64.08;   16.3;    6.5;    1.8;eor
       5397;20190407;   10;  14.9;   3.3;    3;   0.0;   0;    6.567;   0;   5.3;   7.9;  954.49;    9.6;   66.67;   14.5;    4.5;    1.3;eor
       5397;20190408;   10;   6.5;   1.6;    3;   7.2;   6;    6.533;   0;   7.7;   9.4;  957.69;   10.1;   77.33;   16.6;    4.0;   -0.1;eor
       5397;20190409;   10;  10.5;   2.3;    3;   0.0;   0;    3.233;   0;   7.7;   9.9;  958.41;   11.0;   77.04;   17.3;    6.9;    6.0;eor
       5397;20190410;   10;   9.8;   3.2;    3;   0.0;   0;    0.267;   0;   6.5;   6.9;  960.55;    6.9;   69.46;   10.6;    1.5;   -2.4;eor
       5397;20190411;   10;  10.2;   3.5;    3;   0.0;   0;    6.433;   0;   5.0;   4.7;  966.54;    3.5;   61.92;    9.1;   -1.6;   -5.6;eor
       5397;20190412;   10;  10.2;   4.3;    3;   0.0;   0;    5.383;   0;   4.5;   4.0;  969.06;    2.1;   57.04;    6.6;   -2.1;   -3.2;eor
       5397;20190413;   10;   9.9;   3.4;    3;   0.0;   0;    5.183;   0;   4.8;   4.5;  967.68;    3.1;   59.79;    7.8;    0.1;   -2.3;eor
       5397;20190414;   10;   9.0;   3.1;    3;   0.0;   6;    0.650;   0;   7.2;   5.8;  968.44;    3.2;   74.17;    6.4;   -2.1;   -5.6;eor
       5397;20190415;   10;  10.4;   3.0;    3;   0.0;   0;   10.383;   0;   2.8;   5.3;  970.84;    8.6;   51.58;   14.3;    2.3;   -0.3;eor
       5397;20190416;   10;  11.7;   3.1;    3;   0.0;   0;   12.300;   0;   1.8;   4.7;  967.94;    9.5;   41.13;   15.9;    0.8;   -4.2;eor
       5397;20190417;   10;  12.0;   3.1;    3;   0.0;   0;   12.817;   0;   1.1;   5.6;  971.88;   10.5;   45.25;   17.0;    0.4;   -3.4;eor
       5397;20190418;   10;  15.4;   4.6;    3;   0.0;   0;   12.900;   0;   0.3;   6.9;  974.47;   13.3;   46.42;   18.2;    7.7;    4.0;eor
       5397;20190419;   10;  13.2;   5.2;    3;   0.0;   0;   12.967;   0;   0.0;   6.8;  977.05;   15.3;   39.75;   20.7;    9.7;    7.1;eor
       5397;20190420;   10;  10.0;   2.2;    3;   0.0;   0;   13.000;   0;   0.3;   5.7;  976.18;   14.2;   38.42;   21.5;    4.7;   -0.3;eor
       5397;20190421;   10;  10.6;   2.4;    3;   0.0;   0;   13.100;   0;   0.7;   5.9;  969.47;   13.9;   40.21;   21.6;    4.2;   -1.1;eor
       5397;20190422;   10;  22.0;   5.2;    3;   0.0;   0;   12.750;   0;   2.9;   6.3;  960.34;   13.6;   42.08;   20.5;    4.3;   -0.6;eor
       5397;20190423;   10;  20.5;   6.8;    3;   0.0;   6;    7.383;   0;   5.1;   9.0;  952.32;   12.4;   62.38;   17.6;    9.2;    6.0;eor
       5397;20190424;   10;  15.1;   3.6;    3;   0.0;   0;   10.517;   0;   5.0;  10.3;  954.76;   15.6;   59.96;   23.4;    7.9;    4.6;eor
       5397;20190425;   10;  10.3;   2.3;    3;   0.0;   0;   10.967;   0;   3.9;   7.6;  959.63;   16.4;   44.71;   24.4;    5.7;    0.5;eor
       5397;20190426;   10;  10.0;   2.6;    3;   4.6;   6;    3.883;   0;   6.2;   9.1;  961.20;    9.8;   75.33;   16.0;    6.2;    1.8;eor
       5397;20190427;   10;  12.6;   2.1;    3;   8.1;   6;    2.100;   0;   7.4;   9.4;  964.26;    8.3;   86.46;   15.3;    4.5;    3.7;eor
       5397;20190428;   10;   7.7;   2.4;    3;   0.5;   8;    2.217;   0;   7.3;   7.4;  967.45;    6.1;   79.79;   10.8;    3.7;    1.4;eor
       5397;20190429;   10;  10.1;   2.3;    3;  17.6;   6;    0.000;   0;   7.8;   8.5;  967.28;    5.8;   91.46;    8.6;    3.0;    1.1;eor
       5397;20190430;   10;   9.1;   3.2;    3;   0.0;   0;   11.717;   0;   2.2;   7.5;  965.48;    9.2;   65.88;   15.6;    2.9;   -2.1;eor
       5397;20190501;    3;   7.3;   1.4;    3;   0.1;   6;    4.933;-999;   5.0;   8.1;  963.71;    9.3;   70.38;   17.3;    0.3;   -2.7;eor
       5397;20190502;    3;  10.7;   2.3;    3;   0.4;   6;    7.833;-999;   6.2;   8.7;  957.70;   12.1;   64.88;   18.9;    4.9;    0.2;eor
       5397;20190503;    3;  10.1;   2.2;    3;   0.6;   6;    1.650;-999;   7.3;   8.2;  958.05;    8.5;   74.25;   12.0;    3.1;   -0.7;eor
       5397;20190504;    3;  11.7;   2.4;    3;   4.7;   8;    0.000;-999;   7.4;   6.8;  955.98;    3.5;   86.17;    7.7;   -0.7;   -2.5;eor
       5397;20190505;    3;   8.9;   2.6;    3;   0.0;   0;    3.717;-999;   7.6;   5.4;  964.00;    3.8;   69.88;    9.0;   -0.7;   -4.4;eor
       5397;20190506;    3;  10.0;   2.0;    3;   1.0;   6;    1.867;-999;   6.9;   5.6;  967.08;    4.2;   69.54;   10.0;   -2.7;   -5.2;eor
       5397;20190507;    3;   5.7;   1.3;    3;   0.0;   6;    2.617;-999;   5.2;   5.8;  966.23;    6.4;   62.83;   11.5;    0.2;   -4.1;eor
       5397;20190508;    3;  10.8;   2.3;    3;   1.0;   6;    3.517;-999;   6.8;   7.8;  956.53;    8.7;   70.79;   15.6;    0.2;   -3.1;eor
       5397;20190509;    3;  11.8;   2.6;    3;   4.6;   6;    1.967;-999;   7.5;   9.7;  951.97;   10.4;   78.00;   16.1;    7.7;    6.3;eor
       5397;20190510;    3;  12.1;   3.2;    3;   0.2;   6;    3.767;-999;   6.8;   8.9;  959.19;   11.3;   68.79;   16.4;    8.1;    3.7;eor
       5397;20190511;    3;  14.1;   2.5;    3;   8.9;   6;    1.767;-999;   7.7;  10.5;  960.21;   11.0;   80.13;   17.1;    7.1;    6.7;eor
       5397;20190512;    3;  12.7;   4.5;    3;   0.0;   6;    3.133;-999;   7.8;   7.0;  974.56;    8.1;   65.71;   12.2;    5.6;    3.8;eor
       5397;20190513;    3;  11.1;   3.8;    3;   0.0;   6;   13.400;-999;   2.0;   5.8;  981.23;    8.6;   54.21;   13.9;    2.5;   -1.9;eor
       5397;20190514;    3;  15.9;   3.8;    3;   0.1;   6;    6.067;-999;   5.6;   6.0;  976.52;    5.9;   66.29;   11.5;    0.4;   -2.3;eor
       5397;20190515;    3;   8.9;   3.2;    3;   1.0;   6;    0.000;-999;   6.8;   6.3;  970.81;    4.8;   73.38;    7.4;    0.8;   -2.0;eor
       5397;20190516;    3;   5.9;   1.7;    3;   1.0;   6;    0.000;-999;   8.0;   8.4;  963.54;    6.3;   87.92;    8.4;    4.4;    4.4;eor
       5397;20190517;    3;   9.7;   3.5;    3;   0.0;   0;    8.583;-999;   5.1;   9.5;  957.88;   11.2;   72.17;   15.8;    6.2;    4.2;eor
       5397;20190518;    3;   8.7;   2.7;    3;   0.0;   0;   10.033;-999;   5.1;  10.6;  955.41;   13.4;   70.67;   19.3;    6.4;    1.7;eor
       5397;20190519;    3;  11.0;   2.6;    3;   0.1;   6;   11.867;-999;   3.9;  11.3;  952.86;   16.3;   63.50;   22.3;    9.2;    3.7;eor
       5397;20190520;    3;   6.7;   1.6;    3;  27.3;   6;    0.000;-999;   7.7;  13.5;  951.13;   13.8;   85.71;   16.5;   11.7;    9.6;eor
       5397;20190521;    3;   6.3;   1.8;    3;  18.1;   6;    0.000;-999;   7.7;  14.4;  954.91;   13.1;   95.38;   14.7;   12.2;   12.2;eor
       5397;20190522;    3;  11.4;   3.5;    3;   0.0;   6;    0.317;-999;   7.8;  12.0;  964.63;   12.0;   85.46;   14.5;    8.5;    5.4;eor
       5397;20190523;    3;   6.2;   1.5;    3;   0.0;   0;    7.033;-999;   5.7;   9.8;  967.50;   12.4;   70.79;   18.9;    5.5;    0.4;eor
       5397;20190524;    3;   7.5;   1.2;    3;   0.0;   0;   10.017;-999;   6.3;  10.2;  964.19;   14.5;   64.79;   21.5;    6.4;    1.8;eor
       5397;20190525;    3;   9.9;   1.4;    3;  13.4;   8;    8.583;-999;   6.3;  12.3;  963.82;   13.9;   78.92;   21.6;    8.4;    3.3;eor
       5397;20190526;    3;   8.0;   1.7;    3;   0.0;   0;   10.750;-999;   4.8;  11.2;  963.90;   15.3;   67.88;   22.0;    7.8;    3.7;eor
       5397;20190527;    3;   8.3;   1.8;    3;   3.5;   6;    7.283;-999;   6.5;  11.7;  958.95;   16.4;   64.92;   21.8;    9.3;    4.6;eor
       5397;20190528;    3;   7.9;   2.2;    3;   4.9;   6;    0.050;-999;   7.6;  12.8;  956.62;   12.6;   88.21;   15.5;    9.0;    6.7;eor
       5397;20190529;    3;   9.8;   2.3;    3;   0.4;   6;    0.517;-999;   7.8;   9.7;  968.03;   10.2;   78.79;   14.3;    5.7;    1.1;eor
       5397;20190530;    3;   7.2;   1.5;    3;   0.0;   0;   13.867;-999;   1.7;   7.8;  973.88;   12.8;   57.50;   20.4;    3.3;   -0.8;eor
       5397;20190531;    3;   5.3;   1.1;    3;   0.3;   6;    1.583;-999;   7.5;  12.6;  973.80;   16.4;   67.54;   22.0;   12.0;    7.3;eor
       5397;20190601;    3;   5.3;   1.2;    3;   0.0;   0;   13.917;-999;   4.3;  12.8;  971.59;   18.7;   62.96;   26.1;   10.0;    5.5;eor
       5397;20190602;    3;   6.7;   1.5;    3;   0.0;   0;   14.833;-999;   3.7;  13.4;  967.83;   20.9;   58.38;   29.0;   11.3;    6.6;eor
       5397;20190603;    3;  13.7;   2.0;    3;   0.1;   6;   13.350;-999;   1.8;  12.7;  965.06;   21.7;   54.04;   30.0;   12.5;    7.5;eor
       5397;20190604;    3;   6.1;   1.6;    3;   0.0;   0;   14.450;-999;   1.9;  13.5;  962.39;   21.8;   55.17;   29.7;   13.2;    8.3;eor
       5397;20190605;    3;   9.2;   2.3;    3;   0.0;   0;   14.467;-999;   0.1;  14.2;  957.81;   22.8;   54.08;   29.3;   13.6;    8.5;eor
       5397;20190606;    3;  10.6;   3.7;    3;   0.8;   6;    7.150;-999;   5.3;  13.5;  960.23;   17.6;   67.54;   21.1;   10.5;    7.8;eor
       5397;20190607;    3;  14.6;   3.0;    3;   0.0;   6;   12.333;-999;   3.9;  14.6;  962.82;   18.2;   70.58;   25.3;   10.6;    9.7;eor
       5397;20190608;    3;  10.4;   2.7;    3;   0.0;   6;    8.517;-999;   4.8;   8.8;  971.70;   15.9;   50.88;   21.4;    9.4;    3.0;eor
       5397;20190609;    3;  10.7;   2.2;    3;   0.5;   6;   10.367;-999;   4.8;  11.3;  970.83;   17.6;   57.92;   25.2;    6.4;    1.8;eor
       5397;20190610;    1;  11.7;   1.6;    1;   0.0;   6;    2.550;-999;   7.2;  15.6;  962.81;   18.7;   73.71;   25.4;   13.4;    9.5;eor
       5397;20190611;    1;   8.4;   1.7;    1;   0.2;   6;    5.133;-999;   6.4;  16.4;  959.05;   18.7;   76.71;   27.3;   12.2;    8.8;eor
       5397;20190612;    1;  13.5;   2.9;    1;   1.3;   6;    9.800;-999;   6.0;  15.1;  959.07;   19.2;   71.00;   30.9;   12.3;    9.4;eor
       5397;20190613;    1;   6.0;   1.6;    1;   0.0;   0;    8.100;-999;   4.7;  12.3;  964.45;   18.1;   62.54;   25.6;   11.5;    7.3;eor
       5397;20190614;    1;  12.4;   2.6;    1;   0.0;   0;   10.583;-999;   3.3;  14.1;  965.36;   22.1;   56.04;   30.7;   10.5;    5.4;eor
       5397;20190615;    1;  10.2;   2.9;    1;  12.6;   6;    9.667;-999;   6.2;  16.1;  962.60;   22.9;   58.88;   26.3;   16.1;   15.3;eor
       5397;20190616;    1;   5.8;   1.7;    1;   0.0;   6;    0.733;-999;   7.3;  14.9;  969.35;   17.0;   77.71;   20.6;   13.6;    9.9;eor
       5397;20190617;    1;  10.2;   2.7;    1;   0.0;   0;   12.433;-999;   3.8;  13.8;  969.50;   19.3;   64.42;   24.9;   11.7;    8.4;eor
       5397;20190618;    1;  11.0;   2.4;    1;   0.0;   0;   13.017;-999;   3.5;  14.3;  965.25;   21.9;   56.04;   28.4;   13.9;    9.8;eor
       5397;20190619;    1;   6.9;   1.7;    1;   4.6;   8;    8.250;-999;   6.3;  15.3;  961.15;   22.6;   58.00;   29.5;   15.3;   11.0;eor
       5397;20190620;    1;  13.3;   2.4;    1;   2.6;   6;    4.167;-999;   5.9;  15.8;  962.75;   19.0;   74.00;   25.3;   13.8;   11.5;eor
       5397;20190621;    1;   7.0;   1.8;    1;   0.0;   0;    7.550;-999;   5.7;  14.4;  966.88;   18.9;   69.25;   25.3;   13.7;   10.5;eor
       5397;20190622;    1;  13.4;   4.1;    1;   4.6;   6;    1.950;-999;   7.8;  15.6;  967.30;   18.1;   75.50;   21.1;   14.1;   10.0;eor
       5397;20190623;    1;  11.4;   3.2;    1;   0.0;   0;    4.833;-999;   6.3;  16.1;  968.66;   19.4;   72.04;   23.9;   14.4;   12.4;eor
       5397;20190624;    1;   9.9;   3.0;    1;   0.0;   0;   14.967;-999;   0.5;  14.1;  971.27;   22.4;   54.21;   28.5;   13.6;   10.7;eor
       5397;20190625;    1;  10.1;   2.3;    1;   0.0;   0;   14.683;-999;   4.2;  15.9;  971.02;   25.5;   50.46;   32.5;   18.2;   15.2;eor
       5397;20190626;    1;   8.0;   1.7;    1;   0.0;   0;   14.783;-999;   2.2;  17.3;  971.98;   27.2;   52.67;   36.0;   16.6;   13.0;eor
       5397;20190627;    1;   9.6;   3.5;    1;   0.0;   0;   14.717;-999;   0.1;  13.6;  971.75;   24.6;   45.71;   30.2;   15.6;   11.1;eor
       5397;20190628;    1;   8.0;   2.7;    1;   0.0;   0;   15.050;-999;   0.0;  10.3;  971.94;   20.1;   47.25;   27.8;   12.6;   10.1;eor
       5397;20190629;    1;   7.4;   1.9;    1;   0.0;   0;   15.033;-999;   0.1;  10.3;  970.07;   22.2;   42.42;   30.9;   11.8;    7.5;eor
       5397;20190630;    1;   9.1;   2.0;    1;   0.0;   0;   14.900;-999;   0.5;  11.2;  966.02;   25.7;   38.38;   35.4;   13.2;    9.6;eor
       5397;20190701;    1;  12.7;   3.1;    1;   0.0;   6;    8.000;-999;   5.3;  15.6;  965.17;   25.5;   48.08;   33.1;   18.7;   15.9;eor
       5397;20190702;    1;   9.4;   3.2;    1;   0.0;   0;   14.467;-999;   2.1;   9.9;  968.40;   20.6;   42.58;   26.3;   13.6;   10.5;eor
       5397;20190703;    1;   8.1;   2.6;    1;   0.0;   0;   14.967;-999;   0.9;   8.3;  970.33;   18.0;   43.04;   25.0;   10.1;    6.3;eor
       5397;20190704;    1;   6.8;   2.0;    1;   0.0;   0;   14.333;-999;   2.0;   8.3;  970.10;   18.5;   42.00;   26.5;    9.4;    5.9;eor
       5397;20190705;    1;   9.9;   2.3;    1;   0.0;   0;    5.317;-999;   6.8;   9.6;  966.11;   18.8;   46.21;   25.6;   11.8;    9.4;eor
       5397;20190706;    1;  13.2;   2.8;    1;   2.3;   4;   11.217;-999;   5.1;   9.2;  960.52;   21.8;   39.29;   29.8;   12.9;    9.8;eor
       5397;20190707;    1;   9.1;   2.4;    1;   0.3;   4;    3.883;-999;   7.0;  12.0;  961.26;   15.9;   67.50;   20.3;    9.9;    7.6;eor
       5397;20190708;    1;  10.6;   2.4;    1;   0.0;   0;    8.767;-999;   5.4;   8.2;  965.51;   14.8;   51.88;   21.8;    8.4;    4.9;eor
       5397;20190709;    1;   9.9;   2.2;    1;   0.0;   0;    6.267;-999;   4.4;   8.2;  966.98;   13.1;   57.00;   19.9;    6.2;    2.6;eor
