STATIONS_ID;MESS_DATUM;QN_3;  FX;  FM;QN_4; RSK;RSKF; SDK;SHK_TAG;  NM; VPM;  PM; TMK; UPM; TXK; TNK; TGK;eor
       1766;20180106;   10;   8.4;   2.6;    3;   0.0;   0;    0.433;   0;   5.7;   7.6; 1002.45;    4.4;   90.04;    6.2;    2.7;   -0.3;eor
       1766;20180107;   10;  11.7;   5.2;    3;   0.0;   0;    5.600;   0;   4.0;   5.4; 1020.03;    1.3;   80.42;    3.5;   -0.8;   -1.7;eor
       1766;20180108;   10;  11.7;   3.5;    3;   0.0;   0;    6.200;   0;   3.5;   5.0; 1019.72;    1.2;   74.75;    4.2;   -1.1;   -1.9;eor
       1766;20180109;   10;  10.5;   2.4;    3;   0.0;   6;    0.033;   0;   5.6;   6.5; 1006.49;    3.0;   85.58;    4.7;    0.8;   -0.6;eor
       1766;20180110;   10;   6.2;   2.1;    3;   0.0;   6;    0.183;   0;   6.7;   8.1; 1003.59;    6.4;   84.17;    9.7;    4.0;    0.8;eor
       1766;20180111;   10;   4.1;   1.2;    3;   0.0;   6;    0.650;   0;   5.7;   8.0; 1010.57;    4.9;   91.79;    8.4;    1.1;   -1.9;eor
       1766;20180112;   10;   3.1;   1.1;    3;   0.0;   6;    0.000;   0;   8.0;   7.7; 1019.56;    3.3;   99.17;    4.2;    1.6;    1.3;eor
       1766;20180113;   10;   9.6;   2.0;    3;   0.0;   0;    0.217;   0;   7.3;   7.2; 1019.65;    4.6;   84.67;    6.4;    2.4;    1.8;eor
       1766;20180114;   10;   8.2;   2.9;    3;   0.0;   0;    2.133;   0;   4.2;   5.1; 1015.92;    1.8;   73.42;    3.8;   -0.3;   -1.9;eor
       1766;20180115;   10;  15.3;   5.5;    3;  13.7;   8;    0.000;   0;   6.3;   6.7;  998.90;    3.7;   82.79;    7.0;   -0.6;   -2.1;eor
       1766;20180116;   10;  15.9;   5.6;    3;   4.6;   8;    1.583;   1;   5.8;   7.0;  984.88;    4.0;   86.21;    6.5;    1.3;    0.2;eor
       1766;20180117;   10;  13.5;   5.0;    3;  12.9;   8;    1.150;   1;   6.5;   6.3;  991.52;    1.6;   91.42;    3.7;    0.2;   -0.2;eor
       1766;20180118;   10;  35.0;   8.6;    3;   6.6;   8;    0.050;   2;   6.2;   6.9;  989.14;    3.9;   85.17;    8.7;   -1.2;   -3.1;eor
       1766;20180119;   10;  13.0;   3.5;    3;   2.4;   8;    0.267;   0;   5.9;   6.5;  999.79;    1.7;   92.96;    4.6;   -1.9;   -3.6;eor
       1766;20180120;   10;   9.4;   2.9;    3;   2.6;   8;    0.017;   0;   7.5;   6.6;  997.77;    2.5;   91.08;    4.1;    0.6;   -0.1;eor
       1766;20180121;   10;   5.5;   2.2;    3;   0.7;   8;    0.000;   0;   6.8;   6.5; 1005.81;    1.6;   95.21;    3.9;   -1.3;   -3.2;eor
       1766;20180122;   10;   9.9;   3.9;    3;   2.0;   6;    0.000;   0;   7.7;   7.8; 1002.35;    4.4;   92.75;    6.9;    1.4;    0.7;eor
       1766;20180123;   10;  12.7;   4.6;    3;   0.5;   6;    0.000;   0;   7.4;   8.9; 1012.76;    7.3;   87.29;    8.8;    5.5;    3.7;eor
       1766;20180124;   10;  17.1;   6.9;    3;   1.7;   6;    0.083;   0;   7.4;  11.4; 1006.71;   12.1;   81.25;   13.9;    8.6;    8.1;eor
       1766;20180125;   10;  14.2;   3.7;    3;   0.0;   6;    0.000;   0;   7.2;   9.5; 1005.49;    8.0;   88.54;   11.6;    6.3;    4.6;eor
       1766;20180126;   10;   4.6;   1.7;    3;   0.0;   6;    0.000;   0;   7.5;   8.8; 1012.30;    6.5;   91.25;    7.8;    4.0;    1.6;eor
       1766;20180127;   10;  16.8;   3.5;    3;   0.6;   6;    0.350;   0;   7.0;   7.7; 1021.79;    5.8;   83.75;    7.2;    3.6;    1.0;eor
       1766;20180128;   10;  17.5;   7.3;    3;   0.4;   6;    0.017;   0;   7.9;  10.1; 1020.60;    8.6;   90.33;   11.1;    5.0;    4.5;eor
       1766;20180129;   10;  21.3;   8.5;    3;   4.5;   6;    0.000;   0;   7.3;   9.8; 1017.12;    9.2;   84.13;   10.8;    5.5;    4.1;eor
       1766;20180130;   10;  10.8;   3.5;    3;   0.6;   6;    3.133;   0;   4.9;   7.1; 1020.20;    3.9;   88.54;    6.8;    0.9;   -1.5;eor
       1766;20180131;   10;  16.1;   5.6;    3;  13.4;   8;    0.000;   0;   7.5;   8.7;  998.76;    6.1;   90.92;    9.7;    2.3;    0.6;eor
       1766;20180201;   10;  12.7;   4.9;    3;   2.6;   8;    2.300;   0;   3.9;   6.5;  992.75;    2.7;   86.79;    4.5;    1.3;   -0.5;eor
       1766;20180202;   10;  11.1;   3.5;    3;   3.6;   8;    0.017;   0;   7.5;   7.1;  995.57;    3.2;   91.71;    5.4;    0.4;    0.0;eor
       1766;20180203;   10;   9.8;   3.2;    3;   0.6;   8;    0.350;   0;   7.4;   6.2; 1000.38;    1.7;   89.25;    5.0;   -0.8;   -1.1;eor
       1766;20180204;   10;   8.7;   3.0;    3;   1.9;   7;    0.233;   0;   7.7;   5.1; 1013.25;   -0.4;   85.21;    0.6;   -1.5;   -2.2;eor
       1766;20180205;   10;   7.9;   2.4;    3;   0.0;   0;    0.800;   1;   4.9;   5.3; 1020.46;    0.4;   83.96;    2.4;   -1.9;   -3.7;eor
       1766;20180206;   10;   6.3;   2.5;    3;   0.0;   0;    1.667;   0;   4.1;   4.1; 1010.53;   -2.0;   77.67;   -0.4;   -4.0;   -5.5;eor
       1766;20180207;   10;   6.2;   2.3;    3;   0.0;   0;    8.150;   0;   1.3;   3.8; 1010.78;   -3.1;   78.54;    1.0;   -6.7;   -9.1;eor
       1766;20180208;   10;   5.1;   1.2;    3;   0.0;   0;    8.250;   0;   1.8;   3.7; 1013.85;   -3.9;   81.33;    1.2;   -8.6;  -10.9;eor
       1766;20180209;   10;   7.5;   2.8;    3;   0.1;   7;    7.233;   0;   5.2;   4.4; 1008.43;   -1.4;   79.29;    2.5;   -4.2;   -6.5;eor
       1766;20180210;   10;   7.7;   2.4;    3;   1.9;   8;    0.000;   0;   7.4;   6.0; 1007.35;    0.6;   93.13;    2.7;   -2.0;   -3.8;eor
       1766;20180211;   10;  15.8;   5.7;    3;   3.8;   8;    1.633;   0;   6.9;   6.4;  994.98;    3.0;   84.54;    7.1;    0.5;    0.0;eor
       1766;20180212;   10;  12.3;   4.3;    3;   0.8;   7;    4.783;   1;   5.7;   5.9; 1004.70;    1.4;   87.88;    5.1;   -1.0;   -4.0;eor
       1766;20180213;   10;   8.7;   3.2;    3;   0.0;   0;    7.967;   0;   1.3;   4.9; 1007.05;    1.2;   73.71;    5.8;   -1.6;   -5.1;eor
       1766;20180214;   10;   9.4;   3.3;    3;   0.0;   7;    8.933;   0;   1.6;   4.0; 1010.01;    0.7;   63.67;    5.2;   -2.9;   -4.5;eor
       1766;20180215;   10;  14.2;   3.9;    3;   1.5;   8;    0.000;   0;   7.9;   6.5; 1006.62;    2.5;   87.33;    4.9;    0.3;    0.0;eor
       1766;20180216;   10;   9.8;   2.5;    3;   0.0;   0;    5.917;   0;   3.0;   6.1; 1017.39;    1.8;   88.54;    7.3;   -2.9;   -4.4;eor
       1766;20180217;   10;   4.6;   1.1;    3;   0.0;   0;    3.183;   0;   3.7;   5.3; 1018.42;    0.6;   84.79;    6.2;   -3.8;   -5.7;eor
       1766;20180218;   10;   6.7;   1.9;    3;   0.0;   0;    7.383;   0;   2.7;   5.2; 1019.77;    0.5;   83.79;    6.8;   -3.8;   -6.2;eor
       1766;20180219;   10;   4.6;   1.5;    3;   0.0;   0;    1.050;   0;   6.3;   5.0; 1013.99;    0.6;   79.58;    3.8;   -2.9;   -5.2;eor
       1766;20180220;   10;   8.7;   2.1;    3;   0.0;   0;    8.133;   0;   1.6;   4.8; 1013.48;    0.0;   80.29;    5.4;   -4.4;   -6.7;eor
       1766;20180221;   10;   8.2;   2.6;    3;   0.0;   0;    8.217;   0;   1.3;   4.4; 1019.09;   -0.6;   76.63;    3.7;   -4.6;   -6.6;eor
       1766;20180222;   10;  10.8;   3.2;    3;   0.0;   0;    9.100;   0;   1.8;   4.3; 1018.90;   -0.4;   74.17;    3.3;   -4.5;   -7.2;eor
       1766;20180223;   10;  11.7;   3.3;    3;   0.0;   0;    7.750;   0;   3.4;   4.0; 1017.82;   -0.4;   68.46;    2.5;   -2.5;   -3.9;eor
       1766;20180224;   10;  12.7;   3.6;    3;   0.0;   0;    6.167;   0;   2.3;   3.2; 1021.48;   -1.3;   57.50;    1.8;   -4.5;   -5.8;eor
       1766;20180225;   10;  11.5;   3.9;    3;   0.0;   7;    7.917;   0;   3.5;   2.9; 1024.75;   -3.4;   61.96;   -0.4;   -7.2;   -9.1;eor
       1766;20180226;   10;  12.0;   4.9;    3;   0.0;   7;    5.350;   0;   4.8;   3.3; 1023.20;   -3.6;   71.50;   -0.6;   -5.6;   -6.8;eor
       1766;20180227;   10;   7.9;   2.7;    3;   0.1;   7;    5.533;   0;   4.2;   3.2; 1016.97;   -5.5;   78.88;   -1.1;   -9.1;  -12.4;eor
       1766;20180228;   10;  12.3;   3.9;    3;   0.0;   7;    4.717;   1;   3.4;   2.4; 1016.49;   -8.0;   70.17;   -6.0;  -10.4;  -11.9;eor
       1766;20180301;   10;  15.8;   5.3;    3;   0.0;   0;    8.450;   0;   5.3;   2.1; 1006.10;   -5.9;   54.33;   -2.6;   -8.6;   -9.5;eor
       1766;20180302;   10;  14.1;   4.4;    3;   0.0;   0;    8.383;   0;   3.4;   2.3;  996.19;   -5.7;   58.13;   -1.9;   -9.5;  -10.4;eor
       1766;20180303;   10;  11.0;   3.7;    3;   0.1;   8;    5.017;   0;   4.8;   3.0;  993.49;   -3.0;   60.79;    0.8;   -6.8;   -8.5;eor
       1766;20180304;   10;   8.6;   2.6;    3;   0.8;   6;    4.117;   0;   5.8;   5.8;  990.83;    3.0;   75.92;    9.6;   -2.3;   -3.8;eor
       1766;20180305;   10;  10.3;   3.2;    3;   0.0;   0;    4.167;   0;   5.3;   7.3;  988.39;    7.0;   74.00;   11.4;    1.3;   -2.1;eor
       1766;20180306;   10;   5.1;   1.9;    3;   0.0;   0;    8.883;   0;   5.4;   7.1;  985.40;    6.8;   73.17;   13.2;    1.6;   -2.0;eor
       1766;20180307;   10;   9.8;   1.7;    3;   3.3;   6;    4.733;   0;   6.3;   7.8;  988.11;    6.2;   83.92;   12.1;    2.6;   -0.3;eor
       1766;20180308;   10;  14.2;   5.4;    3;   4.6;   6;    3.083;   0;   6.0;   7.6;  993.24;    5.6;   83.75;    8.9;    2.9;    1.2;eor
       1766;20180309;   10;  10.5;   3.7;    3;   4.2;   6;    1.767;   0;   6.0;   7.3;  999.18;    6.1;   77.83;   10.0;    2.9;    0.8;eor
       1766;20180310;   10;   8.2;   3.1;    3;   0.0;   6;    1.367;   0;   7.4;  11.0;  994.60;   11.0;   84.71;   16.4;    5.2;    4.8;eor
       1766;20180311;   10;  12.7;   2.7;    3;   0.0;   0;    0.183;   0;   5.5;  11.2;  989.39;   11.2;   85.29;   15.9;    4.4;    1.7;eor
       1766;20180312;   10;   9.8;   2.5;    3;   2.6;   6;    1.533;   0;   6.1;  10.1;  986.45;    9.6;   84.83;   15.1;    4.2;    1.2;eor
       1766;20180313;   10;   9.6;   4.1;    3;   2.9;   6;    0.017;   0;   7.5;   9.4;  994.97;    7.0;   92.92;    9.7;    4.1;    3.6;eor
       1766;20180314;   10;   7.7;   2.4;    3;   0.1;   6;    3.167;   0;   5.0;   6.7; 1004.68;    4.7;   78.96;    8.0;    2.4;    0.6;eor
       1766;20180315;   10;  14.1;   4.2;    3;   0.5;   6;    7.900;   0;   4.5;   6.3;  994.79;    6.0;   67.54;   10.2;    2.2;    0.3;eor
       1766;20180316;   10;  11.8;   3.9;    3;   2.3;   8;    0.000;   0;   7.8;   6.2;  998.31;    1.9;   87.63;    5.0;   -1.6;   -1.7;eor
       1766;20180317;   10;  18.3;   6.2;    3;   0.0;   7;    0.733;   0;   7.1;   3.2; 1003.68;   -2.8;   64.42;   -1.6;   -4.3;   -4.0;eor
       1766;20180318;   10;  17.1;   5.7;    3;   0.0;   0;    6.950;   0;   5.3;   2.4; 1006.18;   -2.0;   46.54;    0.4;   -4.4;   -5.1;eor
       1766;20180319;   10;  11.0;   3.9;    3;   0.7;   7;   11.317;   0;   1.1;   2.4; 1008.88;   -1.1;   43.38;    3.2;   -4.6;   -8.5;eor
       1766;20180320;   10;  14.6;   4.8;    3;   0.0;   0;    9.483;   1;   3.0;   4.4; 1013.81;    2.3;   63.08;    7.9;   -4.1;   -6.0;eor
       1766;20180321;   10;   7.7;   2.9;    3;   0.6;   6;    0.600;   0;   5.7;   5.4; 1021.10;    1.2;   81.13;    4.9;   -4.6;   -7.5;eor
       1766;20180322;   10;  10.8;   4.7;    3;   1.0;   6;    0.000;   0;   7.5;   8.2; 1008.32;    5.1;   92.00;    7.8;    2.7;    2.2;eor
       1766;20180323;   10;   7.0;   2.6;    3;   0.1;   6;    0.000;   0;   7.5;   8.1; 1000.44;    5.9;   88.04;    7.7;    4.5;    2.3;eor
       1766;20180324;   10;   6.7;   1.8;    3;   0.0;   0;    5.950;   0;   6.8;   6.7;  997.29;    6.7;   69.92;   11.0;    0.9;   -1.0;eor
       1766;20180325;   10;   6.2;   1.5;    3;   0.0;   0;    0.533;   0;   7.2;   6.7; 1001.90;    7.2;   67.50;   11.3;    1.8;   -0.4;eor
       1766;20180326;   10;   8.1;   2.6;    3;   0.0;   6;    4.467;   0;   6.5;   7.1; 1009.11;    4.3;   85.13;    7.4;    1.4;   -0.1;eor
       1766;20180327;   10;   8.9;   2.6;    3;   1.2;   6;    5.667;   0;   6.6;   7.1; 1005.29;    6.1;   77.54;   11.0;    0.3;   -2.7;eor
       1766;20180328;   10;  14.1;   2.6;    3;  15.6;   6;    0.000;   0;   7.6;   9.0;  994.62;    6.6;   92.25;    9.7;    3.1;    2.9;eor
       1766;20180329;   10;  12.2;   4.8;    3;   0.0;   6;    4.450;   0;   5.9;   7.0;  998.66;    5.0;   81.54;    9.8;    1.3;   -1.9;eor
       1766;20180330;   10;   9.8;   2.8;    3;   4.9;   6;    4.333;   0;   7.0;   7.2;  996.14;    8.0;   68.79;   13.6;    2.2;    0.6;eor
       1766;20180331;   10;   7.2;   2.1;    3;   2.3;   6;    6.117;   0;   6.7;   8.2;  993.94;    7.3;   81.38;   13.0;    2.3;    0.8;eor
       1766;20180401;   10;   7.7;   2.3;    3;   0.7;   8;    1.517;   0;   7.0;   6.8; 1001.90;    4.1;   83.58;    7.1;    1.1;    0.8;eor
       1766;20180402;   10;   9.4;   2.9;    3;   0.6;   6;    0.550;   0;   7.1;   7.8; 1000.87;    7.8;   74.38;   12.5;    1.6;   -0.1;eor
       1766;20180403;   10;  13.0;   4.8;    3;   0.0;   6;    4.750;   0;   6.8;  10.6;  994.27;   13.4;   69.79;   17.3;    9.4;    7.5;eor
       1766;20180404;   10;  15.1;   4.2;    3;   1.3;   6;    1.633;   0;   6.6;  10.4;  994.78;   12.1;   74.25;   15.1;    7.7;    4.1;eor
       1766;20180405;   10;  17.8;   6.1;    3;   1.3;   6;    2.183;   0;   5.3;   8.2; 1004.36;    7.1;   79.46;   10.3;   -0.5;   -3.2;eor
       1766;20180406;   10;  11.5;   3.0;    3;   0.0;   0;   11.650;   0;   3.6;   5.4; 1013.93;    7.3;   58.79;   14.9;   -1.9;   -3.8;eor
       1766;20180407;   10;   9.8;   3.1;    3;   0.0;   0;   12.217;   0;   6.4;   7.2; 1005.01;   14.2;   46.17;   24.1;    6.3;    3.8;eor
       1766;20180408;   10;   4.6;   1.3;    3;   0.0;   0;    6.550;   0;   5.4;   9.5; 1001.25;   17.0;   50.25;   24.3;    9.1;    5.6;eor
       1766;20180409;   10;   9.1;   2.8;    3;   0.0;   0;    2.967;   0;   6.5;  11.6;  998.42;   14.9;   69.46;   19.4;    7.2;    4.5;eor
       1766;20180410;   10;   8.9;   2.4;    3;   0.1;   6;   10.867;   0;   5.4;  11.8;  997.25;   16.9;   62.50;   22.1;    8.9;    5.7;eor
       1766;20180411;   10;   9.1;   3.7;    3;   0.0;   0;    4.733;   0;   4.8;  11.4; 1000.67;   13.1;   75.79;   17.2;    8.3;    7.2;eor
       1766;20180412;   10;  11.1;   3.7;    3;   4.2;   6;    4.467;   0;   6.4;  12.0;  996.50;   12.2;   84.17;   16.9;    8.2;    6.6;eor
       1766;20180413;   10;   9.3;   3.0;    3;   0.0;   6;    0.300;   0;   7.0;  12.4; 1000.86;   13.1;   82.92;   17.4;    7.8;    6.6;eor
       1766;20180414;   10;   9.6;   3.1;    3;   2.9;   6;    3.317;   0;   6.7;  10.2; 1010.93;   11.1;   77.92;   15.1;    8.1;    5.1;eor
       1766;20180415;   10;   8.6;   1.7;    3;   1.8;   6;    3.133;   0;   6.8;  12.0; 1006.84;   12.9;   81.08;   18.7;    8.7;    7.9;eor
       1766;20180416;   10;   9.6;   2.5;    3;   0.0;   0;    9.483;   0;   4.6;  10.7; 1008.95;   12.9;   74.63;   18.7;    6.5;    3.0;eor
       1766;20180417;   10;   8.1;   1.7;    3;   0.0;   0;   11.750;   0;   4.0;  10.2; 1018.86;   13.1;   71.67;   21.0;    4.0;    1.0;eor
       1766;20180418;   10;   5.1;   1.4;    3;   0.0;   0;   12.933;   0;   4.5;  11.3; 1024.14;   16.6;   64.46;   24.8;    6.5;    3.2;eor
       1766;20180419;   10;   8.2;   2.4;    3;   0.0;   0;   13.150;   0;   3.8;  10.9; 1021.27;   21.2;   46.67;   28.4;   12.9;    8.4;eor
       1766;20180420;   10;   9.3;   2.7;    3;   0.0;   0;   12.433;   0;   2.0;  12.2; 1016.04;   20.5;   52.00;   28.0;   11.7;    6.6;eor
       1766;20180421;   10;   7.0;   2.3;    3;   0.0;   6;   12.167;   0;   3.4;  10.9; 1014.78;   15.7;   63.13;   21.7;    9.8;    5.6;eor
       1766;20180422;   10;  14.4;   2.6;    3;   4.3;   6;    9.017;   0;   4.0;  12.9; 1006.51;   17.1;   68.54;   27.2;    7.2;    4.1;eor
       1766;20180423;   10;  12.2;   4.9;    3;   0.0;   0;    6.950;   0;   4.8;  11.7; 1007.61;   14.8;   69.92;   18.4;    7.6;    4.3;eor
       1766;20180424;   10;  10.3;   4.2;    3;   0.4;   6;    0.033;   0;   7.2;  10.6; 1008.17;   11.5;   77.58;   14.3;    8.6;    6.0;eor
       1766;20180425;   10;  15.6;   5.9;    3;   7.0;   6;    2.950;   0;   5.8;  10.5; 1003.18;   12.5;   71.83;   14.5;    8.1;    4.0;eor
       1766;20180426;   10;  17.1;   5.1;    3;   4.5;   6;    5.467;   0;   5.0;   8.8; 1008.05;    9.5;   74.38;   13.4;    4.5;    1.9;eor
       1766;20180427;   10;   6.7;   2.2;    3;   0.0;   0;    7.383;   0;   5.5;   8.4; 1005.68;   10.3;   69.67;   16.5;    2.8;    0.2;eor
       1766;20180428;   10;  10.1;   3.2;    3;   0.0;   0;    1.717;   0;   7.0;  10.0; 1003.79;   13.3;   66.08;   17.5;    7.0;    4.5;eor
       1766;20180429;   10;   8.2;   1.9;    3;   1.5;   6;    4.800;   0;   6.1;  12.3; 1000.76;   14.8;   73.79;   20.9;    6.4;    3.3;eor
       1766;20180430;   10;  18.0;   6.0;    3;   3.8;   6;    2.300;   0;   6.4;  11.4;  992.51;   12.1;   80.96;   15.7;    6.9;    5.9;eor
       1766;20180501;   10;  17.8;   7.1;    3;   0.1;   6;    5.400;   0;   6.7;   7.5; 1002.12;    7.7;   73.25;   12.7;    2.4;   -0.8;eor
       1766;20180502;   10;   9.9;   3.2;    3;   0.0;   0;   12.917;   0;   3.7;   7.8; 1005.83;   11.0;   62.04;   17.5;    1.8;   -1.1;eor
       1766;20180503;   10;  10.6;   2.6;    3;   0.0;   0;    9.283;   0;   4.8;   8.6; 1011.00;   11.8;   63.79;   16.9;    6.1;    2.0;eor
       1766;20180504;   10;   8.7;   2.2;    3;   0.0;   0;   13.967;   0;   0.6;   8.4; 1017.39;   11.9;   63.83;   18.6;    2.4;   -0.7;eor
       1766;20180505;   10;   8.9;   2.8;    3;   0.0;   0;   14.183;   0;   0.5;   8.3; 1019.45;   14.5;   52.96;   21.2;    6.6;    1.5;eor
       1766;20180506;   10;   8.9;   2.6;    3;   0.0;   0;   14.233;   0;   0.0;   9.5; 1017.84;   17.8;   47.21;   24.8;    7.0;    2.0;eor
       1766;20180507;   10;   9.3;   2.6;    3;   0.0;   0;   14.250;   0;   0.0;  10.5; 1013.36;   19.2;   49.63;   25.7;   10.6;    5.5;eor
       1766;20180508;   10;   9.8;   2.6;    3;   0.0;   0;   14.283;   0;   0.0;  10.3; 1005.68;   20.2;   45.88;   26.8;   10.3;    5.3;eor
       1766;20180509;   10;   7.7;   2.0;    3;   0.0;   0;    9.817;   0;   1.8;  12.6; 1001.03;   20.9;   52.67;   28.5;   11.5;    7.9;eor
       1766;20180510;   10;   9.3;   3.0;    3;   3.8;   6;    0.833;   0;   5.3;  13.6; 1004.77;   14.2;   84.08;   18.5;    7.7;    4.8;eor
       1766;20180511;   10;   6.5;   1.4;    3;   0.0;   0;    6.883;   0;   4.8;  10.7; 1013.43;   13.0;   74.38;   19.4;    5.0;    3.1;eor
       1766;20180512;   10;   7.2;   2.0;    3;   0.0;   6;   10.550;   0;   6.7;  13.3; 1008.49;   18.7;   63.25;   24.0;   10.7;    7.0;eor
       1766;20180513;   10;  12.9;   2.7;    3;  40.3;   6;    5.450;   0;   7.0;  16.6; 1004.87;   16.7;   88.25;   24.6;   13.2;   10.6;eor
       1766;20180514;   10;  10.1;   2.9;    3;   0.0;   0;   13.167;   0;   2.5;  14.1; 1006.18;   19.6;   65.88;   26.6;   11.9;    9.9;eor
       1766;20180515;   10;   7.9;   2.9;    3;   0.0;   6;   12.317;   0;   4.1;  10.9; 1009.22;   18.7;   52.08;   23.6;   11.7;    7.9;eor
       1766;20180516;   10;  13.7;   3.7;    3;   0.0;   6;    5.450;   0;   6.0;  12.9; 1010.10;   16.3;   70.54;   23.6;    9.5;    8.6;eor
       1766;20180517;   10;  11.8;   5.2;    3;   0.0;   0;    6.600;   0;   6.8;   9.5; 1014.42;   11.6;   70.38;   17.1;    9.0;    8.4;eor
       1766;20180518;   10;   9.3;   3.6;    3;   0.0;   0;    7.467;   0;   6.5;   8.9; 1015.55;   11.4;   66.04;   16.3;    6.3;    3.1;eor
       1766;20180519;   10;   6.2;   1.3;    3;   0.0;   0;    5.350;   0;   4.0;   9.5; 1016.43;   11.2;   73.92;   18.1;    4.2;    1.0;eor
       1766;20180520;   10;   9.9;   2.1;    3;   0.0;   0;   14.600;   0;   0.5;  10.6; 1016.19;   16.1;   61.88;   23.5;    5.3;    2.1;eor
       1766;20180521;   10;  10.8;   3.1;    3;   0.4;   6;   14.783;   0;   1.6;  10.7; 1010.61;   19.0;   49.33;   24.1;   10.5;    5.1;eor
       1766;20180522;   10;   7.0;   2.0;    3;   0.0;   6;    6.933;   0;   6.6;  13.4; 1007.36;   18.6;   62.83;   24.8;   12.7;    9.8;eor
       1766;20180523;   10;   8.7;   2.8;    3;   0.0;   0;    6.600;   0;   5.9;  12.4; 1013.40;   19.5;   56.54;   24.6;   15.4;   11.0;eor
       1766;20180524;   10;  11.1;   3.1;    3;   2.3;   6;    3.033;   0;   6.3;  14.2; 1013.94;   17.9;   68.71;   23.1;   14.7;   12.6;eor
       1766;20180525;   10;  11.0;   2.4;    3;   0.0;   6;    7.900;   0;   6.3;  16.9; 1012.65;   20.5;   71.42;   25.2;   16.1;   15.0;eor
       1766;20180526;   10;   8.1;   2.1;    3;   0.0;   0;   13.617;   0;   3.5;  14.4; 1014.35;   22.9;   53.50;   29.0;   15.9;   13.5;eor
       1766;20180527;   10;   9.6;   2.5;    3;   1.1;   8;    9.800;   0;   4.3;  15.8; 1012.66;   20.9;   65.54;   28.1;   15.6;   13.0;eor
       1766;20180528;   10;   6.2;   1.7;    3;   0.0;   0;   14.350;   0;   5.6;  17.7; 1011.42;   23.0;   66.42;   29.8;   14.0;   11.5;eor
       1766;20180529;   10;  13.4;   2.3;    3;   2.1;   6;    9.467;   0;   5.2;  19.1; 1006.64;   23.7;   68.50;   31.9;   17.6;   13.7;eor
       1766;20180530;   10;   5.3;   1.6;    3;   0.0;   0;   10.567;   0;   4.3;  19.2; 1007.85;   22.4;   73.04;   28.2;   17.2;   15.5;eor
       1766;20180531;   10;  12.2;   1.8;    3;   0.0;   6;    8.317;   0;   5.6;  19.5; 1007.99;   22.1;   76.42;   30.2;   16.9;   14.0;eor
       1766;20180601;   10;   9.3;   2.4;    3;   1.9;   6;    3.533;   0;   7.0;  19.6; 1008.86;   20.3;   83.04;   25.1;   16.5;   13.9;eor
       1766;20180602;   10;   8.2;   3.3;    3;   0.0;   6;    1.967;   0;   6.5;  17.4; 1011.52;   17.8;   85.79;   22.3;   14.6;   11.0;eor
       1766;20180603;   10;   7.5;   1.6;    3;   0.0;   0;    4.500;   0;   4.5;  16.5; 1012.03;   18.4;   79.79;   23.2;   13.3;   10.0;eor
       1766;20180604;   10;   9.3;   2.9;    3;   0.0;   0;   11.733;   0;   3.0;  16.4; 1007.97;   18.4;   79.13;   24.0;   11.9;    8.8;eor
       1766;20180605;   10;   5.1;   2.0;    3;   0.0;   0;    5.683;   0;   5.3;  14.6; 1007.91;   16.8;   77.21;   22.2;   11.9;    7.1;eor
       1766;20180606;   10;   8.4;   2.0;    3;   0.0;   0;   15.050;   0;   0.8;  14.8; 1007.66;   20.6;   64.92;   28.0;   10.3;    6.1;eor
       1766;20180607;   10;   7.7;   2.1;    3;   1.2;   6;   11.683;   0;   3.2;  17.6; 1007.63;   23.1;   63.42;   30.8;   15.1;   11.0;eor
       1766;20180608;   10;   7.4;   2.1;    3;  14.0;   6;    2.617;   0;   6.7;  20.0; 1007.48;   20.3;   83.71;   25.5;   16.6;   14.7;eor
       1766;20180609;   10;   7.4;   2.5;    3;   1.6;   6;    9.367;   0;   5.5;  18.5; 1006.35;   21.6;   71.63;   27.7;   16.0;   14.1;eor
       1766;20180610;   10;   8.2;   2.9;    3;   0.1;   6;    4.333;   0;   6.1;  17.8; 1006.17;   18.8;   82.33;   24.1;   13.8;   11.3;eor
       1766;20180611;   10;   7.9;   3.4;    3;   0.0;   0;   11.433;   0;   4.9;  13.4; 1006.79;   17.4;   68.54;   22.9;   12.7;   11.5;eor
       1766;20180612;   10;   8.7;   3.2;    3;   0.0;   6;    1.233;   0;   6.9;  12.3; 1007.00;   15.2;   71.75;   18.4;   11.7;   11.0;eor
       1766;20180613;   10;   9.8;   3.2;    3;   0.0;   6;    0.783;   0;   6.8;  11.4; 1009.45;   14.1;   71.46;   18.6;    8.4;    4.5;eor
       1766;20180614;   10;  11.1;   3.2;    3;   3.4;   6;    6.850;   0;   6.5;  13.0; 1009.04;   15.1;   77.67;   22.1;    6.8;    3.8;eor
       1766;20180615;   10;   5.1;   1.5;    3;   0.0;   0;    6.183;   0;   6.4;  14.9; 1010.05;   18.7;   71.63;   24.2;   12.6;   11.3;eor
       1766;20180616;   10;  11.5;   2.9;    3;   0.8;   6;    6.817;   0;   6.4;  14.5; 1008.42;   19.0;   69.13;   25.1;   13.6;   11.1;eor
       1766;20180617;   10;  12.9;   4.4;    3;   0.0;   6;    4.700;   0;   6.7;  12.8; 1010.79;   16.9;   67.92;   19.8;   12.6;    9.9;eor
       1766;20180618;   10;  12.2;   3.8;    3;   0.1;   6;    0.200;   0;   6.6;  15.4; 1013.50;   17.4;   77.54;   21.5;   13.2;   12.1;eor
       1766;20180619;   10;   9.3;   3.2;    3;   0.2;   6;    0.033;   0;   7.1;  16.9; 1016.28;   18.2;   80.63;   22.1;   14.8;   12.6;eor
       1766;20180620;   10;  12.3;   3.5;    3;   2.7;   6;    7.467;   0;   4.3;  17.5; 1013.78;   21.5;   70.58;   27.9;   16.3;   12.0;eor
       1766;20180621;   10;  17.5;   5.7;    3;   6.2;   6;    6.717;   0;   4.5;  12.6; 1011.30;   15.1;   72.92;   18.7;    9.6;    8.9;eor
       1766;20180622;   10;  15.8;   5.5;    3;   3.6;   6;    3.700;   0;   6.1;  11.4; 1016.77;   12.8;   77.79;   16.7;    9.5;    8.7;eor
       1766;20180623;   10;  11.3;   4.5;    3;   0.0;   6;    4.567;   0;   6.7;  10.8; 1018.66;   14.2;   68.50;   19.0;   10.4;    7.9;eor
       1766;20180624;   10;   7.7;   2.8;    3;   0.7;   6;    0.067;   0;   7.4;  12.9; 1016.30;   13.3;   84.42;   15.9;    9.7;    8.1;eor
       1766;20180625;   10;   8.7;   3.6;    3;   0.0;   6;    6.733;   0;   5.3;  13.9; 1017.25;   16.4;   76.96;   21.9;   12.7;   11.7;eor
       1766;20180626;   10;   5.7;   2.1;    3;   0.0;   6;    2.383;   0;   6.4;  13.0; 1019.39;   14.0;   81.17;   18.4;    9.2;    5.6;eor
       1766;20180627;   10;   9.6;   2.5;    3;   0.0;   0;   13.083;   0;   2.8;  13.3; 1018.70;   18.1;   67.83;   26.4;    8.2;    4.4;eor
       1766;20180628;   10;   9.6;   3.4;    3;   0.0;   0;   14.750;   0;   1.7;  13.5; 1016.53;   21.5;   56.13;   28.2;   12.0;    7.7;eor
       1766;20180629;   10;   9.8;   3.1;    3;   0.0;   0;   15.467;   0;   0.3;  13.9; 1012.41;   21.1;   58.33;   29.0;   12.0;    8.1;eor
       1766;20180630;   10;  10.8;   3.3;    3;   0.0;   0;   15.500;   0;   0.2;  10.7; 1011.05;   20.7;   47.33;   26.8;   14.1;    9.9;eor
       1766;20180701;   10;  12.0;   3.4;    3;   0.0;   0;   15.517;   0;   0.0;   8.4; 1012.44;   20.0;   37.42;   25.0;   14.7;   11.0;eor
       1766;20180702;   10;   9.4;   2.8;    3;   0.0;   0;   15.433;   0;   0.3;   8.9; 1011.54;   19.6;   41.54;   26.0;   12.4;    6.1;eor
       1766;20180703;   10;   9.8;   2.1;    3;   0.0;   0;   15.450;   0;   1.3;  10.8; 1010.69;   21.0;   48.83;   29.0;    9.6;    5.1;eor
       1766;20180704;   10;   6.7;   2.1;    3;   0.0;   0;   12.950;   0;   5.0;  13.6; 1007.75;   21.8;   56.42;   30.7;   11.3;    7.2;eor
       1766;20180705;   10;   9.8;   3.1;    3;   0.0;   6;   14.750;   0;   3.8;  14.8; 1007.48;   20.6;   63.75;   27.6;   13.5;   10.8;eor
       1766;20180706;   10;  12.5;   3.7;    3;   0.0;   0;    8.533;   0;   4.9;  12.2; 1013.29;   19.3;   57.08;   26.4;   12.2;    8.0;eor
       1766;20180707;   10;  10.3;   2.9;    3;   0.0;   0;   14.450;   0;   4.1;  11.3; 1017.06;   17.8;   58.29;   25.6;    9.3;    5.9;eor
       1766;20180708;   10;   9.4;   3.1;    3;   0.0;   0;   15.300;   0;   0.9;  11.6; 1017.66;   17.9;   60.46;   25.4;    8.6;    4.2;eor
       1766;20180709;   10;  10.8;   3.4;    3;   0.0;   6;    2.983;   0;   5.4;  13.7; 1015.98;   16.8;   71.67;   23.0;   10.2;    6.6;eor
       1766;20180710;   10;  14.2;   4.9;    3;   4.0;   6;    3.167;   0;   5.9;  12.8; 1009.79;   15.1;   75.13;   20.8;   12.0;    9.7;eor
       1766;20180711;   10;  10.1;   2.6;    3;   3.4;   6;    1.117;   0;   6.3;  15.6; 1010.32;   15.5;   87.50;   19.5;    9.7;    7.2;eor
       1766;20180712;   10;   9.4;   2.1;    3;   0.5;   6;    9.900;   0;   3.1;  16.7; 1011.59;   19.1;   77.38;   27.4;   13.2;   10.2;eor
       1766;20180713;   10;   7.9;   2.8;    3;   0.0;   0;   10.983;   0;   2.3;  14.4; 1014.13;   19.0;   68.96;   26.4;   11.7;    9.3;eor
       1766;20180714;   10;   8.4;   2.4;    3;   0.0;   0;   12.117;   0;   2.6;  13.6; 1013.85;   18.9;   65.04;   25.6;   13.0;    9.3;eor
       1766;20180715;   10;   8.2;   2.2;    3;   0.0;   0;   15.150;   0;   0.4;  12.3; 1011.22;   19.8;   57.83;   27.3;    9.8;    5.9;eor
       1766;20180716;   10;   7.2;   2.0;    3;   0.0;   0;   14.967;   0;   1.0;  12.8; 1007.48;   22.3;   51.79;   29.8;   12.5;    8.5;eor
       1766;20180717;   10;  10.8;   3.2;    3;   0.0;   0;   13.000;   0;   2.3;  13.9; 1007.83;   23.0;   53.71;   30.8;   13.3;    9.9;eor
       1766;20180718;   10;   9.4;   2.2;    3;   0.0;   0;    9.000;   0;   2.8;  12.7; 1012.20;   19.9;   57.25;   26.5;   11.8;    8.8;eor
       1766;20180719;   10;   7.4;   1.5;    3;   0.0;   0;    7.717;   0;   3.5;  11.4; 1011.85;   20.5;   50.79;   28.2;   10.4;    6.9;eor
       1766;20180720;   10;   7.2;   2.0;    3;   0.4;   6;   11.250;   0;   5.6;  12.4; 1006.92;   23.5;   45.21;   30.5;   15.4;   12.6;eor
       1766;20180721;   10;   7.2;   1.7;    3;   0.0;   0;    4.300;   0;   5.5;  15.4; 1004.72;   22.5;   58.88;   29.4;   16.8;   14.0;eor
       1766;20180722;   10;   9.6;   2.8;    3;   0.0;   0;    9.800;   0;   4.2;  15.7; 1007.70;   22.2;   61.25;   29.0;   15.3;   14.1;eor
       1766;20180723;   10;   6.2;   1.7;    3;   0.0;   0;   14.717;   0;   2.3;  15.3; 1010.27;   23.4;   56.58;   30.9;   15.5;   12.8;eor
       1766;20180724;   10;   7.5;   1.4;    3;   0.0;   0;   14.650;   0;   1.0;  15.5; 1008.35;   26.1;   50.58;   34.1;   16.2;   13.1;eor
       1766;20180725;   10;  10.3;   2.6;    3;   0.0;   6;    8.467;   0;   3.7;  17.9; 1008.65;   26.5;   54.79;   35.9;   19.1;   16.3;eor
       1766;20180726;   10;  11.1;   2.2;    3;   0.0;   0;   11.267;   0;   2.7;  16.3; 1008.96;   28.5;   47.08;   36.0;   19.1;   16.1;eor
       1766;20180727;   10;  13.0;   2.5;    3;   0.0;   0;   14.583;   0;   1.4;  14.4; 1006.30;   29.4;   36.63;   35.2;   20.6;   16.0;eor
       1766;20180728;   10;  15.9;   3.1;    3;   0.6;   6;    5.983;   0;   4.2;  17.8; 1002.57;   23.2;   63.42;   28.7;   14.2;   10.1;eor
       1766;20180729;   10;  12.7;   3.0;    3;   0.0;   0;    3.833;   0;   6.3;  14.3; 1007.30;   22.3;   58.17;   28.6;   13.6;    9.9;eor
       1766;20180730;   10;   9.4;   1.8;    3;   0.0;   0;   10.633;   0;   5.4;  14.9; 1008.45;   26.4;   45.75;   34.0;   19.4;   17.9;eor
       1766;20180731;   10;  13.2;   3.4;    3;   0.0;   0;   12.433;   0;   4.3;  17.4; 1010.16;   25.6;   54.88;   33.1;   18.9;   16.3;eor
       1766;20180801;   10;   8.2;   2.2;    3;   0.0;   0;    8.833;   0;   4.8;  14.2; 1014.89;   22.8;   53.58;   29.2;   14.3;   11.1;eor
       1766;20180802;   10;   6.7;   2.1;    3;   0.0;   0;   12.950;   0;   2.3;  15.2; 1015.85;   25.6;   49.29;   33.7;   16.2;   13.1;eor
       1766;20180803;   10;   8.6;   2.2;    3;   0.0;   0;   13.350;   0;   0.7;  16.3; 1014.53;   26.7;   49.42;   35.1;   16.6;   14.4;eor
       1766;20180804;   10;  11.0;   3.5;    3;   0.0;   0;    9.283;   0;   4.2;  17.1; 1013.16;   24.6;   57.08;   31.7;   18.6;   15.3;eor
       1766;20180805;   10;   8.2;   2.9;    3;   0.0;   0;   11.200;   0;   2.9;  14.6; 1015.75;   21.1;   61.13;   27.0;   15.3;   10.5;eor
       1766;20180806;   10;   7.5;   1.7;    3;   0.0;   0;   14.033;   0;   2.5;  12.8; 1010.07;   23.3;   50.54;   33.1;   12.0;    8.0;eor
       1766;20180807;   10;  13.9;   2.1;    3;   0.0;   6;   13.483;   0;   1.4;  12.9; 1003.00;   27.5;   40.58;   37.5;   15.6;   12.2;eor
       1766;20180808;   10;  13.7;   3.5;    3;   0.0;   6;    1.650;   0;   5.1;  16.6; 1005.05;   22.6;   60.54;   27.7;   17.1;   13.9;eor
       1766;20180809;   10;  17.8;   3.8;    3;   5.5;   6;    4.433;   0;   6.3;  17.7; 1005.47;   21.2;   71.25;   29.7;   14.3;   11.3;eor
       1766;20180810;   10;  14.7;   5.6;    3;   2.1;   6;    9.233;   0;   4.4;  11.8; 1013.12;   18.7;   57.13;   23.5;   14.2;   12.5;eor
       1766;20180811;   10;  14.6;   5.2;    3;   0.0;   0;    9.667;   0;   4.0;  11.4; 1014.53;   17.1;   60.96;   22.9;   10.9;    7.8;eor
       1766;20180812;   10;   9.3;   2.2;    3;   0.0;   0;    9.567;   0;   6.0;  11.9; 1008.73;   18.8;   58.92;   28.0;    8.8;    5.5;eor
       1766;20180813;   10;  16.3;   3.0;    3;   6.1;   6;    1.600;   0;   6.1;  15.3; 1000.67;   18.6;   71.29;   25.3;   16.1;   14.4;eor
       1766;20180814;   10;  14.1;   4.7;    3;   0.0;   6;    4.317;   0;   6.5;  16.2; 1006.45;   19.2;   74.42;   24.1;   16.0;   14.9;eor
       1766;20180815;   10;   7.7;   2.8;    3;   0.0;   0;    2.133;   0;   6.0;  16.3; 1012.16;   20.3;   69.46;   25.1;   15.7;   13.7;eor
       1766;20180816;   10;   9.6;   3.0;    3;   0.7;   6;    9.933;   0;   4.9;  16.3; 1009.68;   20.6;   69.88;   27.5;   15.0;   12.4;eor
       1766;20180817;   10;   7.2;   2.0;    3;   3.8;   6;    4.533;   0;   4.8;  15.6; 1011.70;   17.6;   78.67;   23.0;   12.6;    9.7;eor
       1766;20180818;   10;  11.8;   2.8;    3;   0.0;   0;   12.383;   0;   4.0;  13.4; 1015.38;   18.0;   68.46;   25.2;    9.6;    6.8;eor
       1766;20180819;   10;  12.3;   3.7;    3;   0.1;   6;   11.033;   0;   4.0;  15.0; 1013.62;   19.8;   67.54;   25.8;   12.2;    9.9;eor
       1766;20180820;   10;   8.2;   3.4;    3;   0.1;   6;    0.550;   0;   7.0;  18.2; 1012.64;   20.8;   74.42;   24.8;   18.0;   15.9;eor
       1766;20180821;   10;   5.3;   1.4;    3;   0.0;   0;    3.933;   0;   4.8;  16.9; 1014.23;   20.5;   72.29;   26.3;   13.3;   11.2;eor
       1766;20180822;   10;   8.9;   2.1;    3;   0.0;   0;   10.033;   0;   3.7;  16.3; 1010.37;   23.5;   58.63;   31.3;   15.6;   13.7;eor
       1766;20180823;   10;  11.8;   3.7;    3;   1.0;   6;    9.433;   0;   2.9;  17.1; 1005.95;   21.2;   70.29;   27.5;   14.5;   11.6;eor
       1766;20180824;   10;  14.1;   4.7;    3;   2.8;   6;    4.067;   0;   6.4;  12.7; 1004.38;   17.1;   66.42;   22.0;   13.6;   10.9;eor
       1766;20180825;   10;  12.2;   4.6;    3;   3.9;   6;    3.400;   0;   5.5;  11.5; 1004.17;   13.0;   77.21;   18.1;    8.4;    6.5;eor
       1766;20180826;   10;  13.0;   2.6;    3;   1.4;   6;    9.367;   0;   4.4;   9.6; 1008.53;   14.1;   64.58;   20.4;    5.3;    3.0;eor
       1766;20180827;   10;  17.3;   5.9;    3;   1.5;   6;    1.683;   0;   7.3;  14.0; 1004.90;   16.8;   73.83;   22.4;   13.1;   11.8;eor
       1766;20180828;   10;   5.7;   2.0;    3;   0.0;   0;    1.800;   0;   5.5;  13.9; 1012.45;   18.0;   68.04;   22.4;   14.0;   10.8;eor
       1766;20180829;   10;   7.2;   2.3;    3;  13.8;   6;    7.667;   0;   5.7;  14.0; 1007.02;   19.3;   64.96;   27.1;   12.5;    8.5;eor
       1766;20180830;   10;  11.1;   3.8;    3;   0.3;   6;    2.450;   0;   6.2;  14.9; 1012.86;   15.7;   84.21;   21.0;    9.5;    7.2;eor
       1766;20180831;   10;   7.7;   1.6;    3;   0.0;   6;    3.883;   0;   6.7;  11.6; 1016.85;   13.7;   75.71;   19.4;    7.8;    5.9;eor
       1766;20180901;   10;   7.2;   2.2;    3;   0.0;   0;    9.550;   0;   2.1;  11.5; 1020.19;   14.5;   71.88;   21.6;    6.8;    3.4;eor
       1766;20180902;   10;  10.3;   2.5;    3;   0.0;   0;   11.000;   0;   3.2;  12.3; 1018.75;   18.2;   62.04;   24.0;   11.3;    7.6;eor
       1766;20180903;   10;   7.7;   2.0;    3;   1.9;   6;    2.350;   0;   6.6;  17.5; 1011.68;   20.2;   74.46;   24.8;   16.1;   14.0;eor
       1766;20180904;   10;   7.2;   1.4;    3;   0.0;   0;    6.233;   0;   4.4;  18.8; 1010.28;   20.9;   78.17;   28.0;   15.4;   13.1;eor
       1766;20180905;   10;   7.2;   1.7;    3;   0.0;   0;   11.233;   0;   2.0;  14.2; 1010.52;   19.7;   65.38;   27.0;   12.6;    9.8;eor
       1766;20180906;   10;   5.8;   1.9;    3;   1.8;   6;    1.667;   0;   6.1;  15.9; 1005.90;   16.5;   84.42;   19.5;   12.1;    9.6;eor
       1766;20180907;   10;  12.7;   4.5;    3;   2.2;   6;    5.667;   0;   4.1;  12.8; 1006.87;   15.5;   72.75;   18.9;   11.7;    8.8;eor
       1766;20180908;   10;  10.6;   3.6;    3;   0.0;   6;    5.550;   0;   5.8;  11.0; 1012.64;   15.1;   64.92;   19.6;   11.1;    9.3;eor
       1766;20180909;   10;   8.4;   2.5;    3;   0.0;   6;    4.883;   0;   5.5;  12.8; 1013.89;   17.2;   66.96;   24.0;   11.3;    8.7;eor
       1766;20180910;   10;   9.3;   2.7;    3;   0.0;   0;    0.150;   0;   6.5;  14.1; 1014.66;   17.1;   72.92;   21.1;   12.5;   10.9;eor
       1766;20180911;   10;  14.4;   5.2;    3;   0.0;   0;    5.417;   0;   6.5;  14.8; 1013.97;   20.0;   64.79;   25.2;   14.5;   13.3;eor
       1766;20180912;   10;   9.8;   3.1;    3;   0.3;   6;    0.183;   0;   7.1;  15.7; 1014.42;   16.4;   83.96;   21.2;   13.1;   12.6;eor
       1766;20180913;   10;   5.7;   1.5;    3;   0.0;   0;    3.950;   0;   5.5;  12.5; 1015.01;   14.3;   78.08;   19.7;    8.3;    3.9;eor
       1766;20180914;   10;   8.1;   2.2;    3;   0.0;   0;    5.917;   0;   3.9;  10.3; 1014.14;   13.2;   72.17;   20.7;    4.8;    1.2;eor
       1766;20180915;   10;   9.8;   3.0;    3;   0.0;   6;    3.450;   0;   5.3;  12.1; 1016.57;   14.9;   72.08;   19.9;    9.6;    6.4;eor
       1766;20180916;   10;   8.1;   2.1;    3;   0.0;   0;    8.367;   0;   5.6;  11.6; 1015.74;   15.3;   70.71;   23.2;    8.4;    5.2;eor
       1766;20180917;   10;   7.7;   1.5;    3;   0.0;   0;   10.283;   0;   4.8;  11.6; 1011.96;   16.3;   67.63;   26.0;    8.2;    4.7;eor
       1766;20180918;   10;  13.0;   4.2;    3;   0.0;   0;   11.533;   0;   0.5;  12.9; 1006.69;   21.9;   52.04;   31.5;   13.3;    8.4;eor
       1766;20180919;   10;  14.4;   4.0;    3;   0.0;   0;    9.217;   0;   3.4;  14.9; 1010.43;   20.7;   63.17;   27.6;   12.3;    8.5;eor
       1766;20180920;   10;  13.0;   3.9;    3;   0.0;   0;    8.750;   0;   5.5;  14.1; 1008.63;   20.0;   61.83;   25.7;   15.5;   11.9;eor
       1766;20180921;   10;  21.6;   6.5;    3;   7.6;   6;    2.267;   0;   6.3;  12.1; 1001.16;   16.7;   64.21;   22.5;   10.2;    9.0;eor
       1766;20180922;   10;  14.2;   4.8;    3;   2.6;   6;    1.067;   0;   6.4;  11.2; 1011.45;   12.2;   79.67;   16.4;   10.2;    8.5;eor
       1766;20180923;   10;   9.4;   3.0;    3;  12.0;   6;    0.000;   0;   7.3;  11.4; 1008.05;    9.8;   93.63;   11.3;    7.3;    5.7;eor
       1766;20180924;   10;  16.3;   4.1;    3;   0.7;   6;    7.900;   0;   2.8;   9.1; 1024.55;    9.1;   79.58;   15.2;    4.5;    1.2;eor
       1766;20180925;   10;   7.7;   1.1;    3;   0.0;   0;    6.450;   0;   3.6;   8.8; 1031.59;    8.1;   83.38;   15.9;    1.7;   -0.6;eor
       1766;20180926;   10;   9.8;   3.1;    3;   0.0;   0;    8.367;   0;   6.2;   8.7; 1026.58;   11.6;   67.17;   18.4;    4.0;    1.3;eor
       1766;20180927;   10;   7.7;   2.2;    3;   0.0;   6;    8.533;   0;   2.9;   9.2; 1019.93;   15.0;   58.00;   22.9;    6.7;    2.6;eor
       1766;20180928;   10;  11.1;   2.9;    3;   0.0;   6;    3.800;   0;   4.3;   9.5; 1019.67;   10.9;   74.88;   17.0;    3.6;   -0.8;eor
       1766;20180929;   10;   4.6;   0.9;    3;   0.0;   0;   10.650;   0;   3.1;   7.8; 1021.85;    7.5;   77.92;   15.6;    0.5;   -2.4;eor
       1766;20180930;   10;   5.7;   1.4;    3;   0.0;   6;    6.017;   0;   5.0;   7.8; 1011.07;    9.1;   70.67;   16.9;    0.7;   -2.4;eor
       1766;20181001;   10;  16.6;   3.7;    3;   3.5;   8;    6.983;   0;   4.1;   9.1; 1010.98;    8.9;   79.83;   13.8;    4.4;    1.5;eor
       1766;20181002;   10;  12.9;   5.0;    3;   1.9;   6;    0.417;   0;   5.3;  10.3; 1010.14;    9.3;   87.00;   14.1;    4.6;    2.8;eor
       1766;20181003;   10;  10.6;   4.0;    3;   0.0;   6;    6.150;   0;   6.0;   9.6; 1016.87;   11.3;   72.75;   16.1;    7.0;    3.3;eor
       1766;20181004;   10;   7.9;   2.6;    3;   0.0;   6;    0.200;   0;   6.0;  11.8; 1019.22;   12.8;   80.29;   17.1;    9.3;    5.6;eor
       1766;20181005;   10;   6.2;   1.7;    3;   0.0;   0;   10.567;   0;   2.3;  11.4; 1012.14;   13.1;   79.29;   22.2;    7.0;    3.9;eor
       1766;20181006;   10;   7.9;   2.0;    3;   0.0;   6;    9.850;   0;   4.1;  12.5; 1003.13;   14.6;   77.38;   23.8;    6.0;    2.4;eor
       1766;20181007;   10;  12.0;   3.5;    3;   0.0;   0;    8.000;   0;   5.2;   9.5; 1012.64;   10.4;   76.25;   14.5;    3.0;   -0.7;eor
       1766;20181008;   10;   5.1;   1.1;    3;   0.0;   0;    7.233;   0;   5.5;   8.4; 1015.62;    8.1;   80.25;   16.3;    1.5;   -1.8;eor
       1766;20181009;   10;   4.1;   1.2;    3;   0.0;   0;    7.817;   0;   5.0;  10.1; 1015.45;    9.8;   85.17;   18.1;    3.5;    0.2;eor
       1766;20181010;   10;   8.4;   1.8;    3;   0.0;   0;    9.950;   0;   2.1;  12.5; 1011.99;   15.2;   74.88;   24.1;    5.3;    2.0;eor
       1766;20181011;   10;   6.5;   2.1;    3;   0.0;   0;    9.283;   0;   3.1;  13.5; 1007.01;   17.9;   66.96;   24.0;   13.1;    9.8;eor
       1766;20181012;   10;  10.5;   2.8;    3;   0.0;   0;    9.533;   0;   4.3;  14.4; 1012.61;   18.7;   67.79;   25.2;   10.5;    6.7;eor
       1766;20181013;   10;   9.8;   2.4;    3;   0.0;   0;    9.767;   0;   3.5;  13.7; 1012.26;   20.0;   61.63;   28.3;   13.7;    9.9;eor
       1766;20181014;   10;  11.7;   3.0;    3;   0.0;   0;    9.667;   0;   1.0;  12.2; 1004.65;   19.0;   56.96;   26.4;   14.2;   10.7;eor
       1766;20181015;   10;   8.1;   1.9;    3;   0.0;   0;    8.533;   0;   2.1;  12.8; 1006.65;   16.9;   69.42;   25.3;   10.0;    6.1;eor
       1766;20181016;   10;   4.3;   1.0;    3;   0.0;   0;    7.900;   0;   4.1;  13.4; 1012.16;   15.6;   77.92;   24.3;   10.2;    5.6;eor
       1766;20181017;   10;   3.6;   1.2;    3;   0.0;   0;    5.750;   0;   5.7;  13.6; 1012.97;   14.8;   82.92;   22.1;    9.4;    4.7;eor
       1766;20181018;   10;   7.7;   2.1;    3;   1.0;   6;    0.150;   0;   5.9;  13.0; 1017.57;   11.8;   93.46;   14.3;    6.6;    1.2;eor
       1766;20181019;   10;   6.2;   1.7;    3;   0.0;   0;    7.883;   0;   3.8;   9.3; 1019.41;    8.1;   87.50;   15.1;    2.6;   -1.3;eor
       1766;20181020;   10;   4.6;   1.1;    3;   0.0;   0;    6.333;   0;   3.9;   8.3; 1023.77;    6.9;   84.88;   15.0;   -0.2;   -3.5;eor
       1766;20181021;   10;   5.7;   1.3;    3;   0.0;   6;    5.083;   0;   4.8;   9.1; 1022.22;    8.3;   84.71;   16.4;    2.5;   -1.0;eor
       1766;20181022;   10;   9.9;   2.5;    3;   0.5;   6;    3.417;   0;   4.7;   9.4; 1023.83;    9.6;   78.96;   15.3;    3.3;   -1.0;eor
       1766;20181023;   10;  15.1;   6.3;    3;   3.3;   6;    0.000;   0;   7.0;  10.9; 1015.97;   10.1;   86.71;   12.7;    4.4;    1.6;eor
       1766;20181024;   10;  14.4;   5.7;    3;   1.0;   6;    2.200;   0;   7.3;  13.5; 1014.59;   13.0;   89.79;   15.3;   11.7;   10.7;eor
       1766;20181025;   10;   9.8;   4.8;    3;   1.9;   6;    0.050;   0;   7.4;  12.7; 1010.98;   11.9;   91.17;   12.8;   10.7;   10.4;eor
       1766;20181026;   10;  11.3;   5.1;    3;   0.6;   6;    0.000;   0;   7.0;  10.7; 1000.52;    9.9;   87.17;   11.2;    6.5;    5.1;eor
       1766;20181027;   10;  10.3;   3.4;    3;   0.0;   6;    5.983;   0;   3.5;   7.9; 1001.81;    6.2;   84.25;   10.9;    2.7;   -0.2;eor
       1766;20181028;   10;  11.7;   4.7;    3;   0.0;   6;    4.533;   0;   5.3;   6.4; 1009.76;    3.6;   81.46;    6.9;   -0.3;   -1.8;eor
       1766;20181029;   10;  11.0;   4.5;    3;  10.6;   6;    0.000;   0;   7.0;   7.2;  998.64;    4.6;   85.25;    5.9;    3.6;    2.9;eor
       1766;20181030;   10;  19.9;   5.1;    3;   5.8;   6;    0.000;   0;   7.5;   8.4;  984.40;    6.1;   88.92;    9.2;    3.7;    3.5;eor
       1766;20181031;   10;  14.9;   3.9;    3;   0.0;   6;    5.733;   0;   6.0;   8.5; 1006.32;    9.0;   74.21;   11.4;    4.7;    2.3;eor
       1766;20181101;   10;   6.2;   1.9;    3;   3.7;   6;    0.350;   0;   6.7;   9.7; 1004.70;    9.4;   82.04;   10.9;    6.0;    2.7;eor
       1766;20181102;   10;  10.8;   3.3;    3;   0.2;   6;    0.783;   0;   5.0;   9.6; 1014.45;    8.2;   87.71;   10.8;    0.0;   -2.5;eor
       1766;20181103;   10;   3.6;   1.1;    3;   0.0;   0;    7.850;   0;   3.8;   6.9; 1021.81;    2.8;   92.38;    9.5;   -1.3;   -3.8;eor
       1766;20181104;   10;   4.6;   1.4;    3;   0.0;   0;    0.050;   0;   5.6;   9.2; 1011.15;    7.1;   90.63;   10.7;    1.3;   -2.5;eor
       1766;20181105;   10;   6.0;   1.3;    3;   0.0;   0;    0.000;   0;   6.3;  10.5; 1003.08;    8.5;   93.96;   12.1;    4.4;    0.6;eor
       1766;20181106;   10;   5.5;   1.3;    3;   0.0;   0;    3.733;   0;   5.7;  10.7; 1001.12;   10.9;   83.33;   17.7;    4.6;    1.4;eor
       1766;20181107;   10;   8.9;   2.5;    3;   0.1;   6;    6.917;   0;   5.1;  10.4; 1003.03;   11.7;   77.13;   17.2;    6.5;    2.2;eor
       1766;20181108;   10;   6.7;   2.0;    3;   4.4;   6;    6.233;   0;   3.5;   9.5; 1013.17;    8.9;   83.54;   13.5;    1.8;   -1.7;eor
       1766;20181109;   10;   6.7;   2.1;    3;   0.0;   6;    5.967;   0;   5.7;  11.0; 1007.23;    9.8;   90.92;   14.0;    3.0;    1.1;eor
       1766;20181110;   10;  10.3;   4.0;    3;   1.6;   6;    0.000;   0;   7.1;  11.8;  997.99;   12.2;   82.71;   14.3;    9.1;    6.5;eor
       1766;20181111;   10;  12.3;   4.5;    3;   1.1;   6;    0.383;   0;   6.9;  11.8; 1000.61;   12.5;   81.67;   14.7;   11.3;    8.9;eor
       1766;20181112;   10;   6.2;   2.0;    3;   1.7;   6;    0.000;   0;   7.5;  12.2; 1007.85;   10.7;   94.63;   11.6;    9.2;    7.4;eor
       1766;20181113;   10;  14.1;   4.3;    3;   0.1;   6;    2.217;   0;   4.6;  10.5; 1016.12;   10.3;   83.83;   12.2;    8.0;    5.4;eor
       1766;20181114;   10;   5.7;   1.9;    3;   0.0;   0;    6.933;   0;   4.0;   9.1; 1021.74;    7.2;   89.75;   13.3;    1.4;   -1.0;eor
       1766;20181115;   10;   5.1;   1.7;    3;   0.0;   0;    7.717;   0;   2.8;   8.0; 1020.11;    5.0;   91.58;    9.5;    1.7;   -1.1;eor
       1766;20181116;   10;   6.7;   1.4;    3;   0.0;   0;    7.683;   0;   0.3;   6.8; 1022.93;    4.3;   82.54;   11.6;   -3.0;   -4.8;eor
       1766;20181117;   10;   8.2;   2.5;    3;   0.0;   0;    7.700;   0;   0.2;   6.3; 1026.42;    4.3;   75.63;    9.5;   -0.9;   -5.2;eor
       1766;20181118;   10;   8.9;   2.8;    3;   0.0;   6;    5.850;   0;   3.7;   5.2; 1024.12;    1.3;   77.88;    5.4;   -2.8;   -5.3;eor
       1766;20181119;   10;  15.1;   5.2;    3;   0.0;   6;    0.333;   0;   6.5;   6.9; 1014.80;    4.8;   79.96;    6.0;    2.4;    0.8;eor
       1766;20181120;   10;  15.3;   4.7;    3;   1.4;   8;    0.000;   0;   7.3;   5.7; 1006.57;    2.6;   78.04;    3.4;    0.9;   -0.1;eor
       1766;20181121;   10;  10.3;   2.9;    3;   0.0;   0;    1.967;   0;   6.6;   6.1; 1011.41;    2.8;   81.33;    5.2;    1.2;   -0.3;eor
       1766;20181122;   10;   5.1;   1.9;    3;   0.0;   0;    0.000;   0;   7.0;   6.2; 1014.39;    2.5;   84.83;    3.3;    0.9;   -1.8;eor
       1766;20181123;   10;   4.1;   1.5;    3;   0.0;   0;    6.833;   0;   2.2;   6.2; 1011.98;    1.7;   90.21;    7.4;   -1.6;   -4.8;eor
       1766;20181124;   10;   7.7;   2.4;    3;   0.8;   6;    0.000;   0;   7.3;   6.7; 1005.88;    1.7;   96.67;    3.1;   -0.9;   -2.9;eor
       1766;20181125;   10;   6.7;   2.6;    3;   0.0;   6;    0.000;   0;   8.0;   7.4; 1005.06;    3.0;   97.58;    4.5;    2.0;    1.9;eor
       1766;20181126;   10;   8.6;   2.6;    3;   0.0;   0;    0.000;   0;   7.5;   7.1; 1007.04;    3.9;   87.58;    5.1;    3.0;    2.5;eor
       1766;20181127;   10;   5.7;   1.6;    3;   0.0;   0;    0.000;   0;   6.7;   5.8; 1014.05;    2.2;   81.29;    3.9;   -1.8;   -5.1;eor
       1766;20181128;   10;   8.4;   3.5;    3;   1.6;   6;    0.200;   0;   5.7;   6.1; 1013.61;    2.6;   81.29;    6.9;   -2.0;   -3.6;eor
       1766;20181129;   10;  10.8;   4.4;    3;   2.1;   6;    0.000;   0;   7.6;   9.1; 1006.63;    8.8;   80.38;   10.7;    6.8;    6.2;eor
       1766;20181130;   10;   7.4;   3.3;    3;   0.0;   6;    0.467;   0;   6.4;   9.5; 1004.45;    9.7;   78.71;   11.7;    7.6;    4.8;eor
       1766;20181201;   10;  12.0;   4.3;    3;   3.3;   6;    3.433;   0;   6.2;   8.9; 1004.59;    8.1;   82.75;   10.0;    5.7;    3.6;eor
       1766;20181202;   10;  12.5;   5.2;    3;   7.5;   6;    0.000;   0;   7.6;  11.9;  993.29;   11.0;   90.38;   13.4;    8.7;    8.0;eor
       1766;20181203;   10;  13.0;   5.0;    3;   9.0;   6;    0.667;   0;   6.7;  12.3;  993.00;   11.8;   88.42;   13.1;    7.6;    7.0;eor
       1766;20181204;   10;   6.7;   2.7;    3;   0.0;   0;    6.817;   0;   2.8;   7.5; 1012.20;    4.5;   88.58;    8.2;   -1.6;   -3.9;eor
       1766;20181205;   10;   6.5;   2.3;    3;   1.2;   6;    1.717;   0;   6.3;   6.8; 1016.07;    2.8;   90.88;    6.5;   -1.6;   -2.6;eor
       1766;20181206;   10;  10.6;   3.9;    3;   1.1;   6;    0.000;   0;   7.8;  11.4; 1007.83;    9.7;   94.50;   12.2;    6.1;    5.4;eor
       1766;20181207;   10;  21.1;   6.2;    3;   7.8;   6;    0.000;   0;   7.6;  11.6;  998.25;   10.3;   92.00;   11.9;    5.9;    4.4;eor
       1766;20181208;   10;  20.7;   7.9;    3;  11.2;   6;    0.083;   0;   6.8;   8.8;  992.91;    8.0;   82.13;   10.2;    6.0;    4.5;eor
       1766;20181209;   10;  17.0;   7.6;    3;   3.5;   6;    1.200;   0;   6.0;   8.7;  992.65;    7.2;   85.17;    9.3;    4.9;    3.5;eor
       1766;20181210;   10;  15.3;   6.1;    3;   2.1;   8;    2.550;   0;   4.6;   6.9; 1011.37;    4.3;   82.92;    6.5;    2.6;    1.5;eor
       1766;20181211;   10;   8.7;   3.5;    3;   0.1;   6;    1.333;   0;   4.1;   6.7; 1015.67;    3.4;   86.08;    6.6;   -0.4;   -3.4;eor
       1766;20181212;   10;   5.7;   1.6;    3;   0.0;   0;    2.200;   0;   5.1;   6.4; 1019.35;    2.5;   88.00;    5.0;   -0.3;   -3.4;eor
       1766;20181213;   10;   7.7;   2.6;    3;   0.0;   0;    0.000;   0;   5.8;   5.8; 1016.71;    1.4;   86.33;    2.8;   -1.0;   -3.7;eor
       1766;20181214;   10;   7.2;   2.5;    3;   0.0;   0;    4.333;   0;   4.1;   5.1; 1017.95;    0.9;   78.96;    2.9;   -0.7;   -2.5;eor
       1766;20181215;   10;   9.4;   2.7;    3;   0.1;   7;    0.000;   0;   6.5;   4.2; 1017.71;    0.1;   68.58;    1.0;   -1.9;   -3.2;eor
       1766;20181216;   10;   9.6;   2.8;    3;   2.2;   8;    0.000;   0;   8.0;   5.1; 1006.08;   -0.7;   86.71;    1.3;   -2.1;   -2.7;eor
       1766;20181217;   10;   6.5;   2.6;    3;   1.4;   6;    0.000;   1;   7.4;   7.7; 1011.69;    3.8;   94.75;    6.6;    1.1;    0.8;eor
       1766;20181218;   10;   7.7;   3.5;    3;   0.1;   6;    3.583;   0;   7.1;   7.5; 1014.52;    5.7;   82.04;    7.9;    3.6;    2.0;eor
       1766;20181219;   10;   9.3;   3.4;    3;   0.1;   6;    0.017;   0;   7.0;   7.9; 1005.38;    6.5;   80.83;    8.8;    4.2;    2.9;eor
       1766;20181220;   10;  11.8;   3.5;    3;   4.4;   6;    0.033;   0;   7.3;   8.8; 1004.83;    7.0;   87.75;    8.7;    5.2;    3.9;eor
       1766;20181221;   10;  21.3;   6.8;    3;  18.5;   6;    0.000;   0;   7.5;  10.1;  996.42;    9.1;   87.33;   12.8;    6.8;    5.6;eor
       1766;20181222;   10;  13.2;   4.6;    3;   8.4;   6;    0.033;   0;   7.4;   9.6; 1004.73;    7.9;   89.46;    9.6;    6.4;    5.8;eor
       1766;20181223;   10;   8.1;   2.9;    3;  12.8;   6;    0.000;   0;   7.5;   9.1; 1010.86;    6.9;   91.92;    8.1;    5.0;    4.5;eor
       1766;20181224;   10;  10.3;   3.2;    3;   0.0;   6;    4.150;   0;   6.1;   7.1; 1021.86;    4.8;   82.96;    6.0;    2.9;    1.7;eor
       1766;20181225;   10;   9.6;   4.0;    3;   0.1;   8;    1.600;   0;   6.9;   6.9; 1027.28;    5.1;   78.75;    7.3;    2.8;    1.7;eor
       1766;20181226;   10;   7.5;   2.6;    3;   0.4;   8;    0.000;   0;   7.5;   6.9; 1024.90;    3.0;   90.46;    4.0;    1.3;    0.1;eor
       1766;20181227;   10;   2.6;   0.9;    3;   0.0;   0;    1.383;   0;   6.3;   5.9; 1020.55;    0.9;   90.92;    3.6;   -1.4;   -3.0;eor
       1766;20181228;   10;   3.1;   1.1;    3;   0.2;   6;    0.000;   0;   6.0;   5.8; 1022.18;    0.0;   94.17;    2.9;   -3.4;   -5.1;eor
       1766;20181229;   10;  19.9;   5.1;    3;   1.6;   6;    0.000;   0;   7.7;   8.5; 1021.06;    5.7;   92.04;    9.0;    2.5;    2.3;eor
       1766;20181230;   10;  14.9;   4.5;    3;   0.8;   6;    0.083;   0;   7.3;   8.9; 1024.00;    7.4;   85.79;    8.6;    6.5;    5.6;eor
       1766;20181231;   10;   8.9;   3.3;    3;   0.6;   6;    0.000;   0;   8.0;  10.5; 1025.43;    8.6;   94.00;    9.6;    7.4;    7.0;eor
       1766;20190101;   10;  15.8;   6.8;    3;   1.1;   6;    0.517;   0;   7.1;   8.1; 1020.18;    6.7;   82.17;    8.5;    3.8;    2.3;eor
       1766;20190102;   10;  15.1;   4.5;    3;   0.0;   6;    6.350;   0;   4.4;   5.2; 1027.22;    3.6;   65.96;    6.1;   -1.1;   -4.7;eor
       1766;20190103;   10;   5.5;   2.2;    3;   1.1;   6;    0.000;   0;   7.1;   6.7; 1031.17;    2.6;   90.79;    4.5;   -1.1;   -2.9;eor
       1766;20190104;   10;   9.8;   3.9;    3;   1.6;   6;    0.000;   0;   7.8;   7.3; 1028.25;    2.9;   95.42;    5.8;   -1.4;   -3.0;eor
       1766;20190105;   10;  11.8;   5.4;    3;   6.5;   6;    0.000;   0;   8.0;   9.6; 1021.70;    7.0;   95.29;    7.8;    5.6;    5.3;eor
       1766;20190106;   10;   8.2;   4.0;    3;   2.3;   6;    0.050;   0;   7.9;   9.1; 1024.69;    6.4;   95.21;    7.0;    5.2;    4.8;eor
       1766;20190107;   10;  13.4;   4.5;    3;   8.0;   6;    0.000;   0;   7.9;   8.6; 1021.41;    5.6;   93.54;    8.4;    3.9;    2.8;eor
       1766;20190108;   10;  20.7;   8.4;    3;   8.7;   8;    0.550;   0;   6.5;   7.7; 1005.55;    6.0;   82.00;    7.7;    1.0;    0.5;eor
       1766;20190109;   10;  13.9;   5.3;    3;   0.0;   6;    4.417;   0;   4.5;   5.8; 1011.08;    3.1;   75.67;    5.1;    0.2;   -1.2;eor
       1766;20190110;   10;   5.1;   2.0;    3;   2.2;   8;    0.033;   0;   6.4;   5.6; 1019.34;    0.5;   88.54;    2.0;   -1.1;   -1.9;eor
       1766;20190111;   10;   9.1;   3.7;    3;   2.4;   6;    0.000;   0;   7.9;   8.3; 1015.75;    4.6;   96.08;    7.2;    0.8;    0.5;eor
       1766;20190112;   10;  12.5;   5.7;    3;   2.8;   6;    0.000;   0;   7.5;   8.6; 1009.17;    6.1;   91.08;    7.2;    5.3;    4.6;eor
       1766;20190113;   10;  17.5;   7.1;    3;   9.8;   6;    0.000;   0;   7.3;   9.5;  996.69;    7.7;   90.00;    8.9;    6.3;    5.4;eor
       1766;20190114;   10;  13.5;   5.2;    3;   1.0;   8;    2.833;   0;   6.2;   6.5; 1004.90;    4.3;   77.67;    6.8;    1.3;    0.1;eor
       1766;20190115;   10;  14.9;   6.5;    3;   0.0;   6;    0.000;   0;   7.1;   7.4; 1009.28;    5.0;   84.04;    7.0;    1.4;    0.4;eor
       1766;20190116;   10;  12.7;   6.5;    3;   1.7;   6;    0.000;   0;   7.8;   7.4; 1001.07;    6.2;   78.08;    7.1;    4.9;    4.1;eor
       1766;20190117;   10;  14.7;   5.4;    3;   4.0;   8;    0.367;   0;   6.3;   6.8;  996.34;    3.1;   88.33;    5.6;    0.1;   -1.1;eor
       1766;20190118;   10;   7.2;   2.2;    3;   0.0;   0;    6.883;   0;   2.9;   4.9; 1012.13;   -0.5;   84.67;    4.0;   -3.8;   -6.3;eor
       1766;20190119;   10;   5.1;   1.5;    3;   0.0;   0;    5.500;   0;   6.0;   4.1; 1011.58;   -1.7;   77.67;    2.1;   -4.1;   -8.1;eor
       1766;20190120;   10;   5.1;   1.1;    3;   0.0;   0;    7.483;   0;   0.9;   3.6; 1012.04;   -3.6;   78.92;    3.4;   -8.3;  -11.0;eor
       1766;20190121;   10;   3.6;   1.3;    3;   0.0;   0;    7.417;   0;   1.7;   3.7; 1015.06;   -4.6;   84.33;    1.2;   -8.8;  -11.8;eor
       1766;20190122;   10;   7.5;   2.8;    3;   0.6;   7;    4.367;   0;   6.0;   3.6; 1001.47;   -2.6;   72.29;    2.1;   -6.9;   -8.8;eor
       1766;20190123;   10;   6.0;   2.0;    3;   0.0;   7;    0.000;   1;   6.8;   3.8;  995.54;   -3.5;   80.88;   -1.0;   -8.6;  -13.1;eor
       1766;20190124;   10;   5.1;   1.2;    3;   0.0;   7;    0.000;   1;   7.0;   3.2; 1005.23;   -5.9;   81.71;   -4.5;   -8.9;  -14.0;eor
       1766;20190125;   10;   8.4;   2.3;    3;  10.3;   8;    0.000;   1;   7.4;   4.5; 1006.69;   -2.6;   86.96;    2.6;   -5.3;   -5.2;eor
       1766;20190126;   10;  10.8;   5.4;    3;   5.7;   6;    0.000;   0;   7.9;   8.6;  996.40;    5.6;   94.33;    6.6;    2.5;    1.8;eor
       1766;20190127;   10;  11.1;   4.9;    3;   3.0;   6;    0.000;   0;   7.2;   7.9;  980.22;    5.2;   89.04;    6.6;    3.1;    1.4;eor
       1766;20190128;   10;  12.9;   5.2;    3;   2.7;   8;    0.000;   0;   7.2;   6.7;  986.06;    2.7;   89.29;    5.0;    0.0;   -1.3;eor
       1766;20190129;   10;   8.1;   3.1;    3;   0.0;   7;    3.200;   0;   5.9;   5.6;  996.97;    1.0;   85.21;    4.0;   -1.3;   -3.5;eor
       1766;20190130;   10;   7.7;   2.3;    3;   2.3;   7;    0.400;   0;   7.5;   5.1;  988.04;   -0.1;   84.54;    1.3;   -0.7;   -2.1;eor
       1766;20190131;   10;   7.2;   2.2;    3;   1.1;   7;    0.200;   4;   7.2;   5.4;  990.07;   -0.2;   89.54;    0.7;   -1.8;   -5.0;eor
       1766;20190201;   10;   9.3;   2.2;    3;   0.3;   7;    0.417;   5;   6.3;   5.5;  984.93;    1.0;   84.21;    4.9;   -1.5;   -5.1;eor
       1766;20190202;   10;   7.0;   2.6;    3;   0.8;   8;    0.017;   1;   7.4;   5.8;  992.91;    0.6;   90.50;    1.3;   -0.8;   -3.3;eor
       1766;20190203;   10;   6.2;   2.3;    3;   0.0;   0;    3.683;   1;   3.8;   5.8; 1012.16;    1.0;   88.54;    5.0;   -2.7;   -5.8;eor
       1766;20190204;   10;  13.5;   4.4;    3;   0.2;   6;    0.883;   0;   5.0;   5.3; 1018.48;    1.9;   77.13;    4.5;   -2.4;   -5.3;eor
       1766;20190205;   10;   9.1;   3.3;    3;   0.0;   6;    0.000;   0;   7.8;   6.9; 1020.05;    3.1;   90.33;    4.1;    2.2;    0.7;eor
       1766;20190206;   10;   7.7;   2.8;    3;   1.8;   6;    0.017;   0;   7.8;   6.5; 1015.21;    4.8;   76.00;    7.4;    1.2;   -0.3;eor
       1766;20190207;   10;  14.6;   6.1;    3;   0.1;   6;    2.050;   0;   6.5;   7.7; 1003.02;    7.4;   75.04;    9.6;    4.7;    4.1;eor
       1766;20190208;   10;  13.7;   6.2;    3;   5.0;   6;    0.000;   0;   7.5;   8.0; 1002.31;    7.8;   75.54;    9.9;    5.8;    4.7;eor
       1766;20190209;   10;  20.9;   8.4;    3;   3.1;   6;    1.983;   0;   6.0;   7.9;  996.18;    8.4;   71.92;   10.2;    6.8;    5.7;eor
       1766;20190210;   10;  14.6;   5.8;    3;  13.0;   6;    0.000;   0;   7.9;   8.6;  988.28;    6.8;   87.00;    9.7;    3.3;    2.9;eor
       1766;20190211;   10;  16.1;   5.6;    3;   0.3;   6;    3.267;   0;   5.9;   6.9; 1009.74;    5.2;   77.92;    7.6;    3.3;    2.1;eor
       1766;20190212;   10;   8.1;   4.0;    3;   0.0;   6;    0.383;   0;   6.5;   6.9; 1025.70;    4.4;   81.58;    7.6;    1.1;   -0.1;eor
       1766;20190213;   10;   7.7;   3.5;    3;   0.0;   6;    0.000;   0;   6.8;   7.2; 1028.55;    5.6;   78.83;    7.5;    1.5;   -1.7;eor
       1766;20190214;   10;   4.6;   1.5;    3;   0.0;   0;    7.767;   0;   3.6;   5.8; 1029.01;    3.7;   76.25;   12.2;   -1.3;   -4.3;eor
       1766;20190215;   10;   5.1;   1.7;    3;   0.0;   0;    9.100;   0;   0.3;   6.1; 1024.96;    7.1;   61.75;   16.3;   -1.8;   -4.8;eor
       1766;20190216;   10;   6.2;   2.0;    3;   0.0;   0;    8.467;   0;   2.8;   6.0; 1019.20;    6.1;   66.75;   14.8;   -1.6;   -4.7;eor
       1766;20190217;   10;   5.1;   1.6;    3;   0.0;   0;    8.233;   0;   5.0;   6.6; 1015.47;    5.6;   74.67;   15.8;   -1.0;   -4.0;eor
       1766;20190218;   10;   6.2;   1.8;    3;   0.0;   6;    8.983;   0;   1.7;   6.1; 1011.15;    7.1;   65.17;   17.0;   -1.7;   -5.1;eor
       1766;20190219;   10;  12.7;   5.1;    3;   0.0;   0;    1.450;   0;   6.5;   7.6; 1011.07;    7.6;   73.29;    9.9;    3.6;   -1.6;eor
       1766;20190220;   10;   8.7;   3.0;    3;   0.0;   0;    0.800;   0;   6.7;   7.2; 1015.88;    7.3;   71.00;   10.6;    4.2;    1.6;eor
       1766;20190221;   10;  10.8;   3.5;    3;   0.3;   6;    0.050;   0;   6.6;   9.0; 1019.75;    8.1;   82.21;   11.8;    3.8;    0.5;eor
       1766;20190222;   10;   5.1;   2.0;    3;   0.0;   0;    0.067;   0;   6.8;  10.0; 1029.67;    8.5;   89.08;   10.6;    3.4;    1.7;eor
       1766;20190223;   10;   7.2;   2.2;    3;   0.0;   0;    8.983;   0;   3.5;   5.9; 1032.78;    5.1;   68.83;   10.3;    1.3;   -0.9;eor
       1766;20190224;   10;   4.1;   1.0;    3;   0.0;   0;    9.550;   0;   1.7;   4.3; 1031.76;    5.8;   52.42;   15.5;   -1.2;   -5.0;eor
       1766;20190225;   10;   3.3;   0.9;    3;   0.0;   0;    9.667;   0;   3.3;   5.0; 1031.54;    6.4;   57.92;   17.0;   -2.1;   -4.7;eor
       1766;20190226;   10;   3.4;   0.7;    3;   0.0;   0;    9.767;   0;   3.1;   5.4; 1028.21;    6.6;   62.29;   18.2;   -2.0;   -5.2;eor
       1766;20190227;   10;   5.1;   1.3;    3;   0.0;   0;    9.883;   0;   0.5;   6.3; 1019.28;    8.0;   61.71;   19.0;   -1.3;   -5.2;eor
       1766;20190228;   10;  14.7;   3.3;    3;   0.9;   6;    4.100;   0;   4.8;   8.8; 1008.70;    8.3;   79.88;   13.7;    2.1;   -3.6;eor
       1766;20190301;   10;  10.3;   3.1;    3;   0.5;   6;    0.183;   0;   7.5;   8.6; 1007.86;    6.8;   86.21;    9.4;    4.4;    4.0;eor
       1766;20190302;   10;  13.0;   3.1;    3;   0.5;   6;    1.033;   0;   7.4;   8.3; 1007.66;    7.0;   81.96;   10.9;    3.9;    3.4;eor
       1766;20190303;   10;  14.2;   6.9;    3;   3.1;   6;    0.000;   0;   7.6;  10.4;  998.02;   10.4;   82.38;   12.2;    8.8;    8.1;eor
       1766;20190304;   10;  23.0;   8.4;    3;   4.0;   6;    1.350;   0;   6.5;   8.1;  986.25;    9.3;   68.46;   13.5;    5.6;    4.8;eor
       1766;20190305;   10;  14.4;   6.0;    3;   1.7;   6;    3.233;   0;   5.0;   7.0;  997.92;    6.5;   72.96;    9.8;    4.1;   -0.6;eor
       1766;20190306;   10;  15.9;   4.7;    3;   0.1;   6;    0.333;   0;   7.3;   8.5;  994.86;    9.2;   74.42;   14.4;    4.1;    1.4;eor
       1766;20190307;   10;  22.3;   7.6;    3;   2.6;   6;    1.883;   0;   6.5;   8.7;  987.20;    9.5;   73.38;   12.6;    6.9;    5.1;eor
       1766;20190308;   10;  21.4;   7.2;    3;   4.5;   6;    2.550;   0;   6.7;   7.6; 1001.46;    7.2;   75.29;    9.6;    5.6;    4.4;eor
       1766;20190309;   10;  22.6;   8.3;    3;   6.2;   8;    1.417;   0;   6.7;   8.3; 1001.68;    7.9;   78.13;   11.2;    5.0;    3.5;eor
       1766;20190310;   10;  24.5;   4.8;    3;  18.6;   8;    0.000;   0;   7.6;   7.5;  998.99;    4.7;   87.17;    9.4;    0.6;    0.0;eor
       1766;20190311;   10;  19.2;   7.2;    3;   6.2;   8;    0.367;   0;   6.3;   6.9; 1008.28;    3.8;   85.46;    6.5;    1.2;    0.0;eor
       1766;20190312;   10;  21.6;   6.2;    3;   0.7;   6;    0.200;   0;   6.5;   6.3; 1005.55;    6.1;   68.96;    9.9;    1.7;   -0.5;eor
       1766;20190313;   10;  18.0;   8.6;    3;   6.2;   6;    0.100;   0;   7.0;   7.4;  995.20;    6.2;   77.75;    7.4;    4.6;    3.1;eor
       1766;20190314;   10;  22.3;   7.7;    3;   7.2;   6;    0.133;   0;   6.8;   8.2;  993.76;    6.8;   82.79;    9.4;    5.5;    4.3;eor
       1766;20190315;   10;  18.2;   6.7;    3;  10.1;   6;    0.017;   0;   6.5;   8.8;  996.41;    8.1;   80.46;   12.7;    6.0;    4.3;eor
       1766;20190316;   10;  17.8;   6.3;    3;   3.4;   6;    0.000;   0;   7.3;   8.6;  998.68;    8.8;   75.96;   11.2;    4.7;    4.1;eor
       1766;20190317;   10;  18.3;   7.6;    3;   2.1;   6;    3.433;   0;   5.6;   7.5;  994.84;    8.0;   69.54;   11.2;    3.6;    2.1;eor
       1766;20190318;   10;  16.5;   5.9;    3;   0.7;   6;    4.567;   0;   4.2;   6.5; 1009.44;    4.8;   75.67;    9.1;   -0.2;   -3.2;eor
       1766;20190319;   10;   7.7;   1.9;    3;   0.0;   0;    7.100;   0;   2.4;   6.0; 1021.48;    3.9;   76.54;   10.6;   -2.1;   -4.7;eor
       1766;20190320;   10;   8.2;   2.5;    3;   0.0;   6;    1.333;   0;   5.3;   8.0; 1026.52;    6.8;   79.83;   11.8;   -1.1;   -3.3;eor
       1766;20190321;   10;   7.7;   2.1;    3;   0.0;   0;    8.417;   0;   5.3;   9.9; 1027.40;   11.1;   76.58;   16.1;    6.1;    2.4;eor
       1766;20190322;   10;   5.7;   1.2;    3;   0.0;   0;    9.833;   0;   3.5;   9.1; 1023.11;   10.8;   74.54;   19.9;    2.2;    1.6;eor
       1766;20190323;   10;   6.9;   2.6;    3;   0.0;   6;    0.000;   0;   6.6;   9.2; 1023.08;    8.1;   84.58;   12.0;    3.5;    0.6;eor
       1766;20190324;   10;   7.7;   2.5;    3;   0.4;   6;    7.617;   0;   4.5;   6.6; 1020.55;    5.8;   73.42;   11.2;   -0.1;   -2.7;eor
       1766;20190325;   10;  15.8;   5.6;    3;   4.3;   8;    2.917;   0;   5.0;   7.2; 1014.83;    5.6;   79.75;    9.2;    2.9;    1.5;eor
       1766;20190326;   10;  10.3;   3.6;    3;   0.7;   6;    0.117;   0;   7.3;   7.6; 1023.51;    6.3;   79.42;    8.4;    4.5;    3.8;eor
       1766;20190327;   10;   7.4;   2.7;    3;   0.0;   6;    3.367;   0;   7.1;   8.1; 1026.30;    8.3;   75.50;   12.4;    4.0;    1.9;eor
       1766;20190328;   10;   5.1;   1.6;    3;   0.0;   0;    0.200;   0;   7.4;   8.8; 1028.61;    9.8;   73.58;   12.9;    7.4;    6.1;eor
       1766;20190329;   10;   6.2;   1.2;    3;   0.0;   0;   11.833;   0;   0.8;   8.7; 1024.22;   10.2;   72.25;   17.5;    2.3;   -0.8;eor
       1766;20190330;   10;  11.0;   2.5;    3;   0.0;   0;   10.283;   0;   2.3;   8.5; 1015.64;   11.6;   66.33;   19.0;    3.3;    0.1;eor
       1766;20190331;   10;   9.4;   4.1;    3;   0.0;   0;    4.417;   0;   4.4;   7.3; 1018.44;    7.7;   69.75;   12.2;    2.9;    1.2;eor
       1766;20190401;   10;   9.8;   3.0;    3;   0.0;   0;   12.050;   0;   0.0;   5.3; 1015.90;    7.5;   53.46;   13.8;   -0.2;   -2.8;eor
       1766;20190402;   10;  10.3;   3.3;    3;   0.1;   6;    5.117;   0;   5.4;   8.2; 1001.12;   10.3;   64.50;   16.1;    5.3;    3.1;eor
       1766;20190403;   10;   6.5;   2.0;    3;   4.4;   6;    0.200;   0;   7.3;   8.6;  996.06;    7.9;   80.54;    9.6;    6.0;    5.5;eor
       1766;20190404;   10;   4.8;   1.7;    3;   9.8;   6;    0.000;   0;   7.5;   8.4;  995.26;    5.4;   93.63;    7.1;    1.9;    0.0;eor
       1766;20190405;   10;   6.2;   2.2;    3;   0.5;   6;    0.017;   0;   7.9;   9.0; 1000.42;    6.5;   92.38;    7.5;    5.3;    5.0;eor
       1766;20190406;   10;   6.5;   2.1;    3;   0.0;   0;    5.883;   0;   4.7;  10.5;  999.70;   11.6;   78.04;   17.9;    6.8;    4.6;eor
       1766;20190407;   10;   9.4;   2.5;    3;   0.0;   0;   11.833;   0;   3.1;   9.3; 1000.27;   14.6;   58.25;   20.8;    7.3;    3.1;eor
       1766;20190408;   10;  11.1;   2.9;    3;   0.0;   0;   12.000;   0;   2.4;   7.9; 1003.94;   13.9;   53.92;   20.6;    5.1;    1.8;eor
       1766;20190409;   10;  11.1;   4.7;    3;   0.0;   0;   12.200;   0;   3.5;   6.9; 1007.31;    8.6;   62.88;   13.9;    4.2;    3.2;eor
       1766;20190410;   10;  11.8;   4.9;    3;   0.0;   0;   12.467;   0;   1.0;   5.2; 1011.45;    5.9;   57.00;   11.2;    1.1;   -0.4;eor
       1766;20190411;   10;   8.1;   3.2;    3;   0.0;   0;    4.183;   0;   4.3;   4.9; 1017.45;    5.4;   55.38;    9.7;   -0.3;   -3.3;eor
       1766;20190412;   10;   9.3;   3.4;    3;   0.0;   8;    0.767;   0;   7.1;   5.2; 1019.72;    4.0;   63.67;    6.1;    0.7;   -0.9;eor
       1766;20190413;   10;  10.1;   3.4;    3;   0.2;   8;    3.183;   0;   5.9;   5.5; 1018.71;    2.2;   77.04;    6.7;   -2.6;   -5.2;eor
       1766;20190414;   10;  11.1;   3.6;    3;   0.1;   6;    6.667;   0;   5.2;   6.3; 1019.62;    5.2;   72.54;   10.0;    0.7;   -0.5;eor
       1766;20190415;   10;  10.3;   3.1;    3;   0.0;   0;   12.567;   0;   3.3;   6.8; 1018.50;   10.6;   56.33;   16.3;    5.7;    5.1;eor
       1766;20190416;   10;   9.3;   3.0;    3;   0.0;   0;   12.067;   0;   2.0;   6.3; 1012.57;   11.9;   45.96;   18.5;    4.5;    1.8;eor
       1766;20190417;   10;   9.3;   2.7;    3;   0.0;   0;    8.133;   0;   5.6;   6.6; 1016.54;   14.8;   39.54;   20.7;    9.0;    4.5;eor
       1766;20190418;   10;  12.0;   3.3;    3;   0.0;   0;   12.933;   0;   5.0;   7.3; 1020.59;   16.7;   38.92;   21.4;   10.1;    7.0;eor
       1766;20190419;   10;  10.3;   2.9;    3;   0.0;   0;   13.067;   0;   0.7;   7.5; 1023.05;   17.4;   39.88;   24.4;    9.1;    4.7;eor
       1766;20190420;   10;  10.3;   3.1;    3;   0.0;   0;   13.200;   0;   0.5;   7.1; 1022.82;   16.6;   40.13;   23.4;    8.0;    1.7;eor
       1766;20190421;   10;   7.7;   1.8;    3;   0.0;   0;   13.250;   0;   0.1;   6.9; 1014.73;   15.6;   42.71;   23.5;    3.2;   -1.0;eor
       1766;20190422;   10;  12.5;   3.7;    3;   0.0;   0;   13.250;   0;   1.7;   7.1; 1004.90;   18.0;   34.63;   23.8;   12.0;    9.3;eor
       1766;20190423;   10;  14.2;   4.1;    3;   0.0;   6;   12.317;   0;   3.2;   8.6;  995.59;   15.9;   47.92;   21.5;   10.4;    8.0;eor
       1766;20190424;   10;  18.0;   3.6;    3;   2.8;   6;    7.633;   0;   6.3;  11.5;  994.76;   18.6;   56.25;   26.1;   10.6;    9.9;eor
       1766;20190425;   10;  13.5;   4.3;    3;   0.0;   6;    7.900;   0;   5.4;   9.9; 1001.27;   15.0;   61.42;   22.7;    7.9;    5.9;eor
       1766;20190426;   10;   8.1;   2.8;    3;   1.3;   6;    0.867;   0;   6.8;  10.8; 1006.25;   11.9;   78.42;   15.2;    7.6;    4.2;eor
       1766;20190427;   10;  12.2;   3.2;    3;   6.2;   6;    2.617;   0;   5.9;   9.6; 1005.95;    9.1;   83.21;   12.2;    6.1;    2.0;eor
       1766;20190428;   10;  10.3;   2.1;    3;   4.6;   6;    3.850;   0;   5.1;   8.7; 1012.15;    8.8;   77.46;   13.6;    3.1;    1.1;eor
       1766;20190429;   10;   9.6;   3.1;    3;   0.1;   6;    4.450;   0;   5.5;   9.3; 1017.47;    8.7;   82.29;   14.3;    1.1;   -0.6;eor
       1766;20190430;   10;   8.2;   3.1;    3;   0.0;   0;   10.083;   0;   3.8;   9.6; 1015.72;   11.9;   70.46;   17.2;    7.3;    5.9;eor
       1766;20190501;    3;   7.7;   2.9;    3;   0.0;   0;    7.033;   0;   4.6;   9.6; 1010.50;   10.6;   76.38;   16.8;    5.8;    3.9;eor
       1766;20190502;    3;  10.8;   4.1;    3;   1.0;   6;    3.133;   0;   6.5;   9.8; 1003.73;   10.1;   79.46;   16.3;    5.5;    3.9;eor
       1766;20190503;    3;  10.8;   4.4;    3;   0.9;   6;    3.850;   0;   6.7;   6.9; 1004.95;    8.5;   63.71;   12.2;    5.0;    4.5;eor
       1766;20190504;    3;  13.7;   3.5;    3;   1.4;   8;    7.017;   0;   4.6;   6.6; 1004.16;    5.5;   74.08;    9.9;    0.4;   -2.3;eor
       1766;20190505;    3;  11.3;   3.1;    3;   0.0;   6;    3.100;   0;   4.9;   6.3; 1012.59;    5.9;   69.04;   11.9;   -1.0;   -3.3;eor
       1766;20190506;    3;  14.9;   3.7;    3;   2.2;   6;    3.667;   0;   6.5;   7.2; 1013.22;    7.1;   73.04;   13.2;    1.6;   -0.8;eor
       1766;20190507;    3;   7.5;   1.6;    3;   0.0;   0;    1.800;   0;   5.4;   7.8; 1010.99;    7.4;   77.38;   12.4;    2.9;    1.3;eor
       1766;20190508;    3;   9.8;   3.0;    3;   6.7;   6;    0.450;   0;   7.3;   9.3;  996.15;    9.4;   78.79;   13.7;    4.2;    1.8;eor
       1766;20190509;    3;   7.5;   2.9;    3;   0.7;   6;    5.567;   0;   6.0;  10.5;  992.39;   12.6;   73.29;   16.7;    7.5;    5.0;eor
       1766;20190510;    3;   9.1;   3.1;    3;   0.5;   6;    0.517;   0;   6.9;  10.1; 1002.28;   10.9;   77.92;   13.7;    6.5;    3.7;eor
       1766;20190511;    3;  12.5;   4.5;    3;   0.0;   0;    4.550;   0;   5.1;   8.1; 1009.58;    9.8;   68.63;   15.0;    5.5;    2.9;eor
       1766;20190512;    3;  12.9;   3.7;    3;   0.0;   6;    9.667;   0;   3.1;   6.6; 1026.44;    8.9;   61.08;   15.6;    1.8;   -2.2;eor
       1766;20190513;    3;  11.1;   3.3;    3;   0.0;   0;   14.533;   0;   1.8;   6.1; 1032.00;    9.5;   56.58;   16.4;    0.3;   -3.6;eor
       1766;20190514;    3;  14.1;   3.0;    3;   0.0;   0;   12.033;   0;   3.0;   6.8; 1027.08;   10.1;   58.79;   16.4;    1.7;   -1.5;eor
       1766;20190515;    3;  11.3;   3.4;    3;   0.0;   6;   11.167;   0;   2.8;   5.9; 1020.62;   11.3;   46.00;   16.7;    2.8;   -1.9;eor
       1766;20190516;    3;  10.3;   3.6;    3;   1.1;   6;    0.233;   0;   7.2;   8.2; 1011.95;   10.1;   66.83;   12.7;    8.6;    7.8;eor
       1766;20190517;    3;  10.5;   2.1;    3;   0.0;   0;    1.833;   0;   6.5;  10.5; 1002.85;   11.9;   76.13;   16.5;    8.4;    5.4;eor
       1766;20190518;    3;   7.7;   1.6;    3;   0.0;   0;   11.117;   0;   3.5;  10.7;  999.92;   16.1;   62.33;   23.6;    5.1;    2.5;eor
       1766;20190519;    3;   9.8;   2.0;    3;   0.3;   6;    5.833;   0;   5.5;  11.9;  998.80;   16.5;   67.33;   25.4;    8.6;    5.8;eor
       1766;20190520;    3;  10.3;   3.5;    3;   0.7;   6;    0.717;   0;   6.1;  14.5;  999.92;   15.1;   84.88;   20.8;    9.8;    7.0;eor
       1766;20190521;    3;  11.7;   5.4;    3;   0.0;   6;    0.000;   0;   7.5;  13.7; 1004.74;   13.9;   86.54;   16.5;   12.7;   12.5;eor
       1766;20190522;    3;   9.9;   4.1;    3;   0.0;   0;    7.083;   0;   5.6;  10.3; 1011.97;   13.9;   66.92;   20.2;    8.0;    4.1;eor
       1766;20190523;    3;   8.7;   2.1;    3;   0.0;   0;   11.517;   0;   5.9;   9.2; 1011.63;   15.2;   57.71;   22.3;    4.4;    1.0;eor
       1766;20190524;    3;  12.3;   3.9;    3;   0.0;   0;   10.750;   0;   5.6;  10.0; 1008.28;   16.8;   56.21;   24.5;    8.2;    5.1;eor
       1766;20190525;    3;   8.6;   2.3;    3;   0.0;   0;    4.917;   0;   5.6;   9.7; 1010.72;   13.0;   66.67;   18.9;    7.6;    4.5;eor
       1766;20190526;    3;  13.0;   4.7;    3;   1.4;   6;    1.633;   0;   7.1;  11.9; 1005.90;   16.4;   65.42;   22.3;    7.1;    5.0;eor
       1766;20190527;    3;  10.8;   4.4;    3;   3.3;   6;    5.967;   0;   6.7;  11.4; 1002.15;   15.7;   65.58;   20.0;    9.2;    5.7;eor
       1766;20190528;    3;   7.5;   2.1;    3;   4.0;   6;    0.917;   0;   6.1;  10.9; 1003.59;   11.1;   82.04;   13.8;    5.6;    2.3;eor
       1766;20190529;    3;   7.0;   1.7;    3;   0.0;   6;   14.967;   0;   1.2;   7.6; 1014.94;   11.9;   58.42;   18.6;    2.6;   -0.1;eor
       1766;20190530;    3;  11.0;   3.9;    3;   0.0;   6;    0.450;   0;   7.1;  13.0; 1015.73;   15.6;   71.67;   19.2;   10.9;    9.0;eor
       1766;20190531;    3;   9.3;   3.8;    3;   0.0;   0;    4.033;   0;   6.3;  14.3; 1017.11;   19.2;   65.54;   24.4;   12.5;    8.2;eor
       1766;20190601;    3;   8.6;   2.5;    3;   0.0;   0;   12.983;   0;   5.8;  13.9; 1014.93;   19.4;   65.58;   27.1;    9.9;    6.6;eor
       1766;20190602;    3;  11.1;   3.2;    3;   5.4;   8;   14.450;   0;   4.7;  14.6; 1007.73;   24.0;   53.67;   31.7;   12.8;   10.1;eor
       1766;20190603;    3;  14.9;   3.0;    3;   6.6;   6;    2.067;   0;   6.0;  16.8; 1006.80;   19.2;   75.92;   24.1;   14.9;   12.3;eor
       1766;20190604;    3;   9.3;   2.3;    3;   0.1;   6;    8.700;   0;   5.9;  17.3; 1003.70;   20.9;   71.71;   25.6;   14.0;   11.8;eor
       1766;20190605;    3;   7.2;   2.5;    3;   5.1;   6;   10.367;   0;   4.3;  17.1; 1000.15;   22.9;   61.58;   27.6;   18.2;   16.9;eor
       1766;20190606;    3;  16.3;   4.0;    3;   0.0;   6;    2.050;   0;   6.4;  13.7; 1004.78;   15.8;   76.67;   23.6;   10.0;    7.4;eor
       1766;20190607;    3;  22.5;   3.5;    3;   1.1;   6;   12.117;   0;   4.0;  12.2; 1005.18;   16.8;   66.54;   25.7;    9.4;    6.7;eor
       1766;20190608;    3;  18.9;   7.3;    3;   0.0;   6;    4.133;   0;   5.3;   9.9; 1010.00;   15.8;   55.71;   19.7;   11.8;    9.4;eor
       1766;20190609;    3;   7.7;   2.8;    3;   0.0;   6;   10.800;   0;   5.5;  10.0; 1015.62;   17.0;   54.50;   22.7;   10.1;    7.2;eor
       1766;20190610;    1;  11.1;   1.9;    1;  17.5;   6;    5.483;   0;   7.0;  14.1; 1005.91;   19.4;   64.38;   25.6;   14.4;   11.5;eor
       1766;20190611;    1;   8.1;   2.8;    1;   0.2;   6;    7.033;   0;   6.2;  14.3; 1005.05;   17.5;   73.29;   21.6;   14.6;   12.4;eor
       1766;20190612;    1;  10.8;   3.0;    1;  13.0;   6;    4.033;   0;   5.2;  15.4; 1003.19;   16.1;   84.46;   18.9;   11.9;    9.3;eor
       1766;20190613;    1;  12.7;   3.8;    1;   1.5;   6;    9.583;   0;   3.9;  12.0; 1006.22;   16.3;   67.71;   21.6;   11.0;    8.4;eor
       1766;20190614;    1;   7.7;   1.9;    1;   5.0;   6;   13.483;   0;   5.0;  13.8; 1007.86;   20.0;   61.71;   26.9;   10.4;    8.7;eor
       1766;20190615;    1;  13.4;   3.7;    1;   0.4;   6;    5.233;   0;   6.3;  17.1; 1006.39;   18.8;   79.79;   22.7;   12.8;   11.1;eor
       1766;20190616;    1;   8.9;   2.6;    1;   0.0;   6;    8.533;   0;   4.4;  14.2; 1013.35;   18.3;   70.33;   23.4;   12.4;   10.1;eor
       1766;20190617;    1;   7.2;   1.8;    1;   0.0;   0;   15.000;   0;   1.8;  14.2; 1013.67;   20.2;   63.92;   27.2;   11.1;    9.0;eor
       1766;20190618;    1;   7.5;   1.4;    1;   0.0;   0;    8.717;   0;   6.3;  16.1; 1007.82;   22.9;   59.92;   28.7;   15.8;   14.0;eor
       1766;20190619;    1;  19.2;   2.4;    1;  12.2;   8;    9.850;   0;   5.1;  19.1; 1001.73;   21.8;   74.21;   29.8;   16.7;   14.9;eor
       1766;20190620;    1;  11.3;   3.5;    1;   0.4;   6;    2.150;   0;   6.7;  16.6; 1005.31;   18.6;   78.63;   23.0;   15.5;   14.4;eor
       1766;20190621;    1;   9.4;   3.1;    1;   0.0;   0;   11.433;   0;   4.0;  12.7; 1012.53;   17.5;   65.75;   22.8;   12.4;   10.2;eor
       1766;20190622;    1;   9.3;   2.7;    1;   0.0;   0;   13.483;   0;   3.5;  13.2; 1015.23;   18.5;   64.00;   24.8;   11.8;    9.4;eor
       1766;20190623;    1;   9.6;   2.8;    1;   0.0;   0;   14.050;   0;   3.3;  13.9; 1013.64;   22.9;   52.17;   29.2;   14.5;   12.4;eor
       1766;20190624;    1;   9.4;   2.9;    1;   0.0;   0;   14.733;   0;   6.0;  15.7; 1013.54;   25.7;   47.63;   31.0;   19.4;   17.0;eor
       1766;20190625;    1;   8.9;   2.6;    1;   0.0;   0;   12.817;   0;   5.7;  17.1; 1011.75;   28.1;   45.46;   34.7;   21.0;   19.1;eor
       1766;20190626;    1;  10.3;   4.3;    1;   0.0;   0;   14.700;   0;   1.5;  20.0; 1017.10;   24.4;   65.63;   30.5;   14.7;   13.7;eor
       1766;20190627;    1;   8.9;   4.0;    1;   0.0;   0;   13.400;   0;   2.9;  12.5; 1021.53;   17.1;   65.13;   23.4;   12.8;   11.2;eor
       1766;20190628;    1;   8.6;   2.6;    1;   0.0;   0;   11.050;   0;   2.8;  11.9; 1019.20;   18.4;   58.83;   25.6;   13.3;    9.8;eor
       1766;20190629;    1;   6.2;   1.8;    1;   0.0;   0;   15.500;   0;   0.1;  12.6; 1012.77;   24.1;   47.96;   33.3;   11.7;    7.6;eor
       1766;20190630;    1;  13.4;   3.7;    1;   0.0;   0;   13.000;   0;   2.1;  15.3; 1007.28;   24.4;   50.83;   32.5;   16.2;   11.7;eor
       1766;20190701;    1;  14.4;   4.6;    1;   0.0;   0;    9.733;   0;   3.9;  12.8; 1010.76;   19.6;   57.96;   25.7;   13.6;   10.0;eor
       1766;20190702;    1;   9.8;   3.4;    1;   0.0;   0;    7.067;   0;   3.2;  10.8; 1016.00;   17.2;   56.96;   22.6;   10.0;    6.1;eor
       1766;20190703;    1;  10.8;   3.0;    1;   0.0;   0;    9.400;   0;   2.5;   9.9; 1018.55;   15.2;   60.67;   21.5;    8.3;    4.2;eor
       1766;20190704;    1;   7.5;   1.7;    1;   0.0;   0;   13.317;   0;   4.3;  10.2; 1017.15;   16.7;   56.75;   23.8;    6.6;    2.7;eor
       1766;20190705;    1;  11.0;   3.9;    1;   0.0;   0;    9.483;   0;   5.0;  12.6; 1010.20;   20.2;   54.38;   25.3;   16.1;   14.3;eor
       1766;20190706;    1;  12.2;   3.8;    1;   2.3;   6;    3.617;   0;   5.5;  14.4; 1004.98;   17.5;   73.96;   25.6;   12.1;    9.8;eor
       1766;20190707;    1;  10.1;   3.4;    1;   0.0;   6;    1.517;   0;   6.1;  10.7; 1008.30;   14.1;   68.21;   19.3;    9.2;    5.2;eor
       1766;20190708;    1;   9.3;   3.6;    1;   0.1;   6;    1.100;   0;   6.3;  10.7; 1012.08;   13.8;   68.29;   18.6;    9.1;    5.9;eor
       1766;20190709;    1;   7.7;   3.2;    1;   0.0;   6;    1.933;   0;   5.8;  10.3; 1014.01;   14.8;   62.75;   20.9;    8.5;    4.2;eor
