STATIONS_ID;MESS_DATUM;QN_3;  FX;  FM;QN_4; RSK;RSKF; SDK;SHK_TAG;  NM; VPM;  PM; TMK; UPM; TXK; TNK; TGK;eor
       1346;20180106;   10;  11.9;   5.9;    3;   0.1;   4;    4.800;  77;   4.6;   6.1;  839.50;    2.3;   85.13;    4.6;   -0.3;    0.0;eor
       1346;20180107;   10;  16.9;  11.3;    3;   0.0;   0;    1.067;  74;   6.0;   5.1;  845.45;    3.6;   64.46;    5.3;    1.7;    0.0;eor
       1346;20180108;   10;  20.4;  11.4;    3;   0.0;   0;    2.267;  72;   6.3;   4.3;  847.64;    6.0;   46.17;    7.3;    5.0;    0.0;eor
       1346;20180109;   10;  19.0;  10.1;    3;   1.1;   4;    2.067;  71;   6.0;   5.1;  843.83;    2.7;   70.96;    7.7;   -0.6;    0.0;eor
       1346;20180110;   10;  16.8;   8.6;    3;   0.6;   4;    3.250;  72;   6.2;   4.7;  843.00;   -0.8;   82.58;    0.3;   -2.1;    0.0;eor
       1346;20180111;   10;  11.6;   4.3;    3;   1.5;   4;    0.183;  71;   7.0;   5.2;  845.06;   -1.5;   94.17;    0.1;   -2.6;    0.0;eor
       1346;20180112;   10;  16.7;   9.9;    3;   0.1;   4;    7.833;  71;   4.4;   4.3;  850.47;   -2.7;   85.83;   -0.9;   -5.3;    0.0;eor
       1346;20180113;   10;  15.5;   8.0;    3;   0.0;   4;    5.333;  71;   3.7;   3.6;  849.25;   -2.8;   74.46;    0.4;   -5.8;    0.0;eor
       1346;20180114;   10;  10.1;   3.7;    3;   0.0;   0;    7.950;  71;   0.7;   3.6;  848.33;   -0.8;   62.79;    2.7;   -2.1;    0.0;eor
       1346;20180115;   10;  39.3;  14.3;    3;  17.8;   4;    0.000;  70;   5.2;   4.3;  843.56;   -2.2;   82.96;   -0.9;   -3.2;   -0.3;eor
       1346;20180116;   10;  40.5;  20.2;    3;  19.3;   4;    0.000;-999;   7.3;   5.5;  832.80;   -1.1;   98.00;   -0.1;   -2.8;   -0.2;eor
       1346;20180117;   10;  34.9;  17.9;    3;   5.1;   4;    0.000;-999;   7.3;   4.0;  836.43;   -5.4;   98.54;   -2.6;   -7.0;   -0.1;eor
       1346;20180118;   10;  39.9;  20.3;    3;  11.2;   4;    0.000;-999;   7.5;   5.3;  838.61;   -1.9;   98.38;    0.0;   -5.0;    0.0;eor
       1346;20180119;   10;  28.2;  14.2;    3;   4.2;   4;    0.000;-999;   7.3;   4.3;  840.63;   -3.9;   93.04;   -1.0;   -5.4;    0.0;eor
       1346;20180120;   10;  32.1;  16.4;    3;  14.8;   8;    0.000;-999;   7.5;   4.4;  836.48;   -3.7;   93.63;   -0.1;   -5.8;    0.0;eor
       1346;20180121;   10;  25.4;  11.0;    3;  19.7;   4;    0.067;-999;   7.8;   4.3;  842.14;   -3.9;   93.42;   -0.2;   -5.5;    0.0;eor
       1346;20180122;   10;  27.7;  15.6;    3;  46.0;   4;    0.000;-999;   7.3;   6.7;  843.47;    1.6;   97.83;    3.4;   -1.4;    0.0;eor
       1346;20180123;   10;  17.4;   9.5;    3;   2.0;   4;    0.017;-999;   7.6;   5.1;  854.14;   -1.9;   94.50;    0.9;   -3.0;    0.0;eor
       1346;20180124;   10;  27.2;  14.7;    3;   0.0;   0;    5.783; 120;   4.7;   5.8;  853.57;    3.5;   75.79;    6.4;    0.5;    0.0;eor
       1346;20180125;   10;  26.0;  11.7;    3;   0.2;   4;    4.917; 120;   4.7;   5.3;  848.10;    3.0;   69.42;    4.5;    1.5;    0.0;eor
       1346;20180126;   10;  14.3;   4.9;    3;   7.7;   4;    0.000; 118;   7.5;   5.8;  847.78;    0.0;   95.04;    2.1;   -1.6;    0.0;eor
       1346;20180127;   10;  14.4;   5.6;    3;   0.1;   4;    0.100; 120;   7.9;   5.5;  857.79;   -0.9;   96.29;   -0.1;   -1.4;    0.0;eor
       1346;20180128;   10;  16.0;   9.3;    3;   0.5;   4;    0.233; 119;   6.4;   5.7;  863.49;    0.0;   92.58;    3.9;   -3.9;    0.0;eor
       1346;20180129;   10;  15.8;   8.4;    3;   1.2;   4;    7.750; 116;   3.5;   6.3;  860.80;    2.0;   88.79;    4.8;   -0.5;   -0.1;eor
       1346;20180130;   10;  12.2;   4.7;    3;   0.3;   8;    0.000; 115;   7.7;   5.5;  857.47;   -0.8;   95.79;    0.0;   -2.4;   -1.6;eor
       1346;20180131;   10;  27.5;  14.6;    3;  17.5;   8;    0.683; 115;   7.3;   5.3;  845.03;   -1.3;   95.92;    0.0;   -2.5;   -2.5;eor
       1346;20180201;   10;  25.5;  11.8;    3;   3.0;   4;    0.000;-999;   7.5;   4.1;  834.75;   -4.8;   95.25;   -1.5;   -6.4;   -0.3;eor
       1346;20180202;   10;  15.5;   8.3;    3;   0.4;   4;    0.017;-999;   6.7;   3.4;  836.83;   -6.7;   90.75;   -5.6;   -7.4;    0.0;eor
       1346;20180203;   10;  11.5;   4.8;    3;   1.8;   4;    0.000;-999;   7.4;   3.4;  836.24;   -6.7;   91.63;   -5.4;   -8.6;    0.0;eor
       1346;20180204;   10;  13.6;   3.1;    3;   0.1;   4;    3.783;-999;   5.9;   3.2;  841.72;   -7.2;   90.38;   -4.4;   -8.7;    0.0;eor
       1346;20180205;   10;  16.7;  10.2;    3;   0.0;   4;    4.217; 132;   6.3;   3.0;  844.88;   -5.6;   76.46;   -0.8;   -7.9;    0.0;eor
       1346;20180206;   10;  10.3;   4.1;    3;   0.0;   0;    7.750; 130;   4.5;   3.6;  840.12;   -0.8;   62.00;    1.3;   -3.2;    0.0;eor
       1346;20180207;   10;   8.5;   3.0;    3;   2.5;   7;    0.050; 130;   7.6;   3.7;  839.59;   -5.9;   92.58;   -3.1;   -7.5;    0.0;eor
       1346;20180208;   10;  12.3;   6.8;    3;   1.4;   7;    0.000; 130;   6.3;   3.7;  844.56;   -5.5;   91.00;   -4.6;   -7.1;    0.0;eor
       1346;20180209;   10;  12.9;   4.6;    3;   0.3;   7;    6.833; 130;   3.8;   3.5;  842.68;   -5.7;   88.67;   -3.7;   -7.8;    0.0;eor
       1346;20180210;   10;  12.1;   5.0;    3;   0.6;   7;    0.533; 131;   7.8;   3.3;  843.86;   -7.0;   91.38;   -4.7;   -7.9;    0.0;eor
       1346;20180211;   10;  22.5;  13.4;    3;   6.6;   8;    0.000; 132;   7.5;   3.7;  838.28;   -5.7;   91.25;   -3.0;   -8.7;    0.0;eor
       1346;20180212;   10;  17.5;   7.8;    3;   3.3;   7;    0.117;-999;   7.4;   3.1;  842.47;   -7.7;   90.63;   -5.0;   -9.7;    0.0;eor
       1346;20180213;   10;  13.8;   6.3;    3;   0.0;   7;    9.383; 155;   5.0;   2.3;  840.81;   -9.8;   80.71;   -8.5;  -10.9;    0.0;eor
       1346;20180214;   10;  12.0;   4.6;    3;   1.1;   7;    2.450; 153;   4.6;   3.0;  842.65;   -7.0;   81.54;   -4.9;   -9.0;    0.0;eor
       1346;20180215;   10;  25.1;  13.6;    3;  45.0;   8;    0.000; 149;   7.5;   5.5;  845.91;   -0.7;   90.38;    4.4;   -6.3;   -0.1;eor
       1346;20180216;   10;  12.8;   4.6;    3;   7.1;   8;    0.867; 142;   7.5;   5.4;  852.53;   -1.2;   95.29;    3.4;   -2.8;    0.0;eor
       1346;20180217;   10;  16.0;   7.7;    3;  20.9;   8;    0.000; 144;   7.7;   5.0;  846.99;   -2.3;   95.04;    0.3;   -6.2;    0.0;eor
       1346;20180218;   10;  13.1;   6.9;    3;   0.1;   4;    3.717; 148;   7.4;   3.4;  849.89;   -6.7;   90.96;   -4.5;   -8.2;    0.0;eor
       1346;20180219;   10;   7.7;   3.4;    3;   0.0;   7;    0.783; 149;   6.8;   3.3;  844.61;   -7.1;   91.88;   -4.5;   -8.6;    0.0;eor
       1346;20180220;   10;  16.3;   5.1;    3;   0.0;   8;    0.000; 149;   8.0;   3.0;  841.37;   -8.2;   91.25;   -4.3;  -10.1;    0.0;eor
       1346;20180221;   10;  22.1;  11.1;    3;   0.0;   0;    0.250; 148;   7.7;   2.8;  842.37;   -9.2;   89.75;   -7.6;  -10.4;    0.0;eor
       1346;20180222;   10;  28.8;  17.2;    3;   0.0;   0;    0.000; 150;   8.0;   2.5;  838.32;  -10.4;   89.04;   -9.8;  -11.3;    0.0;eor
       1346;20180223;   10;  23.9;  14.6;    3;   0.0;   0;    0.000; 150;   8.0;   2.4;  837.96;  -10.5;   88.42;   -9.6;  -11.0;    0.0;eor
       1346;20180224;   10;  32.5;  21.3;    3;   0.0;   0;    6.150; 150;   4.8;   2.8;  839.04;   -9.0;   87.75;   -5.7;  -13.0;   -0.1;eor
       1346;20180225;   10;  30.7;  18.4;    3;   0.0;   0;    9.500; 150;   3.2;   1.5;  841.18;  -14.9;   78.75;  -12.9;  -17.1;   -0.2;eor
       1346;20180226;   10;  23.9;  12.6;    3;   0.0;   4;    8.850; 149;   4.9;   1.2;  839.89;  -18.4;   80.79;  -17.0;  -19.8;   -0.2;eor
       1346;20180227;   10;  17.8;   9.5;    3;   0.0;   0;    0.617; 149;   6.7;   1.2;  836.64;  -18.2;   82.63;  -13.6;  -19.8;   -0.3;eor
       1346;20180228;   10;  19.1;  12.6;    3;   0.4;   7;    7.833; 149;   5.0;   1.5;  835.42;  -15.5;   81.63;   -8.0;  -19.5;   -0.4;eor
       1346;20180301;   10;  18.3;  10.4;    3;   0.4;   8;    0.267; 149;   7.5;   4.5;  830.18;   -2.3;   84.58;    2.0;   -8.6;   -0.4;eor
       1346;20180302;   10;  22.2;  11.3;    3;   1.0;   7;    3.133; 148;   6.2;   4.4;  826.33;   -1.0;   79.38;    3.3;   -4.9;   -0.4;eor
       1346;20180303;   10;  22.7;   8.5;    3;   5.1;   8;    0.050;-999;   6.3;   4.0;  828.46;   -2.3;   78.71;    0.1;   -4.7;   -0.4;eor
       1346;20180304;   10;  18.5;   8.5;    3;   1.9;   8;    6.450;-999;   5.2;   4.8;  831.62;    0.0;   80.75;    3.5;   -2.2;   -0.3;eor
       1346;20180305;   10;  15.8;   7.3;    3;   0.0;   0;    9.733; 161;   2.5;   4.7;  828.90;    0.1;   77.42;    2.4;   -2.8;   -0.3;eor
       1346;20180306;   10;  12.4;   4.6;    3;   4.2;   8;    4.233; 159;   6.4;   5.2;  826.22;    0.2;   83.79;    2.1;   -1.6;   -0.2;eor
       1346;20180307;   10;  23.1;  11.9;    3;   7.1;   8;    0.033; 159;   7.2;   4.7;  830.95;   -2.9;   94.21;   -1.5;   -4.2;   -0.2;eor
       1346;20180308;   10;  21.7;  12.1;    3;   0.3;   8;    4.767;-999;   6.8;   4.5;  837.87;   -2.1;   85.83;    0.7;   -4.3;   -0.2;eor
       1346;20180309;   10;  20.2;  11.4;    3;   2.5;   8;    3.383; 158;   7.1;   5.0;  841.23;    2.3;   69.17;    4.9;   -0.1;   -0.1;eor
       1346;20180310;   10;  24.0;  13.7;    3;   9.8;   8;    0.000; 152;   6.8;   7.2;  839.15;    3.7;   90.25;    7.7;    1.8;   -0.1;eor
       1346;20180311;   10;  16.3;   8.3;    3;   8.2;   8;    0.333; 145;   5.9;   6.1;  833.50;    5.5;   68.58;    8.3;    2.3;    0.0;eor
       1346;20180312;   10;  25.4;  12.9;    3;  18.8;   8;    0.000; 138;   7.7;   6.3;  832.30;    0.8;   97.21;    2.5;   -0.8;    0.0;eor
       1346;20180313;   10;  26.1;  13.7;    3;  18.4;   4;    0.000;-999;   7.4;   5.3;  838.82;   -1.7;   98.17;   -0.7;   -2.6;    0.0;eor
       1346;20180314;   10;  14.7;   6.4;    3;   0.0;   7;    8.600;-999;   3.8;   5.2;  841.49;   -1.4;   93.79;    0.0;   -2.5;    0.0;eor
       1346;20180315;   10;  18.3;  11.1;    3;   1.2;   8;    0.000; 148;   6.5;   4.4;  831.58;    1.6;   65.50;    4.6;   -0.9;    0.0;eor
       1346;20180316;   10;  17.3;   7.8;    3;   1.0;   8;    1.683;-999;   5.7;   5.5;  834.77;   -0.5;   93.17;    0.2;   -1.4;    0.0;eor
       1346;20180317;   10;  15.3;   8.2;    3;   9.1;   8;    0.000; 147;   7.4;   4.7;  828.83;   -2.4;   91.63;   -0.2;   -6.7;    0.0;eor
       1346;20180318;   10;  11.6;   4.4;    3;   0.3;   8;    0.000; 147;   7.9;   4.0;  829.75;   -4.9;   92.67;   -1.8;   -8.4;    0.0;eor
       1346;20180319;   10;  11.5;   2.2;    3;   0.1;   7;    0.033; 147;   8.0;   4.0;  835.08;   -4.9;   93.63;   -1.5;   -8.7;    0.0;eor
       1346;20180320;   10;  18.4;   7.9;    3;   1.7;   7;    1.900; 148;   7.1;   2.8;  841.52;   -9.1;   89.33;   -7.4;  -10.8;    0.0;eor
       1346;20180321;   10;  15.8;   7.9;    3;   0.1;   7;    7.250; 148;   4.8;   2.7;  850.21;   -8.9;   86.29;   -7.9;  -10.3;    0.0;eor
       1346;20180322;   10;  12.8;   5.4;    3;   1.4;   7;    3.233; 147;   5.4;   2.9;  846.45;   -6.9;   77.33;   -4.5;   -9.1;    0.0;eor
       1346;20180323;   10;  10.6;   3.1;    3;   0.1;   7;    2.133; 152;   6.3;   4.4;  838.48;   -3.3;   92.54;   -1.0;   -4.9;    0.0;eor
       1346;20180324;   10;  17.3;   6.9;    3;   0.0;   0;   11.600; 152;   1.3;   3.7;  832.33;   -1.6;   68.75;    2.8;   -5.0;    0.0;eor
       1346;20180325;   10;  10.7;   4.7;    3;   0.0;   0;    7.667; 150;   2.9;   4.4;  838.17;    0.5;   69.67;    3.0;   -1.1;    0.0;eor
       1346;20180326;   10;   9.3;   4.0;    3;   2.1;   7;    2.483; 149;   5.8;   4.5;  844.33;   -1.1;   80.46;    0.4;   -2.6;    0.0;eor
       1346;20180327;   10;  23.0;   7.6;    3;  10.2;   8;    5.067; 151;   6.8;   4.5;  844.15;   -1.9;   85.38;    1.1;   -5.0;    0.0;eor
       1346;20180328;   10;  35.2;  16.1;    3;  29.5;   8;    0.000; 150;   7.4;   6.5;  838.66;    1.1;   97.79;    2.8;   -1.5;    0.0;eor
       1346;20180329;   10;  17.7;   7.8;    3;   1.1;   8;    1.967; 147;   6.5;   4.8;  838.67;   -2.6;   94.83;   -1.4;   -4.1;    0.0;eor
       1346;20180330;   10;  18.8;   8.3;    3;   1.9;   8;    6.350; 148;   4.5;   4.9;  834.63;   -0.6;   84.29;    4.2;   -3.3;    0.0;eor
       1346;20180331;   10;  11.9;   4.1;    3;   2.1;   8;    2.133; 152;   6.3;   5.0;  833.10;   -1.5;   91.08;   -0.8;   -2.2;    0.0;eor
       1346;20180401;   10;  21.9;  12.0;    3;   3.8;   4;    0.000;-999;   7.1;   4.6;  841.15;   -3.0;   94.17;   -1.8;   -3.9;    0.0;eor
       1346;20180402;   10;  22.6;   9.6;    3;   0.1;   8;    5.417;-999;   4.6;   3.7;  841.97;    2.0;   54.75;    7.7;   -4.4;    0.0;eor
       1346;20180403;   10;  26.8;  11.3;    3;   0.1;   6;    7.217; 147;   5.8;   5.4;  840.69;    6.5;   55.33;    9.0;    4.5;    0.0;eor
       1346;20180404;   10;  26.5;  11.6;    3;  11.2;   8;    4.267; 140;   6.1;   6.2;  840.12;    3.4;   81.46;    9.5;   -0.4;    0.0;eor
       1346;20180405;   10;  25.5;  11.7;    3;   6.6;   8;    0.000; 137;   6.5;   5.9;  846.19;   -0.1;   96.88;    1.2;   -2.6;    0.0;eor
       1346;20180406;   10;  12.2;   6.7;    3;   0.0;   0;   12.283; 138;   0.9;   4.1;  849.37;    3.6;   55.79;    9.9;   -3.2;    0.0;eor
       1346;20180407;   10;   9.0;   3.8;    3;   0.0;   0;   11.467; 135;   0.8;   3.6;  847.72;   12.7;   24.04;   15.8;    8.8;    0.0;eor
       1346;20180408;   10;  12.6;   6.9;    3;   0.0;   6;    9.267; 130;   2.3;   5.3;  843.69;   11.9;   37.54;   13.5;    9.3;    0.0;eor
       1346;20180409;   10;  10.1;   5.2;    3;   0.3;   6;    3.200; 121;   5.9;   6.7;  840.27;    7.9;   63.33;    9.9;    4.9;    0.0;eor
       1346;20180410;   10;  15.2;   5.3;    3;   1.9;   8;    1.983; 113;   5.8;   6.9;  838.55;    3.4;   88.58;    8.0;   -0.4;    0.1;eor
       1346;20180411;   10;  19.4;   9.7;    3;   0.3;   4;    9.433; 109;   2.8;   5.5;  838.20;    5.0;   64.13;    7.9;    2.1;    0.1;eor
       1346;20180412;   10;  16.1;   6.2;    3;   0.1;   4;    7.583; 102;   5.5;   5.1;  835.36;    6.8;   51.54;    8.9;    5.2;    0.1;eor
       1346;20180413;   10;  14.2;   6.3;    3;   0.2;   8;    2.117;  99;   5.6;   5.7;  842.96;    3.8;   72.33;    7.1;    1.0;    0.1;eor
       1346;20180414;   10;  10.0;   4.9;    3;   0.0;   0;    6.900;  95;   4.2;   6.3;  851.07;    6.5;   64.79;    9.4;    3.6;    0.1;eor
       1346;20180415;   10;   7.6;   2.5;    3;  14.7;   6;    6.267;  91;   5.1;   7.9;  847.08;    7.7;   75.29;   11.3;    4.9;    0.1;eor
       1346;20180416;   10;   7.9;   3.8;    3;   0.1;   6;    1.483;  85;   7.0;   8.1;  849.25;    5.9;   87.63;    8.2;    4.7;    0.1;eor
       1346;20180417;   10;  11.6;   5.3;    3;   0.0;   0;   11.667;  80;   1.4;   7.0;  857.62;    8.6;   62.92;   11.9;    5.1;    0.0;eor
       1346;20180418;   10;  20.6;  12.4;    3;   0.0;   0;   12.900;  71;   0.3;   6.3;  861.26;   10.1;   51.83;   13.6;    7.3;    0.1;eor
       1346;20180419;   10;  20.8;   6.2;    3;   0.0;   0;   13.050;  51;   0.1;   6.7;  860.53;   13.4;   43.67;   16.9;    9.4;    0.2;eor
       1346;20180420;   10;   9.5;   3.0;    3;   0.0;   0;   13.067;  43;   0.3;   7.1;  858.44;   14.4;   43.38;   16.4;   12.4;    0.0;eor
       1346;20180421;   10;   7.0;   2.3;    3;   0.0;   0;   12.533;  37;   0.4;   8.1;  855.57;   14.9;   47.50;   17.2;   13.2;    1.8;eor
       1346;20180422;   10;  14.2;   6.6;    3;   0.0;   0;   10.617;  30;   2.0;   7.0;  852.51;   14.4;   42.50;   17.3;   12.5;    3.1;eor
       1346;20180423;   10;  15.3;   8.3;    3;   8.4;   8;    3.467;  16;   6.7;   8.6;  852.39;    8.8;   78.17;   12.8;    5.7;    5.0;eor
       1346;20180424;   10;  17.8;   7.9;    3;   0.0;   0;    6.250;   5;   5.0;   8.9;  852.28;    8.0;   83.83;   11.6;    5.3;    5.0;eor
       1346;20180425;   10;  25.5;  13.8;    3;   3.0;   8;    4.267;   0;   5.3;   8.8;  849.07;    7.9;   82.33;   10.4;    4.3;    4.0;eor
       1346;20180426;   10;  20.0;   8.4;    3;   0.1;   4;    4.150;   0;   6.9;   5.9;  850.37;    2.2;   83.08;    4.9;    0.4;   -1.1;eor
       1346;20180427;   10;  20.3;   8.3;    3;   0.1;   8;   13.167;   0;   1.8;   5.7;  846.00;    6.8;   59.29;   13.3;    0.5;   -1.0;eor
       1346;20180428;   10;  16.0;   5.2;    3;  13.0;   8;    3.983;   0;   6.3;   8.5;  846.59;    8.2;   77.96;   12.6;    4.3;    3.9;eor
       1346;20180429;   10;  27.0;   9.3;    3;   6.7;   8;   10.050;   0;   4.3;   7.7;  841.13;   11.3;   59.58;   15.8;    1.9;    1.9;eor
       1346;20180430;   10;  30.6;  14.2;    3;   0.7;   8;    4.783;   0;   6.9;   6.0;  839.82;    2.7;   82.08;    6.9;    0.2;    0.4;eor
       1346;20180501;   10;  19.7;   6.5;    3;   0.4;   8;    1.050;   0;   7.2;   6.0;  844.58;    0.7;   93.04;    3.5;   -1.0;   -0.7;eor
       1346;20180502;   10;  16.3;   6.7;    3;   3.1;   6;    0.583;   0;   7.0;   6.8;  844.22;    3.2;   87.50;    7.0;    0.6;   -0.2;eor
       1346;20180503;   10;  15.1;   8.4;    3;   0.0;   0;    0.300;   0;   7.8;   7.4;  846.75;    3.8;   92.75;    5.4;    1.9;    2.1;eor
       1346;20180504;   10;  19.7;  11.1;    3;   0.5;   4;    0.500;   0;   7.8;   9.5;  849.50;    7.4;   92.25;   10.5;    4.7;    4.7;eor
       1346;20180505;   10;  23.4;  12.8;    3;   0.3;   4;    6.133;   0;   5.5;  10.0;  852.16;    9.7;   83.83;   14.2;    6.2;    5.9;eor
       1346;20180506;   10;  20.9;  11.4;    3;   0.0;   0;   11.667;   0;   1.5;   9.6;  853.51;   11.5;   71.08;   16.3;    7.8;    6.4;eor
       1346;20180507;   10;  18.3;   9.8;    3;   0.0;   0;   13.733;   0;   0.8;   7.0;  850.48;   11.2;   52.54;   15.7;    7.9;    5.5;eor
       1346;20180508;   10;  15.6;   5.7;    3;   2.0;   4;    9.283;   0;   2.5;   8.8;  845.82;   12.4;   60.67;   15.4;    9.0;    6.1;eor
       1346;20180509;   10;   9.1;   4.6;    3;   3.2;   4;    6.533;   0;   4.7;   8.5;  843.42;   10.6;   66.38;   12.4;    8.4;    4.7;eor
       1346;20180510;   10;  18.0;   6.8;    3;  12.5;   4;    0.000;   0;   7.3;   8.6;  847.00;    5.2;   96.33;    9.5;    2.3;    2.3;eor
       1346;20180511;   10;  11.6;   4.8;    3;   0.0;   4;   11.583;   0;   3.5;   8.2;  851.10;    7.7;   77.13;   13.2;    3.0;    1.3;eor
       1346;20180512;   10;  16.9;   4.0;    3;   0.2;   4;    6.483;   0;   4.0;   9.9;  849.17;   11.9;   71.17;   15.2;    7.4;    6.7;eor
       1346;20180513;   10;  13.9;   5.4;    3;   8.9;   4;    0.000;   0;   7.8;   9.2;  844.61;    6.3;   96.04;    8.8;    3.5;    3.9;eor
       1346;20180514;   10;  17.9;   4.8;    3;  11.6;   4;    0.000;   0;   7.9;   9.4;  843.30;    6.2;   99.00;    7.4;    4.5;    4.8;eor
       1346;20180515;   10;  14.9;   5.9;    3;   9.8;   4;    0.767;   0;   7.5;   9.0;  846.13;    6.0;   95.50;    7.7;    3.6;    2.9;eor
       1346;20180516;   10;  12.6;   4.5;    3;  16.8;   4;    0.000;   0;   7.5;   7.9;  848.04;    4.7;   92.75;    5.9;    2.9;    2.7;eor
       1346;20180517;   10;  13.8;   6.1;    3;   1.3;   4;    0.050;   0;   7.5;   9.0;  851.02;    5.8;   97.13;    7.1;    4.3;    3.3;eor
       1346;20180518;   10;   9.6;   4.0;    3;   0.0;   0;    6.850;   0;   4.3;   9.0;  852.34;    7.7;   85.50;   10.2;    5.3;    2.0;eor
       1346;20180519;   10;  14.4;   6.0;    3;   0.7;   4;    6.417;   0;   4.3;   8.6;  851.95;    7.3;   84.29;   10.6;    5.0;    2.5;eor
       1346;20180520;   10;  16.4;   8.6;    3;   0.2;   4;    1.333;   0;   6.3;   9.0;  850.85;    6.5;   93.21;    9.2;    3.9;    3.1;eor
       1346;20180521;   10;  11.3;   4.8;    3;   1.3;   4;    7.417;   0;   4.6;   8.9;  848.88;   10.3;   70.92;   13.1;    7.1;    5.1;eor
       1346;20180522;   10;  10.6;   4.4;    3;   3.9;   4;    9.500;   0;   4.8;   9.2;  848.40;   11.0;   70.50;   12.8;    7.7;    4.1;eor
       1346;20180523;   10;  10.5;   3.0;    3;  38.4;   4;    0.550;   0;   6.9;  10.8;  851.68;    9.7;   90.00;   12.1;    7.7;    4.9;eor
       1346;20180524;   10;  10.3;   4.4;    3;   0.0;   4;    6.600;   0;   5.6;  10.2;  852.89;   10.9;   78.21;   13.9;    8.0;    6.2;eor
       1346;20180525;   10;  13.0;   4.2;    3;   0.0;   4;    8.850;   0;   2.5;  10.4;  853.66;   12.8;   70.29;   16.1;   10.3;    5.9;eor
       1346;20180526;   10;  12.5;   4.5;    3;   0.0;   0;    9.667;   0;   4.2;  11.3;  855.63;   15.2;   65.29;   18.8;   12.8;    7.3;eor
       1346;20180527;   10;  14.3;   6.6;    3;   9.6;   4;    6.700;   0;   4.1;  12.2;  854.65;   14.8;   72.67;   17.9;   11.5;    9.1;eor
       1346;20180528;   10;  12.1;   5.2;    3;   0.0;   4;    9.917;   0;   3.3;  12.1;  852.80;   15.2;   71.00;   18.1;   11.2;    9.3;eor
       1346;20180529;   10;   8.7;   3.4;    3;   0.5;   4;    4.267;   0;   6.5;  12.4;  851.24;   12.5;   86.46;   15.2;    9.5;    8.8;eor
       1346;20180530;   10;  16.0;   4.8;    3;  18.7;   4;    8.300;   0;   4.5;  11.9;  851.35;   14.4;   72.46;   17.9;   10.7;    7.4;eor
       1346;20180531;   10;  17.1;   4.5;    3;  16.5;   4;    6.350;   0;   5.5;  12.6;  851.52;   11.9;   90.13;   15.8;    8.7;    8.9;eor
       1346;20180601;   10;  14.5;   6.1;    3;   0.0;   4;    5.483;   0;   6.5;  11.3;  854.12;   10.0;   92.46;   13.4;    7.6;    6.7;eor
       1346;20180602;   10;   7.5;   3.0;    3;   0.0;   4;    7.350;   0;   3.9;  11.9;  854.49;   11.5;   87.58;   15.4;    8.8;    6.2;eor
       1346;20180603;   10;  15.9;   6.0;    3;   1.1;   4;    8.850;   0;   3.4;  12.8;  852.68;   13.4;   83.17;   17.3;   10.7;    8.6;eor
       1346;20180604;   10;  15.3;   6.4;    3;   3.5;   4;    7.433;   0;   4.4;  12.7;  848.09;   14.1;   78.75;   17.5;   11.6;    9.2;eor
       1346;20180605;   10;  15.8;   5.8;    3;   0.0;   0;    8.067;   0;   3.6;  12.9;  847.77;   14.2;   79.29;   17.5;   12.0;    9.7;eor
       1346;20180606;   10;  14.8;   5.0;    3; 105.3;   8;    5.833;   0;   4.2;  12.4;  849.44;   13.6;   79.21;   15.1;   10.6;    4.0;eor
       1346;20180607;   10;  11.9;   4.1;    3;   0.2;   6;    1.267;   0;   6.6;  12.9;  851.47;   11.5;   94.63;   13.6;   10.0;    8.3;eor
       1346;20180608;   10;  14.7;   4.8;    3;   9.7;   6;    4.933;   0;   4.8;  12.9;  849.71;   12.6;   87.96;   14.5;   11.0;    6.6;eor
       1346;20180609;   10;   6.8;   3.0;    3;   4.2;   8;    2.517;   0;   7.2;  13.5;  850.01;   13.4;   87.25;   15.4;   11.1;    9.6;eor
       1346;20180610;   10;   9.2;   4.5;    3;   1.4;   6;    8.667;   0;   3.7;  13.6;  850.08;   14.7;   81.38;   17.2;   12.2;   11.0;eor
       1346;20180611;   10;  10.4;   5.0;    3;   3.9;   6;    1.183;   0;   6.0;  13.2;  847.99;   13.4;   86.21;   16.5;   10.3;    9.1;eor
       1346;20180612;   10;  12.9;   5.3;    3;  14.3;   6;    0.383;   0;   7.4;  12.2;  846.03;   10.4;   96.79;   11.4;    8.9;    9.2;eor
       1346;20180613;   10;  17.0;   7.1;    3;   0.9;   6;    0.000;   0;   7.4;   9.3;  847.58;    5.9;   99.63;    9.2;    3.6;    2.6;eor
       1346;20180614;   10;   7.5;   3.7;    3;   0.0;   0;    5.667;   0;   4.7;   8.4;  850.47;    6.8;   84.88;   10.6;    2.8;    1.1;eor
       1346;20180615;   10;   9.3;   3.9;    3;   0.0;   0;    5.450;   0;   5.2;  10.1;  851.64;    9.7;   84.00;   12.6;    6.6;    3.6;eor
       1346;20180616;   10;   8.7;   4.1;    3;   0.0;   0;   11.033;   0;   3.4;  10.3;  852.04;   11.9;   73.54;   15.2;    9.4;    6.3;eor
       1346;20180617;   10;   9.9;   4.3;    3;   0.3;   6;    2.117;   0;   7.2;  11.3;  854.18;    9.9;   92.58;   12.8;    8.2;    7.8;eor
       1346;20180618;   10;   7.0;   3.2;    3;   0.0;   0;    6.750;   0;   4.9;  10.6;  857.25;    9.9;   87.25;   13.7;    7.0;    4.8;eor
       1346;20180619;   10;   9.1;   3.1;    3;   0.0;   0;    9.033;   0;   3.0;  12.5;  859.38;   12.7;   84.67;   16.6;    9.1;    5.0;eor
       1346;20180620;   10;  11.9;   5.0;    3;   0.0;   0;   11.983;   0;   1.4;  13.5;  857.39;   16.0;   74.17;   20.4;   11.9;   10.0;eor
       1346;20180621;   10;  15.2;   7.0;    3;   0.0;   6;    6.100;   0;   4.4;  12.2;  854.59;   12.9;   81.42;   16.1;    4.0;    2.9;eor
       1346;20180622;   10;  16.4;   6.1;    3;   0.0;   0;   11.683;   0;   1.8;   6.6;  856.52;    4.4;   79.54;    7.2;    1.4;   -0.4;eor
       1346;20180623;   10;   9.1;   3.8;    3;   0.0;   0;   14.433;   0;   1.1;   7.7;  856.89;    6.5;   79.17;    9.6;    2.6;   -0.4;eor
       1346;20180624;   10;   8.7;   3.4;    3;   0.0;   0;    4.533;   0;   5.3;   9.0;  854.45;    8.1;   82.83;   10.6;    6.2;    2.9;eor
       1346;20180625;   10;  12.3;   4.9;    3;   0.0;   0;    3.583;   0;   5.3;   9.2;  855.58;    8.3;   84.25;   11.8;    5.5;    5.3;eor
       1346;20180626;   10;  13.7;   6.2;    3;   0.1;   4;    8.900;   0;   2.8;  10.3;  856.70;   10.6;   80.21;   14.1;    7.4;    5.7;eor
       1346;20180627;   10;  16.0;   8.6;    3;   0.0;   0;   10.350;   0;   3.1;   9.1;  855.33;   10.9;   71.46;   14.4;    7.5;    6.4;eor
       1346;20180628;   10;  19.3;  10.2;    3;   2.2;   6;    5.917;   0;   4.5;   9.6;  852.70;    9.1;   82.33;   11.6;    6.6;    5.1;eor
       1346;20180629;   10;  20.2;   9.0;    3;   0.5;   4;    2.683;   0;   6.8;  12.9;  851.08;   11.6;   94.04;   16.1;    8.6;    8.9;eor
       1346;20180630;   10;  16.8;   7.0;    3;   0.0;   0;   10.150;   0;   2.3;  13.8;  850.97;   16.1;   75.54;   19.4;   12.7;   11.3;eor
       1346;20180701;   10;  12.8;   4.1;    3;   0.0;   0;    9.067;-999;   2.4;  12.9;  850.85;   16.8;   67.33;   19.8;   12.3;    7.8;eor
       1346;20180702;   10;   7.5;   2.8;    3;   0.0;   0;   13.733;-999;   2.6;  12.7;  851.20;   17.9;   61.83;   20.8;   15.9;    8.0;eor
       1346;20180703;   10;  17.7;   4.7;    3;   0.6;   6;    5.133;   0;   4.8;  12.3;  853.38;   15.1;   71.50;   17.4;   10.9;    9.8;eor
       1346;20180704;   10;   8.3;   3.6;    3;   6.1;   6;    4.933;-999;   4.5;  13.5;  853.48;   15.8;   75.33;   19.1;   13.7;   10.5;eor
       1346;20180705;   10;  14.8;   5.5;    3;  22.0;   6;    0.267;   0;   6.9;  12.2;  851.72;   11.4;   90.58;   15.7;    9.7;    9.6;eor
       1346;20180706;   10;  12.5;   5.4;    3;   4.8;   6;    3.633;   0;   6.1;  12.2;  854.84;   10.8;   94.38;   12.4;    9.7;   10.0;eor
       1346;20180707;   10;   9.6;   5.3;    3;   0.0;   6;    6.467;   0;   4.3;  11.5;  857.80;   12.5;   79.25;   14.5;   10.2;    7.9;eor
       1346;20180708;   10;  11.1;   4.0;    3;   0.0;   0;   13.450;   0;   1.5;  11.1;  857.20;   13.5;   71.46;   15.3;   12.0;    6.9;eor
       1346;20180709;   10;  10.0;   4.7;    3;   0.0;   0;   12.483;   0;   2.6;   9.2;  855.66;   13.7;   58.33;   15.7;   11.8;    7.2;eor
       1346;20180710;   10;  11.6;   5.1;    3;   0.0;   6;    1.933;   0;   5.8;   9.9;  852.16;    9.8;   81.63;   12.8;    5.2;    4.4;eor
       1346;20180711;   10;   9.8;   4.8;    3;   0.0;   0;    2.133;   0;   5.6;   8.7;  851.16;    7.0;   86.71;    9.9;    4.8;    3.9;eor
       1346;20180712;   10;   8.0;   4.0;    3;   0.0;   0;    8.800;   0;   2.3;   9.9;  853.10;   10.6;   77.04;   13.3;    7.1;    3.7;eor
       1346;20180713;   10;   7.1;   3.1;    3;   0.0;   0;    9.583;   0;   3.6;  10.5;  855.45;   14.0;   65.88;   17.4;   10.4;    7.0;eor
       1346;20180714;   10;   8.7;   3.0;    3;   2.6;   6;   11.300;   0;   3.5;  11.1;  855.15;   15.8;   61.33;   17.8;   14.2;    6.3;eor
       1346;20180715;   10;  10.4;   4.4;    3;   2.6;   6;    5.117;   0;   5.9;  11.3;  852.96;   14.0;   70.67;   17.2;   10.0;    9.0;eor
       1346;20180716;   10;   8.7;   4.0;    3;   0.0;   6;   10.150;   0;   3.0;  10.5;  850.82;   14.3;   64.08;   17.4;   11.7;    6.4;eor
       1346;20180717;   10;  11.9;   3.5;    3;   0.0;   0;   10.250;   0;   2.6;  10.4;  853.44;   14.9;   61.33;   17.9;   13.1;    5.2;eor
       1346;20180718;   10;  11.4;   3.4;    3;   0.0;   0;   10.300;   0;   2.3;  11.8;  854.25;   14.9;   69.38;   18.4;   12.5;    6.3;eor
       1346;20180719;   10;  10.8;   4.9;    3;   0.0;   0;    8.783;   0;   3.7;  10.5;  853.80;   15.6;   58.88;   18.2;   13.1;   10.5;eor
       1346;20180720;   10;  14.0;   4.8;    3;   3.1;   6;    5.733;-999;   6.2;  11.1;  851.58;   15.6;   62.92;   19.3;   10.9;   10.6;eor
       1346;20180721;   10;  13.1;   5.2;    3;   3.0;   6;    0.533;-999;   7.3;  12.1;  849.72;   11.0;   92.17;   12.1;    9.7;    9.3;eor
       1346;20180722;   10;  11.4;   5.1;    3;   0.1;   6;    1.017;   0;   7.7;  12.1;  851.57;   11.7;   87.58;   14.8;    9.9;    9.3;eor
       1346;20180723;   10;  11.9;   5.2;    3;   0.0;   6;    4.767;   0;   5.1;  13.1;  853.91;   13.5;   84.63;   16.8;   10.7;   10.6;eor
       1346;20180724;   10;  14.4;   6.6;    3;   0.0;   6;   11.233;   0;   1.5;  12.3;  852.58;   16.5;   66.46;   20.3;   13.1;   11.1;eor
       1346;20180725;   10;  22.5;   4.2;    3;  19.4;   8;    6.050;-999;   4.2;  11.8;  853.72;   18.3;   56.08;   21.5;   14.1;    7.7;eor
       1346;20180726;   10;  14.9;   6.7;    3;   0.0;   0;   13.317;   0;   0.5;  11.2;  853.35;   18.8;   51.75;   21.5;   16.5;   12.9;eor
       1346;20180727;   10;  13.2;   5.5;    3;   0.0;   6;    8.850;   0;   2.9;  11.7;  851.51;   18.3;   55.67;   21.3;   15.7;   11.8;eor
       1346;20180728;   10;  18.5;   8.4;    3;   1.7;   6;    2.217;   0;   4.9;  12.8;  850.72;   14.8;   77.38;   19.0;   12.3;   10.6;eor
       1346;20180729;   10;   8.4;   3.2;    3;   0.0;   0;   12.950;   0;   2.2;  12.7;  853.26;   16.6;   67.88;   20.8;   12.2;    6.4;eor
       1346;20180730;   10;  10.3;   3.3;    3;   0.0;   0;   13.483;   0;   1.2;  11.6;  855.24;   19.6;   51.33;   23.4;   16.8;   10.9;eor
       1346;20180731;   10;  10.3;   3.9;    3;   0.0;   0;   13.133;   0;   2.3;  12.1;  856.25;   20.9;   49.04;   23.3;   19.2;   10.7;eor
       1346;20180801;   10;  15.6;   8.2;    3;   0.4;   6;    7.850;-999;   5.1;  14.1;  857.07;   17.6;   70.17;   21.2;   13.8;   13.2;eor
       1346;20180802;   10;  16.1;   7.4;    3;   0.0;   0;   11.583;-999;   2.1;  14.2;  858.62;   17.5;   71.21;   20.8;   14.0;   12.6;eor
       1346;20180803;   10;  16.5;   8.5;    3;   0.0;   0;    8.867;-999;   1.4;  15.1;  857.73;   19.5;   66.79;   23.2;   15.8;   14.3;eor
       1346;20180804;   10;  10.2;   4.6;    3;   0.0;   0;    9.383;-999;   1.1;  14.3;  857.05;   20.8;   58.38;   23.3;   19.4;   14.5;eor
       1346;20180805;   10;  13.9;   5.2;    3;   4.3;   6;    7.667;-999;   2.4;  14.2;  856.80;   19.4;   62.83;   21.1;   17.3;   15.1;eor
       1346;20180806;   10;  11.3;   4.6;    3;   0.0;   0;    9.200;-999;   4.0;  14.0;  855.00;   19.9;   60.29;   23.4;   16.8;   13.7;eor
       1346;20180807;   10;  12.8;   6.1;    3;   2.8;   6;    6.167;-999;   3.8;  13.7;  852.76;   19.4;   60.92;   22.8;   18.2;   15.3;eor
       1346;20180808;   10;  22.3;   7.2;    3;   2.1;   6;    5.217;-999;   6.1;  13.5;  853.03;   17.0;   70.08;   20.5;   14.1;   12.4;eor
       1346;20180809;   10;  23.3;   8.8;    3;   3.8;   6;    8.200;-999;   4.8;  12.8;  852.93;   15.4;   74.83;   21.4;    8.7;    9.0;eor
       1346;20180810;   10;  16.2;   5.9;    3;   0.0;   0;    8.633;-999;   4.5;   8.8;  857.92;    9.8;   73.83;   13.4;    6.0;    5.4;eor
       1346;20180811;   10;   9.6;   3.9;    3;   0.0;   0;   10.750;-999;   2.4;   8.4;  858.04;   10.6;   66.21;   14.4;    7.3;    2.6;eor
       1346;20180812;   10;  11.9;   5.8;    3;   0.0;   6;   13.633;-999;   0.2;   8.7;  853.36;   15.0;   51.92;   19.9;    9.8;    6.4;eor
       1346;20180813;   10;  20.6;  10.6;    3;  13.0;   6;    0.817;-999;   5.7;  12.2;  849.11;   12.7;   85.08;   17.6;   10.0;   10.2;eor
       1346;20180814;   10;  12.1;   5.8;    3;   0.0;   6;    5.417;-999;   5.3;  11.4;  852.53;   10.9;   87.83;   14.1;    9.0;    8.3;eor
       1346;20180815;   10;   6.6;   2.7;    3;   0.0;   0;    8.417;-999;   3.0;  11.3;  856.04;   12.6;   77.92;   16.1;    9.2;    6.1;eor
       1346;20180816;   10;   7.9;   3.0;    3;   0.0;   0;   11.200;-999;   1.2;  11.7;  853.94;   16.3;   63.46;   19.6;   12.6;    7.5;eor
       1346;20180817;   10;  11.3;   4.3;    3;   7.4;   6;    5.850;-999;   3.7;  11.9;  853.96;   15.9;   66.54;   19.4;   11.0;   10.4;eor
       1346;20180818;   10;   6.8;   3.6;    3;   0.0;   0;    2.233;-999;   7.3;  13.7;  857.29;   13.0;   91.13;   14.7;   10.8;   10.1;eor
       1346;20180819;   10;   7.2;   4.0;    3;   0.0;   0;    7.050;-999;   4.3;  13.1;  857.94;   15.2;   76.33;   17.6;   13.0;   11.2;eor
       1346;20180820;   10;   9.1;   3.5;    3;   0.0;   0;   12.867;-999;   0.8;  12.1;  856.89;   15.6;   68.63;   18.7;   13.8;    6.8;eor
       1346;20180821;   10;   7.9;   4.5;    3;   0.0;   6;   11.000;-999;   2.0;  14.0;  856.37;   16.4;   75.21;   18.8;   12.9;   10.0;eor
       1346;20180822;   10;   9.0;   2.4;    3;   7.2;   6;    7.050;-999;   2.8;  13.2;  855.51;   18.3;   62.50;   20.9;   16.5;    8.7;eor
       1346;20180823;   10;  15.4;   4.5;    3;   7.3;   8;    8.167;-999;   4.4;  13.2;  852.89;   16.6;   69.88;   18.9;   12.3;   10.5;eor
       1346;20180824;   10;  16.4;   8.1;    3;   1.6;   6;    0.067;-999;   7.2;  11.9;  850.23;    9.7;   97.75;   12.5;    5.5;    4.2;eor
       1346;20180825;   10;  19.6;   8.5;    3;   7.7;   8;    0.000;-999;   6.0;   7.8;  848.63;    4.5;   92.71;    6.0;    3.0;    1.1;eor
       1346;20180826;   10;   8.7;   3.3;    3;   0.0;   0;    8.517;-999;   3.5;   6.2;  850.84;    6.2;   66.42;   10.5;    2.9;    0.4;eor
       1346;20180827;   10;  14.4;   8.2;    3;   0.2;   6;    4.017;-999;   7.2;   9.4;  852.26;   10.7;   71.33;   15.0;    7.4;    6.3;eor
       1346;20180828;   10;   9.0;   3.9;    3;   0.0;   0;    9.133;-999;   3.5;  12.9;  854.66;   14.1;   80.79;   18.2;   10.7;    8.9;eor
       1346;20180829;   10;  22.0;   9.7;    3;  21.1;   6;    6.333;-999;   4.2;  12.4;  852.35;   14.0;   78.29;   16.8;   10.4;   10.7;eor
       1346;20180830;   10;  14.8;   5.1;    3;   0.1;   6;    2.083;-999;   6.8;  10.9;  854.60;    8.6;   96.88;   10.6;    7.2;    7.0;eor
       1346;20180831;   10;  15.0;   7.6;    3;  20.1;   6;    0.000;-999;   7.6;   9.8;  853.27;    6.9;   98.17;    8.1;    6.0;    6.4;eor
       1346;20180901;   10;  15.6;   8.1;    3;   0.1;   6;    0.000;-999;   7.7;   9.0;  855.50;    6.4;   93.96;    7.3;    5.6;    5.3;eor
       1346;20180902;   10;  15.6;   6.3;    3;   3.6;   6;    0.000;   0;   7.8;   9.7;  853.68;    7.0;   96.83;    8.0;    5.3;    5.2;eor
       1346;20180903;   10;   7.4;   3.1;    3;   0.0;   0;    0.433;-999;   7.6;  10.4;  851.19;    8.2;   95.50;    9.7;    6.5;    7.0;eor
       1346;20180904;   10;   8.8;   3.5;    3;   0.0;   0;    5.617;-999;   3.2;  11.2;  851.93;   10.6;   87.46;   13.1;    8.4;    2.2;eor
       1346;20180905;   10;   9.9;   3.6;    3;   0.0;   6;    6.667;-999;   3.3;  12.2;  852.53;   13.4;   79.50;   16.4;   10.2;    7.3;eor
       1346;20180906;   10;   9.7;   3.9;    3;   5.7;   6;    4.000;   0;   4.8;  11.2;  849.71;   12.2;   79.21;   14.5;    9.4;    6.9;eor
       1346;20180907;   10;  11.8;   5.5;    3;   0.1;   6;    3.550;   0;   5.3;  10.5;  851.26;    8.9;   92.04;   12.0;    7.2;    5.3;eor
       1346;20180908;   10;   9.1;   4.0;    3;   0.0;   0;    8.750;   0;   3.6;  10.3;  855.18;   10.1;   83.75;   14.3;    6.9;    5.0;eor
       1346;20180909;   10;   7.4;   3.4;    3;   0.0;   0;   10.767;   0;   1.0;   9.2;  857.33;   13.5;   59.83;   16.2;   10.7;    3.7;eor
       1346;20180910;   10;  11.8;   3.7;    3;   0.0;   0;   11.117;   0;   1.6;   8.2;  859.56;   15.2;   47.17;   17.9;   13.2;    6.3;eor
       1346;20180911;   10;  12.6;   6.6;    3;   0.0;   0;   12.050;   0;   0.1;   9.1;  860.91;   15.7;   51.33;   18.3;   13.4;    9.3;eor
       1346;20180912;   10;  10.3;   5.6;    3;   0.0;   0;   11.000;   0;   1.8;  10.6;  858.57;   17.2;   53.83;   20.5;   14.4;   11.8;eor
       1346;20180913;   10;  10.5;   3.7;    3;   8.2;   6;    5.017;   0;   5.0;  12.6;  854.79;   13.5;   82.00;   17.7;    9.9;    9.4;eor
       1346;20180914;   10;   9.8;   2.9;    3;   0.0;   0;    2.033;   0;   6.7;  11.9;  854.81;   10.3;   94.75;   12.1;    8.4;    7.3;eor
       1346;20180915;   10;  11.8;   4.3;    3;   0.0;   0;   11.833;   0;   2.0;   9.0;  857.45;    8.8;   80.38;   12.1;    5.6;    4.3;eor
       1346;20180916;   10;  11.2;   5.4;    3;   0.0;   0;   11.283;   0;   0.9;  11.0;  856.98;   12.3;   77.33;   16.0;    8.1;    5.2;eor
       1346;20180917;   10;   9.5;   4.5;    3;   0.0;   0;   11.733;   0;   0.1;   9.6;  856.17;   14.6;   57.92;   18.6;   11.4;    7.5;eor
       1346;20180918;   10;  15.7;   6.4;    3;   0.2;   6;    8.967;   0;   2.6;  11.4;  855.02;   15.3;   65.46;   18.4;   13.7;   10.1;eor
       1346;20180919;   10;   9.3;   4.4;    3;   0.0;   0;   11.117;   0;   1.1;  11.6;  857.40;   15.8;   64.63;   18.7;   13.7;    9.8;eor
       1346;20180920;   10;  12.2;   5.0;    3;   0.0;   0;   11.117;   0;   0.7;  12.0;  856.25;   15.8;   67.21;   18.1;   14.0;   10.9;eor
       1346;20180921;   10;  25.9;  11.9;    3;   5.4;   8;    2.700;   0;   4.5;  10.6;  851.54;   11.2;   79.25;   16.2;    3.0;    2.6;eor
       1346;20180922;   10;  26.9;   8.2;    3;   3.7;   8;    4.567;   0;   6.1;   7.2;  854.82;    5.2;   82.00;    8.9;    2.5;    1.1;eor
       1346;20180923;   10;  39.2;  18.6;    3;  32.9;   4;    0.000;   0;   7.7;  11.9;  851.04;    9.7;   97.17;   13.6;    2.3;    2.8;eor
       1346;20180924;   10;  15.6;   6.9;    3;   0.0;   0;    5.600;   0;   5.3;   6.0;  860.80;    1.7;   87.46;    4.0;   -0.2;   -0.9;eor
       1346;20180925;   10;  20.9;  12.5;    3;   0.0;   7;    8.867;   0;   2.4;   5.2;  863.29;    1.5;   77.83;    5.0;   -1.1;   -2.2;eor
       1346;20180926;   10;  13.8;   4.6;    3;   0.0;   0;   11.217;   0;   0.3;   3.2;  864.77;   12.5;   21.25;   16.5;    3.7;    0.2;eor
       1346;20180927;   10;  10.1;   2.7;    3;   0.0;   0;   11.167;   0;   0.0;   5.6;  862.14;   14.9;   33.08;   17.9;   11.2;    0.5;eor
       1346;20180928;   10;  16.4;   5.9;    3;   0.0;   0;    8.400;   0;   3.7;   9.2;  856.20;    9.7;   76.46;   12.8;    4.7;    4.1;eor
       1346;20180929;   10;  22.9;  11.6;    3;   0.0;   0;   10.583;   0;   2.8;   7.6;  854.20;    5.6;   83.96;   11.2;    2.1;    0.8;eor
       1346;20180930;   10;  16.2;   6.9;    3;   4.1;   8;    9.950;   0;   2.6;   8.3;  851.17;   10.3;   66.63;   12.8;    5.0;    3.0;eor
       1346;20181001;   10;  16.4;   6.8;    3;   5.1;   8;    0.000;   0;   7.6;   6.6;  849.50;    1.4;   98.00;    5.0;   -1.0;   -0.5;eor
       1346;20181002;   10;  12.7;   6.0;    3;   0.5;   8;    1.833;   0;   7.6;   5.9;  854.13;    0.1;   94.88;    3.5;   -2.5;   -2.6;eor
       1346;20181003;   10;  11.5;   4.7;    3;   1.8;   6;    0.000;   0;   7.3;   8.5;  857.93;    4.8;   98.21;    6.0;    1.6;    1.8;eor
       1346;20181004;   10;  13.0;   7.5;    3;   0.0;   0;   10.750;   0;   0.7;   6.4;  857.75;    8.3;   60.04;   12.3;    4.5;    0.6;eor
       1346;20181005;   10;  11.7;   5.0;    3;   0.0;   0;   10.683;   0;   0.1;   9.3;  854.65;   12.3;   64.83;   14.7;   10.0;    6.2;eor
       1346;20181006;   10;  14.0;   7.8;    3;   0.0;   6;    2.833;   0;   5.3;   8.9;  849.26;   11.4;   66.00;   13.5;   10.0;    7.6;eor
       1346;20181007;   10;  15.4;   7.6;    3;   0.0;   4;    4.167;   0;   4.5;  10.6;  849.79;    9.1;   91.75;   11.2;    7.5;    6.5;eor
       1346;20181008;   10;  18.4;   9.6;    3;   0.0;   0;   10.517;   0;   1.2;   9.7;  853.68;   10.1;   79.00;   13.0;    8.4;    4.2;eor
       1346;20181009;   10;   8.3;   3.9;    3;   0.0;   0;   10.417;   0;   0.3;   8.6;  855.17;   12.8;   57.88;   16.8;    9.6;    4.4;eor
       1346;20181010;   10;  12.8;   7.2;    3;   0.0;   0;   10.383;   0;   0.1;   7.7;  851.75;   13.3;   50.50;   14.9;   12.3;    8.4;eor
       1346;20181011;   10;  12.4;   4.9;    3;   0.0;   6;    2.633;   0;   2.8;   7.6;  851.01;   12.6;   52.04;   13.7;    9.8;    5.3;eor
       1346;20181012;   10;  14.4;   6.8;    3;   0.0;   0;   10.233;   0;   0.9;   9.4;  857.84;   13.0;   63.42;   16.0;   10.9;    8.2;eor
       1346;20181013;   10;   6.7;   3.1;    3;   0.0;   0;   10.200;   0;   0.4;   8.9;  856.09;   14.2;   54.63;   16.9;   12.5;    3.2;eor
       1346;20181014;   10;  10.3;   4.8;    3;   0.0;   0;   10.167;   0;   0.2;   6.5;  849.82;   13.5;   41.71;   15.9;   11.7;    3.4;eor
       1346;20181015;   10;  11.6;   4.8;    3;   0.0;   0;   10.100;   0;   0.2;   6.6;  849.85;   11.9;   47.96;   14.0;   10.0;    3.3;eor
       1346;20181016;   10;  10.3;   4.9;    3;   0.0;   0;    9.167;   0;   1.6;   6.3;  853.42;   11.9;   44.79;   13.5;   10.7;    1.3;eor
       1346;20181017;   10;  16.7;   7.0;    3;   0.0;   0;    9.867;   0;   1.9;   7.5;  853.08;   10.9;   57.50;   13.2;    8.7;    5.5;eor
       1346;20181018;   10;  21.6;  11.3;    3;   0.0;   0;    8.650;   0;   2.6;   8.2;  852.63;    8.7;   73.17;   11.3;    6.4;    6.0;eor
       1346;20181019;   10;  19.0;   9.2;    3;   0.0;   0;    9.667;   0;   1.0;   8.3;  854.43;    8.1;   77.17;   11.3;    6.3;    3.4;eor
       1346;20181020;   10;  12.1;   6.1;    3;   0.0;   0;    9.650;   0;   1.2;   8.2;  859.04;    7.6;   78.50;   11.0;    4.6;    1.2;eor
       1346;20181021;   10;  13.1;   7.5;    3;   0.0;   0;    9.617;   0;   0.2;   3.6;  857.35;    6.9;   37.38;    9.3;    1.8;   -0.8;eor
       1346;20181022;   10;  16.2;   9.6;    3;   0.0;   0;    9.733;   0;   1.1;   4.4;  857.47;    4.8;   53.33;    8.1;    1.5;   -0.5;eor
       1346;20181023;   10;  15.2;   6.4;    3;   0.0;   7;    5.017;   0;   4.1;   3.8;  859.12;    5.1;   45.46;    8.0;    1.7;   -3.6;eor
       1346;20181024;   10;  13.4;   7.5;    3;   3.4;   6;    0.000;   0;   7.8;   8.1;  857.31;    5.1;   91.75;    6.0;    3.4;    3.5;eor
       1346;20181025;   10;  11.6;   4.8;    3;   0.0;   0;    9.567;   0;   1.3;   5.9;  853.07;    7.8;   58.04;   10.5;    4.4;    2.4;eor
       1346;20181026;   10;  19.5;  10.4;    3;   5.9;   8;    8.650;   0;   4.3;   2.3;  844.46;    6.6;   26.67;    8.9;    0.4;   -0.1;eor
       1346;20181027;   10;  22.5;   7.9;    3;  -999;   8;    0.000;   3;   7.7;   5.2;  838.80;   -1.7;   96.21;    0.6;   -3.0;   -1.2;eor
       1346;20181028;   10;  27.4;  16.2;    3;  13.5;   8;    0.000;   1;   7.8;   4.4;  834.17;   -3.8;   94.13;   -3.0;   -4.4;   -3.0;eor
       1346;20181029;   10;  29.8;  11.7;    3;  20.9;   8;    1.600;   1;   6.3;   6.2;  827.95;    1.8;   88.50;    8.0;   -4.5;   -3.2;eor
       1346;20181030;   10;  38.3;  17.5;    3;  -999;   8;    0.000;   0;   5.5;   4.9;  831.13;   -2.4;   95.08;    2.3;   -5.0;   -4.5;eor
       1346;20181031;   10;  19.0;  12.0;    3;   0.0;   0;    0.000;   8;   5.2;   4.8;  845.14;    4.5;   57.79;    8.3;   -1.4;   -2.5;eor
       1346;20181101;   10;  26.1;   7.0;    3;   9.5;   4;    3.883;   3;   6.2;   6.0;  845.83;    5.0;   72.17;    9.1;    0.8;    0.3;eor
       1346;20181102;   10;  13.9;   6.1;    3;   0.0;   4;    0.000;   0;   7.3;   6.6;  852.78;    2.2;   92.04;    3.8;    1.0;   -0.1;eor
       1346;20181103;   10;  18.9;   8.3;    3;   0.0;   0;    1.267;   0;   6.2;   6.8;  854.35;    3.3;   89.83;   10.9;    0.6;    0.9;eor
       1346;20181104;   10;  20.1;   7.0;    3;   0.0;   0;    2.767;   0;   3.4;   6.0;  848.25;   11.0;   45.33;   12.4;    9.7;    0.7;eor
       1346;20181105;   10;  12.5;   5.3;    3;   0.0;   4;    7.433;   0;   2.5;   6.5;  843.97;   10.7;   50.25;   12.3;    9.5;    2.9;eor
       1346;20181106;   10;  15.9;   8.9;    3;   0.0;   0;    0.000;   0;   6.2;   6.4;  843.40;    8.6;   60.21;   12.5;    3.1;    1.6;eor
       1346;20181107;   10;  17.1;   6.3;    3;   2.4;   4;    6.883;   0;   3.8;   7.1;  846.08;    5.4;   79.29;    8.6;    3.3;   -0.4;eor
       1346;20181108;   10;  15.4;   6.0;    3;   0.0;   4;    0.567;   0;   7.3;   7.2;  851.24;    3.0;   95.54;    5.2;    1.6;    1.5;eor
       1346;20181109;   10;  13.2;   5.5;    3;   0.0;   0;    6.133;   0;   4.1;   6.4;  848.32;    6.7;   65.38;    8.4;    5.2;    2.1;eor
       1346;20181110;   10;  20.7;   7.1;    3;  10.7;   4;    1.783;   0;   6.9;   6.7;  844.25;    7.1;   67.42;    9.0;    4.9;    3.8;eor
       1346;20181111;   10;  25.0;  12.0;    3;   5.9;   4;    1.017;   0;   5.9;   8.6;  846.79;    5.2;   96.79;    7.5;    3.9;    3.9;eor
       1346;20181112;   10;  14.3;   8.3;    3;   1.1;   6;    1.817;   0;   4.9;   7.8;  852.16;    9.1;   67.00;   10.9;    6.9;    3.9;eor
       1346;20181113;   10;  22.8;   8.4;    3;   4.5;   4;    0.317;   0;   5.1;   7.2;  858.33;    4.0;   87.83;    8.3;    1.8;   -2.7;eor
       1346;20181114;   10;   7.9;   4.1;    3;   0.0;   0;    8.533;   0;   0.8;   5.8;  858.84;    6.4;   60.29;    9.3;    2.7;   -2.5;eor
       1346;20181115;   10;   5.2;   2.2;    3;   0.0;   0;    8.483;   0;   0.8;   4.8;  856.20;    6.4;   49.79;    9.0;    4.8;   -3.8;eor
       1346;20181116;   10;  25.5;  12.9;    3;   0.0;   0;    8.450;   0;   0.6;   2.6;  854.53;    4.9;   30.75;    9.0;   -0.8;   -2.9;eor
       1346;20181117;   10;  23.9;  16.9;    3;   0.0;   0;    6.517;   0;   1.4;   3.4;  851.41;   -1.9;   66.17;    2.8;   -6.1;   -6.1;eor
       1346;20181118;   10;  24.1;  16.4;    3;   0.0;   0;    8.350;   0;   1.8;   3.5;  847.70;   -3.4;   75.29;   -1.5;   -5.8;   -6.2;eor
       1346;20181119;   10;  23.1;  13.4;    3;   0.3;   4;    0.000;   0;   7.9;   3.3;  837.32;   -7.0;   90.96;   -5.2;   -8.1;   -8.1;eor
       1346;20181120;   10;  18.1;   8.7;    3;   0.0;   0;    6.283;   0;   2.6;   3.4;  835.00;   -2.3;   67.08;    2.0;   -7.9;   -8.3;eor
       1346;20181121;   10;  18.5;   7.2;    3;   0.0;   0;    6.467;   0;   3.0;   3.8;  842.98;    2.2;   54.83;    5.5;    0.1;   -2.8;eor
       1346;20181122;   10;   9.6;   4.1;    3;   0.0;   0;    6.817;   0;   2.7;   5.9;  848.61;    1.9;   83.92;    4.3;   -0.2;   -3.4;eor
       1346;20181123;   10;  14.0;   6.7;    3;   2.7;   4;    3.450;   0;   4.2;   4.9;  847.14;    3.1;   64.54;    5.3;    0.8;   -3.3;eor
       1346;20181124;   10;  23.7;  10.7;    3;   0.1;   6;    0.167;   0;   6.3;   5.7;  843.84;   -0.3;   96.25;    1.2;   -1.1;   -3.3;eor
       1346;20181125;   10;  13.2;   6.8;    3;   0.0;   4;    7.467;   0;   2.5;   4.9;  839.11;   -0.2;   82.29;    1.9;   -2.5;   -5.1;eor
       1346;20181126;   10;  13.7;   4.5;    3;   4.6;   4;    0.017;   0;   7.7;   4.6;  837.27;   -3.3;   95.25;   -2.3;   -4.1;   -3.5;eor
       1346;20181127;   10;   8.1;   3.6;    3;   0.4;   6;    0.000;   6;   7.9;   4.4;  846.50;   -3.8;   94.71;   -3.1;   -4.3;   -3.7;eor
       1346;20181128;   10;  10.2;   6.3;    3;   0.0;   6;    0.483;   6;   6.2;   4.9;  851.32;   -1.8;   89.46;    3.5;   -4.4;   -5.0;eor
       1346;20181129;   10;  21.3;   8.5;    3;   0.1;   4;    1.767;   2;   4.8;   5.6;  849.91;    5.5;   61.88;    7.4;    3.4;   -0.5;eor
       1346;20181130;   10;  20.0;   8.9;    3;   6.0;   4;    0.000;   0;   7.5;   5.7;  846.67;    0.7;   89.83;    3.9;   -0.6;   -0.3;eor
       1346;20181201;   10;  24.4;  10.0;    3;   1.0;   4;    0.050;   0;   7.2;   5.5;  847.17;   -0.9;   96.46;    0.2;   -1.6;   -1.9;eor
       1346;20181202;   10;  28.8;  16.7;    3;  72.5;   4;    0.000;   0;   7.7;   7.4;  842.55;    3.3;   93.54;    5.3;    0.1;   -0.8;eor
       1346;20181203;   10;  39.4;  16.0;    3;  37.3;   4;    0.000;   0;   7.2;   8.4;  842.90;    4.5;   99.13;    5.4;    1.9;    2.1;eor
       1346;20181204;   10;  25.2;   9.6;    3;   4.3;   4;    0.000;   0;   7.2;   6.3;  850.43;    0.6;   98.75;    2.1;   -0.8;   -1.2;eor
       1346;20181205;   10;  21.0;   7.9;    3;   5.5;   4;    0.333;   0;   7.4;   4.4;  853.33;    3.3;   61.54;    7.9;   -0.3;   -0.3;eor
       1346;20181206;   10;  22.1;  11.0;    3;   7.7;   4;    0.000;   0;   7.5;   7.4;  852.00;    3.3;   96.04;    4.6;    2.1;    1.7;eor
       1346;20181207;   10;  33.8;  16.8;    3;  10.3;   4;    0.000;   0;   7.4;   7.0;  846.60;    2.0;   98.88;    4.0;   -2.6;   -2.2;eor
       1346;20181208;   10;  40.1;  17.8;    3;  16.9;   4;    0.000;-999;   7.4;   5.2;  844.20;   -1.9;   97.25;    1.4;   -3.6;   -3.2;eor
       1346;20181209;   10;  43.5;  19.7;    3;  17.8;   4;    0.000;-999;   7.3;   5.7;  840.18;   -0.9;   98.79;    1.6;   -3.1;   -1.5;eor
       1346;20181210;   10;  25.7;  11.8;    3;   3.5;   4;    0.000;-999;   7.3;   4.5;  850.69;   -3.7;   97.63;   -3.0;   -4.7;   -1.8;eor
       1346;20181211;   10;  15.3;   5.1;    3;   0.0;   0;    1.267;-999;   7.8;   3.6;  850.88;   -6.3;   94.42;   -4.5;   -7.8;   -1.0;eor
       1346;20181212;   10;  20.4;   9.4;    3;   0.0;   7;    3.017;-999;   8.0;   3.1;  847.72;   -7.5;   89.25;   -6.6;   -8.2;   -1.5;eor
       1346;20181213;   10;  20.6;  11.6;    3;   0.0;   7;    0.000;  46;   7.6;   3.0;  841.02;   -8.3;   90.83;   -7.3;   -9.6;   -1.0;eor
       1346;20181214;   10;  11.0;   4.4;    3;   0.0;   7;    4.017;  45;   8.0;   3.2;  844.07;   -7.6;   91.88;   -4.3;   -9.6;   -1.6;eor
       1346;20181215;   10;  17.0;   5.2;    3;   3.6;   8;    6.717;  45;   7.9;   2.9;  847.18;   -7.2;   80.96;   -4.6;   -9.7;   -2.3;eor
       1346;20181216;   10;  24.7;  11.0;    3;   0.4;   4;    0.083;-999;   6.5;   4.9;  842.87;   -2.5;   95.75;   -0.7;   -6.8;   -1.7;eor
       1346;20181217;   10;  13.9;   7.5;    3;   1.0;   4;    0.000;-999;   7.1;   4.8;  850.84;   -2.5;   95.63;   -2.1;   -3.1;   -0.7;eor
       1346;20181218;   10;  18.1;   7.5;    3;   0.0;   8;    7.167;  53;   4.5;   3.0;  851.85;   -1.1;   57.42;    3.8;   -4.4;   -0.9;eor
       1346;20181219;   10;  24.4;  13.2;    3;  13.7;   8;    0.000;  50;   7.6;   5.3;  846.56;   -0.1;   88.67;    3.1;   -2.3;   -0.8;eor
       1346;20181220;   10;  25.0;  14.1;    3;   5.3;   6;    0.000;-999;   7.3;   5.2;  847.49;   -1.9;   98.58;   -1.2;   -2.8;    0.0;eor
       1346;20181221;   10;  38.1;  20.3;    3;  55.1;   8;    0.000;-999;   7.5;   6.7;  846.43;    1.2;   98.67;    4.6;   -1.3;   -0.1;eor
       1346;20181222;   10;  37.4;  18.9;    3;   9.2;   8;    0.000;  41;   7.2;   6.9;  850.51;    1.9;   98.58;    4.4;    0.6;    0.1;eor
       1346;20181223;   10;  34.4;  16.3;    3;  54.6;   8;    0.000;  36;   7.5;   7.0;  853.03;    1.9;   98.92;    4.4;   -0.1;    0.1;eor
       1346;20181224;   10;  29.1;   9.3;    3;  12.5;   4;    0.050;  24;   7.1;   5.6;  855.12;   -1.2;   96.42;    4.4;   -5.5;   -3.4;eor
       1346;20181225;   10;   6.8;   3.3;    3;   0.0;   0;    7.483;  28;   0.5;   1.6;  860.53;   -1.3;   31.42;    1.8;   -5.7;   -4.8;eor
       1346;20181226;   10;   6.4;   2.5;    3;   0.0;   0;    7.517;  27;   0.5;   0.6;  859.30;    3.6;    7.04;    7.2;    1.6;   -4.8;eor
       1346;20181227;   10;   7.0;   2.9;    3;   0.0;   0;    6.100;  26;   1.8;   2.5;  856.29;    7.3;   23.75;   10.1;    4.9;   -3.8;eor
       1346;20181228;   10;   8.8;   3.4;    3;   0.0;   0;    6.183;  26;   2.8;   0.7;  856.58;    4.1;    8.17;    7.2;    0.4;   -5.2;eor
       1346;20181229;   10;  19.8;   5.9;    3;   0.0;   8;    4.683;  26;   3.0;   3.7;  859.23;    1.2;   56.21;    3.1;   -2.0;   -4.1;eor
       1346;20181230;   10;  19.5;   8.4;    3;   0.1;   8;    0.000;-999;   7.7;   4.7;  860.75;   -2.4;   91.04;   -0.9;   -3.3;   -1.6;eor
       1346;20181231;   10;  12.3;   5.3;    3;   0.1;   8;    0.000;-999;   7.7;   5.8;  861.23;   -0.4;   97.17;    0.5;   -2.4;   -1.0;eor
       1346;20190101;   10;  17.6;   6.6;    3;   4.6;   8;    0.667;-999;   7.6;   4.9;  858.25;   -2.3;   95.46;    0.1;   -3.1;   -2.4;eor
       1346;20190102;   10;  23.8;  11.9;    3;   1.6;   7;    0.017;  27;   7.5;   3.5;  857.90;   -6.5;   92.08;   -2.8;   -8.4;   -3.0;eor
       1346;20190103;   10;  15.3;   8.0;    3;   0.2;   7;    3.733;  27;   6.6;   2.9;  860.11;   -8.8;   90.25;   -7.3;  -10.8;   -4.4;eor
       1346;20190104;   10;  13.6;   6.4;    3;   0.0;   7;    5.567;  27;   6.0;   3.3;  859.75;   -7.1;   90.88;   -3.4;   -8.4;   -4.6;eor
       1346;20190105;   10;  16.8;   8.1;    3;   0.5;   8;    0.000;  27;   8.0;   4.0;  857.36;   -5.0;   94.42;   -3.6;   -7.2;   -3.4;eor
       1346;20190106;   10;  12.9;   7.0;    3;   0.3;   8;    0.000;  36;   7.8;   4.3;  857.95;   -4.0;   95.25;   -2.9;   -4.7;   -1.1;eor
       1346;20190107;   10;  14.0;   3.7;    3;   0.1;   8;    0.000;  37;   7.8;   4.0;  858.13;   -5.0;   94.13;   -4.0;   -6.2;   -1.1;eor
       1346;20190108;   10;  25.8;  14.4;    3;   2.5;   4;    0.000;  39;   7.8;   4.3;  848.75;   -4.1;   94.00;   -3.3;   -5.8;   -1.3;eor
       1346;20190109;   10;  25.8;  13.3;    3;   9.8;   7;    0.000;-999;   7.5;   3.5;  843.06;   -6.6;   92.17;   -4.9;   -7.6;   -1.0;eor
       1346;20190110;   10;  13.2;   6.9;    3;   0.2;   8;    0.000;  64;   7.7;   3.2;  847.72;   -7.7;   92.75;   -6.5;   -9.4;   -0.8;eor
       1346;20190111;   10;  11.0;   4.4;    3;   0.2;   8;    0.067;  63;   7.6;   3.0;  850.93;   -8.1;   89.92;   -3.9;  -10.4;   -1.0;eor
       1346;20190112;   10;  26.7;  11.4;    3;   0.3;   4;    0.000;-999;   7.7;   4.3;  850.60;   -4.1;   94.54;   -3.4;   -5.0;   -0.9;eor
       1346;20190113;   10;  31.7;  16.9;    3;  -999;   4;    0.000;-999;   7.6;   5.3;  842.45;   -1.6;   96.63;   -0.1;   -3.4;   -0.5;eor
       1346;20190114;   10;  29.0;  15.5;    3;  -999;   8;    0.000;-999;   7.4;   4.6;  843.00;   -3.3;   94.83;   -0.2;   -6.1;   -0.4;eor
       1346;20190115;   10;  19.7;   8.8;    3;   0.0;   8;    2.483;-999;   6.3;   3.8;  849.88;   -5.2;   92.25;   -3.4;   -6.8;   -0.3;eor
       1346;20190116;   10;  32.1;  14.4;    3;   0.0;   8;    7.017;  98;   2.0;   3.7;  844.09;   -1.3;   67.75;    0.2;   -3.6;   -0.3;eor
       1346;20190117;   10;  34.6;  17.3;    3;   1.2;   8;    0.000;-999;   7.6;   4.7;  839.61;   -3.2;   95.71;   -1.2;   -7.5;   -0.3;eor
       1346;20190118;   10;  15.7;   7.3;    3;   0.0;   7;    0.583;-999;   6.3;   2.8;  844.32;   -8.8;   89.83;   -7.6;   -9.5;   -0.3;eor
       1346;20190119;   10;  13.1;   7.0;    3;   0.0;   7;    7.567;-999;   3.3;   2.2;  841.49;   -7.6;   65.04;   -5.1;   -9.7;   -0.5;eor
       1346;20190120;   10;  13.6;   6.4;    3;   0.0;   8;    0.000;  88;   7.3;   4.0;  841.97;   -4.5;   90.92;   -3.9;   -5.8;   -0.6;eor
       1346;20190121;   10;   5.3;   2.2;    3;   0.0;   0;    0.867;  87;   6.5;   3.8;  845.57;   -4.7;   88.96;   -2.8;   -6.3;   -0.6;eor
       1346;20190122;   10;   9.8;   5.1;    3;   0.0;   7;    8.267;  86;   0.5;   2.0;  837.20;   -5.9;   51.13;   -3.8;   -9.2;   -0.6;eor
       1346;20190123;   10;  12.2;   4.5;    3;   0.0;   7;    0.017;  86;   7.6;   3.2;  826.90;   -7.7;   92.21;   -6.3;   -9.2;   -0.6;eor
       1346;20190124;   10;  11.6;   4.9;    3;   0.3;   7;    0.000;  86;   8.0;   2.4;  834.92;  -10.8;   89.38;   -8.6;  -12.2;   -0.6;eor
       1346;20190125;   10;  15.7;   6.6;    3;  -999;   8;    0.017;-999;   7.4;   2.5;  842.38;  -10.0;   88.63;   -8.2;  -12.3;   -0.6;eor
       1346;20190126;   10;  29.2;  13.9;    3;  -999;   4;    0.000;  89;   7.6;   4.5;  841.40;   -3.5;   95.29;   -1.4;   -8.7;   -0.6;eor
       1346;20190127;   10;  32.0;  17.0;    3;  -999;   4;    0.000;-999;   7.3;   4.8;  827.36;   -3.1;   97.29;   -2.2;   -6.2;   -0.6;eor
       1346;20190128;   10;  27.8;  14.0;    3;  -999;   7;    0.000;-999;   7.4;   3.5;  830.92;   -6.7;   93.42;   -6.1;   -7.7;   -0.5;eor
       1346;20190129;   10;  16.9;   7.7;    3;  -999;   7;    0.667;-999;   6.0;   3.1;  834.07;   -7.7;   89.04;   -6.4;   -8.5;   -0.4;eor
       1346;20190130;   10;  34.4;  16.4;    3;  -999;   7;    0.000; 121;   7.4;   3.2;  826.14;   -7.4;   90.17;   -5.2;   -8.8;   -0.4;eor
       1346;20190131;   10;  22.6;  11.2;    3;  -999;   8;    0.000; 122;   7.1;   3.3;  826.26;   -7.2;   91.42;   -2.7;   -9.1;   -0.4;eor
       1346;20190201;   10;  26.2;  12.0;    3;   2.9;   8;    0.000;-999;   7.6;   5.4;  823.34;   -1.3;   97.42;   -0.4;   -2.6;   -0.4;eor
       1346;20190202;   10;  15.6;   5.9;    3;   2.0;   8;    3.000; 116;   6.9;   4.9;  828.67;   -2.4;   95.96;   -1.0;   -3.8;   -0.4;eor
       1346;20190203;   10;  19.6;  10.5;    3;   7.0;   7;    0.000; 115;   7.8;   3.7;  842.86;   -5.9;   93.75;   -3.7;   -8.0;   -0.3;eor
       1346;20190204;   10;  15.4;   7.8;    3;   0.0;   8;    8.050;-999;   2.2;   2.9;  853.15;   -7.6;   83.50;   -4.6;   -9.3;   -0.3;eor
       1346;20190205;   10;   5.6;   2.5;    3;   0.0;   0;    8.933; 113;   1.2;   2.6;  854.99;   -2.3;   50.67;    1.3;   -6.6;   -0.3;eor
       1346;20190206;   10;   9.8;   4.7;    3;   0.0;   0;    9.017; 113;   0.5;   1.7;  853.76;    2.2;   24.75;    4.0;   -0.7;   -0.3;eor
       1346;20190207;   10;  22.2;  13.3;    3;   5.6;   8;    0.000; 112;   6.3;   4.4;  846.97;   -1.0;   78.13;    2.3;   -4.3;   -0.3;eor
       1346;20190208;   10;  27.3;  14.0;    3;   1.0;   8;    2.483; 121;   5.4;   4.5;  846.87;   -2.5;   88.88;    0.1;   -3.5;   -0.3;eor
       1346;20190209;   10;  36.6;  17.6;    3;   0.7;   8;    0.017;-999;   6.8;   5.1;  844.74;   -0.6;   86.92;    1.4;   -1.6;   -0.3;eor
       1346;20190210;   10;  41.1;  20.2;    3;  13.8;   4;    0.867; 118;   6.9;   5.0;  837.49;   -0.2;   84.21;    3.2;   -4.0;   -0.3;eor
       1346;20190211;   10;  24.4;  10.7;    3;   1.4;   7;    0.033;-999;   7.4;   4.1;  848.08;   -5.2;   98.75;   -3.8;   -6.2;   -0.3;eor
       1346;20190212;   10;  15.7;   6.6;    3;   0.1;   7;    0.717;-999;   5.9;   3.8;  859.72;   -5.8;   95.88;   -4.9;   -7.2;   -0.2;eor
       1346;20190213;   10;  13.0;   6.8;    3;   0.0;   0;    9.350; 132;   0.8;   3.1;  862.79;    1.0;   47.17;    5.6;   -5.5;   -0.2;eor
       1346;20190214;   10;  10.3;   4.3;    3;   0.0;   0;    9.433; 131;   0.6;   3.5;  864.08;    6.9;   35.42;    9.0;    4.4;   -0.2;eor
       1346;20190215;   10;  12.5;   9.1;    3;   0.0;   0;    9.483; 129;   0.5;   1.8;  861.65;    8.4;   16.71;   10.3;    3.1;   -0.2;eor
       1346;20190216;   10;   8.5;   2.9;    3;   0.0;   0;    9.550; 127;   0.3;   1.8;  859.86;   10.0;   14.54;   13.0;    8.5;   -0.2;eor
       1346;20190217;   10;  11.5;   6.2;    3;   0.0;   0;    9.600; 126;   0.5;   2.1;  856.68;    7.9;   19.83;    9.0;    6.5;   -0.2;eor
       1346;20190218;   10;  10.4;   3.8;    3;  -999;   0;    9.550; 126;   0.3;   3.2;  852.73;    6.5;   33.67;    8.7;    1.2;   -0.2;eor
       1346;20190219;   10;  19.1;   9.4;    3;  -999;   6;    4.633; 124;   4.7;   5.6;  851.58;    0.9;   85.33;    2.0;   -0.6;   -0.2;eor
       1346;20190220;   10;  10.4;   5.3;    3;  -999;   0;    2.900; 123;   5.2;   6.1;  854.27;    1.0;   92.00;    2.3;   -0.1;   -0.2;eor
       1346;20190221;   10;  10.9;   5.7;    3;  -999;   6;    9.333; 122;   1.9;   5.1;  858.63;    3.6;   64.96;    5.8;    1.7;   -0.2;eor
       1346;20190222;   10;  21.2;   8.1;    3;  -999;   0;    0.500; 120;   7.3;   6.3;  861.72;    1.0;   95.58;    2.3;   -1.0;   -0.1;eor
       1346;20190223;   10;  27.0;  16.6;    3;  -999;   8;    9.133; 117;   3.0;   2.8;  860.89;   -0.3;   49.04;    2.6;   -3.8;   -0.1;eor
       1346;20190224;   10;  27.0;  17.5;    3;  -999;   8;   10.000; 114;   0.3;   1.9;  862.02;    2.6;   24.67;    6.7;   -1.1;    0.0;eor
       1346;20190225;   10;  25.0;  14.9;    3;  -999;-999;   10.033; 112;   0.6;   4.7;  863.35;    4.3;   57.04;    6.9;    1.4;    0.0;eor
       1346;20190226;   10;-999;-999;    3;  -999;-999;   10.100; 108;  -999;  -999;  862.95;    7.8;-999;   12.1;    3.5;    0.0;eor
       1346;20190227;   10;  10.9;   5.8;    3;  -999;   0;   10.167; 105;   0.2;   3.5;  858.69;   10.2;   27.92;   16.7;    6.7;    0.0;eor
       1346;20190228;   10;  25.2;  12.6;    3;  -999;   8;    9.867; 102;   2.5;   5.1;  852.78;    5.0;   60.67;    9.2;    0.2;    0.1;eor
       1346;20190301;   10;  26.1;  12.3;    3;  -999;   8;    0.000;  99;   7.5;   5.8;  847.46;   -0.5;   98.67;    0.7;   -1.9;    0.1;eor
       1346;20190302;   10;  22.8;  10.4;    3;  -999;-999;    0.017;-999;   7.8;   5.5;  848.71;   -1.1;   96.83;   -0.1;   -2.3;    0.1;eor
       1346;20190303;   10;  25.4;  15.9;    3;  -999;-999;    0.767;-999;   6.9;   5.7;  846.31;    1.3;   86.04;    5.9;   -0.7;    0.1;eor
       1346;20190304;   10;  40.0;  19.2;    3;  -999;-999;    0.150;-999;   6.4;   4.5;  837.64;    0.9;   74.17;    7.2;   -3.3;    0.1;eor
       1346;20190305;   10;  30.8;  15.6;    3;  -999;   4;    0.000; 110;   7.2;   4.8;  842.38;   -2.4;   92.96;    0.1;   -4.2;    0.1;eor
       1346;20190306;   10;  17.4;  10.3;    3;  -999;   8;    4.167; 109;   3.8;   3.8;  839.85;    3.0;   51.79;    5.7;   -0.2;    0.1;eor
       1346;20190307;   10;  28.1;  14.8;    3;  -999;   4;    0.217; 110;   7.2;   5.4;  837.24;    0.1;   89.46;    5.8;   -1.4;    0.1;eor
       1346;20190308;   10;  28.1;  13.5;    3;  -999;   8;    1.350;-999;   6.8;   5.1;  846.63;   -1.9;   95.50;   -1.0;   -2.8;    0.1;eor
       1346;20190309;   10;  33.6;  18.5;    3;  -999;   8;    0.000; 129;   7.5;   6.1;  849.83;    0.2;   97.88;    2.1;   -1.9;    0.1;eor
       1346;20190310;   10;  45.5;  19.9;    3;  -999;   8;    0.067; 119;   7.3;   6.5;  846.62;    1.7;   92.63;    4.5;   -3.5;    0.1;eor
       1346;20190311;   10;  35.5;  13.1;    3;  -999;-999;    0.017; 109;   6.8;   3.7;  850.47;   -5.5;   92.21;   -3.5;   -7.5;    0.1;eor
       1346;20190312;   10;  35.2;  12.9;    3;  -999;-999;    5.417;-999;   6.4;   2.9;  848.85;   -2.6;   62.21;    4.1;   -6.9;    0.1;eor
       1346;20190313;   10;  27.6;  15.8;    3;  -999;-999;    0.150;-999;   7.1;   4.4;  843.18;   -3.9;   94.79;   -1.1;   -5.5;    0.1;eor
       1346;20190314;   10;  36.5;  17.8;    3;  -999;-999;    0.000;-999;   7.3;   4.8;  841.70;   -2.8;   96.46;   -0.3;   -4.2;    0.1;eor
       1346;20190315;   10;  33.1;  18.7;    3;  -999;   8;    0.000;-999;   7.5;   6.6;  844.85;    1.2;   98.38;    2.8;   -1.8;    0.0;eor
       1346;20190316;   10;  29.2;  18.5;    3;  -999;   8;    5.333; 107;   4.7;   5.6;  846.67;    3.0;   78.13;    7.9;   -0.1;    0.1;eor
       1346;20190317;   10;  30.1;  16.0;    3;  -999;-999;    4.633; 104;   4.6;   4.2;  841.79;    1.7;   66.88;    7.9;   -5.2;    0.1;eor
       1346;20190318;   10;  19.0;   7.9;    3;  -999;   7;    0.817; 108;   5.8;   4.0;  848.25;   -4.7;   93.50;   -3.4;   -5.8;    0.1;eor
       1346;20190319;   10;  12.7;   4.2;    3;  -999;   7;    4.917; 106;   4.3;   4.1;  854.43;   -4.1;   89.58;   -2.3;   -5.4;    0.1;eor
       1346;20190320;   10;  21.5;   7.9;    3;  -999;   7;   11.383; 106;   0.9;   3.6;  859.29;   -2.3;   69.71;    1.1;   -4.9;    0.1;eor
       1346;20190321;   10;  27.2;  13.6;    3;  -999;   8;   11.433; 104;   0.7;   3.0;  858.83;    0.7;   47.88;    6.5;   -4.0;    0.1;eor
       1346;20190322;   10;   9.8;   4.7;    3;  -999;   0;   11.517; 103;   0.6;   3.4;  859.35;    6.9;   34.29;    9.0;    4.4;    0.1;eor
       1346;20190323;   10;   9.3;   3.9;    3;  -999;   0;   11.567; 101;   0.5;   4.4;  858.41;    6.7;   44.96;    9.3;    4.6;    0.1;eor
       1346;20190324;   10;  11.0;   4.9;    3;  -999;   0;   10.983;  99;   1.4;   5.2;  854.97;    4.8;   61.92;    6.7;    0.5;    0.1;eor
       1346;20190325;   10;  23.5;   8.7;    3;  -999;   8;    2.883;  97;   6.8;   4.3;  851.81;   -2.8;   85.71;    0.5;   -4.9;    0.1;eor
       1346;20190326;   10;  19.0;   7.5;    3;  -999;   7;    2.567;  97;   7.0;   3.9;  855.80;   -4.6;   89.88;   -2.8;   -6.2;    0.1;eor
       1346;20190327;   10;  19.8;   9.0;    3;  -999;   7;    0.233;  97;   5.1;   4.4;  857.69;   -3.1;   90.88;   -1.3;   -5.1;    0.1;eor
       1346;20190328;   10;  24.6;  14.1;    3;  -999;-999;   11.183;  97;   2.0;   4.6;  858.58;   -0.1;   77.71;    4.0;   -3.6;    0.1;eor
       1346;20190329;   10;  24.1;   9.0;    3;  -999;   0;    9.400;  95;   3.2;   5.4;  857.66;    3.2;   72.58;    8.2;   -1.1;    0.1;eor
       1346;20190330;   10;   5.7;   2.6;    3;  -999;   0;   10.500;  93;   1.0;   4.2;  855.35;    6.7;   42.29;    9.8;    5.0;    0.1;eor
       1346;20190331;   10;  17.3;   5.7;    3;  -999;   0;    9.817;  92;   0.9;   4.6;  851.72;    6.5;   47.71;    9.0;    3.9;    0.1;eor
       1346;20190401;   10;  19.3;   9.9;    3;  -999;   0;    9.217;  88;   1.8;   5.8;  848.76;    5.1;   66.29;    7.9;    2.5;    0.1;eor
       1346;20190402;   10;  18.6;   8.8;    3;  -999;   8;    9.900;  83;   3.0;   5.2;  844.16;    6.3;   55.71;    9.5;    1.6;    0.1;eor
       1346;20190403;   10;  15.9;   7.6;    3;  -999;   8;    0.017;  85;   7.4;   5.5;  835.72;   -1.1;   96.25;    2.1;   -4.0;    0.1;eor
       1346;20190404;   10;  11.6;   3.4;    3;  -999;   7;    0.000;  86;   6.8;   4.3;  831.89;   -3.8;   93.38;   -3.0;   -4.6;    0.1;eor
       1346;20190405;   10;  12.0;   6.3;    3;  -999;   7;    1.417;  95;   5.8;   4.4;  835.36;   -3.0;   88.92;    1.6;   -4.6;    0.1;eor
       1346;20190406;   10;  11.0;   6.2;    3;  -999;   0;    8.517;  83;   2.6;   5.8;  836.59;    3.2;   75.17;    4.9;    1.6;    0.1;eor
       1346;20190407;   10;   6.7;   3.1;    3;  -999;   8;    0.000;  77;   7.8;   6.6;  838.69;    1.5;   96.46;    3.2;    0.3;    0.1;eor
       1346;20190408;   10;   8.1;   3.5;    3;  -999;   6;    0.750;  76;   7.8;   6.4;  842.61;    1.2;   95.54;    3.4;    0.0;    0.1;eor
       1346;20190409;   10;   6.2;   2.5;    3;  -999;   8;    0.617;  74;   5.8;   6.3;  842.15;    1.4;   93.71;    3.1;    0.0;    0.1;eor
       1346;20190410;   10;  15.8;   5.7;    3;  -999;   8;    0.000;  73;   6.5;   6.6;  842.16;    1.4;   97.21;    1.8;    0.0;    0.1;eor
       1346;20190411;   10;  18.2;   9.2;    3;  -999;   8;    2.650;  71;   5.7;   5.5;  846.14;   -0.2;   90.33;    1.8;   -2.3;    0.1;eor
       1346;20190412;   10;  13.6;   6.0;    3;  -999;   7;    4.583;  70;   5.3;   4.4;  847.60;   -1.8;   83.08;    0.6;   -3.2;    0.1;eor
       1346;20190413;   10;   7.7;   3.4;    3;  -999;   8;    0.100;  70;   7.5;   4.3;  846.74;   -3.6;   90.75;   -1.8;   -5.9;    0.1;eor
       1346;20190414;   10;  14.6;   5.9;    3;  -999;   7;    0.000;  71;   7.8;   4.1;  847.38;   -4.5;   94.21;   -3.0;   -6.0;    0.1;eor
       1346;20190415;   10;  23.0;  11.9;    3;  -999;   8;    7.600;  70;   3.5;   5.4;  849.32;    0.0;   87.79;    5.0;   -4.4;    0.1;eor
       1346;20190416;   10;  15.0;   6.3;    3;  -999;   8;    4.933;  66;   4.9;   6.1;  849.78;    3.9;   76.38;    7.5;    1.5;    0.1;eor
       1346;20190417;   10;  15.7;   5.4;    3;  -999;   6;    3.483;  62;   5.3;   7.3;  852.53;    4.7;   85.54;    7.4;    2.3;    0.1;eor
       1346;20190418;   10;  13.8;   6.5;    3;  -999;   0;    9.000;  56;   1.3;   5.7;  854.21;    8.2;   52.50;   10.6;    5.5;    0.1;eor
       1346;20190419;   10;  12.4;   3.5;    3;  -999;   0;    8.317;  51;   1.9;   6.0;  858.47;    9.9;   48.88;   12.5;    7.1;    0.1;eor
       1346;20190420;   10;  16.7;   8.1;    3;  -999;   0;   13.117;  45;   0.4;   5.0;  858.03;   10.1;   40.79;   12.5;    8.4;    0.1;eor
       1346;20190421;   10;  17.4;   9.9;    3;  -999;   0;    7.383;  33;   4.2;   4.7;  851.75;    9.9;   38.67;   11.9;    8.1;    0.1;eor
       1346;20190422;   10;  16.4;   9.0;    3;  -999;   0;   10.617;  23;   2.3;   4.8;  842.22;   10.8;   37.04;   12.6;    8.3;    0.1;eor
       1346;20190423;   10;  13.4;   6.3;    3;  -999;   0;    5.133;   8;   3.1;   6.2;  835.76;   10.6;   48.13;   13.6;    7.7;    4.2;eor
       1346;20190424;   10;  27.1;   7.9;    3;  -999;   8;    6.717;   0;   3.9;   6.5;  839.72;    8.4;   60.17;   14.1;    0.3;    0.2;eor
       1346;20190425;   10;  15.5;   6.7;    3;  -999;   8;   10.817;   0;   3.5;   6.2;  843.25;    8.0;   60.75;   13.7;    1.9;    0.9;eor
       1346;20190426;   10;  12.3;   6.0;    3;  -999;   8;    0.483;   4;   6.3;   5.8;  847.00;    0.0;   95.38;    2.0;   -1.4;   -1.0;eor
       1346;20190427;   10;  22.6;  11.6;    3;  -999;   8;    0.000;   0;   7.3;   5.9;  848.58;   -0.3;   97.17;    1.5;   -3.1;   -3.1;eor
       1346;20190428;   10;  15.6;   5.7;    3;  -999;   8;    1.950;   8;   6.8;   4.8;  849.54;   -2.7;   95.29;   -1.4;   -3.8;   -3.6;eor
       1346;20190429;   10;  12.3;   5.5;    3;  -999;   8;    2.300;   8;   7.0;   5.5;  851.47;   -0.9;   96.46;    0.1;   -2.7;   -2.5;eor
       1346;20190430;   10;   9.3;   4.8;    3;  -999;   6;    1.300;   7;   6.5;   6.6;  850.53;    1.4;   97.71;    3.2;   -0.3;   -0.8;eor
       1346;20190501;    3;  14.3;   5.7;    3;   0.0;   0;   12.017;   2;   1.8;   6.0;  848.35;    5.1;   68.96;    9.5;    1.3;   -0.8;eor
       1346;20190502;    3;  16.9;   7.2;    3;  12.4;   8;    5.600;   0;   5.0;   6.6;  844.87;    4.7;   77.83;    8.5;    1.4;    1.5;eor
       1346;20190503;    3;  10.6;   4.6;    3;  11.2;   8;    1.150;   0;   7.2;   6.2;  843.68;    0.8;   95.83;    2.4;   -0.3;    0.0;eor
       1346;20190504;    3;  19.4;   9.2;    3;   8.9;   8;    0.150;   1;   7.2;   5.0;  839.91;   -2.3;   95.29;    0.6;   -6.8;   -1.5;eor
       1346;20190505;    3;  17.0;   8.9;    3;   0.0;   8;    2.717;   5;   6.8;   4.0;  845.52;   -4.8;   93.17;   -3.6;   -5.6;   -3.3;eor
       1346;20190506;    3;   9.5;   3.9;    3;   0.1;   7;    0.517;   2;   7.3;   4.7;  849.57;   -2.8;   94.33;   -1.5;   -4.7;   -5.8;eor
       1346;20190507;    3;  14.9;   3.6;    3;   0.8;   8;    7.750;   2;   4.1;   4.4;  847.92;    0.7;   70.46;    5.1;   -4.2;   -6.9;eor
       1346;20190508;    3;  25.9;  13.5;    3;  29.6;   8;    0.000;   0;   7.5;   7.0;  839.55;    2.8;   93.33;    4.5;    0.5;    0.2;eor
       1346;20190509;    3;  29.2;  15.7;    3;  15.1;   8;    0.850;   0;   7.3;   6.8;  837.41;    1.7;   97.96;    3.4;    0.4;    0.1;eor
       1346;20190510;    3;  20.4;   8.9;    3;  11.6;   4;    0.833;   0;   7.5;   7.4;  844.64;    3.4;   94.67;    6.4;    1.6;    1.8;eor
       1346;20190511;    3;  32.7;  16.2;    3;  14.2;   8;    0.967;   0;   7.6;   7.1;  845.39;    2.9;   93.92;    6.6;   -0.1;    0.0;eor
       1346;20190512;    3;  19.9;  10.2;    3;   0.0;   8;    2.917;   1;   6.4;   5.3;  857.23;   -0.3;   89.46;    1.1;   -1.4;   -2.1;eor
       1346;20190513;    3;  25.1;  10.8;    3;   0.0;   0;    7.283;   0;   4.5;   4.6;  859.75;    1.0;   71.00;    3.7;   -2.2;   -3.0;eor
       1346;20190514;    3;  21.7;  11.7;    3;   0.0;   8;   11.083;   0;   2.3;   3.8;  855.58;    0.4;   60.58;    3.4;   -2.9;   -3.7;eor
       1346;20190515;    3;  20.2;   9.8;    3;   0.0;   0;    2.517;   0;   5.9;   4.5;  850.62;   -0.6;   78.50;    2.5;   -3.4;   -3.6;eor
       1346;20190516;    3;  15.9;   7.9;    3;   0.0;   0;    4.033;   0;   5.8;   5.9;  844.94;    1.4;   87.33;    4.5;   -1.8;   -2.9;eor
       1346;20190517;    3;  10.4;   5.1;    3;   1.3;   6;    7.083;   0;   5.1;   7.2;  840.72;    5.6;   79.71;    9.4;    1.1;   -0.6;eor
       1346;20190518;    3;   9.7;   4.7;    3;   2.3;   6;    0.383;   0;   6.9;   8.2;  840.33;    6.1;   87.13;    9.2;    3.5;    2.3;eor
       1346;20190519;    3;  11.5;   4.0;    3;  37.0;   8;    0.183;   0;   7.0;   8.6;  839.97;    5.6;   94.04;    7.7;    4.3;    4.0;eor
       1346;20190520;    3;  16.6;   7.8;    3;  26.3;   4;    0.000;   0;   7.5;   9.0;  841.20;    5.5;   99.46;    6.7;    4.2;    4.4;eor
       1346;20190521;    3;  16.4;   8.6;    3;  18.6;   8;    0.000;   0;   7.9;   8.3;  846.57;    4.2;   99.96;    5.0;    3.3;    3.6;eor
       1346;20190522;    3;  11.4;   5.6;    3;   0.0;   0;   13.317;   0;   2.9;   6.5;  851.67;    4.9;   75.38;    8.9;    1.3;    1.8;eor
       1346;20190523;    3;   8.6;   4.4;    3;   0.0;   0;   12.967;   0;   1.3;   7.3;  851.80;    7.8;   69.29;   11.1;    3.5;    0.9;eor
       1346;20190524;    3;   9.0;   3.3;    3;   0.0;   0;   10.867;   0;   3.4;   7.9;  849.93;   10.1;   63.38;   12.1;    8.5;    2.9;eor
       1346;20190525;    3;  11.4;   3.8;    3;   0.2;   6;    2.900;   0;   6.2;   8.9;  850.41;    8.9;   78.33;   11.3;    5.8;    4.2;eor
       1346;20190526;    3;   8.3;   2.8;    3;   0.0;   0;    5.250;   0;   4.3;   8.7;  850.54;    8.3;   78.88;   11.8;    5.4;    0.1;eor
       1346;20190527;    3;  10.6;   4.0;    3;   7.1;   6;    4.700;   0;   5.0;   9.1;  846.11;    7.9;   85.67;   10.1;    6.4;    2.8;eor
       1346;20190528;    3;  17.1;   6.6;    3;  10.8;   8;    1.550;   0;   7.1;   7.8;  843.99;    3.8;   96.54;    6.6;    0.8;    0.3;eor
       1346;20190529;    3;  10.1;   4.8;    3;   0.0;   6;    2.650;   0;   6.5;   7.4;  852.14;    3.7;   92.46;    7.1;    2.0;   -1.2;eor
       1346;20190530;    3;   8.6;   2.7;    3;   0.0;   0;    6.850;   0;   3.8;   7.3;  858.17;    7.2;   72.29;   10.7;    3.8;   -1.5;eor
       1346;20190531;    3;   8.7;   3.1;    3;   0.0;   0;    1.967;   0;   6.3;   9.2;  859.22;   10.4;   72.46;   13.9;    7.7;    3.7;eor
       1346;20190601;    3;   9.8;   5.1;    3;   0.0;   0;   12.317;   0;   1.2;  10.0;  857.42;   13.6;   64.21;   17.2;    9.9;    7.1;eor
       1346;20190602;    3;   9.2;   5.0;    3;   0.0;   6;   14.767;   0;   0.2;   9.6;  854.62;   16.1;   52.92;   19.9;   12.8;    8.7;eor
       1346;20190603;    3;  18.8;   6.1;    3;   0.4;   6;   10.733;   0;   3.0;  11.2;  853.10;   15.6;   63.42;   19.4;   12.6;   10.7;eor
       1346;20190604;    3;  12.0;   6.7;    3;   0.8;   8;   13.167;   0;   1.0;   9.6;  849.42;   17.2;   50.08;   20.8;   13.3;   11.1;eor
       1346;20190605;    3;  25.1;   7.7;    3;   1.6;   8;   10.933;   0;   3.5;   9.5;  845.48;   16.3;   51.46;   20.3;    7.5;    7.8;eor
       1346;20190606;    3;  24.0;   6.8;    3;   3.1;   8;    0.967;   0;   6.0;   8.2;  847.56;    4.8;   94.63;    8.5;    3.4;    3.9;eor
       1346;20190607;    3;  25.9;   8.5;    3;   3.5;   8;    9.550;   0;   3.8;   8.0;  848.15;   10.0;   66.00;   17.4;    3.8;    3.6;eor
       1346;20190608;    3;  24.8;   8.7;    3;   0.0;   0;   13.450;   0;   2.5;   6.0;  855.90;    7.0;   61.75;   11.6;    2.7;    2.0;eor
       1346;20190609;    3;  18.4;   9.5;    3;   6.9;   6;    4.367;   0;   3.9;   8.8;  854.70;    9.1;   75.67;   12.3;    6.6;    3.9;eor
       1346;20190610;    1;  12.9;   5.1;    1;  33.8;   6;    0.767;   0;   6.6;  10.2;  849.58;    9.1;   88.58;   11.2;    6.5;    6.8;eor
       1346;20190611;    1;  12.1;   3.6;    1;   4.1;   8;    0.000;   0;   7.8;   9.8;  845.95;    6.8;   99.33;    8.3;    5.4;    5.4;eor
       1346;20190612;    1;  17.9;   5.1;    1;   2.0;   8;    7.967;   0;   6.3;   9.0;  846.33;    7.2;   88.79;   10.3;    4.0;    4.7;eor
       1346;20190613;    1;  13.0;   5.7;    1;   0.0;   4;   12.167;   0;   2.7;   7.4;  850.49;   10.2;   61.54;   13.9;    5.9;    5.1;eor
       1346;20190614;    1;  20.6;   8.8;    1;   0.1;   6;    5.583;   0;   2.6;   9.8;  851.23;   13.9;   61.38;   15.9;   11.4;    8.0;eor
       1346;20190615;    1;  21.4;   8.1;    1;  42.3;   6;    2.200;   0;   6.7;  11.1;  851.20;   10.4;   89.42;   16.1;    8.0;    8.2;eor
       1346;20190616;    1;  12.3;   4.4;    1;   0.0;   6;    2.050;   0;   6.1;  10.2;  855.46;    8.3;   93.25;   11.4;    5.5;    6.0;eor
       1346;20190617;    1;  16.9;   7.3;    1;   0.0;   6;   11.950;   0;   1.9;  10.7;  854.13;   12.3;   75.25;   17.5;    7.8;    6.4;eor
       1346;20190618;    1;   9.7;   3.8;    1;   0.0;   6;   11.533;   0;   2.7;  10.5;  852.57;   15.8;   59.21;   19.0;   12.8;    7.4;eor
       1346;20190619;    1;  14.3;   6.9;    1;  10.1;   8;   12.667;   0;   2.9;  10.4;  850.03;   16.3;   55.88;   18.8;   12.8;   11.3;eor
       1346;20190620;    1;  22.6;   7.3;    1;   0.0;   6;    4.067;   0;   6.2;  11.5;  850.80;   11.0;   87.21;   13.0;    8.6;    7.6;eor
       1346;20190621;    1;  14.6;   3.7;    1;   5.4;   6;    3.800;   0;   6.6;  11.7;  853.21;   11.1;   88.92;   12.4;    9.8;    7.3;eor
       1346;20190622;    1;  17.9;   7.2;    1;  29.3;   8;    0.033;   0;   7.4;  12.4;  852.17;   10.3;   98.71;   12.3;    8.9;    8.4;eor
       1346;20190623;    1;  11.5;   6.0;    1;   0.1;   4;    6.183;   0;   4.1;  12.9;  853.57;   12.4;   89.58;   15.9;    9.4;    8.5;eor
       1346;20190624;    1;  11.9;   4.0;    1;   0.0;   0;   13.183;   0;   1.3;  13.4;  856.25;   18.3;   63.13;   21.7;   14.2;    6.2;eor
       1346;20190625;    1;   7.4;   3.4;    1;   0.0;   0;   14.150;   0;   0.1;  11.7;  858.97;   22.9;   41.83;   26.1;   18.4;   13.9;eor
       1346;20190626;    1;   5.6;   2.3;    1;   0.0;   0;   14.683;   0;   0.1;  14.8;  862.12;   24.4;   48.08;   27.0;   21.3;   14.2;eor
       1346;20190627;    1;   7.6;   3.1;    1;   0.0;   0;   14.567;   0;   0.3;  17.1;  861.45;   22.6;   63.58;   24.8;   17.5;   12.1;eor
       1346;20190628;    1;  10.7;   3.6;    1;   0.0;   0;   15.017;   0;   0.1;  12.6;  858.75;   18.7;   58.33;   20.9;   15.7;    8.9;eor
       1346;20190629;    1;  12.1;   6.5;    1;   0.0;   0;   15.017;   0;   0.2;   8.8;  856.51;   19.7;   39.21;   23.5;   14.8;   12.1;eor
       1346;20190630;    1;  16.3;   7.3;    1;   0.0;   0;   14.933;   0;   0.0;  12.8;  856.68;   21.8;   49.08;   25.2;   18.1;   15.7;eor
       1346;20190701;    1;  19.6;   7.4;    1;   0.0;   0;   11.867;   0;   4.5;  15.5;  856.17;   18.8;   71.38;   22.2;   12.6;   11.1;eor
       1346;20190702;    1;   9.0;   3.7;    1;   0.0;   0;    8.067;   0;   4.9;  12.7;  855.71;   14.2;   78.21;   16.0;   12.0;   10.1;eor
       1346;20190703;    1;  12.2;   5.7;    1;   0.0;   0;    8.667;   0;   3.5;  10.8;  855.60;   13.5;   68.79;   17.1;   10.3;    9.2;eor
       1346;20190704;    1;  11.5;   4.7;    1;   0.0;   0;   14.850;   0;   1.0;  10.5;  856.31;   14.5;   62.75;   17.6;   10.4;    8.4;eor
       1346;20190705;    1;   9.8;   5.2;    1;   0.0;   0;   14.867;   0;   0.7;   9.4;  855.13;   16.8;   49.79;   19.5;   13.8;   10.3;eor
       1346;20190706;    1;  17.2;   8.2;    1;   3.1;   6;    8.000;   0;   2.6;  10.5;  851.40;   16.9;   54.88;   19.7;   13.5;   10.0;eor
       1346;20190707;    1;  27.2;   8.0;    1;   0.1;   6;    9.117;   0;   5.8;  11.8;  849.95;   13.0;   78.33;   15.6;    9.3;    7.4;eor
       1346;20190708;    1;  10.8;   4.3;    1;   1.2;   6;    0.867;   0;   6.0;  10.6;  851.87;    9.9;   86.42;   11.0;    7.5;    6.0;eor
       1346;20190709;    1;  11.9;   4.2;    1;   0.0;   0;   12.800;   0;   3.1;   9.3;  851.98;    9.0;   80.58;   11.4;    5.7;    3.0;eor
