STATIONS_ID;MESS_DATUM;QN_3;  FX;  FM;QN_4; RSK;RSKF; SDK;SHK_TAG;  NM; VPM;  PM; TMK; UPM; TXK; TNK; TGK;eor
       3015;20180106;   10;   7.9;   2.8;    3;   0.0;   6;    2.650;   0;   7.4;   7.8;  996.17;    5.1;   88.71;    8.2;    3.7;    0.8;eor
       3015;20180107;   10;   9.0;   3.2;    3;   0.0;   0;    0.000;   0;   6.4;   5.6; 1014.58;    1.3;   83.33;    3.7;   -2.0;   -3.2;eor
       3015;20180108;   10;   9.2;   3.9;    3;   0.0;   0;    6.133;   0;   1.5;   3.7; 1020.20;   -1.7;   70.04;    1.6;   -4.0;   -5.4;eor
       3015;20180109;   10;  14.0;   5.5;    3;   4.2;   6;    4.717;   0;   5.1;   4.1; 1007.98;    1.8;   58.08;    4.8;   -2.6;   -3.9;eor
       3015;20180110;   10;   9.7;   2.8;    3;   1.1;   6;    0.000;   0;   6.8;   7.4; 1000.88;    2.7;   98.83;    4.6;    1.2;   -0.2;eor
       3015;20180111;   10;   4.7;   1.2;    3;   2.1;   6;    0.000;   0;   8.0;   7.0; 1004.29;    2.0;   99.67;    2.7;    1.4;    0.3;eor
       3015;20180112;   10;   8.1;   2.7;    3;   0.0;   8;    0.000;   0;   8.0;   6.5; 1015.16;    1.0;   98.04;    2.0;    0.1;    0.1;eor
       3015;20180113;   10;  12.2;   4.5;    3;   0.0;   7;    0.133;   0;   7.8;   4.7; 1019.05;   -0.3;   78.21;    0.1;   -1.1;   -2.3;eor
       3015;20180114;   10;  10.1;   4.0;    3;   0.0;   0;    0.000;   0;   3.3;   4.0; 1016.48;   -2.0;   76.38;   -0.7;   -3.7;   -5.1;eor
       3015;20180115;   10;  11.6;   4.0;    3;   2.6;   8;    6.717;   0;   4.3;   4.3; 1003.77;   -1.1;   76.79;    2.5;   -4.3;   -5.8;eor
       3015;20180116;   10;  13.3;   4.9;    3;   4.3;   8;    1.883;   4;   7.1;   6.3;  979.94;    1.7;   91.42;    4.4;   -0.2;   -0.3;eor
       3015;20180117;   10;  11.6;   5.1;    3;   1.6;   7;    0.417;   0;   7.0;   5.9;  982.47;    0.9;   90.29;    1.4;   -0.3;   -2.2;eor
       3015;20180118;   10;  21.5;   6.8;    3;   6.4;   8;    0.000;   0;   8.0;   6.3;  981.55;    1.9;   89.21;    5.1;    0.3;    0.0;eor
       3015;20180119;   10;  11.1;   3.4;    3;   0.0;   8;    0.000;   0;   7.6;   6.4;  992.52;    1.7;   93.00;    2.8;    0.2;   -0.2;eor
       3015;20180120;   10;   5.9;   2.3;    3;   0.0;   8;    0.200;   0;   6.1;   5.9;  993.76;    0.6;   92.96;    2.7;   -1.8;   -3.7;eor
       3015;20180121;   10;   5.2;   1.7;    3;   0.0;   0;    0.000;   0;   7.7;   5.6;  999.79;   -0.4;   94.79;    0.6;   -2.4;   -2.7;eor
       3015;20180122;   10;   8.7;   3.2;    3;   0.2;   7;    0.967;   0;   7.5;   4.9; 1000.47;   -0.3;   82.96;    1.6;   -1.3;   -2.3;eor
       3015;20180123;   10;   7.6;   1.7;    3;   0.5;   6;    0.000;   1;   8.0;   6.3; 1008.03;    0.9;   95.67;    4.5;   -0.9;   -1.0;eor
       3015;20180124;   10;  12.9;   4.7;    3;   0.5;   6;    3.000;   0;   7.6;   9.2; 1005.00;    7.9;   86.63;   10.9;    4.5;    3.6;eor
       3015;20180125;   10;   9.3;   3.0;    3;   2.7;   6;    0.000;   0;   7.9;   9.3; 1001.34;    8.5;   84.25;   10.7;    6.5;    5.9;eor
       3015;20180126;   10;   5.5;   2.0;    3;   0.1;   6;    0.000;   0;   8.0;   8.5; 1005.07;    5.4;   94.38;    6.6;    4.2;    3.6;eor
       3015;20180127;   10;  10.0;   2.7;    3;   0.1;   6;    2.083;   0;   6.9;   8.0; 1016.40;    5.1;   91.04;    6.8;    2.5;    1.0;eor
       3015;20180128;   10;  18.7;   7.5;    3;   0.1;   6;    0.033;   0;   7.9;   8.4; 1011.42;    7.1;   82.79;    8.6;    4.7;    4.1;eor
       3015;20180129;   10;  18.2;   8.7;    3;   2.1;   6;    0.000;   0;   8.0;   9.5; 1005.96;    9.3;   81.21;   11.0;    5.4;    4.2;eor
       3015;20180130;   10;  16.4;   6.1;    3;   0.0;   6;    0.167;   0;   6.1;   6.3; 1010.63;    4.3;   76.04;    5.7;    1.2;   -0.3;eor
       3015;20180131;   10;  12.5;   4.3;    3;   3.1;   6;    0.000;   0;   7.6;   7.6;  996.32;    4.6;   87.33;    8.6;   -0.3;   -1.2;eor
       3015;20180201;   10;   8.8;   3.7;    3;   0.0;   0;    0.133;   0;   5.5;   6.6;  987.98;    3.2;   85.29;    5.4;   -0.2;   -1.8;eor
       3015;20180202;   10;  10.7;   3.6;    3;   0.3;   6;    2.567;   0;   4.9;   5.6;  990.92;    1.9;   80.50;    4.8;   -1.2;   -3.3;eor
       3015;20180203;   10;   7.9;   3.1;    3;   0.1;   8;    0.000;   0;   7.8;   6.2;  991.97;    1.4;   91.75;    2.7;   -0.8;   -1.5;eor
       3015;20180204;   10;   6.4;   1.9;    3;   0.5;   7;    6.783;   0;   5.3;   5.0; 1004.87;   -0.5;   84.67;    3.3;   -4.1;   -5.7;eor
       3015;20180205;   10;   6.0;   1.9;    3;   0.0;   0;    6.083;   1;   3.7;   4.3; 1015.00;   -1.7;   79.13;    0.9;   -6.1;   -8.1;eor
       3015;20180206;   10;   6.4;   2.1;    3;   0.0;   0;    8.717;   0;   3.8;   3.1; 1006.88;   -3.6;   68.25;    0.0;   -7.4;   -9.3;eor
       3015;20180207;   10;   6.0;   2.4;    3;   0.0;   0;    7.283;   0;   4.2;   3.7; 1003.68;   -2.3;   73.21;    2.2;   -5.0;   -7.4;eor
       3015;20180208;   10;   4.3;   1.7;    3;   0.0;   0;    7.650;   0;   1.0;   3.5; 1007.39;   -3.6;   75.67;    1.2;   -7.5;   -9.4;eor
       3015;20180209;   10;   6.0;   2.1;    3;   0.0;   7;    5.083;   0;   5.0;   4.1; 1005.45;   -1.6;   75.08;    2.0;   -4.5;   -7.4;eor
       3015;20180210;   10;   5.6;   2.0;    3;   0.0;   0;    0.000;   0;   7.9;   4.7; 1003.49;   -1.0;   83.71;    1.2;   -2.9;   -3.2;eor
       3015;20180211;   10;  11.8;   3.3;    3;   0.2;   8;    2.417;   0;   7.5;   5.6;  993.00;    1.5;   82.25;    4.8;   -0.7;   -1.9;eor
       3015;20180212;   10;   9.5;   3.7;    3;   0.0;   7;    1.517;   0;   4.4;   5.5;  997.17;    1.2;   82.83;    4.8;   -2.2;   -5.2;eor
       3015;20180213;   10;   5.5;   2.2;    3;   0.0;   7;    5.333;   0;   2.3;   4.9; 1003.96;    0.0;   80.75;    4.2;   -3.1;   -5.0;eor
       3015;20180214;   10;   6.0;   2.5;    3;   0.0;   0;    8.667;   0;   2.0;   4.8; 1008.28;   -0.9;   84.63;    4.1;   -4.0;   -7.0;eor
       3015;20180215;   10;   8.1;   3.2;    3;   0.4;   7;    1.500;   0;   7.8;   4.7; 1007.55;   -1.1;   84.58;    2.0;   -3.8;   -3.4;eor
       3015;20180216;   10;  12.8;   4.3;    3;   0.0;   0;    6.533;   0;   4.3;   5.7; 1009.27;    3.0;   76.54;    7.7;   -1.1;   -4.4;eor
       3015;20180217;   10;   4.6;   1.9;    3;   0.0;   0;    0.317;   0;   7.5;   5.8; 1012.11;    1.4;   85.63;    4.5;   -1.6;   -4.4;eor
       3015;20180218;   10;   4.8;   1.3;    3;   0.0;   0;    0.000;   0;   8.0;   5.2; 1015.60;    1.2;   77.42;    2.7;    0.1;   -0.8;eor
       3015;20180219;   10;   5.4;   2.0;    3;   0.0;   0;    4.783;   0;   7.0;   4.6; 1009.60;    0.9;   70.96;    4.3;   -1.6;   -3.0;eor
       3015;20180220;   10;   8.3;   2.9;    3;   0.0;   0;    8.483;   0;   3.5;   4.2; 1007.50;   -0.4;   71.13;    3.8;   -3.3;   -4.7;eor
       3015;20180221;   10;   7.6;   2.6;    3;   0.0;   0;    7.767;   0;   3.8;   4.3; 1011.99;   -0.4;   73.29;    3.5;   -4.1;   -6.8;eor
       3015;20180222;   10;   7.7;   2.3;    3;   0.0;   0;    7.217;   0;   4.6;   3.8; 1012.73;   -0.7;   66.96;    2.5;   -3.9;   -6.4;eor
       3015;20180223;   10;   7.9;   2.6;    3;   0.0;   7;    8.500;   0;   1.5;   2.9; 1013.34;   -4.6;   67.42;   -1.3;   -7.9;   -9.4;eor
       3015;20180224;   10;  11.3;   3.0;    3;   0.0;   0;    8.850;   0;   3.2;   2.9; 1016.65;   -3.9;   63.42;   -0.6;   -8.1;  -10.4;eor
       3015;20180225;   10;   7.1;   2.2;    3;   0.2;   7;    8.717;   0;   2.5;   2.5; 1018.50;   -6.5;   66.75;   -2.5;  -10.5;  -12.4;eor
       3015;20180226;   10;  11.1;   2.6;    3;   0.0;   7;    8.467;   1;   2.2;   2.1; 1015.08;   -7.7;   62.50;   -3.9;  -10.8;  -14.4;eor
       3015;20180227;   10;   9.8;   2.4;    3;   0.0;   7;    7.400;   0;   2.1;   1.8; 1010.65;   -9.1;   60.46;   -4.0;  -13.7;  -15.4;eor
       3015;20180228;   10;   8.6;   3.4;    3;   0.0;   7;    8.667;   0;   2.8;   1.8; 1013.85;   -9.4;   61.21;   -5.6;  -12.3;  -13.4;eor
       3015;20180301;   10;   9.6;   3.8;    3;   0.0;   0;   10.083;   0;   0.6;   1.8; 1006.53;   -9.4;   60.46;   -4.6;  -13.1;  -14.1;eor
       3015;20180302;   10;  10.0;   3.6;    3;   0.0;   0;    9.933;   0;   0.0;   1.8;  994.76;   -8.8;   58.79;   -3.3;  -13.9;  -14.8;eor
       3015;20180303;   10;   8.2;   3.2;    3;   0.0;   0;   10.033;   0;   0.7;   2.0;  993.57;   -7.7;   60.04;   -2.2;  -12.9;  -14.2;eor
       3015;20180304;   10;   9.2;   4.3;    3;   0.0;   6;    9.917;   0;   2.2;   2.4;  992.28;   -3.2;   50.50;    3.7;   -9.7;  -11.4;eor
       3015;20180305;   10;   7.4;   3.1;    3;   0.0;   6;    4.117;   0;   6.6;   4.3;  987.04;    1.6;   62.21;    8.7;   -3.2;   -4.9;eor
       3015;20180306;   10;   6.2;   2.7;    3;   9.4;   8;    0.000;   0;   7.1;   5.1;  982.38;    0.3;   82.42;    4.0;   -1.9;   -4.6;eor
       3015;20180307;   10;   7.4;   2.8;    3;   0.7;   7;    0.000;   4;   8.0;   6.2;  981.49;    0.8;   94.75;    1.8;    0.0;   -0.2;eor
       3015;20180308;   10;  11.1;   3.8;    3;   1.2;   6;    2.667;   2;   7.1;   6.3;  989.05;    3.7;   80.21;    8.9;    0.0;   -1.4;eor
       3015;20180309;   10;  15.2;   5.5;    3;   0.0;   6;    2.900;   0;   5.5;   6.2;  993.44;    4.7;   73.38;    8.3;    0.9;   -3.0;eor
       3015;20180310;   10;   5.9;   3.0;    3;   0.4;   6;    0.133;   0;   7.3;   7.9;  993.15;    5.2;   87.04;    9.5;    0.7;   -2.8;eor
       3015;20180311;   10;   6.5;   2.8;    3;   0.0;   0;    8.750;   0;   5.4;   9.4;  987.88;   10.3;   75.25;   16.8;    4.7;    1.3;eor
       3015;20180312;   10;  12.0;   3.3;    3;  14.3;   6;    0.000;   0;   8.0;   9.7;  979.70;    8.4;   87.50;   10.6;    5.7;    3.5;eor
       3015;20180313;   10;  13.1;   5.8;    3;   0.9;   6;    0.617;   0;   7.5;   9.3;  986.60;    9.1;   80.96;   11.6;    4.8;    4.5;eor
       3015;20180314;   10;   9.8;   3.1;    3;   0.8;   6;    0.033;   0;   8.0;   7.1;  997.82;    3.6;   89.58;    5.1;    2.2;    1.8;eor
       3015;20180315;   10;  12.8;   4.0;    3;   0.0;   0;    0.333;   0;   7.7;   6.1;  997.16;    2.5;   83.46;    4.4;    1.6;    1.3;eor
       3015;20180316;   10;  12.8;   5.1;    3;   0.6;   8;    0.000;   0;   8.0;   4.5;  995.80;   -0.7;   76.29;    1.7;   -3.6;   -4.0;eor
       3015;20180317;   10;  14.6;   5.6;    3;   0.0;   7;    3.800;   1;   7.3;   2.4; 1001.43;   -3.6;   52.25;   -1.4;   -5.7;   -6.0;eor
       3015;20180318;   10;  15.4;   5.4;    3;   0.0;   0;   11.300;   0;   2.5;   1.9; 1004.53;   -2.8;   39.25;    0.9;   -6.1;   -7.0;eor
       3015;20180319;   10;   8.4;   2.8;    3;   0.0;   0;   11.517;   0;   1.4;   2.3; 1002.20;   -2.1;   45.50;    3.0;   -6.8;   -8.5;eor
       3015;20180320;   10;  11.8;   2.8;    3;   0.1;   8;    3.550;   0;   4.3;   3.9; 1002.56;   -1.7;   72.33;    2.6;   -6.6;   -9.0;eor
       3015;20180321;   10;  10.0;   3.7;    3;   0.0;   7;   10.133;   0;   4.2;   3.8; 1012.23;    0.3;   65.00;    5.8;   -5.7;   -9.5;eor
       3015;20180322;   10;  11.9;   4.2;    3;   3.4;   8;    0.000;   0;   8.0;   5.7; 1000.48;    1.0;   85.79;    2.5;   -0.9;   -1.4;eor
       3015;20180323;   10;   5.9;   1.8;    3;   0.0;   0;    0.000;   0;   8.0;   6.2;  994.88;    1.8;   88.29;    2.8;    0.9;    0.5;eor
       3015;20180324;   10;   7.1;   2.3;    3;   0.0;   0;    1.100;   0;   6.8;   5.6;  993.71;    3.5;   71.79;    7.8;    0.7;   -2.6;eor
       3015;20180325;   10;   7.1;   2.2;    3;   0.0;   0;    9.583;   0;   4.5;   5.6;  995.64;    5.2;   64.00;   11.0;    0.2;   -2.9;eor
       3015;20180326;   10;   6.9;   2.0;    3;   0.1;   6;    0.083;   0;   7.4;   6.8;  999.78;    4.6;   80.67;    7.9;    1.0;   -1.7;eor
       3015;20180327;   10;   6.0;   1.8;    3;   0.0;   8;    4.200;   0;   6.8;   5.5; 1002.14;    3.3;   72.00;    7.1;    0.4;   -1.3;eor
       3015;20180328;   10;  10.2;   4.1;    3;  10.0;   8;    0.000;   0;   8.0;   5.8;  993.64;    0.4;   91.58;    1.7;   -0.4;   -1.4;eor
       3015;20180329;   10;  15.9;   5.7;    3;   0.0;   6;    0.083;   0;   7.5;   6.4;  990.35;    5.1;   74.21;    7.6;    1.7;   -0.1;eor
       3015;20180330;   10;   9.0;   2.8;    3;   0.0;   0;   10.283;   0;   3.8;   5.9;  995.32;    5.0;   70.54;   11.5;   -0.9;   -4.0;eor
       3015;20180331;   10;  10.5;   3.8;    3;   4.4;   8;    0.000;   0;   7.6;   6.8;  986.56;    4.1;   82.13;    7.5;    1.4;    0.3;eor
       3015;20180401;   10;  14.9;   7.1;    3;   0.9;   8;    0.000;   0;   7.9;   6.1;  989.09;    1.4;   90.25;    2.6;    0.7;    0.3;eor
       3015;20180402;   10;  10.5;   4.3;    3;   1.0;   6;    6.350;   0;   5.8;   5.6;  997.20;    4.4;   68.50;    9.3;   -0.9;   -1.7;eor
       3015;20180403;   10;  11.2;   4.0;    3;   0.1;   6;    6.617;   0;   7.2;   9.2;  992.47;   11.7;   67.29;   18.5;    4.5;    3.1;eor
       3015;20180404;   10;  17.6;   3.2;    3;   1.4;   6;    9.050;   0;   6.1;   9.6;  991.42;   15.2;   57.83;   21.4;    9.8;    7.0;eor
       3015;20180405;   10;  14.3;   5.9;    3;   0.7;   6;    4.900;   0;   5.0;   9.0;  995.92;   10.2;   73.25;   15.5;    4.4;    3.5;eor
       3015;20180406;   10;  12.4;   3.6;    3;   0.0;   0;   12.283;   0;   1.5;   5.4; 1011.02;    6.8;   57.29;   12.9;    0.4;   -0.9;eor
       3015;20180407;   10;  10.5;   4.3;    3;   0.0;   0;   12.367;   0;   2.5;   6.2; 1006.37;   11.9;   46.13;   20.2;    3.8;    1.7;eor
       3015;20180408;   10;  12.4;   3.3;    3;   0.0;   0;   11.483;   0;   0.5;   8.8;  999.68;   13.9;   57.50;   20.2;    8.2;    4.1;eor
       3015;20180409;   10;   7.3;   2.1;    3;   0.0;   0;   10.767;   0;   2.2;   9.5;  994.71;   14.1;   61.96;   21.9;    4.9;    2.2;eor
       3015;20180410;   10;  11.0;   4.0;    3;   0.1;   6;   12.017;   0;   2.5;   9.7;  993.64;   17.6;   50.21;   24.6;   11.1;    9.5;eor
       3015;20180411;   10;   9.8;   4.2;    3;   0.0;   0;   11.400;   0;   3.6;  11.5;  997.09;   15.0;   68.21;   20.2;   11.6;   10.4;eor
       3015;20180412;   10;  13.4;   4.8;    3;   0.0;   6;    6.800;   0;   4.8;  11.7;  993.99;   16.6;   64.42;   23.9;    9.5;    8.3;eor
       3015;20180413;   10;  11.0;   4.0;    3;   5.6;   6;    2.650;   0;   7.3;  13.5;  994.93;   15.7;   75.88;   19.7;   10.8;    9.5;eor
       3015;20180414;   10;  14.4;   4.5;    3;   0.2;   6;    6.000;   0;   5.4;  11.9; 1004.28;   13.7;   77.00;   19.5;   10.0;    8.9;eor
       3015;20180415;   10;   6.7;   2.5;    3;   0.2;   6;    9.100;   0;   6.8;  10.7; 1001.37;   16.4;   59.08;   23.0;   11.0;    8.9;eor
       3015;20180416;   10;   6.8;   2.4;    3;   6.7;   6;    0.000;   0;   8.0;  13.0; 1000.66;   12.2;   90.92;   14.6;    9.7;    7.6;eor
       3015;20180417;   10;   9.3;   2.4;    3;   0.0;   0;   10.967;   0;   3.4;  10.3; 1012.81;   12.9;   71.83;   18.7;    6.8;    4.6;eor
       3015;20180418;   10;   6.0;   2.1;    3;   0.0;   0;   12.467;   0;   1.7;  11.1; 1019.07;   16.2;   63.46;   23.3;    8.8;    5.3;eor
       3015;20180419;   10;   6.8;   2.0;    3;   0.0;   0;   12.417;   0;   2.8;  12.9; 1018.34;   18.6;   60.92;   23.9;   11.9;    7.7;eor
       3015;20180420;   10;   9.1;   3.1;    3;   0.0;   0;   12.983;   0;   1.4;  12.9; 1011.28;   19.9;   58.25;   26.6;   12.2;    8.4;eor
       3015;20180421;   10;   8.8;   2.7;    3;   0.0;   0;   12.633;   0;   2.5;  11.3; 1006.56;   17.0;   60.08;   22.9;   11.6;    7.7;eor
       3015;20180422;   10;   9.7;   2.6;    3;   2.0;   6;   12.233;   0;   3.9;   9.6; 1003.41;   16.5;   51.96;   22.7;    9.7;    6.2;eor
       3015;20180423;   10;  11.5;   3.6;    3;   0.2;   6;    6.850;   0;   6.2;  12.9;  999.41;   16.0;   71.25;   21.6;    9.9;    6.5;eor
       3015;20180424;   10;  13.7;   3.8;    3;   0.3;   6;    3.833;   0;   6.7;  10.5; 1001.73;   12.2;   74.58;   17.5;    7.1;    4.0;eor
       3015;20180425;   10;  18.5;   5.3;    3;   0.2;   6;    4.800;   0;   5.3;  10.3;  995.83;   12.9;   69.88;   19.1;    7.8;    4.6;eor
       3015;20180426;   10;  15.1;   4.5;    3;   2.9;   6;    5.467;   0;   4.4;   8.6; 1000.96;    8.8;   76.13;   13.0;    4.5;    1.5;eor
       3015;20180427;   10;   7.4;   2.3;    3;   0.0;   0;    9.000;   0;   5.0;   7.9; 1002.47;   10.5;   64.63;   16.1;    3.2;    0.2;eor
       3015;20180428;   10;  10.2;   3.3;    3;   0.0;   6;   11.917;   0;   4.7;   9.0;  998.51;   15.6;   53.08;   22.3;    7.5;    5.4;eor
       3015;20180429;   10;   8.3;   2.3;    3;   0.0;   0;   13.000;   0;   3.2;  11.1;  997.04;   18.5;   53.96;   24.8;   10.0;    7.3;eor
       3015;20180430;   10;  16.8;   4.7;    3;   0.0;   6;   10.633;   0;   2.6;  11.7;  989.85;   17.2;   59.75;   24.4;   10.9;    7.2;eor
       3015;20180501;   10;  15.5;   4.9;    3;   0.0;   0;    9.000;   0;   4.5;   7.8;  998.01;   12.9;   52.63;   17.0;    6.4;    2.5;eor
       3015;20180502;   10;   9.4;   2.7;    3;   8.1;   6;    2.700;   0;   6.9;   8.2; 1002.21;   10.7;   63.92;   15.8;    3.8;    0.4;eor
       3015;20180503;   10;   9.0;   2.7;    3;   0.0;   6;    8.033;   0;   5.0;  10.4; 1002.12;   13.8;   67.83;   20.5;    7.6;    4.7;eor
       3015;20180504;   10;   7.5;   2.0;    3;   0.0;   0;   13.883;   0;   1.5;   7.6; 1010.90;   12.0;   56.96;   17.9;    5.1;    3.1;eor
       3015;20180505;   10;   8.4;   2.5;    3;   0.0;   0;   13.983;   0;   1.8;   8.0; 1014.44;   12.6;   57.21;   18.4;    5.3;    2.5;eor
       3015;20180506;   10;   7.8;   2.6;    3;   0.0;   0;   14.067;   0;   0.8;   9.3; 1014.00;   15.1;   55.58;   20.7;    9.1;    7.5;eor
       3015;20180507;   10;   9.0;   2.8;    3;   0.0;   0;   14.167;   0;   0.0;   9.8; 1010.05;   18.1;   48.92;   24.0;   11.3;    6.6;eor
       3015;20180508;   10;   9.6;   3.3;    3;   0.0;   0;   14.033;   0;   0.0;   9.8; 1003.37;   19.2;   46.25;   25.2;   13.0;    9.7;eor
       3015;20180509;   10;  10.2;   3.2;    3;   0.1;   6;   10.250;   0;   3.0;  12.5;  997.88;   20.0;   54.04;   26.4;   14.0;   12.2;eor
       3015;20180510;   10;  11.8;   3.0;    3;   0.2;   6;    8.950;   0;   6.3;  14.5;  997.10;   20.1;   64.08;   27.4;   15.2;   13.9;eor
       3015;20180511;   10;   9.2;   2.8;    3;   0.0;   0;    0.000;   0;   7.9;  14.2; 1006.43;   14.5;   85.46;   15.8;   12.9;   12.4;eor
       3015;20180512;   10;   6.3;   2.1;    3;   0.0;   0;    8.167;   0;   3.3;  14.7; 1005.18;   18.1;   72.38;   23.6;   12.6;   10.4;eor
       3015;20180513;   10;  10.9;   3.8;    3;   0.0;   0;   14.250;   0;   0.7;  11.4; 1000.97;   20.4;   51.33;   25.7;   14.6;   13.5;eor
       3015;20180514;   10;  12.2;   3.8;    3;   0.0;   0;   14.200;   0;   1.0;   9.1; 1001.95;   18.6;   43.96;   23.2;   14.3;   10.4;eor
       3015;20180515;   10;  10.3;   2.5;    3;   4.1;   6;    6.667;   0;   5.1;  11.4; 1001.40;   15.4;   66.46;   21.4;   11.1;    7.7;eor
       3015;20180516;   10;   7.7;   2.1;    3;   0.8;   6;    1.183;   0;   6.6;  14.2;  999.18;   15.1;   83.79;   21.1;   10.9;    8.6;eor
       3015;20180517;   10;  11.0;   3.6;    3;   0.0;   0;    6.717;   0;   6.3;  12.9; 1000.05;   16.2;   71.38;   21.0;   11.4;    9.7;eor
       3015;20180518;   10;  10.9;   4.1;    3;   0.0;   0;    2.617;   0;   6.1;  11.2; 1006.20;   12.7;   76.17;   16.5;    9.2;    8.2;eor
       3015;20180519;   10;   7.9;   2.2;    3;   0.0;   0;   13.500;   0;   4.8;   8.7; 1009.43;   15.7;   52.42;   21.8;   10.4;    7.9;eor
       3015;20180520;   10;  11.3;   3.1;    3;   0.0;   0;   14.617;   0;   0.9;   7.3; 1012.20;   16.2;   41.88;   22.7;    8.7;    7.2;eor
       3015;20180521;   10;  10.9;   3.7;    3;   0.0;   0;   14.183;   0;   1.3;   8.6; 1008.48;   17.5;   44.21;   23.3;   10.8;    9.1;eor
       3015;20180522;   10;   8.9;   2.9;    3;   0.0;   0;   14.300;   0;   2.3;   8.8; 1003.61;   18.8;   42.96;   24.7;   11.6;    9.9;eor
       3015;20180523;   10;   8.5;   2.8;    3;   0.0;   0;   11.800;   0;   4.3;  10.5; 1008.26;   19.8;   46.50;   25.7;   14.1;   11.7;eor
       3015;20180524;   10;  12.1;   3.7;    3;   0.0;   0;   12.917;   0;   5.0;  11.1; 1010.27;   19.7;   50.00;   25.5;   13.3;   11.8;eor
       3015;20180525;   10;   8.0;   2.8;    3;   0.0;   0;   11.383;   0;   1.9;  11.4; 1008.59;   20.5;   49.04;   26.8;   14.4;   12.7;eor
       3015;20180526;   10;   7.9;   2.2;    3;   0.0;   0;   12.467;   0;   2.4;  12.7; 1009.49;   20.1;   55.79;   27.5;   13.9;   11.1;eor
       3015;20180527;   10;   8.0;   2.4;    3;   0.1;   6;    9.150;   0;   3.8;  14.4; 1008.36;   21.0;   60.79;   27.8;   14.0;   11.4;eor
       3015;20180528;   10;   9.4;   3.7;    3;   0.0;   0;   13.700;   0;   3.8;  15.1; 1007.67;   24.7;   51.42;   31.5;   16.9;   15.6;eor
       3015;20180529;   10;  11.3;   4.0;    3;   0.0;   0;   14.483;   0;   0.5;  12.1; 1004.14;   25.2;   39.83;   31.1;   18.3;   17.1;eor
       3015;20180530;   10;  11.2;   3.0;    3;   5.8;   6;   10.017;   0;   3.2;  16.0; 1002.88;   23.2;   58.54;   31.9;   18.1;   17.0;eor
       3015;20180531;   10;   7.9;   2.8;    3;   0.0;   0;   11.383;   0;   3.3;  16.1; 1002.88;   24.8;   53.33;   30.3;   18.2;   17.1;eor
       3015;20180601;   10;  18.6;   3.0;    3;  17.6;   8;    8.550;   0;   5.0;  17.6; 1002.21;   22.8;   65.96;   31.6;   17.7;   17.2;eor
       3015;20180602;   10;   8.6;   3.1;    3;   2.9;   6;    1.750;   0;   7.3;  19.9; 1002.99;   19.7;   86.96;   24.7;   17.6;   17.3;eor
       3015;20180603;   10;   8.5;   2.5;    3;  11.5;   6;    1.867;   0;   6.5;  19.5; 1004.39;   18.7;   90.83;   22.3;   16.6;   15.0;eor
       3015;20180604;   10;   7.5;   2.0;    3;   0.0;   0;   11.350;   0;   2.8;  17.4;  999.69;   20.9;   72.71;   26.5;   15.6;   14.0;eor
       3015;20180605;   10;   8.7;   2.6;    3;   0.0;   0;    7.200;   0;   3.4;  15.1; 1000.25;   18.1;   73.04;   23.8;   13.8;   12.5;eor
       3015;20180606;   10;  10.3;   4.2;    3;   0.0;   0;   15.133;   0;   1.5;   7.9; 1005.68;   17.0;   42.33;   22.6;   11.6;   10.2;eor
       3015;20180607;   10;   8.9;   3.6;    3;   0.0;   0;   15.283;   0;   1.1;   9.0; 1005.16;   19.5;   40.29;   27.0;   10.8;    9.5;eor
       3015;20180608;   10;   6.1;   2.3;    3;   0.0;   0;   14.383;   0;   2.4;  12.7; 1001.36;   23.1;   45.42;   30.2;   15.2;   12.4;eor
       3015;20180609;   10;   8.2;   2.7;    3;   0.0;   0;   12.717;   0;   5.3;  15.5;  999.96;   24.1;   52.83;   30.6;   19.3;   16.9;eor
       3015;20180610;   10;   8.0;   2.1;    3;   5.7;   6;    4.033;   0;   6.2;  19.5;  997.54;   22.2;   74.79;   29.4;   18.2;   16.2;eor
       3015;20180611;   10;   9.0;   2.9;    3;   0.0;   0;    8.717;   0;   5.5;  15.7;  997.94;   19.6;   70.25;   24.3;   15.1;   12.8;eor
       3015;20180612;   10;   9.3;   2.8;    3;   0.0;   6;   10.483;   0;   5.5;  12.2;  997.23;   17.1;   64.00;   21.2;   14.0;   12.4;eor
       3015;20180613;   10;  10.6;   2.9;    3;   0.0;   0;    1.400;   0;   7.6;  12.4;  999.40;   15.4;   70.92;   19.1;   13.8;   13.4;eor
       3015;20180614;   10;   7.7;   2.2;    3;   0.0;   0;   11.450;   0;   5.8;  10.4; 1002.65;   17.6;   53.63;   23.6;   13.5;   10.2;eor
       3015;20180615;   10;   6.3;   1.7;    3;   0.0;   0;    0.300;   0;   7.6;  13.3; 1004.31;   17.9;   64.96;   21.5;   12.7;   10.3;eor
       3015;20180616;   10;   5.7;   1.7;    3;   0.0;   0;    5.400;   0;   6.8;  14.1; 1003.85;   21.7;   55.58;   26.5;   17.1;   15.7;eor
       3015;20180617;   10;  10.4;   2.8;    3;   0.1;   6;    5.217;   0;   5.9;  14.0; 1002.73;   22.2;   52.67;   27.1;   16.7;   14.4;eor
       3015;20180618;   10;   9.6;   3.0;    3;   0.0;   0;    6.783;   0;   5.8;  12.2; 1007.00;   19.6;   54.29;   24.0;   13.3;   10.8;eor
       3015;20180619;   10;  10.3;   3.5;    3;   0.0;   0;    5.283;   0;   5.0;  14.6; 1008.65;   20.7;   61.04;   25.0;   16.2;   13.4;eor
       3015;20180620;   10;   7.3;   1.9;    3;   0.0;   0;    5.083;   0;   4.5;  15.9; 1008.04;   21.8;   63.46;   28.2;   15.0;   12.6;eor
       3015;20180621;   10;  18.3;   5.0;    3;   1.0;   6;    9.100;   0;   4.2;  13.0; 1000.32;   18.6;   60.29;   28.9;   11.0;    9.7;eor
       3015;20180622;   10;  12.7;   5.2;    3;   0.2;   6;    4.767;   0;   5.6;   9.7; 1004.67;   13.3;   63.63;   18.1;    9.2;    8.4;eor
       3015;20180623;   10;  14.9;   5.8;    3;   6.7;   6;    3.167;   0;   7.0;  11.3; 1006.20;   13.5;   73.58;   19.6;   10.7;   11.1;eor
       3015;20180624;   10;  10.1;   4.2;    3;   0.9;   6;    0.000;   0;   7.9;  13.6; 1005.85;   12.7;   92.17;   14.8;   11.4;   11.4;eor
       3015;20180625;   10;   9.4;   3.0;    3;   0.0;   0;    9.100;   0;   5.3;  13.5; 1007.70;   16.2;   74.75;   21.9;   12.3;   10.3;eor
       3015;20180626;   10;  10.3;   3.0;    3;   0.0;   6;    6.600;   0;   4.9;  13.5; 1009.78;   16.8;   73.42;   24.1;   11.5;    9.4;eor
       3015;20180627;   10;   9.0;   2.6;    3;   0.0;   0;   10.617;   0;   4.4;  13.1; 1011.75;   18.8;   62.25;   24.2;   13.1;   11.6;eor
       3015;20180628;   10;  11.1;   2.9;    3;   0.0;   0;    7.350;   0;   5.8;  14.1; 1007.75;   21.6;   56.67;   27.2;   14.8;   13.2;eor
       3015;20180629;   10;  12.0;   2.9;    3;   0.0;   0;   13.317;   0;   3.0;  13.4; 1003.00;   22.0;   53.25;   30.4;   14.1;   12.5;eor
       3015;20180630;   10;  10.9;   2.9;    3;   0.0;   0;   10.867;   0;   2.2;   8.8; 1006.98;   16.2;   49.71;   21.4;   10.5;    7.8;eor
       3015;20180701;   10;   9.0;   2.5;    3;   0.0;   0;   10.617;   0;   2.6;   8.9; 1008.07;   15.5;   52.50;   21.4;    8.5;    5.6;eor
       3015;20180702;   10;   7.1;   2.1;    3;   0.0;   0;   11.500;   0;   2.0;   9.3; 1005.52;   16.9;   51.21;   23.9;    8.0;    5.3;eor
       3015;20180703;   10;   9.6;   2.8;    3;   0.0;   0;   15.283;   0;   0.6;   9.6; 1003.41;   20.2;   44.92;   27.6;   10.8;    8.0;eor
       3015;20180704;   10;   7.4;   2.0;    3;   0.0;   0;   15.200;   0;   0.6;   9.9; 1001.24;   23.4;   37.50;   31.2;   13.8;   10.0;eor
       3015;20180705;   10;   8.4;   2.4;    3;   0.0;   6;   10.800;   0;   3.8;  12.7;  998.26;   24.3;   43.38;   32.2;   16.5;   13.7;eor
       3015;20180706;   10;  10.3;   3.7;    3;   0.0;   0;    4.167;   0;   5.0;  13.8; 1003.17;   18.3;   66.29;   22.6;   14.2;   11.1;eor
       3015;20180707;   10;  11.8;   4.1;    3;   0.0;   0;   11.900;   0;   2.9;  10.4; 1006.39;   18.4;   52.63;   26.0;   11.4;    8.9;eor
       3015;20180708;   10;   8.4;   3.2;    3;   0.0;   0;    9.400;   0;   4.3;  14.6; 1007.02;   19.7;   64.33;   26.2;   14.2;   11.4;eor
       3015;20180709;   10;  12.2;   3.4;    3;   0.0;   0;   11.283;   0;   5.3;  13.4; 1005.33;   19.8;   59.83;   24.5;   14.3;   12.3;eor
       3015;20180710;   10;   4.8;   1.3;    3;  19.5;   6;    0.633;   0;   7.8;  13.5; 1003.59;   14.5;   81.50;   16.5;   12.4;   12.1;eor
       3015;20180711;   10;   6.4;   1.8;    3;   6.1;   6;    6.333;   0;   6.9;  14.8; 1001.66;   17.5;   75.75;   23.0;   13.3;   13.3;eor
       3015;20180712;   10;  10.9;   3.1;    3;   8.3;   6;    0.000;   0;   7.8;  17.0; 1000.26;   15.9;   94.17;   17.5;   14.2;   14.3;eor
       3015;20180713;   10;  14.4;   3.6;    3;   0.0;   6;    7.900;   0;   4.3;  16.5; 1004.19;   19.5;   75.21;   26.7;   15.3;   13.6;eor
       3015;20180714;   10;   9.3;   3.3;    3;   0.0;   0;   12.733;   0;   2.1;  15.2; 1005.66;   19.5;   69.29;   25.2;   13.8;   12.0;eor
       3015;20180715;   10;   8.6;   1.9;    3;   0.0;   0;   14.433;   0;   1.4;  13.3; 1004.67;   18.8;   63.96;   25.0;   11.9;   10.3;eor
       3015;20180716;   10;   8.8;   1.7;    3;   0.0;   6;   13.000;   0;   3.6;  14.9; 1001.38;   21.4;   61.25;   28.0;   14.0;   12.8;eor
       3015;20180717;   10;   9.5;   2.5;    3;   2.1;   6;    4.250;   0;   7.3;  17.4;  999.04;   21.6;   68.83;   28.0;   17.2;   16.0;eor
       3015;20180718;   10;  12.2;   3.4;    3;   0.0;   6;    5.150;   0;   6.6;  16.8; 1001.10;   21.8;   66.13;   26.8;   17.7;   15.8;eor
       3015;20180719;   10;   8.4;   3.1;    3;   0.4;   6;    3.817;   0;   5.7;  16.2; 1003.62;   19.3;   72.92;   23.8;   14.7;   11.6;eor
       3015;20180720;   10;   9.9;   2.4;    3;   0.0;   0;   12.883;   0;   1.5;  12.4; 1002.38;   20.3;   54.83;   27.2;   13.2;   10.4;eor
       3015;20180721;   10;   6.1;   2.1;    3;   0.0;   0;   12.900;   0;   5.5;  12.6; 1000.19;   21.6;   50.38;   27.5;   14.9;   12.3;eor
       3015;20180722;   10;   5.5;   1.6;    3;   0.0;   0;    7.450;   0;   6.6;  12.9; 1000.74;   22.1;   50.42;   28.0;   14.9;   13.4;eor
       3015;20180723;   10;  10.9;   3.1;    3;   0.0;   0;   14.433;   0;   1.7;  15.0; 1003.03;   22.5;   57.92;   28.2;   16.8;   14.7;eor
       3015;20180724;   10;   6.7;   1.8;    3;   0.0;   0;   11.817;   0;   1.9;  17.0; 1003.29;   23.9;   59.13;   29.9;   15.7;   13.7;eor
       3015;20180725;   10;   9.8;   2.1;    3;   1.1;   6;   12.900;   0;   2.3;  18.3; 1003.10;   24.7;   60.38;   31.1;   19.1;   16.6;eor
       3015;20180726;   10;   7.4;   2.2;    3;   0.0;   0;   14.233;   0;   0.9;  16.7; 1004.28;   24.8;   56.25;   31.5;   16.9;   14.3;eor
       3015;20180727;   10;   8.6;   2.5;    3;   0.3;   6;    7.933;   0;   3.6;  19.3; 1002.74;   24.6;   63.46;   30.6;   20.2;   18.5;eor
       3015;20180728;   10;  15.6;   2.9;    3;  13.9;   6;   12.100;   0;   3.7;  19.5;  997.95;   24.6;   66.67;   32.1;   19.2;   18.0;eor
       3015;20180729;   10;  11.5;   2.4;    3;   0.0;   6;   10.683;   0;   4.8;  18.7; 1003.30;   22.7;   69.54;   28.4;   18.0;   17.3;eor
       3015;20180730;   10;   6.3;   2.7;    3;   0.0;   6;   10.100;   0;   3.8;  17.2; 1004.74;   25.8;   54.54;   32.0;   19.9;   18.2;eor
       3015;20180731;   10;   7.0;   2.7;    3;   0.0;   0;   14.183;   0;   0.3;  16.5; 1004.55;   28.2;   44.38;   34.4;   21.6;   19.0;eor
       3015;20180801;   10;   8.2;   2.3;    3;   0.0;   0;   12.350;   0;   2.9;  19.6; 1006.11;   28.8;   50.71;   35.2;   21.8;   19.9;eor
       3015;20180802;   10;   9.2;   2.6;    3;   0.0;   0;   11.650;   0;   5.1;  20.5; 1009.03;   26.0;   62.29;   31.9;   21.5;   20.9;eor
       3015;20180803;   10;   7.0;   2.4;    3;   0.0;   0;   13.200;   0;   1.0;  13.9; 1009.00;   26.4;   41.46;   32.6;   21.0;   19.9;eor
       3015;20180804;   10;   7.7;   2.1;    3;   1.0;   6;    9.850;   0;   3.8;  15.6; 1004.64;   27.0;   45.42;   33.8;   19.9;   17.7;eor
       3015;20180805;   10;  11.9;   3.0;    3;   0.0;   0;    8.383;   0;   4.0;  15.7; 1006.61;   21.3;   63.17;   25.7;   16.0;   13.0;eor
       3015;20180806;   10;   7.8;   2.4;    3;   0.0;   0;   14.233;   0;   0.3;  13.3; 1006.20;   21.7;   54.00;   28.8;   13.6;   11.5;eor
       3015;20180807;   10;   8.4;   3.0;    3;   0.0;   0;   13.850;   0;   2.1;  12.3; 1001.10;   26.9;   37.21;   34.8;   18.4;   16.9;eor
       3015;20180808;   10;  15.1;   2.8;    3;   7.0;   6;   10.883;   0;   3.8;  17.1;  999.14;   26.8;   52.83;   36.3;   19.9;   18.8;eor
       3015;20180809;   10;  11.0;   2.7;    3;   0.0;   6;   12.817;   0;   1.8;  19.8; 1000.87;   26.5;   61.17;   34.4;   18.7;   17.8;eor
       3015;20180810;   10;  12.3;   4.2;    3;   0.0;   6;    4.883;   0;   4.7;  13.7; 1007.33;   21.1;   54.79;   24.8;   17.3;   15.0;eor
       3015;20180811;   10;  14.0;   3.9;    3;   0.0;   6;    6.367;   0;   4.3;  11.3; 1007.64;   18.8;   54.46;   23.4;   13.4;   10.3;eor
       3015;20180812;   10;   9.9;   2.7;    3;   0.0;   0;   12.417;   0;   4.5;   9.7; 1004.70;   19.7;   45.83;   26.9;   11.2;    8.6;eor
       3015;20180813;   10;  14.6;   3.1;    3;   0.0;   6;    9.500;   0;   5.3;  11.4;  996.11;   23.7;   40.63;   32.6;   15.7;   13.8;eor
       3015;20180814;   10;  14.3;   4.7;    3;   0.1;   6;    5.850;   0;   6.2;  16.0;  998.46;   20.7;   66.42;   24.2;   17.6;   16.9;eor
       3015;20180815;   10;  10.2;   3.6;    3;   0.0;   0;    4.517;   0;   6.3;  15.1; 1005.43;   20.3;   64.71;   24.7;   16.5;   13.9;eor
       3015;20180816;   10;   6.4;   2.3;    3;   0.0;   0;   13.533;   0;   1.1;  13.9; 1005.36;   22.7;   53.33;   28.8;   14.6;   12.5;eor
       3015;20180817;   10;  11.1;   2.8;    3;   0.0;   6;   10.100;   0;   3.8;  14.1; 1002.48;   24.9;   46.67;   32.4;   18.2;   16.8;eor
       3015;20180818;   10;   6.8;   2.0;    3;   0.0;   0;    8.867;   0;   4.8;  15.7; 1008.15;   21.4;   62.71;   26.5;   17.3;   14.4;eor
       3015;20180819;   10;   7.1;   2.0;    3;   0.0;   0;   12.400;   0;   2.6;  14.8; 1006.83;   23.2;   55.29;   30.5;   15.0;   12.9;eor
       3015;20180820;   10;  10.6;   4.0;    3;   0.0;   0;    4.450;   0;   4.4;  15.8; 1004.46;   21.1;   63.50;   24.6;   16.3;   13.8;eor
       3015;20180821;   10;   8.4;   2.3;    3;   0.0;   0;    9.383;   0;   3.6;  13.0; 1008.46;   19.8;   57.21;   24.2;   16.3;   12.8;eor
       3015;20180822;   10;   6.0;   2.4;    3;   0.0;   0;   13.117;   0;   1.4;  12.3; 1006.54;   21.7;   49.21;   28.5;   14.2;   12.5;eor
       3015;20180823;   10;  14.3;   2.4;    3;   0.2;   6;   11.083;   0;   2.8;  14.7;  999.38;   25.1;   49.63;   33.8;   16.4;   13.7;eor
       3015;20180824;   10;  12.4;   3.3;    3;   3.7;   6;    2.900;   0;   6.8;  15.7;  996.48;   20.1;   66.17;   23.7;   14.9;   13.3;eor
       3015;20180825;   10;  15.8;   3.1;    3;   1.8;   6;    3.117;   0;   6.5;  12.5;  997.88;   15.3;   71.67;   20.1;   11.3;    9.5;eor
       3015;20180826;   10;   9.2;   3.2;    3;   0.0;   0;   10.550;   0;   4.2;   9.4; 1003.00;   14.2;   60.25;   20.0;    9.3;    8.4;eor
       3015;20180827;   10;  14.0;   3.9;    3;   0.0;   6;    2.983;   0;   6.3;  10.3; 1001.32;   17.6;   53.04;   23.4;   10.0;    8.4;eor
       3015;20180828;   10;   8.3;   2.9;    3;   0.0;   0;    9.800;   0;   3.8;  12.7; 1006.78;   18.2;   62.00;   23.3;   14.7;   12.4;eor
       3015;20180829;   10;   9.0;   3.2;    3;   0.0;   0;   12.150;   0;   2.2;  11.4; 1003.92;   20.7;   48.46;   27.5;   14.1;   12.2;eor
       3015;20180830;   10;  11.0;   4.4;    3;   2.1;   6;    1.267;   0;   6.4;  14.8; 1001.70;   17.3;   74.96;   19.6;   15.1;   14.5;eor
       3015;20180831;   10;  10.5;   3.6;    3;   0.0;   0;    4.583;   0;   6.0;  12.2; 1007.74;   15.3;   71.42;   21.0;   11.1;   10.3;eor
       3015;20180901;   10;   5.0;   1.5;    3;   0.0;   6;    2.783;   0;   6.6;  12.0; 1012.08;   15.9;   68.38;   20.8;   10.4;    7.7;eor
       3015;20180902;   10;   9.7;   2.9;    3;   0.7;   6;    0.450;   0;   6.5;  15.9; 1011.16;   18.7;   74.13;   23.7;   14.8;   13.9;eor
       3015;20180903;   10;   9.1;   3.3;    3;   0.0;   0;    9.200;   0;   4.0;  16.3; 1005.72;   22.6;   60.79;   28.0;   18.3;   16.4;eor
       3015;20180904;   10;   6.6;   2.2;    3;   0.0;   0;   10.700;   0;   2.8;  14.7; 1003.76;   20.3;   64.00;   26.7;   14.5;   11.8;eor
       3015;20180905;   10;   6.8;   2.1;    3;   0.0;   0;    8.267;   0;   3.1;  14.5; 1005.42;   19.0;   69.00;   26.1;   12.9;   10.1;eor
       3015;20180906;   10;   7.0;   2.9;    3;   0.0;   6;   10.167;   0;   2.5;  14.4; 1001.43;   19.5;   65.38;   25.3;   14.2;   13.5;eor
       3015;20180907;   10;   8.3;   2.4;    3;   0.5;   6;    2.400;   0;   5.8;  15.7;  999.80;   17.9;   75.75;   21.4;   14.8;   14.3;eor
       3015;20180908;   10;  10.6;   2.6;    3;   0.0;   0;   11.000;   0;   4.9;  10.0; 1007.44;   16.7;   54.96;   22.1;   11.4;    8.4;eor
       3015;20180909;   10;   6.4;   1.9;    3;   0.0;   0;    9.000;   0;   4.0;   9.7; 1008.89;   18.1;   48.54;   25.0;   12.5;   10.6;eor
       3015;20180910;   10;   8.2;   2.4;    3;   0.2;   6;    5.817;   0;   5.8;  11.9; 1008.48;   18.9;   56.63;   26.8;   11.6;    9.1;eor
       3015;20180911;   10;  12.7;   3.7;    3;   0.0;   6;    7.250;   0;   5.9;  12.4; 1007.85;   20.8;   52.75;   26.9;   15.6;   14.3;eor
       3015;20180912;   10;  11.3;   3.5;    3;   0.0;   6;   11.517;   0;   2.0;  13.3; 1006.70;   20.9;   55.63;   28.9;   14.3;   12.4;eor
       3015;20180913;   10;   7.0;   1.7;    3;   5.9;   6;    0.000;   0;   7.8;  14.0; 1008.32;   13.7;   88.88;   14.5;   12.8;   11.3;eor
       3015;20180914;   10;   4.0;   1.2;    3;   0.0;   0;    1.950;   0;   6.0;  14.0; 1007.87;   14.7;   84.08;   18.2;   12.7;   10.9;eor
       3015;20180915;   10;  10.2;   3.5;    3;   0.0;   0;    7.667;   0;   4.8;  11.8; 1008.94;   15.7;   69.00;   20.8;   10.9;    8.4;eor
       3015;20180916;   10;   7.3;   2.0;    3;   0.0;   0;    8.417;   0;   5.4;  11.3; 1011.33;   16.3;   63.50;   22.3;   10.0;    7.7;eor
       3015;20180917;   10;   6.2;   2.1;    3;   0.0;   0;   10.783;   0;   4.2;  10.4; 1007.51;   18.8;   50.96;   26.8;   11.1;    7.9;eor
       3015;20180918;   10;   8.1;   2.6;    3;   0.0;   0;   11.350;   0;   2.0;  12.6; 1003.68;   21.4;   50.63;   29.3;   14.0;   12.2;eor
       3015;20180919;   10;   8.6;   2.4;    3;   0.0;   0;   11.067;   0;   1.5;  14.1; 1005.19;   21.8;   55.63;   28.4;   13.9;   11.3;eor
       3015;20180920;   10;  11.8;   2.7;    3;   0.0;   0;    9.850;   0;   3.6;  14.8; 1004.37;   22.5;   55.83;   29.4;   16.1;   12.9;eor
       3015;20180921;   10;  18.7;   4.7;    3;   6.6;   6;    6.733;   0;   6.1;  13.9;  997.09;   19.7;   64.38;   30.5;   11.7;   10.5;eor
       3015;20180922;   10;  13.7;   5.3;    3;   0.2;   6;    2.533;   0;   6.3;   9.6; 1004.24;   13.3;   64.08;   17.1;   10.1;    9.0;eor
       3015;20180923;   10;  10.5;   3.1;    3;  17.6;   6;    0.117;   0;   7.8;  10.9;  999.39;   10.3;   86.88;   13.2;    8.0;    7.6;eor
       3015;20180924;   10;  18.0;   5.6;    3;  10.3;   8;    4.033;   0;   5.1;   9.0; 1010.10;    8.4;   81.96;   13.0;    5.1;    3.4;eor
       3015;20180925;   10;  10.4;   3.8;    3;   0.0;   0;   10.367;   0;   2.0;   7.7; 1022.87;    8.3;   71.67;   13.8;    4.7;    2.1;eor
       3015;20180926;   10;  12.7;   4.9;    3;   0.0;   0;    6.383;   0;   6.0;   7.0; 1019.74;   10.7;   56.92;   15.7;    3.5;    1.3;eor
       3015;20180927;   10;   9.2;   4.0;    3;   0.0;   0;    6.967;   0;   3.8;  12.1; 1012.65;   17.0;   61.67;   22.2;   13.6;   11.4;eor
       3015;20180928;   10;   9.8;   3.0;    3;   0.0;   0;    6.417;   0;   3.2;   9.2; 1009.00;   11.9;   66.46;   16.3;    5.4;    2.5;eor
       3015;20180929;   10;   6.7;   2.2;    3;   0.0;   0;   11.033;   0;   1.2;   7.6; 1014.95;    8.7;   70.58;   14.7;    3.2;    0.6;eor
       3015;20180930;   10;   8.0;   2.4;    3;   0.0;   0;   10.900;   0;   1.1;   7.1; 1005.47;   10.4;   59.46;   17.9;    3.3;    2.0;eor
       3015;20181001;   10;  11.3;   3.2;    3;   0.0;   6;    4.267;   0;   5.4;   8.6;  999.78;    9.1;   74.00;   14.3;    3.7;    1.2;eor
       3015;20181002;   10;  16.1;   6.1;    3;   1.5;   6;    3.183;   0;   6.3;   8.7; 1001.85;    7.8;   82.96;   10.7;    4.0;    3.0;eor
       3015;20181003;   10;  18.3;   6.8;    3;   0.6;   6;    4.067;   0;   4.8;   9.0; 1004.34;   10.4;   71.17;   13.8;    7.2;    5.4;eor
       3015;20181004;   10;   8.4;   3.3;    3;   0.0;   6;    0.933;   0;   5.8;  10.3; 1013.03;   11.0;   78.46;   15.1;    6.0;    3.1;eor
       3015;20181005;   10;   6.4;   2.1;    3;   0.0;   0;    9.000;   0;   3.3;  10.5; 1009.32;   14.0;   66.96;   19.8;   10.0;    6.3;eor
       3015;20181006;   10;   7.6;   2.5;    3;   0.0;   0;    8.483;   0;   4.5;  11.3;  999.45;   14.8;   67.92;   22.5;    8.2;    6.2;eor
       3015;20181007;   10;  11.0;   2.6;    3;   0.0;   6;    1.667;   0;   5.5;  10.4; 1003.62;   11.2;   77.83;   14.5;    4.7;    1.1;eor
       3015;20181008;   10;   4.7;   2.0;    3;   0.0;   0;   10.333;   0;   3.8;   8.4; 1010.63;    9.3;   73.08;   14.7;    4.0;    0.5;eor
       3015;20181009;   10;   4.1;   1.9;    3;   0.0;   0;    5.550;   0;   6.0;  11.1; 1010.74;   12.1;   79.21;   18.5;    5.7;    2.9;eor
       3015;20181010;   10;   7.8;   3.1;    3;   0.0;   0;   10.400;   0;   2.2;  13.2; 1010.62;   16.5;   71.79;   23.2;   10.0;    7.4;eor
       3015;20181011;   10;  10.6;   3.8;    3;   0.0;   0;   10.333;   0;   0.5;  11.8; 1006.96;   17.7;   60.79;   24.8;   11.5;    9.0;eor
       3015;20181012;   10;   6.9;   2.5;    3;   0.0;   0;   10.167;   0;   0.3;  12.2; 1010.40;   17.9;   60.50;   24.6;   12.6;   10.1;eor
       3015;20181013;   10;   7.0;   2.8;    3;   0.0;   0;   10.250;   0;   0.0;  11.7; 1011.63;   17.3;   60.75;   24.8;   11.5;   10.0;eor
       3015;20181014;   10;  10.1;   3.5;    3;   0.0;   0;    9.950;   0;   0.0;  10.1; 1004.83;   17.8;   51.42;   24.3;   11.5;    9.2;eor
       3015;20181015;   10;   7.9;   2.4;    3;   0.0;   0;    5.350;   0;   2.6;   8.5; 1004.15;   15.8;   48.08;   21.5;   12.5;    8.9;eor
       3015;20181016;   10;   4.8;   1.9;    3;   0.0;   0;    7.750;   0;   2.0;   9.9; 1006.10;   15.3;   57.50;   21.9;   10.6;    6.9;eor
       3015;20181017;   10;   4.4;   2.0;    3;   0.0;   0;    9.417;   0;   0.0;  10.9; 1007.05;   13.6;   71.13;   19.8;    7.2;    4.8;eor
       3015;20181018;   10;   6.9;   2.1;    3;   0.3;   6;    8.550;   0;   3.6;  12.0; 1008.18;   13.0;   81.00;   19.5;    7.5;    4.5;eor
       3015;20181019;   10;   4.9;   1.6;    3;   0.0;   0;    1.517;   0;   5.2;  10.1; 1012.26;    9.9;   82.63;   14.0;    4.6;    1.0;eor
       3015;20181020;   10;   7.2;   2.4;    3;   0.0;   6;    2.450;   0;   5.3;   7.8; 1015.25;    7.7;   76.29;   12.2;    2.7;   -0.6;eor
       3015;20181021;   10;   4.6;   1.8;    3;   0.0;   0;    9.583;   0;   1.9;   8.6; 1015.79;    8.5;   78.83;   14.5;    4.0;   -0.2;eor
       3015;20181022;   10;   7.6;   2.8;    3;   1.8;   6;    1.133;   0;   3.1;   8.6; 1014.28;    6.0;   91.67;    9.6;    2.7;   -0.1;eor
       3015;20181023;   10;  17.8;   7.4;    3;   9.6;   6;    0.000;   0;   7.4;   9.6; 1001.10;    7.5;   90.50;   11.3;    2.2;   -0.8;eor
       3015;20181024;   10;  17.4;   5.0;    3;   1.9;   6;    6.383;   0;   5.3;   7.6; 1000.27;    8.8;   67.33;   11.4;    5.2;    1.7;eor
       3015;20181025;   10;  13.7;   6.0;    3;   2.1;   6;    0.167;   0;   7.5;  10.5;  998.38;   10.5;   82.96;   11.9;    7.2;    6.8;eor
       3015;20181026;   10;  11.0;   4.0;    3;   0.0;   0;    0.667;   0;   7.5;   9.5;  994.15;   10.2;   75.96;   12.5;    7.6;    6.0;eor
       3015;20181027;   10;  14.3;   4.6;    3;   0.0;   0;    0.333;   0;   6.9;   7.5;  993.31;    7.5;   72.08;    9.8;    2.7;    0.6;eor
       3015;20181028;   10;  12.6;   2.7;    3;   4.1;   6;    0.000;   0;   8.0;   7.6; 1001.47;    5.1;   86.29;    7.2;    2.8;    1.9;eor
       3015;20181029;   10;  11.9;   4.1;    3;   0.0;   6;    0.000;   0;   8.0;   7.6;  994.74;    4.1;   92.08;    8.3;    3.6;    3.3;eor
       3015;20181030;   10;  22.0;   5.1;    3;   1.2;   6;    5.050;   0;   5.4;  10.5;  984.57;   13.8;   67.79;   20.7;    7.5;    6.2;eor
       3015;20181031;   10;  11.8;   3.8;    3;   0.0;   0;    8.650;   0;   2.9;   7.3; 1005.04;    9.3;   62.08;   12.9;    5.6;    3.3;eor
       3015;20181101;   10;   9.7;   3.4;    3;   0.0;   0;    3.233;   0;   5.3;   9.5; 1001.53;    9.7;   78.50;   13.7;    5.3;    4.0;eor
       3015;20181102;   10;  11.1;   3.2;    3;   0.0;   0;    7.600;   0;   5.3;   9.1; 1009.43;    9.9;   75.08;   14.1;    7.4;    4.9;eor
       3015;20181103;   10;   5.6;   1.6;    3;   0.0;   0;    0.567;   0;   7.2;   9.1; 1016.16;    8.5;   82.00;   11.3;    6.7;    5.7;eor
       3015;20181104;   10;   7.5;   2.9;    3;   0.0;   0;    0.000;   0;   8.0;  11.3; 1008.41;    9.8;   92.75;   10.6;    8.3;    7.9;eor
       3015;20181105;   10;  10.2;   3.6;    3;   0.0;   0;    6.067;   0;   5.8;  11.3; 1001.21;   12.3;   79.50;   17.9;    9.4;    8.7;eor
       3015;20181106;   10;   6.8;   2.8;    3;   0.0;   0;    8.417;   0;   0.7;  11.0;  999.22;   12.6;   75.67;   17.2;    8.9;    7.0;eor
       3015;20181107;   10;   6.5;   2.2;    3;   0.0;   0;    6.950;   0;   3.0;  10.9; 1000.20;   11.2;   82.13;   15.7;    7.7;    5.5;eor
       3015;20181108;   10;   6.4;   2.1;    3;   0.0;   6;    1.700;   0;   5.5;  10.4; 1007.56;    8.5;   93.17;   12.3;    5.1;    2.8;eor
       3015;20181109;   10;   4.9;   2.0;    3;   0.0;   0;    0.000;   0;   7.9;  10.6; 1005.57;    8.2;   97.33;    9.3;    6.9;    6.2;eor
       3015;20181110;   10;   6.2;   2.6;    3;   0.0;   0;    4.917;   0;   5.3;  10.1;  999.46;    8.1;   93.25;   12.4;    5.5;    3.7;eor
       3015;20181111;   10;   6.0;   2.6;    3;   0.2;   6;    2.117;   0;   3.5;   9.4; 1000.68;    7.3;   91.42;   12.3;    3.7;    2.7;eor
       3015;20181112;   10;   8.6;   2.7;    3;   0.0;   0;    3.600;   0;   6.0;  10.5; 1005.51;   10.2;   84.04;   14.6;    7.2;    5.5;eor
       3015;20181113;   10;  19.0;   3.3;    3;  20.3;   8;    0.267;   0;   5.8;  10.6; 1009.82;    9.0;   91.17;   11.2;    6.7;    5.1;eor
       3015;20181114;   10;   7.9;   3.2;    3;   0.0;   0;    6.033;   0;   4.8;   9.4; 1016.76;    7.4;   90.83;   10.7;    5.4;    2.9;eor
       3015;20181115;   10;   8.1;   3.3;    3;   0.0;   0;    7.117;   0;   3.3;   8.5; 1018.15;    6.8;   85.83;   11.3;    4.3;    2.4;eor
       3015;20181116;   10;   9.7;   3.9;    3;   0.0;   0;    7.733;   0;   2.3;   6.7; 1022.52;    4.9;   77.58;    8.1;    1.6;    0.0;eor
       3015;20181117;   10;   8.6;   3.1;    3;   0.0;   0;    5.950;   0;   2.2;   5.5; 1024.92;    1.3;   82.54;    5.6;   -1.6;   -3.4;eor
       3015;20181118;   10;   8.5;   2.2;    3;   0.2;   6;    1.217;   0;   5.3;   5.6; 1017.43;    0.7;   84.88;    4.3;   -4.4;   -6.8;eor
       3015;20181119;   10;  14.2;   3.9;    3;   0.2;   6;    0.350;   0;   7.3;   6.5; 1009.94;    3.4;   83.04;    5.1;    1.9;    0.1;eor
       3015;20181120;   10;  14.7;   5.0;    3;   0.0;   7;    0.000;   0;   8.0;   5.3; 1006.53;    1.7;   76.63;    2.5;    1.1;    0.8;eor
       3015;20181121;   10;   9.9;   3.5;    3;   0.0;   8;    0.000;   0;   8.0;   5.1; 1009.20;    0.6;   80.00;    1.1;    0.2;   -0.2;eor
       3015;20181122;   10;   8.7;   3.3;    3;   0.0;   6;    0.000;   0;   8.0;   5.3; 1011.94;    0.6;   83.50;    1.2;    0.1;    0.0;eor
       3015;20181123;   10;   5.7;   2.5;    3;   0.0;   6;    0.000;   0;   6.5;   6.5; 1009.38;    1.3;   95.96;    2.8;   -0.2;   -1.8;eor
       3015;20181124;   10;   5.9;   2.2;    3;   0.2;   6;    0.000;   0;   6.6;   6.5; 1001.97;    1.1;   97.08;    3.1;   -1.8;   -3.3;eor
       3015;20181125;   10;   8.6;   1.8;    3;   0.0;   6;    0.000;   0;   7.8;   8.0; 1000.05;    4.0;   97.58;    5.5;    2.5;    1.6;eor
       3015;20181126;   10;   7.5;   2.5;    3;   0.0;   0;    0.000;   0;   7.9;   6.2; 1001.18;    2.0;   87.96;    3.2;   -1.7;   -4.2;eor
       3015;20181127;   10;   5.0;   1.5;    3;   0.0;   0;    0.383;   0;   6.9;   4.9; 1009.49;   -1.1;   86.08;    0.8;   -3.6;   -5.1;eor
       3015;20181128;   10;   9.2;   3.1;    3;   0.0;   0;    7.133;   0;   1.9;   4.7; 1016.05;    0.1;   76.33;    3.6;   -2.2;   -4.6;eor
       3015;20181129;   10;  11.9;   4.3;    3;   0.0;   0;    6.333;   0;   5.7;   3.7; 1011.08;   -0.7;   63.96;    2.7;   -2.8;   -4.3;eor
       3015;20181130;   10;   9.3;   3.4;    3;   1.3;   8;    0.000;   0;   7.8;   4.2; 1004.00;    0.5;   66.00;    1.8;   -1.0;   -2.0;eor
       3015;20181201;   10;   6.1;   2.4;    3;   0.0;   6;    0.000;   0;   7.1;   7.0; 1002.15;    2.1;   97.29;    5.4;   -0.4;   -0.6;eor
       3015;20181202;   10;   8.4;   3.4;    3;   4.7;   6;    0.000;   0;   7.5;   7.8;  991.82;    4.5;   91.96;    9.7;    1.3;    0.4;eor
       3015;20181203;   10;  10.1;   4.0;    3;   2.0;   6;    1.633;   0;   6.9;  11.7;  988.13;   10.2;   93.92;   12.8;    6.8;    5.0;eor
       3015;20181204;   10;  15.3;   5.0;    3;   0.3;   6;    3.000;   0;   4.4;   7.8; 1000.54;    6.3;   80.75;   10.1;    1.6;   -0.1;eor
       3015;20181205;   10;   7.0;   2.9;    3;   0.0;   0;    6.700;   0;   1.8;   6.0; 1014.00;    1.5;   87.92;    5.5;   -0.6;   -3.7;eor
       3015;20181206;   10;   8.7;   3.3;    3;   1.8;   6;    0.517;   0;   7.9;   6.9; 1004.71;    4.4;   80.88;    8.5;    1.3;    0.3;eor
       3015;20181207;   10;  13.1;   5.5;    3;   6.9;   6;    0.000;   0;   8.0;  11.6;  993.40;   10.1;   93.29;   11.8;    8.4;    7.6;eor
       3015;20181208;   10;  19.7;   7.5;    3;   3.2;   6;    1.033;   0;   6.5;   7.8;  988.27;    7.1;   77.25;    9.8;    5.4;    4.4;eor
       3015;20181209;   10;  18.0;   6.9;    3;   0.9;   6;    0.000;   0;   7.5;   8.6;  980.92;    6.9;   85.75;    7.9;    6.2;    5.3;eor
       3015;20181210;   10;  15.0;   7.3;    3;   3.3;   6;    0.017;   0;   7.2;   6.6;  995.42;    4.5;   78.71;    6.2;    2.8;    2.3;eor
       3015;20181211;   10;  12.2;   4.4;    3;   3.9;   6;    0.383;   0;   7.7;   6.9; 1000.38;    3.1;   90.00;    4.1;    2.1;    1.9;eor
       3015;20181212;   10;   6.7;   1.8;    3;   0.0;   0;    0.117;   0;   7.5;   6.4; 1010.42;    1.3;   94.58;    2.9;   -1.1;   -3.1;eor
       3015;20181213;   10;   6.1;   2.1;    3;   0.0;   0;    0.000;   0;   6.9;   5.7; 1011.30;    0.5;   89.96;    1.7;   -1.6;   -3.6;eor
       3015;20181214;   10;   6.5;   2.4;    3;   0.0;   7;    0.000;   0;   6.8;   5.0; 1013.49;   -0.9;   86.96;   -0.1;   -2.4;   -4.4;eor
       3015;20181215;   10;   5.9;   1.8;    3;   0.0;   7;    0.267;   0;   7.9;   5.2; 1015.01;   -0.6;   88.38;    0.3;   -1.4;   -2.0;eor
       3015;20181216;   10;   8.6;   2.8;    3;   0.0;   7;    0.000;   0;   7.9;   4.5; 1004.75;   -1.0;   79.75;   -0.4;   -2.0;   -2.8;eor
       3015;20181217;   10;   3.8;   1.8;    3;   0.0;   8;    0.000;   0;   7.9;   5.5; 1007.89;    0.1;   89.08;    1.5;   -1.7;   -2.1;eor
       3015;20181218;   10;   6.5;   2.2;    3;   0.0;   6;    0.983;   0;   6.3;   7.0; 1012.57;    2.6;   94.79;    5.7;    0.1;   -1.8;eor
       3015;20181219;   10;   9.2;   3.4;    3;   3.3;   6;    0.000;   0;   7.0;   5.8; 1005.98;    1.2;   87.42;    2.3;   -0.9;   -2.4;eor
       3015;20181220;   10;   6.2;   2.4;    3;   0.3;   6;    0.000;   0;   7.9;   7.1; 1002.62;    2.5;   96.79;    5.1;    1.4;    1.1;eor
       3015;20181221;   10;  16.8;   4.1;    3;   6.2;   6;    0.000;   0;   7.8;   8.7;  994.32;    5.9;   93.17;   10.3;    4.3;    2.6;eor
       3015;20181222;   10;  17.9;   5.6;    3;   4.4;   6;    0.000;   0;   7.8;   7.9;  994.66;    6.4;   81.75;   10.3;    3.6;    2.7;eor
       3015;20181223;   10;  12.3;   4.2;    3;   6.5;   6;    0.067;   0;   7.8;   8.5; 1002.48;    5.3;   94.88;    7.3;    3.4;    2.5;eor
       3015;20181224;   10;  11.9;   3.7;    3;   0.3;   8;    0.000;   0;   7.8;   5.8; 1009.53;    1.3;   85.08;    4.3;   -0.4;   -0.2;eor
       3015;20181225;   10;  13.6;   5.7;    3;   0.2;   6;    0.017;   0;   7.8;   7.0; 1014.48;    4.1;   85.54;    5.3;    1.8;    1.0;eor
       3015;20181226;   10;  11.8;   5.4;    3;   1.0;   6;    0.000;   0;   8.0;   8.0; 1013.28;    5.2;   90.96;    6.3;    4.3;    4.0;eor
       3015;20181227;   10;   9.6;   5.0;    3;   0.2;   6;    0.133;   0;   7.8;   8.6; 1011.22;    5.4;   95.42;    6.3;    4.5;    4.0;eor
       3015;20181228;   10;   8.8;   4.1;    3;   0.8;   6;    0.000;   0;   8.0;   8.5; 1011.33;    5.5;   93.92;    6.4;    4.7;    4.1;eor
       3015;20181229;   10;  11.9;   5.0;    3;   3.8;   6;    0.000;   0;   8.0;   8.5; 1011.88;    5.3;   95.54;    6.1;    4.3;    3.8;eor
       3015;20181230;   10;  15.8;   5.5;    3;   0.6;   6;    0.067;   0;   7.5;   7.8; 1009.04;    5.5;   86.17;    7.4;    3.3;   -0.3;eor
       3015;20181231;   10;   8.8;   3.2;    3;   0.5;   6;    0.033;   0;   7.5;   8.0; 1016.48;    4.8;   92.00;    7.3;    3.2;    2.8;eor
       3015;20190101;   10;  18.2;   8.0;    3;   2.1;   8;    0.367;   0;   7.6;   8.0; 1003.96;    6.2;   83.58;    7.9;    3.0;    2.0;eor
       3015;20190102;   10;  16.6;   5.4;    3;   0.4;   7;    1.583;   1;   4.9;   4.7; 1009.40;    1.0;   70.71;    3.6;   -2.6;   -5.5;eor
       3015;20190103;   10;  11.3;   3.6;    3;   0.2;   7;    0.067;   0;   3.7;   4.7; 1018.57;   -1.4;   84.42;    1.4;   -4.5;   -7.6;eor
       3015;20190104;   10;  11.1;   4.2;    3;   2.8;   6;    0.000;   0;   7.8;   6.2; 1014.15;    0.5;   95.96;    4.0;   -4.2;   -7.3;eor
       3015;20190105;   10;  10.6;   4.0;    3;   0.2;   6;    0.200;   0;   7.4;   8.2; 1006.36;    4.9;   93.33;    7.1;    0.5;   -1.7;eor
       3015;20190106;   10;   4.7;   1.7;    3;   0.0;   0;    0.000;   0;   7.8;   5.8; 1014.36;    1.2;   86.25;    2.3;   -0.3;   -2.1;eor
       3015;20190107;   10;  12.9;   2.6;    3;   7.3;   8;    0.000;   0;   7.8;   6.9; 1012.54;    1.9;   96.79;    4.4;   -0.5;   -1.6;eor
       3015;20190108;   10;  16.8;   7.2;    3;  11.2;   6;    0.000;   0;   7.8;   7.7;  989.05;    4.3;   92.79;    5.3;    1.7;    1.4;eor
       3015;20190109;   10;  11.5;   4.9;    3;   5.8;   8;    0.000;   0;   8.0;   6.6;  992.30;    1.8;   95.21;    2.9;    0.4;   -0.1;eor
       3015;20190110;   10;   9.2;   3.1;    3;   0.0;   8;    0.117;   0;   6.3;   5.6; 1008.26;    0.5;   88.21;    2.3;   -2.9;   -5.4;eor
       3015;20190111;   10;   9.8;   4.3;    3;   1.3;   8;    0.000;   0;   8.0;   6.2; 1003.87;    0.8;   95.04;    4.6;   -1.4;   -2.0;eor
       3015;20190112;   10;  13.2;   5.5;    3;   3.1;   6;    0.000;   0;   8.0;   7.5;  997.24;    4.4;   89.83;    5.7;    3.4;    2.5;eor
       3015;20190113;   10;  18.0;   6.9;    3;   7.0;   6;    0.000;   0;   7.9;   8.5;  982.90;    5.7;   92.75;    7.6;    4.6;    4.1;eor
       3015;20190114;   10;  19.6;   7.8;    3;   0.6;   7;    1.967;   0;   4.9;   4.9;  987.30;    1.9;   69.08;    6.0;   -0.5;   -1.5;eor
       3015;20190115;   10;  15.8;   7.8;    3;   3.3;   8;    0.000;   0;   7.9;   6.7;  995.97;    3.2;   85.67;    5.8;    0.2;   -0.8;eor
       3015;20190116;   10;  16.7;   6.4;    3;   0.1;   6;    0.000;   0;   8.0;   7.8;  994.18;    5.5;   86.21;    6.5;    2.6;    1.3;eor
       3015;20190117;   10;  14.8;   5.9;    3;   2.1;   8;    0.383;   0;   7.3;   6.6;  987.55;    4.3;   79.54;    6.5;    1.0;    0.3;eor
       3015;20190118;   10;  12.6;   4.7;    3;   0.0;   7;    6.350;   1;   5.5;   4.8; 1002.05;    0.1;   78.33;    1.5;   -1.7;   -3.3;eor
       3015;20190119;   10;   4.9;   2.1;    3;   0.0;   0;    4.383;   0;   5.5;   4.8; 1007.41;   -0.8;   83.92;    1.6;   -2.8;   -5.3;eor
       3015;20190120;   10;   5.5;   2.1;    3;   0.0;   0;    6.850;   0;   3.0;   4.3; 1007.10;   -3.3;   89.38;    0.2;   -6.3;   -8.8;eor
       3015;20190121;   10;   6.2;   2.3;    3;   0.0;   7;    0.000;   0;   7.8;   4.0; 1009.13;   -4.4;   91.29;   -3.6;   -5.2;   -5.6;eor
       3015;20190122;   10;   8.6;   2.6;    3;   0.0;   0;    7.500;   0;   2.6;   3.8;  999.94;   -4.1;   84.63;   -0.1;   -6.8;   -7.7;eor
       3015;20190123;   10;  10.9;   3.8;    3;   0.0;   7;    0.000;   0;   7.7;   3.3;  993.54;   -6.0;   85.00;   -3.4;   -7.6;   -7.7;eor
       3015;20190124;   10;   8.4;   2.8;    3;   0.0;   7;    0.000;   0;   8.0;   3.3;  999.53;   -4.4;   75.33;   -3.4;   -5.0;   -5.0;eor
       3015;20190125;   10;   5.8;   2.0;    3;   0.7;   7;    0.250;   0;   7.8;   3.5; 1001.44;   -4.1;   78.33;   -3.0;   -5.0;   -5.1;eor
       3015;20190126;   10;   8.5;   2.8;    3;   4.6;   8;    0.000;   1;   8.0;   5.8;  990.35;   -0.2;   95.67;    3.5;   -3.1;   -3.4;eor
       3015;20190127;   10;   8.8;   3.2;    3;   1.6;   6;    0.433;   0;   7.6;   7.1;  978.81;    3.0;   93.25;    5.0;    1.5;    0.9;eor
       3015;20190128;   10;  11.1;   3.1;    3;   2.3;   8;    5.450;   0;   7.1;   6.5;  979.44;    2.7;   87.88;    5.4;    0.9;    0.0;eor
       3015;20190129;   10;  10.8;   3.7;    3;   0.0;   7;    0.550;   1;   7.3;   5.9;  989.95;    0.4;   93.13;    1.5;   -1.4;   -2.1;eor
       3015;20190130;   10;  11.5;   3.9;    3;   0.0;   0;    6.533;   0;   5.9;   4.8;  988.65;   -0.5;   81.96;    1.8;   -2.2;   -3.8;eor
       3015;20190131;   10;   6.3;   2.7;    3;   0.0;   0;    3.283;   0;   6.5;   4.8;  988.26;   -0.3;   81.08;    3.5;   -2.2;   -3.3;eor
       3015;20190201;   10;   7.9;   3.5;    3;   0.3;   8;    0.017;   0;   5.8;   4.8;  984.49;   -0.9;   84.29;    1.5;   -4.2;   -5.2;eor
       3015;20190202;   10;   9.4;   2.8;    3;   4.9;   8;    0.000;   0;   8.0;   6.0;  984.53;    0.3;   95.25;    0.8;    0.1;   -0.1;eor
       3015;20190203;   10;   9.1;   2.7;    3;   5.0;   7;    0.000;   4;   8.0;   6.1; 1000.20;    0.3;   97.79;    1.0;    0.0;   -0.6;eor
       3015;20190204;   10;   7.5;   3.0;    3;   0.0;   0;    3.033;   7;   6.3;   5.5; 1014.31;   -0.6;   93.13;    2.5;   -2.2;   -5.8;eor
       3015;20190205;   10;   8.5;   3.5;    3;   0.0;   7;    0.000;   5;   8.0;   5.0; 1013.68;    0.7;   77.96;    2.3;   -1.5;   -4.3;eor
       3015;20190206;   10;   9.1;   3.2;    3;   0.0;   0;    5.333;   4;   7.2;   5.5; 1012.49;    1.6;   80.08;    4.8;   -0.9;   -2.1;eor
       3015;20190207;   10;   9.0;   3.4;    3;   0.0;   6;    0.700;   3;   6.6;   4.9; 1001.23;    0.7;   76.29;    3.0;   -2.6;   -4.6;eor
       3015;20190208;   10;   9.9;   3.7;    3;   0.0;   0;    5.533;   2;   4.8;   6.4; 1001.66;    3.8;   79.42;    8.3;    0.1;   -2.3;eor
       3015;20190209;   10;  21.2;   6.5;    3;   1.0;   8;    2.600;   0;   5.6;   6.5;  993.59;    6.6;   67.08;   10.7;    2.7;    1.1;eor
       3015;20190210;   10;  16.0;   5.1;    3;   8.1;   8;    0.000;   0;   6.8;   7.6;  986.85;    6.1;   80.33;    9.5;    3.1;    1.8;eor
       3015;20190211;   10;  16.3;   7.2;    3;   0.2;   8;    1.283;   0;   5.3;   6.2;  992.99;    4.0;   76.58;    7.1;    0.5;    0.0;eor
       3015;20190212;   10;  13.6;   5.0;    3;   0.5;   6;    4.483;   0;   6.1;   5.1; 1013.57;    2.5;   70.29;    5.8;    0.2;   -3.4;eor
       3015;20190213;   10;  10.5;   4.8;    3;   0.2;   6;    0.000;   0;   8.0;   8.2; 1018.71;    5.2;   91.75;    7.1;    2.0;    1.1;eor
       3015;20190214;   10;   7.6;   3.2;    3;   0.0;   0;    3.250;   0;   4.8;   8.1; 1022.03;    6.1;   86.46;    9.9;    1.8;   -3.0;eor
       3015;20190215;   10;   5.8;   2.9;    3;   0.0;   0;    9.300;   0;   2.4;   6.0; 1020.53;    5.3;   70.08;   12.8;   -1.6;   -4.5;eor
       3015;20190216;   10;   8.9;   3.6;    3;   0.0;   0;    9.400;   0;   1.1;   5.8; 1013.98;    7.1;   60.21;   15.0;    0.1;   -1.8;eor
       3015;20190217;   10;   6.1;   2.3;    3;   0.0;   0;    8.600;   0;   5.8;   6.5; 1011.72;    6.7;   67.17;   12.9;    1.4;   -3.2;eor
       3015;20190218;   10;   5.7;   2.7;    3;   0.0;   0;    9.417;   0;   2.6;   6.3; 1006.78;    6.5;   66.75;   13.6;    0.2;   -1.9;eor
       3015;20190219;   10;  15.2;   4.9;    3;   0.8;   6;    2.883;   0;   6.0;   6.7; 1002.79;    6.3;   69.79;    9.5;    2.2;   -0.3;eor
       3015;20190220;   10;   9.3;   4.3;    3;   0.1;   6;    2.517;   0;   6.5;   7.3; 1008.18;    6.9;   73.75;    9.5;    4.2;    1.6;eor
       3015;20190221;   10;  10.1;   4.4;    3;   4.7;   6;    0.483;   0;   7.9;   8.4; 1010.50;    7.1;   82.79;    9.9;    4.8;    3.4;eor
       3015;20190222;   10;  12.4;   3.2;    3;   0.0;   6;    6.583;   0;   4.3;   5.6; 1023.39;    2.4;   71.75;    7.9;   -3.7;   -5.8;eor
       3015;20190223;   10;   6.3;   2.3;    3;   0.0;   0;    7.350;   0;   5.0;   3.3; 1030.85;   -1.1;   59.04;    3.5;   -4.8;   -6.2;eor
       3015;20190224;   10;   5.0;   2.3;    3;   0.0;   0;    6.767;   0;   3.1;   3.8; 1026.06;    2.9;   52.75;   10.3;   -2.6;   -4.6;eor
       3015;20190225;   10;   8.3;   3.5;    3;   0.0;   0;    9.533;   0;   3.6;   5.9; 1023.21;    5.7;   63.25;   12.7;   -0.1;   -4.1;eor
       3015;20190226;   10;   7.6;   3.0;    3;   0.0;   0;    0.000;   0;   4.9;   7.0; 1019.45;    5.5;   76.92;    9.5;    2.3;   -2.1;eor
       3015;20190227;   10;   9.8;   3.0;    3;   0.0;   0;    8.850;   0;   2.3;   6.6; 1012.45;    7.3;   69.13;   15.3;   -0.7;   -2.1;eor
       3015;20190228;   10;  12.1;   4.9;    3;   0.0;   0;    7.833;   0;   4.5;   7.0;  998.45;    8.0;   65.92;   12.7;    4.2;    0.7;eor
       3015;20190301;   10;   6.6;   1.6;    3;   0.0;   6;    0.000;   0;   7.9;   6.9;  999.11;    3.6;   86.88;    4.9;    2.1;   -0.6;eor
       3015;20190302;   10;   9.2;   2.7;    3;   0.1;   6;    0.000;   0;   7.8;   6.0; 1002.30;    3.1;   78.96;    5.2;    1.3;    0.9;eor
       3015;20190303;   10;  16.4;   6.1;    3;   1.8;   6;    0.000;   0;   8.0;   9.1;  994.15;    8.1;   83.88;   10.8;    2.6;    1.5;eor
       3015;20190304;   10;  23.1;   7.3;    3;   3.3;   6;    1.033;   0;   6.3;   8.2;  982.02;    9.5;   70.08;   15.0;    5.3;    4.0;eor
       3015;20190305;   10;  19.7;   7.5;    3;   0.8;   6;    2.983;   0;   5.7;   6.7;  990.04;    5.6;   74.17;    8.4;    3.0;    1.3;eor
       3015;20190306;   10;  10.9;   3.6;    3;   0.3;   6;    7.983;   0;   5.6;   6.8;  996.17;    6.0;   74.21;   11.5;    0.1;   -1.3;eor
       3015;20190307;   10;  17.3;   5.4;    3;   0.0;   6;    2.933;   0;   5.8;   7.8;  986.00;   10.4;   62.75;   16.0;    7.3;    5.9;eor
       3015;20190308;   10;  21.4;   7.7;    3;   0.2;   6;    1.883;   0;   4.3;   6.8;  993.99;    7.7;   64.25;   10.2;    3.9;    2.2;eor
       3015;20190309;   10;  20.5;   6.9;    3;  10.2;   6;    2.750;   0;   7.1;   7.5;  993.53;    6.9;   76.04;   11.9;    4.2;    2.9;eor
       3015;20190310;   10;  14.8;   4.9;    3;  15.1;   8;    1.050;   0;   6.3;   6.8;  990.43;    4.2;   82.75;    7.7;    0.2;   -0.1;eor
       3015;20190311;   10;  13.8;   5.8;    3;   2.0;   8;    1.150;   0;   7.6;   6.4;  997.81;    2.7;   86.92;    5.1;    1.1;    0.8;eor
       3015;20190312;   10;  12.1;   4.7;    3;   0.5;   6;    2.767;   0;   7.7;   6.2; 1003.19;    4.5;   74.29;    8.2;    1.4;    0.8;eor
       3015;20190313;   10;  19.2;   7.2;    3;   0.6;   6;    3.783;   0;   6.8;   6.1;  990.28;    7.0;   61.54;    9.4;    4.5;    3.2;eor
       3015;20190314;   10;  16.6;   6.5;    3;   8.6;   6;    0.833;   0;   7.7;   7.7;  985.91;    5.4;   85.75;    8.4;    3.5;    3.3;eor
       3015;20190315;   10;  22.0;   7.7;    3;   1.2;   6;    1.000;   0;   6.6;   7.8;  985.70;    7.0;   78.00;    9.9;    5.0;    4.2;eor
       3015;20190316;   10;  18.3;   6.0;    3;   5.6;   6;    0.700;   0;   7.0;   7.5;  992.16;    6.3;   78.58;    8.5;    4.4;    3.9;eor
       3015;20190317;   10;  17.7;   5.8;    3;   0.8;   6;    3.817;   0;   6.8;   8.1;  989.48;    8.3;   74.25;   13.8;    4.1;    2.7;eor
       3015;20190318;   10;  17.7;   7.0;    3;   0.8;   8;    3.317;   0;   4.5;   6.3;  999.36;    4.9;   73.04;    8.8;    2.7;    1.2;eor
       3015;20190319;   10;  10.1;   4.1;    3;   0.0;   8;    3.833;   0;   4.3;   5.9; 1012.17;    3.9;   74.25;    8.2;    0.7;   -3.5;eor
       3015;20190320;   10;  10.6;   3.4;    3;   0.0;   0;    9.267;   0;   4.0;   6.3; 1019.79;    6.2;   68.13;   11.9;   -1.5;   -4.8;eor
       3015;20190321;   10;   8.7;   3.2;    3;   0.0;   0;    2.233;   0;   5.9;   9.4; 1020.76;    9.2;   80.67;   12.0;    5.8;    2.1;eor
       3015;20190322;   10;   6.2;   2.2;    3;   0.0;   0;    1.833;   0;   4.5;   9.7; 1019.51;    7.7;   92.38;   11.6;    4.5;    1.2;eor
       3015;20190323;   10;  10.4;   3.3;    3;   0.0;   0;    9.967;   0;   3.8;   9.5; 1014.01;   10.0;   79.42;   18.5;    3.2;    2.8;eor
       3015;20190324;   10;   6.6;   2.1;    3;   0.0;   0;    7.400;   0;   4.8;   6.6; 1011.77;    6.9;   68.21;   11.9;    2.0;   -1.5;eor
       3015;20190325;   10;  11.6;   3.8;    3;   4.1;   8;    3.400;   0;   5.6;   6.5; 1002.99;    3.2;   84.75;    7.9;    0.1;   -2.8;eor
       3015;20190326;   10;  14.2;   4.6;    3;   0.7;   6;    2.033;   0;   5.6;   6.6; 1010.72;    3.8;   83.33;    7.4;   -0.2;   -3.0;eor
       3015;20190327;   10;   9.9;   3.5;    3;   2.1;   6;    0.433;   0;   6.5;   8.2; 1016.27;    5.8;   88.71;    9.4;    1.1;   -1.4;eor
       3015;20190328;   10;   7.7;   2.7;    3;   2.7;   6;    0.000;   0;   8.0;  10.7; 1019.26;    8.3;   97.08;   10.0;    7.2;    7.1;eor
       3015;20190329;   10;   6.4;   2.2;    3;   0.0;   0;    0.000;   0;   6.8;   9.8; 1019.15;    8.8;   87.00;   11.6;    5.1;    1.9;eor
       3015;20190330;   10;   9.9;   3.3;    3;   0.0;   0;   11.550;   0;   4.3;   8.6; 1010.18;   10.3;   71.29;   17.5;    3.1;    0.5;eor
       3015;20190331;   10;   8.6;   3.0;    3;   0.0;   0;    7.067;   0;   2.6;   7.0; 1009.75;    7.5;   67.83;   12.0;    1.8;   -2.2;eor
       3015;20190401;   10;   9.3;   3.5;    3;   0.0;   0;   12.383;   0;   0.0;   4.4; 1013.69;    5.3;   51.42;   11.1;   -0.5;   -4.8;eor
       3015;20190402;   10;   9.8;   4.4;    3;   0.0;   0;   11.400;   0;   3.1;   5.6; 1001.53;    8.3;   51.21;   14.9;    1.4;    0.0;eor
       3015;20190403;   10;   8.0;   3.4;    3;   0.0;   0;    8.883;   0;   6.7;   8.2;  991.82;   13.1;   55.46;   18.8;    7.0;    5.0;eor
       3015;20190404;   10;   9.3;   3.9;    3;   0.0;   0;   11.267;   0;   3.3;   8.5;  987.24;   14.8;   51.21;   21.3;    8.6;    6.4;eor
       3015;20190405;   10;   7.7;   2.8;    3;   0.0;   6;    8.500;   0;   4.1;   9.8;  992.66;   12.8;   66.88;   18.5;    6.2;    4.4;eor
       3015;20190406;   10;  11.0;   3.5;    3;   0.0;   0;   11.867;   0;   0.8;   8.3;  995.07;   15.1;   50.13;   20.8;    9.5;    5.3;eor
       3015;20190407;   10;   7.3;   2.9;    3;   0.0;   0;   11.967;   0;   0.4;   7.6;  995.62;   13.4;   51.13;   19.4;    8.0;    3.6;eor
       3015;20190408;   10;   9.9;   2.5;    3;   0.0;   0;   12.250;   0;   0.8;   7.4;  997.50;   12.3;   54.42;   19.6;    4.3;    0.8;eor
       3015;20190409;   10;   8.7;   2.6;    3;   0.0;   0;    8.533;   0;   4.2;   6.5; 1001.75;    6.7;   67.58;   11.4;    3.2;    0.3;eor
       3015;20190410;   10;  10.1;   2.9;    3;   0.0;   0;   11.217;   0;   2.0;   4.8; 1005.26;    4.9;   56.46;   10.2;   -0.1;   -3.5;eor
       3015;20190411;   10;   8.8;   2.6;    3;   0.0;   8;    3.167;   0;   5.0;   4.7; 1011.42;    2.5;   65.71;    5.9;   -1.8;   -3.8;eor
       3015;20190412;   10;   6.4;   2.0;    3;   0.1;   7;    0.000;   0;   8.0;   5.3; 1012.82;    2.6;   71.58;    4.0;    1.6;    1.4;eor
       3015;20190413;   10;   8.4;   2.4;    3;   2.2;   6;    0.900;   0;   7.7;   5.1; 1011.14;    4.5;   60.63;    7.5;    1.7;    1.4;eor
       3015;20190414;   10;  10.0;   3.1;    3;   1.4;   6;    1.200;   0;   6.3;   7.1; 1011.95;    5.3;   81.04;   11.3;    1.9;    1.0;eor
       3015;20190415;   10;   7.6;   2.8;    3;   0.0;   0;   13.217;   0;   0.8;   5.2; 1014.40;    7.4;   52.33;   13.0;    1.1;   -1.3;eor
       3015;20190416;   10;  10.5;   3.7;    3;   0.0;   0;   13.117;   0;   0.4;   5.0; 1011.34;    9.0;   46.04;   15.3;    2.0;    0.1;eor
       3015;20190417;   10;   8.1;   3.0;    3;   0.0;   0;   12.783;   0;   0.8;   6.2; 1014.80;   11.3;   46.63;   18.5;    3.6;    1.3;eor
       3015;20190418;   10;  10.0;   3.4;    3;   0.0;   0;   13.117;   0;   0.3;   6.4; 1017.67;   14.9;   39.08;   20.8;    7.8;    4.6;eor
       3015;20190419;   10;   8.0;   3.1;    3;   0.0;   0;   13.300;   0;   0.0;   6.6; 1019.91;   15.1;   39.67;   22.2;    8.4;    3.3;eor
       3015;20190420;   10;   7.7;   2.4;    3;   0.0;   0;   13.367;   0;   2.6;   7.1; 1017.29;   13.9;   47.08;   21.0;    4.7;    0.6;eor
       3015;20190421;   10;   8.7;   2.7;    3;   0.0;   0;   13.533;   0;   0.8;   6.7; 1010.84;   14.3;   42.00;   20.6;    8.6;    4.4;eor
       3015;20190422;   10;  14.4;   4.5;    3;   0.0;   0;   13.333;   0;   0.7;   7.1; 1005.21;   12.9;   48.13;   17.0;    7.0;    4.9;eor
       3015;20190423;   10;  17.3;   6.1;    3;   0.3;   6;    8.133;   0;   3.9;   8.5;  998.21;   14.0;   52.50;   18.4;    9.3;    7.5;eor
       3015;20190424;   10;  11.0;   4.3;    3;   0.1;   6;   12.067;   0;   5.1;  11.3;  995.24;   16.8;   59.63;   23.3;   12.1;   11.4;eor
       3015;20190425;   10;   7.5;   3.0;    3;   0.0;   6;   11.450;   0;   4.6;   9.6;  998.64;   19.0;   47.75;   25.8;   12.7;   10.5;eor
       3015;20190426;   10;  14.4;   4.1;    3;   3.2;   6;   12.383;   0;   5.9;  12.1;  995.74;   19.9;   54.04;   27.2;   10.6;   10.5;eor
       3015;20190427;   10;  11.0;   4.0;    3;   0.0;   6;    2.500;   0;   7.3;  10.7;  999.80;   12.4;   75.75;   17.2;    9.3;    9.4;eor
       3015;20190428;   10;   9.7;   4.0;    3;   0.4;   6;    2.233;   0;   7.8;   9.4; 1004.41;   10.3;   75.17;   13.1;    8.0;    7.5;eor
       3015;20190429;   10;  10.1;   3.5;    3;   1.2;   6;    2.017;   0;   5.8;  10.2; 1004.15;   10.6;   80.13;   16.9;    5.4;    4.0;eor
       3015;20190430;   10;   8.2;   2.6;    3;   0.1;   6;   13.400;   0;   2.1;   7.0; 1004.17;   10.8;   57.04;   18.7;    3.5;    1.7;eor
       3015;20190501;    3;  12.5;   4.2;    3;   0.9;   6;    7.983;   0;   5.2;   9.7;  999.17;   12.1;   69.38;   17.6;    7.7;    4.2;eor
       3015;20190502;    3;  13.1;   5.7;    3;   0.3;   6;    0.250;   0;   6.6;   9.0;  993.61;   10.0;   73.25;   13.1;    7.2;    6.4;eor
       3015;20190503;    3;  12.0;   4.9;    3;   0.0;   6;    7.600;   0;   6.5;   6.0;  994.94;    8.8;   53.54;   12.4;    6.4;    5.8;eor
       3015;20190504;    3;   8.0;   2.5;    3;   0.4;   6;    1.700;   0;   6.1;   6.4;  994.52;    5.5;   70.79;    8.2;    0.3;   -2.8;eor
       3015;20190505;    3;   8.4;   2.5;    3;   0.0;   0;    8.433;   0;   3.7;   5.5; 1002.88;    5.7;   63.92;   12.4;   -0.9;   -4.0;eor
       3015;20190506;    3;  11.7;   4.1;    3;   0.1;   6;    5.683;   0;   5.3;   6.1; 1004.50;    7.7;   59.25;   12.2;    2.6;   -0.9;eor
       3015;20190507;    3;   8.7;   2.8;    3;   0.0;   6;    5.583;   0;   5.0;   6.2; 1004.77;    8.1;   59.92;   13.3;    4.4;   -0.6;eor
       3015;20190508;    3;  11.9;   2.9;    3;   1.7;   6;   10.017;   0;   4.9;   6.9;  995.91;   12.1;   51.25;   17.8;    3.3;   -0.5;eor
       3015;20190509;    3;   7.0;   2.5;    3;   0.9;   6;    1.600;   0;   7.1;  10.6;  988.31;   13.1;   71.13;   17.4;   10.1;    9.4;eor
       3015;20190510;    3;  11.7;   2.8;    3;   2.9;   6;    1.683;   0;   6.6;  11.1;  994.94;   12.0;   79.71;   16.2;    7.0;    3.7;eor
       3015;20190511;    3;   7.6;   2.2;    3;   3.6;   6;    3.233;   0;   7.0;   9.9; 1001.21;   10.3;   80.08;   15.2;    6.1;    3.3;eor
       3015;20190512;    3;   9.0;   2.6;    3;   0.0;   0;    9.100;   0;   6.8;   7.3; 1013.98;   11.0;   59.21;   17.3;    5.6;    1.9;eor
       3015;20190513;    3;  12.8;   2.4;    3;   0.1;   6;    8.233;   0;   3.7;   6.3; 1021.40;    9.1;   57.58;   15.2;    3.2;    0.0;eor
       3015;20190514;    3;  11.4;   3.0;    3;   0.0;   6;    7.333;   0;   3.6;   6.3; 1018.25;    7.9;   61.58;   14.3;    2.4;   -0.7;eor
       3015;20190515;    3;   8.6;   2.7;    3;   6.8;   6;    0.000;   0;   7.0;   7.2; 1011.89;    7.9;   66.79;   12.4;    2.4;    0.1;eor
       3015;20190516;    3;   7.3;   1.8;    3;   6.5;   6;    0.000;   0;   6.5;  10.8; 1002.94;    8.5;   96.42;   11.2;    5.2;    3.3;eor
       3015;20190517;    3;   7.1;   2.2;    3;   0.0;   0;    9.867;   0;   5.2;  11.3;  999.08;   12.8;   77.29;   19.8;    4.0;    2.0;eor
       3015;20190518;    3;   9.8;   2.8;    3;   0.0;   0;   14.317;   0;   1.5;  11.8;  995.74;   17.7;   61.71;   24.2;   11.0;    9.5;eor
       3015;20190519;    3;   8.8;   2.9;    3;   0.0;   6;    9.583;   0;   4.3;  13.4;  993.15;   19.3;   60.33;   25.3;   13.8;   11.4;eor
       3015;20190520;    3;   7.6;   2.5;    3;  21.5;   6;    5.317;   0;   6.1;  15.7;  990.10;   17.1;   81.38;   22.8;   13.4;   11.6;eor
       3015;20190521;    3;   8.5;   2.3;    3;   6.2;   6;   12.067;   0;   4.4;  14.6;  992.59;   17.9;   73.04;   23.9;   12.3;   10.5;eor
       3015;20190522;    3;  13.3;   5.0;    3;   6.1;   6;    0.000;   0;   8.0;  13.6;  999.67;   12.5;   92.92;   15.6;   10.6;   10.1;eor
       3015;20190523;    3;   8.5;   3.2;    3;   0.0;   0;   10.650;   0;   6.0;   9.9; 1005.07;   13.6;   65.63;   19.3;    9.6;    6.8;eor
       3015;20190524;    3;   7.8;   2.1;    3;   0.0;   0;   11.683;   0;   6.0;  10.0; 1001.62;   16.5;   55.54;   22.7;    8.9;    6.0;eor
       3015;20190525;    3;   9.6;   3.4;    3;   0.0;   0;   10.583;   0;   4.8;  10.4; 1002.04;   13.7;   67.25;   17.5;    8.1;    5.6;eor
       3015;20190526;    3;  13.4;   4.1;    3;   0.0;   6;    9.133;   0;   6.1;  10.1; 1000.11;   15.6;   59.46;   21.7;    7.0;    4.6;eor
       3015;20190527;    3;  10.2;   3.2;    3;   0.7;   6;    1.467;   0;   7.3;  13.3;  995.18;   17.6;   66.50;   21.8;   14.6;   13.8;eor
       3015;20190528;    3;   8.2;   2.2;    3;   0.2;   6;    1.117;   0;   7.5;  12.3;  994.23;   15.4;   71.79;   19.3;    8.5;    6.5;eor
       3015;20190529;    3;   8.0;   2.1;    3;   0.0;   0;   11.050;   0;   4.7;   7.9; 1007.38;   12.0;   59.33;   17.4;    7.0;    3.9;eor
       3015;20190530;    3;   9.8;   2.7;    3;   0.0;   0;   12.750;   0;   3.8;   8.3; 1011.56;   15.8;   47.54;   22.4;    7.2;    4.6;eor
       3015;20190531;    3;  10.2;   3.0;    3;   0.6;   6;    6.567;   0;   6.3;  14.8; 1010.44;   18.9;   68.54;   24.0;   13.0;   10.1;eor
       3015;20190601;    3;   7.5;   2.4;    3;   0.0;   0;   11.717;   0;   5.0;  15.3; 1008.51;   20.8;   65.46;   27.2;   14.9;   12.5;eor
       3015;20190602;    3;   6.8;   2.1;    3;   0.0;   0;   12.717;   0;   3.4;  14.0; 1005.31;   22.5;   54.42;   29.4;   14.9;   12.1;eor
       3015;20190603;    3;  10.6;   2.8;    3;   0.0;   0;   14.383;   0;   1.9;  13.8; 1001.71;   25.2;   46.13;   32.3;   17.4;   15.0;eor
       3015;20190604;    3;   7.0;   2.1;    3;   0.0;   0;   14.600;   0;   2.8;  14.9;  999.84;   23.9;   53.13;   30.6;   15.7;   13.1;eor
       3015;20190605;    3;   9.5;   3.3;    3;   0.0;   0;   14.233;   0;   1.6;  15.1;  996.98;   26.2;   46.33;   31.8;   20.2;   17.4;eor
       3015;20190606;    3;  13.2;   3.6;    3;   7.1;   6;    8.850;   0;   4.9;  16.9;  996.70;   21.8;   67.96;   31.1;   14.7;   15.0;eor
       3015;20190607;    3;   7.6;   2.5;    3;   0.0;   6;   13.650;   0;   2.8;  14.6; 1002.09;   19.3;   66.83;   24.9;   14.2;   13.8;eor
       3015;20190608;    3;  15.8;   5.1;    3;   0.0;   6;    8.050;   0;   4.0;  11.0; 1007.32;   18.1;   53.75;   22.3;   12.8;    9.5;eor
       3015;20190609;    3;   7.5;   2.4;    3;   0.0;   6;   11.650;   0;   5.0;   9.5; 1011.15;   19.7;   43.92;   26.1;   11.2;    8.8;eor
       3015;20190610;    1;  20.3;   2.4;    1;  18.2;   6;    7.900;   0;   7.1;  14.8; 1001.09;   23.4;   51.54;   29.5;   16.4;   15.8;eor
       3015;20190611;    1;  13.0;   2.6;    1;   0.0;   0;   11.933;   0;   5.5;  20.5;  997.41;   23.2;   73.54;   29.7;   16.4;   15.8;eor
       3015;20190612;    1;  16.3;   3.2;    1;   0.9;   6;   10.433;   0;   6.0;  18.0;  996.03;   23.7;   65.13;   33.4;   16.2;   15.9;eor
       3015;20190613;    1;   8.7;   2.1;    1;   0.1;   6;   10.233;   0;   3.7;  14.2; 1002.69;   19.7;   64.71;   25.6;   14.9;   14.4;eor
       3015;20190614;    1;   9.3;   2.5;    1;   0.8;   6;   12.900;   0;   4.0;  14.0; 1005.41;   23.7;   51.17;   29.8;   15.0;   12.5;eor
       3015;20190615;    1;  13.5;   4.9;    1;   0.0;   0;   12.717;   0;   5.3;  18.1;  999.19;   25.9;   55.96;   33.0;   19.2;   18.7;eor
       3015;20190616;    1;   8.7;   3.4;    1;   0.0;   6;    6.833;   0;   5.5;  13.9; 1006.90;   18.7;   65.54;   22.9;   14.1;   11.9;eor
       3015;20190617;    1;   5.6;   1.6;    1;   0.1;   6;    8.917;   0;   3.8;  13.6; 1009.25;   20.6;   59.29;   26.6;   13.3;   10.9;eor
       3015;20190618;    1;   9.6;   3.1;    1;   0.0;   0;   15.417;   0;   2.0;  12.2; 1004.99;   23.7;   44.17;   29.4;   16.8;   14.7;eor
       3015;20190619;    1;   8.1;   2.7;    1;   0.0;   6;   11.250;   0;   5.4;  14.4;  997.97;   25.0;   48.17;   31.9;   17.8;   16.6;eor
       3015;20190620;    1;  28.5;   2.4;    1;  35.1;   6;    9.083;   0;   5.3;  17.7;  998.33;   21.5;   70.83;   27.2;   14.7;   14.9;eor
       3015;20190621;    1;   9.9;   2.9;    1;   0.0;   0;   11.733;   0;   4.3;  15.5; 1004.48;   19.5;   71.04;   24.9;   15.0;   13.3;eor
       3015;20190622;    1;   8.3;   2.5;    1;   0.0;   0;   14.167;   0;   2.3;  13.2; 1009.14;   20.4;   57.71;   25.9;   14.0;   12.4;eor
       3015;20190623;    1;   7.9;   2.6;    1;   0.0;   0;   15.333;   0;   1.5;  12.2; 1009.78;   21.0;   51.38;   27.4;   13.2;   11.8;eor
       3015;20190624;    1;   8.8;   2.9;    1;   0.0;   0;   15.233;   0;   3.2;  11.2; 1011.63;   23.3;   40.83;   29.3;   16.6;   14.5;eor
       3015;20190625;    1;   8.7;   2.9;    1;   0.0;   0;   14.950;   0;   5.0;  14.4; 1009.88;   26.9;   42.04;   33.2;   19.5;   17.9;eor
       3015;20190626;    1;  11.8;   3.7;    1;   0.0;   0;   14.767;   0;   2.4;  19.4; 1007.15;   29.1;   50.08;   35.8;   22.2;   20.8;eor
       3015;20190627;    1;  10.8;   4.1;    1;   0.0;   0;   15.033;   0;   1.0;  12.6; 1010.09;   20.4;   54.00;   25.0;   15.5;   13.9;eor
       3015;20190628;    1;   8.6;   2.6;    1;   0.0;   0;   11.133;   0;   3.3;  12.9; 1011.22;   18.2;   63.71;   24.3;   12.1;   10.0;eor
       3015;20190629;    1;   7.1;   1.9;    1;   0.0;   0;   15.217;   0;   0.5;  12.2; 1008.37;   22.8;   46.46;   30.3;   13.9;   11.8;eor
       3015;20190630;    1;-999;-999;    1;   0.0;   0;   14.100;   0;   1.1;  12.7; 1000.92;   28.5;   36.71;   36.9;   17.5;   15.7;eor
       3015;20190701;    1;-999;   3.9;    1;   0.8;   6;    9.383;   0;   4.3;  13.0; 1001.63;   22.4;   48.79;   27.9;   17.9;   15.4;eor
       3015;20190702;    1;  13.0;   5.0;    1;   0.0;   0;   11.483;   0;   2.4;  10.4; 1006.17;   17.7;   52.00;   22.0;   11.0;    8.0;eor
       3015;20190703;    1;  11.2;   3.6;    1;   0.0;   0;    8.483;   0;   3.7;   9.3; 1009.59;   14.9;   56.96;   19.5;    8.7;    5.8;eor
       3015;20190704;    1;  10.0;   3.6;    1;   0.0;   6;   12.667;   0;   4.5;   9.0; 1008.71;   16.6;   49.96;   22.3;    9.4;    6.5;eor
       3015;20190705;    1;  13.6;   4.2;    1;   0.0;   6;    0.500;   0;   7.1;  12.0; 1001.78;   18.0;   57.92;   21.0;   13.9;   11.3;eor
       3015;20190706;    1;-999;   3.2;    1;   6.4;   6;    4.000;   0;   7.0;  14.1;  996.80;   18.3;   69.00;   24.4;   13.1;   11.3;eor
       3015;20190707;    1;  12.1;   4.5;    1;   0.0;   0;    3.750;   0;   6.3;  10.9;  998.08;   14.7;   66.88;   18.8;   11.2;   10.4;eor
       3015;20190708;    1;  12.9;   4.4;    1;   0.1;   6;    1.850;   0;   7.0;  10.3; 1002.38;   14.1;   64.21;   17.7;   10.9;   10.0;eor
       3015;20190709;    1;  10.4;   4.0;    1;   0.0;   6;    5.983;   0;   4.6;  10.4; 1004.05;   14.2;   65.38;   18.8;    9.8;    8.7;eor
