STATIONS_ID;MESS_DATUM;QN_3;  FX;  FM;QN_4; RSK;RSKF; SDK;SHK_TAG;  NM; VPM;  PM; TMK; UPM; TXK; TNK; TGK;eor
       1832;20180105;   10;  27.5;  12.6;    3;   7.5;   4;    0.000;-999;   7.6;   6.4;  840.24;    0.6;  100.00;    2.8;   -1.6;-999;eor
       1832;20180106;   10;  12.0;   5.8;    3;   0.0;   0;    7.483;-999;   7.0;   6.6;  846.07;    2.1;   92.71;    4.0;    0.2;-999;eor
       1832;20180107;   10;  14.1;   5.1;    3;   0.0;   0;    2.117;-999;   7.8;   5.5;  854.53;    1.7;   80.63;    4.7;   -0.9;-999;eor
       1832;20180108;   10;  14.2;   6.5;    3;   0.0;   0;    3.800;-999;   5.2;   5.1;  857.70;    1.9;   74.00;    6.5;   -0.6;-999;eor
       1832;20180109;   10;  23.1;  12.0;    3;   0.0;   0;    2.250;-999;   5.7;   5.9;  852.01;    3.6;   74.25;    5.6;    2.1;-999;eor
       1832;20180110;   10;   9.8;   4.2;    3;   0.0;   0;    6.617;-999;   6.0;   4.8;  849.28;    1.1;   72.58;    3.3;   -1.0;-999;eor
       1832;20180111;   10;   6.4;   3.5;    3;   0.0;   7;    7.167;-999;   5.7;   4.3;  850.81;   -0.7;   74.04;    1.6;   -2.7;-999;eor
       1832;20180112;   10;   7.4;   3.7;    3;   0.3;   8;    0.717;-999;   6.7;   4.7;  857.23;   -2.8;   94.92;   -1.4;   -4.8;-999;eor
       1832;20180113;   10;   9.7;   5.2;    3;   0.0;   7;    0.983;-999;   8.0;   3.8;  856.65;   -5.7;   95.08;   -4.0;   -8.3;-999;eor
       1832;20180114;   10;  10.0;   4.3;    3;   0.0;   7;    0.000;-999;   8.0;   3.3;  853.67;   -7.4;   93.67;   -6.9;   -8.0;-999;eor
       1832;20180115;   10;  18.6;   5.9;    3;   5.3;   7;    4.450;-999;   6.7;   3.4;  849.88;   -6.2;   87.75;   -3.3;   -9.0;-999;eor
       1832;20180116;   10;  28.7;  13.1;    3;  17.4;   4;    0.000;-999;   7.8;   4.7;  834.85;   -3.3;   97.79;   -1.3;   -5.4;-999;eor
       1832;20180117;   10;  31.9;  14.6;    3;  20.1;   7;    0.000;-999;   7.7;  -999;  835.16;   -6.2;-999;   -4.9;   -7.5;-999;eor
       1832;20180118;   10;  39.0;  16.2;    3;  45.6;   7;    0.000;-999;   7.8;  -999;  838.23;   -4.3;-999;   -1.4;   -6.7;-999;eor
       1832;20180119;   10;  25.1;  11.7;    3;   7.7;   7;    0.000;-999;   7.8;  -999;  842.02;   -5.3;-999;   -3.9;   -6.5;-999;eor
       1832;20180120;   10;  18.1;   8.8;    3;  15.4;   7;    0.000;-999;   7.6;   3.6;  841.18;   -6.1;   93.04;   -5.4;   -7.0;-999;eor
       1832;20180121;   10;  16.7;   6.6;    3;  16.0;   7;    0.000;-999;   7.3;   3.4;  843.29;   -6.8;   92.88;   -5.7;  -10.3;-999;eor
       1832;20180122;   10;  23.5;   9.7;    3;   3.5;   8;    0.000;-999;   7.8;   4.0;  845.55;   -5.5;   94.83;   -1.5;   -9.7;-999;eor
       1832;20180123;   10;  20.6;  10.9;    3;   0.3;   8;    0.000;-999;   8.0;   4.8;  856.17;   -3.1;   99.08;   -2.6;   -3.8;-999;eor
       1832;20180124;   10;  19.2;  11.4;    3;   1.2;   4;    0.000;-999;   8.0;   6.1;  858.42;    1.1;   93.00;    5.1;   -3.0;-999;eor
       1832;20180125;   10;  20.2;  10.1;    3;   0.0;   0;    5.767;-999;   8.0;   5.2;  854.10;    2.8;   69.42;    4.5;    0.7;-999;eor
       1832;20180126;   10;  10.6;   4.8;    3;   0.0;   0;    6.400;-999;   6.5;   5.1;  853.90;    2.9;   67.21;    5.6;    1.0;-999;eor
       1832;20180127;   10;  18.0;   3.0;    3;   0.0;   7;    3.883;-999;   5.0;   5.1;  862.26;   -0.4;   86.00;    3.2;   -3.0;-999;eor
       1832;20180128;   10;  25.0;  14.6;    3;   0.5;   8;    0.000;-999;   7.9;   5.5;  864.15;   -1.3;   99.29;   -0.1;   -2.4;-999;eor
       1832;20180129;   10;  27.9;  15.3;    3;   9.1;   4;    0.650;-999;   8.0;   6.0;  860.80;   -0.3;   99.50;    0.0;   -0.8;-999;eor
       1832;20180130;   10;  28.5;  11.3;    3;   0.2;   8;    5.900;-999;   5.8;   4.7;  859.58;   -2.9;   94.58;    0.0;   -4.8;-999;eor
       1832;20180131;   10;  23.0;   9.5;    3;  -999;-999;    1.167;-999;   7.9;   5.2;  849.47;   -1.8;   96.71;   -0.5;   -3.7;-999;eor
       1832;20180201;   10;  21.0;   9.5;    3;  -999;   8;    0.000;-999;   7.6;   4.6;  838.96;   -3.5;   95.63;   -1.0;   -6.7;-999;eor
       1832;20180202;   10;  15.6;   8.4;    3;   0.6;   7;    0.000;-999;   7.7;   3.6;  840.86;   -6.2;   93.21;   -5.7;   -7.0;-999;eor
       1832;20180203;   10;  14.3;   6.6;    3;   2.2;   7;    0.000;-999;   7.6;   3.5;  839.97;   -6.4;   93.17;   -5.8;   -8.5;-999;eor
       1832;20180204;   10;   7.4;   3.1;    3;   0.6;   7;    6.267;-999;   6.7;   3.2;  847.42;   -7.6;   90.92;   -2.7;   -9.8;-999;eor
       1832;20180205;   10;   8.7;   4.5;    3;   0.0;   7;    4.783;-999;   7.7;   2.9;  853.37;   -8.8;   92.08;   -7.8;  -10.1;-999;eor
       1832;20180206;   10;   7.1;   3.6;    3;   0.0;   0;    8.967;-999;   5.3;   2.6;  847.22;   -5.8;   65.71;   -1.0;  -10.8;-999;eor
       1832;20180207;   10;  12.5;   5.1;    3;   2.6;   7;    0.767;-999;   7.1;   3.4;  844.57;   -4.3;   78.21;   -0.2;   -8.0;-999;eor
       1832;20180208;   10;   7.5;   2.9;    3;   0.5;   7;    1.300;-999;   7.9;   3.2;  849.19;   -6.9;   87.33;   -5.2;   -8.1;-999;eor
       1832;20180209;   10;   5.4;   1.9;    3;   0.0;   7;    6.017;-999;   4.1;   3.0;  848.57;   -6.6;   81.79;   -3.7;   -9.5;-999;eor
       1832;20180210;   10;  13.3;   5.5;    3;  -999;   7;    0.000;-999;   7.8;   3.2;  848.05;   -7.7;   93.04;   -6.8;   -8.9;-999;eor
       1832;20180211;   10;  20.0;   8.9;    3;  -999;   7;    0.017;-999;   7.9;   3.6;  842.30;   -6.4;   93.92;   -4.9;   -7.4;-999;eor
       1832;20180212;   10;  17.6;   8.2;    3;  -999;   7;    0.117;-999;   7.8;   3.4;  845.30;   -7.0;   93.29;   -5.2;   -9.2;-999;eor
       1832;20180213;   10;  10.4;   3.3;    3;  -999;   7;    3.867;-999;   4.4;   2.6;  847.75;   -9.3;   84.79;   -6.0;  -11.0;-999;eor
       1832;20180214;   10;   7.6;   3.5;    3;  -999;   7;    1.300;-999;   3.8;   2.6;  849.27;   -9.6;   86.46;   -7.5;  -11.1;-999;eor
       1832;20180215;   10;  14.7;   7.6;    3;  -999;   8;    1.867;-999;   6.6;   2.7;  851.48;   -7.9;   77.29;   -1.3;  -11.4;-999;eor
       1832;20180216;   10;  11.9;   6.4;    3;  -999;   7;    0.367;-999;   5.2;   4.3;  856.60;   -3.8;   92.92;   -1.2;   -6.8;-999;eor
       1832;20180217;   10;  12.4;   5.6;    3;  -999;   7;    0.150;-999;   6.5;   2.9;  853.31;   -6.5;   79.13;   -3.9;   -7.7;-999;eor
       1832;20180218;   10;  11.0;   5.2;    3;  -999;   7;    0.317;-999;   6.9;   3.1;  856.45;   -7.6;   90.29;   -5.8;   -9.7;-999;eor
       1832;20180219;   10;  10.5;   5.4;    3;  -999;   7;    8.700;-999;   5.2;   2.5;  851.03;   -5.9;   63.83;   -2.1;  -10.2;-999;eor
       1832;20180220;   10;  11.0;   3.9;    3;  -999;   8;    0.000;-999;   7.8;   3.1;  847.22;   -8.1;   92.42;   -6.4;   -9.7;-999;eor
       1832;20180221;   10;  16.0;   7.7;    3;  -999;   7;    5.500;-999;   6.7;   2.5;  849.52;   -9.1;   81.46;   -6.9;  -11.1;-999;eor
       1832;20180222;   10;  17.4;   9.3;    3;  -999;   7;    0.100;-999;   7.8;   2.3;  848.13;  -11.2;   89.29;   -9.8;  -11.9;-999;eor
       1832;20180223;   10;  15.8;   7.4;    3;  -999;   7;    2.700;-999;   7.2;   2.3;  848.18;  -11.3;   88.38;   -9.5;  -12.8;-999;eor
       1832;20180224;   10;  20.3;   9.7;    3;  -999;   7;    6.500;-999;   4.2;   1.6;  850.42;  -12.6;   69.42;   -9.2;  -17.0;-999;eor
       1832;20180225;   10;  15.6;   7.3;    3;  -999;   7;    7.700;-999;   3.0;   1.2;  850.81;  -17.3;   78.63;  -14.9;  -19.9;-999;eor
       1832;20180226;   10;  16.5;   8.3;    3;  -999;   7;-999;-999;   7.8;   1.1;  846.82;  -19.1;   84.00;  -16.9;  -20.5;-999;eor
       1832;20180227;   10;  11.8;   5.6;    3;  -999;   7;-999;-999;   7.8;   1.1;  843.08;  -19.7;   84.21;  -16.3;  -21.7;-999;eor
       1832;20180228;   10;  16.9;   7.2;    3;  -999;   7;-999;-999;   7.7;   1.1;  844.96;  -19.4;   83.21;  -15.9;  -21.7;-999;eor
       1832;20180301;   10;  15.2;   7.0;    3;  -999;   7;-999;-999;   7.3;   1.3;  839.13;  -10.8;   52.46;   -3.3;  -16.6;-999;eor
       1832;20180302;   10;   9.8;   4.1;    3;  -999;   7;-999;-999;   5.3;   1.9;  831.93;   -5.0;   48.79;   -0.3;  -11.2;-999;eor
       1832;20180303;   10;  11.2;   4.0;    3;  -999;   7;-999;-999;   5.6;   3.4;  833.97;   -5.7;   85.13;   -1.2;  -10.8;-999;eor
       1832;20180304;   10;  12.4;   5.2;    3;  -999;   7;-999;-999;   6.9;   4.4;  837.95;   -2.7;   87.46;    1.3;   -6.0;-999;eor
       1832;20180305;   10;  11.3;   5.1;    3;  -999;   7;-999;-999;   7.9;   4.4;  835.53;    1.0;   66.08;    3.1;   -1.5;-999;eor
       1832;20180306;   10;  20.4;   4.8;    3;  -999;   8;-999;-999;   7.9;   4.5;  829.01;   -2.5;   88.08;    1.3;   -5.8;-999;eor
       1832;20180307;   10;  18.4;  10.7;    3;  -999;   8;-999;-999;   8.0;   5.1;  834.10;   -2.2;   98.08;   -1.3;   -3.4;-999;eor
       1832;20180308;   10;  18.7;   9.8;    3;  -999;   7;    1.200;-999;   6.8;   4.5;  842.10;   -3.0;   91.67;   -1.7;   -4.2;-999;eor
       1832;20180309;   10;  18.1;  10.5;    3;  -999;   8;    0.000;-999;   7.8;   5.1;  845.41;   -1.7;   95.00;    1.0;   -4.0;-999;eor
       1832;20180310;   10;  14.2;   8.4;    3;  -999;-999;    1.217;-999;   7.8;   6.3;  845.45;    1.8;   91.13;    3.6;   -0.2;-999;eor
       1832;20180311;   10;  12.3;   7.2;    3;  -999;-999;    6.800;-999;   7.1;   6.3;  840.60;    5.3;   71.63;    7.9;    2.3;-999;eor
       1832;20180312;   10;  22.6;  10.3;    3;  -999;-999;    0.000;-999;   7.8;   6.7;  835.34;    2.0;   95.96;    6.1;    0.3;-999;eor
       1832;20180313;   10;  20.8;  11.8;    3;  -999;   8;    0.017;-999;   7.8;   5.9;  841.51;   -0.5;   99.79;    0.3;   -2.3;-999;eor
       1832;20180314;   10;  18.7;   6.4;    3;  -999;   8;    0.117;-999;   7.5;   4.5;  845.80;   -3.4;   95.29;   -2.3;   -5.5;-999;eor
       1832;20180315;   10;  13.6;   6.5;    3;  -999;   7;   10.450;-999;   4.1;   4.2;  839.82;   -1.7;   77.08;    3.1;   -5.5;-999;eor
       1832;20180316;   10;  17.5;   8.6;    3;  -999;   8;    0.133;-999;   7.8;   5.9;  838.65;   -0.2;   98.42;    2.0;   -0.9;-999;eor
       1832;20180317;   10;  13.3;   5.8;    3;  -999;   7;    1.567;-999;   7.9;   3.9;  836.41;   -5.9;   94.08;   -0.8;  -12.1;-999;eor
       1832;20180318;   10;  17.5;   7.9;    3;  -999;   7;    0.000;-999;   8.0;   2.1;  837.07;  -12.3;   88.54;   -8.8;  -13.4;-999;eor
       1832;20180319;   10;   8.2;   3.0;    3;  -999;   7;    0.150;-999;   7.9;   2.2;  840.15;  -12.1;   89.25;   -9.2;  -13.8;-999;eor
       1832;20180320;   10;  11.8;   5.2;    3;  -999;   7;    9.667;-999;   6.5;   2.3;  845.23;  -10.0;   79.75;   -6.3;  -13.6;-999;eor
       1832;20180321;   10;  14.0;   4.9;    3;  -999;   7;    7.567;-999;   4.6;   2.4;  854.82;   -8.8;   76.67;   -5.6;  -10.2;-999;eor
       1832;20180322;   10;  15.0;   8.1;    3;  -999;   7;    4.017;-999;   7.0;   2.6;  849.47;   -8.0;   78.08;   -5.8;  -10.0;-999;eor
       1832;20180323;   10;   9.6;   4.1;    3;  -999;   7;    0.000;-999;   7.7;   4.0;  842.31;   -5.0;   94.33;   -3.9;   -6.6;-999;eor
       1832;20180324;   10;   9.2;   4.1;    3;  -999;   0;    7.600;-999;   7.8;   3.6;  839.65;   -3.8;   77.54;   -0.8;   -6.3;-999;eor
       1832;20180325;   10;   6.9;   3.4;    3;  -999;   0;   11.867;-999;   1.4;   4.0;  843.15;   -0.3;   66.67;    3.4;   -4.1;-999;eor
       1832;20180326;   10;   8.9;   4.1;    3;  -999;   7;    0.450;-999;   6.9;   4.3;  847.34;   -2.3;   84.29;   -0.6;   -3.5;-999;eor
       1832;20180327;   10;  10.8;   5.2;    3;  -999;   8;    1.750;-999;   7.7;   4.4;  848.34;   -3.3;   91.92;   -1.8;   -4.2;-999;eor
       1832;20180328;   10;  25.3;   9.0;    3;  -999;-999;    0.000;-999;   7.9;   5.6;  842.46;   -1.1;   98.13;    2.0;   -3.9;-999;eor
       1832;20180329;   10;  23.7;   9.2;    3;  -999;   7;    1.800;-999;   7.5;   5.0;  842.76;   -2.2;   95.08;    1.5;   -4.4;-999;eor
       1832;20180330;   10;  17.9;   6.8;    3;  -999;   8;    6.683;-999;   6.5;   5.4;  842.50;    1.1;   82.25;    5.0;   -3.4;-999;eor
       1832;20180331;   10;  21.9;   7.8;    3;  -999;-999;    0.033;-999;   7.7;   6.0;  836.13;    0.1;   97.08;    4.9;   -2.6;-999;eor
       1832;20180401;   10;  25.0;  14.7;    3;  -999;   8;    0.400;-999;   7.7;   5.1;  840.86;   -2.4;   98.54;   -1.5;   -3.2;-999;eor
       1832;20180402;   10;  18.0;   8.2;    3;  -999;   0;    7.333;-999;   7.3;   5.1;  847.49;   -1.1;   90.21;    5.3;   -3.9;-999;eor
       1832;20180403;   10;  19.8;   7.8;    3;  -999;   0;    8.583;-999;   7.5;   7.5;  847.50;    6.6;   76.29;    9.4;    2.0;-999;eor
       1832;20180404;   10;  21.2;   6.4;    3;  -999;   0;    9.283;-999;   6.8;   8.2;  846.64;    7.4;   78.83;   10.6;    2.2;-999;eor
       1832;20180405;   10;  23.2;  11.1;    3;  -999;   8;    0.483;-999;   7.1;   6.2;  849.50;    0.9;   94.58;    3.9;   -2.6;-999;eor
       1832;20180406;   10;  11.8;   4.9;    3;  -999;   0;   12.150;-999;   4.4;  -999;  856.78;    0.1;-999;    4.8;   -4.7;-999;eor
       1832;20180407;   10;  15.8;   7.4;    3;  -999;   0;   12.350;-999;   0.0;  -999;  854.17;    7.7;-999;   12.7;    3.6;-999;eor
       1832;20180408;   10;   9.2;   3.1;    3;   0.0;   0;   12.433;-999;   0.1;  -999;  849.58;    7.9;-999;   11.2;    3.9;-999;eor
       1832;20180409;   10;  13.9;   5.1;    3;   0.0;   0;    8.817;-999;  -999;  -999;  847.08;   10.4;-999;   13.3;    7.3;-999;eor
       1832;20180410;   10;  13.8;   5.0;    3;   7.8;   4;    4.533;-999;   6.0;  -999;  844.36;    7.2;-999;   11.0;    4.8;-999;eor
       1832;20180411;   10;  14.9;   3.7;    3;   0.0;   0;    4.917;-999;   6.9;  -999;  846.08;    6.7;-999;    9.5;    3.7;-999;eor
       1832;20180412;   10;  20.5;  10.1;    3;   0.0;   4;    5.000;-999;   7.9;  -999;  843.62;    8.0;-999;   11.5;    5.5;-999;eor
       1832;20180413;   10;  23.9;   9.0;    3;   2.0;   8;    3.400;-999;   7.8;  -999;  847.13;    4.5;-999;    9.6;    0.9;-999;eor
       1832;20180414;   10;  12.5;   5.3;    3;   0.0;   0;   12.433;-999;   6.0;  -999;  857.38;    5.9;-999;   10.6;    0.9;-999;eor
       1832;20180415;   10;  11.9;   5.9;    3;   3.0;   4;    3.517;-999;   8.0;  -999;  852.70;    9.5;-999;   11.5;    7.6;-999;eor
       1832;20180416;   10;  13.6;   6.0;    3;   6.0;   4;    0.000;-999;   7.5;  -999;  852.68;    5.8;-999;    8.6;    4.1;-999;eor
       1832;20180417;   10;   9.2;   4.2;    3;   0.0;   0;   10.717;-999;   1.5;  -999;  862.90;    7.1;-999;   11.7;    3.9;-999;eor
       1832;20180418;   10;   7.1;   3.6;    3;   0.0;   0;   13.150;-999;   2.2;  -999;  869.11;    9.9;-999;   13.2;    6.6;-999;eor
       1832;20180419;   10;  10.0;   4.2;    3;   0.0;   0;   13.150;-999;   3.6;   5.7;  868.13;   11.7;   41.83;   16.7;    7.6;-999;eor
       1832;20180420;   10;  11.5;   5.6;    3;   0.0;   0;   12.950;-999;   6.8;   6.4;  864.59;   14.3;   39.50;   18.9;   10.2;-999;eor
       1832;20180421;   10;   9.1;   3.6;    3;   0.0;   0;   13.233;-999;   4.0;   6.6;  860.06;   15.2;   39.63;   19.6;    9.6;-999;eor
       1832;20180422;   10;  13.6;   3.7;    3;   4.1;   4;   11.083;-999;   6.5;   9.1;  857.19;   13.7;   58.79;   18.4;    9.2;-999;eor
       1832;20180423;   10;  21.1;   8.7;    3;   1.8;   4;    4.400;-999;   7.9;   9.4;  855.65;   10.7;   74.00;   15.2;    7.3;-999;eor
       1832;20180424;   10;  20.4;   8.8;    3;   0.0;   0;    7.433;-999;   7.6;   8.8;  855.99;    7.9;   83.42;   12.1;    4.4;-999;eor
       1832;20180425;   10;  20.0;  10.7;    3;   0.1;   4;    5.100;-999;   7.1;   8.4;  852.25;    8.4;   76.13;   13.4;    4.6;-999;eor
       1832;20180426;   10;  20.1;   9.6;    3;   0.0;   8;    4.483;-999;   5.9;   5.8;  853.43;    2.8;   76.88;    5.9;    0.3;-999;eor
       1832;20180427;   10;  11.1;   5.0;    3;   0.0;   0;   11.667;-999;   7.0;   5.6;  852.55;    6.5;   57.75;   12.0;    0.3;-999;eor
       1832;20180428;   10;  11.2;   4.5;    3;   0.0;   0;   12.933;-999;   3.9;   7.8;  852.93;   11.9;   56.25;   17.2;    6.7;-999;eor
       1832;20180429;   10;  17.7;   5.8;    3;   0.0;   0;   13.450;-999;   5.0;   7.8;  849.79;   14.5;   47.92;   18.6;   10.9;-999;eor
       1832;20180430;   10;  20.1;   8.4;    3;   0.0;   4;    9.200;-999;   4.3;   6.8;  845.83;    8.6;   61.17;   12.5;    3.5;-999;eor
       1832;20180501;   10;  15.1;   5.3;    3;   0.0;   0;    7.017;-999;   6.1;   6.4;  850.53;    5.3;   72.00;   10.4;    3.0;-999;eor
       1832;20180502;   10;  12.0;   4.9;    3;   0.0;   0;    9.100;-999;   7.1;   8.2;  850.53;    9.6;   68.50;   15.5;    2.5;-999;eor
       1832;20180503;   10;  14.6;   5.5;    3;   1.1;   4;    2.633;-999;   7.6;  10.5;  851.83;    8.8;   92.42;   11.8;    4.8;-999;eor
       1832;20180504;   10;  13.5;   6.6;    3;   0.0;   4;    6.617;-999;   6.3;   9.3;  856.93;    7.4;   89.96;   11.7;    4.9;-999;eor
       1832;20180505;   10;  12.5;   6.3;    3;   0.0;   0;   12.233;-999;   3.5;   9.0;  860.23;    8.7;   80.33;   13.8;    5.4;-999;eor
       1832;20180506;   10;  13.7;   6.0;    3;   0.0;   0;   14.167;-999;   0.0;   5.7;  860.44;    8.3;   52.88;   12.2;    5.7;-999;eor
       1832;20180507;   10;  14.3;   5.7;    3;   0.0;   0;   14.133;-999;   0.0;   6.5;  857.88;    9.6;   56.42;   15.0;    4.6;-999;eor
       1832;20180508;   10;  14.5;   5.8;    3;   0.0;   4;   12.317;-999;   3.6;   7.8;  852.33;    9.7;   65.42;   14.5;    6.0;-999;eor
       1832;20180509;   10;  10.6;   3.7;    3;   2.6;   4;    8.450;-999;   5.1;   8.8;  848.92;    9.9;   72.58;   15.5;    5.8;-999;eor
       1832;20180510;   10;  10.8;   4.8;    3;   3.0;   6;    9.017;-999;   7.0;   9.5;  851.15;   10.1;   77.54;   15.3;    6.6;-999;eor
       1832;20180511;   10;   8.3;   3.4;    3;   0.0;   0;    5.017;-999;   6.5;  10.2;  857.16;    9.2;   88.04;   13.3;    6.3;-999;eor
       1832;20180512;   10;  11.5;   3.8;    3;   9.1;   4;    8.417;-999;   4.1;  11.0;  855.74;   11.6;   80.54;   15.4;    9.2;-999;eor
       1832;20180513;   10;  17.7;   5.4;    3;   2.7;   4;    8.683;-999;   3.6;  10.5;  850.59;   12.3;   73.46;   18.1;    9.5;-999;eor
       1832;20180514;   10;  14.4;   5.3;    3;   0.7;   4;    6.800;-999;   7.8;   9.4;  849.36;   10.1;   77.46;   14.9;    5.2;-999;eor
       1832;20180515;   10;  12.9;   5.0;    3;   6.4;   7;    3.233;-999;   7.6;   8.0;  849.73;    5.4;   89.46;   10.6;    3.3;-999;eor
       1832;20180516;   10;   8.8;   4.1;    3;   1.9;   4;    0.367;-999;   7.8;   8.3;  850.26;    4.8;   96.21;    7.1;    3.5;-999;eor
       1832;20180517;   10;  13.7;   6.5;    3;   0.6;   4;    0.100;-999;   8.0;   9.2;  853.24;    5.8;   99.33;    7.7;    4.5;-999;eor
       1832;20180518;   10;   8.4;   4.1;    3;   0.0;   4;    6.750;-999;   6.5;   8.5;  856.86;    8.2;   77.88;   13.1;    4.9;-999;eor
       1832;20180519;   10;  12.1;   3.8;    3;  13.1;   4;    5.950;-999;   6.5;   8.2;  858.10;    7.9;   76.46;   12.5;    5.9;-999;eor
       1832;20180520;   10;  15.9;   5.1;    3;   0.0;   0;   13.383;-999;   6.0;   7.5;  859.10;    8.8;   67.50;   12.8;    5.6;-999;eor
       1832;20180521;   10;  13.7;   5.4;    3;   1.9;   4;    6.617;-999;   3.2;   8.8;  855.80;    9.9;   71.96;   15.2;    6.4;-999;eor
       1832;20180522;   10;   7.9;   3.4;    3;   0.0;   4;    8.533;-999;   5.6;   8.8;  854.06;   12.0;   62.50;   15.9;    9.2;-999;eor
       1832;20180523;   10;   9.0;   3.6;    3;   3.4;   4;    4.533;-999;   7.7;  10.6;  857.27;   12.2;   74.04;   15.1;    9.7;-999;eor
       1832;20180524;   10;  12.3;   5.6;    3;  25.1;   4;    0.183;-999;   7.8;  12.0;  858.50;   10.3;   95.50;   13.6;    8.7;-999;eor
       1832;20180525;   10;   7.0;   3.3;    3;   6.9;   7;    0.450;-999;   6.8;  11.5;  858.95;   10.0;   93.46;   12.4;    8.7;-999;eor
       1832;20180526;   10;   9.2;   4.0;    3;   0.1;   4;    6.667;-999;   5.9;  10.9;  861.38;   12.7;   74.58;   17.3;    9.2;-999;eor
       1832;20180527;   10;   9.1;   3.9;    3;   0.0;   4;    6.517;-999;   5.8;  11.1;  860.74;   14.5;   67.54;   18.2;   11.7;-999;eor
       1832;20180528;   10;  12.2;   4.5;    3;   2.3;   4;    7.267;-999;   5.2;  12.1;  859.41;   15.1;   70.83;   20.3;   12.9;-999;eor
       1832;20180529;   10;  14.1;   5.1;    3;   1.3;   4;   10.733;-999;   4.0;  11.7;  856.74;   16.4;   62.92;   21.3;   12.1;-999;eor
       1832;20180530;   10;   8.7;   3.1;    3;   0.2;   4;    7.217;-999;   5.7;  12.7;  857.16;   14.8;   75.38;   18.2;   11.8;-999;eor
       1832;20180531;   10;   8.9;   3.7;    3;   3.4;   4;    5.017;-999;   7.4;  13.1;  857.18;   15.7;   73.38;   19.6;   14.1;-999;eor
       1832;20180601;   10;   9.2;   4.6;    3;   7.3;   4;    1.800;-999;   7.5;  13.5;  858.36;   12.3;   93.54;   14.7;   10.6;-999;eor
       1832;20180602;   10;  10.7;   5.1;    3;   0.0;   4;    5.483;-999;   6.3;  12.1;  859.01;   12.3;   85.00;   15.6;   10.3;-999;eor
       1832;20180603;   10;   8.1;   3.7;    3;   0.0;   0;   10.817;-999;   2.6;  11.6;  858.50;   13.8;   74.63;   19.0;   10.0;-999;eor
       1832;20180604;   10;   8.8;   3.7;    3;   0.0;   0;   12.167;-999;   1.7;  11.1;  854.11;   15.0;   65.71;   18.9;   11.9;-999;eor
       1832;20180605;   10;   9.5;   4.1;    3;   0.0;   0;    8.700;-999;   3.9;  12.0;  853.22;   14.4;   74.92;   19.8;   11.5;-999;eor
       1832;20180606;   10;  11.5;   4.2;    3;   3.9;   4;    7.883;-999;   5.4;  12.5;  855.39;   14.4;   76.67;   17.8;   12.1;-999;eor
       1832;20180607;   10;   7.4;   3.1;    3;   0.0;   4;    5.483;-999;   6.6;  12.1;  857.20;   14.4;   73.67;   18.1;   12.1;-999;eor
       1832;20180608;   10;   8.2;   3.6;    3;   1.0;   4;    5.867;-999;   7.4;  13.8;  854.96;   14.5;   83.25;   18.9;   11.4;-999;eor
       1832;20180609;   10;  12.0;   3.1;    3;   1.1;   4;    0.617;-999;   7.5;  14.6;  854.32;   14.6;   87.63;   17.2;   12.7;-999;eor
       1832;20180610;   10;  10.5;   5.4;    3;   1.6;   4;    7.317;-999;   5.0;  14.3;  854.24;   14.7;   85.83;   19.2;   11.9;-999;eor
       1832;20180611;   10;  26.4;   4.5;    3;   8.7;   4;    6.500;-999;   6.3;  14.4;  852.90;   15.6;   81.67;   21.5;   10.7;-999;eor
       1832;20180612;   10;  12.3;   4.8;    3;  16.9;   4;    1.550;-999;   7.8;  13.9;  850.26;   12.2;   97.38;   15.7;    9.7;-999;eor
       1832;20180613;   10;  13.9;   6.8;    3;   7.1;   4;    0.000;-999;   7.9;  10.0;  850.38;    7.0;   99.92;    9.8;    4.4;-999;eor
       1832;20180614;   10;  10.1;   3.3;    3;   0.8;   4;    0.000;-999;   7.8;   8.5;  854.98;    5.3;   95.63;    7.1;    3.6;-999;eor
       1832;20180615;   10;   7.6;   3.7;    3;   0.0;   0;    7.417;-999;   5.1;   8.8;  856.73;    9.7;   74.13;   14.4;    5.5;-999;eor
       1832;20180616;   10;   6.4;   2.7;    3;   0.0;   0;    6.083;-999;   4.4;   9.5;  857.25;   12.3;   67.00;   17.0;    8.6;-999;eor
       1832;20180617;   10;  11.6;   5.0;    3;   1.0;   4;    6.500;-999;   7.3;  10.7;  858.08;   12.5;   74.63;   18.5;    9.0;-999;eor
       1832;20180618;   10;  10.0;   4.9;    3;   0.0;   0;    6.467;-999;   6.9;  10.1;  861.14;   11.0;   76.79;   15.2;    8.3;-999;eor
       1832;20180619;   10;  11.5;   4.4;    3;   0.0;   0;    2.350;-999;   6.5;  11.7;  863.56;   11.4;   86.04;   13.6;    8.8;-999;eor
       1832;20180620;   10;   7.6;   2.2;    3;   0.0;   0;    7.150;-999;   5.9;  12.2;  862.88;   14.8;   72.25;   18.1;   11.8;-999;eor
       1832;20180621;   10;  19.1;   6.7;    3;   0.0;   0;   10.183;-999;   4.2;  11.7;  857.05;   14.5;   70.00;   20.1;    4.5;-999;eor
       1832;20180622;   10;  21.6;   9.0;    3;   6.6;   8;    3.950;-999;   5.4;   6.6;  857.84;    2.8;   89.21;    5.6;    0.7;-999;eor
       1832;20180623;   10;  16.0;   8.2;    3;   0.5;   4;    0.933;-999;   7.8;   7.5;  859.37;    3.6;   95.83;    6.3;    2.1;-999;eor
       1832;20180624;   10;  11.2;   5.1;    3;   8.7;   4;    0.917;-999;   7.9;   8.3;  857.92;    5.4;   92.46;    9.0;    3.4;-999;eor
       1832;20180625;   10;   8.9;   4.3;    3;   0.0;   4;    1.500;-999;   7.6;   8.9;  859.21;    7.1;   88.96;   11.1;    4.2;-999;eor
       1832;20180626;   10;  15.1;   5.7;    3;   0.0;   4;    5.733;-999;  -999;   9.4;  860.74;    9.4;   80.13;   13.9;    5.8;-999;eor
       1832;20180627;   10;  15.1;   7.1;    3;   2.1;   4;    4.550;-999;  -999;   9.7;  859.98;    8.2;   89.46;   11.7;    6.3;-999;eor
       1832;20180628;   10;  31.2;  11.8;    3;  18.2;   4;    0.017;-999;   7.8;  11.4;  855.94;    8.9;   99.54;   10.8;    6.9;-999;eor
       1832;20180629;   10;  19.7;   7.4;    3;   0.0;   4;    6.767;-999;   7.0;  12.9;  855.84;   13.3;   84.88;   17.6;   10.2;-999;eor
       1832;20180630;   10;  11.1;   5.4;    3;   0.0;   0;   11.933;-999;   2.0;   8.6;  855.76;   10.9;   66.46;   14.1;    4.5;-999;eor
       1832;20180701;   10;   9.2;   4.6;    3;   0.0;   0;   14.967;-999;   0.8;   6.6;  856.77;    8.0;   61.96;   12.3;    4.5;-999;eor
       1832;20180702;   10;  10.8;   3.3;    3;   0.0;   0;   14.983;-999;   0.3;   6.8;  856.28;   10.3;   54.38;   15.2;    5.3;-999;eor
       1832;20180703;   10;   9.5;   3.4;    3;   0.0;   4;   14.433;-999;   2.1;   7.5;  857.83;   13.7;   48.08;   18.5;    8.9;-999;eor
       1832;20180704;   10;  12.4;   5.5;    3;  28.3;   4;    9.850;-999;   6.3;  11.6;  857.97;   15.2;   67.50;   20.6;   10.6;-999;eor
       1832;20180705;   10;  12.9;   4.3;    3;   2.1;   4;    8.100;-999;  -999;  12.1;  855.91;   15.1;   71.42;   21.4;   10.2;-999;eor
       1832;20180706;   10;  12.1;   4.8;    3;   6.9;   4;    1.633;-999;  -999;  13.0;  857.41;   11.7;   94.38;   14.2;   10.0;-999;eor
       1832;20180707;   10;  11.3;   4.8;    3;   0.0;   0;   11.083;-999;   5.4;   8.7;  860.56;   11.9;   65.13;   16.9;    8.6;-999;eor
       1832;20180708;   10;  11.4;   4.9;    3;   0.0;   0;    8.967;-999;   5.2;   9.0;  860.42;   12.5;   61.92;   17.0;    9.7;-999;eor
       1832;20180709;   10;   9.8;   4.1;    3;   0.7;   4;    4.367;-999;   5.7;  11.5;  859.61;   12.7;   78.33;   16.7;    9.5;-999;eor
       1832;20180710;   10;  22.4;   5.0;    3;   3.7;   4;    3.133;-999;   7.6;  10.7;  855.30;   10.3;   85.83;   14.3;    5.5;-999;eor
       1832;20180711;   10;  12.3;   5.6;    3;   2.7;   4;    5.850;-999;   6.2;   9.5;  854.47;    7.4;   92.21;   11.0;    5.6;-999;eor
       1832;20180712;   10;  12.9;   7.0;    3;   1.4;   4;    4.133;-999;   6.0;  10.1;  856.45;    8.5;   90.67;   12.7;    5.4;-999;eor
       1832;20180713;   10;   9.5;   4.4;    3;   0.0;   4;    6.250;-999;   4.7;  11.1;  859.86;   13.1;   74.25;   17.6;    9.3;-999;eor
       1832;20180714;   10;   9.1;   3.1;    3;   6.6;   7;    7.317;-999;   3.8;  10.4;  859.87;   14.3;   63.96;   18.3;   11.7;-999;eor
       1832;20180715;   10;  10.9;   2.8;    3;  10.1;   8;    5.933;-999;   5.3;   9.9;  858.02;   13.6;   63.29;   17.6;   11.0;-999;eor
       1832;20180716;   10;  11.1;   3.0;    3;   2.0;   4;    3.650;-999;   6.9;  10.7;  855.49;   12.8;   72.00;   15.7;   10.7;-999;eor
       1832;20180717;   10;  16.0;   7.4;    3;   0.0;   4;    8.300;-999;   3.7;  10.5;  855.53;   14.3;   64.88;   18.8;   10.7;-999;eor
       1832;20180718;   10;  16.3;   7.6;    3;   0.0;   0;    9.967;-999;   5.4;  10.3;  857.47;   14.9;   61.04;   19.5;   10.9;-999;eor
       1832;20180719;   10;   8.6;   4.1;    3;   0.0;   0;   13.683;-999;  -999;   9.7;  858.20;   14.5;   59.50;   19.7;    9.6;-999;eor
       1832;20180720;   10;   5.9;   2.4;    3;   0.0;   4;    7.233;-999;   3.9;  10.5;  856.83;   15.6;   59.25;   19.3;   12.0;-999;eor
       1832;20180721;   10;   8.9;   3.8;    3;   2.1;   4;    2.267;-999;   7.4;  12.4;  854.18;   14.3;   76.79;   17.5;   11.3;-999;eor
       1832;20180722;   10;  10.6;   4.8;    3;   2.0;   4;    2.233;-999;   7.9;  13.1;  854.82;   12.1;   92.33;   15.1;    9.1;-999;eor
       1832;20180723;   10;  10.9;   4.9;    3;   5.8;   7;    7.133;-999;   6.0;  12.7;  858.11;   14.1;   79.33;   18.8;   11.2;-999;eor
       1832;20180724;   10;   8.2;   3.5;    3;   0.0;   0;   12.467;-999;   1.6;  11.6;  858.28;   16.9;   60.50;   21.0;   13.2;-999;eor
       1832;20180725;   10;  12.0;   4.8;    3;   0.0;   0;   10.517;-999;   2.3;  12.4;  857.99;   17.6;   61.50;   22.1;   14.2;-999;eor
       1832;20180726;   10;   9.5;   4.7;    3;   0.0;   4;    8.000;-999;   3.7;  12.4;  858.42;   16.0;   68.29;   20.1;   12.8;-999;eor
       1832;20180727;   10;   8.4;   3.3;    3;   0.0;   0;    7.417;-999;   4.6;  13.2;  857.16;   16.9;   68.58;   19.6;   14.1;-999;eor
       1832;20180728;   10;  13.5;   5.1;    3;   0.9;   4;    8.883;-999;   4.2;  13.8;  855.09;   17.6;   69.17;   22.9;   14.5;-999;eor
       1832;20180729;   10;   8.8;   2.7;    3;   0.0;   4;    5.100;-999;   7.7;  13.8;  858.77;   17.2;   71.29;   21.2;   13.4;-999;eor
       1832;20180730;   10;   6.8;   2.2;    3;   0.0;   4;    8.767;-999;   3.7;  13.8;  860.54;   19.3;   61.88;   22.9;   16.1;-999;eor
       1832;20180731;   10;   6.3;   2.4;    3;   0.0;   0;    9.600;-999;   2.4;  13.0;  861.31;   21.1;   52.42;   25.8;   17.3;-999;eor
       1832;20180801;   10;   9.6;   3.5;    3;   0.0;   4;   12.083;-999;   2.8;  13.1;  862.00;   21.6;   51.17;   24.9;   18.2;-999;eor
       1832;20180802;   10;  13.0;   4.5;    3;   0.0;   4;    5.350;-999;   6.2;  15.7;  863.34;   19.2;   70.54;   23.1;   16.8;-999;eor
       1832;20180803;   10;   6.8;   3.0;    3;   0.0;   4;    9.483;-999;   4.0;  14.7;  863.47;   20.1;   62.42;   24.2;   16.6;-999;eor
       1832;20180804;   10;   7.4;   2.9;    3;   6.6;   4;    3.583;-999;   5.8;  15.0;  861.54;   19.5;   66.17;   22.6;   16.9;-999;eor
       1832;20180805;   10;  10.6;   3.8;    3;   0.0;   0;   10.533;-999;   1.7;  14.2;  861.12;   18.0;   69.13;   22.5;   12.5;-999;eor
       1832;20180806;   10;  11.1;   2.6;    3;   0.0;   0;   12.517;-999;   5.3;  11.8;  860.60;   17.4;   60.54;   22.3;   12.2;-999;eor
       1832;20180807;   10;  14.4;   3.4;    3;   0.5;   4;   12.467;-999;   6.9;  12.1;  858.50;   19.8;   52.54;   25.9;   15.5;-999;eor
       1832;20180808;   10;  10.8;   4.1;    3;   0.0;   0;   12.283;-999;   3.2;  13.1;  858.26;   19.8;   56.38;   24.1;   15.3;-999;eor
       1832;20180809;   10;  15.6;   4.7;    3;   3.3;   4;   12.850;-999;   4.4;  13.1;  858.48;   19.5;   59.04;   24.5;   12.4;-999;eor
       1832;20180810;   10;  15.5;   5.6;    3;   8.3;   4;    0.233;-999;   7.8;  11.3;  862.52;   10.5;   88.08;   12.8;    8.3;-999;eor
       1832;20180811;   10;  13.5;   4.5;    3;   0.0;   0;   10.850;-999;   5.0;   8.9;  862.47;   11.9;   63.58;   15.4;    9.6;-999;eor
       1832;20180812;   10;   8.1;   3.4;    3;   0.0;   0;   13.550;-999;   6.1;   8.4;  859.15;   14.6;   50.83;   19.7;    9.8;-999;eor
       1832;20180813;   10;  16.9;   6.6;    3;   3.1;   4;    9.450;-999;   3.6;  12.3;  854.23;   16.4;   67.42;   22.8;   10.5;-999;eor
       1832;20180814;   10;  13.0;   7.4;    3;   0.0;   4;    3.683;-999;   7.5;  12.2;  855.49;   11.3;   90.92;   14.7;    9.9;-999;eor
       1832;20180815;   10;   9.1;   4.0;    3;   0.0;   0;    4.417;-999;   6.0;  11.8;  860.32;   12.3;   83.21;   17.6;    9.1;-999;eor
       1832;20180816;   10;   6.3;   2.9;    3;   0.0;   0;    7.567;-999;   5.0;  11.4;  859.74;   14.6;   69.08;   18.9;   11.4;-999;eor
       1832;20180817;   10;  10.3;   2.9;    3;   0.0;   0;    8.717;-999;   5.3;  10.6;  858.40;   16.6;   56.50;   21.3;   12.7;-999;eor
       1832;20180818;   10;   8.4;   3.1;    3;  24.4;   7;    7.933;-999;   6.5;  11.6;  861.89;   16.5;   61.79;   20.1;   12.3;-999;eor
       1832;20180819;   10;   7.6;   3.0;    3;   0.0;   0;   13.083;-999;   3.3;  11.7;  862.61;   18.5;   54.83;   22.3;   15.6;-999;eor
       1832;20180820;   10;  11.7;   5.1;    3;   0.0;   0;   11.600;-999;   2.5;  11.9;  861.05;   17.4;   60.38;   21.7;   13.5;-999;eor
       1832;20180821;   10;   6.5;   3.0;    3;   0.0;   0;    5.917;-999;   4.2;  13.1;  861.59;   15.9;   73.17;   19.8;   12.7;-999;eor
       1832;20180822;   10;   8.6;   2.8;    3;   0.0;   0;    9.600;-999;   3.3;  12.3;  860.76;   18.6;   57.75;   22.5;   15.2;-999;eor
       1832;20180823;   10;  13.8;   3.0;    3;   0.0;   4;    6.783;-999;   5.6;  13.2;  857.65;   18.5;   62.21;   22.9;   12.8;-999;eor
       1832;20180824;   10;  13.2;   7.1;    3;   3.2;   4;    0.950;-999;   7.8;  13.3;  853.76;   11.8;   95.33;   14.6;    7.3;-999;eor
       1832;20180825;   10;  14.6;   7.2;    3;   1.0;   4;    1.050;-999;   7.7;   9.0;  852.56;    5.9;   96.25;    7.9;    4.5;-999;eor
       1832;20180826;   10;   9.6;   4.6;    3;   0.0;   0;    6.517;-999;   7.0;   7.0;  855.34;    6.0;   75.83;    9.7;    3.0;-999;eor
       1832;20180827;   10;  12.3;   6.2;    3;   0.0;   4;   10.750;-999;   3.9;   7.6;  856.57;    9.6;   63.83;   14.2;    4.3;-999;eor
       1832;20180828;   10;  11.9;   4.2;    3;   0.0;   0;    7.350;-999;  -999;  10.2;  859.85;   12.5;   71.17;   17.6;    9.0;-999;eor
       1832;20180829;   10;  18.6;   4.4;    3;   2.4;   4;   11.967;-999;   4.6;  11.1;  857.38;   15.0;   65.71;   20.6;   11.1;-999;eor
       1832;20180830;   10;  17.1;   8.1;    3;   1.5;   4;    0.083;-999;   7.1;  12.0;  858.12;    9.7;   99.17;   11.9;    7.0;-999;eor
       1832;20180831;   10;  12.0;   4.4;    3;  10.2;   4;    1.433;-999;   6.8;   9.9;  858.85;    7.8;   93.46;   10.5;    5.6;-999;eor
       1832;20180901;   10;  14.7;   6.6;    3;  13.3;   4;    0.000;-999;   8.0;  10.0;  859.34;    6.9;  100.00;    8.8;    5.5;-999;eor
       1832;20180902;   10;  10.7;   3.8;    3;   1.6;   4;    0.050;-999;   8.0;  11.9;  859.37;    9.5;  100.00;   11.3;    8.1;-999;eor
       1832;20180903;   10;   7.2;   3.2;    3;  22.8;   4;    0.167;-999;   7.8;  12.9;  856.13;   10.9;   99.33;   12.4;    9.7;-999;eor
       1832;20180904;   10;  10.5;   4.0;    3;   0.0;   4;    0.483;-999;   7.6;  13.1;  856.09;   11.3;   97.63;   13.9;   10.0;-999;eor
       1832;20180905;   10;   6.2;   2.8;    3;   0.0;   4;    5.483;-999;  -999;  11.7;  858.21;   12.7;   79.46;   16.0;   10.6;-999;eor
       1832;20180906;   10;-999;-999;    3;   0.8;   4;    8.000;-999;  -999;  10.3;  854.86;   13.2;   68.00;   16.4;   10.6;-999;eor
       1832;20180907;   10;  11.5;   5.6;    3;   9.2;   4;    1.067;-999;   7.0;  12.1;  854.89;   10.4;   95.42;   13.7;    8.7;-999;eor
       1832;20180908;   10;   9.6;   4.7;    3;   0.0;   0;    8.367;-999;   5.7;  10.0;  860.23;    9.5;   85.04;   13.6;    6.5;-999;eor
       1832;20180909;   10;   6.5;   2.4;    3;   0.0;   0;    6.133;-999;   7.0;   9.5;  862.34;   11.4;   70.67;   15.5;    8.5;-999;eor
       1832;20180910;   10;  11.7;   4.5;    3;   0.0;   0;   10.167;-999;   4.9;   9.9;  863.60;   13.0;   66.79;   17.0;    9.4;-999;eor
       1832;20180911;   10;  16.4;   8.7;    3;   0.0;   0;   10.500;-999;   7.8;  10.5;  864.48;   13.8;   66.67;   16.5;   11.7;-999;eor
       1832;20180912;   10;  11.4;   6.0;    3;   0.0;   0;   12.200;-999;   1.7;  10.4;  863.28;   16.3;   55.75;   20.1;   13.4;-999;eor
       1832;20180913;   10;   5.2;   2.3;    3;   1.7;   4;    2.850;-999;   6.3;  11.9;  859.51;   15.1;   69.79;   18.5;   11.5;-999;eor
       1832;20180914;   10;   9.5;   3.2;    3;   3.3;   4;    0.500;-999;   7.1;  11.7;  859.20;    9.9;   95.79;   11.5;    8.6;-999;eor
       1832;20180915;   10;  11.2;   4.6;    3;   0.0;   4;    3.883;-999;   6.7;  10.5;  861.92;    9.6;   87.08;   12.5;    7.0;-999;eor
       1832;20180916;   10;   9.0;   2.6;    3;   0.0;   0;   11.250;-999;   7.4;   8.5;  862.78;   11.2;   64.42;   16.2;    6.8;-999;eor
       1832;20180917;   10;   7.7;   3.3;    3;   0.0;   0;   11.850;-999;   3.9;  11.1;  861.89;   13.8;   71.83;   18.5;    9.9;-999;eor
       1832;20180918;   10;   8.8;   3.9;    3;   2.2;   4;   11.633;-999;   0.7;  12.5;  860.14;   15.9;   69.38;   20.1;   11.7;-999;eor
       1832;20180919;   10;  10.7;   4.0;    3;   0.2;   4;    3.950;-999;   4.9;  11.2;  862.08;   13.2;   74.75;   17.0;   10.0;-999;eor
       1832;20180920;   10;   9.3;   2.8;    3;   0.0;   0;   11.667;-999;  -999;  10.5;  861.79;   15.8;   57.67;   19.2;   13.1;-999;eor
       1832;20180921;   10;  24.9;   8.6;    3;   1.8;   4;    9.100;-999;   5.3;  11.2;  855.46;   13.6;   72.54;   18.7;    3.3;-999;eor
       1832;20180922;   10;  18.0;   8.2;    3;   0.9;   4;    2.833;-999;   7.5;   7.2;  858.65;    4.2;   87.67;    7.6;    2.4;-999;eor
       1832;20180923;   10;  32.0;  12.0;    3;  29.0;   4;    0.000;-999;   7.8;  10.2;  852.22;    7.0;   99.08;   13.3;    1.6;-999;eor
       1832;20180924;   10;  21.0;  10.4;    3;   3.2;   8;    1.767;-999;   7.5;   6.0;  861.86;    0.2;   97.17;    1.8;   -0.8;-999;eor
       1832;20180925;   10;  13.3;   5.4;    3;   0.0;   0;    7.650;-999;   5.8;   5.0;  869.69;   -0.2;   83.50;    3.5;   -2.4;-999;eor
       1832;20180926;   10;  11.8;   5.5;    3;   0.0;   0;    9.000;-999;   6.7;   2.1;  869.83;    6.5;   26.17;   12.1;   -1.2;-999;eor
       1832;20180927;   10;   9.2;   3.8;    3;   0.0;   0;   11.650;-999;   0.6;   4.0;  866.87;   12.1;   26.88;   16.0;    7.0;-999;eor
       1832;20180928;   10;  13.0;   7.1;    3;   0.0;   4;    9.417;-999;   2.7;   7.5;  859.97;    8.8;   67.75;   13.2;    1.3;-999;eor
       1832;20180929;   10;  11.6;   4.7;    3;   0.0;   0;   11.450;-999;   3.3;   4.6;  861.53;    2.2;   65.58;    5.9;   -1.5;-999;eor
       1832;20180930;   10;  10.4;   4.2;    3;   0.0;   4;   11.333;-999;   0.8;   3.7;  855.77;    7.9;   35.79;   13.3;    2.0;-999;eor
       1832;20181001;   10;  14.3;   6.7;    3;   4.7;   8;    1.583;-999;   6.6;   7.0;  851.24;    3.6;   88.25;    7.7;   -0.2;-999;eor
       1832;20181002;   10;  21.9;   9.7;    3;   2.0;   8;    0.083;   1;   7.8;   5.7;  855.12;   -0.8;   98.50;    1.6;   -2.7;-999;eor
       1832;20181003;   10;  22.3;  11.2;    3;   4.1;   7;    0.400;-999;   7.8;   7.4;  858.70;    2.8;   98.46;    4.2;    0.8;-999;eor
       1832;20181004;   10;   7.8;   3.1;    3;   0.0;   0;   11.117;-999;   3.5;   6.6;  863.49;    5.2;   75.96;   10.0;    0.7;-999;eor
       1832;20181005;   10;  10.2;   3.6;    3;   0.0;   0;   11.117;-999;   3.2;   6.3;  860.78;   12.2;   44.71;   16.1;    8.0;-999;eor
       1832;20181006;   10;   8.0;   4.3;    3;   0.0;   4;    6.250;-999;   8.0;   7.6;  854.82;   12.7;   51.67;   16.2;   10.4;-999;eor
       1832;20181007;   10;   9.0;   3.5;    3;   0.0;   4;    1.633;-999;   7.8;  10.5;  855.36;   10.0;   85.88;   13.5;    7.7;-999;eor
       1832;20181008;   10;   5.9;   2.3;    3;   0.0;   0;    6.867;-999;   3.8;  10.4;  860.25;   10.2;   84.00;   14.2;    7.9;-999;eor
       1832;20181009;   10;   8.4;   3.1;    3;   0.0;   0;   10.650;   0;   5.0;   8.9;  861.79;   11.8;   63.50;   15.8;    9.6;-999;eor
       1832;20181010;   10;  16.8;   7.6;    3;   0.0;   0;   10.767;   0;   0.0;   8.6;  859.88;   12.3;   60.88;   16.9;    9.7;-999;eor
       1832;20181011;   10;  18.5;   9.2;    3;   0.0;   0;   10.517;   0;   0.0;   5.1;  858.03;   12.7;   34.92;   16.4;    9.9;-999;eor
       1832;20181012;   10;  10.3;   3.2;    3;   0.0;   0;    8.567;   0;   2.7;   8.4;  863.77;   13.7;   54.08;   17.3;   11.0;-999;eor
       1832;20181013;   10;  14.0;   5.0;    3;   0.0;   0;   10.567;   0;   0.0;   7.5;  862.65;   13.2;   50.17;   17.1;   10.3;-999;eor
       1832;20181014;   10;  17.9;   9.0;    3;   0.0;   0;   10.433;   0;   0.1;   6.8;  856.91;   12.4;   47.21;   15.9;    9.6;-999;eor
       1832;20181015;   10;  14.0;   6.8;    3;   0.0;   0;    3.917;   0;   4.8;   7.3;  856.50;   10.9;   55.79;   13.8;    9.4;-999;eor
       1832;20181016;   10;   6.0;   1.6;    3;   0.0;   0;    9.500;   0;   1.5;   8.3;  858.31;   10.9;   64.13;   14.9;    7.9;-999;eor
       1832;20181017;   10;   4.6;   1.8;    3;   0.0;   0;    6.750;   0;   4.2;   9.1;  858.62;    9.8;   75.04;   13.7;    7.9;-999;eor
       1832;20181018;   10;   8.1;   3.0;    3;   0.0;   0;    7.000;   0;   3.5;   9.0;  858.60;    8.5;   81.88;   11.2;    6.0;-999;eor
       1832;20181019;   10;   7.1;   3.1;    3;   0.1;   4;    6.733;   0;   3.5;   9.2;  860.39;    7.3;   90.42;   12.1;    5.2;-999;eor
       1832;20181020;   10;   9.6;   4.4;    3;   0.0;   4;    1.483;   0;   7.8;   8.3;  862.96;    4.6;   97.29;    6.3;    0.9;-999;eor
       1832;20181021;   10;  10.9;   3.9;    3;   0.0;   0;    0.833;   0;   5.8;   6.0;  862.78;    1.5;   88.88;    3.8;    0.1;-999;eor
       1832;20181022;   10;  10.1;   3.7;    3;   0.7;   4;    8.750;   0;   3.1;   6.1;  862.56;    3.6;   77.96;    8.3;    0.5;-999;eor
       1832;20181023;   10;  28.5;  14.3;    3;   1.9;   4;    0.000;   0;   7.8;   6.3;  857.18;    0.4;   99.46;    2.2;   -1.7;-999;eor
       1832;20181024;   10;  31.5;  15.4;    3;  14.7;   4;    0.000;   0;   8.0;   7.6;  852.93;    3.1;  100.00;    4.7;    1.6;-999;eor
       1832;20181025;   10;  25.5;  12.3;    3;   1.9;   8;    0.017;   0;   7.9;   8.1;  853.65;    3.8;  100.00;    5.0;    2.0;-999;eor
       1832;20181026;   10;  14.7;   8.2;    3;   0.7;   7;    3.917;   0;   7.6;   7.0;  847.98;    2.5;   95.79;    4.9;    1.0;-999;eor
       1832;20181027;   10;  17.8;   7.1;    3;  21.0;   8;    0.000;   0;   7.9;   5.8;  844.46;   -0.4;   98.08;    1.7;   -2.7;-999;eor
       1832;20181028;   10;  18.0;   8.3;    3;   7.6;   4;    0.000;-999;   7.9;   5.4;  842.27;   -1.7;   98.33;    5.2;   -3.4;-999;eor
       1832;20181029;   10;  26.9;  10.1;    3;   0.0;   0;    0.500;   8;   7.7;   8.6;  839.23;    8.0;   80.33;   11.0;    1.0;-999;eor
       1832;20181030;   10;  27.7;  12.1;    3;   0.0;   4;    6.250;   0;   5.0;   6.4;  839.22;    4.4;   77.50;   10.7;   -1.5;-999;eor
       1832;20181031;   10;  13.8;   6.6;    3;   0.0;   7;    7.933;   0;   5.0;   5.0;  854.32;    4.5;   59.96;    8.8;   -0.6;-999;eor
       1832;20181101;   10;  19.0;   9.0;    3;   0.0;   6;    0.333;   0;   7.1;   6.4;  852.71;    8.2;   57.96;   10.4;    4.5;-999;eor
       1832;20181102;   10;   9.4;   3.6;    3;   2.1;   4;    0.350;   0;   7.6;   6.8;  858.82;    4.7;   79.96;    6.8;    3.3;-999;eor
       1832;20181103;   10;   9.8;   4.4;    3;   0.5;   4;    0.467;   0;   7.0;   8.5;  861.30;    4.8;   99.17;    7.6;    3.2;-999;eor
       1832;20181104;   10;  16.1;   6.9;    3;   0.0;   0;    5.717;   0;   6.4;   8.2;  856.02;   11.1;   62.54;   16.0;    6.7;-999;eor
       1832;20181105;   10;  19.6;  11.5;    3;   0.0;   0;    1.033;   0;   7.3;   6.8;  851.62;   10.5;   54.04;   12.4;    8.4;-999;eor
       1832;20181106;   10;  14.4;   8.1;    3;   0.0;   0;    8.100;   0;   4.3;   7.5;  851.20;   10.3;   59.54;   13.7;    8.2;-999;eor
       1832;20181107;   10;  11.1;   6.2;    3;   0.0;   0;    7.867;   0;   6.7;   7.2;  852.38;    9.5;   60.54;   12.3;    7.0;-999;eor
       1832;20181108;   10;  12.0;   6.0;    3;   0.0;   0;    5.783;   0;   6.3;   7.7;  857.54;    5.3;   86.92;    7.9;    3.5;-999;eor
       1832;20181109;   10;   8.9;   4.4;    3;   0.0;   0;    3.150;   0;   7.6;   6.6;  854.34;    7.9;   62.33;   10.8;    5.5;-999;eor
       1832;20181110;   10;   8.2;   3.6;    3;   0.0;   4;    9.000;   0;   0.0;   5.9;  850.80;    8.8;   52.13;   12.7;    6.3;-999;eor
       1832;20181111;   10;  14.3;   6.2;    3;   0.0;   4;    5.700;   0;   3.6;   7.1;  853.61;    7.6;   67.92;   10.0;    5.8;-999;eor
       1832;20181112;   10;   8.8;   4.4;    3;   0.0;   0;    8.817;   0;   2.5;   6.4;  858.78;   11.2;   48.38;   14.9;    8.3;-999;eor
       1832;20181113;   10;  20.2;   8.1;    3;   0.1;   4;    2.067;   0;   7.9;   7.8;  862.39;    5.6;   86.63;   10.2;    1.0;-999;eor
       1832;20181114;   10;  11.9;   4.1;    3;   0.0;   0;    8.967;   0;   6.0;   5.6;  864.67;    2.1;   79.33;    5.8;   -0.4;-999;eor
       1832;20181115;   10;   9.4;   4.5;    3;   0.0;   0;    8.917;   0;   3.9;   2.0;  862.66;    4.8;   23.33;    8.1;    2.7;-999;eor
       1832;20181116;   10;  16.0;   6.2;    3;   0.0;   4;    8.883;   0;   1.5;   3.7;  862.55;   -0.5;   65.50;    3.7;   -3.9;-999;eor
       1832;20181117;   10;  15.9;   6.7;    3;   0.0;   0;    8.600;   0;   1.2;   3.7;  861.71;   -3.1;   78.04;    1.1;   -5.7;-999;eor
       1832;20181118;   10;  14.2;   5.8;    3;   0.0;   7;    8.533;   0;   3.0;   3.7;  856.18;   -4.0;   81.17;    0.1;   -7.6;-999;eor
       1832;20181119;   10;  16.1;   6.4;    3;   0.0;   7;    0.017;   0;   7.9;   3.3;  846.72;   -7.4;   92.50;   -5.9;   -9.7;-999;eor
       1832;20181120;   10;  17.8;   7.3;    3;   2.0;   7;    4.417;   0;   4.9;   4.0;  843.61;   -3.7;   87.33;    1.3;   -6.9;-999;eor
       1832;20181121;   10;   6.7;   3.8;    3;   0.0;   0;    8.317;   0;   3.0;   4.2;  849.10;    0.7;   67.04;    5.8;   -4.1;-999;eor
       1832;20181122;   10;  10.2;   3.8;    3;   0.0;   0;    2.700;   0;   5.1;   4.5;  853.47;   -2.9;   90.71;   -0.6;   -4.2;-999;eor
       1832;20181123;   10;  10.3;   4.8;    3;   0.1;   4;    7.317;   0;   5.1;   3.2;  854.40;    2.5;   43.88;    5.8;   -1.1;-999;eor
       1832;20181124;   10;  13.3;   6.9;    3;   1.3;   8;    0.000;   0;   7.5;   5.7;  849.73;    1.4;   86.29;    5.9;   -1.5;-999;eor
       1832;20181125;   10;  15.2;   4.9;    3;   0.0;   8;    6.233;   0;   6.2;   5.1;  845.91;   -0.3;   85.58;    2.5;   -3.3;-999;eor
       1832;20181126;   10;  16.3;   7.1;    3;  11.7;   8;    0.000;   0;   8.0;   4.5;  842.06;   -3.8;   97.17;   -3.0;   -4.6;-999;eor
       1832;20181127;   10;  10.0;   4.7;    3;   0.1;   7;    2.150;-999;   7.9;   2.7;  849.99;   -5.6;   67.21;   -4.2;   -7.2;-999;eor
       1832;20181128;   10;   8.1;   3.6;    3;   0.0;   0;    8.167;   7;   1.8;   1.2;  857.48;   -4.0;   28.96;   -1.2;   -8.0;-999;eor
       1832;20181129;   10;  13.3;   8.3;    3;   0.0;   0;    7.067;   6;   7.9;   1.1;  856.34;    1.5;   16.25;    5.3;   -2.2;-999;eor
       1832;20181130;   10;  12.6;   6.8;    3;   5.0;   8;    0.000;   5;   7.9;   4.9;  851.08;    1.5;   76.25;    5.4;   -2.1;-999;eor
       1832;20181201;   10;  13.3;   7.5;    3;   0.2;   8;    0.350;   9;   8.0;   5.4;  851.90;   -1.4;   98.83;   -0.4;   -2.8;-999;eor
       1832;20181202;   10;  22.4;  11.5;    3;  36.2;   4;    0.000;   8;   7.9;   6.2;  846.17;    0.2;   99.21;    3.4;   -1.7;-999;eor
       1832;20181203;   10;  25.2;  11.4;    3;  52.8;   4;    0.000;   0;   7.8;   7.9;  844.84;    3.5;  100.00;    4.6;    1.0;-999;eor
       1832;20181204;   10;  26.9;  11.2;    3;   2.4;   8;    0.000;   0;   7.8;   5.9;  851.64;   -0.5;   99.54;    2.2;   -5.0;-999;eor
       1832;20181205;   10;  11.3;   4.5;    3;   0.2;   8;    6.283;   0;   6.8;   3.3;  859.14;   -4.0;   73.71;   -0.3;   -6.0;-999;eor
       1832;20181206;   10;  20.0;   9.8;    3;   9.7;   4;    0.000;   0;   7.9;   6.2;  855.19;    1.0;   94.21;    2.6;   -1.7;-999;eor
       1832;20181207;   10;  29.3;  12.4;    3;   3.9;   8;    0.000;   0;   8.0;   7.6;  849.58;    3.0;  100.00;    3.8;    1.1;-999;eor
       1832;20181208;   10;  27.5;  14.8;    3;   6.1;   4;    0.000;   0;   8.0;   5.3;  844.56;   -1.9;   99.13;    1.1;   -3.1;-999;eor
       1832;20181209;   10;  29.4;  14.1;    3;  19.5;   8;    0.000;   4;   8.0;   5.6;  838.82;   -1.2;   99.83;    0.0;   -2.5;-999;eor
       1832;20181210;   10;  26.7;  13.1;    3;   3.1;   7;    0.000;-999;   7.8;   4.2;  847.98;   -4.8;   97.58;   -2.0;   -6.3;-999;eor
       1832;20181211;   10;  24.2;  11.8;    3;   9.8;   7;    0.000;-999;   7.9;   3.9;  849.89;   -5.5;   96.63;   -5.2;   -6.0;-999;eor
       1832;20181212;   10;  15.3;   7.3;    3;   0.2;   7;    0.000;-999;   7.8;   3.6;  852.37;   -6.4;   94.38;   -3.8;  -10.2;-999;eor
       1832;20181213;   10;  11.5;   6.0;    3;   0.0;   7;    0.000;  42;   8.0;   2.8;  849.53;   -9.1;   91.92;   -8.5;   -9.6;-999;eor
       1832;20181214;   10;  10.2;   5.0;    3;   0.1;   7;    0.000;  39;   7.2;   2.7;  850.80;   -9.8;   91.08;   -7.7;  -11.4;-999;eor
       1832;20181215;   10;   9.8;   3.6;    3;   1.0;   7;    0.000;  39;   7.9;   2.5;  853.68;  -10.4;   91.88;   -9.8;  -11.2;-999;eor
       1832;20181216;   10;  16.8;   7.8;    3;   0.1;   7;    0.017;  39;   6.3;   3.1;  847.74;   -6.6;   82.00;   -3.3;  -11.2;-999;eor
       1832;20181217;   10;  17.2;   7.3;    3;   0.6;   4;    1.150;  40;   7.5;   4.6;  854.72;   -3.5;   97.58;   -3.0;   -4.0;-999;eor
       1832;20181218;   10;  14.5;   6.7;    3;   0.0;   4;    1.717;  40;   5.9;   4.3;  858.50;   -3.6;   91.54;   -1.5;   -4.5;-999;eor
       1832;20181219;   10;  14.0;   6.8;    3;   0.3;   4;    0.000;  39;   7.8;   3.8;  852.57;    0.0;   62.21;    2.5;   -2.6;-999;eor
       1832;20181220;   10;  17.4;   9.7;    3;   2.2;   4;    0.000;  39;   8.0;   5.1;  851.76;   -2.3;   98.83;   -0.8;   -3.5;-999;eor
       1832;20181221;   10;  26.2;  13.1;    3;   5.8;   4;    0.000;-999;   8.0;   5.7;  849.48;   -1.0;   99.29;    2.0;   -2.7;-999;eor
       1832;20181222;   10;  33.8;  15.8;    3;  15.4;   8;    0.000;-999;   8.0;   6.6;  849.37;    1.0;  100.00;    2.3;   -0.5;-999;eor
       1832;20181223;   10;  23.5;  12.2;    3;  29.6;   4;    0.000;  62;   7.9;   5.8;  853.32;   -0.7;  100.00;    2.7;   -1.7;-999;eor
       1832;20181224;   10;  31.3;  10.6;    3;   1.1;   7;    0.000;-999;   8.0;   4.7;  854.01;   -3.6;   97.75;    3.6;   -7.1;-999;eor
       1832;20181225;   10;  16.7;   9.3;    3;   0.0;   7;    0.000;-999;   7.9;   3.6;  862.41;   -6.3;   94.96;   -5.7;   -7.1;-999;eor
       1832;20181226;   10;  15.1;   8.9;    3;   0.0;   8;    5.883;-999;   6.3;   4.4;  861.95;   -3.8;   92.67;    0.4;   -6.6;-999;eor
       1832;20181227;   10;  12.0;   5.6;    3;   0.0;   7;    3.233;  65;   8.0;   6.2;  860.67;    0.4;   98.38;    1.7;   -0.3;-999;eor
       1832;20181228;   10;  13.4;   7.7;    3;   0.0;   0;    4.700;  64;   6.1;   4.5;  859.72;   -0.3;   74.54;    2.6;   -3.7;-999;eor
       1832;20181229;   10;  19.9;   8.9;    3;   2.7;   7;    0.017;  64;   6.3;   4.0;  860.60;   -4.7;   91.75;   -1.8;   -6.6;-999;eor
       1832;20181230;   10;  26.6;  13.4;    3;   1.1;   8;    0.000;-999;   8.0;   4.6;  858.41;   -3.4;   97.67;   -2.7;   -5.1;-999;eor
       1832;20181231;   10;  18.1;   8.0;    3;   1.1;   4;    0.000;-999;   8.0;   5.2;  862.75;   -2.1;   99.75;   -0.8;   -3.0;-999;eor
       1832;20190101;   10;  28.3;  14.0;    3;   4.4;   4;    0.000;-999;   8.0;   5.3;  856.80;   -1.9;   99.46;   -0.6;   -5.2;-999;eor
       1832;20190102;   10;  29.8;  14.0;    3;   0.0;   7;    0.017;-999;   7.8;   3.3;  854.28;   -7.9;   95.58;   -5.2;  -11.6;-999;eor
       1832;20190103;   10;  19.7;  10.8;    3;   1.0;   7;    0.000;-999;   7.7;   2.6;  859.91;  -10.3;   91.83;   -9.3;  -11.7;-999;eor
       1832;20190104;   10;  21.8;   9.8;    3;   5.8;   8;    0.000;  89;   7.8;   3.0;  859.75;   -8.4;   92.96;   -6.0;  -10.1;-999;eor
       1832;20190105;   10;  25.0;  12.5;    3;   6.7;   8;    0.000;-999;   7.9;   4.3;  854.05;   -4.4;   96.17;   -2.2;   -6.0;-999;eor
       1832;20190106;   10;  23.6;  11.7;    3;   0.6;   8;    0.000;-999;   8.0;   4.1;  856.86;   -4.7;   95.79;   -2.6;   -6.2;-999;eor
       1832;20190107;   10;  19.2;   9.3;    3;   6.5;   4;    0.000;-999;   8.0;   4.6;  859.40;   -3.6;   97.42;   -2.7;   -5.4;-999;eor
       1832;20190108;   10;  29.8;  17.5;    3;  30.2;   4;    0.000; 147;   8.0;   4.2;  844.43;   -4.6;   97.54;   -3.9;   -5.7;-999;eor
       1832;20190109;   10;  27.3;  14.2;    3;   2.2;   7;    0.000;-999;   8.0;   3.6;  839.77;   -6.8;   97.46;   -5.0;   -7.4;-999;eor
       1832;20190110;   10;  22.4;  11.6;    3;   3.3;   7;    0.000;-999;   7.6;   3.5;  849.00;   -7.4;  100.00;   -6.3;  -10.8;-999;eor
       1832;20190111;   10;  21.1;  10.1;    3;   8.2;   8;    0.150;-999;   7.9;   2.7;  851.73;  -10.1;   95.00;   -6.2;  -12.0;-999;eor
       1832;20190112;   10;  27.6;  15.9;    3;  20.7;   4;    0.000;-999;   8.0;   4.0;  848.84;   -5.2;   96.58;   -4.5;   -6.5;-999;eor
       1832;20190113;   10;  33.4;  16.9;    3;  40.1;   4;    0.000;-999;   8.0;   4.7;  838.94;   -3.4;   98.67;   -1.2;   -4.9;-999;eor
       1832;20190114;   10;  27.0;  14.7;    3;   4.2;   7;    0.083;-999;   7.7;   4.0;  838.90;   -5.4;   96.25;   -2.2;   -8.3;-999;eor
       1832;20190115;   10;  25.3;  14.9;    3;   0.5;   4;    0.000;-999;   8.0;   3.6;  848.45;   -6.3;   94.58;   -4.3;   -8.4;-999;eor
       1832;20190116;   10;  21.5;  12.5;    3;   0.1;   4;    2.900;-999;   8.0;   4.0;  846.95;   -4.2;   89.67;   -3.1;   -5.1;-999;eor
       1832;20190117;   10;  27.3;  14.3;    3;   1.7;   4;    0.000;-999;   7.1;   4.6;  841.85;   -3.2;   94.50;   -1.9;   -5.6;-999;eor
       1832;20190118;   10;  21.6;   7.7;    3;   0.4;   7;    1.917; 238;   6.5;   2.8;  848.55;   -8.5;   84.71;   -5.6;  -12.0;-999;eor
       1832;20190119;   10;  13.5;   6.7;    3;   0.0;   7;    8.250; 233;   5.8;   1.7;  848.47;   -8.7;   54.50;   -7.4;  -10.1;-999;eor
       1832;20190120;   10;   4.5;   1.7;    3;   0.0;   4;    7.250; 230;   1.1;   2.4;  847.17;   -8.2;   73.08;   -1.8;  -12.4;-999;eor
       1832;20190121;   10;  10.7;   3.3;    3;   0.0;   0;    7.767; 229;   1.4;   2.5;  850.27;  -10.3;   87.25;   -5.1;  -12.4;-999;eor
       1832;20190122;   10;   9.0;   4.2;    3;   0.0;   0;    8.733; 227;   0.4;   1.6;  842.95;   -8.4;   49.83;   -2.9;  -11.8;-999;eor
       1832;20190123;   10;  11.4;   5.8;    3;   0.0;   7;    0.933; 225;   7.8;   2.2;  832.64;  -10.1;   76.58;   -7.7;  -12.1;-999;eor
       1832;20190124;   10;  13.3;   2.8;    3;   0.0;   7;    0.933; 224;   7.8;   2.4;  839.31;  -10.9;   91.17;   -8.8;  -12.6;-999;eor
       1832;20190125;   10;  18.2;   7.7;    3;   1.3;   7;    0.033; 223;   8.0;   2.2;  844.68;  -11.8;   90.08;  -10.3;  -12.8;-999;eor
       1832;20190126;   10;  27.7;  15.7;    3;   2.7;   4;    0.000;-999;   8.0;   3.8;  841.93;   -6.0;   94.88;   -3.0;  -10.4;-999;eor
       1832;20190127;   10;  18.6;   9.4;    3;   6.1;   7;    0.000; 222;   8.0;   4.6;  832.71;   -3.4;   96.58;   -2.4;   -4.1;-999;eor
       1832;20190128;   10;  23.0;  12.6;    3;   8.2;   8;    0.000;-999;   8.0;   3.8;  831.63;   -5.8;   94.46;   -3.2;   -6.7;-999;eor
       1832;20190129;   10;  23.8;   8.1;    3;   2.3;   7;    0.150;-999;   6.2;   3.1;  838.74;   -8.2;   92.71;   -6.2;  -10.3;-999;eor
       1832;20190130;   10;  15.1;   8.0;    3;   0.0;   7;    3.983;-999;   7.7;   2.8;  833.49;   -7.5;   80.13;   -5.4;  -10.1;-999;eor
       1832;20190131;   10;  16.6;   6.7;    3;   0.0;   7;    2.700; 244;   6.1;   2.9;  834.29;   -7.8;   84.00;   -6.2;   -9.2;-999;eor
       1832;20190201;   10;  18.3;  10.0;    3;   0.2;   8;    0.850; 234;   7.4;   4.1;  831.05;   -0.9;   68.92;    3.1;   -6.6;-999;eor
       1832;20190202;   10;  16.9;   6.7;    3;   7.8;   8;    0.100; 233;   7.8;   5.5;  834.07;   -0.8;   95.54;    2.1;   -2.6;-999;eor
       1832;20190203;   10;  24.4;  10.1;    3;  19.7;   7;    0.000;-999;   7.8;   3.8;  843.01;   -6.0;   95.17;   -2.5;   -8.1;-999;eor
       1832;20190204;   10;  15.3;   5.3;    3;  -999;   7;    8.000;-999;   4.6;   2.7;  858.61;   -8.1;   79.58;   -3.9;  -10.5;-999;eor
       1832;20190205;   10;  11.2;   4.2;    3;  -999;   7;    8.500; 263;   4.5;   2.5;  859.53;   -4.9;   57.08;   -0.6;   -8.9;-999;eor
       1832;20190206;   10;  10.9;   4.0;    3;  -999;   8;    9.350; 260;   4.9;   2.6;  859.39;   -0.4;   48.63;    6.5;   -5.9;-999;eor
       1832;20190207;   10;  18.1;  10.9;    3;  -999;   8;    3.717; 258;   7.9;   3.2;  850.89;   -2.0;   61.50;    0.1;   -3.4;-999;eor
       1832;20190208;   10;  15.5;   9.7;    3;  -999;-999;    0.683; 268;   8.0;   4.3;  852.47;   -3.3;   89.33;   -0.6;   -4.5;-999;eor
       1832;20190209;   10;  24.8;  12.5;    3;  -999;   4;    0.000; 266;   7.9;   4.8;  848.67;   -1.7;   88.63;   -0.1;   -3.3;-999;eor
       1832;20190210;   10;  32.5;  10.9;    3;  -999;-999;    2.883; 263;   7.7;   5.0;  842.73;   -0.9;   87.83;    2.6;   -3.5;-999;eor
       1832;20190211;   10;  30.3;  13.7;    3;  -999;-999;    0.000; 265;   7.9;   4.2;  845.73;   -4.8;   96.71;   -3.5;   -6.6;-999;eor
       1832;20190212;   10;  22.0;  11.7;    3;  -999;   4;    0.000;-999;   7.9;   3.6;  859.74;   -6.7;   95.67;   -5.6;   -7.8;-999;eor
       1832;20190213;   10;  16.5;   8.0;    3;  -999;   7;    7.067;-999;   7.5;   4.2;  866.73;   -4.3;   94.25;   -1.4;   -6.0;-999;eor
       1832;20190214;   10;   9.6;   5.7;    3;  -999;   0;    8.017; 257;   4.6;   4.2;  868.68;   -0.4;   70.67;    1.5;   -3.2;-999;eor
       1832;20190215;   10;   9.3;   4.6;    3;  -999;-999;    9.867; 255;   2.9;   3.6;  868.23;    3.2;   46.92;    6.6;    0.5;-999;eor
       1832;20190216;   10;   8.5;   4.9;    3;  -999;-999;    9.883; 254;   4.1;   2.5;  864.85;    5.3;   27.71;    7.5;    2.6;-999;eor
       1832;20190217;   10;   7.7;   3.8;    3;  -999;-999;    9.933; 252;   2.2;   2.3;  862.31;    6.4;   23.50;   11.1;    4.3;-999;eor
       1832;20190218;   10;   8.7;   3.4;    3;  -999;-999;    9.967; 251;   2.6;   2.1;  858.03;    5.5;   23.21;   10.6;    1.5;-999;eor
       1832;20190219;   10;  17.0;   8.8;    3;  -999;   8;    5.933; 250;   6.0;   4.4;  854.92;    0.4;   72.46;    3.2;   -3.1;-999;eor
       1832;20190220;   10;  13.6;   7.2;    3;  -999;   0;    1.400; 248;   7.8;   4.8;  857.72;   -2.2;   92.79;   -0.9;   -3.5;-999;eor
       1832;20190221;   10;  17.5;   9.2;    3;  -999;   8;    0.183; 248;   7.9;   5.7;  860.51;   -0.8;   98.00;    0.3;   -1.8;-999;eor
       1832;20190222;   10;  20.2;  10.2;    3;  -999;   8;    0.017; 247;   7.7;   5.3;  864.02;   -1.9;   95.71;    0.3;   -8.6;-999;eor
       1832;20190223;   10;  11.1;   5.2;    3;  -999;   0;    9.450; 247;   4.6;   0.9;  869.54;   -4.6;   21.83;    0.1;   -8.3;-999;eor
       1832;20190224;   10;   9.3;   4.7;    3;  -999;   0;    4.983; 246;   2.5;   2.9;  869.94;    0.7;   43.58;    2.7;   -2.8;-999;eor
       1832;20190225;   10;  11.6;   5.5;    3;  -999;-999;    9.883; 245;   6.3;   6.0;  870.63;    3.4;   77.00;    6.7;    0.6;-999;eor
       1832;20190226;   10;  12.4;   8.2;    3;  -999;   0;    8.067; 243;   7.7;   3.1;  867.30;    3.4;   39.75;    4.6;    2.1;-999;eor
       1832;20190227;   10;  13.4;   3.6;    3;  -999;   0;   10.433; 242;   2.3;   2.9;  862.82;    5.2;   33.33;    9.7;    1.9;-999;eor
       1832;20190228;   10;  24.5;  14.6;    3;  -999;   8;    9.283; 240;   2.5;   5.4;  852.37;    3.5;   68.38;    5.4;    0.0;-999;eor
       1832;20190301;   10;  23.8;  10.5;    3;  -999;   4;    0.000; 234;   7.9;   6.0;  848.84;   -0.1;   99.67;    0.2;   -0.9;-999;eor
       1832;20190302;   10;  17.8;   9.9;    3;  -999;   4;    0.000; 236;   8.0;   5.5;  850.88;   -1.4;   99.00;   -0.4;   -2.9;-999;eor
       1832;20190303;   10;  22.1;  12.8;    3;  -999;-999;    0.000; 236;   7.9;   6.1;  849.41;    0.1;   99.50;    1.3;   -1.1;-999;eor
       1832;20190304;   10;  30.1;  12.9;    3;  -999;-999;    3.833; 234;   7.0;   4.9;  840.79;    1.2;   75.71;    6.6;   -4.3;-999;eor
       1832;20190305;   10;  29.1;  13.0;    3;  -999;-999;    0.000; 232;   7.9;   4.7;  844.39;   -3.2;   97.83;   -2.3;   -4.1;-999;eor
       1832;20190306;   10;  15.1;   8.1;    3;  -999;   0;    7.217; 242;   7.7;   4.9;  847.19;    0.5;   79.29;    5.4;   -4.5;-999;eor
       1832;20190307;   10;  20.9;  10.6;    3;  -999;   8;    2.250; 238;   7.9;   5.3;  842.55;    2.6;   75.54;    6.3;   -1.0;-999;eor
       1832;20190308;   10;  22.0;  12.1;    3;  -999;   8;    0.650; 235;   7.7;   5.4;  849.42;   -1.6;   98.21;   -0.7;   -2.4;-999;eor
       1832;20190309;   10;  33.5;  14.1;    3;  -999;-999;    0.000; 235;   7.9;   5.7;  849.90;   -0.9;   99.08;    0.4;   -2.5;-999;eor
       1832;20190310;   10;  40.3;  16.1;    3;  -999;   4;    0.000; 235;   7.8;   6.1;  845.30;    0.5;   94.92;    3.3;   -4.4;-999;eor
       1832;20190311;   10;  26.7;  13.3;    3;  -999;-999;    0.150; 232;   7.5;   3.9;  848.90;   -5.5;   95.17;   -4.1;   -6.6;-999;eor
       1832;20190312;   10;  18.2;  10.5;    3;  -999;   8;    1.750;-999;   7.5;   3.7;  852.61;   -4.7;   86.63;   -1.1;   -6.3;-999;eor
       1832;20190313;   10;  27.3;  13.0;    3;  -999;   7;    2.450; 231;   7.4;   4.2;  844.73;   -3.0;   85.67;   -0.3;   -4.3;-999;eor
       1832;20190314;   10;  25.5;  13.6;    3;  -999;-999;    0.000; 234;   8.0;   4.7;  841.50;   -3.4;   98.17;   -2.1;   -4.2;-999;eor
       1832;20190315;   10;  37.5;  15.4;    3;  -999;-999;    0.000; 234;   8.0;   5.8;  842.42;   -0.8;   99.88;    2.7;   -3.3;-999;eor
       1832;20190316;   10;  33.5;  15.1;    3;  -999;   4;    0.000; 248;   7.2;   6.6;  846.48;    1.2;   98.50;    2.7;   -1.0;-999;eor
       1832;20190317;   10;  23.6;  13.8;    3;  -999;-999;   10.067; 244;   6.2;   4.6;  844.65;    2.9;   63.96;    7.7;   -3.4;-999;eor
       1832;20190318;   10;  21.1;  10.4;    3;  -999;   7;    0.950; 244;   7.2;   4.2;  850.71;   -4.4;   95.75;   -3.0;   -5.5;-999;eor
       1832;20190319;   10;   8.4;   3.9;    3;  -999;   7;    0.933; 242;   7.6;   3.8;  858.81;   -4.8;   89.13;   -3.8;   -5.5;-999;eor
       1832;20190320;   10;   6.6;   2.8;    3;  -999;   0;   11.183; 241;   2.3;   3.1;  865.48;   -2.8;   63.58;    2.0;   -6.2;-999;eor
       1832;20190321;   10;   9.9;   4.4;    3;  -999;   0;   11.717; 241;   4.6;   3.3;  867.29;    2.3;   47.42;    6.9;   -2.9;-999;eor
       1832;20190322;   10;  10.1;   5.1;    3;  -999;   0;   11.750; 234;   4.0;   5.9;  866.11;    5.8;   63.25;    9.2;    2.9;-999;eor
       1832;20190323;   10;   6.0;   2.6;    3;  -999;   0;   11.733; 231;   3.0;   6.2;  863.55;    7.1;   61.00;   11.4;    4.5;-999;eor
       1832;20190324;   10;  14.0;   4.4;    3;  -999;   0;    9.583; 228;   3.3;   6.6;  858.48;    4.3;   80.67;    6.8;   -0.2;-999;eor
       1832;20190325;   10;  21.8;  11.0;    3;  -999;-999;    1.200; 224;   7.8;   4.6;  851.83;   -3.4;   94.88;   -0.1;   -5.6;-999;eor
       1832;20190326;   10;  17.8;   7.7;    3;  -999;   7;    0.333; 224;   7.6;   4.1;  858.47;   -4.6;   95.29;   -3.4;   -6.3;-999;eor
       1832;20190327;   10;  11.2;   4.8;    3;  -999;   7;    0.267; 224;   7.9;   4.8;  862.78;   -2.7;   96.25;   -1.6;   -4.1;-999;eor
       1832;20190328;   10;   8.1;   4.6;    3;  -999;   4;    0.033; 223;   7.8;   5.8;  865.70;   -0.4;   97.50;    1.0;   -2.6;-999;eor
       1832;20190329;   10;   7.2;   3.2;    3;  -999;   0;   11.317; 222;   4.6;   5.1;  865.15;    2.7;   71.63;    7.7;   -1.5;-999;eor
       1832;20190330;   10;   7.8;   2.6;    3;  -999;   0;   12.333; 220;   7.0;   3.8;  860.39;    6.6;   38.79;   10.9;    3.8;-999;eor
       1832;20190331;   10;  11.5;   5.0;    3;  -999;   0;   11.533; 216;   3.0;   5.5;  857.60;    4.9;   64.83;    8.4;    0.7;-999;eor
       1832;20190401;   10;  11.1;   5.0;    3;  -999;   0;   11.583; 214;   3.1;   5.9;  855.95;    1.9;   84.58;    4.7;   -0.8;-999;eor
       1832;20190402;   10;  13.7;   6.1;    3;  -999;   0;   11.467; 212;   6.8;   5.7;  850.31;    5.9;   61.88;    9.9;    2.5;-999;eor
       1832;20190403;   10;  17.9;   7.2;    3;  -999;   0;    9.883; 206;   5.3;   5.3;  843.00;    6.4;   55.54;    9.8;    3.8;-999;eor
       1832;20190404;   10;  15.8;   8.6;    3;  -999;   0;   11.233; 203;   5.4;   5.5;  837.90;    5.4;   62.75;    9.6;    0.1;-999;eor
       1832;20190405;   10;  16.0;   4.8;    3;  -999;   0;    3.117; 194;   7.3;   6.6;  842.00;    2.2;   91.38;    6.1;   -0.7;-999;eor
       1832;20190406;   10;  15.8;   6.4;    3;  -999;   0;    9.200; 189;   4.8;   6.3;  843.42;    3.5;   80.33;    7.1;    1.1;-999;eor
       1832;20190407;   10;  13.4;   5.7;    3;  -999;   0;    5.717; 183;   5.9;   6.0;  843.43;    1.8;   85.50;    4.0;    0.0;-999;eor
       1832;20190408;   10;   7.0;   3.3;    3;  -999;   4;    1.200; 179;   7.5;   7.3;  847.33;    4.2;   88.08;    6.2;    2.6;-999;eor
       1832;20190409;   10;  10.3;   3.5;    3;  -999;   0;    5.700; 175;   7.7;   6.5;  847.83;    4.9;   75.29;    8.5;    0.9;-999;eor
       1832;20190410;   10;  10.1;   5.0;    3;  -999;   0;    1.367; 171;   8.0;   6.1;  848.02;    2.2;   85.38;    5.1;   -2.3;-999;eor
       1832;20190411;   10;  10.1;   4.9;    3;  -999;   7;    3.267; 161;   7.5;   4.4;  851.80;   -2.5;   86.08;    0.1;   -6.4;-999;eor
       1832;20190412;   10;   9.7;   4.3;    3;  -999;   7;    7.083; 160;   6.8;   3.5;  853.02;   -5.2;   84.50;   -0.8;   -7.9;-999;eor
       1832;20190413;   10;   8.8;   2.8;    3;  -999;   7;    3.417; 160;   6.5;   3.6;  852.58;   -3.5;   76.08;    0.9;   -5.6;-999;eor
       1832;20190414;   10;  11.2;   4.4;    3;  -999;   8;    0.467; 160;   8.0;   4.7;  853.27;   -3.1;   95.00;   -0.3;   -5.5;-999;eor
       1832;20190415;   10;  10.6;   4.6;    3;  -999;   0;   12.867; 160;   1.6;   4.2;  857.53;    1.4;   63.42;    5.3;   -2.2;-999;eor
       1832;20190416;   10;   8.4;   4.1;    3;  -999;   0;   10.917; 156;   1.8;   4.0;  855.82;    3.8;   50.13;    7.7;    0.4;-999;eor
       1832;20190417;   10;  13.8;   4.0;    3;  -999;   0;   13.017; 154;   0.2;   4.4;  859.67;    4.5;   52.46;    7.7;    1.9;-999;eor
       1832;20190418;   10;  14.0;   5.9;    3;  -999;-999;   13.183; 150;   0.4;   5.8;  862.24;    5.4;   65.17;    9.5;    1.3;-999;eor
       1832;20190419;   10;  16.8;   6.2;    3;  -999;   0;   13.383; 143;   0.0;   5.1;  865.57;    8.0;   47.25;   12.1;    4.4;-999;eor
       1832;20190420;   10;  11.9;   4.7;    3;  -999;   0;   13.550; 137;   0.3;   3.9;  864.93;    8.8;   35.21;   12.8;    5.6;-999;eor
       1832;20190421;   10;   7.8;   3.7;    3;  -999;   0;   13.600; 133;   0.6;   4.3;  859.14;    8.9;   38.00;   12.4;    6.1;-999;eor
       1832;20190422;   10;  17.0;   5.6;    3;  -999;   0;   13.583; 127;   2.8;   5.4;  850.70;    7.7;   51.67;   10.8;    3.4;-999;eor
       1832;20190423;   10;  17.2;   9.3;    3;  -999;   4;    8.867; 120;   6.9;   6.8;  843.78;    6.2;   72.42;   10.5;    3.1;-999;eor
       1832;20190424;   10;  14.7;   8.2;    3;  -999;   0;   11.467; 109;   5.4;   6.8;  847.31;   11.0;   52.46;   15.5;    6.1;-999;eor
       1832;20190425;   10;  15.3;   5.7;    3;  -999;   0;   12.867;  98;   4.6;   5.9;  851.91;   11.4;   44.29;   15.8;    6.2;-999;eor
       1832;20190426;   10;  18.4;   8.2;    3;  -999;   4;    4.067;  86;   7.3;   7.0;  850.65;    7.2;   72.17;   13.6;   -0.4;-999;eor
       1832;20190427;   10;  15.6;   7.3;    3;  -999;   4;    2.483;  79;   7.7;   6.9;  852.20;    1.7;   98.92;    5.6;   -1.5;-999;eor
       1832;20190428;   10;  17.1;   6.6;    3;  -999;-999;    3.167;  76;   7.7;   5.5;  853.67;   -0.9;   95.29;    2.0;   -2.5;-999;eor
       1832;20190429;   10;  17.2;   7.6;    3;  -999;   4;    0.000;  75;   7.9;   5.9;  853.05;   -0.4;   99.29;    0.1;   -1.1;-999;eor
       1832;20190430;   10;  16.3;   8.1;    3;  -999;   0;    1.883;-999;   6.9;   7.3;  852.50;    2.9;   96.92;    6.4;    0.1;-999;eor
       1832;20190501;    3;  10.7;   5.0;    3;   0.0;   4;    6.333;  67;   4.3;   6.6;  852.40;    4.1;   79.75;    7.6;    0.1;-999;eor
       1832;20190502;    3;  15.0;   7.9;    3;   3.0;   4;    7.617;  64;   6.4;   6.9;  848.04;    6.2;   73.71;   10.5;    3.6;-999;eor
       1832;20190503;    3;  13.5;   6.4;    3;   2.8;   4;    0.467;-999;   7.3;   6.8;  846.49;    1.9;   95.96;    3.6;   -0.5;-999;eor
       1832;20190504;    3;  19.1;   7.0;    3;   3.9;   8;    2.733;  52;   7.2;   5.4;  843.20;   -1.1;   95.38;    2.7;   -5.5;-999;eor
       1832;20190505;    3;  15.4;   7.9;    3;   0.1;   8;    1.133;-999;   7.8;   4.3;  848.79;   -4.0;   95.38;   -2.0;   -5.2;-999;eor
       1832;20190506;    3;  11.1;   5.6;    3;   0.4;   7;    3.033;-999;   6.9;   4.4;  852.61;   -3.0;   88.79;   -0.6;   -5.2;-999;eor
       1832;20190507;    3;  11.2;   4.6;    3;   0.0;   7;    1.067;  54;   6.1;   4.6;  853.32;   -0.4;   77.17;    2.9;   -3.4;-999;eor
       1832;20190508;    3;  15.2;   5.9;    3;   5.2;   4;    6.000;  52;   7.0;   5.4;  846.61;    4.4;   65.17;    9.1;   -0.4;-999;eor
       1832;20190509;    3;  21.5;   8.5;    3;  10.1;   4;    0.750;  42;   7.6;   7.4;  842.27;    2.9;   98.33;    5.8;    1.3;-999;eor
       1832;20190510;    3;  20.9;   8.5;    3;   2.2;   4;    1.167;  35;   6.8;   7.5;  848.60;    3.5;   95.83;    6.2;    1.0;-999;eor
       1832;20190511;    3;  19.2;   7.4;    3;   8.0;   4;    0.200;  30;   7.8;   8.0;  850.32;    4.0;   97.50;    6.8;    2.0;-999;eor
       1832;20190512;    3;  23.7;  10.6;    3;   0.1;   4;    0.000;  22;   7.8;   6.0;  859.00;    0.0;   98.75;    2.7;   -1.6;-999;eor
       1832;20190513;    3;  18.8;   8.8;    3;   0.0;   0;   11.650;  22;   5.2;   4.5;  865.54;    0.7;   70.25;    4.8;   -1.4;-999;eor
       1832;20190514;    3;  21.9;   9.0;    3;   0.9;   8;    6.533;  17;   5.7;   4.6;  860.30;   -1.3;   82.46;    2.0;   -2.9;-999;eor
       1832;20190515;    3;  18.1;   8.8;    3;   0.1;   4;    0.000;-999;   8.0;   5.1;  854.98;   -2.2;   98.38;   -0.8;   -3.6;-999;eor
       1832;20190516;    3;  10.1;   3.6;    3;   7.2;   4;    0.000;-999;   8.0;   6.3;  850.53;    0.4;   99.75;    1.7;   -1.0;-999;eor
       1832;20190517;    3;   8.5;   4.6;    3;   0.0;   0;    7.217;-999;   5.6;   7.7;  847.44;    5.0;   88.13;   11.0;    0.3;-999;eor
       1832;20190518;    3;  10.2;   3.7;    3;   0.0;   0;    8.117;-999;   4.6;   7.8;  846.40;    9.1;   67.71;   12.5;    5.8;-999;eor
       1832;20190519;    3;  10.3;   4.3;    3;   8.1;   4;    5.383;-999;   5.8;   8.8;  844.90;    9.2;   76.29;   14.3;    7.2;-999;eor
       1832;20190520;    3;   8.3;   3.0;    3;  19.3;   4;    0.083;-999;   7.8;   9.4;  842.25;    6.9;   94.50;    9.1;    5.2;-999;eor
       1832;20190521;    3;  13.1;   4.6;    3;  14.6;   4;    0.050;-999;   7.9;   9.9;  845.76;    6.7;  100.00;    8.0;    5.4;-999;eor
       1832;20190522;    3;  14.5;   7.9;    3;   2.0;   4;    0.000;-999;   8.0;   9.2;  853.08;    5.8;  100.00;    7.1;    3.8;-999;eor
       1832;20190523;    3;  11.4;   5.0;    3;   0.0;   0;    7.667;-999;   6.4;   7.7;  856.21;    6.0;   83.17;   11.2;    1.6;-999;eor
       1832;20190524;    3;   6.4;   2.6;    3;   0.0;   0;    6.267;-999;   7.6;   7.9;  854.77;    9.2;   67.54;   13.1;    5.4;-999;eor
       1832;20190525;    3;   8.9;   2.9;    3;   0.0;   4;    6.850;-999;   7.2;   8.7;  854.70;   10.5;   68.50;   14.9;    8.1;-999;eor
       1832;20190526;    3;   9.7;   3.6;    3;   0.0;   0;    6.200;-999;   5.9;   9.4;  854.98;   10.4;   75.04;   14.9;    7.8;-999;eor
       1832;20190527;    3;   7.4;   3.2;    3;  15.5;   4;    4.750;-999;   6.3;  10.0;  850.80;   10.1;   81.54;   13.9;    7.6;-999;eor
       1832;20190528;    3;  13.4;   4.8;    3;  10.7;   4;    0.000;-999;   7.8;   9.5;  846.69;    6.3;   99.50;    7.8;    3.9;-999;eor
       1832;20190529;    3;  13.4;   6.4;    3;   1.4;   4;    0.033;-999;   7.9;   7.6;  855.35;    3.2;   99.04;    4.4;    2.1;-999;eor
       1832;20190530;    3;   9.1;   4.0;    3;   0.0;   0;   11.400;-999;   3.5;   6.5;  862.21;    6.6;   67.96;   12.1;    1.5;-999;eor
       1832;20190531;    3;   8.1;   3.7;    3;   0.2;   4;    0.250;-999;   7.7;  10.2;  863.65;    8.8;   89.13;   11.8;    6.3;-999;eor
       1832;20190601;    3;   7.3;   3.1;    3;   0.0;   0;    9.667;-999;   7.1;  11.3;  862.85;   13.1;   75.71;   18.6;    9.0;-999;eor
       1832;20190602;    3;   9.1;   3.1;    3;   2.6;   4;    7.733;-999;   3.5;  10.9;  860.63;   15.4;   62.83;   19.1;   11.8;-999;eor
       1832;20190603;    3;   8.2;   3.5;    3;   0.2;   4;   10.050;-999;   3.5;  10.2;  858.39;   16.8;   53.79;   21.3;   13.1;-999;eor
       1832;20190604;    3;   8.6;   3.0;    3;   7.2;   4;    8.933;-999;   3.0;  10.7;  855.96;   16.3;   57.88;   19.7;   12.5;-999;eor
       1832;20190605;    3;  12.1;   4.1;    3;   0.0;   0;   12.100;-999;   1.1;  11.0;  852.17;   17.5;   55.17;   21.8;   14.1;-999;eor
       1832;20190606;    3;  12.3;   6.0;    3;   4.6;   4;    5.583;-999;   4.8;  12.2;  851.95;   12.7;   84.13;   16.8;    7.4;-999;eor
       1832;20190607;    3;  15.1;   4.7;    3;   0.0;   0;   10.400;-999;   3.4;  11.7;  854.80;   13.4;   78.79;   18.6;    8.1;-999;eor
       1832;20190608;    3;  19.2;   7.4;    3;   0.0;   0;   10.467;-999;   3.8;   7.6;  861.44;    8.9;   68.04;   13.0;    5.6;-999;eor
       1832;20190609;    1;  10.3;   4.2;    1;   0.0;   4;   11.817;-999;   6.0;   9.4;  862.11;   14.1;   57.58;   19.7;    8.5;-999;eor
       1832;20190610;    1;  16.8;   5.8;    1;   1.9;   4;    4.850;-999;   7.7;  11.5;  855.81;   16.9;   60.00;   21.6;   13.2;-999;eor
       1832;20190611;    1;  19.7;   9.8;    1;   0.0;   4;    8.167;-999;   6.4;  13.3;  852.16;   16.8;   71.38;   22.3;   11.1;-999;eor
       1832;20190612;    1;  16.4;   7.4;    1;   0.0;   4;   11.883;-999;   4.6;  12.1;  852.18;   16.8;   65.33;   23.9;   10.8;-999;eor
       1832;20190613;    1;   9.8;   3.9;    1;   0.0;   0;    4.100;-999;   6.0;  11.8;  855.95;   13.4;   76.42;   18.8;    8.4;-999;eor
       1832;20190614;    1;  17.7;   5.6;    1;   0.0;   0;   11.817;-999;   3.6;  11.5;  858.97;   18.4;   55.67;   24.1;   12.3;-999;eor
       1832;20190615;    1;  18.4;   6.8;    1;  25.4;   4;    8.083;-999;   5.8;  11.7;  856.28;   18.1;   57.71;   22.2;   11.7;-999;eor
       1832;20190616;    1;  10.7;   3.3;    1;   2.5;   4;    0.917;-999;   7.0;  12.3;  859.62;   10.7;   95.96;   12.5;    8.8;-999;eor
       1832;20190617;    1;   9.1;   3.6;    1;   0.0;   0;    9.300;-999;   7.2;  11.9;  860.69;   12.6;   82.92;   17.6;    9.1;-999;eor
       1832;20190618;    1;   8.5;   3.5;    1;   0.0;   0;    6.117;-999;   4.6;  12.6;  857.96;   15.2;   72.71;   20.1;   11.3;-999;eor
       1832;20190619;    1;   9.9;   3.3;    1;   7.2;   4;    8.983;-999;   5.9;  12.6;  855.35;   16.3;   68.33;   19.6;   13.1;-999;eor
       1832;20190620;    1;  16.2;   6.0;    1;   5.2;   4;    1.783;-999;   6.8;  12.2;  855.41;   13.3;   80.13;   16.9;    9.6;-999;eor
       1832;20190621;    1;   7.9;   3.1;    1;   3.4;   4;    7.650;-999;   6.3;  12.7;  858.55;   12.9;   86.08;   16.6;    9.3;-999;eor
       1832;20190622;    1;  16.3;   4.1;    1;   7.1;   4;    0.950;-999;   7.9;  13.1;  858.28;   12.2;   92.21;   14.6;   10.4;-999;eor
       1832;20190623;    1;  11.1;   4.6;    1;   0.0;   4;    0.117;-999;   7.9;  13.9;  859.49;   11.9;   99.38;   12.9;   10.6;-999;eor
       1832;20190624;    1;   9.8;   4.0;    1;   0.0;   0;   13.483;-999;   0.8;  13.0;  863.37;   15.4;   74.88;   20.5;   11.3;-999;eor
       1832;20190625;    1;   9.7;   4.3;    1;   0.0;   0;   14.700;-999;   4.1;  13.9;  864.51;   19.4;   62.04;   25.2;   13.5;-999;eor
       1832;20190626;    1;  10.5;   3.6;    1;   0.0;   0;   14.633;-999;   2.3;  14.4;  866.57;   23.0;   51.33;   27.2;   18.3;-999;eor
       1832;20190627;    1;  12.8;   5.3;    1;   0.0;   0;   13.317;-999;   0.8;  13.8;  864.42;   19.5;   58.54;   23.3;   11.7;-999;eor
       1832;20190628;    1;  11.0;   3.5;    1;   0.0;   0;   15.133;-999;   0.0;   9.1;  862.91;   14.6;   54.54;   18.9;    9.3;-999;eor
       1832;20190629;    1;  11.2;   2.6;    1;   0.0;   0;   15.100;-999;   0.0;  10.4;  862.57;   17.3;   52.96;   22.6;   12.2;-999;eor
       1832;20190630;    1;  13.3;   7.0;    1;   0.0;   0;   14.700;-999;   1.0;  10.2;  860.74;   21.2;   40.13;   26.3;   16.6;-999;eor
       1832;20190701;    1;  21.0;   9.1;    1;   2.4;   4;    6.650;-999;   6.4;  15.0;  859.60;   19.2;   67.75;   24.6;   13.1;-999;eor
       1832;20190702;    1;   9.9;   4.5;    1;   0.0;   0;   11.733;-999;   3.9;  10.5;  859.75;   14.7;   64.04;   19.6;    8.8;-999;eor
       1832;20190703;    1;   9.0;   3.6;    1;   0.0;   0;   14.367;-999;   2.7;   8.3;  860.53;   12.1;   59.50;   17.4;    7.1;-999;eor
       1832;20190704;    1;   7.5;   3.0;    1;   0.0;   0;   12.917;-999;   2.1;   8.4;  860.90;   13.5;   54.96;   19.1;    8.3;-999;eor
       1832;20190705;    1;  14.1;   7.7;    1;   0.0;   0;    6.167;-999;   6.5;   8.3;  857.73;   13.5;   53.13;   17.1;   11.6;-999;eor
       1832;20190706;    1;  18.1;   8.9;    1;   0.0;   4;    9.717;-999;   4.2;   8.5;  854.10;   16.3;   46.92;   22.6;   12.4;-999;eor
       1832;20190707;    1;  20.8;   8.8;    1;   0.2;   6;    2.350;-999;   6.5;  10.6;  852.15;   10.3;   84.33;   14.0;    5.5;-999;eor
       1832;20190708;    1;  12.9;   5.3;    1;   0.0;   0;   10.283;-999;   5.9;   6.7;  855.24;    8.6;   60.54;   13.9;    4.7;-999;eor
