STATIONS_ID;MESS_DATUM;QN_3;  FX;  FM;QN_4; RSK;RSKF; SDK;SHK_TAG;  NM; VPM;  PM; TMK; UPM; TXK; TNK; TGK;eor
       7341;20180106;   10;   6.1;   1.7;    3;  10.9;   6;    0.000;   0;   7.9;   9.7;  993.75;    7.4;   93.54;    9.3;    4.8;    3.3;eor
       7341;20180107;   10;  10.1;   3.7;    3;   0.0;   0;    0.083;   0;   7.8;   7.3; 1006.08;    5.1;   82.75;    6.0;    4.0;    3.8;eor
       7341;20180108;   10;   8.3;   3.3;    3;   0.0;   0;    0.000;   0;   7.9;   7.0; 1007.98;    5.7;   76.92;    7.3;    4.0;    3.3;eor
       7341;20180109;   10;   7.5;   1.8;    3;   0.5;   6;    2.200;   0;   7.4;   7.4;  999.26;    5.1;   84.50;    8.7;    2.1;    0.1;eor
       7341;20180110;   10;   8.9;   2.0;    3;   1.1;   6;    3.800;   0;   7.4;   8.5;  997.52;    7.3;   83.46;   11.7;    3.7;    2.6;eor
       7341;20180111;   10;   3.5;   1.0;    3;   1.4;   6;    0.000;   0;   7.9;   8.6; 1002.02;    5.8;   93.08;    7.5;    4.5;    2.5;eor
       7341;20180112;   10;   4.3;   1.1;    3;   0.0;   0;    0.000;   0;   8.0;   8.2; 1010.60;    5.4;   91.63;    6.7;    3.8;    2.6;eor
       7341;20180113;   10;   6.7;   2.2;    3;   0.0;   0;    0.000;   0;   8.0;   6.5; 1010.88;    4.7;   76.13;    6.0;    2.7;    0.4;eor
       7341;20180114;   10;   7.6;   2.2;    3;   0.0;   0;    3.783;   0;   5.3;   5.1; 1008.28;    1.8;   73.79;    5.5;   -3.1;   -5.1;eor
       7341;20180115;   10;  15.4;   3.2;    3;   3.4;   6;    0.000;   0;   7.1;   6.1;  997.74;    2.6;   82.54;    6.8;   -3.1;   -5.0;eor
       7341;20180116;   10;  17.0;   5.0;    3;   5.6;   6;    3.183;   0;  -999;   7.2;  981.68;    6.3;   76.13;    9.3;    2.2;   -0.2;eor
       7341;20180117;   10;  15.9;   5.1;    3;   2.3;   8;    1.583;   0;   6.7;   5.8;  988.10;    3.4;   74.17;    4.8;    1.4;   -0.4;eor
       7341;20180118;   10;  27.3;   5.9;    3;   3.0;   6;    2.950;   0;   5.5;   6.5;  987.85;    5.4;   73.33;   11.4;    2.0;   -2.1;eor
       7341;20180119;   10;  11.3;   3.1;    3;   0.2;   6;    2.250;   0;   6.1;   6.2;  994.53;    3.4;   80.71;    6.4;   -0.1;   -3.1;eor
       7341;20180120;   10;   8.0;   2.4;    3;   5.9;   8;    0.800;   0;   7.0;   6.4;  991.48;    2.3;   89.08;    4.5;    0.6;   -2.4;eor
       7341;20180121;   10;   7.2;   2.2;    3;   1.1;   8;    1.083;   0;   7.8;   6.0;  998.75;    2.6;   81.83;    4.9;    0.7;   -1.1;eor
       7341;20180122;   10;   6.7;   1.9;    3;   0.9;   6;    0.000;   0;   7.8;   7.2;  997.14;    3.0;   94.21;    5.3;    0.5;    0.0;eor
       7341;20180123;   10;  10.3;   3.0;    3;   0.2;   6;    0.283;   0;   7.9;   8.1; 1009.01;    6.8;   81.71;    8.6;    4.5;    2.9;eor
       7341;20180124;   10;  12.9;   4.1;    3;   0.0;   6;    0.017;   0;   7.8;   9.7; 1005.82;   10.0;   78.38;   11.9;    8.1;    6.7;eor
       7341;20180125;   10;  11.8;   3.6;    3;  10.9;   6;    0.000;   0;   7.8;  10.2; 1000.10;    9.9;   84.54;   11.4;    7.8;    6.9;eor
       7341;20180126;   10;   4.8;   1.0;    3;   0.2;   6;    1.017;   0;   7.8;   9.3; 1004.17;    6.9;   93.13;    9.0;    4.2;    2.6;eor
       7341;20180127;   10;   8.2;   1.6;    3;   0.1;   6;    0.000;   0;   7.8;   7.6; 1016.50;    3.4;   98.00;    5.4;    1.5;   -0.8;eor
       7341;20180128;   10;  11.7;   4.4;    3;   0.2;   6;    0.000;   0;   7.8;   8.4; 1018.25;    6.9;   84.08;    8.6;    4.7;    4.3;eor
       7341;20180129;   10;  13.1;   4.9;    3;   1.3;   6;    0.017;   0;   7.8;   9.1; 1014.02;    9.4;   77.67;   10.5;    8.1;    6.5;eor
       7341;20180130;   10;   9.7;   2.2;    3;   0.1;   6;    7.750;   0;   6.0;   7.0; 1013.90;    5.7;   77.67;    9.9;    0.2;   -2.5;eor
       7341;20180131;   10;  16.5;   5.2;    3;   8.7;   6;    0.000;   0;   7.7;   8.8;  996.65;    7.5;   84.96;    9.6;    3.6;    1.5;eor
       7341;20180201;   10;  11.6;   2.9;    3;   0.0;   6;    1.967;   0;   6.7;   6.4;  988.77;    3.3;   83.71;    6.1;    0.4;   -2.3;eor
       7341;20180202;   10;  11.5;   3.6;    3;   1.1;   8;    0.117;   0;   6.0;   6.4;  991.15;    2.4;   87.17;    4.2;   -0.1;   -2.9;eor
       7341;20180203;   10;   6.7;   1.9;    3;   3.1;   8;    1.250;   0;   7.5;   5.9;  992.76;    2.2;   83.21;    4.7;   -1.3;   -3.4;eor
       7341;20180204;   10;   8.3;   2.3;    3;   0.2;   8;    0.017;   1;   7.7;   5.4; 1001.88;    0.1;   87.67;    0.9;   -1.2;   -2.6;eor
       7341;20180205;   10;   8.7;   3.1;    3;   0.0;   0;    7.967;   0;   1.7;   4.3; 1009.30;    0.0;   70.75;    4.2;   -2.7;   -4.3;eor
       7341;20180206;   10;   5.2;   2.2;    3;   0.0;   0;    0.050;   0;   7.6;   4.3; 1000.15;   -0.4;   71.58;    1.7;   -2.0;   -4.2;eor
       7341;20180207;   10;   6.7;   2.1;    3;   0.0;   0;    7.650;   0;   3.5;   4.6;  999.72;   -0.5;   77.67;    3.5;   -4.1;   -6.2;eor
       7341;20180208;   10;   5.6;   1.6;    3;   0.0;   0;    6.133;   0;   4.5;   4.3; 1005.30;   -2.0;   81.50;    0.1;   -5.8;   -7.5;eor
       7341;20180209;   10;   3.3;   1.0;    3;   0.0;   7;    0.000;   0;   7.3;   4.8; 1002.22;   -1.4;   87.00;    1.1;   -6.1;   -7.6;eor
       7341;20180210;   10;   8.0;   2.4;    3;   0.0;   8;    0.000;   0;   7.8;   5.6; 1001.94;    1.5;   82.42;    3.2;   -1.1;   -2.7;eor
       7341;20180211;   10;  10.5;   3.4;    3;   1.7;   8;    0.000;   0;   7.5;   6.1;  992.92;    2.0;   85.63;    4.5;    0.1;   -2.8;eor
       7341;20180212;   10;   9.2;   2.9;    3;   0.3;   8;    2.633;   0;   5.0;   5.1;  999.38;    1.4;   76.04;    4.6;   -2.0;   -5.4;eor
       7341;20180213;   10;   7.4;   1.5;    3;   0.0;   0;    6.450;   0;   3.0;   4.2; 1001.10;   -0.2;   71.04;    5.1;   -5.0;   -7.6;eor
       7341;20180214;   10;   8.1;   1.9;    3;   0.0;   0;    9.283;   0;   1.1;   3.8; 1003.35;   -1.1;   70.75;    4.9;   -7.0;   -9.6;eor
       7341;20180215;   10;   7.2;   2.1;    3;   2.3;   8;    0.000;   0;   7.8;   5.4; 1002.56;    1.1;   82.04;    2.6;   -0.2;   -1.2;eor
       7341;20180216;   10;   4.2;   1.1;    3;   0.0;   0;    1.617;   0;   6.3;   6.7; 1010.78;    2.1;   94.38;    7.8;   -2.2;   -4.8;eor
       7341;20180217;   10;   5.9;   1.7;    3;   0.0;   0;    0.000;   0;   7.5;   5.5; 1008.80;    0.5;   87.13;    3.3;   -2.8;   -5.5;eor
       7341;20180218;   10;   6.3;   1.4;    3;   0.0;   0;    9.083;   0;   2.3;   4.7; 1012.46;    0.3;   77.79;    6.6;   -5.1;   -7.7;eor
       7341;20180219;   10;   6.6;   1.5;    3;   0.0;   0;    3.917;   0;   7.9;   4.7; 1006.18;   -0.1;   78.13;    3.2;   -3.9;   -6.2;eor
       7341;20180220;   10;   8.0;   2.0;    3;   0.0;   0;    1.700;   0;   7.4;   4.6; 1003.34;    0.8;   71.54;    4.1;   -2.1;   -4.8;eor
       7341;20180221;   10;  10.8;   3.3;    3;   0.0;   0;    9.233;   0;   4.6;   4.2; 1007.41;    1.3;   62.88;    5.4;   -1.8;   -5.8;eor
       7341;20180222;   10;  12.5;   4.0;    3;   0.0;   0;    9.750;   0;   1.9;   3.5; 1006.30;    0.1;   57.50;    3.5;   -2.6;   -6.5;eor
       7341;20180223;   10;  11.0;   4.3;    3;   0.0;   0;    9.817;   0;   0.0;   2.9; 1005.57;   -1.0;   51.00;    2.7;   -3.9;   -6.4;eor
       7341;20180224;   10;  13.7;   4.6;    3;   0.0;   0;    9.800;   0;   0.9;   2.6; 1008.67;   -1.4;   48.08;    4.5;   -5.9;   -9.0;eor
       7341;20180225;   10;  10.9;   4.5;    3;   0.0;   0;    9.983;   0;   1.8;   1.9; 1012.29;   -3.5;   41.75;    0.3;   -6.4;   -8.6;eor
       7341;20180226;   10;  12.8;   3.9;    3;   0.2;   7;    3.800;   0;   5.8;   2.2; 1010.79;   -5.2;   54.21;   -2.2;   -7.8;  -11.5;eor
       7341;20180227;   10;  10.3;   3.7;    3;   0.0;   0;    9.967;   0;   5.5;   1.9; 1005.36;   -6.4;   51.38;   -3.0;   -9.5;  -12.4;eor
       7341;20180228;   10;  11.2;   3.7;    3;   0.0;   0;    9.533;   0;   3.5;   1.8; 1004.54;   -6.6;   49.67;   -2.9;   -9.9;  -13.3;eor
       7341;20180301;   10;  10.9;   4.4;    3;   0.0;   0;    6.933;   0;   8.0;   1.9;  993.78;   -3.2;   40.79;    1.5;   -7.2;   -8.4;eor
       7341;20180302;   10;   8.0;   3.1;    3;   2.2;   8;    0.000;   0;   7.9;   2.6;  985.23;   -2.6;   51.33;    0.2;   -5.6;   -6.2;eor
       7341;20180303;   10;   5.8;   1.9;    3;   0.2;   8;    0.617;   3;   7.7;   4.7;  984.70;   -0.9;   81.54;    2.0;   -3.1;   -3.9;eor
       7341;20180304;   10;   8.3;   2.2;    3;   0.5;   6;    4.367;   0;   7.3;   6.6;  984.50;    5.0;   76.04;   11.4;   -0.1;   -0.5;eor
       7341;20180305;   10;   6.3;   1.9;    3;   0.0;   0;    7.450;   0;   7.3;   7.4;  982.13;    7.2;   74.79;   13.6;    0.0;   -3.5;eor
       7341;20180306;   10;   5.8;   1.1;    3;   0.0;   6;    5.350;   0;   8.0;   6.0;  978.12;    3.7;   76.79;   10.6;   -2.5;   -5.9;eor
       7341;20180307;   10;  12.1;   3.6;    3;   0.6;   6;    1.167;   0;   7.1;   7.6;  982.25;    6.7;   77.83;   10.1;    2.3;   -1.9;eor
       7341;20180308;   10;  16.2;   4.3;    3;   2.6;   6;    1.583;   0;   6.8;   6.9;  989.91;    6.6;   72.00;   11.7;    3.0;    0.4;eor
       7341;20180309;   10;   8.2;   1.9;    3;   7.8;   6;    0.000;   0;   7.8;   8.4;  994.02;    5.7;   90.17;    8.5;    1.7;   -1.0;eor
       7341;20180310;   10;   9.9;   2.1;    3;   0.1;   6;    0.350;   0;   7.8;  11.0;  990.02;   10.0;   89.88;   14.9;    6.1;    4.9;eor
       7341;20180311;   10;   5.9;   1.8;    3;   1.1;   6;    2.650;   0;   7.7;  10.9;  983.67;   11.4;   81.63;   15.8;    7.9;    5.3;eor
       7341;20180312;   10;  11.1;   2.9;    3;   1.1;   6;    1.950;   0;   7.8;  10.7;  981.22;   10.4;   85.58;   14.5;    8.7;    7.1;eor
       7341;20180313;   10;  14.8;   4.8;    3;   6.7;   6;    0.000;   0;   7.6;   8.5;  989.77;    7.8;   79.46;    9.5;    4.7;    4.4;eor
       7341;20180314;   10;   6.8;   1.9;    3;   0.0;   0;    3.117;   0;   5.1;   7.2;  996.97;    6.2;   77.75;   11.3;    2.0;   -2.0;eor
       7341;20180315;   10;  10.1;   2.5;    3;   1.7;   6;    6.117;   0;   5.9;   6.7;  985.98;    6.6;   70.00;   11.8;    0.0;   -3.2;eor
       7341;20180316;   10;   7.4;   2.4;    3;   2.3;   8;    0.000;   0;   7.8;   8.7;  987.35;    6.2;   90.67;   10.2;    1.0;    1.2;eor
       7341;20180317;   10;  12.9;   5.0;    3;   3.4;   8;    0.000;   0;   7.9;   4.1;  989.73;   -1.2;   73.42;    1.1;   -3.2;   -3.2;eor
       7341;20180318;   10;   9.7;   4.2;    3;   0.2;   8;    0.000;   4;   7.9;   3.5;  992.90;   -2.4;   70.13;    0.4;   -4.4;   -4.1;eor
       7341;20180319;   10;   8.6;   3.3;    3;   0.0;   0;    7.850;   1;   7.2;   3.1;  997.19;   -1.3;   56.17;    2.8;   -3.7;   -7.2;eor
       7341;20180320;   10;   6.6;   1.2;    3;   0.1;   8;    0.950;   0;   5.6;   4.1; 1003.87;   -1.8;   76.17;    2.8;   -7.5;  -10.8;eor
       7341;20180321;   10;   5.3;   1.2;    3;   0.0;   0;   11.000;   0;   4.3;   3.9; 1012.98;    0.3;   66.58;    7.3;   -6.3;   -9.3;eor
       7341;20180322;   10;   9.7;   2.9;    3;   2.2;   8;    0.000;   0;   7.8;   5.7; 1003.54;    1.3;   83.21;    3.1;   -1.9;   -5.0;eor
       7341;20180323;   10;   6.5;   2.2;    3;   0.4;   6;    0.000;   0;   7.9;   7.7;  993.91;    5.1;   88.42;    8.5;    2.7;    2.1;eor
       7341;20180324;   10;   7.6;   1.8;    3;   0.0;   0;    8.767;   0;   6.9;   6.2;  988.85;    5.2;   73.58;   11.5;   -0.8;   -3.3;eor
       7341;20180325;   10;   5.3;   1.2;    3;   0.0;   0;   11.083;   0;   6.0;   5.6;  992.77;    5.4;   66.79;   13.1;   -2.4;   -5.8;eor
       7341;20180326;   10;   6.4;   1.4;    3;   0.1;   6;    0.850;   0;   7.8;   6.9;  999.81;    7.2;   67.79;   10.5;    1.0;   -2.5;eor
       7341;20180327;   10;   8.4;   2.1;    3;   5.4;   6;    3.483;   0;   7.0;   7.0;  998.75;    6.1;   75.71;   11.3;    0.4;   -2.6;eor
       7341;20180328;   10;  13.9;   3.3;    3;   5.4;   6;    0.000;   0;   7.7;   9.5;  989.10;    8.2;   87.92;   10.5;    5.7;    5.1;eor
       7341;20180329;   10;   9.7;   3.3;    3;   0.0;   6;    5.050;   0;   6.1;   6.3;  992.70;    6.6;   65.79;   11.9;    1.2;   -1.9;eor
       7341;20180330;   10;   9.0;   2.1;    3;   0.0;   6;    6.467;   0;   7.9;   7.1;  988.40;    7.5;   70.17;   13.8;   -0.7;   -3.0;eor
       7341;20180331;   10;   7.9;   2.1;    3;   0.0;   6;    4.533;   0;   7.9;   7.2;  985.38;    9.5;   62.58;   14.7;    6.3;    4.5;eor
       7341;20180401;   10;  11.7;   3.6;    3;   1.8;   6;    2.250;   0;   6.9;   7.3;  993.76;    8.1;   68.33;   11.3;    5.1;    1.4;eor
       7341;20180402;   10;   9.9;   2.3;    3;   0.8;   6;    7.433;   0;   7.7;   6.7;  995.01;    9.7;   59.04;   15.0;    2.6;   -0.5;eor
       7341;20180403;   10;   9.8;   2.6;    3;   0.0;   6;    5.433;   0;   7.7;   8.3;  989.99;   14.2;   54.04;   20.1;    8.6;    6.3;eor
       7341;20180404;   10;  14.1;   3.2;    3;   2.9;   6;    3.250;   0;   7.7;  10.2;  990.01;   11.8;   73.54;   17.9;    8.1;    4.1;eor
       7341;20180405;   10;  14.3;   4.5;    3;   1.8;   6;    2.183;   0;   6.9;   8.2;  998.94;    9.1;   70.50;   13.0;    0.4;   -2.3;eor
       7341;20180406;   10;   8.4;   2.3;    3;   0.0;   0;   11.933;   0;   3.5;   5.6; 1006.60;    7.3;   59.71;   15.2;   -1.3;   -3.3;eor
       7341;20180407;   10;   7.4;   2.0;    3;   0.0;   0;   12.283;   0;   3.4;   7.1;  999.06;   12.4;   53.25;   23.0;    1.2;   -2.0;eor
       7341;20180408;   10;   5.9;   1.7;    3;   0.0;   0;   11.633;   0;   4.3;   8.8;  994.17;   14.8;   55.42;   23.7;    5.0;    1.8;eor
       7341;20180409;   10;   7.1;   1.5;    3;   0.0;   0;    3.450;   0;   6.8;   9.7;  990.25;   14.6;   62.04;   21.8;    6.3;    3.0;eor
       7341;20180410;   10;  13.4;   2.5;    3;   5.3;   6;    3.400;   0;   8.0;  10.7;  989.27;   14.2;   68.54;   21.4;    8.3;    5.5;eor
       7341;20180411;   10;   6.6;   2.0;    3;   0.0;   6;    7.300;   0;   5.2;  10.9;  991.81;   12.2;   78.13;   17.5;    8.6;    6.4;eor
       7341;20180412;   10;   8.5;   2.4;    3;   0.0;   6;    7.600;   0;   7.5;  10.8;  986.05;   15.2;   65.46;   22.1;    9.2;    6.2;eor
       7341;20180413;   10;   9.3;   2.1;    3;  36.4;   6;    0.000;   0;   7.9;  11.7;  993.76;   10.2;   93.58;   12.0;    8.1;    5.8;eor
       7341;20180414;   10;   7.8;   1.7;    3;   0.0;   6;   10.300;   0;   6.5;  10.4; 1003.69;   12.7;   74.71;   20.8;    4.8;    2.6;eor
       7341;20180415;   10;   6.3;   1.3;    3;   0.5;   6;    4.750;   0;   7.5;  11.9;  998.74;   14.8;   72.79;   20.4;    9.7;    8.2;eor
       7341;20180416;   10;   6.4;   1.5;    3;   0.0;   0;    7.000;   0;   6.0;  11.5; 1000.53;   15.1;   70.25;   21.1;    9.5;    7.0;eor
       7341;20180417;   10;   7.1;   1.5;    3;   0.0;   0;   12.200;   0;   4.1;  10.3; 1010.70;   15.1;   64.42;   22.9;    7.4;    4.4;eor
       7341;20180418;   10;   7.6;   1.5;    3;   0.0;   0;   13.150;   0;   3.1;  10.0; 1015.89;   16.6;   59.63;   26.1;    6.9;    4.2;eor
       7341;20180419;   10;   8.2;   1.9;    3;   0.0;   0;   13.133;   0;   4.8;   9.5; 1013.25;   18.4;   52.04;   28.0;    8.4;    5.0;eor
       7341;20180420;   10;   6.1;   1.2;    3;   0.0;   0;   12.983;   0;   5.5;  11.4; 1008.59;   18.4;   59.13;   28.7;    8.2;    5.0;eor
       7341;20180421;   10;   8.0;   1.4;    3;   0.0;   0;   12.467;   0;   4.3;  13.6; 1004.90;   18.5;   67.54;   26.3;    9.7;    6.8;eor
       7341;20180422;   10;   8.7;   1.7;    3;   0.0;   0;    9.383;   0;  -999;  13.2;  999.78;   19.9;   60.33;   27.8;   11.5;    8.7;eor
       7341;20180423;   10;   9.7;   2.5;    3;   0.0;   6;    5.317;   0;   6.7;  13.6; 1000.47;   18.1;   65.38;   22.5;   10.5;    6.6;eor
       7341;20180424;   10;  10.3;   2.6;    3;   0.0;   0;   10.150;   0;   7.4;  10.6; 1002.35;   15.0;   64.71;   20.9;    8.3;    5.3;eor
       7341;20180425;   10;  14.7;   3.6;    3;   0.1;   6;    6.433;   0;   5.3;  11.3;  997.92;   14.0;   72.46;   19.5;    8.6;    5.2;eor
       7341;20180426;   10;  12.0;   3.6;    3;   0.0;   0;    7.717;   0;  -999;   7.1; 1002.95;   11.4;   54.08;   16.0;    5.4;    1.2;eor
       7341;20180427;   10;   9.3;   2.0;    3;   0.0;   0;   11.667;   0;  -999;   8.1;  998.14;   12.1;   60.75;   20.0;    3.4;    0.1;eor
       7341;20180428;   10;   9.0;   2.3;    3;   0.4;   6;    7.967;   0;   5.9;   9.3;  997.85;   13.8;   60.92;   19.2;    7.9;    2.7;eor
       7341;20180429;   10;   8.5;   2.0;    3;   0.7;   6;    8.550;   0;   7.1;  13.3;  991.37;   16.5;   72.63;   24.9;    7.4;    4.7;eor
       7341;20180430;   10;  21.6;   5.0;    3;   0.1;   6;    6.417;   0;   6.0;   9.5;  989.11;   14.7;   57.00;   19.9;    9.6;    8.1;eor
       7341;20180501;   10;  13.3;   3.4;    3;   0.0;   0;    7.650;-999;   5.1;   6.7;  998.64;    9.2;   59.75;   14.8;    2.8;   -0.1;eor
       7341;20180502;   10;   3.9;   1.1;    3;   0.0;   0;    3.417;-999;   6.9;   7.8;  998.82;    9.8;   67.08;   17.1;    1.1;   -1.6;eor
       7341;20180503;   10;   8.6;   2.2;    3;   0.0;   0;    6.767;-999;   7.7;   9.3; 1001.24;   13.3;   63.33;   19.3;    6.9;    4.9;eor
       7341;20180504;   10;  10.1;   3.2;    3;   0.0;   0;   12.567;-999;   1.8;   8.6; 1005.93;   14.7;   51.92;   21.5;    8.1;    5.8;eor
       7341;20180505;   10;   9.9;   3.2;    3;   0.0;   0;   13.817;-999;   0.3;   9.2; 1008.18;   16.5;   50.71;   23.7;    9.1;    6.3;eor
       7341;20180506;   10;   9.4;   2.8;    3;   0.0;   0;   14.067;-999;   0.3;   8.7; 1007.94;   17.9;   45.38;   26.0;    9.8;    6.5;eor
       7341;20180507;   10;   8.2;   2.5;    3;   0.0;   0;   14.100;-999;   0.3;   9.8; 1003.79;   19.0;   47.21;   26.3;   10.5;    5.7;eor
       7341;20180508;   10;   8.2;   2.0;    3;   0.0;   0;   14.083;-999;   0.4;  10.2;  996.93;   18.8;   52.00;   26.6;    9.4;    5.8;eor
       7341;20180509;   10;   6.5;   1.4;    3;   0.5;   6;   12.100;-999;   2.5;  11.4;  992.78;   19.4;   54.13;   27.2;   10.2;    7.3;eor
       7341;20180510;   10;  10.3;   2.3;    3;   0.6;   6;    3.650;-999;   7.7;  13.5;  997.05;   15.5;   76.63;   19.6;   11.2;    8.3;eor
       7341;20180511;   10;   6.2;   1.5;    3;   0.0;   0;    8.433;-999;  -999;  11.1; 1004.29;   15.0;   68.29;   21.6;    7.4;    4.4;eor
       7341;20180512;   10;   6.4;   1.5;    3;   0.0;   0;   10.950;-999;   7.1;  12.8;  999.80;   17.9;   65.79;   25.5;    9.3;    7.0;eor
       7341;20180513;   10;   8.5;   2.0;    3;  17.0;   6;    4.817;-999;   7.8;  15.2;  994.94;   17.7;   75.96;   24.3;   13.0;   11.2;eor
       7341;20180514;   10;  14.1;   1.9;    3;  11.6;   8;    4.667;-999;   6.2;  15.5;  994.80;   17.2;   79.29;   25.9;   13.9;   11.3;eor
       7341;20180515;   10;  16.0;   3.0;    3;   9.2;   6;    8.483;-999;   6.8;  11.0;  998.77;   16.7;   60.17;   22.1;   11.9;   10.3;eor
       7341;20180516;   10;  10.7;   2.1;    3;  10.7;   8;    4.400;-999;   7.5;  13.7; 1000.05;   15.0;   81.33;   20.6;   12.1;   11.8;eor
       7341;20180517;   10;   8.1;   2.3;    3;   0.0;   6;    7.133;-999;   7.5;  11.4; 1003.67;   15.1;   68.04;   20.2;    9.7;    7.4;eor
       7341;20180518;   10;   7.4;   1.7;    3;   0.0;   0;    6.067;-999;   6.1;  10.3; 1006.54;   11.4;   76.96;   15.0;    7.2;    5.2;eor
       7341;20180519;   10;   8.0;   2.0;    3;   0.0;   0;   12.383;-999;   7.5;  10.3; 1006.45;   13.5;   69.58;   19.5;    6.6;    5.4;eor
       7341;20180520;   10;   8.0;   2.4;    3;   0.0;   6;    4.667;-999;   7.6;  12.0; 1005.70;   16.8;   63.17;   22.1;   10.8;    9.3;eor
       7341;20180521;   10;   9.8;   2.7;    3;   0.0;   0;   12.933;-999;   6.4;  11.5; 1000.22;   19.9;   50.29;   25.5;   14.8;   12.7;eor
       7341;20180522;   10;  10.6;   1.7;    3;   0.1;   6;    8.083;-999;   6.7;  13.7;  998.39;   18.1;   68.00;   25.4;   11.8;   10.1;eor
       7341;20180523;   10;  10.8;   1.7;    3;   1.3;   6;    4.600;-999;   7.5;  15.9; 1003.02;   17.1;   82.79;   25.1;   13.1;   12.1;eor
       7341;20180524;   10;   7.4;   1.7;    3;   0.4;   6;    2.850;-999;   7.8;  16.8; 1003.85;   17.4;   84.92;   22.0;   13.0;   11.7;eor
       7341;20180525;   10;   5.5;   1.4;    3;   0.0;   6;    6.417;-999;   6.3;  17.1; 1004.08;   19.2;   78.96;   25.6;   13.0;   11.4;eor
       7341;20180526;   10;   5.9;   1.6;    3;   0.0;   0;   14.517;-999;   6.1;  15.9; 1005.53;   21.1;   67.04;   28.5;   13.8;   11.6;eor
       7341;20180527;   10;   6.1;   1.5;    3;   0.0;   0;    7.800;-999;   6.3;  16.8; 1003.57;   22.3;   65.08;   29.6;   14.5;   12.8;eor
       7341;20180528;   10;   9.4;   2.2;    3;   0.0;   0;   13.167;-999;   5.6;  16.9; 1001.85;   24.0;   59.75;   31.5;   16.4;   14.5;eor
       7341;20180529;   10;   9.6;   1.9;    3;   0.0;   6;    8.967;-999;   7.2;  18.7;  998.77;   22.6;   69.13;   29.1;   16.7;   15.0;eor
       7341;20180530;   10;   7.2;   1.5;    3;   0.0;   0;   14.400;-999;   2.4;  16.9;  999.99;   22.9;   63.17;   29.3;   15.9;   13.7;eor
       7341;20180531;   10;   8.1;   1.7;    3;   0.3;   6;   10.400;-999;   7.4;  18.6;  999.50;   22.4;   70.17;   30.0;   17.0;   15.6;eor
       7341;20180601;   10;  11.1;   3.3;    3;   0.0;   6;    5.500;-999;   6.0;  17.3; 1002.55;   20.3;   73.58;   25.0;   15.7;   13.7;eor
       7341;20180602;   10;   7.4;   1.9;    3;   0.0;   0;   10.800;-999;   3.4;  15.6; 1004.25;   19.9;   69.96;   26.1;   13.2;   11.3;eor
       7341;20180603;   10;   7.9;   1.8;    3;   0.0;   0;   13.800;-999;   2.6;  15.1; 1002.95;   21.0;   63.96;   27.4;   13.3;   11.3;eor
       7341;20180604;   10;   8.5;   2.4;    3;   0.0;   6;   14.000;-999;   2.0;  15.6;  997.41;   23.1;   57.96;   29.2;   16.3;   14.2;eor
       7341;20180605;   10;   8.7;   2.9;    3;   0.0;   0;   14.500;-999;   0.6;  16.3;  997.07;   21.9;   64.04;   27.5;   17.1;   16.0;eor
       7341;20180606;   10;   5.8;   1.9;    3;   0.0;   0;   12.300;-999;   3.4;  15.3;  998.08;   22.6;   58.42;   30.2;   15.2;   13.7;eor
       7341;20180607;   10;   8.5;   1.5;    3;   7.3;   8;    8.900;-999;   7.6;  18.4;  999.77;   21.7;   72.25;   28.4;   16.6;   14.8;eor
       7341;20180608;   10;  10.5;   1.6;    3;   0.0;   6;    7.150;-999;   7.5;  19.0;  998.25;   22.4;   72.42;   28.5;   18.1;   17.8;eor
       7341;20180609;   10;   8.7;   1.9;    3;   7.8;   6;    8.867;-999;   6.7;  18.6;  997.32;   23.0;   69.33;   31.2;   17.3;   16.1;eor
       7341;20180610;   10;   8.1;   1.4;    3;   2.7;   6;    6.283;-999;   7.0;  19.8;  997.17;   22.4;   75.54;   28.2;   17.5;   17.2;eor
       7341;20180611;   10;   8.6;   2.4;    3;   8.8;   6;    6.467;-999;   6.9;  19.5;  995.93;   20.1;   83.79;   25.1;   15.8;   15.4;eor
       7341;20180612;   10;   8.5;   2.3;    3;   2.0;   6;    0.000;-999;   7.8;  15.3;  996.52;   16.2;   83.13;   17.6;   14.6;   14.6;eor
       7341;20180613;   10;   7.2;   2.2;    3;   0.0;   0;    2.183;-999;   7.5;  11.8; 1000.67;   15.4;   67.63;   17.2;   13.7;   13.4;eor
       7341;20180614;   10;   8.4;   1.6;    3;   0.1;   6;    5.050;-999;   7.9;  12.7; 1002.28;   17.0;   67.21;   21.6;   13.0;   12.8;eor
       7341;20180615;   10;   4.3;   1.1;    3;   0.0;   0;    1.100;-999;   8.0;  15.3; 1002.85;   18.3;   74.17;   22.3;   14.1;   13.5;eor
       7341;20180616;   10;   6.9;   1.5;    3;   0.0;   0;    9.250;-999;   6.2;  15.2; 1001.23;   20.5;   66.67;   26.8;   14.0;   12.6;eor
       7341;20180617;   10;   8.0;   2.3;    3;   0.0;   6;    6.500;-999;   7.2;  13.4; 1003.71;   19.6;   59.96;   24.2;   13.8;   12.1;eor
       7341;20180618;   10;   7.8;   2.2;    3;   0.0;   0;    5.733;-999;   6.7;  13.7; 1007.63;   19.0;   63.38;   24.0;   13.3;   12.0;eor
       7341;20180619;   10;   6.2;   2.0;    3;   0.0;   0;    5.900;-999;   5.3;  16.3; 1009.41;   20.4;   69.04;   24.7;   15.4;   13.3;eor
       7341;20180620;   10;   6.9;   1.4;    3;   0.0;   6;   13.200;-999;   3.0;  16.3; 1006.26;   23.4;   60.25;   31.2;   17.1;   15.8;eor
       7341;20180621;   10;  14.0;   3.6;    3;   0.0;   6;   12.550;-999;   3.5;  12.4; 1003.33;   19.4;   55.63;   25.2;   12.8;   11.4;eor
       7341;20180622;   10;  10.4;   3.9;    3;   0.0;   0;    2.817;-999;   5.4;   9.3; 1010.09;   14.1;   57.92;   17.9;    9.9;    8.4;eor
       7341;20180623;   10;   9.4;   2.6;    3;   0.0;   0;    6.333;-999;  -999;  10.0; 1010.80;   14.7;   61.25;   19.5;    8.4;    5.2;eor
       7341;20180624;   10;   8.9;   1.8;    3;   0.0;   0;    3.683;-999;  -999;  11.3; 1007.35;   16.2;   63.21;   21.6;    8.8;    6.9;eor
       7341;20180625;   10;   7.7;   2.0;    3;   0.0;   0;    5.117;-999;   7.3;  12.5; 1008.34;   18.3;   60.88;   23.5;   15.0;   14.3;eor
       7341;20180626;   10;   9.5;   2.4;    3;   0.0;   0;   14.000;-999;   3.7;  13.8; 1008.83;   19.5;   61.75;   23.7;   14.7;   13.3;eor
       7341;20180627;   10;   9.4;   3.0;    3;   0.0;   0;   14.067;-999;  -999;  12.3; 1008.25;   20.3;   54.63;   26.3;   13.8;   10.9;eor
       7341;20180628;   10;  10.3;   2.8;    3;   0.0;   0;   12.283;-999;   6.3;  13.0; 1005.71;   21.6;   52.92;   28.5;   12.0;    9.3;eor
       7341;20180629;   10;   9.3;   2.3;    3;   0.0;   0;   11.817;-999;   3.7;  13.7; 1001.69;   24.5;   46.38;   30.4;   18.3;   15.1;eor
       7341;20180630;   10;   9.8;   3.0;    3;   0.0;   0;   15.367;-999;   0.0;  12.0; 1000.50;   22.9;   44.38;   29.0;   16.1;   12.0;eor
       7341;20180701;   10;   9.3;   3.0;    3;   0.0;   0;   15.367;-999;   0.0;   8.2; 1002.35;   20.6;   35.63;   26.5;   12.2;    8.0;eor
       7341;20180702;   10;  12.3;   2.3;    3;   0.0;   6;   15.300;-999;   0.0;   8.5; 1001.49;   20.6;   37.50;   27.7;   10.8;    7.0;eor
       7341;20180703;   10;   5.7;   1.5;    3;   0.0;   0;   15.083;-999;   2.3;   8.4; 1001.77;   21.3;   37.63;   30.4;   10.6;    7.6;eor
       7341;20180704;   10;   8.9;   1.8;    3;   0.0;   0;    7.900;-999;   7.3;  13.7; 1000.20;   22.2;   53.33;   31.4;   14.4;   12.9;eor
       7341;20180705;   10;  11.2;   2.2;    3;   0.0;   0;    8.217;-999;   7.5;  16.7;  999.29;   21.9;   65.67;   27.2;   14.8;   12.9;eor
       7341;20180706;   10;  10.3;   2.4;    3;   0.0;   0;   12.700;-999;   4.6;  14.7; 1003.90;   22.7;   55.25;   28.9;   15.8;   12.9;eor
       7341;20180707;   10;   7.8;   1.7;    3;   0.0;   0;    7.667;-999;   5.8;  12.4; 1007.41;   21.4;   51.71;   28.6;   14.3;   11.7;eor
       7341;20180708;   10;  10.0;   2.4;    3;   0.0;   0;   15.017;-999;   0.8;  10.2; 1007.53;   21.5;   43.33;   28.3;   13.8;   11.0;eor
       7341;20180709;   10;   9.4;   2.6;    3;   0.0;   6;   12.817;-999;   4.3;  11.3; 1006.02;   21.4;   45.25;   26.9;   15.6;   12.0;eor
       7341;20180710;   10;  11.9;   2.7;    3;   5.6;   6;    0.750;-999;   7.7;  11.9; 1001.97;   18.3;   57.79;   22.3;   12.9;   12.5;eor
       7341;20180711;   10;   7.5;   1.7;    3;   5.1;   6;    1.767;-999;   7.1;  14.0; 1001.70;   16.0;   78.25;   21.2;   12.3;   11.5;eor
       7341;20180712;   10;  10.4;   1.5;    3;   0.0;   0;    8.550;-999;   6.5;  15.1; 1003.34;   19.0;   71.75;   26.0;   12.7;   11.5;eor
       7341;20180713;   10;   8.4;   1.4;    3;   0.0;   6;    7.750;-999;   4.7;  15.4; 1005.00;   20.8;   66.46;   27.8;   15.0;   14.0;eor
       7341;20180714;   10;   6.3;   1.7;    3;   0.0;   4;   11.967;-999;   4.4;  14.1; 1003.94;   23.2;   53.38;   30.3;   15.7;   14.1;eor
       7341;20180715;   10;   9.9;   2.1;    3;   6.0;   6;    9.817;-999;   4.6;  14.2; 1001.26;   22.8;   54.54;   30.2;   17.2;   15.8;eor
       7341;20180716;   10;   7.2;   1.5;    3;   1.9;   6;    7.517;-999;   6.3;  16.5;  999.10;   21.1;   71.04;   29.9;   16.1;   15.1;eor
       7341;20180717;   10;  12.2;   1.4;    3;   5.6;   6;    9.583;-999;   5.8;  17.1; 1000.10;   20.7;   74.33;   30.2;   13.9;   12.7;eor
       7341;20180718;   10;  11.1;   1.9;    3;   0.0;   0;   14.483;-999;   1.0;  12.9; 1002.99;   22.5;   51.75;   28.9;   15.0;   13.9;eor
       7341;20180719;   10;   6.1;   1.7;    3;   0.0;   0;   13.750;-999;   4.3;  12.0; 1003.04;   21.6;   49.71;   28.8;   14.3;   12.3;eor
       7341;20180720;   10;   6.1;   1.4;    3;   0.0;   0;   11.683;-999;   6.2;  12.3;  998.71;   22.8;   49.29;   31.6;   12.6;   11.2;eor
       7341;20180721;   10;   6.0;   1.6;    3;   0.0;   6;    2.000;-999;   7.8;  17.1;  997.34;   20.6;   71.00;   24.5;   16.6;   14.9;eor
       7341;20180722;   10;   8.3;   1.3;    3;   0.4;   6;    4.883;-999;   7.4;  18.4;  999.95;   20.5;   78.29;   28.3;   16.2;   14.4;eor
       7341;20180723;   10;   6.5;   1.4;    3;   0.0;   0;   11.567;-999;   3.6;  16.5; 1002.36;   23.1;   63.33;   31.1;   15.5;   13.9;eor
       7341;20180724;   10;   7.7;   1.4;    3;   0.0;   0;   12.467;-999;   0.6;  15.2; 1000.20;   24.8;   54.08;   33.2;   15.4;   13.5;eor
       7341;20180725;   10;   9.5;   1.7;    3;   0.1;   6;    9.883;-999;   4.1;  15.8;  999.98;   26.6;   50.50;   35.6;   17.0;   15.2;eor
       7341;20180726;   10;   8.0;   1.9;    3;   0.0;   0;   13.117;-999;   1.7;  15.2; 1000.28;   27.5;   45.00;   35.5;   18.5;   16.3;eor
       7341;20180727;   10;   7.8;   1.9;    3;   0.0;   0;   13.983;-999;   0.8;  13.9;  997.78;   27.2;   40.42;   34.7;   17.3;   14.9;eor
       7341;20180728;   10;  12.7;   2.1;    3;   5.7;   8;    8.867;-999;   4.3;  17.9;  995.45;   24.2;   61.04;   33.5;   18.0;   15.8;eor
       7341;20180729;   10;   9.5;   1.6;    3;   0.0;   0;   10.100;-999;   7.0;  16.5; 1000.13;   23.6;   60.92;   31.7;   16.1;   15.1;eor
       7341;20180730;   10;  14.0;   1.2;    3;   0.0;   0;   11.617;-999;   3.2;  15.9; 1000.96;   25.9;   53.33;   35.1;   15.9;   14.5;eor
       7341;20180731;   10;  11.1;   1.4;    3;   0.0;   4;   10.517;-999;   3.0;  17.9; 1001.50;   26.9;   55.38;   36.2;   17.1;   15.6;eor
       7341;20180801;   10;   8.5;   2.2;    3;   0.4;   6;    5.950;-999;   6.8;  18.8; 1005.20;   25.1;   60.33;   32.0;   20.2;   19.0;eor
       7341;20180802;   10;   5.3;   1.4;    3;   0.0;   0;   12.900;-999;   2.2;  19.2; 1006.58;   26.2;   60.54;   33.9;   17.8;   16.2;eor
       7341;20180803;   10;   6.3;   1.7;    3;   0.0;   0;   13.100;-999;   0.5;  17.3; 1005.23;   28.0;   49.71;   35.7;   19.9;   18.0;eor
       7341;20180804;   10;   6.8;   1.5;    3;   0.3;   6;    9.300;-999;   4.3;  16.8; 1002.70;   28.2;   45.79;   35.6;   19.4;   17.6;eor
       7341;20180805;   10;   9.7;   3.0;    3;   0.0;   0;   13.900;-999;   4.2;  15.2; 1005.21;   25.6;   47.63;   30.6;   18.7;   15.5;eor
       7341;20180806;   10;  11.7;   1.8;    3;   0.0;   0;   13.600;-999;   1.6;  14.4; 1001.78;   25.4;   46.58;   34.7;   14.8;   11.9;eor
       7341;20180807;   10;  10.1;   2.0;    3;   0.0;   0;   10.000;-999;   4.9;  16.2;  996.73;   27.2;   47.83;   37.0;   17.3;   15.1;eor
       7341;20180808;   10;  11.5;   2.6;    3;   0.0;   0;   10.700;-999;   5.8;  16.4;  998.29;   25.9;   50.71;   31.5;   19.9;   18.2;eor
       7341;20180809;   10;  25.4;   3.0;    3;   1.0;   6;    6.600;-999;   6.2;  17.2;  999.06;   23.8;   60.50;   34.9;   19.2;   17.5;eor
       7341;20180810;   10;  11.0;   2.7;    3;   0.0;   0;    8.350;-999;   5.9;  11.3; 1008.05;   19.3;   51.75;   25.2;   14.5;   11.9;eor
       7341;20180811;   10;  10.4;   2.6;    3;   0.1;   6;    9.067;-999;   6.2;   9.8; 1007.86;   19.2;   46.17;   25.4;   11.9;    9.0;eor
       7341;20180812;   10;   7.5;   1.3;    3;   0.0;   0;   12.633;-999;   5.6;  10.3; 1001.90;   19.2;   51.58;   29.4;    8.3;    6.1;eor
       7341;20180813;   10;  10.5;   2.1;    3;   4.3;   8;    4.000;-999;   5.6;  16.0;  995.47;   17.7;   78.13;   24.1;   12.4;   10.5;eor
       7341;20180814;   10;   8.7;   2.8;    3;   0.0;   6;    5.450;-999;   6.8;  15.9; 1000.56;   20.1;   68.92;   26.0;   14.4;   13.0;eor
       7341;20180815;   10;   6.2;   1.3;    3;   0.0;   0;    4.050;-999;   5.6;  16.0; 1005.49;   19.5;   72.42;   25.3;   14.4;   12.1;eor
       7341;20180816;   10;   7.1;   1.4;    3;   0.0;   0;   13.533;-999;   4.0;  14.6; 1001.90;   21.8;   61.71;   31.1;   12.6;   10.6;eor
       7341;20180817;   10;   9.4;   2.2;    3;   0.0;   0;   11.350;-999;   6.2;  15.9; 1001.25;   22.7;   60.83;   30.9;   15.0;   13.1;eor
       7341;20180818;   10;   8.0;   1.9;    3;   0.0;   0;   12.700;-999;   5.3;  12.5; 1006.79;   21.9;   50.00;   29.1;   14.9;   12.3;eor
       7341;20180819;   10;  10.4;   1.7;    3;   0.0;   0;   13.033;-999;   3.6;  11.6; 1006.03;   21.8;   48.88;   31.6;   11.9;   10.0;eor
       7341;20180820;   10;   6.8;   1.7;    3;   0.0;   0;    5.300;-999;   5.8;  15.6; 1004.97;   22.1;   59.92;   28.4;   14.5;   12.5;eor
       7341;20180821;   10;   5.7;   1.6;    3;   0.0;   0;    8.067;-999;   6.8;  15.7; 1005.20;   24.1;   54.79;   30.0;   17.6;   14.9;eor
       7341;20180822;   10;   7.0;   1.4;    3;   0.0;   0;   12.383;-999;   3.7;  15.0; 1002.09;   24.4;   54.00;   33.8;   15.7;   13.5;eor
       7341;20180823;   10;  12.2;   2.1;    3;   0.0;   6;   11.667;-999;   3.6;  15.7;  998.22;   24.2;   56.33;   33.0;   15.4;   13.5;eor
       7341;20180824;   10;  10.8;   2.4;    3;   0.9;   6;    3.550;-999;   7.7;  13.9;  997.82;   19.5;   61.92;   23.2;   15.8;   14.3;eor
       7341;20180825;   10;   9.4;   2.8;    3;   2.1;   6;    2.683;-999;   7.1;  10.0;  998.67;   15.8;   56.63;   19.8;   12.6;   10.9;eor
       7341;20180826;   10;   7.6;   2.0;    3;   0.0;   6;    8.450;-999;  -999;   9.1; 1002.52;   15.3;   55.88;   21.6;    7.2;    4.5;eor
       7341;20180827;   10;   9.9;   2.7;    3;   0.4;   6;    2.117;-999;  -999;  13.3; 1000.64;   16.8;   68.17;   21.5;   13.2;   12.3;eor
       7341;20180828;   10;   6.3;   1.2;    3;   0.0;   0;   11.850;-999;   2.3;  11.8; 1004.75;   17.8;   61.29;   25.3;   11.0;    7.9;eor
       7341;20180829;   10;   9.7;   1.7;    3;   0.1;   6;    8.817;-999;   5.2;  14.8;  999.38;   19.8;   67.21;   30.6;   10.0;    7.6;eor
       7341;20180830;   10;  10.0;   3.3;    3;   0.0;   6;    4.300;-999;   7.0;  12.7; 1005.03;   18.5;   60.54;   22.8;   13.6;   10.8;eor
       7341;20180831;   10;   7.1;   2.3;    3;   0.0;   0;    6.283;-999;   7.9;  10.3; 1007.03;   16.8;   56.17;   22.5;   12.2;   11.0;eor
       7341;20180901;   10;   8.3;   2.5;    3;   0.0;   0;   10.650;-999;  -999;   9.2; 1009.89;   16.6;   50.79;   23.3;   10.5;    9.0;eor
       7341;20180902;   10;  10.0;   3.1;    3;   0.4;   6;    0.017;-999;   7.3;  12.2; 1008.26;   16.4;   65.13;   19.8;   12.5;    9.5;eor
       7341;20180903;   10;   5.7;   1.5;    3;   2.2;   6;    0.000;-999;   7.9;  16.6; 1002.73;   17.9;   81.25;   21.3;   14.8;   14.4;eor
       7341;20180904;   10;   8.9;   1.2;    3;   0.0;   4;    5.917;-999;   7.7;  17.3; 1001.85;   20.2;   75.21;   27.3;   15.9;   14.5;eor
       7341;20180905;   10;   5.9;   1.3;    3;   0.0;   0;   10.983;-999;   1.6;  15.0; 1001.65;   20.7;   66.54;   29.4;   13.4;   11.2;eor
       7341;20180906;   10;   5.9;   1.4;    3;   0.6;   6;    4.367;-999;   7.2;  15.9;  997.42;   19.3;   71.75;   25.3;   12.8;   10.8;eor
       7341;20180907;   10;  11.7;   2.2;    3;   0.3;   6;    3.083;-999;   7.0;  14.7; 1000.29;   17.7;   73.92;   24.0;   12.5;    9.6;eor
       7341;20180908;   10;   7.6;   1.7;    3;   0.0;   0;   10.200;-999;  -999;  10.2; 1006.35;   16.0;   59.58;   22.5;    8.3;    4.6;eor
       7341;20180909;   10;   6.1;   1.4;    3;   0.0;   0;    6.517;-999;   7.2;  10.6; 1007.22;   16.7;   60.33;   25.6;    9.1;    6.7;eor
       7341;20180910;   10;   9.0;   1.7;    3;   0.0;   0;    5.533;-999;   7.0;  11.9; 1007.74;   18.4;   60.79;   28.3;    8.1;    5.9;eor
       7341;20180911;   10;   9.7;   2.0;    3;   0.0;   0;   11.867;-999;   2.7;  12.4; 1009.00;   19.6;   59.13;   28.5;   11.1;    8.3;eor
       7341;20180912;   10;   9.0;   2.3;    3;   0.0;   0;   11.900;-999;   1.2;  12.6; 1005.62;   21.4;   54.54;   31.6;   11.0;    8.0;eor
       7341;20180913;   10;   6.8;   2.1;    3;   0.4;   6;    0.233;-999;   7.8;  14.7; 1005.02;   17.5;   73.50;   20.6;   14.7;   14.2;eor
       7341;20180914;   10;   5.6;   1.6;    3;   0.0;   0;    3.700;-999;   7.6;  13.1; 1005.83;   17.6;   66.67;   23.1;   13.9;   11.6;eor
       7341;20180915;   10;   7.5;   1.4;    3;   0.0;   0;    6.717;-999;   6.7;  10.0; 1009.65;   15.6;   59.79;   22.7;    9.0;    5.9;eor
       7341;20180916;   10;   5.8;   1.2;    3;   0.0;   0;   11.233;-999;   6.7;  10.2; 1008.40;   15.6;   62.92;   25.3;    6.5;    4.2;eor
       7341;20180917;   10;   7.0;   1.0;    3;   0.0;   0;   10.283;-999;   5.3;  11.0; 1005.10;   17.0;   62.33;   28.5;    7.5;    4.9;eor
       7341;20180918;   10;   8.9;   1.6;    3;   0.0;   0;   11.300;-999;   2.9;  13.8; 1001.45;   20.5;   61.08;   30.8;    9.2;    6.6;eor
       7341;20180919;   10;   9.2;   1.8;    3;   0.0;   0;   10.900;-999;   4.1;  15.5; 1004.29;   22.5;   59.83;   30.2;   15.3;   12.3;eor
       7341;20180920;   10;   9.1;   1.9;    3;   0.0;   0;   10.000;-999;   7.3;  14.7; 1003.11;   21.3;   61.46;   29.5;   14.8;   12.7;eor
       7341;20180921;   10;  14.4;   2.4;    3;   3.7;   6;    1.500;-999;   7.7;  13.4;  998.07;   16.2;   73.58;   24.1;   10.1;    6.5;eor
       7341;20180922;   10;   9.9;   2.5;    3;   6.1;   6;    3.600;-999;   6.9;   9.9; 1006.60;   13.4;   65.42;   19.3;    9.6;    5.7;eor
       7341;20180923;   10;  18.9;   3.1;    3;  24.1;   6;    0.200;-999;   7.5;  13.6;  998.48;   13.1;   88.79;   22.3;    9.3;    8.2;eor
       7341;20180924;   10;  11.1;   2.9;    3;   0.0;   0;    8.400;-999;   2.8;   8.5; 1017.24;   11.1;   66.42;   16.2;    5.9;    3.4;eor
       7341;20180925;   10;  10.3;   1.4;    3;   0.0;   0;   10.517;-999;   2.7;   7.7; 1023.60;    8.7;   72.63;   15.9;    2.5;    0.5;eor
       7341;20180926;   10;   4.7;   1.0;    3;   0.0;   0;    9.233;-999;   5.9;   7.2; 1020.14;    9.2;   67.75;   18.4;    1.9;    0.2;eor
       7341;20180927;   10;   7.1;   1.1;    3;   0.0;   0;   11.233;-999;   0.0;   8.6; 1013.53;   12.4;   66.50;   24.3;    3.7;    2.1;eor
       7341;20180928;   10;  11.4;   1.9;    3;   0.0;   0;    5.400;-999;   3.0;   9.6; 1009.60;   11.2;   74.46;   19.7;    4.8;    2.9;eor
       7341;20180929;   10;   7.3;   1.7;    3;   0.0;   0;   10.717;-999;  -999;   7.5; 1012.45;    9.3;   67.63;   17.2;    2.5;    0.2;eor
       7341;20180930;   10;   4.5;   1.1;    3;   0.0;   0;   11.050;-999;   1.4;   7.6; 1003.11;    9.4;   68.25;   19.1;    0.7;   -1.6;eor
       7341;20181001;   10;  13.5;   2.2;    3;   0.0;   6;    2.700;-999;   7.1;   8.2; 1003.07;    9.7;   69.17;   16.6;    5.0;    1.3;eor
       7341;20181002;   10;  10.2;   2.8;    3;   1.6;   6;    0.000;-999;   6.9;   9.2; 1006.95;    7.6;   87.29;   10.8;    3.8;    1.0;eor
       7341;20181003;   10;  10.3;   2.9;    3;   0.0;   6;    5.950;-999;   7.1;  10.1; 1010.13;   12.1;   73.29;   17.1;    5.7;    3.1;eor
       7341;20181004;   10;   4.4;   1.0;    3;   0.0;   0;   10.617;-999;   1.5;   9.1; 1012.72;   10.0;   77.25;   18.7;    3.2;    0.9;eor
       7341;20181005;   10;   5.1;   1.3;    3;   0.0;   0;   10.350;-999;   0.9;  10.3; 1005.60;   11.9;   77.54;   21.9;    3.7;    0.9;eor
       7341;20181006;   10;   6.5;   1.1;    3;   0.0;   0;    7.183;-999;   7.1;  12.3;  997.47;   14.4;   77.17;   24.5;    6.1;    4.0;eor
       7341;20181007;   10;  10.5;   2.2;    3;   0.0;   0;    5.750;-999;   6.1;  11.8; 1001.73;   12.7;   81.33;   18.7;    8.6;    6.0;eor
       7341;20181008;   10;   4.4;   1.2;    3;   0.0;   0;    9.067;-999;   4.9;  11.2; 1007.08;   12.2;   80.17;   19.9;    5.8;    3.8;eor
       7341;20181009;   10;   3.9;   1.0;    3;   0.0;   0;    8.217;-999;   6.5;  12.6; 1007.74;   12.8;   86.67;   21.4;    6.8;    4.5;eor
       7341;20181010;   10;   7.2;   1.7;    3;   0.0;   0;   10.333;-999;   0.6;  12.2; 1003.61;   14.6;   76.50;   23.8;    6.7;    3.5;eor
       7341;20181011;   10;   4.7;   1.1;    3;   0.0;   6;    7.383;-999;   4.2;  12.9; 1000.68;   14.9;   78.13;   22.1;    7.4;    4.3;eor
       7341;20181012;   10;   5.8;   1.1;    3;   0.0;   0;    9.450;-999;   4.0;  13.9; 1007.29;   16.5;   76.92;   26.1;    9.1;    6.6;eor
       7341;20181013;   10;   7.0;   1.5;    3;   0.0;   0;   10.167;-999;   0.0;  12.6; 1006.14;   16.7;   70.67;   26.8;    9.2;    7.2;eor
       7341;20181014;   10;   6.9;   1.6;    3;   0.0;   0;   10.100;-999;   0.0;  11.8;  998.94;   15.7;   69.67;   25.2;    8.1;    5.5;eor
       7341;20181015;   10;   4.2;   0.9;    3;   0.0;   0;    8.683;-999;   3.7;  11.5;  999.94;   14.7;   73.29;   24.2;    8.6;    6.3;eor
       7341;20181016;   10;   6.8;   1.1;    3;   0.0;   0;    9.783;-999;   3.1;  11.6; 1004.33;   15.0;   71.50;   24.7;    6.4;    4.3;eor
       7341;20181017;   10;   3.2;   0.9;    3;   0.0;   0;    8.967;-999;   6.4;  12.2; 1004.78;   14.2;   78.38;   22.8;    7.9;    5.6;eor
       7341;20181018;   10;   9.2;   1.9;    3;   0.0;   0;    9.183;-999;   4.0;  12.1; 1006.81;   13.4;   79.92;   20.3;    7.7;    5.7;eor
       7341;20181019;   10;   5.8;   1.5;    3;   0.0;   0;    5.967;-999;   6.2;  11.6; 1009.16;   13.1;   77.67;   19.0;    8.7;    6.0;eor
       7341;20181020;   10;   6.7;   1.5;    3;   0.0;   0;    8.350;-999;   6.3;  10.2; 1014.14;   11.5;   77.04;   16.9;    5.0;    1.9;eor
       7341;20181021;   10;   5.3;   1.2;    3;   0.0;   0;    9.517;-999;   2.0;   8.4; 1014.13;    8.3;   79.08;   16.6;    1.9;   -0.4;eor
       7341;20181022;   10;   8.1;   1.2;    3;   0.0;   6;    3.467;-999;   4.1;   8.5; 1015.16;    7.4;   83.67;   13.8;    1.9;   -0.4;eor
       7341;20181023;   10;   9.5;   2.6;    3;   0.0;   6;    0.000;-999;   6.7;   8.3; 1011.44;    8.5;   76.58;   13.0;    1.6;   -1.1;eor
       7341;20181024;   10;  11.9;   4.0;    3;   0.1;   6;    0.183;-999;   7.8;  12.4; 1007.53;   13.9;   77.79;   16.5;   12.3;   12.0;eor
       7341;20181025;   10;   9.4;   2.6;    3;   0.0;   6;    2.483;-999;   7.8;  11.1; 1004.71;   13.1;   73.83;   16.1;   11.2;   10.5;eor
       7341;20181026;   10;   9.9;   2.4;    3;   1.2;   6;    0.667;-999;   7.9;   9.0;  995.60;   10.8;   70.13;   14.1;    7.7;    7.0;eor
       7341;20181027;   10;   5.7;   1.8;    3;   0.0;   0;    1.267;-999;   8.0;   7.8;  994.38;    7.2;   77.63;    9.8;    5.1;    3.7;eor
       7341;20181028;   10;  12.9;   4.1;    3;   0.1;   6;    0.000;-999;   8.0;   6.8;  995.96;    6.0;   72.29;    6.7;    5.3;    4.7;eor
       7341;20181029;   10;  10.0;   3.2;    3;   0.0;   6;    0.000;-999;  -999;   7.2;  985.47;    6.0;   77.13;    7.2;    5.4;    4.5;eor
       7341;20181030;   10;  14.6;   4.2;    3;   5.5;   6;    0.000;-999;  -999;   7.8;  981.83;    6.3;   81.88;    7.5;    4.5;    4.0;eor
       7341;20181031;   10;   5.8;   1.7;    3;   0.0;   6;    0.400;   0;   6.1;   7.7; 1000.46;    6.3;   81.33;   11.0;   -0.2;   -1.9;eor
       7341;20181101;   10;   6.4;   1.0;    3;   0.0;   6;    1.483;   0;   6.1;   8.1;  998.45;    5.4;   90.83;   10.6;    1.6;   -0.2;eor
       7341;20181102;   10;   6.5;   1.7;    3;   0.0;   0;    6.300;   0;   4.3;   9.1; 1008.09;    9.1;   79.50;   14.1;    3.9;    0.5;eor
       7341;20181103;   10;   5.7;   1.6;    3;   0.0;   6;    8.883;   0;   5.6;   8.0; 1012.57;    7.8;   76.21;   12.6;    3.0;   -0.1;eor
       7341;20181104;   10;   5.2;   1.3;    3;   0.0;   0;    0.000;   0;   8.0;  10.2; 1002.81;   10.1;   82.13;   12.2;    7.9;    7.7;eor
       7341;20181105;   10;   4.2;   1.5;    3;   0.0;   0;    3.217;   0;   6.3;  11.3;  995.28;   11.6;   82.67;   15.9;    6.0;    3.3;eor
       7341;20181106;   10;   5.2;   1.2;    3;   0.0;   0;    2.200;   0;   7.4;  10.4;  994.62;    8.6;   93.04;   14.0;    4.6;    2.1;eor
       7341;20181107;   10;   4.7;   1.1;    3;   0.2;   6;    7.350;   0;   5.1;   9.8;  997.99;    9.2;   84.79;   16.8;    2.8;    1.4;eor
       7341;20181108;   10;   6.2;   1.6;    3;   0.0;   6;    3.050;   0;   7.9;  10.9; 1005.71;   11.8;   79.63;   14.8;    9.7;    7.4;eor
       7341;20181109;   10;   7.3;   2.4;    3;   0.0;   6;    6.267;   0;   7.6;  10.8; 1001.01;   10.5;   85.08;   13.6;    8.7;    6.4;eor
       7341;20181110;   10;   7.9;   3.5;    3;   5.8;   6;    0.400;   0;   7.9;  10.6;  994.75;   10.6;   82.38;   13.5;    8.2;    6.5;eor
       7341;20181111;   10;  10.0;   3.1;    3;   4.1;   6;    5.433;   0;   5.5;  11.7;  996.99;   12.8;   80.50;   16.7;   10.0;    7.9;eor
       7341;20181112;   10;  10.0;   1.4;    3;   5.5;   6;    1.517;   0;   7.5;  12.6; 1001.96;   12.7;   86.21;   18.2;    8.5;    6.7;eor
       7341;20181113;   10;   9.0;   2.7;    3;   2.2;   6;    3.750;   0;   4.8;  11.7; 1011.26;   11.4;   86.46;   14.4;    5.4;    2.7;eor
       7341;20181114;   10;   6.8;   1.6;    3;   0.0;   0;    2.383;   0;   6.3;   8.6; 1015.53;    5.7;   93.29;    9.6;    2.1;    0.2;eor
       7341;20181115;   10;   5.7;   1.8;    3;   0.0;   0;    0.000;   0;   8.0;   8.2; 1013.65;    6.2;   86.21;    6.8;    5.7;    5.7;eor
       7341;20181116;   10;   5.2;   1.8;    3;   0.0;   0;    8.200;   0;   3.5;   7.1; 1015.00;    5.5;   79.63;   10.9;    0.7;   -2.3;eor
       7341;20181117;   10;   9.0;   2.5;    3;   0.0;   0;    8.283;   0;   0.5;   5.7; 1015.20;    4.2;   72.13;   11.5;   -1.4;   -3.8;eor
       7341;20181118;   10;   8.9;   2.8;    3;   0.0;   0;    7.683;   0;   1.3;   4.5; 1011.65;    2.4;   62.42;    6.9;   -1.2;   -3.8;eor
       7341;20181119;   10;  12.8;   3.5;    3;   0.0;   6;    0.000;   0;   7.2;   5.6; 1001.15;    3.0;   73.38;    5.6;   -2.7;   -5.4;eor
       7341;20181120;   10;  11.4;   3.2;    3;   0.0;   0;    0.000;   0;   7.9;   5.5;  994.90;    3.6;   69.00;    5.1;    2.6;    0.4;eor
       7341;20181121;   10;   6.6;   2.0;    3;   0.0;   0;    0.000;   0;   6.9;   5.9; 1001.76;    2.7;   79.71;    4.3;   -0.7;   -2.9;eor
       7341;20181122;   10;   4.4;   1.2;    3;   0.0;   0;    0.050;   0;   6.0;   5.9; 1005.88;    2.1;   83.08;    4.6;   -2.5;   -5.1;eor
       7341;20181123;   10;   6.8;   1.7;    3;   0.9;   6;    7.400;   0;   3.1;   5.7; 1004.44;    0.9;   86.63;    5.8;   -3.6;   -6.3;eor
       7341;20181124;   10;   3.6;   1.1;    3;   2.8;   6;    0.000;   0;   7.8;   8.0;  998.29;    4.3;   94.67;    6.7;    1.5;    1.5;eor
       7341;20181125;   10;   5.2;   1.5;    3;   0.0;   0;    0.917;   0;   8.0;   8.8;  995.28;    5.9;   94.54;    8.4;    3.3;    1.0;eor
       7341;20181126;   10;   6.7;   2.5;    3;   0.0;   0;    0.000;   0;   8.0;   7.3;  995.65;    5.7;   80.21;    7.5;    3.7;    3.1;eor
       7341;20181127;   10;   4.7;   1.5;    3;   0.0;   6;    0.000;   0;   7.8;   6.4; 1005.09;    3.2;   82.79;    3.7;    2.5;    2.1;eor
       7341;20181128;   10;   8.1;   2.5;    3;   0.9;   6;    1.683;   0;   7.7;   6.4; 1009.11;    3.0;   84.54;    5.3;   -1.3;   -3.1;eor
       7341;20181129;   10;   8.9;   3.3;    3;   0.0;   6;    0.350;   0;   7.9;   6.3; 1004.52;    4.0;   77.08;    6.1;    2.6;    1.7;eor
       7341;20181130;   10;   6.1;   1.9;    3;   0.9;   6;    0.000;   0;   7.9;   7.2; 1000.77;    4.3;   86.17;    5.6;    3.3;    1.6;eor
       7341;20181201;   10;   9.5;   2.3;    3;   2.4;   6;    0.500;   0;   7.9;   9.2; 1000.96;    7.3;   90.04;    9.7;    5.6;    4.8;eor
       7341;20181202;   10;  10.5;   4.2;    3;  26.9;   6;    0.000;   0;   7.7;  11.2;  990.89;   10.1;   90.08;   12.3;    7.9;    7.1;eor
       7341;20181203;   10;  11.1;   3.8;    3;   6.8;   6;    0.533;   0;   7.6;  12.7;  989.78;   11.5;   93.38;   13.5;   10.3;    8.6;eor
       7341;20181204;   10;  10.0;   2.3;    3;   0.0;   6;    2.250;   0;   6.4;   8.3; 1004.50;    6.9;   82.29;   10.9;   -0.2;   -1.9;eor
       7341;20181205;   10;   5.5;   1.7;    3;   1.1;   6;    1.233;   0;  -999;   6.8; 1010.01;    2.8;   90.83;    5.7;   -0.7;   -2.2;eor
       7341;20181206;   10;  10.3;   2.3;    3;   0.3;   6;    0.000;   0;  -999;  10.4; 1004.08;    8.5;   92.96;   12.1;    5.1;    4.6;eor
       7341;20181207;   10;  17.1;   5.2;    3;   4.2;   6;    0.000;   0;  -999;  10.9;  996.15;   10.9;   83.00;   12.4;    6.9;    4.5;eor
       7341;20181208;   10;  16.1;   5.9;    3;   3.4;   6;    0.350;   0;  -999;   8.4;  992.91;    7.6;   79.67;    9.0;    6.3;    4.7;eor
       7341;20181209;   10;  13.6;   5.1;    3;   4.9;   6;    0.000;   0;  -999;   8.4;  988.96;    7.8;   79.21;    9.3;    6.0;    3.8;eor
       7341;20181210;   10;  14.6;   3.4;    3;   0.5;   6;    1.483;   0;  -999;   7.0; 1005.42;    5.0;   79.46;    7.3;    2.9;   -0.1;eor
       7341;20181211;   10;   7.7;   2.8;    3;   0.0;   6;    1.517;   0;   7.7;   6.7; 1008.20;    4.1;   81.42;    6.1;    2.9;    0.8;eor
       7341;20181212;   10;   6.0;   1.9;    3;   0.0;   6;    2.200;   0;   7.3;   6.2; 1009.18;    3.5;   79.33;    5.5;    1.6;   -1.1;eor
       7341;20181213;   10;   9.7;   2.8;    3;   0.0;   0;    4.817;   0;   4.0;   4.6; 1005.44;    0.9;   71.00;    3.0;   -1.8;   -4.0;eor
       7341;20181214;   10;   6.8;   2.6;    3;   0.0;   0;    0.000;   0;   8.0;   3.9; 1007.63;    0.7;   61.17;    1.1;    0.1;   -0.8;eor
       7341;20181215;   10;   6.6;   2.0;    3;   0.0;   7;    0.000;   0;   8.0;   3.9; 1009.90;    0.2;   63.46;    1.0;   -1.9;   -3.9;eor
       7341;20181216;   10;   7.0;   1.9;    3;   0.8;   8;    0.000;   0;   7.9;   5.0; 1000.24;   -0.8;   85.38;    0.6;   -2.3;   -2.6;eor
       7341;20181217;   10;   6.7;   1.8;    3;   0.4;   6;    0.000;   0;   7.9;   7.3; 1007.05;    3.0;   95.67;    4.8;    0.4;    0.2;eor
       7341;20181218;   10;   9.1;   2.1;    3;   0.0;   6;    2.367;   0;   7.4;   7.2; 1009.36;    4.1;   88.08;    6.9;    0.8;   -2.2;eor
       7341;20181219;   10;   6.2;   1.6;    3;   1.0;   6;    0.000;   0;   8.0;   6.9; 1001.53;    3.4;   87.33;    5.3;    2.2;    1.0;eor
       7341;20181220;   10;  10.5;   2.9;    3;   2.6;   6;    0.000;   0;   8.0;   8.4; 1001.01;    6.0;   89.71;    7.8;    3.2;    1.7;eor
       7341;20181221;   10;  16.1;   5.5;    3;   8.6;   6;    0.000;   0;   7.7;   9.9;  995.16;    9.2;   84.83;   12.0;    7.0;    6.0;eor
       7341;20181222;   10;  14.1;   4.2;    3;   0.3;   6;    1.417;   0;   7.8;   9.4; 1000.11;   10.7;   72.71;   12.6;    8.0;    5.1;eor
       7341;20181223;   10;  14.2;   2.9;    3;  15.8;   6;    0.000;   0;   7.7;   9.9; 1004.36;    8.6;   88.75;   12.1;    6.5;    4.0;eor
       7341;20181224;   10;  11.3;   2.4;    3;   0.0;   6;    0.733;   0;   6.0;   7.0; 1012.49;    4.8;   80.67;    8.1;   -2.0;   -3.7;eor
       7341;20181225;   10;   6.1;   1.9;    3;   0.0;   0;    0.017;   0;  -999;   5.4; 1020.99;    0.8;   84.25;    2.9;   -2.4;   -4.2;eor
       7341;20181226;   10;   5.0;   1.6;    3;   0.0;   0;    0.000;   0;  -999;   5.3; 1018.80;   -1.4;   95.92;   -0.6;   -3.0;   -4.9;eor
       7341;20181227;   10;   4.1;   1.3;    3;   0.0;   0;    0.000;   0;  -999;   5.5; 1014.10;   -0.9;   95.42;    0.3;   -1.5;   -1.3;eor
       7341;20181228;   10;   4.4;   1.7;    3;   0.0;   8;    0.000;   0;   8.0;   5.6; 1015.36;   -0.4;   94.79;    0.3;   -0.9;   -0.7;eor
       7341;20181229;   10;  11.7;   3.3;    3;   0.1;   6;    0.000;   0;   7.9;   6.2; 1017.27;    1.3;   92.71;    4.6;   -0.5;   -0.4;eor
       7341;20181230;   10;   9.9;   3.1;    3;   0.4;   6;    0.000;   0;   7.8;   7.8; 1016.91;    7.1;   77.08;    8.4;    4.5;    3.7;eor
       7341;20181231;   10;   6.0;   2.1;    3;   0.1;   6;    0.000;   0;   8.0;   9.4; 1018.27;    6.9;   94.79;    8.5;    5.5;    4.9;eor
       7341;20190101;   10;  15.1;   3.9;    3;   0.4;   6;    0.217;   0;   7.5;   8.3; 1013.79;    6.8;   83.50;    8.0;    4.4;    2.8;eor
       7341;20190102;   10;  12.2;   3.6;    3;   0.8;   8;    3.367;   0;   4.1;   5.0; 1017.64;    3.5;   63.50;    6.5;   -2.7;   -6.3;eor
       7341;20190103;   10;   4.0;   1.0;    3;   0.3;   8;    0.817;   1;   6.8;   5.5; 1022.41;    0.2;   87.00;    3.4;   -3.0;   -6.1;eor
       7341;20190104;   10;   8.0;   2.2;    3;   4.7;   6;    2.133;   0;   7.9;   5.9; 1020.57;    1.3;   88.50;    4.1;   -2.3;   -3.8;eor
       7341;20190105;   10;  10.9;   4.1;    3;   1.1;   6;    0.000;   0;   7.7;   7.8; 1013.52;    5.7;   84.54;    8.5;    3.0;    2.7;eor
       7341;20190106;   10;   9.5;   2.8;    3;   0.0;   6;    0.000;   0;   7.8;   7.6; 1015.82;    6.7;   76.88;    7.8;    5.2;    4.2;eor
       7341;20190107;   10;  12.5;   2.5;    3;   4.1;   6;    0.317;   0;   7.7;   7.1; 1016.22;    5.1;   81.50;    6.9;    3.8;    2.9;eor
       7341;20190108;   10;  14.9;   5.5;    3;   2.5;   8;    0.000;   0;   7.2;   7.4; 1000.54;    5.4;   82.67;    7.1;    3.9;    2.7;eor
       7341;20190109;   10;  11.9;   3.8;    3;   0.0;   8;    0.333;   0;   7.8;   5.3; 1000.35;    3.4;   67.75;    4.9;    1.8;    0.6;eor
       7341;20190110;   10;   7.8;   2.4;    3;   0.1;   8;    0.000;   0;   8.0;   4.8; 1009.55;    1.4;   71.58;    2.6;   -1.2;   -3.2;eor
       7341;20190111;   10;   9.0;   2.7;    3;   1.3;   8;    0.000;   0;   7.6;   5.7; 1009.46;    0.4;   91.08;    2.4;   -1.0;   -1.7;eor
       7341;20190112;   10;  11.3;   3.8;    3;   3.6;   6;    0.017;   0;   7.8;   7.6; 1004.47;    4.1;   92.75;    5.4;    2.4;    1.6;eor
       7341;20190113;   10;  14.4;   4.3;    3;   3.1;   6;    0.000;   0;   7.5;   9.0;  992.17;    7.1;   89.17;    9.6;    5.3;    3.5;eor
       7341;20190114;   10;  15.6;   4.0;    3;   0.2;   6;    1.550;   0;   6.0;   6.4;  996.90;    5.4;   71.25;    7.8;    2.8;    0.9;eor
       7341;20190115;   10;   9.4;   3.6;    3;   0.2;   6;    0.000;   0;   7.9;   6.5; 1005.35;    4.5;   77.50;    6.4;    2.2;    0.7;eor
       7341;20190116;   10;  10.7;   3.6;    3;   0.1;   6;    0.017;   0;   8.0;   6.5;  997.91;    4.9;   74.54;    6.1;    2.2;   -0.7;eor
       7341;20190117;   10;  18.8;   4.2;    3;   3.7;   8;    0.083;   0;   7.3;   7.0;  991.65;    4.8;   81.42;    7.4;    0.9;   -1.9;eor
       7341;20190118;   10;   6.8;   1.4;    3;   0.0;   0;    5.467;   0;   6.6;   4.9; 1004.23;    0.7;   77.75;    4.6;   -3.6;   -5.7;eor
       7341;20190119;   10;   5.1;   1.2;    3;   0.0;   0;    7.883;   0;   5.1;   3.8; 1002.86;   -2.6;   77.67;    3.1;   -6.6;   -9.3;eor
       7341;20190120;   10;   4.8;   1.4;    3;   0.0;   0;    7.717;   0;   3.0;   3.5; 1002.51;   -4.4;   80.88;    0.9;   -8.4;  -10.3;eor
       7341;20190121;   10;   5.1;   1.2;    3;   0.0;   0;    7.750;   0;  -999;   3.5; 1007.25;   -5.1;   83.92;    0.3;   -8.5;  -10.6;eor
       7341;20190122;   10;   5.9;   1.6;    3;   0.0;   8;    0.000;   0;  -999;   3.4;  996.81;   -5.3;   82.08;   -1.6;  -10.4;  -11.6;eor
       7341;20190123;   10;   6.0;   2.1;    3;   0.0;   0;    0.000;   1;   8.0;   3.7;  986.39;   -2.1;   71.33;   -1.7;   -2.4;   -2.8;eor
       7341;20190124;   10;   5.5;   1.6;    3;   0.1;   7;    0.000;   1;   7.8;   3.8;  995.65;   -3.4;   79.79;   -2.2;   -4.4;   -4.6;eor
       7341;20190125;   10;  10.1;   2.2;    3;   0.2;   8;    0.000;   1;   7.8;   4.6; 1000.90;   -1.5;   83.33;    1.1;   -3.7;   -4.2;eor
       7341;20190126;   10;  12.3;   5.0;    3;   1.1;   6;    0.233;   0;   7.6;   6.8;  994.04;    2.9;   89.71;    5.1;    0.0;   -0.3;eor
       7341;20190127;   10;  12.2;   4.3;    3;   5.2;   6;    0.033;   0;   7.8;   7.6;  977.24;    5.4;   84.71;    7.2;    2.0;    0.7;eor
       7341;20190128;   10;  14.0;   5.1;    3;   3.2;   8;    0.000;   0;   7.8;   6.2;  981.83;    2.7;   83.54;    4.0;    1.4;    0.2;eor
       7341;20190129;   10;   7.1;   2.6;    3;   0.0;   7;    0.467;   0;   7.6;   5.5;  990.90;    1.5;   80.92;    4.2;   -0.8;   -2.6;eor
       7341;20190130;   10;  12.0;   3.3;    3;   1.2;   8;    0.000;   0;   7.7;   5.1;  980.66;    0.5;   80.33;    3.2;   -1.2;   -3.4;eor
       7341;20190131;   10;   7.3;   2.0;    3;   0.7;   8;    0.017;   1;   6.4;   5.0;  982.91;   -0.4;   84.96;    1.6;   -2.7;   -6.7;eor
       7341;20190201;   10;   6.4;   1.5;    3;   1.6;   6;    0.000;   1;   7.9;   6.2;  977.22;    2.2;   86.21;    4.7;   -0.6;   -1.4;eor
       7341;20190202;   10;   5.5;   1.4;    3;   0.0;   6;    0.000;   0;   7.8;   7.2;  982.89;    3.2;   93.33;    4.7;    1.4;   -0.1;eor
       7341;20190203;   10;  10.2;   2.6;    3;   0.0;   8;    0.000;   0;   7.7;   5.5; 1002.53;    2.8;   74.54;    4.1;   -0.7;   -3.0;eor
       7341;20190204;   10;   7.9;   1.7;    3;   0.0;   0;    7.117;   0;   5.3;   4.9; 1014.04;    1.1;   75.58;    6.3;   -3.6;   -6.8;eor
       7341;20190205;   10;   5.1;   1.5;    3;   0.0;   6;    0.967;   0;   7.8;   5.3; 1013.95;    2.3;   74.42;    5.6;   -1.7;   -3.7;eor
       7341;20190206;   10;   5.3;   1.7;    3;   0.0;   0;    7.117;   0;   7.8;   5.2; 1011.32;    1.3;   79.33;    7.8;   -2.3;   -4.5;eor
       7341;20190207;   10;   7.9;   2.0;    3;   1.0;   6;    0.167;   0;   6.9;   6.2; 1001.26;    1.9;   87.54;    5.1;   -0.6;   -2.4;eor
       7341;20190208;   10;  11.7;   4.2;    3;   2.9;   6;    0.733;   0;   7.4;   7.3; 1000.83;    7.0;   73.54;    9.4;    4.2;    1.4;eor
       7341;20190209;   10;  16.6;   5.3;    3;   1.2;   6;    2.150;   0;  -999;   7.9;  995.56;    7.9;   74.25;    9.9;    5.8;    3.0;eor
       7341;20190210;   10;  16.5;   5.1;    3;   8.4;   6;    0.000;   0;   8.0;   8.3;  986.25;    7.8;   78.46;   11.1;    4.9;    1.4;eor
       7341;20190211;   10;  13.0;   4.7;    3;   0.0;   6;    0.950;   0;   6.7;   6.3; 1002.88;    5.1;   72.71;    7.5;    1.1;   -2.5;eor
       7341;20190212;   10;   7.4;   2.7;    3;   0.0;   6;    0.000;   0;   7.5;   5.9; 1019.31;    3.8;   73.79;    6.5;    0.6;   -2.7;eor
       7341;20190213;   10;   5.3;   1.4;    3;   0.0;   0;    6.450;   0;   6.3;   5.4; 1022.47;    2.3;   77.42;    8.4;   -2.1;   -4.9;eor
       7341;20190214;   10;   3.3;   0.8;    3;   0.0;   0;    7.650;   0;   5.8;   5.4; 1022.15;    1.8;   79.42;   10.5;   -3.6;   -6.6;eor
       7341;20190215;   10;   5.4;   1.4;    3;   0.0;   0;    9.433;   0;  -999;   5.8; 1018.70;    4.7;   71.88;   15.1;   -2.7;   -6.2;eor
       7341;20190216;   10;   5.0;   1.3;    3;   0.0;   0;    9.433;   0;   0.7;   6.1; 1013.68;    4.4;   75.04;   14.3;   -2.8;   -5.9;eor
       7341;20190217;   10;   2.7;   0.9;    3;   0.0;   0;    9.533;   0;   7.4;   6.0; 1009.95;    4.2;   76.33;   16.0;   -2.7;   -6.0;eor
       7341;20190218;   10;   5.8;   1.2;    3;   0.0;   0;    9.083;   0;   2.6;   5.9; 1005.85;    4.5;   73.50;   15.1;   -3.2;   -6.8;eor
       7341;20190219;   10;   8.7;   2.2;    3;   1.7;   6;    3.500;   0;   5.8;   7.1; 1005.61;    5.6;   77.63;   11.1;    0.2;   -3.4;eor
       7341;20190220;   10;   7.2;   1.4;    3;   0.0;   0;    6.600;   0;   7.9;   6.8; 1009.97;    4.5;   81.79;   11.8;   -1.5;   -4.6;eor
       7341;20190221;   10;   5.4;   1.5;    3;   0.0;   6;    3.067;   0;   6.3;   7.9; 1013.50;    6.5;   82.17;   12.2;   -0.2;   -2.9;eor
       7341;20190222;   10;   6.4;   2.1;    3;   0.0;   0;    1.167;   0;   6.8;   9.0; 1020.14;    9.3;   77.29;   12.6;    3.1;   -1.1;eor
       7341;20190223;   10;   7.5;   2.1;    3;   0.0;   0;    8.583;   0;   7.2;   5.1; 1025.01;    3.9;   64.63;    8.9;   -1.0;   -4.8;eor
       7341;20190224;   10;   4.9;   1.2;    3;   0.0;   0;    9.967;   0;   2.9;   4.0; 1024.10;    3.4;   56.29;   12.5;   -3.2;   -6.7;eor
       7341;20190225;   10;   3.6;   1.0;    3;   0.0;   0;   10.000;   0;   4.8;   4.7; 1023.37;    5.3;   58.38;   16.5;   -3.0;   -6.2;eor
       7341;20190226;   10;   3.5;   0.9;    3;   0.0;   0;   10.000;   0;  -999;   6.0; 1019.64;    6.6;   66.21;   18.9;   -1.9;   -5.0;eor
       7341;20190227;   10;   3.0;   0.9;    3;   0.0;   0;   10.233;   0;   0.3;   5.3; 1012.49;    6.6;   61.92;   19.2;   -2.5;   -6.2;eor
       7341;20190228;   10;  15.7;   3.4;    3;   1.9;   6;    8.033;   0;   3.0;   7.5; 1002.78;    9.5;   63.88;   18.5;   -0.3;   -4.3;eor
       7341;20190301;   10;   9.2;   3.1;    3;   0.1;   6;    0.383;   0;   7.8;   9.4; 1000.35;    9.0;   82.13;   12.0;    6.5;    5.4;eor
       7341;20190302;   10;   9.5;   2.6;    3;   0.0;   6;    0.600;   0;   7.9;   8.4; 1002.31;    8.2;   77.42;   11.1;    5.6;    4.7;eor
       7341;20190303;   10;  16.7;   5.2;    3;   0.0;   6;    0.117;   0;   7.8;   9.1;  996.71;   10.8;   70.21;   12.6;    8.9;    6.6;eor
       7341;20190304;   10;  25.2;   5.8;    3;   7.1;   6;    1.050;   0;   7.6;   8.2;  985.65;    9.5;   69.08;   13.1;    5.4;    3.0;eor
       7341;20190305;   10;  13.9;   4.5;    3;   2.2;   6;    2.333;   0;   6.5;   7.3;  994.42;    6.1;   77.83;    9.1;    2.8;    0.0;eor
       7341;20190306;   10;  10.5;   2.9;    3;   1.0;   6;    6.067;   0;   8.0;   7.9;  991.27;    9.8;   69.17;   16.0;    3.5;    1.9;eor
       7341;20190307;   10;  19.9;   5.8;    3;   0.8;   6;    4.083;   0;   6.5;   8.2;  985.82;   10.7;   64.04;   14.0;    7.0;    4.7;eor
       7341;20190308;   10;  15.8;   4.7;    3;   2.4;   6;    3.367;   0;   6.1;   7.5;  998.49;    8.0;   70.46;   11.1;    6.4;    4.0;eor
       7341;20190309;   10;  17.8;   5.7;    3;   4.9;   6;    0.700;   0;   7.4;   8.5;  999.39;    9.5;   72.25;   12.5;    7.2;    4.6;eor
       7341;20190310;   10;  25.1;   6.0;    3;   6.1;   8;    2.083;   0;   7.1;   8.6;  994.85;    9.7;   71.63;   15.8;    2.5;    0.2;eor
       7341;20190311;   10;  15.7;   4.9;    3;   0.4;   8;    2.133;   0;   6.4;   5.7; 1004.21;    5.0;   66.08;    7.3;    1.9;   -0.3;eor
       7341;20190312;   10;  14.3;   4.2;    3;   0.0;   6;    5.000;   0;   7.5;   5.3; 1003.09;    6.9;   55.08;   11.3;    1.1;   -1.9;eor
       7341;20190313;   10;  17.6;   6.1;    3;   3.6;   6;    2.300;   0;   6.9;   6.8;  994.37;    6.5;   70.38;    9.3;    3.8;    2.0;eor
       7341;20190314;   10;  14.0;   4.9;    3;  12.7;   6;    0.050;   0;   7.4;   7.9;  991.71;    5.8;   85.63;    8.5;    3.6;    1.2;eor
       7341;20190315;   10;  14.9;   5.2;    3;  16.4;   6;    0.000;   0;   7.4;  10.0;  992.86;    9.7;   81.96;   13.6;    6.3;    4.2;eor
       7341;20190316;   10;  17.2;   4.3;    3;   0.5;   6;    0.017;   0;   7.3;   9.8;  995.77;   10.0;   79.67;   12.5;    8.0;    3.9;eor
       7341;20190317;   10;  15.1;   5.0;    3;   5.8;   6;    1.950;   0;   7.1;   8.1;  991.69;    8.2;   74.38;   11.8;    1.1;   -1.0;eor
       7341;20190318;   10;  11.2;   3.0;    3;   2.7;   8;    3.633;   0;   4.9;   6.5; 1003.90;    4.5;   77.83;    9.5;    0.8;   -2.6;eor
       7341;20190319;   10;   5.5;   1.2;    3;   0.0;   0;    9.767;   0;   0.6;   5.6; 1013.72;    3.5;   74.17;   10.4;   -2.3;   -4.5;eor
       7341;20190320;   10;   5.1;   1.1;    3;   0.0;   0;   11.367;   0;   3.2;   5.5; 1019.64;    4.8;   68.63;   13.6;   -2.8;   -5.2;eor
       7341;20190321;   10;   5.5;   1.3;    3;   0.0;   0;   11.433;   0;   5.5;   6.2; 1019.29;    7.3;   65.08;   16.6;   -1.3;   -3.6;eor
       7341;20190322;   10;   5.9;   1.4;    3;   0.0;   0;   11.533;   0;   4.8;   7.0; 1015.32;    9.5;   63.92;   19.3;    0.4;   -1.7;eor
       7341;20190323;   10;   9.8;   1.8;    3;   0.0;   0;   10.850;   0;   5.0;   7.9; 1013.20;    9.2;   69.88;   18.0;    0.5;   -1.9;eor
       7341;20190324;   10;   7.5;   2.2;    3;   0.0;   0;    2.983;   0;   4.3;   8.1; 1010.55;    8.8;   72.17;   13.4;    4.7;    1.0;eor
       7341;20190325;   10;  15.7;   3.5;    3;   0.5;   6;    3.433;   0;   5.8;   6.4; 1007.81;    5.4;   71.13;    9.5;    1.5;   -2.7;eor
       7341;20190326;   10;   7.9;   2.3;    3;   0.0;   0;    0.333;   0;   6.3;   6.2; 1015.38;    5.7;   69.83;    9.6;   -0.9;   -3.4;eor
       7341;20190327;   10;   4.6;   1.2;    3;   0.0;   0;    6.883;   0;   5.3;   6.5; 1017.99;    6.3;   70.08;   12.0;    0.1;   -2.6;eor
       7341;20190328;   10;   7.6;   1.7;    3;   0.0;   0;    4.450;   0;   6.0;   7.6; 1019.49;    7.9;   72.25;   15.0;   -1.0;   -3.0;eor
       7341;20190329;   10;   7.4;   1.7;    3;   0.0;   0;   10.000;   0;   0.8;   8.2; 1015.77;    9.9;   70.04;   17.4;    2.7;   -0.4;eor
       7341;20190330;   10;   8.8;   1.6;    3;   0.0;   0;   10.617;   0;   0.8;   7.5; 1008.50;   10.9;   62.96;   20.5;    0.8;   -1.9;eor
       7341;20190331;   10;  10.9;   2.4;    3;   0.0;   0;    9.367;   0;   1.6;   8.0; 1006.86;   10.4;   65.92;   19.2;    2.1;   -0.7;eor
       7341;20190401;   10;   7.5;   2.5;    3;   0.0;   0;   11.717;   0;   1.1;   7.4; 1005.41;   10.4;   60.79;   17.3;    3.9;    1.6;eor
       7341;20190402;   10;  14.6;   2.6;    3;   0.1;   6;    6.733;   0;   6.5;   8.3;  994.93;   11.9;   61.79;   20.7;    2.8;   -0.4;eor
       7341;20190403;   10;   9.3;   2.6;    3;   7.3;   6;    0.567;   0;   7.9;   9.1;  988.85;    9.2;   78.71;   12.6;    5.3;    5.2;eor
       7341;20190404;   10;   7.7;   1.8;    3;   2.9;   6;    0.000;   0;   7.7;   8.3;  986.44;    5.6;   90.67;    6.6;    4.8;    4.4;eor
       7341;20190405;   10;   4.7;   1.3;    3;   0.1;   6;    0.000;   0;   7.9;   8.9;  991.05;    6.8;   90.46;    8.7;    4.7;    4.3;eor
       7341;20190406;   10;   7.9;   1.5;    3;   0.0;   0;    5.633;   0;   7.6;   9.8;  990.10;   11.3;   75.79;   17.8;    4.3;    1.7;eor
       7341;20190407;   10;   8.8;   1.8;    3;   0.0;   0;    9.517;   0;   4.9;   8.7;  990.54;   13.2;   61.04;   20.0;    4.5;    1.7;eor
       7341;20190408;   10;   6.2;   2.0;    3;   0.0;   0;    2.967;   0;   7.8;  11.0;  995.02;   12.8;   74.96;   16.8;    9.9;    6.8;eor
       7341;20190409;   10;   7.6;   1.6;    3;   1.9;   6;    1.283;   0;   7.8;  10.4;  995.83;   11.0;   80.58;   18.3;    6.1;    4.1;eor
       7341;20190410;   10;  10.6;   3.3;    3;   0.0;   0;    7.850;   0;   5.8;   6.9;  998.69;    9.7;   58.21;   15.2;    4.3;    1.7;eor
       7341;20190411;   10;  11.3;   3.7;    3;   0.0;   0;   12.617;   0;   0.0;   4.7; 1005.80;    6.3;   51.08;   11.3;    1.1;   -2.4;eor
       7341;20190412;   10;   8.3;   2.9;    3;   0.0;   0;    1.183;   0;   6.3;   4.7; 1008.22;    4.0;   58.67;    7.5;   -1.4;   -4.4;eor
       7341;20190413;   10;   6.6;   2.5;    3;   2.2;   6;    0.817;   0;   7.7;   5.4; 1007.20;    4.0;   66.71;    6.9;    1.8;    1.5;eor
       7341;20190414;   10;  12.4;   3.6;    3;   0.0;   0;   11.183;   0;   6.8;   6.1; 1007.89;    6.0;   67.21;   11.3;    1.9;    1.3;eor
       7341;20190415;   10;   8.2;   2.7;    3;   0.0;   0;   12.050;   0;   1.7;   6.7; 1007.93;   10.6;   56.38;   18.6;    2.8;   -0.2;eor
       7341;20190416;   10;   9.3;   2.3;    3;   1.9;   4;    9.600;   0;   4.8;   6.8; 1003.75;   12.1;   50.08;   19.1;    2.7;   -1.4;eor
       7341;20190417;   10;   6.3;   1.8;    3;   0.2;   4;    6.000;   0;   7.1;   9.1; 1007.80;   13.2;   62.83;   19.1;    9.6;    4.3;eor
       7341;20190418;   10;  10.8;   2.9;    3;   0.0;   0;   12.317;   0;   4.0;   7.4; 1010.04;   15.0;   45.79;   22.1;    7.5;    3.5;eor
       7341;20190419;   10;   9.0;   2.2;    3;   0.0;   0;   13.317;   0;   0.4;   7.0; 1012.85;   15.7;   43.46;   24.0;    6.3;    1.7;eor
       7341;20190420;   10;   8.6;   2.0;    3;   0.0;   0;   13.267;   0;   0.0;   7.2; 1012.44;   16.7;   43.67;   25.0;    5.9;    2.3;eor
       7341;20190421;   10;  13.5;   1.9;    3;   0.0;   0;   13.333;   0;   0.0;   6.9; 1005.09;   16.2;   42.21;   24.8;    6.3;    2.1;eor
       7341;20190422;   10;   9.8;   2.7;    3;   0.0;   0;   12.933;   0;   4.5;   6.8;  994.87;   16.6;   42.33;   24.8;    5.1;    1.4;eor
       7341;20190423;   10;   9.9;   2.7;    3;   0.0;   0;    8.183;   0;   7.3;   8.8;  985.79;   16.2;   48.38;   22.6;    9.2;    7.1;eor
       7341;20190424;   10;  22.4;   2.8;    3;   1.2;   6;   10.433;   0;   5.8;  10.4;  988.89;   16.3;   59.21;   25.0;    6.8;    4.1;eor
       7341;20190425;   10;  12.5;   2.8;    3;   0.2;   6;    7.833;   0;   4.3;   8.9;  994.29;   15.3;   58.38;   26.0;    4.8;    2.0;eor
       7341;20190426;   10;   7.1;   2.2;    3;   4.5;   6;    0.000;   0;   7.0;  10.8;  999.76;   10.2;   86.67;   12.0;    8.4;    6.3;eor
       7341;20190427;   10;  13.7;   2.5;    3;   9.7;   8;    4.167;   0;   6.6;  10.2; 1000.91;    9.2;   87.58;   13.8;    6.1;    3.6;eor
       7341;20190428;   10;   7.6;   2.1;    3;   0.0;   6;    4.533;   0;   6.6;   7.9; 1005.10;    8.3;   73.92;   13.7;    3.4;    1.3;eor
       7341;20190429;   10;   9.9;   1.4;    3;   1.9;   6;    4.433;   0;   7.5;   8.7; 1007.61;    8.5;   79.79;   15.2;    1.1;   -0.2;eor
       7341;20190430;   10;   9.4;   2.7;    3;   0.0;   0;   13.167;   0;   2.3;   8.4; 1005.25;   12.8;   59.96;   18.6;    6.6;    3.9;eor
       7341;20190501;    3;   5.6;   1.2;    3;   0.0;   0;   10.600;-999;   1.9;   8.6; 1001.19;   12.5;   64.08;   21.2;    3.9;    1.9;eor
       7341;20190502;    3;  10.2;   2.1;    3;   0.0;   6;    8.533;-999;   6.4;   9.1;  995.58;   13.0;   63.58;   19.3;    5.7;    3.4;eor
       7341;20190503;    3;  11.5;   3.0;    3;   3.5;   6;    5.550;-999;   6.5;   7.3;  996.56;   11.3;   55.63;   14.9;    7.2;    4.0;eor
       7341;20190504;    3;  10.8;   2.1;    3;   2.9;   8;    2.133;-999;   6.7;   7.0;  995.25;    5.9;   75.38;    9.5;    2.1;    0.1;eor
       7341;20190505;    3;   7.5;   1.6;    3;   0.0;   6;    5.667;-999;   4.6;   6.1; 1003.92;    6.0;   67.54;   10.6;   -1.2;   -3.0;eor
       7341;20190506;    3;   8.4;   2.0;    3;   0.0;   6;    4.967;-999;   6.5;   6.2; 1006.10;    8.2;   58.17;   11.8;    3.1;    0.0;eor
       7341;20190507;    3;   6.0;   1.3;    3;   0.0;   6;    4.150;-999;   7.6;   6.9; 1003.11;    9.3;   61.25;   14.6;    5.3;    3.3;eor
       7341;20190508;    3;   9.1;   2.4;    3;   6.3;   6;    0.150;-999;   7.5;  10.3;  990.31;    9.3;   85.96;   12.9;    3.7;    1.6;eor
       7341;20190509;    3;   8.3;   2.5;    3;   7.4;   6;    1.283;-999;   7.1;  11.4;  986.95;   10.2;   91.00;   13.0;    6.4;    3.7;eor
       7341;20190510;    3;  10.5;   2.9;    3;  15.2;   6;    9.417;-999;   5.7;   9.2;  995.60;   13.2;   63.75;   18.7;    8.2;    6.3;eor
       7341;20190511;    3;  11.5;   2.4;    3;   4.5;   6;    0.000;-999;   7.7;  11.1;  998.10;    9.8;   91.08;   11.6;    6.0;    3.6;eor
       7341;20190512;    3;   9.7;   2.6;    3;   0.0;   0;    8.200;-999;   2.5;   7.2; 1016.21;    9.2;   64.67;   15.0;    4.1;    1.3;eor
       7341;20190513;    3;   9.6;   2.7;    3;   0.0;   0;   13.983;-999;   1.1;   6.1; 1020.98;   10.2;   52.58;   16.4;    4.3;    1.1;eor
       7341;20190514;    3;  11.4;   3.4;    3;   0.0;   0;   11.850;-999;   2.2;   6.0; 1016.04;   10.2;   50.79;   15.4;    4.1;    0.6;eor
       7341;20190515;    3;  13.3;   3.1;    3;   0.0;   6;   11.200;-999;   4.1;   5.6; 1010.08;    9.2;   52.33;   15.1;    0.9;   -1.8;eor
       7341;20190516;    3;   9.4;   2.5;    3;   0.7;   6;    3.633;-999;   7.8;   8.3; 1001.42;   10.2;   67.21;   14.8;    8.1;    7.3;eor
       7341;20190517;    3;   8.4;   2.3;    3;   0.0;   6;    6.633;-999;   6.7;  10.6;  993.38;   12.7;   74.33;   18.3;    8.1;    7.2;eor
       7341;20190518;    3;  10.4;   1.7;    3;   3.9;   6;    7.883;-999;   7.8;  12.3;  991.39;   15.1;   74.33;   22.7;    8.2;    5.3;eor
       7341;20190519;    3;   7.2;   1.4;    3;   0.0;   6;    7.333;-999;   7.2;  13.3;  989.79;   16.5;   73.29;   24.3;   11.3;    8.5;eor
       7341;20190520;    3;   9.9;   2.2;    3;  23.0;   6;    2.117;-999;   7.4;  13.5;  990.38;   14.5;   81.96;   19.7;    9.1;    6.8;eor
       7341;20190521;    3;  11.5;   4.0;    3;   4.8;   6;    0.017;-999;   7.8;  13.1;  995.48;   13.5;   84.71;   15.7;   11.9;   11.6;eor
       7341;20190522;    3;   8.0;   2.3;    3;   0.0;   0;    5.350;-999;   6.2;  11.1; 1004.19;   13.3;   73.46;   17.5;    7.3;    4.8;eor
       7341;20190523;    3;   7.1;   1.4;    3;   0.0;   0;   11.400;-999;   7.7;  10.1; 1004.45;   14.2;   67.08;   21.5;    6.1;    3.8;eor
       7341;20190524;    3;   4.2;   1.1;    3;   0.0;   6;    9.167;-999;   6.8;  11.3; 1000.57;   16.6;   64.38;   24.0;    8.5;    6.1;eor
       7341;20190525;    3;   7.2;   1.9;    3;   0.0;   0;   10.683;-999;   4.7;  10.9; 1001.06;   17.2;   58.54;   22.8;   11.2;    8.1;eor
       7341;20190526;    3;   8.4;   2.0;    3;   0.0;   6;   11.850;-999;   5.5;  11.1; 1000.44;   16.8;   61.67;   23.3;    8.0;    5.7;eor
       7341;20190527;    3;   7.1;   2.2;    3;   6.1;   6;    1.333;-999;   7.3;  14.0;  995.41;   15.5;   79.54;   19.9;   11.2;    9.2;eor
       7341;20190528;    3;  12.9;   1.6;    3;   2.3;   6;    3.183;-999;   7.7;  12.6;  994.48;   13.4;   82.25;   18.9;   10.0;    8.7;eor
       7341;20190529;    3;   6.8;   2.2;    3;   0.0;   0;    9.983;-999;   4.1;  10.2; 1006.26;   13.6;   67.21;   18.7;    9.7;    7.2;eor
       7341;20190530;    3;   8.9;   2.2;    3;   0.0;   6;    7.933;-999;   6.4;  11.7; 1010.51;   15.5;   68.75;   21.4;    7.4;    5.5;eor
       7341;20190531;    3;   8.0;   1.5;    3;   0.0;   0;    7.483;-999;   6.8;  14.3; 1010.31;   19.4;   65.79;   25.3;   13.4;    9.9;eor
       7341;20190601;    3;   6.5;   1.2;    3;   0.0;   0;   14.083;-999;   6.3;  14.4; 1007.37;   20.3;   65.00;   28.3;   11.6;    8.7;eor
       7341;20190602;    3;   8.7;   2.0;    3;   0.0;   0;   14.700;-999;   2.4;  13.7; 1001.89;   22.5;   56.63;   30.7;   12.6;    9.1;eor
       7341;20190603;    3;  17.4;   2.1;    3;   5.6;   6;   10.033;-999;   4.0;  16.8;  999.58;   20.7;   71.58;   30.8;   14.2;   10.7;eor
       7341;20190604;    3;  10.8;   2.3;    3;   0.0;   6;   13.617;-999;   4.0;  16.3;  996.26;   22.5;   63.83;   30.2;   13.0;   10.5;eor
       7341;20190605;    3;  12.4;   1.8;    3;   2.0;   6;   12.167;-999;   3.9;  17.0;  991.53;   23.4;   60.96;   30.0;   16.5;   13.4;eor
       7341;20190606;    3;  13.1;   2.6;    3;   1.3;   6;    0.817;-999;   6.5;  13.3;  998.59;   14.7;   80.13;   22.2;    8.7;    6.0;eor
       7341;20190607;    3;  19.5;   2.7;    3;   5.1;   6;    7.833;-999;   5.1;  13.0;  998.90;   15.2;   78.08;   25.7;    7.4;    4.9;eor
       7341;20190608;    3;  17.0;   3.9;    3;   0.0;   0;    8.517;-999;   5.8;  10.1; 1007.32;   15.6;   58.25;   21.0;    9.4;    6.3;eor
       7341;20190609;    3;   6.0;   1.7;    3;   0.0;   6;   10.633;-999;   6.5;  11.6; 1006.95;   17.2;   62.00;   24.2;    7.2;    4.5;eor
       7341;20190610;    1;   6.9;   2.1;    1;  12.6;   6;    3.800;-999;   7.9;  15.8;  999.13;   18.7;   74.25;   22.7;   14.7;   13.3;eor
       7341;20190611;    1;   5.6;   1.5;    1;   0.0;   0;    2.900;-999;   7.5;  15.2;  996.85;   17.8;   76.42;   21.8;   13.8;   13.3;eor
       7341;20190612;    1;  12.6;   2.1;    1;   9.8;   6;    5.700;-999;   6.1;  14.8;  996.12;   16.6;   79.38;   20.6;   12.9;   10.9;eor
       7341;20190613;    1;   9.0;   2.3;    1;   0.0;   0;   11.500;-999;   3.9;  12.5; 1000.32;   17.8;   64.29;   24.6;   11.4;    8.5;eor
       7341;20190614;    1;   9.7;   1.4;    1;   0.1;   6;    3.733;-999;   5.9;  15.7; 1000.50;   18.3;   75.25;   25.6;   10.4;    7.8;eor
       7341;20190615;    1;  11.8;   2.4;    1;   0.6;   6;    8.533;-999;   5.5;  15.4;  998.90;   19.7;   69.88;   25.9;   13.4;   11.0;eor
       7341;20190616;    1;   6.0;   1.5;    1;   1.3;   6;    4.933;-999;   5.5;  15.3; 1006.22;   17.9;   76.08;   23.5;   13.2;   10.0;eor
       7341;20190617;    1;   9.8;   1.6;    1;   0.0;   0;   14.183;-999;   1.5;  14.7; 1005.41;   19.8;   67.42;   26.7;   11.4;    8.7;eor
       7341;20190618;    1;   8.0;   1.8;    1;   0.0;   0;   10.933;-999;   6.0;  16.8; 1000.04;   22.4;   65.04;   29.5;   13.7;   10.6;eor
       7341;20190619;    1;  10.0;   2.1;    1;   3.0;   6;   12.350;-999;   5.1;  16.4;  995.15;   24.3;   58.58;   31.7;   15.9;   13.4;eor
       7341;20190620;    1;  11.4;   2.3;    1;  17.7;   8;    7.550;-999;   6.7;  18.1;  998.46;   19.8;   80.00;   26.2;   14.8;   13.1;eor
       7341;20190621;    1;   6.8;   1.7;    1;   0.0;   4;   11.417;-999;   4.4;  14.2; 1003.90;   18.9;   67.50;   25.0;   14.0;   11.6;eor
       7341;20190622;    1;  10.7;   2.2;    1;  19.4;   8;    9.767;-999;   5.8;  15.6; 1004.13;   18.9;   72.33;   26.6;   13.1;   10.1;eor
       7341;20190623;    1;   9.0;   2.1;    1;   0.0;   0;   12.417;-999;   4.6;  17.0; 1004.08;   22.0;   67.88;   28.6;   14.4;   12.7;eor
       7341;20190624;    1;   8.5;   2.3;    1;   0.0;   0;   15.333;-999;   5.7;  18.1; 1005.28;   24.0;   63.96;   30.7;   16.1;   13.6;eor
       7341;20190625;    1;   8.0;   1.8;    1;   0.0;   0;   13.600;-999;   5.1;  20.7; 1004.98;   25.6;   66.21;   34.0;   16.6;   14.2;eor
       7341;20190626;    1;   7.9;   1.6;    1;   0.0;   0;   14.650;-999;   0.0;  21.7; 1007.44;   28.4;   59.33;   35.4;   19.3;   16.8;eor
       7341;20190627;    1;   8.6;   3.2;    1;   0.0;   0;   14.333;-999;   0.3;  13.9; 1009.82;   24.2;   48.00;   29.4;   17.2;   12.6;eor
       7341;20190628;    1;   7.3;   2.3;    1;   0.0;   0;   15.400;-999;   0.0;  13.0; 1009.03;   20.8;   55.50;   27.9;   14.5;   11.1;eor
       7341;20190629;    1;   7.3;   1.7;    1;   0.0;   0;   15.400;-999;   0.0;  12.6; 1004.93;   23.0;   50.17;   32.2;   12.6;    8.8;eor
       7341;20190630;    1;   8.9;   2.1;    1;   0.2;   6;   14.550;-999;   1.1;  17.1; 1000.01;   27.4;   51.04;   37.7;   14.1;   10.8;eor
       7341;20190701;    1;   9.1;   2.3;    1;   0.4;   8;    6.500;-999;   6.4;  15.8; 1002.28;   24.1;   53.46;   28.4;   18.8;   16.4;eor
       7341;20190702;    1;   8.5;   2.3;    1;   0.0;   0;   14.283;-999;   1.3;  11.1; 1006.73;   20.0;   49.04;   25.1;   13.4;    9.6;eor
       7341;20190703;    1;   9.8;   2.4;    1;   0.0;   0;   15.033;-999;   1.6;   9.8; 1008.19;   18.7;   47.58;   24.6;   12.0;    8.7;eor
       7341;20190704;    1;   6.2;   1.8;    1;   0.0;   0;   14.783;-999;   2.1;   9.6; 1007.72;   18.7;   46.92;   26.1;   11.6;    8.3;eor
       7341;20190705;    1;   8.2;   1.4;    1;   0.0;   0;    7.550;-999;   7.0;  11.7; 1002.60;   20.9;   50.50;   29.1;   13.3;   10.4;eor
       7341;20190706;    1;  12.6;   2.8;    1;   0.0;   6;    9.467;-999;   5.5;  11.7;  996.61;   23.6;   45.04;   32.1;   14.5;   12.1;eor
       7341;20190707;    1;   9.2;   2.5;    1;   2.4;   6;    4.500;-999;   6.5;  12.0;  999.07;   18.3;   58.46;   22.9;   12.3;    8.1;eor
       7341;20190708;    1;   9.0;   2.1;    1;   0.0;   0;   11.200;-999;   4.1;   9.6; 1003.98;   15.6;   56.33;   20.7;    9.9;    6.2;eor
       7341;20190709;    1;   8.4;   2.0;    1;   0.0;   0;    9.050;-999;   5.5;   9.3; 1005.50;   14.4;   59.46;   20.2;    8.6;    5.1;eor
