STATIONS_ID;MESS_DATUM;QN_3;  FX;  FM;QN_4; RSK;RSKF; SDK;SHK_TAG;  NM; VPM;  PM; TMK; UPM; TXK; TNK; TGK;eor
        891;20180106;   10;  10.2;   4.3;    3;   0.1;   6;    0.100;   0;   7.6;   7.3; 1007.09;    3.9;   89.50;    5.9;    1.5;    0.5;eor
        891;20180107;   10;   9.9;   5.6;    3;   0.0;   0;    6.083;   0;   2.8;   5.2; 1029.25;    1.0;   78.96;    1.9;    0.0;   -1.9;eor
        891;20180108;   10;  17.5;   9.3;    3;   0.0;   0;    6.267;   0;   3.0;   4.4; 1030.63;    0.6;   68.38;    1.9;   -0.4;   -2.1;eor
        891;20180109;   10;  18.7;   9.3;    3;   0.0;   6;    1.900;   0;   6.1;   4.7; 1014.57;    2.0;   65.83;    3.4;    0.0;   -1.3;eor
        891;20180110;   10;   8.4;   3.1;    3;   0.0;   6;    0.417;   0;   7.8;   7.3; 1009.30;    3.6;   91.75;    5.0;    2.1;    0.6;eor
        891;20180111;   10;   7.3;   3.1;    3;   3.4;   6;    2.067;   0;   6.9;   7.5; 1016.66;    3.3;   96.96;    3.9;    2.3;    0.7;eor
        891;20180112;   10;  12.9;   7.1;    3;   0.0;   6;    0.000;   0;   7.7;   7.0; 1026.15;    2.5;   96.21;    3.2;    1.9;    1.8;eor
        891;20180113;   10;  14.2;   8.5;    3;   0.0;   0;    0.000;   0;   8.0;   6.4; 1027.60;    1.7;   91.96;    2.2;    0.3;    0.1;eor
        891;20180114;   10;  14.3;   7.3;    3;   0.0;   0;    4.450;   0;   3.8;   4.8; 1023.61;    0.3;   76.75;    1.3;   -1.1;   -2.5;eor
        891;20180115;   10;  15.6;   5.6;    3;   4.2;   8;    0.000;   0;   6.0;   6.0; 1002.24;    2.0;   84.13;    5.7;   -1.1;   -2.4;eor
        891;20180116;   10;  15.7;   5.7;    3;  10.6;   8;    0.517;   0;   7.4;   7.2;  985.11;    3.6;   90.83;    5.9;    1.1;    0.2;eor
        891;20180117;   10;  15.4;   5.5;    3;   4.1;   8;    1.600;   1;   7.3;   6.5;  991.16;    2.0;   92.13;    3.8;    0.3;    0.0;eor
        891;20180118;   10;  18.6;   6.4;    3;  16.8;   8;    0.000;   0;   7.6;   6.6;  990.18;    2.0;   93.88;    3.0;    0.2;    0.0;eor
        891;20180119;   10;   9.4;   3.7;    3;   1.8;   8;    1.167;   0;   6.7;   6.6; 1001.71;    2.0;   94.04;    3.2;    1.0;   -0.4;eor
        891;20180120;   10;   9.5;   3.2;    3;   0.5;   8;    0.000;   0;   7.5;   6.4; 1001.51;    1.6;   93.33;    2.5;    0.7;   -1.4;eor
        891;20180121;   10;   7.8;   2.1;    3;   0.3;   8;    0.000;   0;   7.8;   6.3; 1010.25;    1.1;   95.67;    1.7;    0.5;    0.0;eor
        891;20180122;   10;  11.8;   3.4;    3;   0.3;   8;    0.000;   0;   7.8;   6.5; 1006.97;    1.2;   97.29;    2.3;    0.5;    0.1;eor
        891;20180123;   10;  14.9;   4.2;    3;   3.9;   6;    0.350;   0;   7.8;   8.9; 1014.41;    6.3;   93.38;    9.1;    2.3;    2.3;eor
        891;20180124;   10;  20.0;   6.9;    3;   4.3;   6;    0.017;   0;   7.7;  11.3; 1007.00;   10.7;   88.29;   13.8;    6.7;    6.5;eor
        891;20180125;   10;  12.1;   4.1;    3;   0.0;   6;    0.067;   0;   7.7;   9.0; 1008.24;    7.5;   87.42;    8.5;    6.2;    4.7;eor
        891;20180126;   10;   5.8;   2.3;    3;   0.0;   6;    0.000;   0;   7.9;   8.6; 1016.53;    4.9;   98.38;    6.9;    3.5;    2.4;eor
        891;20180127;   10;  19.0;   4.5;    3;   4.2;   6;    0.017;   0;   7.9;   7.7; 1023.94;    5.3;   86.67;    6.3;    4.5;    3.7;eor
        891;20180128;   10;  20.3;   8.4;    3;   3.8;   6;    0.367;   0;   7.6;   9.6; 1019.55;    7.6;   91.58;    9.6;    5.6;    5.0;eor
        891;20180129;   10;  19.6;   8.4;    3;  20.5;   6;    0.000;   0;   6.8;   9.7; 1016.16;    7.9;   90.79;   10.4;    4.3;    3.2;eor
        891;20180130;   10;  15.3;   6.0;    3;   0.3;   6;    2.050;   0;   6.8;   7.6; 1021.66;    5.2;   85.42;    6.2;    2.9;    1.6;eor
        891;20180131;   10;  19.1;   5.0;    3;   8.2;   6;    0.000;   0;   7.7;   7.9;  999.89;    4.8;   90.63;    8.3;    2.3;    1.2;eor
        891;20180201;   10;  15.4;   6.4;    3;   0.9;   8;    0.917;   0;   5.9;   6.6;  993.25;    3.1;   86.08;    4.3;    2.0;    0.2;eor
        891;20180202;   10;  12.4;   4.8;    3;   0.2;   8;    0.933;   0;   7.6;   7.2;  998.30;    3.2;   92.88;    5.2;    1.2;    1.0;eor
        891;20180203;   10;   9.7;   3.8;    3;   0.0;   8;    0.000;   0;   7.9;   5.1; 1005.62;    0.0;   82.92;    1.3;   -0.9;   -0.8;eor
        891;20180204;   10;  15.6;   7.8;    3;   0.3;   8;    0.000;   0;   7.5;   5.6; 1019.63;    1.1;   85.08;    2.1;   -0.4;   -1.0;eor
        891;20180205;   10;  12.0;   6.6;    3;   0.0;   0;    1.083;   0;   7.4;   5.1; 1028.24;    0.6;   80.21;    1.5;   -0.5;   -1.8;eor
        891;20180206;   10;   6.7;   2.8;    3;   0.0;   0;    7.033;   0;   5.0;   4.0; 1017.74;   -1.2;   72.13;    0.5;   -4.9;   -8.4;eor
        891;20180207;   10;   5.0;   1.8;    3;   0.0;   0;    7.867;   0;   0.0;   3.6; 1017.04;   -1.9;   68.58;    0.3;   -4.5;   -8.9;eor
        891;20180208;   10;   6.5;   2.2;    3;   0.0;   0;    7.817;   0;   2.1;   3.8; 1018.63;   -2.0;   72.63;    1.3;   -4.8;   -7.3;eor
        891;20180209;   10;   8.2;   3.4;    3;   0.0;   0;    7.550;   0;   5.8;   4.5; 1013.14;   -1.1;   79.13;    3.1;   -4.1;   -5.5;eor
        891;20180210;   10;   8.4;   2.2;    3;   0.4;   8;    2.000;   0;   4.9;   5.1; 1011.65;   -0.7;   87.08;    1.8;   -4.0;   -5.6;eor
        891;20180211;   10;  16.4;   6.0;    3;   4.8;   8;    0.150;   0;   7.1;   6.3;  995.80;    2.7;   86.00;    5.4;    0.3;    0.0;eor
        891;20180212;   10;  16.0;   5.6;    3;   1.2;   8;    1.317;   0;   5.7;   6.1; 1005.13;    2.5;   83.79;    5.0;    1.0;   -0.7;eor
        891;20180213;   10;   8.2;   3.2;    3;   0.0;   0;    8.183;   0;   0.6;   5.4; 1011.28;    1.8;   78.75;    5.7;   -0.5;   -2.9;eor
        891;20180214;   10;  13.1;   4.0;    3;   0.0;   0;    8.267;   0;   2.4;   4.3; 1015.72;    1.2;   65.63;    4.9;   -1.8;   -3.9;eor
        891;20180215;   10;  15.3;   5.2;    3;   1.6;   8;    0.000;   0;   6.8;   5.6; 1010.59;    1.8;   79.13;    3.9;    1.1;    0.4;eor
        891;20180216;   10;  14.1;   5.1;    3;   0.0;   0;    6.017;   0;   3.5;   6.7; 1019.42;    3.5;   85.67;    5.9;    1.5;   -0.4;eor
        891;20180217;   10;   5.5;   2.1;    3;   0.0;   0;    7.050;   0;   6.1;   6.5; 1023.94;    1.8;   92.88;    5.2;   -0.6;   -5.1;eor
        891;20180218;   10;   6.2;   2.1;    3;   0.0;   0;    7.267;   0;   6.0;   5.5; 1024.55;    1.5;   81.25;    5.3;   -2.5;   -3.9;eor
        891;20180219;   10;   5.6;   2.1;    3;   0.0;   0;    4.000;   0;   7.3;   6.1; 1018.73;    2.9;   81.21;    7.0;    1.3;   -1.1;eor
        891;20180220;   10;   8.0;   3.7;    3;   0.0;   0;    7.700;   0;   3.2;   6.0; 1020.33;    2.3;   83.00;    4.2;    0.5;   -1.3;eor
        891;20180221;   10;   6.7;   3.2;    3;   0.0;   7;    4.200;   0;   3.8;   5.2; 1026.01;    1.3;   77.63;    3.3;    0.2;   -2.2;eor
        891;20180222;   10;   9.0;   2.3;    3;   0.0;   8;    0.000;   0;   6.4;   5.7; 1025.97;    1.1;   86.38;    2.0;   -0.2;   -2.1;eor
        891;20180223;   10;  13.2;   7.7;    3;   0.0;   0;    8.217;   0;   4.2;   4.4; 1026.10;    0.1;   71.33;    1.5;   -1.1;   -2.4;eor
        891;20180224;   10;  15.9;   9.1;    3;   0.0;   7;    4.950;   0;   3.8;   4.2; 1030.37;    0.1;   68.88;    1.9;   -2.0;   -3.2;eor
        891;20180225;   10;  13.4;   6.2;    3;   0.2;   8;    1.700;   0;   4.3;   3.7; 1032.95;   -2.6;   73.67;   -1.5;   -3.3;   -4.7;eor
        891;20180226;   10;  14.9;   7.2;    3;   0.0;   8;    6.067;   0;   4.8;   3.6; 1031.00;   -2.6;   71.21;    0.0;   -4.5;   -5.4;eor
        891;20180227;   10;  23.4;   8.2;    3;   0.0;   8;    6.183;   0;   4.8;   3.4; 1024.27;   -3.7;   72.79;   -2.0;   -6.3;   -7.2;eor
        891;20180228;   10;  21.6;  12.5;    3;   0.0;   0;    9.483;   0;   3.0;   2.1; 1026.31;   -6.9;   58.54;   -5.4;   -8.9;   -9.3;eor
        891;20180301;   10;  23.3;  14.2;    3;   0.0;   0;    9.583;   0;   1.6;   2.7; 1017.88;   -5.1;   64.46;   -2.3;   -7.2;   -8.0;eor
        891;20180302;   10;  19.8;  12.3;    3;   0.0;   0;    6.817;   0;   1.9;   2.7; 1006.68;   -5.8;   69.04;   -2.9;   -8.4;   -8.9;eor
        891;20180303;   10;  18.4;  11.4;    3;   0.0;   0;    9.683;   0;   0.0;   2.9; 1003.23;   -5.0;   68.79;   -1.7;   -8.0;   -8.8;eor
        891;20180304;   10;  16.3;   9.1;    3;   3.0;   8;    3.267;   0;   6.1;   3.7;  998.72;   -2.1;   69.83;    1.2;   -5.7;   -6.4;eor
        891;20180305;   10;  11.4;   3.9;    3;   0.0;   6;    4.050;   0;   7.2;   7.3;  992.78;    5.4;   81.42;   10.8;    0.4;   -0.2;eor
        891;20180306;   10;  11.0;   4.4;    3;   0.0;   0;    8.383;   0;   7.5;   6.3;  991.95;    2.4;   87.33;    5.1;    0.2;   -1.8;eor
        891;20180307;   10;   7.6;   2.6;    3;   3.0;   6;    0.000;   0;   7.2;   6.4;  993.70;    1.4;   95.08;    3.1;    0.4;   -2.1;eor
        891;20180308;   10;  15.4;   3.6;    3;   5.0;   6;    2.750;   0;   7.3;   7.3;  995.51;    4.0;   90.17;    9.4;    0.9;    0.5;eor
        891;20180309;   10;  14.3;   5.2;    3;   0.1;   6;    5.567;   0;   6.7;   7.3; 1001.91;    3.9;   90.42;    7.0;    2.5;   -0.3;eor
        891;20180310;   10;  11.7;   4.6;    3;   3.3;   6;    0.000;   0;   7.9;   7.7; 1000.14;    3.4;   98.21;    9.0;    1.7;    0.9;eor
        891;20180311;   10;  10.4;   2.7;    3;   0.0;   6;    1.583;   0;   7.7;  11.7;  994.41;   10.9;   90.54;   14.4;    6.0;    2.1;eor
        891;20180312;   10;   8.2;   1.7;    3;   2.2;   6;    0.033;   0;   8.0;   9.4;  990.72;    6.4;   97.13;    9.8;    3.0;    1.1;eor
        891;20180313;   10;  11.2;   5.2;    3;   0.1;   6;    0.000;   0;   8.0;   7.6;  998.32;    3.7;   95.04;    5.7;    2.0;    2.2;eor
        891;20180314;   10;   9.9;   3.3;    3;   0.0;   0;    0.250;   0;   8.0;   6.2; 1010.06;    3.4;   79.63;    4.6;    2.1;    1.4;eor
        891;20180315;   10;  21.6;  12.2;    3;   0.0;   0;    0.750;   0;   7.5;   6.2; 1005.10;    2.7;   84.08;    4.1;    1.6;    0.8;eor
        891;20180316;   10;  25.6;  15.9;    3;   0.0;   8;    0.317;   0;   7.8;   4.5; 1008.70;    0.5;   70.75;    1.6;   -2.0;   -2.5;eor
        891;20180317;   10;  27.0;  16.5;    3;   0.1;   8;    5.850;   0;   5.5;   3.5; 1014.93;   -1.9;   65.79;   -0.5;   -3.9;   -3.9;eor
        891;20180318;   10;  25.1;  14.9;    3;   0.0;   0;   10.867;   0;   0.0;   2.9; 1017.24;   -1.7;   54.29;    0.6;   -4.0;   -4.6;eor
        891;20180319;   10;  12.3;   5.9;    3;   0.9;   8;   11.050;   0;   1.6;   3.9; 1016.37;   -0.2;   64.04;    3.2;   -2.5;   -4.1;eor
        891;20180320;   10;  12.7;   5.0;    3;   0.0;   0;   11.083;   0;   1.2;   5.7; 1018.68;    2.4;   78.54;    5.2;    0.7;   -1.8;eor
        891;20180321;   10;  12.0;   4.9;    3;   3.3;   8;    1.250;   0;   7.3;   6.6; 1023.60;    2.8;   87.96;    5.5;   -0.1;   -3.8;eor
        891;20180322;   10;  14.7;   6.1;    3;   0.5;   6;    0.033;   0;   7.8;   7.6; 1009.99;    3.3;   97.29;    5.5;    1.6;    0.7;eor
        891;20180323;   10;   6.6;   1.9;    3;   1.0;   6;    0.000;   0;   7.8;   8.1; 1004.62;    4.5;   95.58;    6.7;    2.0;    1.2;eor
        891;20180324;   10;   5.5;   1.8;    3;   0.0;   0;    0.600;   0;   7.9;   8.2; 1002.92;    5.7;   89.33;    9.5;    4.0;    3.0;eor
        891;20180325;   10;   6.0;   2.3;    3;   0.0;   6;    0.000;   0;   8.0;   7.5; 1007.20;    5.8;   81.67;    8.1;    2.3;    2.4;eor
        891;20180326;   10;   9.2;   3.5;    3;   0.0;   6;    0.983;   0;   7.9;   7.0; 1013.49;    2.9;   93.13;    6.6;    0.4;    0.6;eor
        891;20180327;   10;  10.2;   3.0;    3;   0.5;   6;    4.383;   0;   7.8;   6.6; 1011.09;    5.1;   77.29;   10.2;    1.0;   -0.6;eor
        891;20180328;   10;  17.4;   9.5;    3;  12.3;   8;    0.000;   0;   7.6;   6.8; 1001.30;    2.8;   91.29;    4.3;    0.4;    0.0;eor
        891;20180329;   10;   6.6;   3.4;    3;   0.0;   6;    0.700;   0;   7.8;   6.4; 1002.02;    2.0;   90.58;    3.9;    0.5;   -0.5;eor
        891;20180330;   10;  15.4;   8.2;    3;   1.5;   8;    6.850;   0;   6.7;   6.4; 1004.68;    3.1;   84.04;    6.8;    0.2;   -1.0;eor
        891;20180331;   10;  15.9;   8.0;    3;   1.2;   8;    0.000;   0;   8.0;   6.3; 1001.18;    2.6;   85.54;    4.1;    1.2;   -0.1;eor
        891;20180401;   10;  12.7;   5.7;    3;   0.0;   0;   10.400;   0;   2.6;   6.0; 1006.38;    2.9;   79.79;    5.1;    1.3;   -0.5;eor
        891;20180402;   10;  11.5;   3.8;    3;   7.0;   6;    4.900;   0;   7.6;   6.5; 1006.41;    4.3;   77.25;    6.5;    1.6;   -1.1;eor
        891;20180403;   10;  10.3;   3.4;    3;   2.5;   6;    0.783;   0;   7.7;  11.2;  997.59;   11.6;   82.13;   15.8;    6.2;    5.5;eor
        891;20180404;   10;  15.5;   3.7;    3;   2.9;   6;    3.033;   0;   7.3;  10.4;  998.51;   11.6;   77.54;   15.2;    7.2;    5.5;eor
        891;20180405;   10;  18.9;   6.5;    3;   1.2;   6;    2.667;   0;   5.8;   8.7; 1005.51;    6.8;   87.04;   10.4;    3.9;    1.9;eor
        891;20180406;   10;  13.1;   4.7;    3;   0.0;   0;   11.367;   0;   4.5;   7.2; 1019.75;    6.9;   73.71;   11.4;    2.7;    0.8;eor
        891;20180407;   10;  11.8;   4.5;    3;   0.0;   0;   10.067;   0;   7.4;   7.3; 1011.24;   11.3;   54.71;   19.2;    5.4;    3.5;eor
        891;20180408;   10;   7.6;   2.8;    3;   0.0;   0;    8.450;   0;   5.5;  10.1; 1006.55;   11.8;   73.42;   18.9;    7.0;    5.2;eor
        891;20180409;   10;   9.1;   3.9;    3;   0.0;   0;    4.633;   0;   7.4;  10.8; 1005.37;   10.0;   87.83;   14.6;    6.7;    4.3;eor
        891;20180410;   10;  17.2;   7.9;    3;   0.0;   0;    6.400;   0;   7.3;   9.9; 1006.04;    9.6;   83.25;   15.3;    5.7;    5.6;eor
        891;20180411;   10;  16.0;  10.7;    3;   0.0;   0;    1.550;   0;   6.1;   8.2; 1010.65;    6.2;   86.33;    8.2;    4.7;    4.0;eor
        891;20180412;   10;  14.5;   8.3;    3;   8.1;   6;    5.817;   0;   5.4;   9.3; 1005.64;    8.7;   82.38;   13.1;    4.5;    3.8;eor
        891;20180413;   10;  13.3;   3.5;    3;   3.1;   6;    0.000;   0;   7.9;  11.1; 1005.71;    9.2;   94.71;   13.6;    7.4;    7.2;eor
        891;20180414;   10;  14.4;   5.1;    3;   4.4;   6;    0.000;   0;   7.8;  10.0; 1013.68;    7.6;   95.79;    9.0;    6.7;    6.7;eor
        891;20180415;   10;   8.0;   3.3;    3;   3.8;   6;    1.000;   0;   7.6;  11.1; 1012.90;    9.1;   95.46;   12.7;    6.8;    3.0;eor
        891;20180416;   10;   9.7;   3.3;    3;   0.4;   6;    5.250;   0;   5.6;  11.2; 1013.60;   10.0;   91.13;   14.7;    7.5;    3.5;eor
        891;20180417;   10;  10.2;   3.2;    3;   0.0;   0;   10.650;   0;   4.0;   9.9; 1023.41;   12.5;   71.00;   18.3;    6.1;    3.9;eor
        891;20180418;   10;   7.4;   3.1;    3;   0.0;   0;   12.850;   0;   1.5;  11.8; 1029.39;   15.9;   65.75;   22.4;   11.8;    7.6;eor
        891;20180419;   10;   8.4;   3.8;    3;   0.0;   0;   13.083;   0;   1.9;  12.8; 1027.52;   16.8;   68.54;   22.7;   10.0;    7.8;eor
        891;20180420;   10;  11.1;   4.2;    3;   0.0;   0;   13.183;   0;   1.3;  12.1; 1020.38;   16.8;   64.38;   23.4;    8.9;    7.4;eor
        891;20180421;   10;   6.4;   3.6;    3;   0.0;   0;   13.333;   0;   2.2;  10.4; 1020.51;   10.6;   81.50;   14.0;    6.9;    1.6;eor
        891;20180422;   10;  10.7;   4.2;    3;   2.4;   6;    9.583;   0;   4.7;  11.5; 1012.19;   12.4;   80.92;   18.3;    6.1;    1.3;eor
        891;20180423;   10;  14.8;   5.9;    3;   0.0;   6;    9.067;   0;   5.6;  11.2; 1010.24;   12.0;   79.13;   15.1;    9.6;    6.9;eor
        891;20180424;   10;  16.7;   5.5;    3;   6.5;   6;    2.467;   0;   7.7;  10.4; 1010.08;   10.4;   82.58;   13.4;    8.4;    8.1;eor
        891;20180425;   10;  17.6;   6.1;    3;   4.7;   6;    0.633;   0;   7.1;  10.5; 1004.67;    9.7;   86.75;   12.5;    7.7;    4.8;eor
        891;20180426;   10;  16.1;   6.3;    3;   0.2;   6;    8.200;   0;   5.3;   9.3; 1009.96;    9.1;   80.25;   11.3;    6.9;    5.0;eor
        891;20180427;   10;   8.4;   3.0;    3;   1.3;   6;    6.383;   0;   6.0;   9.4; 1010.66;   10.5;   74.75;   15.5;    6.6;    4.7;eor
        891;20180428;   10;  11.5;   3.6;    3;   0.8;   6;    1.950;   0;   7.8;  11.2; 1008.26;   11.5;   82.21;   15.4;    8.9;    7.3;eor
        891;20180429;   10;  12.5;   3.5;    3;   2.7;   6;    3.933;   0;   7.2;  12.0; 1008.45;   11.5;   88.54;   14.0;    9.6;    6.3;eor
        891;20180430;   10;  15.7;   5.4;    3;   1.5;   6;    3.033;   0;   6.6;  11.4;  997.26;   12.4;   79.00;   15.8;    9.6;    8.3;eor
        891;20180501;   10;  21.4;   6.2;    3;   7.3;   6;    1.400;-999;   7.0;   8.6; 1002.55;    7.7;   82.29;    9.5;    5.7;    2.5;eor
        891;20180502;   10;  12.1;   3.5;    3;   0.0;   6;   11.417;-999;   5.9;   7.8; 1010.50;   11.5;   58.63;   17.3;    4.7;    2.8;eor
        891;20180503;   10;  13.5;   4.8;    3;   0.0;   0;   12.800;-999;   1.9;   9.3; 1015.63;    9.9;   76.13;   13.2;    6.6;    2.2;eor
        891;20180504;   10;   7.1;   2.5;    3;   0.0;   0;   13.333;-999;   1.2;   9.1; 1023.97;    9.7;   75.88;   12.6;    5.2;   -0.7;eor
        891;20180505;   10;   9.1;   3.6;    3;   0.0;   0;   13.550;-999;   0.5;  10.3; 1026.64;   13.2;   67.88;   18.1;    9.9;    6.1;eor
        891;20180506;   10;   8.1;   4.2;    3;   0.0;   0;   14.467;-999;   0.0;  12.0; 1024.82;   15.3;   69.21;   20.2;   10.7;    7.6;eor
        891;20180507;   10;   9.1;   4.2;    3;   0.0;   0;   14.517;-999;   0.0;  12.5; 1020.28;   16.8;   66.00;   21.8;   12.4;    7.9;eor
        891;20180508;   10;  12.4;   5.4;    3;   0.0;   0;   14.383;-999;   0.1;  12.5; 1012.57;   18.8;   59.88;   24.9;   13.3;   11.1;eor
        891;20180509;   10;  11.7;   4.7;    3;   0.0;   0;   11.400;-999;   1.0;  14.0; 1007.27;   19.1;   64.92;   27.7;   14.1;   10.5;eor
        891;20180510;   10;  16.3;   5.9;    3;   0.0;   6;    5.633;-999;   5.6;  13.7; 1008.25;   14.7;   81.38;   22.3;   11.1;   10.4;eor
        891;20180511;   10;   8.9;   3.9;    3;   0.0;   0;   10.533;-999;   4.7;  11.4; 1018.85;   12.9;   76.38;   15.4;   10.2;    8.5;eor
        891;20180512;   10;   9.8;   5.5;    3;   0.0;   0;    4.733;-999;   7.3;  13.7; 1015.75;   16.1;   75.21;   20.1;   13.1;   11.8;eor
        891;20180513;   10;  11.8;   7.0;    3;   0.0;   0;   12.067;-999;   4.2;  15.7; 1011.35;   18.2;   75.33;   23.0;   14.1;   12.6;eor
        891;20180514;   10;  11.0;   4.4;    3;   0.0;   0;   14.583;-999;   0.3;  14.4; 1013.86;   19.1;   65.46;   25.3;   14.7;   12.4;eor
        891;20180515;   10;   7.6;   3.3;    3;   0.0;   6;   13.950;-999;   3.0;  14.0; 1015.77;   17.8;   68.58;   21.7;   14.4;    9.6;eor
        891;20180516;   10;  17.6;   7.8;    3;   0.0;   6;    5.033;-999;   7.7;  14.6; 1015.10;   15.7;   81.50;   19.7;   11.2;   10.8;eor
        891;20180517;   10;  14.3;   8.1;    3;   0.0;   0;    0.000;-999;   7.8;  10.9; 1016.83;   10.9;   83.67;   11.6;   10.0;    9.1;eor
        891;20180518;   10;  11.3;   5.3;    3;   0.0;   0;    0.383;-999;   7.8;  10.4; 1018.98;   10.5;   81.63;   12.1;    9.8;    9.8;eor
        891;20180519;   10;   7.6;   2.6;    3;   0.0;   0;    5.883;-999;   6.0;  12.1; 1021.74;   13.0;   79.92;   16.4;   10.0;    8.3;eor
        891;20180520;   10;  12.4;   6.8;    3;   0.0;   0;   14.917;-999;   0.4;  10.9; 1023.42;   16.9;   58.00;   21.1;   12.9;    9.9;eor
        891;20180521;   10;  14.0;   7.7;    3;   0.0;   0;   14.933;-999;   2.0;  11.9; 1018.95;   17.2;   61.67;   22.2;   12.4;   10.6;eor
        891;20180522;   10;  10.7;   5.7;    3;   0.0;   0;   14.533;-999;   5.9;  12.7; 1014.68;   18.2;   62.04;   22.7;   14.0;   12.0;eor
        891;20180523;   10;  11.6;   5.7;    3;   0.0;   0;   13.900;-999;   5.3;  12.7; 1021.39;   18.8;   59.58;   23.9;   14.5;   12.7;eor
        891;20180524;   10;  13.1;   7.5;    3;   0.0;   0;   14.700;-999;   1.2;  13.4; 1021.96;   18.9;   61.50;   23.5;   14.9;   12.4;eor
        891;20180525;   10;  12.9;   7.4;    3;   0.0;   0;   14.750;-999;   4.2;  13.5; 1020.55;   19.0;   62.29;   24.6;   14.9;   13.4;eor
        891;20180526;   10;   9.6;   4.7;    3;   0.0;   0;   15.000;-999;   1.3;  14.8; 1021.96;   18.8;   69.17;   25.9;   13.2;   11.3;eor
        891;20180527;   10;  10.9;   5.8;    3;   1.0;   4;   14.333;-999;   2.2;  16.4; 1020.25;   18.6;   76.71;   22.8;   15.8;   14.0;eor
        891;20180528;   10;  20.3;   5.0;    3;   0.0;   0;   11.300;-999;   3.5;  19.1; 1018.21;   20.7;   78.17;   25.8;   16.9;   15.4;eor
        891;20180529;   10;  12.8;   5.9;    3;   0.0;   0;   13.333;-999;   3.9;  19.1; 1013.76;   22.5;   71.00;   27.8;   18.5;   17.0;eor
        891;20180530;   10;   8.6;   3.0;    3;   0.3;   4;    9.467;-999;   6.6;  19.2; 1013.22;   21.8;   72.79;   25.4;   18.9;   17.2;eor
        891;20180531;   10;   9.0;   4.1;    3;   0.0;   0;   12.583;-999;   3.3;  19.8; 1013.79;   22.2;   75.00;   28.0;   18.6;   15.0;eor
        891;20180601;   10;   8.7;   4.4;    3;   0.1;   6;    8.983;-999;   4.9;  18.7; 1013.28;   21.5;   73.00;   27.8;   17.4;   17.2;eor
        891;20180602;   10;   9.5;   4.4;    3;   0.0;   6;    0.100;-999;   8.0;  18.5; 1014.81;   17.7;   91.08;   19.8;   16.5;   16.2;eor
        891;20180603;   10;   8.6;   4.2;    3;   0.0;   4;    7.700;-999;   5.8;  16.7; 1016.62;   17.5;   84.04;   21.7;   16.0;   15.6;eor
        891;20180604;   10;   9.3;   4.8;    3;   0.0;   6;    0.000;-999;   8.0;  15.7; 1012.89;   16.1;   85.63;   17.5;   15.0;   14.4;eor
        891;20180605;   10;   8.6;   4.0;    3;   0.0;   0;   10.950;-999;   3.6;  14.0; 1012.99;   16.7;   73.25;   19.2;   14.5;   13.9;eor
        891;20180606;   10;  11.2;   5.6;    3;   0.0;   0;   15.567;-999;   4.0;  12.9; 1014.75;   20.6;   53.75;   24.7;   16.4;   14.7;eor
        891;20180607;   10;   9.2;   4.8;    3;   0.0;   0;   15.583;-999;   2.8;  14.6; 1014.36;   21.3;   57.88;   26.8;   16.9;   14.5;eor
        891;20180608;   10;   8.7;   3.5;    3;   8.1;   6;   11.750;-999;   5.7;  17.3; 1012.99;   21.2;   69.42;   25.7;   18.2;   12.2;eor
        891;20180609;   10;   8.1;   3.1;    3;   3.3;   6;    3.200;-999;   7.7;  20.4; 1012.12;   20.5;   84.75;   24.0;   18.5;   17.2;eor
        891;20180610;   10;  11.3;   4.6;    3;   1.9;   6;    1.683;-999;   7.5;  17.2; 1010.43;   18.4;   80.71;   21.3;   14.9;   13.5;eor
        891;20180611;   10;  13.0;   6.4;    3;   0.0;   6;    2.333;-999;   7.8;  12.9; 1011.72;   16.0;   70.54;   18.4;   14.5;   14.0;eor
        891;20180612;   10;  13.5;   7.6;    3;   0.0;   6;    0.083;-999;   7.8;  12.2; 1010.44;   14.9;   72.38;   16.4;   12.7;   11.8;eor
        891;20180613;   10;  13.8;   7.1;    3;   0.0;   6;    1.850;-999;   7.5;  11.7; 1012.44;   14.6;   70.63;   17.2;   12.9;   10.1;eor
        891;20180614;   10;  15.0;   4.6;    3;   1.3;   6;    4.967;-999;   6.6;  13.2; 1011.90;   16.5;   71.54;   22.0;   12.4;   10.5;eor
        891;20180615;   10;   7.9;   2.9;    3;   0.0;   6;   13.533;-999;   4.6;  12.3; 1015.34;   17.4;   62.79;   20.1;   13.1;    8.3;eor
        891;20180616;   10;   9.6;   3.6;    3;   1.6;   6;    3.917;-999;   7.8;  14.6; 1012.73;   18.9;   67.42;   24.7;   15.2;   14.2;eor
        891;20180617;   10;  12.5;   4.3;    3;   0.3;   6;    5.317;-999;   6.9;  13.8; 1013.72;   16.4;   74.50;   19.9;   14.2;   12.1;eor
        891;20180618;   10;  11.7;   3.7;    3;   3.1;   6;    1.900;-999;   6.8;  15.9; 1016.35;   16.2;   86.17;   19.1;   13.6;   11.8;eor
        891;20180619;   10;  11.3;   4.8;    3;   0.0;   6;    7.433;-999;   5.1;  15.1; 1019.18;   16.8;   78.88;   19.6;   13.6;   10.6;eor
        891;20180620;   10;  13.8;   5.0;    3;   2.5;   6;   10.600;-999;   4.3;  16.9; 1016.98;   18.9;   78.00;   26.2;   13.0;   11.4;eor
        891;20180621;   10;  21.6;   8.6;    3;   3.2;   6;    4.233;-999;   7.2;  12.2; 1012.50;   13.7;   77.08;   16.6;   10.5;    9.4;eor
        891;20180622;   10;  20.4;  10.1;    3;   0.9;   6;    3.433;-999;   7.4;  11.2; 1017.47;   13.5;   72.50;   16.6;   10.8;    9.0;eor
        891;20180623;   10;  17.2;   9.5;    3;   0.1;   6;    0.433;-999;   7.8;  12.4; 1020.52;   13.4;   80.50;   14.8;   12.2;   11.5;eor
        891;20180624;   10;  12.0;   7.1;    3;   0.7;   6;    0.217;-999;   7.9;  13.6; 1018.88;   14.0;   84.79;   15.6;   12.5;   11.4;eor
        891;20180625;   10;  12.0;   7.1;    3;   0.0;   6;    0.117;-999;   7.9;  13.9; 1020.84;   14.4;   85.04;   15.9;   13.5;   13.3;eor
        891;20180626;   10;  10.4;   4.5;    3;   0.0;   0;    1.133;-999;   7.6;  13.9; 1023.77;   14.8;   82.54;   17.3;   13.3;   10.9;eor
        891;20180627;   10;   8.9;   3.5;    3;   0.0;   0;    8.067;-999;   4.2;  15.8; 1025.23;   16.2;   85.71;   20.6;   13.2;   12.1;eor
        891;20180628;   10;  10.6;   4.6;    3;   0.0;   0;   15.733;-999;   0.1;  16.3; 1023.23;   18.8;   75.33;   22.6;   15.5;   13.2;eor
        891;20180629;   10;   9.1;   5.6;    3;   0.0;   0;   13.933;-999;   2.1;  15.7; 1018.15;   18.3;   75.17;   23.4;   15.9;   14.2;eor
        891;20180630;   10;   9.4;   4.3;    3;   0.0;   0;   14.633;-999;   1.1;  14.3; 1018.86;   19.0;   65.25;   22.7;   15.8;   13.1;eor
        891;20180701;   10;  10.7;   5.9;    3;   0.0;   0;   15.733;-999;   0.0;  11.7; 1020.01;   19.4;   52.79;   23.3;   15.9;   13.9;eor
        891;20180702;   10;  10.1;   4.6;    3;   0.0;   0;   15.733;-999;   0.6;  12.6; 1018.49;   18.5;   59.46;   21.9;   14.4;   11.6;eor
        891;20180703;   10;   9.3;   4.5;    3;   0.0;   0;   14.033;-999;   3.0;  14.5; 1016.64;   17.2;   73.75;   19.3;   13.9;   10.6;eor
        891;20180704;   10;   8.2;   3.7;    3;   0.0;   0;   11.267;-999;   5.3;  14.5; 1013.63;   17.0;   75.25;   20.2;   13.7;   11.1;eor
        891;20180705;   10;  11.3;   5.3;    3;   0.0;   6;    0.050;-999;   7.8;  15.2; 1012.27;   16.7;   79.52;   18.6;   15.5;   15.3;eor
        891;20180706;   10;  14.4;   7.7;    3;   0.0;   6;    9.367;-999;   7.7;  13.5; 1017.06;   16.5;   72.08;   19.4;   14.9;   13.4;eor
        891;20180707;   10;  14.9;   8.4;    3;   0.0;   0;    9.267;-999;   6.8;  13.2; 1021.09;   16.6;   70.21;   19.4;   15.2;   14.3;eor
        891;20180708;   10;  11.9;   7.5;    3;   0.0;   6;   11.967;-999;  -999;  13.9; 1022.05;   16.8;   72.58;   19.4;   15.4;   13.7;eor
        891;20180709;   10;  14.8;   7.5;    3;   2.3;   6;    1.700;-999;   7.3;  13.5; 1019.06;   15.9;   74.75;   18.3;   12.2;   11.5;eor
        891;20180710;   10;  13.3;   6.2;    3;   0.5;   6;    8.117;-999;   5.7;  13.5; 1014.14;   17.0;   70.92;   20.6;   13.5;   12.6;eor
        891;20180711;   10;   9.0;   3.3;    3;   0.0;   6;    1.200;-999;   7.9;  17.0; 1015.19;   18.7;   79.13;   21.9;   16.2;   14.3;eor
        891;20180712;   10;  10.6;   4.5;    3;   0.0;   0;   11.533;-999;   5.9;  17.5; 1015.84;   18.4;   82.63;   22.0;   15.7;   12.9;eor
        891;20180713;   10;  10.7;   5.7;    3;   0.0;   6;    0.217;-999;   7.8;  14.6; 1018.75;   16.4;   78.46;   17.9;   15.4;   15.5;eor
        891;20180714;   10;   7.9;   4.5;    3;   0.0;   6;    4.967;-999;   6.1;  13.5; 1019.18;   17.0;   69.88;   19.4;   15.5;   13.3;eor
        891;20180715;   10;   7.6;   2.8;    3;   0.0;   0;   15.367;-999;   0.8;  15.5; 1017.27;   18.0;   75.08;   21.4;   13.6;    7.4;eor
        891;20180716;   10;   9.3;   3.5;    3;   0.0;   0;   15.183;-999;   0.1;  17.1; 1013.80;   20.9;   69.79;   24.9;   18.0;   14.1;eor
        891;20180717;   10;  13.1;   2.9;    3;   0.3;   6;   14.233;-999;   3.5;  17.7; 1012.42;   21.6;   69.58;   26.3;   16.8;   11.8;eor
        891;20180718;   10;  11.7;   6.2;    3;   0.0;   0;   11.217;-999;  -999;  16.4; 1016.42;   18.8;   75.67;   21.5;   16.7;   14.6;eor
        891;20180719;   10;   8.4;   3.7;    3;   0.0;   0;   13.167;-999;   3.4;  15.4; 1017.80;   19.0;   70.13;   22.1;   16.5;   14.3;eor
        891;20180720;   10;  10.6;   3.9;    3;   0.0;   0;   10.350;-999;   5.2;  15.0; 1014.08;   19.4;   67.08;   23.7;   16.1;   14.7;eor
        891;20180721;   10;   7.9;   4.0;    3;   0.0;   6;    4.950;-999;   6.5;  16.7; 1010.96;   21.6;   64.96;   26.2;   18.0;   16.4;eor
        891;20180722;   10;  11.5;   4.5;    3;   0.0;   0;   10.967;-999;   3.8;  16.9; 1012.15;   20.6;   69.96;   23.6;   17.8;   14.6;eor
        891;20180723;   10;   8.0;   3.1;    3;   0.0;   0;   12.733;-999;   2.8;  17.9; 1015.43;   20.4;   75.25;   23.6;   16.9;   13.6;eor
        891;20180724;   10;   6.9;   2.2;    3;   0.0;   0;   14.583;-999;   1.7;  20.3; 1013.87;   23.3;   71.46;   28.0;   17.9;   14.4;eor
        891;20180725;   10;  10.8;   3.7;    3;   0.0;   0;   13.533;-999;   1.2;  23.0; 1014.72;   23.8;   78.29;   26.8;   21.6;   17.9;eor
        891;20180726;   10;  10.7;   4.5;    3;   0.0;   0;   14.367;-999;   0.9;  22.3; 1015.78;   26.0;   67.83;   32.2;   21.9;   17.7;eor
        891;20180727;   10;  13.5;   6.6;    3;   0.0;   0;   14.550;-999;   0.6;  21.6; 1013.64;   25.9;   65.54;   30.0;   22.0;   20.5;eor
        891;20180728;   10;  14.1;   6.4;    3;   2.0;   6;    6.350;-999;   4.9;  20.4; 1007.44;   23.0;   73.46;   30.9;   17.7;   14.7;eor
        891;20180729;   10;  13.1;   3.2;    3;   0.0;   6;   10.450;-999;   5.5;  14.1; 1012.21;   22.3;   53.71;   28.1;   15.1;   12.7;eor
        891;20180730;   10;   6.9;   2.5;    3;   0.0;   6;    7.200;-999;   7.0;  19.8; 1013.55;   24.8;   62.67;   27.9;   22.1;   20.2;eor
        891;20180731;   10;  15.2;   3.8;    3;   0.1;   6;   10.533;-999;   4.4;  21.4; 1014.59;   23.5;   73.88;   28.4;   18.7;   16.0;eor
        891;20180801;   10;   7.8;   2.9;    3;   0.0;   0;    9.467;-999;   6.0;  17.3; 1020.47;   20.3;   73.00;   23.1;   17.5;   12.6;eor
        891;20180802;   10;   7.0;   2.2;    3;   0.0;   0;   13.967;-999;   3.8;  17.9; 1021.95;   22.9;   64.63;   26.8;   17.4;   14.9;eor
        891;20180803;   10;   8.1;   3.7;    3;   0.0;   0;   14.383;-999;   0.9;  19.3; 1020.59;   23.3;   67.54;   26.0;   21.0;   17.6;eor
        891;20180804;   10;  11.5;   4.5;    3;   0.0;   6;    9.750;-999;   6.0;  20.5; 1018.38;   22.3;   76.25;   25.5;   19.7;   17.2;eor
        891;20180805;   10;  11.9;   6.7;    3;   0.0;   6;    8.200;-999;   6.3;  15.7; 1020.24;   20.0;   67.25;   23.0;   17.6;   14.3;eor
        891;20180806;   10;   6.6;   2.4;    3;   0.0;   0;   12.483;-999;   2.8;  17.3; 1015.72;   21.6;   68.25;   26.3;   16.0;   12.6;eor
        891;20180807;   10;   8.3;   3.5;    3;   0.0;   0;   14.067;-999;  -999;  17.8; 1008.52;   25.6;   55.04;   32.9;   19.3;   16.5;eor
        891;20180808;   10;  15.0;   4.7;    3;   2.8;   6;    4.950;-999;   5.7;  19.1; 1008.27;   23.3;   66.67;   29.3;   18.8;   16.0;eor
        891;20180809;   10;  21.5;   4.0;    3;  12.2;   8;    4.933;-999;   6.4;  18.2; 1010.32;   20.8;   74.29;   26.2;   17.2;   14.8;eor
        891;20180810;   10;  23.7;   6.2;    3;   8.3;   6;    4.150;-999;   6.5;  14.2; 1014.89;   17.3;   71.63;   21.1;   14.1;   13.5;eor
        891;20180811;   10;  16.8;   5.8;    3;   5.7;   6;    7.550;-999;   6.0;  13.7; 1016.41;   15.9;   76.58;   19.7;   12.5;   11.4;eor
        891;20180812;   10;   9.8;   2.9;    3;   0.0;   6;    2.967;-999;   7.9;  14.3; 1013.09;   18.2;   68.92;   23.0;   13.4;   12.2;eor
        891;20180813;   10;  14.4;   2.8;    3;  16.9;   6;    1.917;-999;   7.6;  16.6; 1004.47;   19.8;   72.92;   23.5;   16.7;   16.0;eor
        891;20180814;   10;  13.6;   5.4;    3;   2.4;   6;    3.033;-999;   7.5;  18.7; 1008.26;   18.7;   86.63;   21.9;   16.7;   16.3;eor
        891;20180815;   10;   9.6;   3.0;    3;   0.0;   6;    1.750;-999;   7.1;  18.7; 1015.30;   20.1;   79.83;   23.9;   16.7;   15.8;eor
        891;20180816;   10;  13.3;   3.6;    3;   0.0;   6;    9.050;-999;   5.9;  18.2; 1013.66;   20.8;   75.08;   25.3;   17.3;   15.5;eor
        891;20180817;   10;   7.7;   2.9;    3;   0.7;   6;    4.617;-999;   4.9;  16.1; 1015.99;   18.0;   78.25;   21.1;   15.1;   11.8;eor
        891;20180818;   10;  11.4;   4.0;    3;   0.0;   0;    8.650;-999;   5.0;  15.7; 1018.82;   18.8;   72.63;   23.5;   13.8;   12.2;eor
        891;20180819;   10;  13.0;   4.2;    3;   6.7;   6;    2.433;-999;   7.3;  16.8; 1016.77;   19.8;   73.13;   23.7;   16.4;   15.0;eor
        891;20180820;   10;  11.3;   5.6;    3;   0.4;   6;    3.867;-999;   7.3;  17.4; 1016.07;   18.8;   80.25;   21.4;   17.7;   16.3;eor
        891;20180821;   10;   6.6;   2.2;    3;   0.0;   0;    8.117;-999;   3.5;  16.1; 1019.69;   19.3;   71.92;   22.1;   15.8;   12.1;eor
        891;20180822;   10;   9.0;   3.4;    3;   0.0;   0;   11.667;-999;   2.4;  16.4; 1015.51;   21.8;   64.42;   28.8;   16.5;   14.7;eor
        891;20180823;   10;  11.2;   3.5;    3;   1.9;   6;    1.817;-999;   7.4;  18.6; 1009.51;   20.2;   79.25;   23.2;   17.3;   13.6;eor
        891;20180824;   10;  16.5;   5.6;    3;   0.8;   6;    4.400;-999;   7.1;  13.4; 1006.49;   16.2;   72.46;   19.4;   12.6;   11.1;eor
        891;20180825;   10;  13.9;   2.8;    3;  12.1;   6;    1.750;-999;   7.0;  12.0; 1006.52;   12.7;   82.21;   16.5;   10.7;    9.3;eor
        891;20180826;   10;  12.2;   3.4;    3;   5.1;   6;    4.983;-999;   7.0;  11.7; 1011.50;   14.5;   71.67;   17.9;   10.6;    9.1;eor
        891;20180827;   10;  17.3;   5.5;    3;   2.1;   6;    2.817;-999;   6.6;  14.3; 1006.86;   15.7;   80.42;   19.0;   12.0;   11.4;eor
        891;20180828;   10;  11.4;   3.6;    3;   0.0;   0;    2.617;-999;   7.0;  16.2; 1016.70;   17.5;   80.92;   19.7;   15.6;   13.9;eor
        891;20180829;   10;  12.7;   4.9;    3;   2.2;   6;    7.983;-999;   5.4;  16.4; 1012.63;   19.1;   74.92;   23.1;   14.9;   12.5;eor
        891;20180830;   10;  15.5;   8.6;    3;   3.6;   6;    2.733;-999;   6.9;  15.5; 1015.10;   16.9;   80.17;   18.5;   15.7;   13.9;eor
        891;20180831;   10;  11.1;   6.7;    3;   0.0;   0;   10.450;-999;   4.5;  13.0; 1020.30;   16.9;   67.33;   18.9;   15.7;   13.8;eor
        891;20180901;   10;   8.6;   4.2;    3;   0.0;   0;   11.983;-999;   2.4;  15.0; 1024.91;   17.4;   75.88;   19.5;   16.0;   14.1;eor
        891;20180902;   10;   8.2;   3.4;    3;   0.0;   0;   12.033;-999;  -999;  15.7; 1025.38;   18.2;   75.88;   21.8;   15.0;   11.1;eor
        891;20180903;   10;   9.2;   5.0;    3;   0.0;   0;    6.317;-999;   4.8;  19.8; 1018.38;   20.1;   84.63;   23.8;   16.9;   16.4;eor
        891;20180904;   10;   9.9;   5.1;    3;   0.0;   0;    7.667;-999;   2.1;  18.1; 1016.78;   19.2;   82.00;   23.9;   16.5;   15.5;eor
        891;20180905;   10;  10.9;   4.8;    3;   0.0;   0;   10.433;-999;   2.3;  17.4; 1017.61;   18.7;   81.33;   22.5;   15.8;   14.3;eor
        891;20180906;   10;  12.6;   4.9;    3;  15.6;   6;    7.400;-999;   5.3;  17.4; 1011.03;   18.3;   83.50;   23.4;   16.1;   14.8;eor
        891;20180907;   10;  14.2;   3.7;    3;   5.8;   6;    3.050;-999;   6.6;  14.7; 1009.20;   15.5;   82.71;   18.4;   11.6;   10.0;eor
        891;20180908;   10;  14.9;   5.1;    3;   0.3;   6;    3.783;-999;   6.6;  12.8; 1014.62;   15.4;   74.21;   19.1;   11.7;   10.0;eor
        891;20180909;   10;   9.9;   3.1;    3;   0.0;   6;    4.250;-999;   7.3;  14.5; 1017.38;   17.5;   72.50;   21.4;   13.5;   12.3;eor
        891;20180910;   10;  10.2;   3.7;    3;   0.3;   6;    2.233;-999;   8.0;  14.8; 1017.68;   17.5;   73.79;   19.8;   15.1;   13.9;eor
        891;20180911;   10;  16.3;   5.3;    3;   5.6;   6;    0.050;-999;   7.8;  17.0; 1015.67;   16.5;   90.08;   19.1;   14.7;   13.8;eor
        891;20180912;   10;   9.0;   3.8;    3;   2.3;   6;    0.017;-999;   7.8;  14.2; 1018.23;   14.7;   84.88;   15.8;   13.3;    9.8;eor
        891;20180913;   10;   7.5;   2.9;    3;   0.0;   0;    9.950;-999;   3.9;  12.0; 1019.78;   14.6;   72.75;   18.1;   11.4;    7.5;eor
        891;20180914;   10;   9.6;   3.5;    3;   0.0;   6;    5.783;-999;   7.5;  11.7; 1017.65;   15.0;   69.42;   18.3;   11.3;    9.7;eor
        891;20180915;   10;  14.9;   5.2;    3;   2.4;   6;    4.333;-999;   7.0;  12.9; 1018.97;   15.1;   75.33;   18.4;   13.5;   11.0;eor
        891;20180916;   10;  12.0;   3.1;    3;   0.0;   0;    6.117;-999;   7.1;  13.3; 1019.54;   16.3;   73.04;   20.5;   12.4;   11.0;eor
        891;20180917;   10;   9.8;   3.2;    3;   0.0;   0;    9.917;-999;  -999;  14.3; 1015.84;   17.6;   71.17;   23.2;   13.1;   11.0;eor
        891;20180918;   10;  13.4;   4.4;    3;   0.0;   0;   11.433;-999;   3.0;  14.6; 1010.27;   19.9;   63.79;   29.8;   14.3;   12.3;eor
        891;20180919;   10;  14.0;   4.6;    3;   0.0;   0;    9.300;-999;   5.0;  16.1; 1013.17;   19.9;   70.67;   25.4;   14.9;   13.4;eor
        891;20180920;   10;  13.7;   4.1;    3;   0.0;   0;    3.867;-999;   7.3;  15.9; 1011.35;   19.5;   70.25;   23.1;   16.9;   15.4;eor
        891;20180921;   10;  21.9;   6.9;    3;   8.8;   6;    2.633;-999;   7.0;  12.5; 1001.87;   15.8;   68.92;   21.4;   10.7;    9.0;eor
        891;20180922;   10;  16.5;   5.9;    3;   4.1;   6;    3.067;-999;   6.4;  11.5; 1012.08;   12.5;   79.08;   15.0;   10.9;    9.0;eor
        891;20180923;   10;  21.7;   5.4;    3;  11.6;   6;    0.167;-999;   7.4;  11.0; 1011.44;   11.8;   79.67;   13.5;    9.1;    7.7;eor
        891;20180924;   10;  22.2;  10.5;    3;   6.0;   6;    3.350;-999;   6.3;   8.9; 1025.58;   11.3;   66.21;   13.0;    8.5;    6.2;eor
        891;20180925;   10;  12.3;   3.2;    3;   0.2;   6;    5.783;-999;   6.3;   9.7; 1034.92;   11.6;   71.04;   14.6;    8.4;    6.0;eor
        891;20180926;   10;  17.7;   6.6;    3;   0.0;   6;    2.733;-999;  -999;  11.6; 1027.54;   13.5;   74.50;   16.9;    9.7;    7.9;eor
        891;20180927;   10;  12.6;   5.2;    3;   0.0;   6;    5.067;-999;   6.5;  15.8; 1022.22;   16.7;   83.00;   19.7;   13.5;   12.8;eor
        891;20180928;   10;  15.3;   7.4;    3;   0.1;   6;    7.883;-999;   6.0;   9.9; 1024.01;   13.0;   65.83;   14.7;   10.4;    6.0;eor
        891;20180929;   10;  10.3;   3.2;    3;   0.0;   6;    2.583;-999;   5.6;  10.1; 1025.43;   11.5;   75.38;   14.8;    8.6;    4.6;eor
        891;20180930;   10;  10.7;   3.8;    3;   3.8;   6;    6.033;-999;   7.0;  10.7; 1014.26;   12.2;   75.29;   15.9;    8.8;    6.5;eor
        891;20181001;   10;  16.2;   5.6;    3;  10.6;   6;    3.717;-999;   6.8;   9.9; 1012.76;   10.5;   78.29;   12.7;    8.5;    6.2;eor
        891;20181002;   10;  19.9;   7.4;    3;   4.9;   6;    0.083;   0;   7.3;  10.0; 1009.76;   10.5;   79.29;   14.0;    7.4;    5.2;eor
        891;20181003;   10;  22.2;   8.9;    3;   1.0;   6;    5.367;   0;   6.3;  10.6; 1017.55;   12.1;   74.92;   14.0;    9.9;    8.8;eor
        891;20181004;   10;  10.9;   4.1;    3;   0.8;   6;    0.033;   0;   7.4;  14.2; 1021.40;   13.4;   92.58;   16.0;   10.6;   10.2;eor
        891;20181005;   10;  10.1;   3.3;    3;   0.0;   0;   10.000;   0;   3.9;  13.2; 1016.14;   15.5;   75.63;   20.5;   11.2;    8.8;eor
        891;20181006;   10;  17.5;   2.5;    3;   0.4;   6;    7.300;   0;   6.1;  13.3; 1007.50;   13.1;   87.79;   17.2;    8.7;    5.7;eor
        891;20181007;   10;  16.2;   3.2;    3;   0.0;   0;    7.500;   0;   6.0;   9.2; 1017.76;   10.2;   74.42;   13.1;    7.0;    3.1;eor
        891;20181008;   10;   9.1;   3.0;    3;   0.0;   0;    4.617;   0;   7.5;   9.7; 1019.28;   10.8;   75.33;   15.6;    6.3;    4.4;eor
        891;20181009;   10;  10.0;   3.3;    3;   0.0;   0;    6.083;   0;   7.8;  11.2; 1019.09;   13.2;   74.50;   17.6;    9.9;    6.9;eor
        891;20181010;   10;  10.6;   3.9;    3;   0.0;   0;    9.400;   0;   3.1;  12.5; 1018.93;   13.1;   82.13;   17.8;    8.4;    6.1;eor
        891;20181011;   10;   9.7;   4.2;    3;   0.0;   0;    9.567;   0;   0.5;  14.1; 1012.74;   16.4;   76.38;   21.6;   12.7;   10.0;eor
        891;20181012;   10;   8.7;   3.3;    3;   0.0;   0;    9.550;   0;   3.3;  14.6; 1016.75;   18.3;   69.13;   23.1;   13.7;   11.7;eor
        891;20181013;   10;   9.8;   3.6;    3;   0.0;   0;    9.183;   0;   2.6;  15.4; 1017.06;   20.3;   65.38;   25.6;   16.1;   14.4;eor
        891;20181014;   10;  10.1;   3.9;    3;   0.0;   0;    9.733;   0;   0.0;  13.1; 1009.63;   18.3;   62.54;   23.7;   13.4;   11.5;eor
        891;20181015;   10;   6.7;   2.4;    3;   0.0;   0;    9.283;   0;   2.6;  13.6; 1011.05;   18.2;   65.63;   23.3;   13.0;   11.1;eor
        891;20181016;   10;   7.8;   2.4;    3;   0.0;   6;    1.983;   0;   7.8;  16.0; 1016.33;   16.5;   85.25;   18.6;   15.4;   12.3;eor
        891;20181017;   10;   6.6;   2.7;    3;   0.0;   0;    3.583;   0;   7.3;  15.1; 1017.63;   15.6;   85.96;   21.0;   13.4;   11.3;eor
        891;20181018;   10;  11.6;   4.4;    3;   0.0;   6;    6.883;   0;   3.4;  12.4; 1022.64;   13.0;   82.00;   14.6;   10.0;    8.0;eor
        891;20181019;   10;   7.1;   2.0;    3;   0.0;   6;    8.283;   0;   4.3;   8.9; 1025.29;   10.3;   71.42;   13.3;    7.1;    0.6;eor
        891;20181020;   10;  10.4;   3.4;    3;   0.0;   6;    3.067;   0;   6.2;  11.1; 1026.97;   11.4;   82.00;   15.4;    8.1;    4.4;eor
        891;20181021;   10;  10.5;   3.6;    3;   1.9;   6;    1.250;   0;   7.4;  12.6; 1025.30;   13.1;   84.00;   15.8;   10.7;    9.4;eor
        891;20181022;   10;  14.6;   6.8;    3;   0.1;   6;    4.583;   0;   6.1;  10.2; 1026.87;   12.0;   72.33;   13.5;   10.6;    8.3;eor
        891;20181023;   10;  20.6;  10.8;    3;   6.8;   6;    0.000;   0;   7.8;  12.4; 1013.87;   12.2;   86.75;   13.4;   10.4;    9.6;eor
        891;20181024;   10;  20.6;   9.2;    3;   1.3;   6;    1.433;   0;   7.6;  11.7; 1015.76;   12.1;   82.63;   13.2;   10.6;    9.3;eor
        891;20181025;   10;  17.0;   8.3;    3;   0.7;   6;    0.350;   0;   7.9;  11.1; 1011.73;   12.1;   78.71;   13.4;   10.6;    8.6;eor
        891;20181026;   10;  13.4;   5.1;    3;  12.7;   6;    0.000;   0;   7.7;  10.9; 1001.36;   10.1;   88.13;   12.0;    7.3;    5.9;eor
        891;20181027;   10;  14.0;   5.4;    3;   0.0;   0;    6.350;   0;   4.8;   7.6; 1005.66;    7.3;   74.17;    9.2;    4.6;    3.0;eor
        891;20181028;   10;  12.1;   6.3;    3;   0.0;   0;    6.650;   0;   3.3;   6.7; 1017.38;    4.9;   77.96;    7.3;    3.1;    2.2;eor
        891;20181029;   10;  18.9;  10.1;    3;   0.5;   6;    0.083;   0;   7.6;   7.9; 1007.43;    6.6;   80.88;    8.1;    5.2;    4.5;eor
        891;20181030;   10;  15.0;   6.3;    3;   2.7;   6;    0.017;   0;   7.9;   9.2;  989.76;    7.4;   89.08;    9.2;    5.0;    4.2;eor
        891;20181031;   10;  19.3;   5.3;    3;   0.0;   6;    6.567;   0;   7.1;   9.1; 1009.55;    9.1;   78.42;   11.4;    4.8;    4.4;eor
        891;20181101;   10;   9.7;   3.9;    3;   1.1;   6;    4.017;   0;   7.8;   9.9; 1010.15;    9.8;   81.58;   12.0;    8.3;    7.0;eor
        891;20181102;   10;  13.5;   4.6;    3;   0.8;   6;    4.500;   0;   4.4;  10.0; 1016.77;    9.6;   83.50;   11.8;    5.8;    3.9;eor
        891;20181103;   10;   6.8;   3.0;    3;   0.0;   0;    8.250;   0;   2.4;   8.0; 1026.30;    6.2;   84.79;   10.5;    3.4;    2.0;eor
        891;20181104;   10;   8.6;   4.1;    3;   0.0;   6;    1.067;   0;   5.3;   9.2; 1017.59;    6.5;   93.54;    9.5;    3.6;    2.0;eor
        891;20181105;   10;  10.5;   5.6;    3;   0.0;   6;    0.000;   0;   7.9;  12.0; 1010.00;   10.1;   96.71;   11.1;    9.2;    8.9;eor
        891;20181106;   10;   8.6;   3.8;    3;   0.0;   0;    1.117;   0;   7.9;  11.9; 1006.96;    9.8;   98.00;   11.3;    9.2;    8.6;eor
        891;20181107;   10;   8.2;   3.3;    3;   0.0;   6;    7.817;   0;   5.0;  11.1; 1007.64;   11.6;   82.71;   16.0;    8.0;    6.8;eor
        891;20181108;   10;  10.9;   3.2;    3;   0.0;   0;    7.000;   0;   3.4;  10.4; 1017.58;   10.5;   81.71;   12.7;    5.8;    0.9;eor
        891;20181109;   10;  11.4;   4.3;    3;   3.1;   6;    0.000;   0;   6.5;  10.6; 1013.56;    8.6;   94.29;   11.7;    4.3;    0.9;eor
        891;20181110;   10;  10.5;   4.0;    3;   2.4;   6;    0.000;   0;   7.8;  11.3; 1003.03;   10.9;   86.88;   13.6;    7.8;    6.4;eor
        891;20181111;   10;  11.1;   3.4;    3;   3.0;   6;    0.150;   0;   7.0;  12.1; 1004.39;   11.8;   87.50;   13.2;    9.7;    7.9;eor
        891;20181112;   10;   7.2;   2.3;    3;   4.3;   6;    0.000;   0;   7.8;  11.9; 1012.12;    9.9;   97.54;   10.9;    8.7;    7.6;eor
        891;20181113;   10;  13.9;   4.9;    3;   0.1;   6;    1.000;   0;   6.3;  10.6; 1017.80;    9.6;   88.88;   11.4;    8.0;    6.5;eor
        891;20181114;   10;   8.6;   3.2;    3;   0.0;   6;    0.000;   0;   7.9;  10.6; 1025.39;    9.0;   92.29;   10.6;    7.7;    6.3;eor
        891;20181115;   10;   7.9;   3.0;    3;   0.0;   0;    5.750;   0;   3.3;   8.8; 1025.94;    6.2;   92.96;    9.6;    3.9;    1.4;eor
        891;20181116;   10;  12.6;   5.3;    3;   0.0;   0;    7.333;   0;   0.0;   8.2; 1029.92;    6.2;   86.04;   10.0;    4.0;    2.3;eor
        891;20181117;   10;  13.1;   8.4;    3;   0.0;   0;    7.283;   0;   0.4;   7.1; 1035.24;    4.7;   82.75;    6.3;    3.2;    1.5;eor
        891;20181118;   10;  13.7;   5.5;    3;   0.0;   6;    3.250;   0;   6.0;   7.2; 1032.36;    5.1;   81.25;    7.0;    3.0;    0.9;eor
        891;20181119;   10;  16.4;   9.0;    3;   0.0;   6;    1.183;   0;   6.3;   7.6; 1024.55;    5.9;   82.21;    7.5;    5.0;    4.0;eor
        891;20181120;   10;  23.2;  13.9;    3;   0.0;   0;    0.000;   0;   7.5;   6.3; 1016.89;    4.3;   75.46;    5.8;    3.5;    2.9;eor
        891;20181121;   10;  18.3;  10.5;    3;   0.0;   8;    0.033;   0;   8.0;   6.0; 1020.05;    2.8;   80.04;    4.0;    1.9;    1.8;eor
        891;20181122;   10;  13.6;   8.2;    3;   0.0;   8;    0.000;   0;   8.0;   6.2; 1022.14;    2.3;   85.75;    3.0;    1.7;    1.2;eor
        891;20181123;   10;  11.1;   4.0;    3;   0.0;   0;    0.000;   0;   8.0;   6.7; 1018.80;    2.7;   90.21;    3.5;    2.1;    1.7;eor
        891;20181124;   10;   9.8;   4.0;    3;   0.0;   0;    0.033;   0;   6.5;   6.7; 1013.14;    2.5;   91.96;    4.2;    0.2;   -3.7;eor
        891;20181125;   10;  10.3;   6.0;    3;   0.0;   0;    0.000;   0;   7.4;   7.7; 1012.54;    4.7;   89.54;    5.7;    3.7;    2.9;eor
        891;20181126;   10;  10.3;   5.8;    3;   0.0;   6;    1.900;   0;   7.9;   7.4; 1015.04;    4.7;   87.42;    5.6;    3.5;    2.1;eor
        891;20181127;   10;  12.0;   6.1;    3;   0.0;   0;    3.017;   0;   5.9;   5.9; 1021.11;    2.5;   79.58;    3.8;   -0.4;   -1.9;eor
        891;20181128;   10;  13.9;   6.7;    3;   4.6;   8;    2.017;   0;   4.9;   5.0; 1019.94;    0.6;   77.83;    3.1;   -1.4;   -2.7;eor
        891;20181129;   10;  14.1;   5.5;    3;   4.2;   8;    0.000;   0;   7.5;   8.6; 1010.27;    6.1;   91.25;    8.3;    3.1;    2.4;eor
        891;20181130;   10;  10.2;   3.5;    3;   0.0;   0;    2.483;   0;   7.1;   9.4; 1007.34;    8.9;   81.96;   10.8;    7.3;    5.5;eor
        891;20181201;   10;  11.3;   4.0;    3;   1.7;   6;    0.583;   0;   6.2;   9.1; 1007.59;    7.2;   89.71;    8.2;    5.9;    4.4;eor
        891;20181202;   10;  13.7;   4.1;    3;   5.0;   6;    0.000;   0;   7.5;  11.3;  995.52;    9.2;   96.83;   11.4;    7.0;    6.5;eor
        891;20181203;   10;  12.5;   4.9;    3;   5.7;   6;    0.000;   0;   7.8;  11.6;  994.57;   10.5;   90.92;   11.9;    7.3;    6.1;eor
        891;20181204;   10;  18.8;   7.2;    3;   1.3;   6;    4.150;   0;   3.9;   7.4; 1013.71;    6.9;   74.54;    8.5;    4.4;    1.8;eor
        891;20181205;   10;  10.3;   3.2;    3;   2.0;   6;    3.817;   0;   5.3;   6.9; 1020.96;    3.5;   88.33;    5.3;    1.4;    0.2;eor
        891;20181206;   10;  14.0;   4.4;    3;   2.5;   6;    0.000;   0;   7.8;  10.6; 1010.00;    8.0;   97.08;   10.6;    4.1;    3.6;eor
        891;20181207;   10;  16.7;   6.4;    3;   4.3;   6;    0.000;   0;   7.5;  11.9;  998.62;   10.3;   94.67;   11.3;    7.2;    5.4;eor
        891;20181208;   10;  19.3;   8.0;    3;  10.5;   6;    0.000;   0;   7.4;   8.9;  991.22;    7.6;   85.13;    8.9;    5.6;    4.3;eor
        891;20181209;   10;  21.6;   8.6;    3;   6.7;   6;    0.200;   0;   7.4;   8.6;  991.56;    7.3;   83.79;    8.8;    5.5;    4.3;eor
        891;20181210;   10;  26.3;  11.5;    3;   2.0;   8;    1.117;   0;   5.4;   7.1; 1010.00;    6.7;   72.25;    7.5;    3.3;    2.3;eor
        891;20181211;   10;  15.7;   6.8;    3;   0.0;   6;    5.900;   0;   3.8;   7.2; 1018.37;    5.9;   77.83;    7.1;    4.7;    3.7;eor
        891;20181212;   10;  10.3;   4.2;    3;   0.1;   6;    0.000;   0;   7.0;   7.0; 1025.72;    4.4;   84.29;    4.9;    3.6;    1.7;eor
        891;20181213;   10;  11.4;   6.4;    3;   0.0;   6;    1.483;   0;   7.7;   6.5; 1024.59;    3.2;   85.00;    4.0;    2.1;    1.8;eor
        891;20181214;   10;  10.1;   5.8;    3;   0.0;   0;    0.000;   0;   8.0;   5.9; 1025.40;    2.4;   81.83;    3.1;    1.1;    0.6;eor
        891;20181215;   10;  16.3;   6.0;    3;   0.0;   0;    0.000;   0;   8.0;   4.9; 1024.90;    0.6;   77.58;    1.3;   -0.4;   -0.9;eor
        891;20181216;   10;  16.4;   5.7;    3;   0.4;   8;    0.000;   0;   7.5;   5.0; 1012.03;   -0.4;   84.04;    0.3;   -0.9;   -1.9;eor
        891;20181217;   10;   8.9;   2.8;    3;   1.7;   6;    0.000;   0;   7.9;   7.0; 1016.07;    2.1;   98.67;    6.0;   -0.4;   -0.6;eor
        891;20181218;   10;  10.9;   3.8;    3;   0.0;   6;    0.000;   0;   8.0;   8.3; 1019.07;    5.2;   93.75;    6.2;    3.3;    1.9;eor
        891;20181219;   10;  12.2;   3.6;    3;   0.7;   6;    0.000;   0;   7.8;   7.6; 1010.03;    4.7;   88.04;    6.9;    3.2;    1.8;eor
        891;20181220;   10;   8.8;   2.9;    3;   6.3;   6;    0.000;   0;   8.0;   8.5; 1008.82;    5.6;   93.25;    7.4;    3.1;    1.4;eor
        891;20181221;   10;  20.2;   5.0;    3;  10.9;   6;    0.000;   0;   7.6;   9.8;  998.13;    7.3;   95.13;    9.8;    6.6;    5.3;eor
        891;20181222;   10;  13.9;   4.1;    3;   6.3;   6;    0.000;   0;   7.8;   9.3; 1006.64;    6.5;   95.58;    7.3;    5.8;    4.8;eor
        891;20181223;   10;  11.7;   5.2;    3;   1.5;   6;    0.000;   0;   8.0;   9.3; 1013.02;    6.6;   95.38;    7.2;    4.8;    4.5;eor
        891;20181224;   10;  12.1;   4.6;    3;   0.9;   6;    2.650;   0;   6.5;   7.0; 1025.17;    4.1;   84.46;    6.2;    1.1;   -1.6;eor
        891;20181225;   10;  14.6;   6.7;    3;   0.0;   6;    0.033;   0;   7.8;   7.9; 1028.27;    6.6;   80.71;    7.4;    5.5;    3.3;eor
        891;20181226;   10;  14.7;   6.0;    3;   0.2;   6;    0.000;   0;   7.8;   9.9; 1026.03;    7.1;   98.50;    8.1;    5.8;    5.5;eor
        891;20181227;   10;  10.6;   4.9;    3;   0.0;   6;    0.000;   0;   7.9;   9.3; 1022.76;    6.2;   98.38;    6.9;    5.5;    5.4;eor
        891;20181228;   10;   9.0;   4.6;    3;   0.0;   6;    0.000;   0;   8.0;   9.9; 1024.32;    7.1;   97.79;    7.6;    6.5;    6.2;eor
        891;20181229;   10;  19.8;   6.2;    3;   3.5;   6;    0.000;   0;   7.7;  10.2; 1020.82;    7.9;   95.58;    9.0;    6.6;    6.1;eor
        891;20181230;   10;  17.8;   7.2;    3;   0.1;   6;    0.717;   0;   7.8;   9.3; 1025.84;    7.4;   90.42;    8.5;    6.0;    5.0;eor
        891;20181231;   10;  15.5;   4.5;    3;   0.5;   6;    0.000;   0;   8.0;  10.1; 1027.70;    7.4;   98.21;    8.6;    6.1;    5.6;eor
        891;20190101;   10;  28.7;  12.6;    3;   0.8;   8;    1.917;   0;   6.7;   8.0; 1019.25;    7.0;   79.00;    8.4;    2.5;    2.0;eor
        891;20190102;   10;  20.7;   8.7;    3;   0.0;   0;    6.383;   0;   0.5;   5.7; 1030.38;    4.8;   66.54;    6.3;    1.4;   -4.5;eor
        891;20190103;   10;  10.6;   4.3;    3;   0.1;   6;    4.783;   0;   5.4;   6.4; 1034.90;    3.7;   80.17;    4.8;    2.0;   -1.2;eor
        891;20190104;   10;  16.4;   7.9;    3;   1.1;   6;    0.000;   0;   7.8;   8.6; 1029.25;    5.9;   91.63;    7.4;    4.0;    1.9;eor
        891;20190105;   10;  16.3;   8.5;    3;   0.2;   6;    0.000;   0;   7.8;   9.6; 1023.30;    6.6;   98.88;    7.5;    5.5;    5.5;eor
        891;20190106;   10;  10.4;   5.5;    3;   0.9;   6;    0.000;   0;   7.8;   9.4; 1027.66;    6.3;   97.79;    7.1;    5.7;    5.4;eor
        891;20190107;   10;  19.4;   6.1;    3;   5.5;   6;    0.000;   0;   7.5;   9.5; 1021.77;    6.9;   95.54;    8.7;    5.7;    4.8;eor
        891;20190108;   10;  22.0;  12.8;    3;   1.1;   6;    0.000;   0;   7.4;   7.8; 1003.46;    6.3;   81.38;    7.7;    4.6;    3.6;eor
        891;20190109;   10;  24.8;   7.3;    3;   0.0;   0;    5.850;   0;   4.3;   5.7; 1015.51;    3.6;   72.38;    5.2;    1.4;    0.2;eor
        891;20190110;   10;   9.4;   3.1;    3;   1.9;   8;    0.183;   0;   7.8;   6.4; 1023.18;    2.4;   87.38;    3.8;    1.4;    0.5;eor
        891;20190111;   10;  15.9;   7.1;    3;   0.3;   6;    0.783;   0;   7.8;   8.9; 1016.95;    6.3;   93.46;    7.4;    3.7;    3.6;eor
        891;20190112;   10;  16.2;   7.4;    3;   5.2;   6;    0.000;   0;   7.8;   9.0; 1008.72;    6.5;   92.79;    7.1;    5.2;    5.0;eor
        891;20190113;   10;  23.1;   9.2;    3;   3.8;   8;    0.000;   0;   7.4;   9.1;  995.51;    7.1;   90.17;    7.8;    5.2;    3.9;eor
        891;20190114;   10;  23.3;  12.3;    3;   1.4;   8;    2.550;   0;   5.8;   5.8; 1005.50;    4.1;   70.83;    5.6;    1.0;    0.4;eor
        891;20190115;   10;  18.4;   8.4;    3;   1.8;   6;    0.000;   0;   7.8;   8.7; 1008.30;    6.2;   90.75;    7.4;    4.7;    3.6;eor
        891;20190116;   10;  16.9;   6.9;    3;   3.1;   6;    0.000;   0;   7.5;   8.9; 1001.02;    6.7;   90.96;    7.7;    4.9;    4.4;eor
        891;20190117;   10;  19.5;   6.8;    3;   1.4;   8;    0.317;   0;   7.2;   7.0;  996.56;    3.7;   87.42;    5.2;    0.5;   -0.2;eor
        891;20190118;   10;  13.2;   3.7;    3;   1.0;   8;    3.900;   0;   4.4;   6.0; 1014.72;    2.0;   85.17;    4.4;    0.1;   -4.5;eor
        891;20190119;   10;   6.5;   2.5;    3;   0.0;   0;    6.933;   0;   4.1;   5.0; 1017.20;    0.2;   80.46;    3.0;   -2.1;   -3.8;eor
        891;20190120;   10;   5.1;   1.8;    3;   0.0;   0;    2.533;   0;   4.2;   4.9; 1018.39;   -0.8;   85.63;    2.2;   -3.3;   -7.2;eor
        891;20190121;   10;   9.3;   4.0;    3;   0.1;   8;    2.967;   0;   5.4;   5.2; 1018.07;   -0.9;   90.50;    2.0;   -3.8;   -5.3;eor
        891;20190122;   10;  10.7;   3.7;    3;   0.0;   0;    3.600;   0;   7.8;   4.5; 1005.95;   -0.8;   77.96;    0.7;   -3.4;   -4.7;eor
        891;20190123;   10;   9.9;   4.5;    3;   0.0;   0;    2.733;   0;   7.2;   3.8; 1002.27;   -3.9;   82.71;   -2.6;   -5.2;   -6.3;eor
        891;20190124;   10;  10.0;   2.9;    3;   0.0;   7;    0.000;   0;   8.0;   3.4; 1011.18;   -4.1;   75.42;   -2.7;   -6.6;   -6.2;eor
        891;20190125;   10;  10.5;   2.7;    3;   3.3;   8;    0.000;   0;   8.0;   3.8; 1010.55;   -2.9;   76.13;    1.6;   -4.1;   -4.0;eor
        891;20190126;   10;  11.2;   3.7;    3;   9.5;   6;    0.000;   0;   7.8;   8.2;  997.76;    4.3;   98.42;    5.9;    1.7;    1.2;eor
        891;20190127;   10;   9.2;   3.4;    3;   4.4;   6;    0.000;   0;   6.9;   8.4;  982.47;    5.0;   95.29;    6.2;    2.1;    0.4;eor
        891;20190128;   10;  17.1;   4.9;    3;   0.3;   8;    0.117;   0;   6.8;   6.7;  989.48;    2.3;   92.33;    4.0;    1.2;   -0.8;eor
        891;20190129;   10;  10.5;   3.8;    3;   0.5;   8;    3.100;   0;   7.0;   6.0;  999.87;    1.8;   86.17;    3.7;   -0.7;   -2.2;eor
        891;20190130;   10;  14.7;   7.0;    3;   0.9;   8;    1.933;   0;   7.9;   5.4;  995.02;    0.4;   85.63;    2.1;   -0.9;   -2.1;eor
        891;20190131;   10;  13.0;   3.8;    3;   0.0;   8;    1.183;   0;   5.9;   5.6;  995.48;    0.7;   87.46;    2.1;   -0.1;   -1.8;eor
        891;20190201;   10;  17.0;   9.3;    3;   0.0;   8;    0.000;   0;   5.9;   5.4;  993.22;    0.0;   87.67;    0.6;   -0.7;   -1.9;eor
        891;20190202;   10;   9.8;   4.2;    3;   0.0;   6;    0.000;   0;   7.0;   6.1;  999.23;    0.9;   92.58;    2.2;   -0.8;   -2.3;eor
        891;20190203;   10;  10.9;   4.9;    3;   0.0;   6;    5.200;   0;   3.2;   6.4; 1015.25;    2.6;   86.13;    4.7;    1.2;   -1.0;eor
        891;20190204;   10;  16.2;   5.6;    3;   0.8;   8;    0.617;   0;   6.8;   5.7; 1019.84;    2.2;   80.25;    3.8;    0.9;   -1.3;eor
        891;20190205;   10;  13.6;   5.4;    3;   0.0;   6;    0.083;   0;   7.0;   7.5; 1022.13;    3.7;   94.13;    5.0;    2.6;    0.5;eor
        891;20190206;   10;  12.1;   4.3;    3;  10.2;   6;    0.000;   0;   7.9;   7.6; 1018.11;    4.2;   91.33;    5.2;    2.9;    2.2;eor
        891;20190207;   10;  21.4;   5.4;    3;   3.0;   6;    2.167;   0;   7.5;   8.1; 1004.31;    6.4;   85.04;    8.6;    5.1;    4.7;eor
        891;20190208;   10;  15.5;   5.7;    3;   3.0;   6;    0.000;   0;   7.6;   8.4; 1003.49;    7.1;   83.29;    9.1;    5.4;    3.8;eor
        891;20190209;   10;  20.7;   7.7;    3;   1.9;   6;    0.617;   0;   7.2;   8.0;  995.48;    7.7;   75.63;    8.7;    6.5;    4.7;eor
        891;20190210;   10;  17.3;   5.8;    3;  14.0;   6;    0.000;   0;   7.7;   8.2;  990.62;    5.5;   90.54;    7.2;    3.2;    2.7;eor
        891;20190211;   10;  18.8;   9.7;    3;   0.2;   6;    5.183;   0;   5.8;   6.9; 1010.32;    5.1;   78.00;    6.1;    3.3;    1.7;eor
        891;20190212;   10;  16.3;   5.8;    3;   0.3;   6;    2.333;   0;   7.7;   7.2; 1027.20;    5.5;   79.50;    7.2;    3.1;    1.7;eor
        891;20190213;   10;  13.8;   5.7;    3;   0.1;   6;    0.000;   0;   7.9;   9.2; 1029.91;    6.9;   92.21;    7.9;    5.7;    4.6;eor
        891;20190214;   10;   8.4;   3.5;    3;   0.0;   0;    7.783;   0;   2.8;   7.4; 1032.40;    6.4;   77.04;   10.1;    3.7;    0.0;eor
        891;20190215;   10;   6.5;   2.5;    3;   0.0;   0;    8.883;   0;   1.4;   6.4; 1029.34;    7.8;   61.13;   14.5;    1.0;   -1.6;eor
        891;20190216;   10;  10.7;   4.0;    3;   0.0;   0;    8.150;   0;   4.2;   7.7; 1022.01;    9.3;   64.71;   12.6;    5.8;    3.5;eor
        891;20190217;   10;   6.9;   2.5;    3;   0.0;   0;    7.383;   0;   5.6;   8.5; 1019.75;   10.1;   69.46;   14.7;    6.1;    4.1;eor
        891;20190218;   10;   9.0;   3.0;    3;   0.9;   6;    8.533;   0;   4.1;   7.6; 1014.78;    9.8;   63.04;   14.7;    6.3;    2.8;eor
        891;20190219;   10;  15.8;   6.0;    3;   0.4;   6;    0.550;   0;   7.4;   8.8; 1012.21;    6.8;   88.58;    8.5;    5.8;    4.3;eor
        891;20190220;   10;  11.1;   4.6;    3;   0.2;   6;    0.000;   0;   7.9;   8.6; 1017.98;    7.5;   82.67;    9.3;    5.8;    5.0;eor
        891;20190221;   10;  13.1;   5.6;    3;   0.6;   6;    0.283;   0;   7.8;   9.1; 1021.81;    7.4;   88.71;    8.9;    5.5;    5.5;eor
        891;20190222;   10;  12.9;   5.2;    3;   0.0;   0;    0.250;   0;   7.0;   7.6; 1035.92;    4.8;   88.17;    5.7;    2.5;    1.0;eor
        891;20190223;   10;   8.7;   3.3;    3;   0.0;   0;    7.750;   0;  -999;   5.6; 1038.87;    4.1;   68.71;    9.2;    0.3;   -1.8;eor
        891;20190224;   10;   6.6;   2.1;    3;   0.0;   0;    8.550;   0;   2.1;   5.7; 1036.89;    5.6;   64.83;   13.1;    0.6;   -2.1;eor
        891;20190225;   10;   5.6;   2.2;    3;   0.0;   0;    8.700;   0;   2.6;   6.8; 1036.27;    6.2;   72.54;   12.8;    1.4;   -3.8;eor
        891;20190226;   10;   7.2;   3.3;    3;   0.0;   0;    8.833;   0;   3.7;   6.6; 1032.70;    7.0;   66.96;   11.9;    3.2;   -1.3;eor
        891;20190227;   10;  10.7;   3.5;    3;   0.0;   0;    8.917;   0;   0.5;   5.7; 1022.88;    9.8;   48.33;   16.8;    3.9;   -2.6;eor
        891;20190228;   10;  10.7;   4.3;    3;   0.0;   6;    0.000;   0;   6.0;   8.2; 1011.75;    5.6;   90.54;    7.1;    4.6;    3.4;eor
        891;20190301;   10;  11.3;   5.3;    3;   0.0;   6;    0.350;   0;   7.8;   6.9; 1011.63;    5.2;   78.46;    6.9;    3.5;    3.0;eor
        891;20190302;   10;  12.1;   3.9;    3;   1.3;   6;    1.950;   0;   7.8;   7.0; 1010.58;    5.9;   75.46;    8.9;    3.5;    2.0;eor
        891;20190303;   10;  16.9;   5.9;    3;   9.2;   6;    0.000;   0;   7.7;  10.7;  998.52;    9.5;   90.29;   11.0;    8.4;    8.0;eor
        891;20190304;   10;  27.8;   8.7;    3;   4.2;   6;    0.233;   0;   7.7;   9.0;  985.04;    8.6;   79.92;   11.9;    6.1;    5.5;eor
        891;20190305;   10;  18.1;   6.6;    3;   1.0;   6;    4.333;   0;   4.9;   7.8;  998.63;    6.1;   82.71;    7.8;    4.2;    2.2;eor
        891;20190306;   10;  12.7;   4.1;    3;   4.3;   6;    0.000;   0;   7.5;   8.6;  998.88;    7.1;   84.13;   10.8;    3.6;    2.1;eor
        891;20190307;   10;  21.7;   5.5;    3;  12.8;   6;    1.517;   0;   7.4;   9.3;  988.19;    9.2;   79.46;   11.7;    5.9;    4.9;eor
        891;20190308;   10;  19.4;   7.6;    3;   2.0;   6;    3.000;   0;   6.9;   7.4; 1001.05;    6.6;   76.00;    8.4;    5.3;    3.7;eor
        891;20190309;   10;  21.9;   8.7;    3;   2.6;   6;    1.183;   0;   6.5;   7.7; 1000.63;    6.8;   78.04;    9.5;    3.6;    2.2;eor
        891;20190310;   10;  16.8;   5.3;    3;   3.1;   8;    1.217;   0;   7.7;   7.2; 1001.40;    5.7;   78.88;    7.4;    3.3;    2.6;eor
        891;20190311;   10;  17.0;   6.0;    3;   0.8;   8;    1.983;   0;   5.2;   7.2; 1008.43;    4.3;   86.33;    6.0;    2.4;    0.4;eor
        891;20190312;   10;  21.4;   4.7;    3;   5.2;   6;    0.100;   0;   7.6;   7.1; 1006.97;    5.3;   80.71;    8.0;    2.6;    1.4;eor
        891;20190313;   10;  21.3;   8.8;    3;   4.5;   6;    0.017;   0;   7.5;   8.0;  992.76;    6.0;   85.29;    7.0;    4.7;    3.2;eor
        891;20190314;   10;  17.7;   7.4;    3;   7.1;   6;    0.000;   0;   7.2;   8.5;  992.97;    6.4;   88.58;    7.4;    5.6;    4.4;eor
        891;20190315;   10;  23.5;   9.2;    3;   2.2;   6;    2.633;   0;   7.2;   8.4;  995.38;    7.3;   81.96;   10.1;    5.9;    4.8;eor
        891;20190316;   10;  21.0;   6.9;    3;  11.4;   6;    0.000;   0;   7.7;   8.4;  999.01;    7.6;   80.63;   10.5;    4.7;    5.0;eor
        891;20190317;   10;  20.4;   8.3;    3;   2.0;   8;    4.417;   0;   6.7;   7.9;  994.70;    7.3;   76.54;   10.5;    4.0;    3.2;eor
        891;20190318;   10;  20.2;   9.5;    3;   1.2;   8;    6.683;   0;   4.6;   7.3; 1008.66;    6.1;   76.92;    8.1;    3.6;    2.5;eor
        891;20190319;   10;  11.6;   5.2;    3;   0.0;   0;    7.867;   0;   3.7;   6.8; 1024.41;    5.9;   73.71;    8.4;    3.5;   -1.3;eor
        891;20190320;   10;  11.0;   4.2;    3;   0.2;   6;    0.000;   0;   7.6;   9.4; 1028.96;    7.7;   88.46;    9.7;    3.7;    2.0;eor
        891;20190321;   10;  12.6;   4.6;    3;   0.0;   6;    0.233;   0;   7.8;  10.5; 1031.32;    9.3;   90.00;   11.3;    7.4;    7.3;eor
        891;20190322;   10;  11.2;   2.3;    3;   0.0;   6;    5.283;   0;   5.7;  10.8; 1028.44;   10.5;   85.71;   17.4;    5.8;    5.9;eor
        891;20190323;   10;  10.6;   4.8;    3;   0.0;   6;    2.733;   0;   7.5;   8.9; 1027.31;    7.2;   88.04;   10.1;    5.8;    3.5;eor
        891;20190324;   10;  15.8;   4.2;    3;   2.9;   6;    6.000;   0;   5.8;   7.5; 1024.30;    6.6;   76.54;    8.9;    5.1;    2.7;eor
        891;20190325;   10;  20.5;   8.6;    3;   2.2;   8;    6.683;   0;   5.0;   8.0; 1016.41;    6.2;   83.67;    8.4;    2.3;    1.5;eor
        891;20190326;   10;  16.3;   8.0;    3;   0.7;   6;    2.783;   0;   7.2;   8.4; 1025.42;    6.7;   84.67;    8.1;    5.5;    3.9;eor
        891;20190327;   10;  13.2;   5.6;    3;   1.5;   6;    0.000;   0;   7.8;   9.7; 1029.00;    7.6;   92.58;    8.4;    6.5;    5.3;eor
        891;20190328;   10;   8.3;   4.0;    3;   0.0;   6;    0.017;   0;   8.0;  10.3; 1032.70;    8.6;   91.58;   11.1;    6.9;    5.6;eor
        891;20190329;   10;   9.4;   2.8;    3;   0.0;   0;    7.083;   0;   4.0;   9.5; 1028.96;   10.0;   78.08;   13.5;    6.2;    0.4;eor
        891;20190330;   10;  10.7;   3.8;    3;   0.0;   6;   10.433;   0;   1.1;   9.5; 1019.89;    9.6;   80.38;   17.8;    4.0;    2.4;eor
        891;20190331;   10;  11.5;   6.2;    3;   0.0;   6;    6.500;   0;   3.3;   6.6; 1024.36;    6.8;   66.13;    8.5;    4.2;    2.8;eor
        891;20190401;   10;  11.4;   5.9;    3;   0.0;   0;   12.067;   0;   0.0;   5.7; 1023.58;    6.5;   59.88;   10.4;    2.6;   -0.6;eor
        891;20190402;   10;  13.0;   5.5;    3;   4.9;   6;    8.483;   0;   4.6;   7.6; 1006.77;    8.8;   64.71;   16.0;    3.2;    1.9;eor
        891;20190403;   10;  12.0;   2.6;    3;  10.5;   6;    0.083;   0;   7.8;  10.3; 1000.72;    9.3;   88.46;   11.6;    7.3;    5.7;eor
        891;20190404;   10;   8.7;   3.9;    3;   0.0;   0;    0.650;   0;   7.8;   9.3;  999.63;    7.6;   89.67;    8.9;    6.3;    4.8;eor
        891;20190405;   10;  11.8;   4.6;    3;   0.0;   6;    0.000;   0;   7.9;   9.8; 1004.32;    8.0;   91.63;    9.8;    7.1;    6.5;eor
        891;20190406;   10;   9.1;   3.4;    3;   0.0;   0;    8.350;   0;   6.2;  11.1; 1006.60;   11.2;   83.92;   18.1;    6.7;    4.8;eor
        891;20190407;   10;   6.6;   3.1;    3;   0.0;   0;   11.400;   0;   1.2;  10.8; 1007.62;   11.9;   78.08;   18.2;    8.1;    4.2;eor
        891;20190408;   10;  11.9;   5.1;    3;   0.0;   0;   10.000;   0;   2.3;   9.0; 1011.76;    9.6;   75.29;   12.7;    5.6;    4.3;eor
        891;20190409;   10;  11.9;   6.6;    3;   0.0;   0;   11.733;   0;   0.7;   6.6; 1016.38;    6.7;   67.21;   10.3;    3.0;    1.1;eor
        891;20190410;   10;  12.2;   6.4;    3;   0.0;   0;   12.217;   0;   0.9;   5.3; 1019.45;    5.1;   61.50;    8.6;    2.6;    1.0;eor
        891;20190411;   10;  10.0;   5.7;    3;   0.0;   6;    0.917;   0;   6.6;   6.1; 1025.04;    4.7;   71.13;    6.8;    2.9;    1.3;eor
        891;20190412;   10;  13.3;   6.2;    3;   0.3;   8;    5.350;   0;   5.9;   5.4; 1027.14;    4.7;   63.71;    7.2;    2.5;    0.6;eor
        891;20190413;   10;  15.1;   7.3;    3;   1.4;   8;    1.983;   0;   6.1;   6.1; 1026.10;    3.4;   78.25;    6.0;    1.5;    0.2;eor
        891;20190414;   10;  12.5;   6.7;    3;   0.0;   6;    3.483;   0;   7.2;   7.0; 1027.16;    5.6;   76.42;    7.7;    2.9;    1.5;eor
        891;20190415;   10;  15.5;   8.9;    3;   0.0;   0;   10.617;   0;   2.8;   7.1; 1027.08;    7.8;   67.88;   11.5;    5.1;    4.2;eor
        891;20190416;   10;  14.1;   9.3;    3;   0.0;   0;   13.000;   0;   0.0;   7.5; 1021.83;    7.9;   71.17;   12.4;    3.0;    2.0;eor
        891;20190417;   10;  12.7;   7.7;    3;   0.0;   0;   12.933;   0;   0.9;   8.0; 1025.13;   10.4;   64.00;   15.5;    6.1;    4.6;eor
        891;20190418;   10;  11.9;   6.0;    3;   0.0;   0;   13.100;   0;   0.0;   9.0; 1029.50;   11.5;   66.54;   17.4;    7.0;    5.2;eor
        891;20190419;   10;  10.1;   5.0;    3;   0.0;   0;   13.100;   0;   0.5;   9.5; 1031.48;   12.4;   66.88;   19.1;    7.6;    5.4;eor
        891;20190420;   10;   7.9;   3.6;    3;   0.0;   0;   13.333;   0;   1.1;   8.4; 1030.59;   12.1;   60.13;   17.2;    8.4;   -0.2;eor
        891;20190421;   10;   8.8;   3.6;    3;   0.0;   0;   13.367;   0;   0.2;   9.4; 1021.89;   12.1;   66.33;   16.3;    8.4;    0.6;eor
        891;20190422;   10;  14.5;   7.5;    3;   0.0;   0;   13.433;   0;   0.3;   9.4; 1013.68;   13.3;   62.54;   17.4;    9.4;    7.0;eor
        891;20190423;   10;  18.2;  11.2;    3;   0.1;   6;   13.017;   0;   0.0;   9.9; 1005.42;   13.8;   63.25;   17.0;   10.7;    9.1;eor
        891;20190424;   10;  15.5;   7.6;    3;   2.3;   6;    8.283;   0;   7.1;  12.5; 1000.82;   14.9;   73.46;   19.1;   11.8;   10.7;eor
        891;20190425;   10;  12.5;   4.0;    3;   0.1;   6;   11.117;   0;   6.0;  11.7; 1006.45;   16.3;   65.54;   22.2;   10.8;    8.4;eor
        891;20190426;   10;  13.1;   5.3;    3;   1.0;   6;    2.767;   0;   7.9;  11.9; 1009.60;   12.4;   82.79;   15.1;   10.1;    7.6;eor
        891;20190427;   10;   9.1;   2.9;    3;   2.5;   6;    5.033;   0;   6.5;  10.7; 1009.43;   10.9;   83.21;   15.6;    8.1;    6.3;eor
        891;20190428;   10;   6.7;   2.9;    3;   3.4;   6;    3.817;   0;   7.0;   9.7; 1016.84;    8.9;   84.63;   11.1;    7.3;    2.0;eor
        891;20190429;   10;  12.2;   6.3;    3;   1.5;   6;    0.317;   0;   7.5;  11.6; 1021.82;    9.8;   95.67;   11.8;    7.5;    4.0;eor
        891;20190430;   10;   9.9;   5.0;    3;   0.0;   6;    3.417;   0;   7.4;  10.7; 1020.47;    9.0;   93.67;   11.1;    6.9;    6.5;eor
        891;20190501;    3;  12.5;   6.4;    3;   0.0;   6;    0.000;-999;   8.0;   9.7; 1014.11;    8.6;   86.17;    9.4;    8.0;    7.6;eor
        891;20190502;    3;  16.7;   7.8;    3;   0.6;   6;    0.050;-999;   7.6;   9.5; 1005.70;    8.9;   83.29;   11.0;    5.7;    4.2;eor
        891;20190503;    3;  18.0;   8.2;    3;   1.5;   8;    4.767;-999;   5.8;   6.8; 1007.03;    7.2;   66.67;    9.8;    2.6;    1.5;eor
        891;20190504;    3;  15.7;   7.7;    3;   0.7;   6;    9.350;-999;   3.0;   6.4; 1006.94;    6.8;   64.79;    9.8;    3.7;    2.2;eor
        891;20190505;    3;  14.7;   5.9;    3;   1.1;   6;    6.533;-999;   4.8;   6.9; 1015.75;    7.4;   67.04;   10.6;    3.6;   -4.4;eor
        891;20190506;    3;  14.9;   6.8;    3;   0.3;   6;    2.583;-999;   6.0;   7.4; 1015.27;    7.9;   69.00;   10.4;    6.2;    3.3;eor
        891;20190507;    3;  10.4;   4.1;    3;   0.5;   6;   10.233;-999;   3.7;   6.7; 1014.97;    8.3;   60.79;   11.0;    5.9;    2.4;eor
        891;20190508;    3;  12.9;   4.5;    3;   7.8;   6;    2.083;-999;   7.0;   9.2; 1001.98;    9.8;   76.17;   13.4;    5.1;    2.6;eor
        891;20190509;    3;   8.8;   2.9;    3;   2.9;   6;    4.150;-999;   7.2;  10.8;  996.28;   12.7;   75.79;   17.4;    8.2;    6.0;eor
        891;20190510;    3;  11.4;   4.6;    3;   0.6;   6;    3.450;-999;   5.8;   9.4; 1006.21;    9.5;   78.58;   11.7;    6.3;   -1.3;eor
        891;20190511;    3;  15.2;   6.2;    3;   0.0;   0;   14.350;-999;   2.0;   7.9; 1015.90;    9.2;   68.00;   12.3;    5.5;   -1.4;eor
        891;20190512;    3;  13.1;   8.6;    3;   0.0;   0;   12.183;-999;   2.7;   8.2; 1030.70;    9.6;   68.63;   11.9;    8.4;    6.1;eor
        891;20190513;    3;  13.0;   7.3;    3;   0.0;   0;   13.167;-999;   1.9;   8.4; 1037.15;    9.7;   70.17;   12.1;    8.2;    6.2;eor
        891;20190514;    3;  11.4;   4.5;    3;   0.0;   0;   13.367;-999;   4.0;   8.4; 1033.52;   10.4;   66.96;   13.5;    6.8;    0.8;eor
        891;20190515;    3;  11.3;   4.1;    3;   0.0;   0;   14.350;-999;   2.4;   7.7; 1027.40;   11.4;   56.92;   15.1;    7.0;   -1.8;eor
        891;20190516;    3;  19.7;   6.8;    3;   1.0;   6;    0.000;-999;   8.0;   9.2; 1018.83;   11.8;   66.08;   15.0;    9.7;    8.9;eor
        891;20190517;    3;  13.0;   5.9;    3;   0.0;   6;    1.350;-999;   7.5;  11.8; 1009.75;   12.7;   81.17;   16.5;    9.6;    9.6;eor
        891;20190518;    3;   9.4;   4.7;    3;   0.0;   6;    7.250;-999;   5.0;  14.2; 1006.41;   15.3;   82.54;   20.3;   11.5;    9.2;eor
        891;20190519;    3;   9.8;   4.1;    3;   0.0;   6;    4.733;-999;   6.1;  14.8; 1005.32;   14.9;   87.83;   20.2;   11.4;   10.1;eor
        891;20190520;    3;  10.5;   4.3;    3;   0.0;   6;    7.200;-999;   7.0;  15.6; 1005.02;   15.2;   90.17;   20.0;   12.6;   12.7;eor
        891;20190521;    3;  13.7;   7.2;    3;   0.0;   6;    0.000;-999;   8.0;  14.3; 1007.70;   13.1;   94.13;   14.8;   10.9;   10.9;eor
        891;20190522;    3;  14.6;   7.1;    3;   0.0;   6;    3.383;-999;   6.7;  11.0; 1015.23;   11.3;   82.00;   13.7;    8.9;    4.6;eor
        891;20190523;    3;  11.0;   3.6;    3;   0.0;   0;   13.767;-999;   5.3;  10.2; 1015.71;   14.6;   64.13;   21.2;    8.1;    5.5;eor
        891;20190524;    3;  13.3;   5.6;    3;   0.0;   6;   10.233;-999;   5.8;  11.3; 1012.17;   13.8;   72.13;   19.0;   10.5;    6.8;eor
        891;20190525;    3;  10.1;   5.4;    3;   0.2;   6;    0.017;-999;   7.9;  10.4; 1014.49;   11.8;   74.96;   13.0;   10.2;    8.4;eor
        891;20190526;    3;  15.8;   5.2;    3;  11.2;   6;    0.000;-999;   7.8;  13.9; 1007.52;   13.4;   89.25;   16.7;    9.7;    8.7;eor
        891;20190527;    3;  13.7;   6.1;    3;   0.0;   4;    6.433;-999;   5.0;  12.1; 1004.87;   13.6;   77.46;   16.3;   10.6;    8.5;eor
        891;20190528;    3;  12.0;   5.8;    3;   0.0;   0;   10.533;-999;   5.3;   9.2; 1008.67;   11.7;   67.13;   14.3;    9.8;    7.7;eor
        891;20190529;    3;  10.7;   4.1;    3;   0.1;   4;   11.083;-999;   3.3;   8.2; 1019.54;   12.1;   58.58;   14.8;    9.2;    6.6;eor
        891;20190530;    3;  12.4;   4.7;    3;   2.9;   4;    0.033;-999;   7.6;  13.1; 1018.08;   14.8;   76.25;   17.9;   11.1;    9.3;eor
        891;20190531;    3;  13.6;   5.1;    3;   0.0;   0;    6.417;-999;   6.9;  16.0; 1020.27;   17.0;   82.75;   20.6;   15.0;   13.4;eor
        891;20190601;    3;  11.3;   4.2;    3;   0.0;   0;   11.633;-999;   5.8;  14.4; 1019.34;   16.3;   77.79;   19.5;   12.7;    9.6;eor
        891;20190602;    3;  10.2;   3.5;    3;   0.0;   0;   10.133;-999;   6.5;  15.8; 1012.69;   21.1;   66.04;   30.0;   12.6;   10.0;eor
        891;20190603;    3;  11.3;   3.5;    3;   0.1;   4;    3.950;-999;   6.4;  14.0; 1011.02;   18.1;   67.83;   22.7;   12.9;    6.0;eor
        891;20190604;    3;  12.4;   5.2;    3;   0.7;   4;    7.617;-999;   4.6;  15.2; 1010.11;   16.9;   78.71;   20.3;   12.1;    8.2;eor
        891;20190605;    3;   9.7;   3.7;    3;   0.0;   0;    9.383;-999;   6.7;  18.2; 1005.99;   19.5;   80.08;   20.7;   18.2;   16.4;eor
        891;20190606;    3;  15.8;   5.0;    3;   1.8;   4;    3.750;-999;   6.6;  15.3; 1008.08;   16.8;   78.92;   21.1;   12.3;    7.5;eor
        891;20190607;    3;  12.9;   5.0;    3;   4.7;   4;   14.050;-999;   3.2;  13.1; 1011.24;   17.0;   68.50;   21.6;   11.0;    4.9;eor
        891;20190608;    3;  22.4;   5.5;    3;   0.1;   4;    3.267;-999;   7.2;  11.9; 1012.15;   15.2;   68.88;   17.3;   13.6;   12.1;eor
        891;20190609;    3;  13.5;   4.2;    3;   0.0;   0;   11.700;-999;   5.1;  12.1; 1020.39;   16.1;   66.46;   20.9;   12.1;   10.2;eor
        891;20190610;    1;  12.4;   6.5;    1;  11.5;   4;    1.117;-999;   7.8;  15.1; 1013.47;   16.3;   81.13;   19.0;   14.6;   14.1;eor
        891;20190611;    1;  12.4;   4.6;    1;   7.9;   4;    4.417;-999;   6.6;  16.6; 1009.64;   16.6;   88.17;   20.7;   14.6;   13.6;eor
        891;20190612;    1;  10.3;   3.8;    1;   3.3;   4;    0.950;-999;   6.8;  17.5; 1008.22;   17.3;   87.79;   20.5;   14.4;   12.3;eor
        891;20190613;    1;  13.7;   3.7;    1;   0.6;   4;   10.933;-999;   4.1;  12.3; 1010.33;   17.8;   62.54;   22.5;   12.5;   10.5;eor
        891;20190614;    1;  12.8;   3.5;    1;   0.4;   4;   11.667;-999;   4.6;  15.3; 1013.80;   18.9;   70.29;   25.6;   14.1;   11.7;eor
        891;20190615;    1;  14.4;   4.2;    1;   2.8;   4;    1.183;-999;   7.3;  17.7; 1010.37;   17.2;   89.50;   19.7;   13.7;   11.2;eor
        891;20190616;    1;   9.1;   2.9;    1;   0.6;   4;    6.700;-999;   5.5;  14.5; 1017.77;   16.8;   76.92;   23.2;   12.3;    9.6;eor
        891;20190617;    1;   7.7;   2.8;    1;   0.0;   0;   14.350;-999;   1.1;  16.1; 1018.90;   19.5;   71.17;   23.7;   13.3;   11.0;eor
        891;20190618;    1;   7.4;   3.2;    1;   1.1;   4;   12.183;-999;   6.1;  17.7; 1013.39;   20.9;   71.83;   26.7;   17.5;   15.6;eor
        891;20190619;    1;  16.3;   3.8;    1;   7.6;   4;   10.367;-999;   4.2;  19.5; 1006.44;   21.4;   77.83;   29.9;   17.4;   16.1;eor
        891;20190620;    1;  11.2;   3.8;    1;   0.1;   6;    2.050;-999;   6.8;  16.6; 1008.73;   16.9;   85.63;   19.3;   14.3;   11.6;eor
        891;20190621;    1;  10.3;   3.8;    1;   0.0;   4;    7.100;-999;   3.9;  13.3; 1016.72;   15.9;   74.42;   19.9;   12.8;    8.8;eor
        891;20190622;    1;  11.5;   3.4;    1;   0.0;   0;   14.950;-999;   2.3;  12.9; 1022.39;   16.9;   67.75;   20.0;   12.5;    8.3;eor
        891;20190623;    1;  12.4;   7.8;    1;   0.0;   0;   13.900;-999;   3.5;  15.6; 1021.32;   19.8;   66.96;   23.9;   15.8;   14.2;eor
        891;20190624;    1;  12.6;   7.5;    1;   0.0;   0;   14.167;-999;   6.3;  17.3; 1021.21;   21.4;   68.58;   25.9;   16.5;   15.5;eor
        891;20190625;    1;  10.1;   4.5;    1;   0.0;   0;   11.967;-999;   6.4;  19.2; 1017.75;   24.8;   63.04;   33.6;   18.6;   17.0;eor
        891;20190626;    1;  13.3;   6.6;    1;   0.0;   0;    5.900;-999;   5.2;  17.9; 1021.39;   19.4;   78.88;   25.5;   14.1;   13.2;eor
        891;20190627;    1;  13.2;   7.7;    1;   0.0;   6;    0.017;-999;   7.8;  13.1; 1025.77;   15.0;   76.25;   16.6;   13.7;   12.8;eor
        891;20190628;    1;   9.8;   4.8;    1;   0.0;   0;    8.233;-999;   5.2;  13.9; 1024.55;   15.9;   76.83;   18.2;   14.3;    8.9;eor
        891;20190629;    1;   5.4;   1.8;    1;   0.0;   0;   15.567;-999;   0.3;  16.2; 1018.60;   19.3;   73.92;   25.6;   12.8;    6.8;eor
        891;20190630;    1;  17.1;   5.4;    1;   0.0;   0;   13.350;-999;   2.4;  16.6; 1010.87;   21.0;   68.71;   31.0;   16.8;   13.4;eor
        891;20190701;    1;  18.5;   7.1;    1;   0.0;   4;    7.383;-999;   4.8;  15.3; 1013.11;   18.0;   73.88;   21.1;   16.0;   13.3;eor
        891;20190702;    1;  18.1;   8.7;    1;   0.4;   6;    7.983;-999;   5.4;  11.0; 1019.27;   15.4;   62.96;   18.0;   13.6;   12.2;eor
        891;20190703;    1;  12.9;   6.6;    1;   1.0;   6;    5.917;-999;   5.2;  11.2; 1022.42;   14.8;   66.88;   17.5;   12.4;   10.1;eor
        891;20190704;    1;  15.7;   7.3;    1;   0.0;   6;    6.983;-999;   6.5;  12.7; 1020.13;   16.3;   68.13;   20.3;   13.3;   10.6;eor
        891;20190705;    1;  13.6;   6.6;    1;   1.7;   6;    1.433;-999;   7.8;  14.6; 1013.50;   15.9;   80.54;   18.3;   14.3;   13.2;eor
        891;20190706;    1;  15.2;   6.3;    1;   0.8;   6;    2.033;-999;   7.5;  13.9; 1007.51;   15.4;   79.50;   16.8;   14.0;   12.9;eor
        891;20190707;    1;  14.8;   7.8;    1;   1.5;   6;    1.183;-999;   7.3;  10.4; 1010.87;   14.1;   64.58;   16.8;   12.4;   11.3;eor
        891;20190708;    1;  12.0;   6.4;    1;   0.2;   6;    2.900;-999;   7.3;  11.6; 1014.57;   14.0;   72.38;   17.2;   11.8;   10.7;eor
        891;20190709;    1;  13.8;   6.9;    1;   0.4;   6;    0.083;-999;   7.9;  11.8; 1017.31;   14.1;   73.29;   16.0;   12.0;   11.1;eor
