STATIONS_ID;MESS_DATUM;QN_3;  FX;  FM;QN_4; RSK;RSKF; SDK;SHK_TAG;  NM; VPM;  PM; TMK; UPM; TXK; TNK; TGK;eor
       3761;20180106;   10;   4.9;   1.9;    3;   0.2;   6;    0.017;   0;   7.3;   9.4;  975.42;    7.2;   92.42;    9.9;    4.7;    3.3;eor
       3761;20180107;   10;  11.5;   5.0;    3;   0.0;   0;    0.000;   0;   7.9;   8.4;  985.41;    5.7;   91.46;    6.7;    5.0;    4.8;eor
       3761;20180108;   10;  12.4;   5.8;    3;   0.0;   0;    0.000;   0;   8.0;   7.9;  987.72;    6.3;   82.25;    7.0;    5.5;    5.3;eor
       3761;20180109;   10;  11.1;   2.7;    3;   0.1;   6;    2.983;   0;   5.2;   7.8;  980.66;    5.7;   85.21;   10.3;    3.2;    1.6;eor
       3761;20180110;   10;   4.5;   1.6;    3;   0.2;   6;    6.117;   0;   6.3;   7.5;  979.87;    6.4;   79.33;   12.0;    3.0;    1.5;eor
       3761;20180111;   10;   5.8;   1.8;    3;   0.0;   0;    4.017;   0;   5.0;   7.1;  983.41;    3.8;   89.00;    8.1;    0.9;   -1.6;eor
       3761;20180112;   10;   5.9;   2.1;    3;   0.0;   6;    0.000;   0;   8.0;   6.7;  991.88;    3.5;   85.38;    5.0;    2.9;    2.8;eor
       3761;20180113;   10;   8.7;   3.4;    3;   0.0;   6;    0.000;   0;   8.0;   6.5;  991.33;    4.0;   80.38;    5.1;    2.8;    2.6;eor
       3761;20180114;   10;   7.8;   2.7;    3;   0.0;   0;    0.550;   0;   5.6;   5.5;  989.12;    1.7;   80.33;    4.5;   -1.0;   -4.2;eor
       3761;20180115;   10;  14.5;   3.1;    3;   5.9;   6;    0.600;   0;   5.9;   5.8;  981.08;    3.2;   76.17;    7.3;   -1.9;   -4.8;eor
       3761;20180116;   10;  20.2;   6.7;    3;   9.1;   8;    0.017;   0;   7.5;   7.8;  965.98;    5.9;   83.50;    7.9;    3.6;    2.9;eor
       3761;20180117;   10;  16.6;   7.1;    3;   2.4;   8;    0.700;   0;   7.2;   6.1;  971.45;    3.0;   80.17;    4.4;    0.8;    0.2;eor
       3761;20180118;   10;  25.4;   7.2;    3;   2.8;   8;    0.000;   0;   6.6;   7.5;  972.10;    5.3;   84.13;    9.2;    2.5;    1.8;eor
       3761;20180119;   10;  16.4;   4.8;    3;   6.6;   8;    0.650;   0;   7.1;   6.7;  977.11;    3.5;   85.13;    6.4;    1.6;    0.7;eor
       3761;20180120;   10;   8.3;   2.8;    3;  10.2;   8;    0.000;   0;   8.0;   6.5;  973.92;    1.9;   93.17;    3.5;    0.3;    0.1;eor
       3761;20180121;   10;   9.8;   3.6;    3;   1.7;   8;    0.317;   0;   7.4;   6.0;  980.37;    1.8;   87.08;    3.4;    0.5;   -0.8;eor
       3761;20180122;   10;   7.9;   1.7;    3;   4.5;   6;    0.000;   0;   7.7;   7.8;  978.95;    3.6;   97.25;    6.8;    0.3;    0.1;eor
       3761;20180123;   10;   7.8;   3.1;    3;   0.3;   6;    0.067;   0;   7.6;   7.8;  991.79;    6.3;   81.92;    7.9;    4.8;    3.5;eor
       3761;20180124;   10;   6.1;   2.1;    3;   0.0;   0;    6.400;   0;   5.3;   8.6;  989.16;    9.4;   73.17;   13.2;    6.2;    3.6;eor
       3761;20180125;   10;   6.7;   2.4;    3;   0.6;   6;    1.067;   0;   7.0;   8.1;  983.20;   10.1;   65.33;   13.2;    7.2;    2.8;eor
       3761;20180126;   10;   6.5;   1.8;    3;   2.4;   6;    0.050;   0;   7.8;   9.1;  985.34;    7.6;   87.38;   11.4;    5.6;    4.9;eor
       3761;20180127;   10;   3.8;   1.1;    3;   0.0;   0;    0.000;   0;   7.8;   8.3;  997.68;    4.9;   95.46;    6.4;    3.8;    2.0;eor
       3761;20180128;   10;  12.2;   4.7;    3;   0.0;   6;    0.000;   0;   7.9;   8.3; 1001.19;    6.6;   85.08;    7.8;    4.8;    4.2;eor
       3761;20180129;   10;  16.1;   6.7;    3;   2.0;   6;    0.000;   0;   7.9;   8.9;  997.40;    8.0;   83.08;    8.9;    6.9;    6.3;eor
       3761;20180130;   10;  13.4;   2.3;    3;   0.0;   6;    1.267;   0;   7.5;   8.0;  995.66;    6.4;   83.33;    8.7;    4.5;    2.4;eor
       3761;20180131;   10;  11.4;   3.8;    3;  11.5;   6;    0.383;   0;   7.5;   8.0;  980.58;    7.7;   76.25;   10.2;    5.7;    2.9;eor
       3761;20180201;   10;  13.5;   4.1;    3;   1.6;   8;    0.183;   0;   7.6;   6.8;  971.48;    3.2;   87.38;    6.0;    1.2;    0.5;eor
       3761;20180202;   10;   9.9;   3.1;    3;   0.2;   8;    0.133;   0;   7.5;   5.9;  974.27;    2.2;   82.50;    3.5;    0.1;   -2.0;eor
       3761;20180203;   10;   7.4;   2.4;    3;   1.6;   8;    0.000;   0;   7.7;   6.1;  974.68;    1.5;   90.17;    3.3;   -0.1;   -1.2;eor
       3761;20180204;   10;   4.6;   1.4;    3;   5.1;   8;    0.000;   0;   7.3;   6.1;  982.24;    0.3;   96.63;    1.5;   -2.2;   -5.3;eor
       3761;20180205;   10;   9.4;   3.6;    3;   0.0;   0;    8.300;   0;   1.4;   4.8;  988.68;   -0.9;   84.04;    2.4;   -3.3;   -5.6;eor
       3761;20180206;   10;   8.1;   3.5;    3;   0.0;   7;    4.150;   0;   4.5;   4.6;  980.29;   -0.2;   77.00;    3.6;   -2.6;   -3.7;eor
       3761;20180207;   10;   5.6;   2.0;    3;   0.0;   0;    2.500;   0;   5.5;   4.5;  979.93;   -1.0;   79.75;    1.5;   -2.9;   -4.5;eor
       3761;20180208;   10;   3.4;   1.3;    3;   0.0;   0;    4.800;   0;   4.8;   4.7;  985.68;   -0.7;   81.83;    3.1;   -2.8;   -4.6;eor
       3761;20180209;   10;   6.3;   1.8;    3;   0.0;   8;    0.000;   0;   7.7;   5.1;  983.49;    0.1;   83.08;    1.3;   -2.8;   -4.5;eor
       3761;20180210;   10;   8.4;   2.3;    3;   0.0;   6;    0.000;   0;   7.9;   5.5;  983.88;    1.2;   83.08;    2.6;    0.0;   -0.8;eor
       3761;20180211;   10;   9.9;   3.6;    3;   0.5;   8;    0.000;   0;   7.5;   5.9;  975.90;    2.6;   78.79;    4.7;    1.2;   -0.5;eor
       3761;20180212;   10;  12.6;   3.8;    3;   0.8;   8;    1.283;   0;   5.8;   5.5;  981.59;    0.8;   85.13;    2.9;   -2.3;   -5.7;eor
       3761;20180213;   10;   7.3;   2.5;    3;   0.0;   0;    8.383;   0;   3.4;   4.2;  982.63;    0.4;   68.58;    4.3;   -2.7;   -6.3;eor
       3761;20180214;   10;   8.4;   2.7;    3;   0.0;   0;    9.050;   0;   0.1;   4.0;  984.38;   -0.3;   67.42;    5.0;   -5.6;   -8.5;eor
       3761;20180215;   10;   7.3;   2.2;    3;   5.7;   8;    0.000;   0;   7.7;   5.5;  984.57;    1.9;   76.54;    3.8;   -0.5;   -1.9;eor
       3761;20180216;   10;   5.5;   1.5;    3;   0.0;   6;    3.933;   0;   5.1;   7.2;  991.87;    4.0;   89.08;    8.6;    0.2;   -2.5;eor
       3761;20180217;   10;   9.1;   3.1;    3;   5.1;   8;    0.000;   0;   7.7;   6.0;  988.90;    0.5;   94.38;    1.6;   -1.3;   -6.2;eor
       3761;20180218;   10;   7.2;   1.9;    3;   0.0;   0;    4.250;   0;   6.0;   4.9;  993.31;   -1.3;   87.08;    2.1;   -6.1;   -7.6;eor
       3761;20180219;   10;   4.6;   1.9;    3;   0.0;   0;    0.000;   0;   6.6;   4.6;  987.03;   -1.5;   83.54;   -0.2;   -3.8;   -6.1;eor
       3761;20180220;   10;   7.3;   1.7;    3;   0.0;   0;    0.000;   0;   7.4;   4.5;  983.79;   -1.2;   80.50;    1.4;   -3.5;   -5.7;eor
       3761;20180221;   10;   8.9;   3.0;    3;   0.0;   0;    8.600;   0;   2.0;   4.3;  986.93;   -0.4;   73.50;    3.8;   -4.0;   -6.9;eor
       3761;20180222;   10;  13.1;   5.6;    3;   0.0;   0;    3.133;   0;   4.3;   3.6;  985.02;   -1.1;   64.75;    2.0;   -3.5;   -5.2;eor
       3761;20180223;   10;  12.0;   5.4;    3;   0.0;   0;    7.950;   0;   0.9;   3.5;  984.44;   -1.4;   63.50;    2.4;   -4.8;   -6.2;eor
       3761;20180224;   10;  15.1;   6.6;    3;   0.0;   0;    9.617;   0;   0.0;   3.0;  987.23;   -1.6;   57.13;    3.7;   -5.5;   -7.1;eor
       3761;20180225;   10;  13.8;   6.0;    3;   0.0;   0;    9.700;   0;   0.9;   2.2;  991.04;   -4.8;   51.92;   -1.2;   -8.0;   -9.4;eor
       3761;20180226;   10;  12.7;   5.1;    3;   0.0;   7;    3.983;   0;   2.3;   2.0;  989.49;   -7.4;   56.83;   -3.9;   -9.7;  -11.3;eor
       3761;20180227;   10;   7.8;   3.3;    3;   0.0;   0;    6.317;   0;   3.4;   1.9;  984.74;   -8.5;   60.04;   -5.0;  -11.0;  -12.9;eor
       3761;20180228;   10;  13.7;   5.4;    3;   0.0;   0;    8.667;   0;   1.5;   1.9;  983.90;   -7.9;   56.71;   -3.9;  -11.4;  -13.1;eor
       3761;20180301;   10;  15.6;   6.7;    3;   0.0;   0;    3.383;   0;   7.1;   2.2;  973.57;   -4.9;   52.04;    0.1;   -8.9;   -9.7;eor
       3761;20180302;   10;  12.0;   4.1;    3;   0.4;   7;    0.100;   0;   6.5;   3.0;  965.56;   -3.5;   63.04;   -0.1;   -6.9;   -7.8;eor
       3761;20180303;   10;   8.3;   3.1;    3;   0.4;   6;    6.783;   1;   5.3;   5.5;  965.33;    1.6;   80.79;    6.7;   -3.6;   -6.8;eor
       3761;20180304;   10;   9.2;   2.7;    3;   0.0;   6;    7.183;   0;   5.9;   7.1;  966.60;    6.3;   74.96;   13.3;    0.7;   -2.9;eor
       3761;20180305;   10;   8.6;   2.6;    3;   0.0;   0;    7.667;   0;   4.5;   7.2;  964.27;    6.9;   73.29;   13.1;    2.3;   -1.0;eor
       3761;20180306;   10;   5.5;   2.1;    3;   0.1;   6;    1.550;   0;   4.9;   6.1;  960.07;    4.0;   74.96;    8.4;   -0.5;   -2.3;eor
       3761;20180307;   10;  11.8;   3.2;    3;   0.0;   6;    0.367;   0;   7.3;   7.1;  965.46;    6.0;   77.58;    9.6;    2.1;   -1.3;eor
       3761;20180308;   10;  13.6;   4.0;    3;   0.9;   6;    3.267;   0;   7.1;   6.3;  973.08;    7.6;   62.50;   12.8;    3.8;    2.0;eor
       3761;20180309;   10;   4.5;   1.5;    3;   1.7;   6;    0.000;   0;   7.6;   8.4;  976.37;    6.6;   85.25;    9.9;    3.3;    2.6;eor
       3761;20180310;   10;   7.1;   2.3;    3;   0.6;   6;    0.000;   0;   7.6;   9.9;  972.92;   10.7;   76.71;   13.9;    7.5;    3.9;eor
       3761;20180311;   10;   8.4;   2.3;    3;   2.1;   6;    3.550;   0;   5.7;  10.2;  966.25;   11.2;   77.96;   16.9;    6.2;    4.1;eor
       3761;20180312;   10;  13.4;   3.7;    3;   0.2;   6;    0.800;   0;   7.3;  10.1;  964.67;   10.0;   82.67;   13.3;    8.6;    6.8;eor
       3761;20180313;   10;  16.2;   5.6;    3;   5.6;   6;    0.233;   0;   7.7;   8.2;  973.22;    7.6;   79.17;    9.2;    4.6;    4.0;eor
       3761;20180314;   10;   8.9;   2.3;    3;   0.0;   6;    2.083;   0;   5.3;   7.2;  978.89;    5.8;   79.79;   10.1;    3.2;    1.2;eor
       3761;20180315;   10;  12.0;   4.1;    3;   0.1;   6;    4.767;   0;   4.0;   7.1;  967.21;    7.6;   68.88;   12.9;    2.5;   -0.4;eor
       3761;20180316;   10;   8.1;   2.1;    3;   2.5;   6;    0.000;   0;   7.8;   9.1;  969.35;    7.5;   87.83;   10.6;    4.3;    3.8;eor
       3761;20180317;   10;  12.5;   5.6;    3;   5.3;   8;    0.000;   0;   8.0;   5.3;  968.57;    0.3;   83.46;    4.3;   -3.1;   -3.1;eor
       3761;20180318;   10;  10.9;   5.2;    3;   0.7;   8;    0.300;   4;   7.7;   3.9;  971.98;   -2.7;   78.63;   -0.2;   -4.3;   -4.0;eor
       3761;20180319;   10;   7.5;   3.0;    3;   0.0;   7;    1.667;   1;   7.2;   3.5;  977.10;   -1.6;   64.50;    1.6;   -3.7;   -5.8;eor
       3761;20180320;   10;   7.3;   1.9;    3;   0.7;   8;    3.717;   0;   5.0;   4.1;  984.13;   -1.7;   75.17;    1.0;   -5.7;   -9.1;eor
       3761;20180321;   10;   6.5;   1.7;    3;   0.0;   0;   10.967;   0;   0.5;   3.6;  993.60;    0.1;   61.46;    5.3;   -4.4;   -7.5;eor
       3761;20180322;   10;  10.9;   2.8;    3;   3.4;   8;    0.117;   0;   6.7;   5.0;  985.93;   -0.1;   80.92;    3.6;   -4.4;   -7.3;eor
       3761;20180323;   10;   5.0;   1.9;    3;   0.0;   6;    0.000;   0;   7.8;   7.2;  976.10;    3.3;   93.21;    6.3;    0.5;    0.0;eor
       3761;20180324;   10;   9.4;   3.4;    3;   0.0;   0;    9.967;   0;   1.8;   6.1;  970.02;    5.3;   70.29;   10.5;    0.6;   -1.6;eor
       3761;20180325;   10;   6.2;   1.7;    3;   0.0;   0;   10.983;   0;   2.2;   5.8;  973.94;    6.2;   64.83;   13.7;   -0.5;   -4.4;eor
       3761;20180326;   10;   6.5;   1.5;    3;   0.0;   6;    0.000;   0;   6.8;   6.4;  981.07;    5.1;   74.21;    9.3;    1.3;   -1.6;eor
       3761;20180327;   10;   8.1;   2.1;    3;   7.2;   6;    3.600;   0;   6.3;   6.8;  980.99;    6.8;   71.42;   11.1;    1.2;   -2.0;eor
       3761;20180328;   10;  15.9;   4.6;    3;   7.5;   6;    1.050;   0;   7.5;   9.5;  972.32;    8.7;   84.33;   12.0;    6.2;    5.4;eor
       3761;20180329;   10;  13.0;   3.9;    3;   0.0;   6;    3.133;   0;   6.0;   6.3;  975.18;    6.5;   66.25;   10.0;    2.3;   -0.8;eor
       3761;20180330;   10;   9.7;   3.0;    3;   5.5;   6;    6.133;   0;   5.3;   7.3;  970.23;    8.4;   70.08;   15.6;    0.8;   -1.8;eor
       3761;20180331;   10;   7.6;   2.6;    3;   0.2;   6;    4.383;   0;   6.0;   7.7;  967.60;    8.1;   72.63;   12.5;    6.0;    2.1;eor
       3761;20180401;   10;  18.1;   5.5;    3;   3.8;   6;    0.350;   0;   7.6;   7.7;  976.41;    6.5;   79.96;    8.3;    4.1;    3.2;eor
       3761;20180402;   10;   6.0;   2.0;    3;   0.2;   6;    9.017;   0;   4.5;   6.5;  977.57;    9.8;   57.92;   15.5;    1.3;   -0.6;eor
       3761;20180403;   10;  12.3;   3.0;    3;   0.0;   6;    6.600;   0;   5.8;   7.9;  973.09;   15.8;   45.92;   22.1;   10.1;    6.5;eor
       3761;20180404;   10;  26.2;   3.4;    3;   0.4;   6;    5.817;   0;   5.5;   9.3;  973.04;   13.9;   60.33;   23.1;   10.2;    7.1;eor
       3761;20180405;   10;  15.8;   5.3;    3;   3.1;   6;    2.650;   0;   6.8;   8.3;  981.54;    9.7;   68.42;   12.6;    3.7;   -0.1;eor
       3761;20180406;   10;  10.7;   4.0;    3;   0.0;   0;   12.100;   0;   0.7;   6.3;  987.82;    8.5;   60.04;   15.3;    1.0;   -1.6;eor
       3761;20180407;   10;   7.3;   2.9;    3;   0.0;   0;   12.167;   0;   0.0;   7.6;  981.02;   14.0;   49.83;   23.2;    4.9;    1.5;eor
       3761;20180408;   10;   7.7;   3.3;    3;   0.0;   0;   11.650;   0;   0.0;   9.3;  976.18;   15.3;   55.46;   23.0;    7.9;    4.0;eor
       3761;20180409;   10;   5.6;   2.6;    3;   0.0;   0;    4.200;   0;   3.9;   9.6;  972.18;   15.8;   55.58;   23.0;   10.4;    7.9;eor
       3761;20180410;   10;  17.4;   2.5;    3;   8.0;   6;    2.233;   0;   6.5;  10.8;  971.70;   13.2;   73.21;   20.4;    8.1;    7.1;eor
       3761;20180411;   10;   9.7;   2.4;    3;   0.0;   0;   10.500;   0;   3.2;  10.2;  973.35;   12.7;   71.67;   19.2;    6.1;    4.1;eor
       3761;20180412;   10;   7.7;   2.6;    3;   0.0;   0;    5.867;   0;   4.3;   9.9;  967.85;   15.5;   59.08;   21.4;    9.4;    6.4;eor
       3761;20180413;   10;  10.4;   2.4;    3;  11.2;   6;    0.000;   0;   7.2;  10.4;  976.37;    8.9;   90.25;   10.1;    6.2;    4.5;eor
       3761;20180414;   10;   4.8;   1.7;    3;   0.0;   0;   10.717;   0;   2.0;   9.8;  986.02;   12.8;   68.50;   19.9;    4.6;    1.7;eor
       3761;20180415;   10;   4.1;   1.5;    3;   0.0;   6;    8.800;   0;   3.3;  10.2;  980.49;   14.5;   63.75;   21.2;    6.7;    3.8;eor
       3761;20180416;   10;   8.7;   2.6;    3;   0.0;   0;    9.383;   0;   5.3;  11.2;  982.55;   15.7;   65.46;   20.6;   11.0;    8.4;eor
       3761;20180417;   10;   5.7;   1.5;    3;   0.0;   0;   12.067;   0;   0.9;  10.2;  992.51;   15.5;   61.67;   22.5;    7.2;    4.2;eor
       3761;20180418;   10;   8.4;   2.9;    3;   0.0;   0;   12.783;   0;   0.1;  10.2;  997.56;   17.6;   54.21;   25.1;    9.1;    5.9;eor
       3761;20180419;   10;   9.4;   3.4;    3;   0.0;   0;   12.800;   0;   0.2;   9.5;  995.01;   19.2;   45.71;   27.0;   12.1;    8.3;eor
       3761;20180420;   10;   8.7;   1.9;    3;   0.0;   0;   12.783;   0;   0.0;  11.4;  990.54;   19.5;   52.42;   27.8;   11.0;    6.9;eor
       3761;20180421;   10;   5.3;   1.6;    3;   0.0;   0;   12.450;   0;   0.9;  12.3;  986.89;   19.0;   59.54;   27.6;   10.3;    8.0;eor
       3761;20180422;   10;   7.2;   2.0;    3;   0.0;   0;   11.483;   0;   2.2;  12.6;  982.70;   20.4;   55.50;   27.9;   13.2;   10.1;eor
       3761;20180423;   10;  11.4;   3.1;    3;   8.0;   8;    3.333;   0;   4.9;  13.4;  984.05;   16.9;   70.17;   21.1;   13.0;   10.8;eor
       3761;20180424;   10;  11.9;   3.3;    3;   0.0;   0;    9.200;   0;   2.2;  12.3;  985.19;   15.5;   71.96;   20.6;   11.0;    7.7;eor
       3761;20180425;   10;  16.5;   5.0;    3;   0.4;   6;    7.633;   0;   4.5;  11.4;  981.03;   15.2;   66.88;   20.5;   10.5;    7.1;eor
       3761;20180426;   10;  15.8;   4.9;    3;   0.0;   6;    7.717;   0;   4.1;   8.1;  985.68;   11.1;   62.71;   15.4;    5.1;    2.9;eor
       3761;20180427;   10;  10.4;   2.3;    3;   0.0;   0;   11.917;   0;   2.6;   8.0;  980.20;   13.5;   55.54;   22.2;    3.9;    1.8;eor
       3761;20180428;   10;   5.9;   1.9;    3;   4.9;   6;    6.500;   0;   5.1;  10.1;  980.25;   14.9;   59.83;   19.6;   11.0;    7.7;eor
       3761;20180429;   10;  13.9;   3.1;    3;   0.7;   6;   11.800;   0;   3.3;  12.1;  973.08;   19.3;   58.25;   27.1;   10.6;    9.2;eor
       3761;20180430;   10;  16.5;   5.0;    3;   0.0;   6;    6.817;-999;   5.8;   8.9;  972.92;   14.9;   53.83;   19.9;   10.5;    9.2;eor
       3761;20180501;   10;  10.9;   4.0;    3;   0.0;   0;    5.883;-999;   5.7;   7.2;  980.95;    9.8;   60.58;   13.9;    4.9;    2.6;eor
       3761;20180502;   10;   5.5;   1.7;    3;   0.0;   6;    1.417;-999;   6.7;   8.4;  979.94;   11.0;   65.46;   17.2;    3.8;    1.8;eor
       3761;20180503;   10;   9.3;   2.5;    3;   0.0;   0;    5.233;-999;   6.1;  10.0;  981.99;   14.4;   62.71;   19.4;    9.1;    7.4;eor
       3761;20180504;   10;  11.7;   4.1;    3;   0.0;   0;   10.150;-999;   3.2;  10.2;  985.85;   16.2;   56.17;   22.6;   11.3;   10.7;eor
       3761;20180505;   10;  12.0;   4.5;    3;   0.0;   0;   12.567;-999;   0.8;  10.8;  988.45;   17.2;   55.75;   24.2;    9.8;    8.6;eor
       3761;20180506;   10;  11.5;   3.8;    3;   0.0;   0;   13.717;-999;   0.0;   9.3;  988.83;   17.6;   48.54;   24.4;   10.8;    8.5;eor
       3761;20180507;   10;  10.4;   3.6;    3;   0.0;   0;   13.767;-999;   0.0;   9.3;  984.94;   18.2;   46.79;   25.6;   10.3;    8.2;eor
       3761;20180508;   10;   9.5;   3.4;    3;   0.0;   0;   13.833;-999;   0.0;   9.2;  978.46;   19.4;   43.04;   26.4;   11.8;    8.6;eor
       3761;20180509;   10;   8.3;   2.7;    3;   0.0;   0;   12.033;-999;   2.2;  10.8;  974.83;   19.6;   49.21;   25.6;   12.4;    9.3;eor
       3761;20180510;   10;  11.8;   3.7;    3;   0.5;   6;    3.833;-999;   5.9;  12.6;  979.34;   14.3;   77.58;   18.9;   10.8;    9.5;eor
       3761;20180511;   10;   7.7;   2.0;    3;   0.0;   0;    7.183;-999;   4.4;  11.7;  986.05;   15.1;   70.38;   20.7;    9.1;    6.8;eor
       3761;20180512;   10;   7.3;   2.2;    3;   0.0;   0;   11.050;-999;   2.0;  13.0;  981.47;   19.3;   61.38;   27.0;   10.7;    8.1;eor
       3761;20180513;   10;   9.4;   3.3;    3;  10.8;   6;    1.717;-999;   6.6;  14.6;  977.06;   15.7;   81.92;   19.3;   12.2;   12.3;eor
       3761;20180514;   10;   6.1;   2.2;    3;   5.0;   6;    0.217;-999;   7.3;  15.6;  976.65;   14.1;   96.46;   18.5;   11.8;   11.6;eor
       3761;20180515;   10;  13.4;   2.4;    3;   4.9;   6;    6.950;-999;   5.3;  12.1;  979.83;   15.4;   71.42;   22.0;   10.5;    9.3;eor
       3761;20180516;   10;   8.7;   2.2;    3;   0.8;   6;    1.550;-999;   6.6;  13.2;  981.60;   13.4;   86.46;   18.3;   11.1;   11.0;eor
       3761;20180517;   10;   8.1;   2.5;    3;   0.0;   6;    0.583;-999;   6.2;  13.1;  984.98;   13.7;   83.67;   17.9;   10.0;    7.0;eor
       3761;20180518;   10;   5.3;   1.7;    3;   0.0;   0;   12.250;-999;   1.9;  10.9;  987.28;   13.7;   72.04;   20.2;    7.1;    4.8;eor
       3761;20180519;   10;   6.5;   1.8;    3;   3.4;   6;    9.350;-999;   5.8;  10.9;  987.39;   14.4;   69.04;   20.8;    7.4;    5.9;eor
       3761;20180520;   10;   8.9;   2.4;    3;   3.2;   6;    0.500;-999;   7.5;  13.8;  986.82;   15.4;   79.29;   20.0;   12.1;   11.7;eor
       3761;20180521;   10;   8.4;   3.3;    3;   0.0;   0;   13.150;-999;   2.3;  12.6;  981.67;   19.3;   56.75;   25.6;   13.3;   11.2;eor
       3761;20180522;   10;   9.1;   1.7;    3;   0.1;   6;    6.000;-999;   5.8;  14.5;  980.34;   18.2;   70.83;   24.4;   13.1;   10.7;eor
       3761;20180523;   10;   8.3;   2.0;    3;  14.9;   6;    3.783;-999;   6.3;  15.6;  984.61;   17.5;   79.08;   24.3;   14.7;   13.7;eor
       3761;20180524;   10;   8.6;   1.9;    3;  26.7;   8;    3.183;-999;   5.1;  16.9;  985.55;   17.0;   87.25;   22.6;   13.5;   12.1;eor
       3761;20180525;   10;   7.0;   1.7;    3;   0.0;   0;   12.800;-999;   0.8;  15.8;  985.93;   19.3;   72.88;   26.2;   12.2;   10.5;eor
       3761;20180526;   10;   6.1;   2.3;    3;   0.0;   0;   14.317;-999;   0.3;  16.1;  987.50;   21.4;   66.08;   27.8;   14.2;   12.2;eor
       3761;20180527;   10;   4.8;   1.6;    3;   0.0;   0;    7.583;-999;   2.4;  17.0;  985.76;   22.3;   65.46;   28.5;   15.6;   13.7;eor
       3761;20180528;   10;   8.1;   2.5;    3;   0.0;   0;   12.100;-999;   0.8;  17.7;  983.72;   23.3;   63.88;   29.8;   16.1;   13.5;eor
       3761;20180529;   10;   8.4;   2.8;    3;   0.0;   6;    5.183;-999;   3.8;  17.9;  981.81;   20.1;   76.04;   24.9;   16.0;   13.8;eor
       3761;20180530;   10;   5.8;   1.7;    3;   0.3;   6;   14.067;-999;   1.6;  16.7;  982.55;   22.2;   65.54;   28.9;   13.8;   11.8;eor
       3761;20180531;   10;  16.0;   2.2;    3;   0.6;   6;    9.417;-999;   4.5;  18.4;  981.90;   23.2;   66.38;   28.6;   16.2;   15.1;eor
       3761;20180601;   10;   9.6;   3.7;    3;   0.0;   0;    7.733;-999;   4.7;  16.4;  985.80;   19.8;   72.46;   25.3;   16.2;   15.5;eor
       3761;20180602;   10;   6.8;   2.4;    3;   0.0;   0;    9.250;-999;   3.0;  15.8;  986.62;   19.8;   70.38;   25.1;   15.1;   13.0;eor
       3761;20180603;   10;   4.6;   1.5;    3;   0.0;   0;   12.400;-999;   0.8;  15.1;  984.57;   21.3;   62.50;   28.2;   13.5;   11.8;eor
       3761;20180604;   10;   7.5;   2.4;    3;   0.0;   0;   14.100;-999;   0.5;  15.2;  978.88;   23.3;   56.17;   29.9;   15.1;   13.0;eor
       3761;20180605;   10;   7.1;   2.7;    3;   0.0;   0;   12.900;-999;   2.5;  15.9;  978.26;   23.4;   57.42;   29.7;   17.0;   15.0;eor
       3761;20180606;   10;   5.8;   2.5;    3;   0.0;   6;   10.317;-999;   2.7;  15.7;  979.84;   23.4;   57.08;   30.8;   15.7;   14.6;eor
       3761;20180607;   10;  10.4;   2.3;    3;  36.6;   8;    6.833;-999;   6.0;  18.3;  982.42;   21.2;   73.67;   26.6;   16.1;   15.9;eor
       3761;20180608;   10;   7.1;   1.6;    3;   5.8;   8;    5.900;-999;   6.0;  19.6;  980.46;   20.6;   82.63;   28.2;   16.2;   15.7;eor
       3761;20180609;   10;   8.6;   2.2;    3;   2.1;   6;    6.850;-999;   4.5;  19.4;  979.78;   21.1;   79.25;   28.2;   16.0;   14.9;eor
       3761;20180610;   10;   8.9;   1.7;    3;   0.0;   0;    9.983;-999;   4.0;  19.0;  979.77;   22.0;   74.38;   28.0;   15.7;   14.6;eor
       3761;20180611;   10;  11.9;   1.8;    3;   4.8;   6;    4.017;-999;   5.8;  19.9;  977.60;   21.1;   80.58;   26.8;   17.1;   15.7;eor
       3761;20180612;   10;   7.9;   2.3;    3;   2.9;   6;    0.167;-999;   7.8;  18.6;  977.43;   18.0;   89.42;   21.0;   15.0;   14.8;eor
       3761;20180613;   10;   9.0;   2.9;    3;   0.0;   0;    0.133;-999;   8.0;  12.0;  981.81;   14.9;   70.96;   16.4;   13.4;   13.0;eor
       3761;20180614;   10;   6.3;   1.6;    3;   0.0;   0;    8.183;-999;   4.8;  11.5;  984.52;   16.1;   65.29;   21.4;   12.0;   11.4;eor
       3761;20180615;   10;   4.6;   1.4;    3;   0.0;   0;    7.050;-999;   4.8;  13.1;  984.83;   17.6;   67.46;   24.2;   11.4;   10.7;eor
       3761;20180616;   10;   5.3;   1.6;    3;   0.0;   0;   11.817;-999;   2.2;  13.7;  983.65;   19.9;   61.88;   25.8;   12.3;   10.0;eor
       3761;20180617;   10;   9.3;   3.0;    3;   0.0;   6;    4.483;-999;   6.7;  14.4;  986.11;   19.0;   66.25;   22.6;   15.3;   13.0;eor
       3761;20180618;   10;   9.0;   2.7;    3;   0.0;   0;    9.383;-999;   4.5;  13.2;  990.17;   18.7;   62.42;   23.4;   14.6;   13.4;eor
       3761;20180619;   10;   8.1;   2.4;    3;   0.0;   0;    8.883;-999;   4.5;  15.9;  991.75;   20.0;   68.71;   26.0;   14.5;   13.1;eor
       3761;20180620;   10;   5.5;   1.7;    3;   0.0;   0;   14.833;-999;   0.8;  17.0;  988.48;   23.2;   62.46;   30.1;   15.1;   13.8;eor
       3761;20180621;   10;  12.4;   4.2;    3;   0.0;   6;    9.117;-999;   3.9;  13.8;  985.13;   19.9;   59.08;   25.8;   11.2;    8.6;eor
       3761;20180622;   10;  11.0;   3.9;    3;   0.0;   0;    7.950;-999;   4.3;   9.0;  992.03;   13.1;   60.08;   18.1;    8.6;    6.0;eor
       3761;20180623;   10;   8.0;   2.4;    3;   0.0;   0;    7.400;-999;   3.8;   9.9;  992.40;   13.6;   65.08;   19.2;    7.0;    5.3;eor
       3761;20180624;   10;   7.8;   2.2;    3;   0.0;   6;    6.483;-999;   5.3;  10.8;  989.02;   15.2;   64.25;   20.6;    7.8;    5.8;eor
       3761;20180625;   10;   6.3;   2.0;    3;   0.0;   6;    6.050;-999;   5.5;  11.9;  989.91;   17.2;   62.00;   22.7;   12.9;   12.0;eor
       3761;20180626;   10;   5.1;   1.3;    3;   0.0;   0;    1.033;-999;   6.5;  13.7;  990.60;   17.5;   69.38;   22.4;   12.9;   11.0;eor
       3761;20180627;   10;  10.7;   3.0;    3;   0.0;   0;    9.867;-999;   3.0;  11.8;  989.47;   19.1;   57.42;   25.9;   11.7;    9.9;eor
       3761;20180628;   10;   9.8;   2.4;    3;   1.2;   6;    5.233;-999;   4.5;  14.3;  987.32;   18.3;   69.29;   24.7;   12.1;    9.6;eor
       3761;20180629;   10;   8.3;   1.6;    3;   0.0;   0;    6.667;-999;   4.9;  16.7;  983.58;   21.9;   67.38;   28.6;   16.1;   15.1;eor
       3761;20180630;   10;   9.2;   3.2;    3;   0.0;   0;   14.700;-999;   0.0;  12.9;  982.08;   22.3;   49.67;   29.1;   15.5;   12.6;eor
       3761;20180701;   10;  10.9;   3.9;    3;   0.0;   0;   14.917;-999;   0.0;   8.7;  983.67;   20.0;   39.13;   26.5;   13.1;   11.3;eor
       3761;20180702;   10;   9.5;   3.1;    3;   0.0;   0;   14.900;-999;   0.0;   8.7;  983.01;   20.5;   38.00;   27.9;   12.3;   10.8;eor
       3761;20180703;   10;   7.0;   2.5;    3;   0.0;   0;   14.533;-999;   0.3;  10.0;  983.66;   22.3;   39.33;   30.2;   13.1;   11.7;eor
       3761;20180704;   10;  11.0;   1.6;    3;   0.0;   6;    6.967;-999;   3.8;  15.7;  983.15;   21.6;   61.67;   28.6;   15.8;   13.9;eor
       3761;20180705;   10;  10.5;   3.0;    3;   6.4;   6;    2.983;-999;   5.5;  17.9;  982.48;   18.7;   83.42;   23.6;   14.7;   13.1;eor
       3761;20180706;   10;   9.1;   2.6;    3;   0.0;   6;    5.883;-999;   5.0;  16.8;  985.95;   20.6;   71.88;   27.3;   15.3;   13.7;eor
       3761;20180707;   10;   9.1;   2.0;    3;   0.0;   0;    9.833;-999;   2.4;  13.8;  989.49;   20.2;   61.46;   27.3;   12.6;   10.7;eor
       3761;20180708;   10;   7.8;   2.1;    3;   0.0;   0;   14.133;-999;   1.3;  11.5;  989.01;   21.0;   50.54;   27.8;   14.1;   11.9;eor
       3761;20180709;   10;   9.5;   2.2;    3;   0.0;   0;   12.350;-999;   2.9;  12.0;  987.22;   20.9;   51.00;   27.8;   12.7;   10.7;eor
       3761;20180710;   10;  10.9;   2.5;    3;   2.6;   6;    5.317;-999;   5.7;  12.1;  983.98;   17.3;   62.29;   21.4;   13.4;   11.2;eor
       3761;20180711;   10;   8.5;   2.8;    3;   0.2;   6;    3.450;-999;   7.0;  12.3;  983.87;   16.3;   66.96;   21.0;   13.4;   12.2;eor
       3761;20180712;   10;   6.6;   2.0;    3;   0.0;   0;    8.033;-999;   4.2;  13.6;  985.20;   19.3;   63.21;   25.6;   14.3;   12.8;eor
       3761;20180713;   10;   6.8;   1.7;    3;   0.0;   0;   13.650;-999;   1.3;  13.7;  986.88;   21.3;   57.46;   29.3;   12.8;   10.8;eor
       3761;20180714;   10;  13.8;   2.0;    3;   0.0;   0;   10.967;-999;   1.5;  13.9;  985.77;   23.0;   52.63;   30.0;   14.8;   13.4;eor
       3761;20180715;   10;   9.5;   2.0;    3;   8.7;   6;    7.067;-999;   3.5;  15.7;  983.66;   19.2;   73.13;   28.8;   14.8;   12.7;eor
       3761;20180716;   10;   6.4;   1.7;    3;   0.0;   6;    9.450;-999;   3.8;  15.7;  981.70;   20.8;   68.29;   28.1;   15.4;   14.5;eor
       3761;20180717;   10;  14.7;   2.5;    3;   0.0;   0;   11.033;-999;   1.5;  14.9;  982.84;   21.7;   60.25;   30.0;   14.3;   12.7;eor
       3761;20180718;   10;   9.2;   2.2;    3;   0.0;   0;   12.883;-999;   0.9;  14.2;  985.06;   21.8;   57.38;   28.4;   15.0;   12.7;eor
       3761;20180719;   10;   6.7;   1.9;    3;   0.0;   0;   14.050;-999;   0.5;  12.1;  984.68;   22.4;   48.67;   29.6;   13.7;   11.6;eor
       3761;20180720;   10;   8.4;   2.1;    3;   0.0;   0;    9.950;-999;   3.3;  12.7;  981.04;   23.6;   46.79;   31.3;   14.9;   13.2;eor
       3761;20180721;   10;   6.4;   2.2;    3;   1.1;   6;    0.150;-999;   7.0;  18.1;  980.30;   19.3;   80.42;   21.9;   16.8;   15.4;eor
       3761;20180722;   10;   7.6;   1.6;    3;   0.0;   6;    0.867;-999;   7.7;  18.7;  982.30;   19.9;   81.13;   24.9;   17.6;   17.1;eor
       3761;20180723;   10;   7.2;   1.9;    3;   0.0;   0;    9.233;-999;   3.7;  17.6;  984.95;   22.4;   68.21;   28.8;   17.7;   16.3;eor
       3761;20180724;   10;   6.8;   1.9;    3;   0.0;   0;   12.883;-999;   0.4;  14.9;  982.70;   24.6;   53.29;   32.9;   15.7;   13.7;eor
       3761;20180725;   10;  11.5;   1.8;    3;   0.0;   0;   10.850;-999;   2.3;  15.3;  982.50;   25.6;   51.13;   34.9;   16.7;   15.2;eor
       3761;20180726;   10;   8.7;   2.5;    3;   0.0;   0;   13.283;-999;   0.7;  14.4;  982.70;   26.5;   45.04;   34.0;   19.0;   16.5;eor
       3761;20180727;   10;   9.0;   2.1;    3;   0.0;   0;   11.583;-999;   1.2;  14.9;  980.48;   25.7;   48.04;   32.9;   17.2;   14.8;eor
       3761;20180728;   10;  12.2;   3.1;    3;   0.0;   6;    5.967;-999;   4.4;  17.0;  978.95;   24.3;   57.08;   31.5;   18.4;   16.7;eor
       3761;20180729;   10;   6.9;   1.6;    3;   0.0;   0;   11.317;-999;   3.7;  16.5;  982.91;   24.9;   56.00;   31.8;   17.6;   16.6;eor
       3761;20180730;   10;   6.1;   1.7;    3;   0.0;   0;   13.717;-999;   0.0;  14.5;  983.70;   26.3;   47.79;   34.7;   17.3;   15.0;eor
       3761;20180731;   10;   8.1;   2.2;    3;   0.6;   6;   13.933;-999;   1.3;  15.1;  984.00;   28.5;   42.00;   36.5;   18.3;   16.3;eor
       3761;20180801;   10;  10.6;   2.5;    3;   4.8;   6;    5.083;-999;   6.6;  19.9;  986.94;   24.9;   65.25;   32.0;   18.9;   18.4;eor
       3761;20180802;   10;   6.7;   1.9;    3;   0.0;   0;    8.717;-999;   3.6;  20.2;  989.10;   24.3;   69.42;   32.8;   18.5;   17.9;eor
       3761;20180803;   10;   6.4;   2.1;    3;   0.0;   0;   13.017;-999;   0.7;  18.9;  987.33;   27.8;   54.58;   35.5;   20.0;   18.3;eor
       3761;20180804;   10;   8.7;   1.8;    3;   0.0;   0;   10.250;-999;   1.2;  17.7;  984.92;   27.8;   51.58;   36.4;   19.8;   17.9;eor
       3761;20180805;   10;   7.5;   2.4;    3;   0.0;   0;   12.267;-999;   1.1;  16.0;  986.42;   26.2;   49.42;   32.9;   19.9;   17.9;eor
       3761;20180806;   10;   8.0;   2.6;    3;   0.0;   0;   13.567;-999;   0.4;  14.5;  984.15;   26.7;   43.83;   34.5;   17.5;   16.3;eor
       3761;20180807;   10;   7.4;   1.8;    3;   0.0;   0;    6.083;-999;   3.2;  16.7;  980.61;   26.0;   50.92;   32.0;   20.1;   17.8;eor
       3761;20180808;   10;   8.8;   2.5;    3;   0.0;   6;    6.200;-999;   3.8;  17.2;  981.50;   25.5;   54.29;   32.8;   18.9;   17.2;eor
       3761;20180809;   10;  23.0;   2.8;    3;   6.3;   8;    7.150;-999;   4.5;  18.1;  982.13;   23.7;   65.46;   35.3;   19.1;   17.3;eor
       3761;20180810;   10;  11.1;   3.2;    3;   0.0;   0;    7.550;-999;   4.1;  12.4;  990.91;   19.2;   57.00;   24.0;   14.7;   12.6;eor
       3761;20180811;   10;  11.9;   3.0;    3;   0.0;   0;    8.700;-999;   4.0;  11.3;  990.54;   19.0;   53.92;   25.2;   13.2;   10.6;eor
       3761;20180812;   10;   7.2;   1.8;    3;   0.0;   0;   13.317;-999;   0.0;  10.1;  984.21;   21.0;   45.71;   30.3;   10.5;    8.9;eor
       3761;20180813;   10;   9.4;   2.4;    3;   0.5;   6;    3.300;-999;   4.7;  15.3;  978.78;   19.7;   65.38;   24.1;   14.2;   12.4;eor
       3761;20180814;   10;   9.7;   3.2;    3;   0.3;   6;    4.167;-999;   5.4;  15.3;  983.43;   19.7;   67.46;   24.8;   16.3;   14.1;eor
       3761;20180815;   10;   7.5;   1.9;    3;   0.0;   6;    6.033;-999;   3.2;  14.8;  987.88;   19.8;   66.42;   26.5;   13.9;   11.3;eor
       3761;20180816;   10;   6.8;   1.8;    3;   0.0;   0;   13.183;-999;   0.0;  13.6;  984.23;   23.4;   50.71;   31.7;   14.3;   11.5;eor
       3761;20180817;   10;   8.4;   2.6;    3;   0.0;   0;    9.150;-999;   3.8;  14.7;  983.00;   24.6;   49.29;   33.1;   17.8;   15.1;eor
       3761;20180818;   10;   7.4;   2.4;    3;   0.0;   0;   11.650;-999;   2.3;  15.8;  988.65;   22.7;   58.96;   29.3;   17.6;   17.0;eor
       3761;20180819;   10;   8.2;   2.0;    3;   0.0;   0;   11.767;-999;   0.9;  13.9;  988.50;   22.9;   52.88;   30.3;   15.2;   13.8;eor
       3761;20180820;   10;   8.7;   2.3;    3;   0.0;   0;   12.433;-999;   0.8;  15.4;  987.25;   22.7;   57.54;   30.2;   15.3;   13.1;eor
       3761;20180821;   10;   8.4;   1.8;    3;   0.0;   0;   11.917;-999;   0.8;  14.4;  987.08;   23.8;   52.50;   31.7;   15.4;   13.5;eor
       3761;20180822;   10;   6.9;   2.3;    3;   0.0;   0;   11.717;-999;   1.0;  14.5;  984.56;   25.6;   47.79;   34.0;   17.4;   15.9;eor
       3761;20180823;   10;   8.3;   1.8;    3;   1.2;   6;    3.500;-999;   4.3;  16.4;  981.55;   23.1;   58.71;   29.8;   17.0;   15.4;eor
       3761;20180824;   10;  11.6;   3.4;    3;   0.0;   6;    0.583;-999;   6.1;  15.8;  981.06;   18.2;   75.67;   22.4;   14.8;   12.8;eor
       3761;20180825;   10;  12.7;   2.8;    3;   3.2;   6;    2.100;-999;   5.5;  11.5;  981.80;   13.7;   73.63;   16.9;    9.7;    6.5;eor
       3761;20180826;   10;   6.0;   1.6;    3;   0.0;   0;   10.050;-999;   2.8;   9.2;  985.09;   13.8;   62.71;   21.6;    6.4;    4.8;eor
       3761;20180827;   10;   9.8;   2.9;    3;   1.1;   6;    1.833;-999;   7.1;  11.9;  983.81;   18.1;   57.04;   23.3;   13.2;   11.0;eor
       3761;20180828;   10;   6.1;   1.7;    3;   0.0;   0;   10.817;-999;   2.1;  13.1;  986.77;   19.4;   62.25;   26.0;   14.7;   12.4;eor
       3761;20180829;   10;  10.7;   3.0;    3;   0.6;   6;    9.783;-999;   2.9;  14.3;  981.93;   22.5;   54.33;   31.3;   13.7;   11.0;eor
       3761;20180830;   10;  11.4;   3.6;    3;   0.3;   6;    3.617;-999;   6.8;  14.6;  987.17;   18.3;   70.21;   22.9;   14.2;   13.4;eor
       3761;20180831;   10;   5.6;   1.8;    3;   0.0;   6;    0.000;-999;   7.8;  13.2;  988.30;   15.6;   74.63;   18.4;   13.2;   11.2;eor
       3761;20180901;   10;   9.1;   2.6;    3;   0.0;   6;    6.550;-999;   6.5;  10.5;  990.71;   17.3;   55.54;   23.0;   11.6;    9.3;eor
       3761;20180902;   10;   8.3;   2.7;    3;   1.8;   6;    0.000;-999;   8.0;  13.8;  988.94;   16.0;   76.04;   17.3;   14.8;   13.8;eor
       3761;20180903;   10;   6.1;   1.6;    3;   0.0;   0;    0.400;-999;   6.5;  16.0;  984.55;   16.6;   85.58;   21.7;   13.0;   10.6;eor
       3761;20180904;   10;   5.0;   1.3;    3;   0.0;   0;    3.400;-999;   4.9;  15.9;  984.11;   18.0;   78.92;   24.9;   12.1;   10.5;eor
       3761;20180905;   10;   5.5;   1.6;    3;   0.0;   0;    9.050;-999;   1.1;  15.1;  984.00;   21.0;   64.83;   29.1;   13.2;   11.1;eor
       3761;20180906;   10;   9.6;   2.2;    3;  30.9;   8;    5.950;-999;   4.1;  16.5;  979.99;   19.7;   74.54;   26.8;   15.2;   13.6;eor
       3761;20180907;   10;  11.6;   3.5;    3;   0.1;   6;    3.550;-999;   6.6;  15.6;  983.02;   17.8;   77.88;   22.5;   12.9;   11.4;eor
       3761;20180908;   10;   6.2;   1.8;    3;   0.0;   0;   10.600;-999;   1.9;  11.4;  988.72;   16.2;   64.92;   22.4;   11.4;    9.5;eor
       3761;20180909;   10;   5.7;   1.6;    3;   0.0;   0;   10.750;-999;   2.9;  11.3;  989.63;   17.1;   61.42;   25.5;    9.4;    7.4;eor
       3761;20180910;   10;   8.9;   2.1;    3;   0.0;   0;    9.850;-999;   2.0;  11.8;  990.47;   19.2;   57.46;   28.3;   10.0;    8.2;eor
       3761;20180911;   10;  10.2;   2.3;    3;   0.0;   0;   11.783;-999;   0.0;  12.9;  992.02;   19.7;   58.88;   27.4;   13.3;   11.0;eor
       3761;20180912;   10;  10.5;   2.2;    3;   1.0;   6;   11.500;-999;   1.6;  13.6;  988.53;   21.8;   55.67;   30.9;   12.5;   10.2;eor
       3761;20180913;   10;   6.3;   1.5;    3;   2.3;   6;    1.167;-999;   7.1;  16.7;  986.40;   18.8;   77.79;   24.3;   16.2;   14.9;eor
       3761;20180914;   10;   4.9;   1.3;    3;   0.0;   6;    1.933;-999;   7.5;  17.0;  987.76;   17.7;   84.54;   21.5;   15.6;   14.8;eor
       3761;20180915;   10;   7.7;   2.1;    3;   0.0;   0;   11.217;-999;   2.3;  11.9;  991.58;   16.6;   64.92;   21.5;   10.6;    9.0;eor
       3761;20180916;   10;  11.0;   1.9;    3;   0.0;   0;   11.167;-999;   0.3;  10.8;  990.12;   17.8;   56.67;   26.5;    9.7;    7.4;eor
       3761;20180917;   10;   5.0;   1.3;    3;   0.0;   0;   11.283;-999;   0.1;  12.4;  987.62;   18.9;   60.88;   27.3;   11.0;    7.8;eor
       3761;20180918;   10;   7.6;   1.8;    3;   0.0;   0;   10.367;-999;   2.7;  13.6;  984.73;   21.5;   55.63;   30.3;   12.5;    9.5;eor
       3761;20180919;   10;   6.9;   1.6;    3;   0.0;   0;   10.100;-999;   0.4;  14.4;  987.57;   21.8;   57.79;   29.6;   14.4;   11.9;eor
       3761;20180920;   10;   7.5;   1.9;    3;   0.0;   0;   11.133;-999;   0.0;  14.9;  986.25;   21.3;   61.04;   29.7;   14.5;   12.1;eor
       3761;20180921;   10;  18.8;   3.7;    3;   1.6;   6;    3.333;-999;   4.5;  14.1;  981.54;   18.8;   67.63;   28.4;   12.3;   10.8;eor
       3761;20180922;   10;   9.8;   3.3;    3;   1.7;   6;    4.300;-999;   5.6;   9.8;  989.54;   13.8;   63.50;   19.0;   10.3;    7.9;eor
       3761;20180923;   10;  25.6;   5.3;    3;  18.3;   8;    0.500;-999;   7.7;  14.7;  981.55;   15.2;   84.67;   24.0;    9.1;    8.0;eor
       3761;20180924;   10;   9.2;   3.0;    3;   0.0;   0;    7.650;-999;   3.6;   8.6;  998.91;   10.0;   71.54;   14.8;    5.6;    3.7;eor
       3761;20180925;   10;   8.3;   2.4;    3;   0.0;   0;   10.767;-999;   0.5;   7.3; 1004.60;    9.0;   66.96;   15.4;    3.0;    1.1;eor
       3761;20180926;   10;   5.4;   1.8;    3;   0.0;   0;   10.383;-999;   0.9;   7.5; 1001.50;   10.5;   61.42;   18.9;    1.7;    0.2;eor
       3761;20180927;   10;   3.7;   1.5;    3;   0.0;   0;   10.867;-999;   0.0;   9.7;  995.59;   13.8;   65.50;   24.1;    5.0;    3.4;eor
       3761;20180928;   10;  11.3;   2.4;    3;   0.6;   6;    9.650;-999;   2.5;  10.2;  990.31;   14.1;   66.21;   22.0;    7.3;    5.0;eor
       3761;20180929;   10;  11.5;   3.4;    3;   0.0;   0;   10.617;-999;   0.4;   6.8;  993.00;   11.1;   54.29;   17.7;    4.7;    1.9;eor
       3761;20180930;   10;   5.9;   1.6;    3;   0.0;   0;   10.600;-999;   0.3;   8.2;  984.84;   10.7;   65.33;   18.9;    1.7;   -0.3;eor
       3761;20181001;   10;  11.7;   2.9;    3;   0.0;   6;    2.117;-999;   5.8;   8.7;  984.46;   10.3;   70.29;   14.5;    6.0;    2.6;eor
       3761;20181002;   10;  12.4;   4.0;    3;   0.0;   6;    1.133;-999;   6.6;   7.9;  990.07;    8.5;   71.96;   10.9;    4.0;    0.7;eor
       3761;20181003;   10;  10.4;   3.9;    3;   0.0;   6;    2.350;-999;   6.3;  11.0;  992.54;   12.2;   77.29;   16.9;    6.5;    4.6;eor
       3761;20181004;   10;   6.0;   1.8;    3;   0.0;   0;   10.383;-999;   0.0;   8.7;  994.27;   11.5;   67.58;   19.5;    4.0;    0.8;eor
       3761;20181005;   10;   5.5;   1.7;    3;   0.0;   0;   10.367;-999;   0.1;  10.9;  987.71;   13.9;   69.92;   22.9;    5.2;    2.0;eor
       3761;20181006;   10;   5.7;   1.6;    3;   0.0;   6;    5.500;   0;   5.3;  12.8;  980.32;   16.1;   71.83;   24.1;    9.2;    6.7;eor
       3761;20181007;   10;   8.5;   2.1;    3;   0.0;   0;    9.900;   0;   1.7;  13.2;  982.60;   16.4;   72.67;   23.8;    9.8;    7.0;eor
       3761;20181008;   10;   6.8;   2.5;    3;   0.0;   0;    7.367;   0;   1.1;  12.6;  988.43;   14.0;   80.08;   22.7;    8.3;    7.0;eor
       3761;20181009;   10;   8.0;   2.4;    3;   0.0;   0;    8.417;   0;   0.8;  12.9;  989.43;   14.8;   78.79;   23.4;    8.3;    6.4;eor
       3761;20181010;   10;   9.7;   3.3;    3;   0.0;   0;    7.883;   0;   0.6;  12.6;  985.45;   15.5;   74.04;   22.9;    9.3;    6.8;eor
       3761;20181011;   10;   5.4;   1.8;    3;   0.0;   6;    9.100;   0;   2.2;  13.1;  982.98;   16.5;   71.04;   23.5;   11.1;    6.9;eor
       3761;20181012;   10;   4.7;   1.4;    3;   0.0;   0;    9.683;   0;   0.8;  13.2;  989.98;   18.5;   64.88;   27.1;   10.9;    8.1;eor
       3761;20181013;   10;   8.3;   2.7;    3;   0.0;   0;    9.900;   0;   0.0;  11.8;  988.50;   18.2;   59.33;   26.2;   11.4;    7.7;eor
       3761;20181014;   10;   7.7;   2.2;    3;   0.0;   0;    9.833;   0;   0.0;  10.2;  981.33;   17.6;   54.50;   27.1;    9.8;    7.2;eor
       3761;20181015;   10;   4.7;   1.7;    3;   0.0;   0;    9.717;   0;   1.0;   9.7;  981.98;   15.6;   58.29;   25.3;    8.9;    6.0;eor
       3761;20181016;   10;   4.7;   1.5;    3;   0.0;   0;    9.683;   0;   1.0;   9.7;  986.15;   15.0;   60.00;   24.8;    6.9;    3.9;eor
       3761;20181017;   10;   5.5;   1.7;    3;   0.0;   0;    8.583;   0;   0.3;  10.4;  986.57;   14.7;   65.21;   23.3;    7.9;    4.6;eor
       3761;20181018;   10;   7.4;   2.3;    3;   0.0;   0;    8.867;   0;   0.0;  11.4;  987.75;   14.4;   71.17;   22.2;    8.0;    5.9;eor
       3761;20181019;   10;   6.0;   2.2;    3;   0.0;   0;    6.667;   0;   0.7;  11.5;  990.25;   13.0;   78.21;   19.7;    8.8;    5.6;eor
       3761;20181020;   10;   5.7;   1.5;    3;   0.0;   0;    5.533;   0;   3.0;   9.9;  995.15;   11.8;   73.75;   18.6;    5.9;    2.6;eor
       3761;20181021;   10;   7.8;   2.2;    3;   0.0;   0;    7.800;   0;   1.5;   7.7;  995.14;    9.6;   67.25;   16.9;    4.1;    1.2;eor
       3761;20181022;   10;  10.4;   2.2;    3;   0.0;   6;    6.333;   0;   3.5;   7.9;  995.93;    9.3;   68.88;   16.3;    1.5;   -1.4;eor
       3761;20181023;   10;  14.2;   4.4;    3;   0.0;   6;    0.000;   0;   6.0;   8.3;  993.83;    9.3;   72.96;   12.8;    3.7;    0.4;eor
       3761;20181024;   10;  15.5;   5.9;    3;   3.6;   6;    0.000;   0;   8.0;  11.5;  990.42;   11.3;   85.42;   12.1;   10.6;   10.4;eor
       3761;20181025;   10;  10.1;   3.7;    3;   0.1;   6;    0.100;   0;   7.8;  12.2;  987.07;   12.0;   86.29;   13.9;   10.7;    9.7;eor
       3761;20181026;   10;  10.8;   3.3;    3;   1.9;   6;    0.767;   0;   7.5;   9.5;  978.45;   10.6;   74.63;   12.7;    8.5;    7.1;eor
       3761;20181027;   10;  12.4;   2.3;    3;   3.1;   6;    0.000;   0;   6.9;   8.3;  976.03;    7.3;   81.33;    8.8;    6.0;    5.3;eor
       3761;20181028;   10;  12.4;   4.5;    3;   6.2;   6;    0.000;   0;   7.8;   7.4;  975.38;    4.4;   88.63;    6.0;    2.9;    2.8;eor
       3761;20181029;   10;   8.9;   3.6;    3;   0.7;   6;    0.000;   0;   7.6;   8.1;  965.62;    5.4;   90.17;    7.4;    3.6;    3.5;eor
       3761;20181030;   10;  14.5;   4.0;    3;   0.3;   6;    0.000;   0;   5.2;   7.7;  965.89;    6.6;   78.46;    8.0;    4.3;    0.4;eor
       3761;20181031;   10;  10.8;   3.5;    3;   0.0;   0;    1.800;   0;   4.0;   7.2;  982.16;    8.6;   65.46;   13.9;    2.4;   -0.6;eor
       3761;20181101;   10;   8.8;   2.5;    3;   0.5;   6;    4.750;   0;   4.0;   8.8;  980.53;    7.9;   82.46;   11.8;    4.8;    1.9;eor
       3761;20181102;   10;   5.2;   1.2;    3;   0.0;   0;    3.083;   0;   5.9;   9.5;  989.92;    9.0;   82.88;   13.6;    3.9;    1.4;eor
       3761;20181103;   10;   6.3;   1.8;    3;   0.0;   0;    0.183;   0;   7.8;   9.7;  993.13;    9.3;   82.71;   12.2;    6.7;    5.4;eor
       3761;20181104;   10;   7.4;   2.6;    3;   0.0;   0;    0.000;   0;   8.0;  11.0;  984.12;   10.8;   84.79;   11.4;   10.2;    9.5;eor
       3761;20181105;   10;   5.7;   1.9;    3;   0.0;   0;    5.800;   0;   3.3;  11.4;  977.07;   11.1;   86.75;   16.5;    6.5;    3.2;eor
       3761;20181106;   10;  12.6;   2.9;    3;   0.0;   0;    2.917;   0;   1.8;  10.3;  976.41;   10.2;   84.21;   16.4;    5.4;    2.4;eor
       3761;20181107;   10;   6.4;   1.7;    3;   0.1;   6;    8.167;   0;   2.6;   9.5;  980.35;   10.0;   79.46;   17.5;    5.1;    1.9;eor
       3761;20181108;   10;   5.6;   1.5;    3;   0.0;   6;    0.000;   0;   8.0;  10.7;  987.92;   10.1;   86.33;   12.2;    7.8;    6.8;eor
       3761;20181109;   10;   6.0;   2.0;    3;   0.0;   6;    4.067;   0;   2.9;  10.2;  983.46;    8.8;   90.38;   13.3;    5.3;    2.3;eor
       3761;20181110;   10;   5.4;   2.0;    3;   1.8;   6;    0.883;   0;   6.4;  10.2;  978.01;    9.5;   86.00;   15.7;    4.9;    1.4;eor
       3761;20181111;   10;   8.3;   2.5;    3;   2.9;   6;    5.650;   0;   4.3;  11.5;  980.72;   12.3;   80.96;   16.7;    8.2;    7.5;eor
       3761;20181112;   10;   6.8;   1.8;    3;   0.7;   6;    2.033;   0;   6.6;  11.1;  985.20;   13.9;   69.83;   17.7;   10.2;    6.9;eor
       3761;20181113;   10;  11.5;   2.7;    3;   2.5;   6;    0.850;   0;   5.0;  11.2;  994.11;   10.2;   89.92;   12.2;    4.9;    1.9;eor
       3761;20181114;   10;   7.6;   2.4;    3;   0.0;   0;    8.067;   0;   1.3;   8.3;  996.86;    6.3;   87.92;   13.3;    1.4;   -0.3;eor
       3761;20181115;   10;   6.6;   2.4;    3;   0.0;   6;    0.000;   0;   7.7;   8.1;  994.79;    5.4;   90.21;    6.0;    3.4;    1.4;eor
       3761;20181116;   10;   8.4;   3.6;    3;   0.0;   0;    7.850;   0;   0.9;   6.9;  995.43;    5.2;   78.13;   10.1;    1.4;   -0.6;eor
       3761;20181117;   10;  12.6;   3.8;    3;   0.0;   0;    7.867;   0;   0.0;   5.7;  994.92;    4.2;   71.42;   10.2;    0.5;   -2.4;eor
       3761;20181118;   10;   9.5;   3.7;    3;   0.0;   0;    7.850;   0;   1.7;   4.4;  990.91;    2.9;   59.67;    7.3;   -0.7;   -4.3;eor
       3761;20181119;   10;  11.9;   4.6;    3;   0.0;   0;    0.167;   0;   7.2;   4.9;  980.69;    1.4;   71.63;    3.4;   -1.8;   -3.7;eor
       3761;20181120;   10;  11.5;   4.4;    3;   0.0;   0;    0.517;   0;   5.5;   5.5;  975.08;    1.9;   78.63;    4.3;   -0.5;   -2.8;eor
       3761;20181121;   10;   9.9;   3.5;    3;   0.0;   0;    0.000;   0;   6.0;   5.6;  982.44;    1.0;   85.25;    2.0;   -1.0;   -3.0;eor
       3761;20181122;   10;   5.1;   1.9;    3;   0.0;   0;    4.883;   0;   3.7;   5.8;  986.95;    2.4;   80.88;    6.8;   -0.6;   -2.7;eor
       3761;20181123;   10;   8.9;   3.7;    3;   1.0;   6;    5.833;   0;   2.9;   6.1;  985.37;    1.8;   87.29;    5.3;   -1.5;   -3.7;eor
       3761;20181124;   10;   5.4;   1.7;    3;   0.0;   6;    0.950;   0;   7.5;   8.1;  980.41;    6.0;   86.71;   10.0;    3.0;    2.0;eor
       3761;20181125;   10;   7.6;   2.7;    3;   0.0;   6;    7.083;   0;   3.8;   7.4;  976.70;    5.3;   82.71;    9.9;    1.1;   -1.8;eor
       3761;20181126;   10;   6.7;   2.6;    3;   4.2;   6;    0.000;   0;   7.8;   7.4;  976.00;    4.3;   88.79;    4.9;    3.2;    2.6;eor
       3761;20181127;   10;   3.2;   1.4;    3;   0.0;   6;    0.000;   0;   8.0;   6.6;  985.94;    3.1;   87.04;    4.2;    2.2;    1.1;eor
       3761;20181128;   10;   7.0;   2.5;    3;   0.1;   6;    2.267;   0;   6.3;   6.0;  991.06;    2.6;   81.92;    6.1;   -0.2;   -2.9;eor
       3761;20181129;   10;   7.7;   2.5;    3;   0.0;   0;    1.883;   0;   6.5;   6.2;  986.60;    3.7;   77.42;    6.6;    1.2;   -0.4;eor
       3761;20181130;   10;   3.6;   1.4;    3;   5.7;   6;    0.000;   0;   7.1;   7.5;  982.82;    4.4;   88.42;    6.6;    0.9;   -0.7;eor
       3761;20181201;   10;   6.2;   2.2;    3;   1.4;   6;    2.017;   0;   7.3;   8.7;  983.87;    7.6;   83.21;   10.7;    5.9;    4.0;eor
       3761;20181202;   10;  10.1;   3.7;    3;  19.8;   6;    0.000;   0;   7.6;  10.4;  974.91;   10.2;   82.58;   12.4;    7.9;    6.5;eor
       3761;20181203;   10;  12.7;   4.0;    3;  41.8;   6;    0.017;   0;   7.7;  12.5;  973.91;   11.4;   92.25;   12.7;    9.9;    9.3;eor
       3761;20181204;   10;  15.5;   4.1;    3;   0.6;   6;    0.283;   0;   6.2;   9.0;  986.42;    7.1;   87.92;   10.6;    1.1;   -0.3;eor
       3761;20181205;   10;   5.9;   2.2;    3;   0.7;   6;    1.500;   0;   7.5;   7.5;  991.32;    5.1;   85.29;    8.8;    1.4;   -0.7;eor
       3761;20181206;   10;   8.4;   2.3;    3;   1.1;   6;    0.000;   0;   7.8;  10.2;  987.05;    8.7;   90.21;   11.6;    5.8;    4.9;eor
       3761;20181207;   10;  17.0;   4.4;    3;   3.3;   6;    0.000;   0;   7.9;  10.4;  980.25;   10.9;   79.83;   12.5;    7.5;    6.3;eor
       3761;20181208;   10;  16.4;   7.0;    3;   9.2;   6;    0.000;   0;   7.5;   7.7;  977.83;    7.1;   75.63;    9.1;    5.2;    4.2;eor
       3761;20181209;   10;  21.5;   7.9;    3;   4.8;   6;    0.000;   0;   7.7;   8.5;  972.64;    7.5;   82.04;    9.9;    5.9;    4.6;eor
       3761;20181210;   10;  13.7;   5.2;    3;   1.5;   6;    0.317;   0;   6.9;   6.9;  987.37;    4.3;   83.67;    5.9;    1.9;    0.2;eor
       3761;20181211;   10;   9.7;   4.3;    3;   0.4;   8;    0.200;   0;   7.5;   6.2;  990.02;    2.5;   85.04;    4.3;    1.3;    0.2;eor
       3761;20181212;   10;   6.6;   2.1;    3;   0.0;   8;    0.050;   1;   6.8;   5.9;  989.84;    1.6;   86.29;    3.5;   -0.1;   -1.8;eor
       3761;20181213;   10;   9.5;   4.2;    3;   0.0;   0;    1.533;   1;   5.1;   4.6;  985.01;   -0.1;   75.29;    1.1;   -1.7;   -3.2;eor
       3761;20181214;   10;   8.9;   3.5;    3;   0.0;   0;    0.000;   1;   8.0;   4.1;  987.47;   -0.1;   67.33;    0.1;   -0.5;   -1.2;eor
       3761;20181215;   10;   8.9;   2.6;    3;   0.0;   7;    0.000;   1;   7.0;   4.0;  990.56;   -0.6;   68.42;    0.2;   -3.2;   -5.3;eor
       3761;20181216;   10;   6.1;   1.7;    3;   3.9;   8;    0.000;   1;   7.8;   5.2;  981.72;   -0.5;   87.38;    1.9;   -2.5;   -3.3;eor
       3761;20181217;   10;   4.7;   1.4;    3;   4.1;   6;    1.317;   1;   7.5;   7.1;  989.22;    3.0;   94.00;    5.1;    1.4;    0.0;eor
       3761;20181218;   10;   7.0;   2.2;    3;   0.0;   0;    6.050;   1;   2.5;   6.7;  991.39;    3.7;   83.83;    7.6;    0.6;   -1.8;eor
       3761;20181219;   10;   3.7;   1.5;    3;   2.0;   6;    0.000;   0;   7.2;   7.1;  983.76;    3.5;   89.92;    6.2;    0.2;   -2.1;eor
       3761;20181220;   10;   9.4;   2.8;    3;   2.4;   6;    0.067;   0;   7.5;   7.8;  984.31;    6.3;   82.04;    7.8;    4.5;    1.4;eor
       3761;20181221;   10;  18.2;   5.9;    3;  11.4;   6;    0.000;   0;   7.6;   9.1;  980.06;    9.2;   77.38;   12.4;    7.0;    5.5;eor
       3761;20181222;   10;  19.6;   6.5;    3;  12.3;   6;    0.050;   0;   7.5;  10.4;  983.81;    9.5;   87.67;   11.2;    7.6;    6.3;eor
       3761;20181223;   10;  18.1;   4.5;    3;  18.0;   6;    0.000;   0;   7.8;  10.2;  987.41;    8.6;   90.88;   11.9;    7.4;    6.1;eor
       3761;20181224;   10;  20.0;   3.7;    3;   1.6;   8;    0.017;   0;   7.0;   7.7;  993.05;    5.3;   85.86;   11.7;   -0.2;   -2.2;eor
       3761;20181225;   10;   5.5;   1.2;    3;   0.0;   0;    0.267;-999;   4.9;   5.4; 1002.37;   -0.8;   93.38;    1.0;   -2.8;   -4.4;eor
       3761;20181226;   10;   3.6;   1.2;    3;   0.0;   0;    0.000;-999;   6.7;   5.1;  999.87;   -1.7;   94.21;   -0.6;   -2.7;   -3.0;eor
       3761;20181227;   10;   4.2;   1.0;    3;   0.0;   0;    1.517;-999;   6.5;   5.2;  994.84;   -0.9;   90.79;    2.7;   -3.3;   -4.4;eor
       3761;20181228;   10;   7.3;   2.2;    3;   0.0;   0;    0.000;   0;   8.0;   5.3;  996.29;   -1.1;   94.63;   -0.1;   -2.0;   -1.8;eor
       3761;20181229;   10;  14.7;   3.1;    3;   0.4;   8;    0.000;   0;   7.9;   6.0;  999.40;    0.7;   92.13;    2.6;   -0.8;   -0.8;eor
       3761;20181230;   10;  13.9;   5.0;    3;   1.4;   6;    0.000;   0;   8.0;   7.4;  999.03;    4.2;   89.33;    5.4;    2.2;    1.9;eor
       3761;20181231;   10;   7.2;   2.9;    3;   0.8;   6;    0.000;   0;   7.8;   8.6; 1000.24;    5.1;   97.75;    5.9;    4.2;    3.9;eor
       3761;20190101;   10;  14.2;   5.1;    3;   2.3;   8;    0.000;   0;   7.6;   8.4;  995.86;    5.5;   92.42;    6.1;    3.4;    2.3;eor
       3761;20190102;   10;  15.7;   4.6;    3;   0.1;   8;    0.867;   0;   5.3;   5.1;  998.25;    1.9;   72.46;    4.3;   -1.5;   -4.6;eor
       3761;20190103;   10;   5.6;   2.0;    3;   0.6;   8;    0.167;   0;   5.5;   4.8; 1003.25;   -1.5;   86.13;    0.3;   -4.7;   -7.5;eor
       3761;20190104;   10;   9.6;   3.3;    3;   3.7;   8;    0.000;   0;   7.8;   5.8; 1001.77;    0.5;   91.67;    1.4;   -0.5;   -1.0;eor
       3761;20190105;   10;  11.2;   5.6;    3;  10.8;   8;    0.000;   1;   7.8;   6.7;  995.42;    1.7;   96.63;    3.9;    0.1;    0.0;eor
       3761;20190106;   10;   9.4;   4.3;    3;   2.5;   6;    0.000;   0;   7.8;   7.9;  996.95;    4.1;   96.00;    4.6;    3.6;    2.6;eor
       3761;20190107;   10;   8.1;   3.3;    3;   3.3;   8;    0.000;   0;   7.8;   7.1;  998.37;    3.1;   92.96;    3.7;    1.5;    0.9;eor
       3761;20190108;   10;  19.2;   6.9;    3;  10.6;   8;    0.417;   0;   7.8;   7.2;  983.65;    3.9;   88.67;    5.9;    1.5;    0.6;eor
       3761;20190109;   10;  13.4;   4.6;    3;   1.1;   4;    0.000;   0;   7.1;   5.8;  981.08;    1.3;   86.17;    3.1;   -0.3;   -1.2;eor
       3761;20190110;   10;   6.6;   2.1;    3;   0.0;   4;    0.000;   0;   7.8;   5.2;  989.51;    0.5;   81.42;    1.8;   -2.3;   -4.0;eor
       3761;20190111;   10;   9.5;   3.2;    3;   5.5;   4;    0.000;   1;   7.7;   5.0;  991.59;   -1.2;   89.38;    0.2;   -2.2;   -3.3;eor
       3761;20190112;   10;  13.6;   5.1;    3;   7.2;   4;    0.000;   2;   7.7;   6.6;  987.68;    1.9;   94.25;    3.7;    0.2;   -0.1;eor
       3761;20190113;   10;  19.4;   7.0;    3;  16.9;   4;    0.000;   0;   7.8;   8.8;  975.42;    6.1;   93.38;    7.9;    3.6;    3.0;eor
       3761;20190114;   10;  13.2;   4.8;    3;   5.6;   4;    0.567;   0;   7.6;   6.8;  978.70;    3.8;   84.29;    5.8;    1.4;    0.2;eor
       3761;20190115;   10;  11.6;   4.5;    3;   0.0;   4;    0.000;   0;   7.8;   6.3;  987.94;    3.3;   80.67;    5.0;    0.5;   -0.1;eor
       3761;20190116;   10;   9.0;   2.7;    3;   0.0;   6;    4.167;   0;   6.6;   5.8;  980.82;    4.2;   70.46;    6.1;    2.3;   -1.4;eor
       3761;20190117;   10;  17.2;   5.6;    3;   4.5;   8;    0.050;   0;   7.7;   6.9;  974.97;    5.1;   77.67;    7.1;    1.2;   -0.9;eor
       3761;20190118;   10;  10.1;   2.7;    3;   0.5;   7;    1.983;   0;   5.4;   5.1;  985.51;    0.5;   80.58;    2.6;   -2.3;   -5.0;eor
       3761;20190119;   10;   6.9;   2.4;    3;   0.0;   0;    7.483;   0;   2.5;   4.0;  983.47;   -2.3;   78.83;    1.7;   -5.9;   -8.1;eor
       3761;20190120;   10;   7.4;   2.6;    3;   0.0;   0;    3.083;   0;   3.9;   3.8;  982.82;   -4.3;   84.96;   -1.9;   -7.0;   -9.4;eor
       3761;20190121;   10;   7.3;   2.3;    3;   0.0;   0;    2.950;   0;   2.8;   3.7;  987.48;   -4.8;   87.04;   -1.9;   -6.6;   -8.6;eor
       3761;20190122;   10;   7.2;   1.9;    3;   0.0;   0;    3.117;   0;   6.3;   3.8;  977.98;   -3.8;   81.79;   -1.1;   -7.6;   -9.6;eor
       3761;20190123;   10;   6.4;   2.8;    3;   0.6;   8;    0.000;   0;   7.9;   3.8;  967.02;   -3.0;   78.00;   -2.1;   -4.5;   -5.2;eor
       3761;20190124;   10;   4.7;   1.7;    3;   0.3;   7;    0.000;   2;   7.7;   3.8;  976.18;   -4.0;   84.54;   -2.8;   -5.0;   -5.8;eor
       3761;20190125;   10;   7.8;   2.3;    3;   0.7;   8;    0.000;   3;   7.9;   4.1;  983.04;   -2.8;   82.00;    0.1;   -6.2;  -10.4;eor
       3761;20190126;   10;   9.6;   3.9;    3;   0.9;   6;    0.000;   3;   7.7;   6.5;  977.68;    2.2;   89.63;    5.0;   -1.2;   -1.4;eor
       3761;20190127;   10;  13.1;   4.4;    3;   2.6;   8;    0.483;   1;   7.5;   7.0;  961.20;    5.8;   76.50;    8.7;    1.2;    0.6;eor
       3761;20190128;   10;  14.1;   6.0;    3;   2.4;   8;    0.000;   0;   7.9;   6.0;  965.63;    1.5;   88.42;    2.3;    0.4;   -0.9;eor
       3761;20190129;   10;   8.7;   3.0;    3;   0.0;   8;    0.083;   0;   5.5;   5.4;  973.00;    0.6;   84.63;    2.2;   -1.6;   -3.3;eor
       3761;20190130;   10;  16.2;   4.1;    3;   0.4;   8;    0.817;   0;   6.4;   4.6;  963.53;    1.1;   69.46;    4.3;   -1.8;   -4.2;eor
       3761;20190131;   10;   7.6;   2.2;    3;   0.9;   8;    2.050;   0;   4.2;   4.5;  964.98;    0.1;   73.75;    3.8;   -2.8;   -5.6;eor
       3761;20190201;   10;   7.3;   2.3;    3;   3.1;   6;    0.000;   0;   7.7;   6.3;  959.00;    2.4;   86.92;    4.1;    0.5;   -0.5;eor
       3761;20190202;   10;   4.5;   1.4;    3;   0.0;   6;    0.250;   0;   7.3;   6.8;  964.54;    2.5;   93.13;    5.7;    0.7;   -1.0;eor
       3761;20190203;   10;   9.8;   3.4;    3;   0.1;   8;    0.000;   0;   7.9;   5.6;  982.57;    2.0;   79.54;    2.9;    1.0;   -0.5;eor
       3761;20190204;   10;   6.1;   2.0;    3;   0.0;   0;    8.100;   0;   2.0;   4.7;  995.67;    0.9;   73.25;    5.6;   -3.0;   -5.3;eor
       3761;20190205;   10;   4.3;   1.4;    3;   0.0;   0;    8.283;   0;   1.4;   4.8;  995.55;    0.6;   75.79;    6.1;   -3.7;   -6.2;eor
       3761;20190206;   10;   5.2;   2.4;    3;   0.0;   0;    7.733;   0;   0.3;   4.7;  992.84;    0.0;   77.25;    6.7;   -4.0;   -5.8;eor
       3761;20190207;   10;   5.1;   1.5;    3;   1.3;   6;    0.000;   0;   5.9;   5.5;  983.90;    0.2;   86.58;    3.6;   -3.4;   -4.8;eor
       3761;20190208;   10;   8.2;   2.8;    3;   1.3;   6;    4.650;   0;   5.6;   6.4;  984.25;    6.3;   67.83;   10.4;    3.2;   -0.2;eor
       3761;20190209;   10;  15.6;   5.1;    3;   0.2;   6;    0.517;   0;   6.0;   6.9;  979.73;    7.9;   64.13;   10.2;    5.2;    0.2;eor
       3761;20190210;   10;  22.3;   6.0;    3;   7.2;   6;    0.217;   0;   7.4;   7.2;  970.95;    8.3;   66.42;   13.5;    4.5;    3.4;eor
       3761;20190211;   10;  16.7;   6.1;    3;   0.5;   8;    0.133;   0;   7.5;   6.5;  984.89;    3.8;   81.00;    5.8;    1.8;   -0.2;eor
       3761;20190212;   10;   8.3;   3.0;    3;   0.0;   8;    0.417;   0;   6.3;   5.7; 1000.81;    2.6;   77.96;    5.2;    0.2;   -2.5;eor
       3761;20190213;   10;   3.3;   1.4;    3;   0.0;   0;    7.467;   0;   1.0;   5.3; 1003.72;    2.8;   73.50;   10.0;   -2.1;   -4.3;eor
       3761;20190214;   10;   6.0;   1.8;    3;   0.0;   0;    6.250;   0;   2.4;   5.5; 1003.11;    3.9;   70.54;   11.7;   -1.8;   -4.5;eor
       3761;20190215;   10;   6.5;   2.9;    3;   0.0;   0;    9.117;   0;   0.0;   5.8;  999.86;    6.9;   60.33;   16.4;    1.0;   -2.8;eor
       3761;20190216;   10;   3.8;   1.5;    3;   0.0;   0;    9.000;   0;   0.0;   5.8;  995.58;    6.0;   64.63;   16.0;   -0.7;   -3.8;eor
       3761;20190217;   10;   4.1;   1.7;    3;   0.0;   0;    9.200;   0;   0.0;   6.2;  991.92;    6.5;   67.67;   17.0;   -0.5;   -3.7;eor
       3761;20190218;   10;   4.3;   1.4;    3;   0.0;   0;    9.250;   0;   0.0;   6.0;  987.92;    6.4;   65.75;   16.4;   -0.7;   -3.4;eor
       3761;20190219;   10;   8.8;   1.9;    3;   0.0;   6;    0.817;   0;   3.1;   6.6;  988.08;    4.5;   78.04;    9.1;    0.5;   -2.7;eor
       3761;20190220;   10;   6.2;   1.5;    3;   0.0;   0;    7.533;   0;   3.7;   6.7;  991.89;    4.5;   80.25;   11.1;   -0.7;   -4.3;eor
       3761;20190221;   10;   4.1;   1.4;    3;   0.0;   6;    1.533;   0;   5.7;   7.5;  995.40;    6.0;   80.17;   11.5;    0.6;   -2.5;eor
       3761;20190222;   10;   8.9;   2.4;    3;   0.0;   6;    0.867;   0;   6.5;   8.4; 1000.95;    9.0;   74.29;   12.6;    3.5;    1.3;eor
       3761;20190223;   10;  10.4;   4.2;    3;   0.0;   0;    7.483;   0;   1.5;   4.3; 1005.30;    3.9;   56.08;    9.8;    0.1;   -2.1;eor
       3761;20190224;   10;   9.2;   3.7;    3;   0.0;   0;    9.650;   0;   0.0;   3.1; 1004.50;    5.2;   37.33;   13.9;   -1.5;   -3.6;eor
       3761;20190225;   10;   7.7;   3.3;    3;   0.0;   0;    9.667;   0;   0.1;   5.0; 1004.04;    8.0;   46.17;   17.1;    0.9;   -2.6;eor
       3761;20190226;   10;   4.0;   1.7;    3;   0.0;   0;    9.717;   0;   0.0;   6.5; 1000.78;    8.7;   61.46;   18.9;    0.9;   -2.2;eor
       3761;20190227;   10;   3.4;   1.5;    3;   0.0;   0;    9.817;   0;   0.0;   5.9;  994.18;    8.7;   57.88;   19.2;    0.4;   -2.9;eor
       3761;20190228;   10;  16.1;   4.9;    3;   1.0;   6;    8.950;   0;   2.6;   7.2;  985.66;    9.7;   60.50;   18.0;    1.1;   -3.0;eor
       3761;20190301;   10;  12.8;   4.1;    3;   1.5;   6;    0.000;   0;   7.6;   9.2;  982.78;    8.2;   84.33;   10.0;    6.8;    6.1;eor
       3761;20190302;   10;  10.1;   3.1;    3;   0.3;   6;    0.233;   0;   7.7;   8.5;  984.99;    7.5;   81.92;   10.0;    5.4;    4.8;eor
       3761;20190303;   10;  11.3;   4.4;    3;   0.0;   6;    0.000;   0;   7.8;   8.2;  980.77;   10.3;   65.25;   12.0;    8.4;    6.5;eor
       3761;20190304;   10;  27.5;   6.0;    3;   3.6;   6;    0.967;   0;   6.7;   7.1;  970.14;    9.3;   61.96;   13.6;    4.4;    3.8;eor
       3761;20190305;   10;  16.3;   5.1;    3;   2.4;   6;    0.417;   0;   7.5;   7.2;  978.05;    6.1;   77.08;    8.1;    4.6;    3.5;eor
       3761;20190306;   10;  10.9;   2.9;    3;   0.0;   6;    7.517;   0;   4.0;   7.4;  974.50;   10.1;   62.13;   16.5;    3.3;   -0.1;eor
       3761;20190307;   10;  23.1;   5.3;    3;   1.5;   6;    2.300;   0;   5.5;   7.5;  970.15;   10.6;   58.58;   13.4;    7.0;    5.4;eor
       3761;20190308;   10;  18.2;   5.5;    3;   2.8;   6;    2.483;   0;   7.4;   7.2;  982.17;    7.6;   68.42;    9.6;    5.2;    1.8;eor
       3761;20190309;   10;  21.5;   6.9;    3;   3.7;   6;    0.017;   0;   7.3;   8.2;  983.74;    9.1;   70.21;   11.3;    4.8;    1.0;eor
       3761;20190310;   10;  28.1;   8.6;    3;   8.0;   8;    1.167;   0;   6.3;   8.6;  978.79;   10.2;   68.54;   13.9;    4.4;    3.0;eor
       3761;20190311;   10;  18.8;   7.0;    3;   0.3;   8;    4.383;   0;   5.8;   5.4;  986.92;    4.8;   63.13;    6.7;    1.1;    0.0;eor
       3761;20190312;   10;  11.1;   4.0;    3;   0.0;   6;    7.600;   0;   5.3;   4.6;  986.32;    6.8;   48.88;   10.8;    1.3;   -1.6;eor
       3761;20190313;   10;  21.4;   7.5;    3;   6.1;   6;    1.667;   0;   7.1;   6.4;  978.22;    6.4;   67.21;   10.3;    3.8;    3.1;eor
       3761;20190314;   10;  15.9;   5.9;    3;  13.3;   6;    0.000;   0;   7.3;   7.6;  975.88;    5.3;   85.67;    6.6;    4.0;    3.6;eor
       3761;20190315;   10;  20.7;   7.4;    3;  13.7;   6;    0.000;   0;   7.5;  10.0;  977.03;    8.6;   88.67;   11.1;    6.2;    4.8;eor
       3761;20190316;   10;  20.4;   7.2;    3;   0.0;   6;    1.267;   0;   5.7;   9.6;  979.41;   10.0;   78.79;   13.1;    5.7;    1.4;eor
       3761;20190317;   10;  16.2;   4.5;    3;   2.6;   6;    4.900;   0;   4.2;   7.3;  975.08;    7.5;   71.42;   15.3;    3.2;    0.3;eor
       3761;20190318;   10;  12.5;   3.6;    3;   1.0;   8;    3.033;   0;   5.2;   6.3;  986.30;    3.9;   78.50;    8.3;    1.5;   -1.1;eor
       3761;20190319;   10;   5.5;   1.4;    3;   0.0;   0;    8.050;   0;   3.7;   5.7;  994.68;    4.4;   70.63;   10.5;   -0.1;   -2.7;eor
       3761;20190320;   10;   5.5;   1.6;    3;   0.0;   0;   11.067;   0;   0.0;   5.2; 1000.73;    5.0;   63.38;   12.2;   -1.8;   -4.2;eor
       3761;20190321;   10;   9.3;   2.7;    3;   0.0;   0;   11.067;   0;   0.0;   5.5; 1000.08;    7.9;   55.67;   16.3;   -0.5;   -3.1;eor
       3761;20190322;   10;   8.5;   2.5;    3;   0.0;   0;    9.950;   0;   0.3;   6.5;  996.60;    9.9;   56.29;   19.3;    1.4;   -1.6;eor
       3761;20190323;   10;   5.6;   1.7;    3;   0.0;   0;   11.017;   0;   0.0;   7.2;  994.42;   10.1;   61.83;   18.4;    1.5;   -2.0;eor
       3761;20190324;   10;   7.3;   2.1;    3;   0.0;   0;    7.033;   0;   2.9;   8.2;  991.24;    8.9;   72.83;   15.7;    2.3;    0.0;eor
       3761;20190325;   10;  16.5;   4.2;    3;   0.6;   8;    4.217;   0;   4.9;   6.4;  989.30;    5.5;   71.08;    9.6;    2.4;   -2.0;eor
       3761;20190326;   10;   9.8;   2.3;    3;   0.0;   0;    2.567;   0;   7.0;   6.1;  996.45;    5.1;   70.46;    9.6;    1.1;   -1.8;eor
       3761;20190327;   10;   6.4;   1.7;    3;   0.0;   0;    3.467;   0;   6.1;   6.3;  998.85;    7.6;   61.38;   12.0;    2.2;   -0.4;eor
       3761;20190328;   10;   7.4;   2.4;    3;   0.0;   6;    5.600;   0;   4.9;   7.4; 1000.15;    8.2;   68.63;   15.1;    1.2;   -1.8;eor
       3761;20190329;   10;   8.9;   2.9;    3;   0.0;   4;   10.650;   0;   1.5;   8.0;  996.81;   10.9;   64.04;   17.5;    5.0;    0.9;eor
       3761;20190330;   10;   5.8;   1.8;    3;   0.0;   0;   11.550;   0;   0.0;   7.0;  990.73;   11.2;   57.46;   19.7;    2.9;   -0.3;eor
       3761;20190331;   10;   8.3;   2.7;    3;   0.0;   0;   10.967;   0;   0.1;   7.2;  987.69;   11.9;   55.33;   20.3;    3.5;    0.0;eor
       3761;20190401;   10;   9.3;   4.0;    3;   0.0;   0;   10.300;   0;   0.3;   8.0;  986.04;   11.1;   62.63;   18.0;    4.4;    2.5;eor
       3761;20190402;   10;  14.9;   2.5;    3;   1.9;   6;    8.867;   0;   3.3;   7.7;  977.27;   14.0;   50.71;   21.6;    6.1;    2.6;eor
       3761;20190403;   10;  14.9;   2.8;    3;   3.2;   6;    1.583;   0;   6.7;   9.3;  970.95;    9.5;   78.58;   14.5;    4.4;    4.2;eor
       3761;20190404;   10;   8.7;   3.2;    3;   1.0;   6;    0.000;   0;   8.0;   7.7;  968.16;    4.6;   90.67;    5.8;    4.0;    3.5;eor
       3761;20190405;   10;   5.8;   2.0;    3;   0.0;   6;    0.000;   0;   7.1;   7.9;  972.53;    5.9;   84.92;    8.7;    3.1;    1.0;eor
       3761;20190406;   10;   8.0;   2.1;    3;   0.0;   0;    2.917;   0;   4.7;   8.8;  971.63;    9.6;   75.00;   17.8;    1.9;   -0.6;eor
       3761;20190407;   10;   6.2;   2.2;    3;   0.0;   0;    5.633;   0;   4.6;   8.6;  972.47;   12.3;   61.75;   17.2;    6.0;    3.3;eor
       3761;20190408;   10;   6.9;   2.8;    3;   0.0;   0;    2.483;   0;   6.4;   9.9;  977.50;   11.0;   76.17;   15.0;    8.5;    6.7;eor
       3761;20190409;   10;   9.8;   1.7;    3;  13.3;   8;    0.467;   0;   7.2;  10.8;  977.39;   10.9;   83.33;   15.8;    8.3;    7.1;eor
       3761;20190410;   10;   9.0;   3.3;    3;   0.0;   0;    3.650;   0;   5.3;   8.0;  978.97;    9.9;   66.33;   13.7;    5.1;    3.0;eor
       3761;20190411;   10;   9.4;   3.5;    3;   0.0;   0;   12.167;   0;   0.0;   5.2;  985.52;    6.7;   54.88;   12.5;    1.4;   -2.4;eor
       3761;20190412;   10;   7.1;   3.3;    3;   0.0;   0;    1.333;   0;   7.2;   4.9;  987.82;    5.0;   57.25;    9.6;    1.3;   -0.4;eor
       3761;20190413;   10;   6.5;   2.6;    3;   6.7;   8;    0.117;   0;   6.0;   5.8;  987.15;    3.3;   75.88;    5.7;    0.4;    0.0;eor
       3761;20190414;   10;  10.4;   2.9;    3;   0.0;   0;    8.017;   0;   5.5;   6.1;  987.92;    4.9;   73.04;   10.8;    0.1;   -1.6;eor
       3761;20190415;   10;  10.7;   3.5;    3;   0.0;   0;   11.683;   0;   1.6;   6.9;  988.71;    9.8;   60.42;   17.5;    0.6;   -0.7;eor
       3761;20190416;   10;   7.7;   2.8;    3;   0.5;   6;    8.867;   0;   3.5;   7.3;  985.38;   12.0;   52.75;   18.9;    4.6;    2.0;eor
       3761;20190417;   10;   8.6;   2.4;    3;   0.2;   6;    5.967;   0;   4.2;   9.1;  989.07;   13.6;   61.96;   20.6;    9.4;    8.6;eor
       3761;20190418;   10;  12.4;   4.7;    3;   0.0;   0;   12.783;   0;   0.3;   7.8;  990.85;   15.0;   47.25;   21.6;    8.1;    6.2;eor
       3761;20190419;   10;   8.9;   3.6;    3;   0.0;   0;   12.883;   0;   0.0;   7.5;  994.03;   16.3;   43.04;   23.9;    8.2;    5.3;eor
       3761;20190420;   10;  10.5;   3.3;    3;   0.0;   0;   12.917;-999;   0.0;   6.9;  993.67;   16.7;   39.54;   24.4;    9.4;    5.2;eor
       3761;20190421;   10;   9.9;   3.5;    3;   0.0;   0;   13.000;-999;   0.0;   6.3;  986.60;   16.6;   36.79;   24.8;    8.4;    4.0;eor
       3761;20190422;   10;  11.9;   4.5;    3;   0.0;   0;   11.333;-999;   1.4;   6.5;  976.06;   17.0;   35.46;   24.8;    9.0;    3.0;eor
       3761;20190423;   10;   8.6;   3.9;    3;   0.0;   0;    1.967;   0;   4.0;   9.2;  967.47;   16.6;   49.46;   23.0;   10.4;    8.9;eor
       3761;20190424;   10;  22.1;   3.3;    3;   0.0;   6;   10.450;   0;   2.4;   9.9;  971.44;   16.2;   57.25;   26.3;    7.2;    3.9;eor
       3761;20190425;   10;  12.2;   3.9;    3;   0.0;   0;   11.117;   0;   1.8;   8.3;  976.62;   16.6;   50.08;   26.3;    6.8;    3.1;eor
       3761;20190426;   10;   9.3;   3.0;    3;   6.7;   6;    0.000;   0;   6.4;   9.8;  982.40;    8.9;   85.63;   10.2;    7.4;    4.6;eor
       3761;20190427;   10;  18.1;   3.0;    3;  13.3;   6;    4.050;   0;   6.3;   9.5;  984.02;    8.7;   84.67;   14.4;    4.8;    2.8;eor
       3761;20190428;   10;   8.5;   2.6;    3;   0.5;   6;    5.300;   0;   6.4;   7.7;  987.29;    8.0;   72.96;   12.9;    4.7;    3.2;eor
       3761;20190429;   10;   9.2;   2.5;    3;   8.5;   6;    0.000;   0;   6.1;   8.9;  989.02;    7.4;   86.38;   12.9;    3.1;    0.9;eor
       3761;20190430;   10;   6.4;   2.1;    3;   0.0;   0;    5.117;   0;   4.8;   9.5;  986.39;   11.0;   74.75;   16.7;    6.6;    4.6;eor
       3761;20190501;    3;   4.9;   1.6;    3;   0.0;   0;   13.317;-999;   0.3;   8.7;  983.20;   12.2;   65.13;   20.1;    3.5;    1.5;eor
       3761;20190502;    3;  12.0;   3.0;    3;   1.7;   6;    8.300;-999;   4.3;   9.9;  977.80;   12.1;   72.04;   19.0;    5.3;    2.7;eor
       3761;20190503;    3;   9.2;   2.9;    3;   0.1;   6;    2.117;-999;   7.5;   9.4;  978.44;   10.6;   74.63;   14.6;    7.2;    5.6;eor
       3761;20190504;    3;  11.6;   2.4;    3;   5.7;   6;    0.000;-999;   6.6;   7.7;  976.42;    5.3;   85.71;    8.1;    2.8;    1.4;eor
       3761;20190505;    3;   6.4;   2.0;    3;   0.0;   6;    5.067;-999;   6.0;   6.0;  984.72;    5.5;   69.13;   10.7;    1.0;    0.0;eor
       3761;20190506;    3;   9.0;   2.0;    3;   0.1;   6;    2.317;-999;   6.0;   6.5;  987.55;    6.5;   68.50;   12.9;    1.8;    0.6;eor
       3761;20190507;    3;   6.3;   1.7;    3;   0.0;   6;    8.633;-999;   4.0;   6.2;  984.89;    8.2;   59.75;   15.0;    0.3;   -2.0;eor
       3761;20190508;    3;  10.2;   2.5;    3;  14.3;   6;    0.067;-999;   7.3;  10.1;  973.36;   10.7;   77.21;   13.1;    7.2;    3.6;eor
       3761;20190509;    3;  15.3;   3.5;    3;   9.6;   6;    0.600;-999;   7.3;  10.8;  970.40;   10.8;   83.04;   12.3;    8.6;    6.5;eor
       3761;20190510;    3;  12.6;   3.0;    3;   2.9;   6;    7.383;-999;   5.6;  10.4;  978.65;   12.3;   73.96;   16.2;    9.2;    7.6;eor
       3761;20190511;    3;  18.2;   4.3;    3;   2.5;   6;    2.833;-999;   7.0;  11.1;  979.30;   12.2;   79.04;   18.2;    7.3;    6.6;eor
       3761;20190512;    3;  10.3;   3.2;    3;   0.0;   0;    8.483;-999;   3.8;   7.6;  996.17;    9.9;   64.54;   14.8;    5.4;    2.8;eor
       3761;20190513;    3;  10.1;   3.3;    3;   0.0;   0;   13.333;-999;   0.7;   6.3; 1000.96;   10.4;   52.54;   16.3;    3.8;    0.2;eor
       3761;20190514;    3;  11.4;   3.6;    3;   0.0;   0;   12.000;-999;   2.4;   6.0;  996.20;    9.6;   52.21;   15.4;    2.7;   -1.0;eor
       3761;20190515;    3;   9.7;   3.2;    3;   0.0;   0;    9.833;-999;   3.1;   6.2;  990.50;    8.8;   57.13;   14.8;    2.3;   -0.9;eor
       3761;20190516;    3;   6.9;   2.1;    3;   0.0;   0;    0.950;-999;   7.7;   8.0;  982.25;   10.2;   65.46;   15.3;    4.1;    2.1;eor
       3761;20190517;    3;  14.4;   3.1;    3;  19.3;   6;    8.267;-999;   4.7;  10.7;  974.75;   13.3;   72.67;   21.5;    7.3;    4.8;eor
       3761;20190518;    3;   9.1;   2.0;    3;   9.2;   6;    4.217;-999;   6.1;  13.0;  973.32;   13.7;   84.17;   21.0;    9.6;    8.9;eor
       3761;20190519;    3;   5.6;   1.6;    3;   0.0;   6;    7.250;-999;   5.5;  13.6;  971.73;   15.6;   78.08;   22.8;    9.3;    8.1;eor
       3761;20190520;    3;  10.1;   3.7;    3;  28.3;   6;    0.000;-999;   7.2;  14.5;  972.21;   13.7;   92.25;   15.8;   12.3;   11.6;eor
       3761;20190521;    3;  13.6;   5.7;    3;  19.9;   6;    0.000;-999;   7.8;  13.3;  977.50;   11.7;   96.17;   12.4;   11.2;   10.8;eor
       3761;20190522;    3;   7.9;   3.1;    3;   0.3;   6;    3.750;-999;   5.3;  11.9;  986.12;   12.3;   84.00;   17.0;    6.9;    5.4;eor
       3761;20190523;    3;   5.9;   1.7;    3;   0.0;   0;   14.067;-999;   0.4;  10.0;  986.63;   13.9;   67.00;   20.8;    5.3;    3.3;eor
       3761;20190524;    3;   5.3;   1.6;    3;   0.0;   0;    8.250;-999;   5.1;  11.1;  982.79;   16.4;   62.46;   22.0;    8.3;    5.9;eor
       3761;20190525;    3;  12.3;   1.7;    3;   1.3;   6;    4.900;-999;   5.4;  13.0;  983.07;   14.9;   78.17;   23.0;    9.6;    8.5;eor
       3761;20190526;    3;   9.0;   2.3;    3;   0.0;   0;   13.633;-999;   1.3;  11.8;  983.19;   15.6;   69.08;   22.3;    8.3;    6.2;eor
       3761;20190527;    3;   9.6;   2.8;    3;   1.8;   6;    6.917;-999;   4.2;  12.6;  978.04;   16.4;   68.33;   21.5;   10.2;    7.5;eor
       3761;20190528;    3;  10.7;   2.6;    3;   3.3;   6;    2.850;-999;   6.8;  12.5;  976.61;   13.7;   80.29;   17.7;   10.2;    9.5;eor
       3761;20190529;    3;   8.4;   2.1;    3;   1.1;   6;    2.267;-999;   6.1;  11.2;  987.79;   12.4;   79.33;   16.9;    7.9;    5.4;eor
       3761;20190530;    3;   7.7;   2.1;    3;   0.0;   0;   11.567;-999;   3.1;  10.4;  992.96;   15.2;   63.21;   21.9;    6.1;    4.1;eor
       3761;20190531;    3;   6.0;   1.5;    3;   0.0;   0;    8.767;-999;   3.8;  13.6;  992.85;   18.5;   65.96;   24.6;   13.8;   12.3;eor
       3761;20190601;    3;   4.4;   1.6;    3;   0.0;   0;   14.133;-999;   0.6;  13.9;  989.80;   20.8;   60.50;   27.9;   12.2;   10.1;eor
       3761;20190602;    3;   8.2;   2.1;    3;   0.0;   0;   14.683;-999;   0.0;  13.8;  984.87;   23.3;   52.21;   30.6;   14.0;   11.7;eor
       3761;20190603;    3;  22.8;   2.1;    3;   0.1;   6;    9.917;-999;   2.5;  15.1;  982.73;   21.8;   60.67;   31.4;   15.9;   12.7;eor
       3761;20190604;    3;   8.9;   2.8;    3;   0.1;   6;   14.317;-999;   0.6;  14.7;  979.12;   23.5;   54.83;   31.1;   13.7;   11.8;eor
       3761;20190605;    3;  14.3;   2.6;    3;   0.0;   0;   14.550;-999;   1.3;  15.2;  974.40;   24.9;   49.58;   31.1;   18.1;   14.7;eor
       3761;20190606;    3;  14.1;   4.5;    3;   0.7;   6;    0.050;-999;   6.4;  12.3;  981.43;   14.1;   76.83;   22.9;    8.7;    7.1;eor
       3761;20190607;    3;  16.9;   3.6;    3;   0.9;   6;   11.200;-999;   3.6;  12.8;  980.79;   17.3;   67.67;   28.3;    8.3;    6.4;eor
       3761;20190608;    3;  12.8;   3.5;    3;   0.0;   0;   11.817;-999;   2.8;   9.8;  990.27;   16.5;   54.67;   21.4;   10.2;    7.7;eor
       3761;20190609;    3;  10.4;   2.6;    3;   0.1;   6;    7.233;-999;   3.9;  12.2;  988.80;   17.8;   61.58;   25.0;    8.8;    6.0;eor
       3761;20190610;    1;   7.7;   1.7;    1;  12.7;   6;    1.067;-999;   7.4;  16.3;  981.96;   17.0;   84.08;   21.5;   14.4;   13.4;eor
       3761;20190611;    1;   7.4;   2.3;    1;   0.0;   6;    0.067;-999;   7.7;  15.4;  979.15;   16.5;   82.42;   19.2;   13.8;   13.6;eor
       3761;20190612;    1;  13.9;   2.7;    1;   4.1;   6;    3.667;-999;   5.8;  14.2;  978.93;   15.3;   82.13;   19.6;   11.5;    9.8;eor
       3761;20190613;    1;   5.8;   1.7;    1;   0.0;   6;    8.083;-999;   4.5;  14.3;  982.95;   18.2;   70.50;   24.0;   11.4;   10.2;eor
       3761;20190614;    1;   7.4;   1.9;    1;   0.0;   4;    4.900;-999;   3.8;  15.6;  982.92;   21.0;   63.54;   26.5;   13.4;   10.4;eor
       3761;20190615;    1;  14.0;   4.0;    1;   9.2;   6;   11.567;-999;   2.9;  15.8;  982.05;   19.7;   69.71;   23.5;   15.5;   13.3;eor
       3761;20190616;    1;   7.6;   2.4;    1;   0.5;   6;    6.283;-999;   4.8;  15.3;  988.89;   17.4;   78.71;   22.5;   13.7;   11.4;eor
       3761;20190617;    1;   7.3;   2.4;    1;   0.0;   0;   13.783;-999;   0.7;  15.5;  987.30;   20.2;   67.88;   26.7;   11.9;   10.4;eor
       3761;20190618;    1;   7.1;   1.9;    1;   0.0;   0;   11.483;-999;   2.4;  17.4;  982.60;   23.0;   63.75;   29.6;   15.9;   13.2;eor
       3761;20190619;    1;  11.5;   1.9;    1;   2.3;   8;   12.633;-999;   2.1;  16.5;  978.64;   23.7;   59.21;   31.6;   17.7;   14.8;eor
       3761;20190620;    1;  10.9;   2.2;    1;   0.2;   6;    5.417;-999;   5.5;  16.6;  981.69;   20.3;   70.17;   24.0;   16.6;   14.1;eor
       3761;20190621;    1;   6.8;   2.0;    1;   0.0;   0;   12.150;-999;   3.4;  14.6;  985.67;   20.2;   63.79;   25.3;   15.5;   13.9;eor
       3761;20190622;    1;  13.1;   2.1;    1;  21.8;   8;    3.417;-999;   5.6;  16.5;  985.24;   18.3;   79.13;   25.2;   14.2;   13.1;eor
       3761;20190623;    1;   7.0;   2.0;    1;   0.0;   0;    9.067;-999;   4.2;  17.8;  985.96;   21.2;   72.58;   27.2;   14.2;   13.8;eor
       3761;20190624;    1;  10.4;   3.7;    1;   0.0;   0;   14.767;-999;   0.1;  17.7;  987.53;   24.0;   61.67;   30.2;   17.0;   15.7;eor
       3761;20190625;    1;   6.8;   1.9;    1;   0.0;   0;   13.650;-999;   0.1;  20.4;  987.80;   26.3;   61.29;   33.4;   18.3;   16.5;eor
       3761;20190626;    1;   4.5;   1.5;    1;   0.0;   0;   14.317;-999;   0.0;  22.8;  990.08;   27.7;   64.21;   34.6;   20.3;   18.7;eor
       3761;20190627;    1;   7.7;   2.4;    1;   0.0;   0;   14.717;-999;   0.0;  19.1;  990.86;   25.7;   58.79;   31.1;   15.9;   14.3;eor
       3761;20190628;    1;   5.5;   2.0;    1;   0.0;   0;   14.867;-999;   0.0;  13.2;  990.40;   21.5;   53.83;   28.5;   13.7;   11.8;eor
       3761;20190629;    1;   7.7;   2.8;    1;   0.0;   0;   14.867;-999;   0.0;  13.5;  987.10;   24.2;   48.13;   32.6;   14.6;   12.6;eor
       3761;20190630;    1;   8.5;   2.5;    1;   0.0;   0;   14.667;-999;   0.0;  17.4;  983.63;   26.9;   51.67;   35.6;   15.9;   12.4;eor
       3761;20190701;    1;  11.1;   2.9;    1;   0.0;   0;   11.617;-999;   2.7;  18.9;  984.49;   25.1;   59.96;   29.0;   19.2;   16.5;eor
       3761;20190702;    1;   6.9;   2.1;    1;   0.0;   0;   14.183;-999;   1.5;  12.4;  988.02;   20.9;   51.25;   26.2;   15.2;   12.9;eor
       3761;20190703;    1;   6.9;   2.5;    1;   0.0;   0;   14.633;-999;   0.1;  10.4;  989.20;   19.7;   48.00;   25.7;   12.5;   10.9;eor
       3761;20190704;    1;   5.7;   1.9;    1;   0.0;   0;   14.767;-999;   0.3;  10.2;  989.10;   19.7;   47.46;   26.8;   11.7;    9.8;eor
       3761;20190705;    1;   8.9;   2.0;    1;   0.0;   0;    9.267;-999;   4.0;  11.9;  985.05;   20.4;   53.00;   28.7;   12.1;   10.1;eor
       3761;20190706;    1;   9.9;   2.5;    1;   6.0;   8;   10.950;-999;   3.3;  12.0;  979.57;   23.6;   44.58;   30.3;   15.9;   13.5;eor
       3761;20190707;    1;   8.9;   2.5;    1;   0.0;   6;    1.733;-999;   7.0;  14.8;  980.90;   18.2;   71.46;   21.4;   15.1;   14.1;eor
       3761;20190708;    1;   8.4;   2.2;    1;   0.0;   0;    8.200;-999;   4.7;  10.5;  985.16;   16.8;   56.21;   22.2;   10.2;    8.9;eor
       3761;20190709;    1;   9.0;   2.3;    1;   0.0;   0;   11.467;-999;   2.1;   9.8;  986.80;   14.7;   60.58;   20.1;    9.0;    7.7;eor
