STATIONS_ID;MESS_DATUM;QN_3;  FX;  FM;QN_4; RSK;RSKF; SDK;SHK_TAG;  NM; VPM;  PM; TMK; UPM; TXK; TNK; TGK;eor
       2290;20180105;   10;  26.8;   7.2;    3;   0.0;   6;    4.183;   0;   6.8;   8.0;  891.74;    7.1;   79.88;   11.3;    4.6;    3.6;eor
       2290;20180106;   10;   7.1;   2.5;    3;   0.0;   0;    7.133;   0;   5.3;   7.3;  894.77;    5.7;   80.17;    9.6;    2.8;    1.8;eor
       2290;20180107;   10;   9.9;   4.2;    3;   0.0;   0;    0.000;   0;   7.6;   5.6;  902.02;    4.7;   67.96;    9.7;   -0.6;   -0.5;eor
       2290;20180108;   10;  11.6;   5.5;    3;   0.0;   0;    4.000;   0;   5.8;   5.4;  904.84;    7.4;   52.88;   10.5;    2.6;    1.6;eor
       2290;20180109;   10;  16.4;   5.5;    3;   0.0;   0;    5.917;   0;   4.8;   5.3;  899.65;    8.0;   50.13;   14.7;    2.4;    1.2;eor
       2290;20180110;   10;   6.3;   2.2;    3;   0.0;   0;    7.267;   0;   4.0;   6.0;  899.01;    3.4;   76.75;    6.1;    1.1;   -0.8;eor
       2290;20180111;   10;   5.9;   1.8;    3;   0.0;   8;    0.100;   0;   6.9;   5.7;  900.63;    1.6;   84.04;    3.3;   -0.5;   -0.5;eor
       2290;20180112;   10;   7.8;   2.9;    3;   0.0;   0;    0.033;   0;   7.8;   5.6;  907.36;   -1.0;   98.00;   -0.4;   -1.9;   -1.6;eor
       2290;20180113;   10;   6.4;   2.2;    3;   0.0;   0;    0.000;   0;   8.0;   5.0;  906.70;   -2.0;   95.63;   -1.3;   -2.8;   -2.4;eor
       2290;20180114;   10;   3.9;   1.7;    3;   0.0;   0;    0.000;   0;   8.0;   4.6;  904.60;   -3.0;   93.88;   -2.0;   -3.5;   -3.1;eor
       2290;20180115;   10;   9.1;   3.8;    3;   0.3;   8;    5.767;   0;   5.0;   4.0;  901.04;    0.6;   64.75;    7.2;   -4.0;   -4.8;eor
       2290;20180116;   10;  26.6;  10.1;    3;  23.5;   8;    0.533;   0;   7.7;   6.2;  888.07;    1.8;   89.88;    4.8;   -0.6;   -0.5;eor
       2290;20180117;   10;  22.8;   9.6;    3;   7.9;   7;    0.150;  19;   7.6;   4.9;  890.77;   -2.3;   94.92;   -0.1;   -3.9;   -4.1;eor
       2290;20180118;   10;  34.6;  13.6;    3;  17.1;   8;    3.183;  27;   7.0;   5.8;  892.99;    1.2;   86.88;    5.1;   -2.8;   -3.1;eor
       2290;20180119;   10;  20.1;   7.8;    3;   2.1;   7;    1.767;  20;   7.5;   5.5;  895.91;   -1.0;   96.75;    0.9;   -2.0;   -2.9;eor
       2290;20180120;   10;  18.0;   7.3;    3;  16.8;   7;    1.650;  19;   7.5;   5.0;  893.05;   -1.5;   90.88;    0.3;   -3.4;   -4.1;eor
       2290;20180121;   10;  15.9;   4.7;    3;  13.0;   8;    0.917;  42;   7.6;   4.8;  897.24;   -2.4;   93.63;   -0.1;   -4.3;   -6.6;eor
       2290;20180122;   10;  22.1;   8.3;    3;  21.9;   8;    0.000;  51;   8.0;   6.7;  897.72;    1.5;   97.42;    4.6;   -3.8;   -3.6;eor
       2290;20180123;   10;  14.0;   4.6;    3;   0.0;   8;    2.483;  22;   5.8;   6.1;  910.07;    1.2;   92.13;    4.2;   -0.1;   -2.5;eor
       2290;20180124;   10;  14.6;   4.6;    3;   0.0;   0;    7.450;  15;   5.0;   5.2;  909.66;    7.5;   50.33;   12.5;    2.1;   -0.9;eor
       2290;20180125;   10;  11.7;   4.3;    3;   0.0;   0;    4.517;  13;   6.8;   5.1;  904.36;    7.8;   49.08;   11.5;    4.9;    2.8;eor
       2290;20180126;   10;   8.0;   3.4;    3;   0.0;   6;    3.633;   9;   7.0;   5.4;  903.19;    4.9;   64.21;    8.1;    1.8;    0.7;eor
       2290;20180127;   10;   9.4;   2.2;    3;   0.0;   0;    0.267;   8;   8.0;   7.0;  914.07;    2.7;   93.71;    4.5;    1.8;    1.6;eor
       2290;20180128;   10;  18.0;   8.1;    3;   0.0;   6;    0.483;   6;   7.0;   5.8;  918.78;    4.7;   69.21;    8.5;    0.6;    0.0;eor
       2290;20180129;   10;  22.9;   7.3;    3;   0.0;   6;    9.183;   0;   3.8;   6.6;  915.37;    6.3;   70.54;   12.6;    2.8;    2.3;eor
       2290;20180130;   10;  16.7;   4.7;    3;   0.0;   0;    0.133;   0;   7.5;   6.7;  913.33;    3.5;   86.13;    5.4;    2.5;    2.2;eor
       2290;20180131;   10;  15.6;   5.1;    3;   0.0;   8;    5.383;   0;   6.3;   5.4;  901.26;    4.8;   64.54;   10.6;    0.8;   -0.4;eor
       2290;20180201;   10;  15.5;   6.4;    3;   2.1;   8;    0.000;   0;   7.8;   5.5;  890.89;    0.1;   89.08;    4.4;   -2.3;   -2.8;eor
       2290;20180202;   10;  12.1;   5.6;    3;   0.0;   7;    5.367;   2;   7.0;   4.0;  893.06;   -1.6;   73.67;    2.5;   -2.7;   -3.7;eor
       2290;20180203;   10;   8.0;   3.7;    3;   1.5;   7;    0.000;   0;   7.5;   4.1;  892.22;   -2.7;   82.96;   -1.7;   -3.8;   -3.9;eor
       2290;20180204;   10;   6.0;   2.5;    3;   0.0;   7;    0.367;   4;   6.4;   4.2;  898.65;   -3.2;   87.50;   -0.6;   -4.8;   -6.3;eor
       2290;20180205;   10;   7.4;   3.4;    3;   0.0;   0;    1.317;   2;   7.7;   3.8;  902.84;   -5.3;   93.21;   -3.9;   -6.6;   -6.8;eor
       2290;20180206;   10;   9.4;   2.7;    3;   0.0;   0;    8.600;   2;   6.8;   4.0;  896.28;   -3.3;   84.50;    0.2;   -6.3;   -6.3;eor
       2290;20180207;   10;   7.2;   2.1;    3;   1.9;   7;    0.000;   1;   7.3;   4.3;  895.09;   -3.8;   92.58;   -0.8;   -5.5;   -5.4;eor
       2290;20180208;   10;   3.3;   1.3;    3;   0.2;   7;    0.100;   3;   8.0;   4.2;  901.06;   -4.0;   92.92;   -1.5;   -5.3;   -5.3;eor
       2290;20180209;   10;   6.3;   1.4;    3;   0.0;   7;    0.000;   3;   8.0;   4.3;  899.75;   -3.8;   92.79;   -2.5;   -4.4;   -4.2;eor
       2290;20180210;   10;   8.6;   2.9;    3;   0.0;   7;    0.000;   3;   7.8;   4.2;  900.62;   -3.0;   85.79;   -1.1;   -4.6;   -5.9;eor
       2290;20180211;   10;  13.0;   4.6;    3;   6.7;   8;    1.333;   2;   7.2;   4.8;  894.85;   -1.5;   86.92;    1.4;   -4.7;   -7.3;eor
       2290;20180212;   10;  13.6;   4.9;    3;   6.2;   7;    1.417;   9;   7.0;   4.4;  898.60;   -3.6;   92.96;   -1.5;   -5.8;   -7.1;eor
       2290;20180213;   10;   9.3;   3.0;    3;   0.0;   0;    6.683;  14;   3.3;   3.3;  898.79;   -5.6;   83.58;   -3.1;   -7.2;  -10.7;eor
       2290;20180214;   10;   6.5;   2.5;    3;   0.0;   0;    9.933;  12;   0.4;   2.6;  900.08;   -5.5;   65.08;   -0.5;   -9.1;  -18.2;eor
       2290;20180215;   10;  13.5;   5.5;    3;  17.2;   8;    0.000;   8;   6.7;   4.2;  902.69;   -0.5;   66.13;    4.6;   -5.5;   -9.8;eor
       2290;20180216;   10;  15.6;   3.4;    3;   3.7;   8;    0.000;   2;   8.0;   6.6;  908.65;    1.1;   98.75;    5.3;   -0.3;   -0.6;eor
       2290;20180217;   10;   8.5;   3.4;    3;   5.8;   8;    0.000;   4;   8.0;   5.4;  903.30;   -1.5;   97.79;    0.0;   -3.6;   -3.5;eor
       2290;20180218;   10;   6.6;   2.6;    3;   0.0;   7;    0.000;  10;   8.0;   4.4;  907.45;   -3.7;   95.21;   -2.9;   -4.6;   -4.5;eor
       2290;20180219;   10;   3.8;   1.3;    3;   0.0;   7;    0.000;   7;   8.0;   4.2;  901.71;   -4.4;   94.21;   -3.1;   -5.3;   -5.2;eor
       2290;20180220;   10;   5.3;   2.3;    3;   3.4;   7;    0.000;   6;   8.0;   3.9;  898.36;   -5.3;   93.38;   -4.1;   -6.1;   -6.3;eor
       2290;20180221;   10;   9.7;   3.4;    3;   0.1;   7;    0.600;  11;   8.0;   3.9;  900.40;   -5.2;   93.17;   -3.5;   -6.0;   -5.9;eor
       2290;20180222;   10;  13.7;   6.0;    3;   0.0;   7;    0.000;  14;   8.0;   3.4;  897.38;   -6.6;   92.21;   -5.8;   -7.1;   -6.9;eor
       2290;20180223;   10;   9.9;   4.2;    3;   0.0;   7;    0.000;  14;   8.0;   3.4;  897.42;   -6.9;   92.21;   -6.3;   -7.3;   -7.2;eor
       2290;20180224;   10;  13.2;   5.9;    3;   0.2;   7;    0.167;  13;   7.3;   3.2;  899.76;   -7.2;   88.83;   -5.8;  -10.3;  -10.0;eor
       2290;20180225;   10;  12.7;   5.6;    3;   0.0;   7;    6.417;   8;   4.9;   1.9;  901.90;  -12.1;   80.00;  -10.2;  -14.1;  -14.7;eor
       2290;20180226;   10;  10.6;   4.5;    3;   0.7;   7;    1.667;   6;   7.1;   1.6;  899.85;  -14.9;   82.88;  -13.5;  -16.2;  -15.8;eor
       2290;20180227;   10;   7.2;   3.3;    3;   0.1;   7;    3.967;  13;   6.7;   1.7;  896.01;  -14.1;   81.21;  -11.7;  -15.7;  -16.9;eor
       2290;20180228;   10;  11.5;   5.0;    3;   0.0;   7;    9.817;  12;   2.5;   1.6;  895.89;  -14.1;   77.21;  -10.8;  -17.3;  -18.1;eor
       2290;20180301;   10;   8.4;   3.6;    3;   0.0;   7;    1.433;  12;   6.3;   2.0;  887.82;  -12.1;   83.17;   -9.2;  -14.7;  -14.4;eor
       2290;20180302;   10;  17.3;   4.6;    3;   0.0;   7;    4.917;  11;   6.2;   3.3;  881.45;   -7.3;   87.96;   -0.1;  -13.0;  -13.3;eor
       2290;20180303;   10;  10.7;   3.4;    3;   0.9;   8;    1.850;  10;   7.4;   4.9;  884.02;    0.0;   79.88;    1.7;   -1.4;   -5.7;eor
       2290;20180304;   10;  14.3;   4.9;    3;   0.0;   0;   10.167;   9;   3.5;   5.6;  886.85;    4.1;   70.08;    7.8;    0.2;   -1.5;eor
       2290;20180305;   10;  12.8;   4.7;    3;   0.0;   0;    6.667;   4;   7.3;   6.0;  883.71;    3.5;   76.92;    6.6;    0.1;   -0.6;eor
       2290;20180306;   10;  13.9;   4.9;    3;   0.0;   6;    0.000;   2;   7.8;   6.1;  879.43;    2.2;   85.79;    4.2;    0.1;   -0.2;eor
       2290;20180307;   10;  16.3;   7.1;    3;   0.1;   8;    1.017;   0;   7.2;   5.8;  886.10;    1.9;   82.54;    6.4;   -1.0;   -0.9;eor
       2290;20180308;   10;  17.0;   6.1;    3;   0.0;   0;    7.600;   0;   5.8;   4.5;  893.75;    3.4;   60.88;    9.7;   -1.0;   -1.8;eor
       2290;20180309;   10;  17.8;   5.9;    3;   0.0;   6;    0.350;   0;   7.1;   4.6;  896.73;    7.1;   45.50;    9.7;    4.0;    3.0;eor
       2290;20180310;   10;   9.9;   3.7;    3;   0.6;   6;    0.133;   0;   7.4;   6.8;  895.12;    8.4;   61.96;   11.0;    6.3;    5.1;eor
       2290;20180311;   10;  10.5;   4.6;    3;   0.6;   6;    0.967;   0;   6.0;   6.5;  887.84;   10.3;   53.17;   15.1;    6.4;    5.5;eor
       2290;20180312;   10;  19.5;   7.8;    3;   1.1;   8;    3.017;   0;   6.9;   7.4;  886.63;    5.7;   80.75;    9.4;    3.5;    2.4;eor
       2290;20180313;   10;  20.9;   9.7;    3;   0.9;   8;    6.317;   0;   6.4;   6.0;  893.87;    3.7;   75.92;   10.5;    1.4;    1.2;eor
       2290;20180314;   10;  12.9;   4.9;    3;   0.0;   8;    6.100;   0;   4.8;   6.3;  897.17;    3.1;   83.63;    8.7;    0.8;    0.3;eor
       2290;20180315;   10;  12.5;   5.2;    3;   1.9;   6;    4.083;   0;   5.9;   5.1;  887.01;    5.5;   56.88;    8.9;    1.0;   -1.3;eor
       2290;20180316;   10;  11.5;   4.5;    3;   0.0;   0;    6.633;   0;   5.9;   6.5;  889.65;    5.2;   74.79;    9.7;    2.3;    0.0;eor
       2290;20180317;   10;  11.5;   4.6;    3;   4.8;   8;    3.000;   0;   7.4;   6.1;  883.89;    1.3;   90.67;    4.8;   -3.4;   -3.2;eor
       2290;20180318;   10;   7.9;   3.4;    3;   0.5;   7;    0.000;   6;   8.0;   3.9;  886.23;   -5.0;   93.71;   -3.4;   -7.2;   -7.0;eor
       2290;20180319;   10;   5.2;   2.7;    3;   3.9;   7;    0.000;   4;   8.0;   3.2;  891.56;   -7.2;   90.79;   -6.5;   -8.0;   -7.6;eor
       2290;20180320;   10;   6.1;   2.6;    3;   2.0;   7;    3.350;  10;   7.6;   3.1;  898.34;   -6.7;   83.71;   -3.7;   -9.0;   -9.0;eor
       2290;20180321;   10;   8.1;   2.4;    3;   0.4;   7;    3.250;  10;   6.3;   3.4;  907.40;   -5.0;   82.00;   -3.2;   -6.2;  -11.5;eor
       2290;20180322;   10;  16.2;   4.2;    3;   2.2;   7;    7.483;  11;   4.9;   3.1;  902.53;   -3.3;   66.25;    2.2;   -7.6;   -9.7;eor
       2290;20180323;   10;  10.5;   4.0;    3;   0.4;   7;    0.300;  10;   7.4;   5.1;  894.03;   -0.8;   88.33;    2.8;   -3.4;   -3.3;eor
       2290;20180324;   10;   9.0;   3.6;    3;   0.0;   0;   11.983;   4;   1.3;   4.5;  888.03;    1.4;   67.38;    6.1;   -3.0;   -3.9;eor
       2290;20180325;   10;   5.9;   2.4;    3;   0.0;   0;    7.483;   3;   4.2;   4.6;  892.71;    5.4;   51.21;   10.3;    1.6;   -0.9;eor
       2290;20180326;   10;   9.7;   2.8;    3;   0.5;   8;    0.317;   0;   7.5;   5.6;  898.74;    2.7;   75.75;    7.4;    0.1;   -0.4;eor
       2290;20180327;   10;   8.8;   3.1;    3;   2.5;   8;    3.400;   1;   7.5;   5.2;  899.97;    2.3;   75.67;    8.0;   -0.5;   -0.4;eor
       2290;20180328;   10;  20.4;   8.4;    3;   5.8;   8;    0.450;   0;   7.6;   7.8;  893.80;    4.8;   91.13;    8.1;   -0.1;    0.0;eor
       2290;20180329;   10;  17.9;   4.4;    3;   0.3;   8;    0.650;   0;   6.7;   6.2;  894.40;    2.6;   84.67;    6.8;    0.8;   -1.2;eor
       2290;20180330;   10;  14.1;   4.6;    3;   0.3;   8;    4.800;   0;   5.6;   6.3;  890.21;    5.5;   69.54;   10.3;    0.8;    0.0;eor
       2290;20180331;   10;  10.7;   3.7;    3;   3.1;   8;    0.000;   0;   7.7;   6.5;  887.16;    1.7;   93.96;    4.1;    0.4;   -0.2;eor
       2290;20180401;   10;  21.2;   8.8;    3;   4.6;   7;    2.383;   0;   7.5;   6.0;  895.62;    1.2;   90.46;    4.9;   -0.6;   -1.2;eor
       2290;20180402;   10;  11.2;   3.7;    3;   0.0;   6;    9.600;   2;   4.4;   5.1;  898.05;    6.8;   54.42;   14.7;   -0.9;   -4.7;eor
       2290;20180403;   10;  11.9;   4.3;    3;   0.0;   0;    7.517;   0;   7.4;   6.3;  895.71;   13.3;   41.83;   21.1;    7.7;    5.9;eor
       2290;20180404;   10;  20.2;   5.1;    3;   0.0;   6;   10.467;   0;   6.2;   6.4;  895.02;   12.5;   47.58;   22.8;    5.2;    3.6;eor
       2290;20180405;   10;  20.8;   7.1;    3;   2.4;   6;    7.733;   0;   5.8;   6.7;  901.49;    6.4;   70.54;   12.6;    1.6;    0.6;eor
       2290;20180406;   10;   9.0;   3.9;    3;   0.0;   0;   12.767;   0;   3.4;   6.1;  905.70;    5.7;   67.08;   11.1;    0.7;   -0.5;eor
       2290;20180407;   10;   8.4;   3.4;    3;   0.0;   0;   12.733;   0;   0.0;   5.9;  901.43;   12.6;   40.42;   17.7;    7.2;    4.1;eor
       2290;20180408;   10;   7.6;   3.3;    3;   0.0;   0;   12.033;   0;   1.0;   6.6;  897.28;   14.4;   39.83;   18.9;   10.2;    6.9;eor
       2290;20180409;   10;   7.4;   3.0;    3;   0.0;   0;    1.683;   0;   6.8;   6.1;  893.98;   14.0;   38.08;   19.6;   10.7;    7.5;eor
       2290;20180410;   10;  11.0;   3.5;    3;   1.5;   6;    6.667;   0;   6.5;   8.0;  892.06;   11.5;   60.92;   18.3;    5.5;    4.8;eor
       2290;20180411;   10;  11.7;   3.8;    3;   0.0;   0;   10.567;   0;   5.6;   7.3;  893.28;   10.2;   61.83;   15.5;    4.7;    3.4;eor
       2290;20180412;   10;  13.9;   4.8;    3;   0.0;   6;    7.117;   0;   5.3;   6.0;  889.79;   13.7;   38.63;   20.8;    9.6;    7.0;eor
       2290;20180413;   10;  15.8;   4.7;    3;   0.0;   6;    8.283;   0;   5.8;   7.0;  896.96;   10.0;   58.04;   16.5;    6.0;    4.7;eor
       2290;20180414;   10;   9.5;   3.5;    3;   0.0;   0;   11.500;   0;   3.9;   6.8;  905.77;   11.4;   51.54;   15.8;    6.1;    2.3;eor
       2290;20180415;   10;   8.6;   3.4;    3;   4.1;   6;    3.167;   0;   6.0;   8.4;  900.51;   11.9;   60.46;   16.2;    8.4;    6.7;eor
       2290;20180416;   10;   9.3;   3.0;    3;   8.0;   6;    0.233;   0;   7.5;  10.6;  903.13;    8.5;   95.25;   11.2;    7.4;    7.6;eor
       2290;20180417;   10;   7.3;   3.0;    3;   0.0;   0;   11.633;   0;   3.8;   8.8;  912.16;   12.4;   61.71;   16.5;    7.7;    6.8;eor
       2290;20180418;   10;  10.5;   4.5;    3;   0.0;   0;   13.250;   0;   1.8;   8.1;  916.96;   13.6;   52.50;   18.2;    9.9;    7.1;eor
       2290;20180419;   10;   8.7;   4.2;    3;   0.0;   0;   13.183;   0;   0.8;   7.7;  914.90;   15.4;   44.54;   20.6;   10.2;    8.5;eor
       2290;20180420;   10;   5.8;   2.5;    3;   0.0;   0;   13.333;   0;   2.5;   9.1;  911.55;   17.6;   45.33;   22.0;   12.1;    8.1;eor
       2290;20180421;   10;   7.4;   3.2;    3;   0.0;   0;   13.167;   0;   2.8;   9.4;  908.41;   18.7;   43.75;   25.0;   14.0;   11.4;eor
       2290;20180422;   10;   7.9;   3.2;    3;   0.0;   0;   12.283;   0;   1.8;   8.7;  905.38;   18.9;   41.08;   24.1;   13.8;   10.7;eor
       2290;20180423;   10;  12.5;   5.4;    3;   5.2;   6;    8.867;   0;   6.9;   9.6;  905.69;   15.7;   56.79;   21.0;    9.5;    9.7;eor
       2290;20180424;   10;  11.2;   4.5;    3;   0.0;   0;   12.267;   0;   4.9;  10.3;  906.30;   13.5;   69.13;   19.1;    9.1;    8.6;eor
       2290;20180425;   10;  18.6;   6.3;    3;   4.4;   6;   11.783;   0;   5.6;  10.2;  902.65;   15.1;   61.04;   20.8;   10.1;    9.3;eor
       2290;20180426;   10;  14.6;   4.4;    3;   0.7;   6;    0.033;   0;   7.3;   8.6;  905.25;    6.9;   85.63;   10.6;    4.3;    3.2;eor
       2290;20180427;   10;   8.7;   2.8;    3;   0.0;   0;   12.967;   0;   4.2;   8.8;  900.68;   11.1;   66.88;   17.4;    4.8;    3.7;eor
       2290;20180428;   10;   9.2;   3.8;    3;   0.0;   0;   13.317;   0;   2.6;   9.6;  900.48;   14.7;   57.21;   19.2;   10.5;    8.3;eor
       2290;20180429;   10;  12.8;   5.0;    3;   0.0;   6;   11.300;   0;   3.8;   9.4;  895.85;   16.2;   53.21;   24.4;    7.8;    7.0;eor
       2290;20180430;   10;  19.6;   4.2;    3;   0.9;   8;    5.333;   0;   6.8;   8.0;  894.71;   10.7;   63.04;   16.2;    4.5;    4.6;eor
       2290;20180501;   10;   7.7;   2.6;    3;   0.0;   0;    0.400;   0;   7.3;   7.7;  899.88;    7.9;   71.83;   10.3;    6.4;    6.7;eor
       2290;20180502;   10;   7.5;   3.3;    3;   0.0;   0;    2.683;   0;   7.5;   8.7;  898.30;    8.9;   75.88;   13.0;    5.1;    4.8;eor
       2290;20180503;   10;   8.4;   2.9;    3;   2.2;   6;    0.917;   0;   7.5;  10.0;  900.64;   10.8;   77.54;   14.3;    8.2;    8.4;eor
       2290;20180504;   10;  10.2;   4.2;    3;   0.0;   6;    0.067;   0;   7.4;  12.0;  904.02;   10.4;   94.75;   12.5;    7.9;    8.1;eor
       2290;20180505;   10;  10.4;   4.9;    3;   0.0;   6;    4.967;   0;   6.2;  12.8;  906.83;   12.9;   86.96;   18.1;   10.0;   10.0;eor
       2290;20180506;   10;  10.6;   4.2;    3;   0.0;   0;    9.017;   0;   4.2;  10.6;  907.72;   13.1;   72.96;   18.4;    9.5;    9.5;eor
       2290;20180507;   10;   9.1;   4.5;    3;   0.0;   0;   13.817;   0;   1.0;   9.0;  904.37;   13.4;   59.00;   19.0;    7.9;    7.0;eor
       2290;20180508;   10;   8.7;   3.8;    3;   0.0;   0;   14.167;   0;   1.3;   8.8;  898.94;   14.3;   55.00;   19.4;    9.6;    8.4;eor
       2290;20180509;   10;   7.8;   3.2;    3;   0.0;   6;    8.350;   0;   5.1;   9.3;  896.00;   12.3;   65.50;   17.3;    8.4;    6.6;eor
       2290;20180510;   10;  15.2;   5.5;    3;   3.7;   6;    5.417;   0;   6.5;   9.8;  900.39;   11.5;   73.04;   16.4;    5.7;    5.9;eor
       2290;20180511;   10;   7.5;   3.1;    3;   0.0;   0;   13.767;   0;   5.2;  10.2;  905.56;   11.8;   73.38;   17.2;    5.6;    3.9;eor
       2290;20180512;   10;   7.8;   2.9;    3;   2.0;   6;    8.600;   0;   5.1;  11.4;  902.70;   16.2;   62.33;   21.0;   11.9;    9.6;eor
       2290;20180513;   10;  13.1;   3.8;    3;   7.4;   8;    9.133;   0;   4.1;  12.0;  897.28;   14.2;   74.88;   20.2;   10.7;   10.3;eor
       2290;20180514;   10;  12.6;   3.5;    3;  21.9;   8;    1.667;   0;   7.6;  12.3;  896.27;   10.9;   94.54;   16.4;    8.3;    8.6;eor
       2290;20180515;   10;  13.3;   3.3;    3;  14.4;   8;    2.917;   0;   7.3;   9.9;  899.04;    8.1;   91.75;   12.1;    6.0;    5.7;eor
       2290;20180516;   10;  13.4;   6.2;    3;  12.7;   6;    0.000;   0;   7.9;   9.9;  901.31;    7.0;   98.29;    8.2;    6.0;    5.8;eor
       2290;20180517;   10;  11.6;   4.7;    3;   0.4;   6;    0.517;   0;   7.5;  10.6;  904.50;    9.0;   92.33;   12.9;    6.2;    6.3;eor
       2290;20180518;   10;   8.0;   2.7;    3;   0.6;   6;    9.350;   0;   6.0;  10.4;  906.32;   11.7;   76.71;   16.4;    8.3;    7.7;eor
       2290;20180519;   10;  13.7;   3.4;    3;  12.2;   6;    6.517;   0;   5.4;  10.7;  905.98;   10.3;   85.96;   15.0;    8.0;    7.1;eor
       2290;20180520;   10;   8.0;   2.8;    3;   3.4;   6;    2.050;   0;   7.8;  11.7;  905.70;   10.6;   91.71;   13.8;    8.1;    8.2;eor
       2290;20180521;   10;   7.0;   2.9;    3;   0.0;   0;   12.167;   0;   4.2;  10.7;  902.40;   14.6;   64.83;   19.3;    9.2;    7.3;eor
       2290;20180522;   10;  13.7;   2.9;    3;   3.8;   6;    8.033;   0;   7.2;  10.9;  901.31;   14.6;   65.83;   19.5;   10.8;    8.4;eor
       2290;20180523;   10;  11.6;   3.6;    3;   4.4;   6;    4.533;   0;   7.0;  12.5;  905.12;   13.9;   79.71;   19.5;   10.3;    9.5;eor
       2290;20180524;   10;   6.6;   2.5;    3;  10.4;   6;    1.250;   0;   7.3;  12.9;  906.56;   13.3;   84.25;   17.1;   11.4;    9.5;eor
       2290;20180525;   10;   7.7;   2.9;    3;   0.0;   0;    9.650;   0;   4.0;  12.3;  907.12;   16.4;   66.50;   20.9;   11.1;    9.1;eor
       2290;20180526;   10;   7.8;   3.2;    3;   0.0;   0;   12.533;   0;   5.9;  12.9;  908.70;   17.9;   63.04;   22.3;   13.3;   10.7;eor
       2290;20180527;   10;   7.0;   2.4;    3;   0.0;   0;    8.167;   0;   7.2;  13.2;  907.75;   18.8;   60.88;   22.5;   14.5;   10.7;eor
       2290;20180528;   10;   8.0;   3.1;    3;   0.0;   0;   10.850;   0;   5.9;  13.0;  905.86;   19.3;   58.83;   24.9;   14.3;   12.5;eor
       2290;20180529;   10;  12.3;   3.2;    3;  38.3;   8;    5.000;   0;   6.8;  14.0;  903.79;   18.0;   67.96;   22.5;   12.5;   12.5;eor
       2290;20180530;   10;   8.5;   3.6;    3;   0.0;   6;   12.333;   0;   4.2;  15.0;  904.46;   18.2;   72.88;   22.2;   12.9;   11.8;eor
       2290;20180531;   10;  11.5;   3.4;    3;  16.6;   8;    8.167;   0;   6.5;  14.7;  904.22;   17.6;   73.71;   23.4;   13.0;   12.4;eor
       2290;20180601;   10;  15.8;   4.2;    3;   0.0;   0;    6.567;   0;   6.9;  13.0;  907.52;   15.9;   72.75;   20.5;   11.7;   11.1;eor
       2290;20180602;   10;   7.7;   2.6;    3;   0.0;   6;    5.783;   0;   6.0;  13.7;  907.85;   16.6;   72.75;   20.1;   13.0;   11.7;eor
       2290;20180603;   10;   8.4;   3.3;    3;   0.0;   0;   14.750;   0;   2.5;  13.0;  905.88;   18.2;   62.13;   22.5;   13.0;   11.0;eor
       2290;20180604;   10;   9.9;   3.7;    3;   0.0;   0;   14.600;   0;   3.0;  13.0;  900.48;   19.2;   58.79;   23.6;   14.7;   13.2;eor
       2290;20180605;   10;   8.8;   3.4;    3;   0.0;   0;   11.800;   0;   2.4;  12.6;  900.20;   18.7;   59.42;   23.1;   13.8;   12.7;eor
       2290;20180606;   10;  10.9;   2.8;    3;   2.3;   6;    9.700;   0;   4.9;  13.8;  901.88;   18.0;   66.88;   22.3;   15.1;   14.1;eor
       2290;20180607;   10;   9.6;   3.1;    3;   4.4;   6;    1.817;   0;   6.8;  15.1;  904.30;   16.3;   81.38;   20.1;   13.5;   12.3;eor
       2290;20180608;   10;  11.1;   3.1;    3;   9.1;   6;    6.117;   0;   6.3;  15.7;  901.86;   16.3;   84.75;   22.4;   13.3;   12.6;eor
       2290;20180609;   10;  10.7;   4.2;    3;   4.7;   6;    9.217;   0;   5.1;  15.5;  902.16;   17.1;   80.75;   23.7;   12.7;   12.2;eor
       2290;20180610;   10;   9.7;   3.3;    3;   0.0;   6;   12.183;   0;   3.8;  16.3;  902.56;   19.3;   74.08;   24.5;   14.8;   13.9;eor
       2290;20180611;   10;  11.8;   3.5;    3;   0.5;   6;    8.783;   0;   4.5;  15.5;  900.27;   19.5;   69.63;   24.6;   14.1;   13.2;eor
       2290;20180612;   10;   7.7;   3.0;    3;  21.8;   6;    1.900;   0;   6.7;  15.1;  898.62;   14.8;   89.96;   19.2;   12.3;   12.5;eor
       2290;20180613;   10;  10.6;   3.5;    3;  25.0;   6;    0.000;   0;   8.0;  12.1;  900.37;    9.7;   99.42;   12.6;    7.8;    8.0;eor
       2290;20180614;   10;   5.6;   2.3;    3;   0.0;   0;    5.733;   0;   5.8;  10.3;  904.49;   10.7;   80.58;   14.5;    7.6;    7.5;eor
       2290;20180615;   10;   7.9;   2.8;    3;   0.0;   0;   13.883;   0;   2.6;  10.0;  905.29;   14.3;   61.54;   18.0;   10.7;    7.7;eor
       2290;20180616;   10;   6.6;   2.7;    3;   0.0;   0;   14.517;   0;   2.3;   9.6;  904.88;   16.5;   51.83;   20.9;   12.6;   10.1;eor
       2290;20180617;   10;   7.9;   3.0;    3;  14.7;   6;    2.433;   0;   6.5;  12.7;  907.05;   14.8;   76.21;   18.9;   12.5;   11.4;eor
       2290;20180618;   10;   5.6;   2.2;    3;   0.0;   0;    3.267;   0;   6.1;  13.7;  910.78;   14.5;   83.46;   18.8;   11.0;   11.2;eor
       2290;20180619;   10;   7.0;   2.6;    3;   0.0;   0;    8.283;   0;   3.8;  13.3;  912.83;   16.8;   69.92;   20.8;   12.1;   10.7;eor
       2290;20180620;   10;   6.7;   3.2;    3;   0.0;   0;   15.200;   0;   0.7;  14.1;  910.20;   19.7;   61.71;   23.7;   15.6;   13.7;eor
       2290;20180621;   10;  14.4;   4.8;    3;   0.9;   6;   10.717;   0;   4.1;  14.5;  906.23;   19.2;   65.21;   25.1;    9.2;    8.1;eor
       2290;20180622;   10;  11.6;   4.0;    3;   0.0;   0;    7.217;   0;   5.5;   7.5;  910.40;    9.7;   62.21;   15.0;    6.7;    5.7;eor
       2290;20180623;   10;   9.0;   2.9;    3;   0.5;   6;    9.250;   0;   5.7;   8.3;  911.06;   10.9;   64.46;   16.0;    6.3;    5.4;eor
       2290;20180624;   10;   7.1;   2.6;    3;   5.0;   6;    5.350;   0;   7.0;  10.2;  908.22;   12.0;   72.83;   16.3;    8.4;    7.5;eor
       2290;20180625;   10;   6.3;   2.1;    3;   0.2;   6;    2.067;   0;   7.5;  10.6;  909.44;   11.3;   79.92;   16.4;    8.2;    8.6;eor
       2290;20180626;   10;   6.5;   2.6;    3;   0.0;   0;    4.233;   0;   5.3;  10.9;  910.38;   13.8;   69.42;   17.7;   10.8;    8.2;eor
       2290;20180627;   10;  11.4;   3.3;    3;   0.3;   6;    9.017;   0;   4.5;  11.0;  909.08;   13.4;   72.17;   18.1;   10.4;    9.4;eor
       2290;20180628;   10;  14.4;   2.8;    3;  17.4;   6;    0.000;   0;   7.7;  12.2;  906.50;   11.3;   91.00;   12.8;   10.0;    9.4;eor
       2290;20180629;   10;   6.9;   1.9;    3;   0.5;   6;    4.200;   0;   5.7;  15.0;  904.70;   14.1;   93.04;   18.0;   11.7;   11.9;eor
       2290;20180630;   10;   9.7;   3.1;    3;   0.0;   0;   13.233;   0;   1.5;  14.3;  903.58;   19.0;   64.79;   23.3;   13.6;   12.4;eor
       2290;20180701;   10;  10.5;   3.9;    3;   0.0;   0;   14.367;   0;   1.5;  10.1;  904.10;   14.9;   60.00;   19.5;   10.1;    9.3;eor
       2290;20180702;   10;   8.2;   3.5;    3;   0.0;   0;   14.950;   0;   1.7;  10.3;  903.84;   16.0;   57.08;   21.0;   10.4;    9.6;eor
       2290;20180703;   10;  13.9;   3.2;    3;   0.0;   0;    6.067;   0;   6.5;  12.8;  905.97;   17.4;   64.13;   21.1;   15.1;   14.3;eor
       2290;20180704;   10;  13.3;   3.9;    3;   0.9;   6;    6.467;   0;   6.4;  14.4;  906.20;   18.0;   69.75;   24.0;   14.9;   12.4;eor
       2290;20180705;   10;  11.9;   3.8;    3;   7.5;   6;    2.617;   0;   6.7;  14.0;  904.39;   16.5;   75.50;   19.6;   12.8;   11.1;eor
       2290;20180706;   10;  13.6;   5.9;    3;  23.4;   6;    0.133;   0;   7.7;  14.6;  907.27;   12.8;   98.50;   14.3;   12.0;   12.0;eor
       2290;20180707;   10;   9.9;   3.4;    3;   0.0;   0;   11.400;   0;   3.9;  12.7;  910.68;   16.2;   71.04;   20.9;   12.0;   11.5;eor
       2290;20180708;   10;   7.4;   3.1;    3;   0.0;   6;    5.733;   0;   6.2;  12.6;  909.86;   17.6;   62.46;   21.0;   14.8;   11.3;eor
       2290;20180709;   10;   6.3;   2.2;    3;   0.0;   0;   11.883;   0;   3.8;  11.6;  908.30;   18.1;   55.88;   21.7;   14.8;   10.9;eor
       2290;20180710;   10;  11.0;   3.1;    3;   8.9;   6;    3.300;   0;   6.8;  12.3;  904.70;   14.9;   73.46;   20.1;   10.7;   10.8;eor
       2290;20180711;   10;   9.1;   3.0;    3;   0.0;   0;    7.017;   0;   6.4;  11.3;  904.45;   12.8;   76.92;   16.7;    9.9;    8.4;eor
       2290;20180712;   10;   7.0;   2.6;    3;   0.0;   0;   12.867;   0;   3.4;  11.0;  906.36;   15.3;   63.88;   20.1;    9.2;    7.5;eor
       2290;20180713;   10;   6.3;   1.6;    3;   0.0;   6;   11.033;   0;   3.7;  12.0;  908.46;   18.6;   56.83;   23.3;   14.4;   10.5;eor
       2290;20180714;   10;   9.7;   2.8;    3;   0.0;   6;    9.700;   0;   5.6;  12.9;  907.70;   19.3;   57.67;   25.1;   15.8;   13.2;eor
       2290;20180715;   10;  12.5;   3.3;    3;   0.8;   6;    8.067;   0;   5.8;  13.4;  905.73;   17.9;   66.13;   23.4;   13.9;   13.0;eor
       2290;20180716;   10;  10.7;   3.3;    3;   0.0;   0;    9.150;   0;   5.0;  13.9;  903.54;   16.7;   74.00;   22.7;   12.5;   12.4;eor
       2290;20180717;   10;  12.0;   4.6;    3;   2.4;   6;    9.767;   0;   5.3;  12.9;  905.42;   16.6;   68.67;   22.3;   12.7;   12.3;eor
       2290;20180718;   10;   8.9;   3.6;    3;   0.0;   0;   11.467;   0;   3.1;  12.4;  906.82;   19.6;   54.92;   25.2;   15.3;   14.0;eor
       2290;20180719;   10;   6.8;   3.1;    3;   0.0;   0;   14.350;   0;   1.7;  11.9;  906.27;   19.9;   51.33;   23.9;   16.8;   14.6;eor
       2290;20180720;   10;  16.7;   3.3;    3;   2.7;   6;   10.983;   0;   3.4;  12.6;  903.85;   20.6;   53.21;   26.0;   13.1;   12.9;eor
       2290;20180721;   10;  10.8;   4.3;    3;   9.4;   6;    0.450;   0;   7.8;  14.9;  902.47;   14.7;   89.00;   19.5;   12.8;   12.9;eor
       2290;20180722;   10;  12.2;   5.4;    3;  19.3;   6;    0.000;   0;   8.0;  14.8;  903.93;   13.6;   95.08;   15.3;   12.9;   13.0;eor
       2290;20180723;   10;   4.8;   1.6;    3;   0.0;   6;    5.133;   0;   5.5;  15.1;  906.72;   16.5;   81.92;   21.6;   12.9;   13.0;eor
       2290;20180724;   10;   8.2;   3.1;    3;   0.0;   0;   14.383;   0;   0.4;  13.3;  905.34;   20.1;   57.54;   24.2;   15.8;   13.0;eor
       2290;20180725;   10;  10.5;   2.6;    3;   1.6;   6;   12.067;   0;   3.0;  13.0;  905.57;   21.4;   51.92;   25.9;   16.3;   14.5;eor
       2290;20180726;   10;   8.4;   2.9;    3;   0.0;   0;   13.400;   0;   1.4;  13.0;  905.53;   21.1;   51.88;   24.4;   18.1;   14.4;eor
       2290;20180727;   10;   7.6;   2.9;    3;   0.0;   0;   14.367;   0;   1.3;  13.2;  903.61;   21.5;   51.46;   25.1;   18.1;   15.8;eor
       2290;20180728;   10;  16.4;   4.5;    3;   0.1;   6;    8.550;   0;   5.1;  13.8;  902.97;   20.7;   57.21;   26.6;   16.8;   15.7;eor
       2290;20180729;   10;   6.4;   2.4;    3;   0.0;   0;   13.383;   0;   4.5;  14.1;  906.02;   21.1;   57.63;   25.9;   15.6;   14.6;eor
       2290;20180730;   10;   6.3;   2.7;    3;   0.0;   0;   14.200;   0;  -999;  13.0;  907.31;   24.0;   44.25;   27.7;   19.2;   16.4;eor
       2290;20180731;   10;   8.0;   2.6;    3;   0.0;   0;   14.017;   0;   0.3;  13.2;  907.82;   25.4;   40.92;   28.9;   22.3;   18.9;eor
       2290;20180801;   10;  18.0;   3.5;    3;  44.3;   8;   12.083;   0;   3.4;  15.2;  908.70;   23.9;   53.42;   28.6;   15.2;   11.6;eor
       2290;20180802;   10;   9.1;   3.1;    3;   0.0;   0;   10.933;   0;   5.5;  17.4;  910.91;   20.4;   73.00;   24.9;   15.4;   14.8;eor
       2290;20180803;   10;   9.7;   3.0;    3;   0.0;   0;   13.917;   0;   2.0;  17.5;  909.83;   23.1;   63.04;   27.3;   18.2;   16.1;eor
       2290;20180804;   10;   8.0;   2.4;    3;   0.0;   0;   12.700;   0;   2.5;  15.2;  908.25;   24.0;   51.54;   28.0;   19.4;   16.7;eor
       2290;20180805;   10;   7.7;   3.7;    3;   0.0;   0;   11.650;   0;   3.2;  16.6;  908.55;   23.3;   57.96;   26.9;   20.5;   19.3;eor
       2290;20180806;   10;  10.5;   3.4;    3;   0.0;   0;   11.083;   0;   7.1;  15.7;  907.17;   22.6;   57.92;   27.4;   18.7;   17.6;eor
       2290;20180807;   10;   7.6;   2.9;    3;   0.1;   6;    7.450;   0;   6.4;  14.2;  905.23;   23.0;   50.25;   26.5;   19.4;   18.3;eor
       2290;20180808;   10;  15.0;   3.2;    3;   0.6;   6;    8.517;   0;   5.3;  15.0;  905.59;   22.4;   55.96;   27.5;   17.9;   16.7;eor
       2290;20180809;   10;  18.5;   3.1;    3;   8.6;   6;   11.767;   0;   5.0;  14.9;  905.38;   22.4;   57.75;   30.7;   14.3;   14.4;eor
       2290;20180810;   10;  11.2;   3.2;    3;   4.3;   6;    0.300;   0;   6.9;  13.8;  912.12;   13.5;   88.75;   15.5;   10.9;   10.9;eor
       2290;20180811;   10;   8.3;   3.0;    3;   0.0;   0;   12.017;   0;   4.5;  10.8;  911.63;   16.5;   58.00;   20.6;   12.9;   10.7;eor
       2290;20180812;   10;   7.0;   2.4;    3;   0.0;   0;   13.783;   0;   2.5;  12.7;  906.46;   19.3;   56.58;   25.1;   14.0;   12.0;eor
       2290;20180813;   10;  19.2;   3.7;    3;  20.3;   6;    6.650;   0;   5.0;  14.6;  902.17;   18.8;   70.25;   25.7;   14.3;   14.0;eor
       2290;20180814;   10;  11.3;   4.4;    3;   3.5;   6;    3.167;   0;   7.3;  14.4;  905.34;   14.8;   85.79;   18.5;   12.6;   12.4;eor
       2290;20180815;   10;   5.8;   2.2;    3;   0.0;   0;    9.350;   0;   4.9;  13.2;  909.18;   17.1;   68.54;   21.3;   13.1;   11.9;eor
       2290;20180816;   10;   6.4;   2.8;    3;   0.0;   0;   13.767;   0;   0.8;  12.6;  906.67;   19.4;   56.29;   23.1;   15.7;   13.5;eor
       2290;20180817;   10;   9.0;   3.0;    3;   0.0;   0;   10.967;   0;   3.0;  13.3;  905.89;   20.3;   56.42;   25.0;   16.1;   13.4;eor
       2290;20180818;   10;   9.1;   3.1;    3;   0.0;   0;    8.650;   0;   4.4;  14.9;  909.92;   18.7;   69.67;   22.7;   14.9;   14.7;eor
       2290;20180819;   10;   7.5;   2.6;    3;   0.0;   0;   12.433;   0;   2.2;  14.5;  910.13;   20.7;   60.33;   24.8;   15.9;   13.5;eor
       2290;20180820;   10;   7.8;   2.8;    3;   0.0;   0;   11.167;   0;   3.1;  14.0;  909.21;   20.7;   57.50;   24.7;   17.4;   15.2;eor
       2290;20180821;   10;   7.3;   3.4;    3;   0.0;   0;   12.917;   0;   2.0;  14.6;  908.87;   20.6;   60.63;   25.0;   16.1;   14.8;eor
       2290;20180822;   10;   6.7;   2.1;    3;   0.0;   0;   11.350;   0;   2.9;  14.2;  907.45;   22.7;   51.58;   26.7;   18.4;   14.1;eor
       2290;20180823;   10;  14.1;   4.4;    3;  24.6;   8;    6.500;   0;   7.1;  14.9;  905.05;   19.2;   67.83;   26.0;   14.8;   14.7;eor
       2290;20180824;   10;  13.0;   5.4;    3;  10.9;   6;    0.350;   0;   7.1;  13.7;  903.01;   15.2;   79.88;   20.9;   10.3;   10.6;eor
       2290;20180825;   10;  11.2;   5.2;    3;   5.6;   6;    0.183;   0;   7.7;  10.5;  902.83;    9.6;   88.58;   13.5;    6.5;    6.7;eor
       2290;20180826;   10;   6.2;   2.7;    3;   0.0;   0;    5.083;   0;   6.7;   8.5;  905.24;    9.4;   73.54;   13.2;    6.6;    6.4;eor
       2290;20180827;   10;  12.0;   4.1;    3;   0.2;   6;    7.017;   0;   4.8;   8.1;  905.73;   15.0;   48.79;   22.1;    7.9;    6.1;eor
       2290;20180828;   10;   7.6;   3.1;    3;   0.0;   0;   10.217;   0;   3.5;  13.6;  908.00;   17.9;   66.46;   21.9;   14.9;   12.9;eor
       2290;20180829;   10;  20.0;   3.9;    3;  26.8;   6;   10.867;   0;   5.0;  14.2;  905.08;   19.3;   66.67;   26.4;   13.2;   12.2;eor
       2290;20180830;   10;  16.1;   4.2;    3;   2.2;   6;    0.000;   0;   7.7;  14.2;  908.14;   13.2;   92.79;   14.9;   11.7;   11.6;eor
       2290;20180831;   10;   8.4;   3.5;    3;  35.6;   6;    0.000;   0;   8.0;  13.0;  907.15;   11.0;   98.71;   12.2;    9.6;    9.8;eor
       2290;20180901;   10;   9.6;   3.7;    3;  13.0;   6;    0.000;   0;   8.0;  11.4;  908.97;    8.9;   99.38;   10.1;    8.1;    8.4;eor
       2290;20180902;   10;   5.5;   1.8;    3;   0.1;   6;    0.850;   0;   7.9;  12.0;  907.77;   10.0;   97.50;   12.5;    8.1;    8.4;eor
       2290;20180903;   10;   5.5;   1.7;    3;   0.0;   6;    0.833;   0;   7.5;  12.8;  904.73;   12.4;   88.71;   16.1;   10.2;   10.2;eor
       2290;20180904;   10;   7.6;   2.9;    3;   0.5;   6;    1.717;   0;   5.4;  13.2;  905.21;   12.8;   89.17;   15.5;   10.8;   10.0;eor
       2290;20180905;   10;   6.4;   3.0;    3;   0.0;   0;   12.017;   0;   1.1;  13.8;  905.70;   15.9;   76.75;   19.8;   12.1;   10.5;eor
       2290;20180906;   10;  12.9;   2.9;    3;  30.2;   8;    8.433;   0;   4.8;  14.2;  902.16;   16.3;   77.83;   21.4;   12.0;   10.9;eor
       2290;20180907;   10;  10.4;   4.4;    3;   2.0;   6;    1.883;   0;   6.9;  13.9;  904.36;   13.6;   89.58;   18.1;   11.8;   11.5;eor
       2290;20180908;   10;   5.4;   2.5;    3;   0.0;   0;    8.550;   0;   4.2;  12.6;  909.20;   14.0;   79.17;   17.9;   10.4;    9.3;eor
       2290;20180909;   10;   5.7;   2.6;    3;   0.0;   0;   12.450;   0;   4.1;  12.4;  910.74;   17.0;   65.33;   22.2;   12.3;    9.2;eor
       2290;20180910;   10;   9.1;   3.1;    3;   0.0;   0;   11.000;   0;   4.0;  10.8;  912.48;   18.2;   52.29;   22.8;   13.5;   10.8;eor
       2290;20180911;   10;   8.1;   4.0;    3;   0.0;   0;   12.317;   0;   4.5;  11.0;  914.05;   19.5;   48.79;   24.4;   16.1;   13.7;eor
       2290;20180912;   10;   7.3;   2.4;    3;   0.0;   0;   12.067;   0;   1.4;  11.5;  911.41;   21.3;   45.38;   26.1;   17.2;   11.3;eor
       2290;20180913;   10;  14.6;   3.0;    3;  41.7;   8;    3.767;   0;   5.2;  14.0;  907.55;   17.2;   72.88;   22.4;   12.0;    8.4;eor
       2290;20180914;   10;   6.8;   2.2;    3;   0.0;   6;    2.550;   0;   6.9;  14.2;  908.27;   13.8;   89.96;   16.4;   11.6;   11.9;eor
       2290;20180915;   10;   6.3;   2.3;    3;   0.2;   6;    0.750;   0;   6.9;  13.9;  911.42;   13.6;   89.25;   16.2;   12.0;   11.4;eor
       2290;20180916;   10;   6.2;   2.5;    3;   1.7;   6;   10.983;   0;   4.8;  14.0;  910.83;   15.0;   82.58;   19.3;   10.2;    9.2;eor
       2290;20180917;   10;   6.4;   2.6;    3;   0.0;   0;   10.633;   0;   2.4;  14.6;  909.68;   18.0;   70.79;   20.9;   14.5;   12.3;eor
       2290;20180918;   10;  14.1;   4.3;    3;   1.3;   6;    7.567;   0;   3.3;  13.6;  907.94;   17.9;   67.17;   24.6;   13.7;   12.6;eor
       2290;20180919;   10;   8.9;   2.6;    3;   0.0;   0;   11.433;   0;   2.4;  13.1;  910.43;   18.5;   61.75;   23.2;   13.7;   11.4;eor
       2290;20180920;   10;   6.2;   2.2;    3;   0.0;   0;   11.767;   0;   0.4;  12.7;  909.22;   19.4;   56.67;   23.0;   15.6;   12.2;eor
       2290;20180921;   10;  15.9;   5.0;    3;   6.8;   6;    7.867;   0;   4.3;  12.2;  904.66;   17.8;   61.92;   24.5;    7.7;    7.7;eor
       2290;20180922;   10;  15.7;   3.0;    3;   7.8;   6;    7.017;   0;   7.1;   9.6;  909.88;   10.0;   79.50;   14.4;    7.1;    7.0;eor
       2290;20180923;   10;  27.2;  10.4;    3;  23.4;   6;    7.200;   0;   6.1;  14.1;  903.73;   15.6;   81.00;   23.4;    8.5;    7.5;eor
       2290;20180924;   10;-999;   3.3;    3;   0.0;   6;    5.950;   0;   5.7;   7.3;  915.95;    6.2;   78.08;    9.6;    3.5;    2.3;eor
       2290;20180925;   10;   9.5;   3.7;    3;   0.0;   0;    8.967;   0;   2.6;   6.3;  920.90;    5.0;   72.42;    9.0;    2.5;    1.2;eor
       2290;20180926;   10;   9.4;   2.9;    3;   0.0;   0;   11.050;   0;   4.4;   7.8;  919.48;   10.0;   63.04;   16.5;    3.4;    2.1;eor
       2290;20180927;   10;   7.4;   2.2;    3;   0.0;   0;   11.683;   0;   1.0;   8.5;  915.80;   14.9;   50.25;   18.0;   10.9;    6.1;eor
       2290;20180928;   10;   9.9;   4.3;    3;   0.0;   0;    7.567;   0;   3.8;  10.5;  909.75;   14.0;   65.50;   18.7;    7.8;    7.8;eor
       2290;20180929;   10;   9.9;   4.4;    3;   0.0;   0;    4.550;   0;   5.7;   8.8;  910.07;    7.5;   84.58;   12.0;    4.9;    3.3;eor
       2290;20180930;   10;  12.0;   2.8;    3;  15.2;   6;   10.700;   0;   1.8;  10.2;  904.66;   12.7;   71.08;   19.7;    5.3;    3.0;eor
       2290;20181001;   10;  11.4;   4.5;    3;  19.0;   8;    0.000;   0;   7.8;   9.5;  903.03;    6.3;   98.25;   10.2;    3.0;    2.5;eor
       2290;20181002;   10;  17.3;   5.8;    3;   0.1;   6;    3.750;   0;   7.4;   7.2;  908.61;    5.0;   82.42;    8.9;    1.8;    1.8;eor
       2290;20181003;   10;  17.5;   6.2;    3;   0.0;   6;    0.483;   0;   7.1;   9.6;  911.95;    8.7;   85.33;   11.6;    6.2;    5.5;eor
       2290;20181004;   10;   7.1;   3.2;    3;   0.0;   0;   10.700;   0;   2.8;  10.1;  912.86;    9.6;   84.83;   13.4;    6.7;    5.5;eor
       2290;20181005;   10;   5.8;   2.4;    3;   0.0;   0;   10.800;   0;   0.9;  10.5;  908.45;   13.7;   68.54;   18.7;    8.1;    6.0;eor
       2290;20181006;   10;   7.2;   3.0;    3;   0.0;   6;    7.567;   0;   5.5;  10.2;  902.93;   16.2;   55.58;   20.6;   13.1;   11.2;eor
       2290;20181007;   10;   8.4;   2.9;    3;   0.1;   6;    3.083;   0;   5.5;  11.6;  903.47;   14.1;   72.04;   17.0;   11.2;   10.0;eor
       2290;20181008;   10;   7.7;   2.7;    3;   0.0;   0;    4.683;   0;   4.5;  11.9;  907.65;   11.3;   88.88;   13.2;    8.8;    8.6;eor
       2290;20181009;   10;   7.0;   1.9;    3;   0.1;   6;    3.567;   0;   7.1;  12.7;  909.27;   11.7;   92.46;   14.7;   10.5;    9.9;eor
       2290;20181010;   10;   9.7;   3.4;    3;   0.0;   0;   10.550;   0;   2.0;  11.6;  906.22;   13.9;   74.33;   19.2;    8.5;    7.4;eor
       2290;20181011;   10;  12.6;   4.6;    3;   0.0;   6;    8.550;   0;   3.4;   8.5;  904.78;   17.7;   41.75;   23.3;   14.1;   10.2;eor
       2290;20181012;   10;  10.6;   3.6;    3;   0.0;   0;   10.350;   0;   1.6;  10.6;  911.75;   16.5;   56.29;   19.8;   13.9;   10.3;eor
       2290;20181013;   10;   6.9;   2.6;    3;   0.0;   0;   10.500;   0;   0.0;  11.6;  909.45;   15.5;   65.83;   18.5;   13.0;    9.1;eor
       2290;20181014;   10;   9.3;   4.6;    3;   0.0;   0;   10.483;   0;   0.4;   7.1;  903.57;   17.7;   35.54;   23.3;   14.4;    9.2;eor
       2290;20181015;   10;   8.0;   3.9;    3;   0.0;   0;    9.433;   0;   1.3;   7.7;  903.58;   15.9;   42.50;   21.2;   13.0;    9.3;eor
       2290;20181016;   10;   6.1;   2.9;    3;   0.0;   0;   10.033;   0;   1.3;   7.5;  906.99;   15.1;   43.96;   18.9;   11.9;    9.7;eor
       2290;20181017;   10;   7.0;   2.6;    3;   0.0;   0;    9.983;   0;   0.3;   8.9;  906.78;   13.3;   57.88;   16.2;   10.7;    7.1;eor
       2290;20181018;   10;   7.2;   3.4;    3;   0.0;   0;    9.283;   0;   3.9;  10.0;  906.99;   11.9;   71.83;   14.7;   10.4;    8.9;eor
       2290;20181019;   10;   6.8;   2.8;    3;   0.0;   0;    9.267;   0;   3.0;  10.6;  908.78;   10.2;   85.25;   12.4;    8.5;    7.1;eor
       2290;20181020;   10;   6.1;   1.8;    3;   0.0;   0;    3.550;   0;   5.4;  10.0;  913.64;    9.4;   84.67;   12.5;    7.4;    3.6;eor
       2290;20181021;   10;  10.6;   3.2;    3;   0.0;   0;    6.017;   0;   4.3;   7.3;  912.67;    6.7;   74.58;    9.2;    3.6;    2.3;eor
       2290;20181022;   10;   6.3;   2.8;    3;   0.0;   0;   10.083;   0;   2.4;   6.6;  912.68;    5.7;   72.46;    8.8;    2.6;    1.1;eor
       2290;20181023;   10;  23.1;   6.9;    3;   0.6;   6;    3.483;   0;   6.0;   6.7;  912.22;    7.4;   66.92;   10.6;    2.6;    1.5;eor
       2290;20181024;   10;  25.0;   9.9;    3;   2.7;   6;    0.000;   0;   7.8;   8.9;  909.24;    7.7;   85.54;    9.8;    5.0;    4.6;eor
       2290;20181025;   10;  10.6;   4.2;    3;   0.0;   0;    9.950;   0;   5.2;  10.4;  906.68;    9.2;   89.96;   14.5;    7.0;    6.6;eor
       2290;20181026;   10;  13.6;   4.2;    3;   0.0;   6;    7.550;   0;   6.1;   8.0;  898.51;    9.9;   68.04;   15.5;    5.2;    5.1;eor
       2290;20181027;   10;   9.0;   3.0;    3;  23.3;   8;    0.000;   0;   7.9;   6.9;  894.39;    2.4;   94.92;    5.8;   -0.3;   -0.1;eor
       2290;20181028;   10;  11.9;   4.3;    3;   2.5;   6;    0.000;   5;   8.0;   6.3;  890.53;    0.5;   99.96;    1.2;   -0.4;    0.0;eor
       2290;20181029;   10;  22.3;   4.5;    3;   3.2;   6;    1.167;   0;   6.8;   8.4;  884.05;    4.8;   95.92;   11.0;    0.7;    1.0;eor
       2290;20181030;   10;  25.5;   6.2;    3;   0.0;   0;    1.167;   0;   4.5;   6.1;  887.83;    4.8;   72.21;    9.9;    1.8;    0.8;eor
       2290;20181031;   10;  13.3;   5.6;    3;   0.0;   0;    0.883;   0;   6.4;   5.6;  901.97;    7.4;   54.96;   10.8;    3.4;    0.0;eor
       2290;20181101;   10;  15.7;   5.0;    3;   0.0;   0;    3.300;   0;   5.5;   7.2;  900.59;   10.4;   58.42;   15.2;    5.6;    4.3;eor
       2290;20181102;   10;   5.6;   2.5;    3;   0.0;   6;    0.000;   0;   7.5;   8.2;  908.23;    6.3;   86.08;    7.7;    5.3;    4.4;eor
       2290;20181103;   10;   6.2;   2.4;    3;   0.0;   0;    0.217;   0;   7.9;   9.1;  910.11;    5.9;   97.33;    7.8;    4.4;    4.7;eor
       2290;20181104;   10;  12.6;   3.9;    3;   0.0;   6;    0.000;   0;   7.5;   8.7;  903.04;    8.4;   82.63;   15.6;    4.9;    4.8;eor
       2290;20181105;   10;  14.9;   7.2;    3;   0.0;   0;    5.433;   0;   4.9;   7.5;  898.14;   15.1;   43.58;   20.1;   12.8;   10.2;eor
       2290;20181106;   10;  13.9;   6.1;    3;   0.0;   0;    5.700;   0;   4.8;   7.3;  897.77;   14.6;   45.42;   22.2;    7.9;    6.2;eor
       2290;20181107;   10;   8.8;   3.9;    3;   0.5;   6;    7.500;   0;   4.1;   9.1;  900.53;   11.2;   71.29;   18.7;    7.8;    5.7;eor
       2290;20181108;   10;   9.9;   3.4;    3;   0.0;   6;    3.367;   0;   6.0;   9.3;  906.40;    7.6;   88.83;    9.7;    5.4;    4.8;eor
       2290;20181109;   10;   7.8;   2.8;    3;   0.0;   0;    3.317;   0;   6.7;   8.9;  902.85;    6.9;   89.92;   11.0;    4.0;    3.0;eor
       2290;20181110;   10;   5.9;   2.6;    3;   0.1;   6;    8.667;   0;   1.2;   7.7;  898.54;   10.8;   61.29;   17.1;    7.1;    4.4;eor
       2290;20181111;   10;   9.5;   3.1;    3;   0.0;   0;    6.383;   0;   3.8;   8.7;  902.22;    9.7;   72.29;   13.3;    6.6;    4.0;eor
       2290;20181112;   10;   8.5;   3.4;    3;   0.0;   0;    9.217;   0;   2.4;   8.4;  906.97;   13.7;   53.17;   19.9;   10.3;    7.0;eor
       2290;20181113;   10;  13.3;   4.8;    3;   0.1;   6;    2.350;   0;   5.6;   8.3;  913.53;    9.0;   72.96;   13.9;    5.3;    2.8;eor
       2290;20181114;   10;   7.3;   3.0;    3;   0.2;   6;    8.750;   0;   3.3;   8.1;  914.52;    5.8;   88.71;   12.0;    2.1;    1.8;eor
       2290;20181115;   10;   4.5;   1.4;    3;   0.0;   0;    0.000;   0;   7.3;   6.9;  911.46;    1.7;   99.58;    3.2;    0.8;    0.8;eor
       2290;20181116;   10;  12.2;   2.9;    3;   0.0;   0;    0.033;   0;   8.0;   6.0;  911.08;   -0.1;   98.79;    1.1;   -1.1;   -1.1;eor
       2290;20181117;   10;  13.3;   4.6;    3;   0.0;   0;    5.767;   0;   4.2;   5.0;  909.26;   -1.2;   89.92;    2.6;   -3.9;   -4.5;eor
       2290;20181118;   10;   7.8;   3.1;    3;   2.7;   7;    3.533;   0;   6.3;   4.6;  905.07;   -3.1;   95.21;   -1.1;   -4.4;   -4.3;eor
       2290;20181119;   10;  11.3;   4.6;    3;   0.0;   7;    0.000;   3;   8.0;   4.5;  895.10;   -3.6;   96.79;   -2.5;   -4.5;   -4.2;eor
       2290;20181120;   10;   7.3;   3.0;    3;   0.0;   0;    4.250;   4;   4.4;   5.0;  891.45;   -2.0;   94.29;    1.0;   -4.4;   -4.2;eor
       2290;20181121;   10;   8.8;   2.4;    3;   0.0;   0;    1.367;   4;   5.5;   4.8;  898.46;   -2.0;   90.67;    2.8;   -4.8;   -5.4;eor
       2290;20181122;   10;   5.3;   2.1;    3;   0.0;   0;    6.283;   4;   5.8;   5.9;  904.01;    2.1;   82.13;    7.6;   -4.8;   -5.6;eor
       2290;20181123;   10;  11.4;   3.1;    3;   0.0;   6;    5.600;   0;   4.6;   5.8;  902.95;    4.5;   69.75;    8.2;    0.4;   -2.2;eor
       2290;20181124;   10;  13.6;   4.5;    3;   2.0;   6;    0.467;   0;   7.6;   6.9;  899.72;    3.3;   89.17;    6.6;   -0.8;   -0.5;eor
       2290;20181125;   10;   7.8;   2.6;    3;   0.2;   6;    4.367;   0;   7.1;   6.4;  894.31;    1.4;   94.58;    4.5;   -0.5;    0.0;eor
       2290;20181126;   10;   4.2;   1.5;    3;   6.9;   8;    0.000;   0;   8.0;   5.9;  892.32;   -0.4;   99.50;    0.6;   -1.6;   -1.5;eor
       2290;20181127;   10;   5.9;   2.2;    3;   2.3;   7;    0.000;  15;   7.8;   5.3;  902.14;   -1.6;   97.54;   -0.7;   -2.4;   -7.7;eor
       2290;20181128;   10;   7.0;   2.9;    3;   0.0;   0;    7.750;  10;   4.8;   4.8;  908.20;   -1.5;   87.38;    1.1;   -3.2;   -9.7;eor
       2290;20181129;   10;   9.1;   3.4;    3;   0.0;   0;    3.367;   6;   7.5;   5.1;  905.43;    5.2;   58.29;    9.0;    0.4;   -2.6;eor
       2290;20181130;   10;  12.4;   4.5;    3;   5.2;   6;    0.000;   0;   7.9;   6.1;  902.00;    5.0;   72.17;    8.3;    1.8;    1.9;eor
       2290;20181201;   10;  10.7;   3.3;    3;   0.0;   0;    4.300;   0;   7.3;   6.9;  903.51;    3.2;   89.71;    7.1;    2.0;   -0.9;eor
       2290;20181202;   10;  19.7;   7.5;    3;   5.2;   6;    0.317;   0;   7.0;   7.0;  897.59;    7.1;   68.42;   10.2;    3.8;    0.5;eor
       2290;20181203;   10;  32.0;  11.9;    3;   2.8;   6;    1.717;   0;   7.3;   9.2;  896.55;    8.3;   83.71;   11.2;    6.2;    5.3;eor
       2290;20181204;   10;  21.8;   6.4;    3;  16.0;   8;    0.267;   0;   7.8;   7.5;  905.25;    3.7;   94.88;    7.1;    1.3;    1.0;eor
       2290;20181205;   10;  15.6;   3.2;    3;   1.7;   6;    0.850;   0;   7.2;   6.9;  909.38;    3.4;   88.50;    9.2;    1.3;    1.3;eor
       2290;20181206;   10;  16.9;   8.3;    3;   0.7;   6;    1.883;   0;   6.9;   8.5;  907.04;    6.5;   88.00;    9.5;    4.7;    4.7;eor
       2290;20181207;   10;  23.9;   8.1;    3;   2.7;   8;    0.600;   0;   6.9;   8.2;  901.43;    7.5;   79.50;   11.6;    2.8;    2.8;eor
       2290;20181208;   10;  27.2;  12.5;    3;   4.9;   8;    3.633;   0;   6.2;   5.6;  899.09;    2.5;   76.88;    4.6;    0.1;   -0.6;eor
       2290;20181209;   10;  29.8;  11.9;    3;  15.2;   8;    0.000;   0;   7.5;   6.8;  893.60;    2.2;   95.33;    6.4;    0.3;    0.1;eor
       2290;20181210;   10;  19.7;   7.2;    3;   4.0;   7;    0.250;   0;   7.7;   5.6;  904.60;   -0.7;   95.83;    1.1;   -2.9;   -3.3;eor
       2290;20181211;   10;  13.4;   5.5;    3;   2.0;   7;    0.383;   8;   7.6;   4.6;  906.56;   -2.8;   93.17;   -1.8;   -3.5;   -4.4;eor
       2290;20181212;   10;   9.1;   3.4;    3;   0.0;   7;    0.633;  10;   7.2;   4.2;  905.19;   -3.5;   89.67;   -2.0;   -4.2;   -5.6;eor
       2290;20181213;   10;   7.8;   3.0;    3;   0.0;   0;    1.400;   4;   8.0;   4.0;  898.91;   -4.9;   94.83;   -3.7;   -6.0;   -5.8;eor
       2290;20181214;   10;   4.7;   1.8;    3;   0.0;   7;    0.000;   3;   7.9;   3.3;  901.71;   -6.8;   90.38;   -5.9;   -7.4;   -7.1;eor
       2290;20181215;   10;   6.9;   2.4;    3;   0.0;   0;    0.533;   3;   5.8;   3.1;  905.35;   -7.2;   86.71;   -4.9;   -8.2;   -9.3;eor
       2290;20181216;   10;  22.4;   5.1;    3;   3.4;   8;    2.617;   3;   7.0;   4.9;  899.26;   -0.8;   81.79;    2.6;   -5.8;   -8.0;eor
       2290;20181217;   10;  13.6;   4.9;    3;   0.2;   7;    2.833;   6;   6.8;   5.7;  906.82;    0.5;   89.46;    2.0;   -1.5;   -4.0;eor
       2290;20181218;   10;  10.5;   3.9;    3;   0.0;   0;    7.300;   6;   3.8;   4.0;  908.89;    1.3;   60.33;    6.2;   -0.5;   -5.5;eor
       2290;20181219;   10;  13.3;   4.7;    3;   0.9;   6;    0.000;   6;   7.3;   4.5;  902.85;    3.7;   56.96;    6.6;   -0.3;   -2.0;eor
       2290;20181220;   10;  18.2;   8.4;    3;   0.0;   6;    5.383;   4;   6.8;   5.8;  904.19;    2.1;   82.00;    5.1;    0.4;    0.3;eor
       2290;20181221;   10;  24.1;   9.7;    3;   5.0;   6;    0.000;   3;   7.9;   6.6;  902.34;    4.4;   76.79;    7.5;    0.7;   -0.3;eor
       2290;20181222;   10;  28.2;  12.5;    3;   1.7;   6;    0.000;   0;   7.8;   8.2;  904.19;    6.4;   85.25;    8.2;    4.7;    4.0;eor
       2290;20181223;   10;  26.5;  10.3;    3;  13.4;   6;    0.000;   0;   7.7;   8.1;  907.23;    5.0;   92.29;    6.9;    3.4;    3.3;eor
       2290;20181224;   10;  27.8;   6.3;    3;   7.4;   8;    0.033;   0;   7.8;   6.8;  909.29;    1.4;   98.67;    7.1;   -1.4;   -2.0;eor
       2290;20181225;   10;   5.7;   2.5;    3;   0.0;   0;    0.033;   3;   6.7;   5.1;  917.06;   -2.0;   96.92;   -1.2;   -3.6;   -4.7;eor
       2290;20181226;   10;   8.0;   3.0;    3;   0.0;   0;    7.750;   3;   2.7;   3.7;  915.04;    1.3;   56.83;    5.2;   -3.2;   -6.2;eor
       2290;20181227;   10;   5.0;   2.3;    3;   0.0;   0;    2.650;   2;   5.5;   3.6;  911.33;    4.0;   43.92;    9.1;    0.4;   -2.4;eor
       2290;20181228;   10;   8.7;   3.3;    3;   0.0;   0;    6.767;   2;   4.9;   4.4;  911.89;    2.9;   59.13;    6.0;    0.0;   -2.4;eor
       2290;20181229;   10;  17.5;   4.2;    3;   2.3;   8;    1.450;   1;   6.3;   4.6;  914.64;   -2.1;   88.46;    0.8;   -4.9;   -4.5;eor
       2290;20181230;   10;  19.8;   7.8;    3;   6.3;   8;    0.000;   2;   7.8;   5.9;  915.24;   -0.4;   98.67;    0.1;   -1.1;   -0.9;eor
       2290;20181231;   10;  12.8;   6.0;    3;   8.2;   8;    0.000;   8;   7.6;   6.2;  916.64;    0.3;   99.88;    1.4;   -0.6;   -0.4;eor
       2290;20190101;   10;  22.8;   7.2;    3;   4.0;   8;    0.217;   8;   7.0;   6.1;  912.89;    0.1;   98.38;    1.0;   -1.1;   -1.1;eor
       2290;20190102;   10;  18.4;   6.0;    3;   2.1;   8;    0.017;  10;   7.5;   4.4;  912.17;   -3.6;   94.21;   -0.3;   -6.3;   -7.9;eor
       2290;20190103;   10;  10.9;   4.2;    3;   0.2;   7;    1.100;  11;   7.8;   3.4;  916.95;   -6.2;   87.83;   -4.2;   -7.3;   -8.3;eor
       2290;20190104;   10;  16.1;   5.4;    3;   0.6;   8;    0.000;  12;   7.5;   3.9;  916.28;   -5.1;   93.21;   -4.0;   -6.0;   -6.3;eor
       2290;20190105;   10;  23.3;  10.6;    3;  20.3;   4;    0.000;  10;   7.8;   4.7;  911.07;   -2.9;   95.25;   -1.4;   -4.1;   -4.5;eor
       2290;20190106;   10;  17.4;   7.3;    3;  11.3;   8;    0.000;-999;   8.0;   5.5;  912.57;   -1.4;   99.58;   -1.1;   -1.5;   -1.0;eor
       2290;20190107;   10;  15.0;   4.6;    3;   2.9;   8;    0.000;-999;   8.0;   5.4;  914.20;   -1.5;   99.71;   -0.9;   -2.5;   -3.0;eor
       2290;20190108;   10;  24.5;  10.9;    3;   6.1;   8;    0.017;  41;   7.6;   5.5;  902.01;   -1.3;   98.88;   -0.6;   -2.4;   -2.4;eor
       2290;20190109;   10;  19.2;   5.7;    3;  14.3;   8;    0.000;-999;   7.6;   4.6;  896.62;   -3.5;   96.79;   -2.0;   -4.8;   -4.7;eor
       2290;20190110;   10;   9.3;   3.8;    3;  11.3;   7;    0.000;-999;   7.8;   4.1;  903.26;   -4.7;   95.88;   -3.6;   -5.9;   -5.1;eor
       2290;20190111;   10;  17.3;   5.4;    3;   1.6;   8;    2.133;  72;   7.5;   3.7;  907.04;   -5.6;   93.13;   -3.6;   -7.7;  -11.3;eor
       2290;20190112;   10;  25.2;  10.5;    3;   5.3;   8;    0.350;  78;   6.5;   5.2;  905.20;   -1.8;   97.33;   -0.5;   -3.6;   -3.9;eor
       2290;20190113;   10;  28.6;  13.0;    3;   9.8;   8;    0.000;-999;   7.7;   6.0;  895.02;   -0.3;   99.88;    1.5;   -1.2;   -1.2;eor
       2290;20190114;   10;  20.5;   7.4;    3;   3.0;   8;    0.000;  68;   7.5;   5.6;  895.81;   -1.1;   98.29;    1.2;   -3.4;   -3.8;eor
       2290;20190115;   10;  15.5;   6.8;    3;   0.0;   4;    1.300;  68;   7.5;   4.4;  905.34;   -2.2;   84.92;    0.7;   -3.6;   -4.9;eor
       2290;20190116;   10;  17.1;   5.8;    3;   0.0;   0;    8.383;  64;   5.0;   4.1;  900.01;    1.4;   62.58;    5.9;   -4.0;   -9.3;eor
       2290;20190117;   10;  21.3;   9.9;    3;   0.8;   8;    4.317;  61;   6.9;   5.0;  895.18;    1.8;   73.13;    5.4;   -1.6;   -2.7;eor
       2290;20190118;   10;  20.7;   4.8;    3;   0.0;   7;    3.750;  62;   7.2;   3.5;  901.38;   -4.1;   78.67;   -0.2;   -7.0;   -7.6;eor
       2290;20190119;   10;   8.6;   2.7;    3;   0.0;   0;    7.333;  59;   6.0;   2.8;  898.46;   -5.6;   71.63;   -1.1;   -8.5;  -14.1;eor
       2290;20190120;   10;   4.6;   2.3;    3;   0.0;   7;    0.183;  57;   6.4;   3.1;  898.45;   -2.1;   59.08;    0.8;   -3.7;  -10.1;eor
       2290;20190121;   10;   4.2;   1.6;    3;   0.0;   7;    0.000;  56;   8.0;   3.8;  901.84;   -4.7;   88.92;   -2.8;   -5.9;   -6.2;eor
       2290;20190122;   10;   5.6;   1.9;    3;   0.0;   0;    4.283;  54;   6.4;   3.5;  893.96;   -6.4;   93.46;   -3.2;   -8.1;   -8.3;eor
       2290;20190123;   10;   3.6;   1.1;    3;   0.0;   7;    1.133;  53;   7.7;   3.1;  883.02;   -7.9;   91.92;   -4.8;  -10.2;  -13.7;eor
       2290;20190124;   10;   6.1;   2.1;    3;   0.1;   7;    4.117;  52;   7.0;   3.3;  891.39;   -6.8;   89.67;   -4.3;   -8.5;   -8.4;eor
       2290;20190125;   10;  11.8;   4.2;    3;   0.1;   8;    2.950;  54;   7.6;   2.8;  899.00;   -7.6;   80.83;   -4.5;   -8.9;  -10.0;eor
       2290;20190126;   10;  17.8;   8.9;    3;   2.2;   8;    0.000;  52;   7.8;   5.2;  896.72;   -1.0;   88.04;    1.4;   -6.2;   -6.5;eor
       2290;20190127;   10;  18.4;   6.1;    3;   1.1;   8;    1.100;  50;   7.9;   5.5;  883.60;    0.9;   83.83;    4.4;   -0.7;   -1.8;eor
       2290;20190128;   10;  22.4;   9.4;    3;   0.7;   8;    2.933;  49;   7.5;   4.3;  885.52;   -2.5;   85.13;   -0.1;   -3.6;   -3.5;eor
       2290;20190129;   10;  11.1;   4.1;    3;   0.0;   7;    4.283;  49;   6.6;   3.9;  890.80;   -3.6;   83.08;   -0.3;   -5.4;   -6.9;eor
       2290;20190130;   10;  20.0;   5.7;    3;   0.0;   8;    0.000;  48;   7.7;   3.0;  883.53;   -1.9;   57.46;    0.8;   -4.2;   -7.1;eor
       2290;20190131;   10;   9.7;   3.7;    3;   0.0;   0;    5.917;  47;   5.8;   2.9;  883.75;   -2.6;   58.29;    2.1;   -5.7;   -9.9;eor
       2290;20190201;   10;  12.6;   3.6;    3;   2.0;   8;    0.100;  46;   7.9;   4.0;  878.61;    2.2;   56.42;    5.6;   -2.4;   -4.0;eor
       2290;20190202;   10;  12.4;   3.7;    3;  13.7;   8;    0.200;  45;   7.8;   6.4;  883.44;    1.5;   94.79;    3.4;   -0.4;    0.0;eor
       2290;20190203;   10;  11.1;   3.3;    3;   8.9;   8;    0.000;  54;   7.8;   5.0;  897.45;   -2.6;   98.21;   -0.4;   -4.4;   -1.0;eor
       2290;20190204;   10;   6.9;   2.3;    3;   0.0;   7;    4.933;  68;   6.9;   4.2;  910.95;   -4.3;   94.58;   -2.7;   -5.9;  -10.2;eor
       2290;20190205;   10;   5.8;   1.9;    3;   0.0;   0;    8.800;  64;   2.9;   4.0;  911.33;   -2.2;   76.46;    2.6;   -6.1;  -12.8;eor
       2290;20190206;   10;   7.6;   2.5;    3;   0.0;   0;    9.550;  61;   5.5;   3.4;  909.32;    0.7;   54.46;    6.1;   -2.6;   -8.7;eor
       2290;20190207;   10;  16.3;   7.4;    3;   3.6;   8;    1.400;  59;   7.5;   4.5;  902.62;    2.4;   63.96;    4.9;   -0.5;   -4.8;eor
       2290;20190208;   10;  15.3;   4.6;    3;   0.0;   0;    8.333;  53;   5.8;   4.5;  904.11;    2.2;   65.21;    7.1;   -1.5;   -4.6;eor
       2290;20190209;   10;  23.1;   8.6;    3;   0.1;   6;    1.183;  52;   7.8;   5.3;  900.85;    4.0;   66.38;    7.0;    1.7;   -2.0;eor
       2290;20190210;   10;  31.0;   5.8;    3;   2.9;   8;    3.550;  46;   7.5;   4.9;  893.46;    4.9;   60.83;   12.3;   -0.6;   -1.3;eor
       2290;20190211;   10;  22.0;   7.8;    3;   3.4;   8;    0.000;  46;   7.3;   5.0;  902.18;   -1.6;   92.04;    0.3;   -2.4;   -2.7;eor
       2290;20190212;   10;  11.1;   3.7;    3;   0.5;   8;    0.200;  48;   7.5;   4.6;  916.13;   -2.3;   89.13;   -1.3;   -3.5;   -7.1;eor
       2290;20190213;   10;   5.8;   2.2;    3;   0.0;   0;    9.250;  48;   3.7;   4.0;  919.65;    0.7;   63.21;    5.2;   -4.2;  -11.0;eor
       2290;20190214;   10;   6.7;   2.4;    3;   0.0;   0;    8.750;  47;   3.9;   4.6;  920.01;    5.3;   51.83;   10.0;    2.2;   -4.7;eor
       2290;20190215;   10;   8.2;   4.1;    3;   0.0;   0;    9.917;  45;   0.8;   3.9;  917.31;    6.6;   40.17;    8.9;    3.7;    0.3;eor
       2290;20190216;   10;   7.2;   2.8;    3;   0.0;   0;    9.950;  44;   0.0;   3.0;  914.49;    9.5;   25.96;   14.0;    4.8;   -3.7;eor
       2290;20190217;   10;   5.1;   1.6;    3;   0.0;   0;   10.183;  43;   0.6;   2.7;  911.75;   10.5;   21.04;   14.7;    6.9;   -2.9;eor
       2290;20190218;   10;   9.2;   2.1;    3;   0.0;   0;   10.183;  42;   0.0;   2.8;  907.22;    8.6;   25.75;   12.9;    4.5;   -1.6;eor
       2290;20190219;   10;  15.3;   5.5;    3;   0.0;   6;    7.750;  42;   6.0;   5.2;  906.85;    5.9;   56.42;   10.9;    3.2;    0.7;eor
       2290;20190220;   10;   6.1;   2.4;    3;   0.0;   0;    6.167;  38;   7.6;   6.4;  909.75;    4.6;   76.46;    7.7;    1.6;   -0.9;eor
       2290;20190221;   10;  10.7;   3.7;    3;   0.3;   6;    7.883;  35;   6.2;   5.5;  913.46;    6.3;   58.21;   10.4;    3.5;    1.7;eor
       2290;20190222;   10;  10.6;   3.7;    3;   2.3;   6;    0.000;  31;   7.8;   7.3;  917.49;    3.5;   93.50;    5.6;    0.8;    0.5;eor
       2290;20190223;   10;  11.6;   5.4;    3;   0.0;   0;    7.283;  27;   6.0;   4.4;  919.61;   -1.3;   78.17;    0.8;   -3.9;   -4.8;eor
       2290;20190224;   10;   7.9;   3.7;    3;   0.0;   0;    6.650;  26;   3.1;   3.7;  919.71;    1.6;   54.54;    7.4;   -1.7;   -3.0;eor
       2290;20190225;   10;  10.0;   4.2;    3;   0.0;   0;   10.350;  25;   3.0;   5.6;  920.21;    5.1;   63.38;    8.5;    2.6;    1.3;eor
       2290;20190226;   10;   7.2;   2.9;    3;   0.0;   0;    9.417;  20;   6.4;   5.8;  918.40;    8.2;   53.50;   11.3;    4.7;    2.7;eor
       2290;20190227;   10;   8.3;   2.2;    3;   0.0;   0;   10.567;  15;   1.5;   4.5;  913.15;    9.4;   38.67;   12.2;    6.0;    1.2;eor
       2290;20190228;   10;  21.7;   9.1;    3;   0.0;   8;   10.283;  10;   1.3;   5.4;  905.75;   10.0;   44.79;   14.7;    4.9;    4.3;eor
       2290;20190301;   10;  20.1;   8.6;    3;   4.2;   8;    0.017;   0;   7.6;   6.8;  902.05;    3.0;   90.50;    5.0;    1.5;    1.5;eor
       2290;20190302;   10;  16.4;   6.5;    3;   0.0;   6;    0.033;   0;   7.7;   6.4;  904.03;    3.0;   84.92;    5.0;    1.2;    1.0;eor
       2290;20190303;   10;  19.0;   7.6;    3;   0.0;   0;    7.200;   0;   7.7;   5.9;  901.78;    6.6;   62.79;   11.7;    2.7;    1.7;eor
       2290;20190304;   10;  33.3;  10.3;    3;   0.2;   8;    4.417;   0;   7.1;   4.5;  892.31;    6.9;   49.25;   13.1;   -0.1;   -0.9;eor
       2290;20190305;   10;  22.8;   9.5;    3;   0.1;   8;    6.333;   0;   5.0;   5.3;  897.94;    2.7;   72.17;    8.4;   -0.6;   -1.4;eor
       2290;20190306;   10;  10.0;   4.4;    3;   0.0;   0;    6.833;   0;   7.6;   4.4;  895.93;    8.2;   41.83;   13.1;    2.7;    0.0;eor
       2290;20190307;   10;  20.8;   7.5;    3;   2.2;   8;    3.400;   0;   6.5;   6.0;  892.62;    6.3;   66.75;   11.6;    2.3;    1.7;eor
       2290;20190308;   10;  22.6;   8.7;    3;   0.1;   8;    1.867;   0;   6.3;   5.7;  902.32;    3.2;   74.38;    5.3;    1.4;    0.3;eor
       2290;20190309;   10;  29.6;  11.4;    3;   1.1;   8;    4.000;   0;   7.8;   6.6;  904.30;    5.7;   72.00;   10.1;    2.2;    1.2;eor
       2290;20190310;   10;  32.5;  12.1;    3;   5.0;   8;    2.600;   0;   6.5;   8.0;  899.95;    6.5;   82.38;   10.7;    2.0;    1.7;eor
       2290;20190311;   10;  23.3;   8.7;    3;   2.6;   8;    1.167;   0;   5.7;   4.5;  905.18;   -0.9;   79.83;    2.0;   -3.4;   -3.8;eor
       2290;20190312;   10;  16.3;   5.3;    3;   1.5;   8;    7.683;   1;   5.9;   3.8;  905.70;    2.4;   55.46;    8.5;   -2.6;   -2.8;eor
       2290;20190313;   10;  25.2;   9.4;    3;   5.0;   8;    5.267;   0;   5.8;   5.2;  898.34;    1.8;   77.58;    8.2;   -1.4;   -1.5;eor
       2290;20190314;   10;  28.8;  11.1;    3;   0.9;   8;    0.000;   7;   7.5;   5.9;  896.16;    0.1;   96.08;    1.5;   -0.8;   -0.7;eor
       2290;20190315;   10;  30.7;  11.5;    3;   9.3;   8;    0.000;   0;   7.7;   7.5;  897.74;    3.3;   96.54;    6.2;    0.2;    0.1;eor
       2290;20190316;   10;  30.1;  11.3;    3;   0.0;   0;    7.983;   0;   5.6;   6.7;  900.25;    9.1;   61.08;   14.6;    5.3;    4.4;eor
       2290;20190317;   10;  20.5;   7.8;    3;   2.0;   8;    9.533;   0;   6.8;   4.6;  896.19;    9.0;   46.67;   16.6;   -1.5;   -1.3;eor
       2290;20190318;   10;  12.6;   5.5;    3;   3.1;   8;    2.400;   0;   7.1;   5.4;  904.24;   -0.7;   93.00;    3.4;   -1.8;   -1.9;eor
       2290;20190319;   10;   6.4;   2.0;    3;   0.0;   8;    1.600;   0;   6.1;   4.9;  910.89;    0.4;   78.54;    4.2;   -1.6;   -3.0;eor
       2290;20190320;   10;   8.0;   2.7;    3;   0.0;   0;   11.683;   0;   0.1;   4.2;  916.48;    1.6;   61.96;    4.8;   -2.0;   -4.7;eor
       2290;20190321;   10;   8.7;   4.1;    3;   0.0;   0;   11.783;   0;   2.3;   4.6;  915.83;    3.4;   59.08;    8.5;   -2.1;   -3.0;eor
       2290;20190322;   10;   6.0;   2.8;    3;   0.0;   0;   11.250;   0;   3.3;   5.4;  914.56;    7.7;   51.29;   12.6;    2.2;   -0.8;eor
       2290;20190323;   10;   6.2;   3.0;    3;   0.0;   0;   11.800;   0;   2.4;   5.4;  913.16;   11.1;   40.92;   16.3;    7.9;    4.1;eor
       2290;20190324;   10;  10.6;   2.8;    3;   0.0;   6;   11.517;   0;   2.0;   6.5;  908.94;   10.3;   53.75;   17.4;    5.1;    3.4;eor
       2290;20190325;   10;  13.6;   4.0;    3;   0.3;   8;    1.267;   0;   7.2;   5.9;  906.13;    2.5;   81.67;    5.8;   -2.1;   -3.0;eor
       2290;20190326;   10;   6.7;   2.5;    3;   0.0;   0;    2.917;   0;   6.7;   4.6;  912.02;    0.2;   75.67;    4.5;   -2.2;   -2.2;eor
       2290;20190327;   10;   6.4;   2.6;    3;   0.0;   8;    1.050;   0;   7.8;   5.3;  914.83;    1.5;   77.33;    4.9;   -1.4;   -2.5;eor
       2290;20190328;   10;  11.4;   4.4;    3;   0.0;   0;    7.600;   0;   6.1;   5.7;  916.14;    4.3;   70.71;    9.2;    0.6;    0.1;eor
       2290;20190329;   10;   8.8;   3.7;    3;   0.0;   0;   12.267;   0;   0.3;   6.1;  913.93;    6.4;   65.29;   11.8;    1.4;    0.2;eor
       2290;20190330;   10;   8.2;   2.7;    3;   0.0;   0;   12.200;   0;   2.6;   5.7;  909.88;   10.0;   47.04;   14.1;    4.9;    1.9;eor
       2290;20190331;   10;   9.2;   3.7;    3;   0.0;   0;   12.150;   0;   1.0;   5.9;  906.39;   10.4;   47.04;   14.2;    6.6;    4.8;eor
       2290;20190401;   10;   8.9;   4.4;    3;   0.0;   0;   11.967;   0;   0.7;   7.4;  903.66;    7.4;   72.00;   12.1;    2.5;    1.5;eor
       2290;20190402;   10;  12.0;   2.8;    3;   0.0;   0;    8.617;   0;   7.5;   5.9;  898.50;   12.5;   42.46;   20.5;    7.1;    3.8;eor
       2290;20190403;   10;  12.0;   3.5;    3;   0.0;   0;    6.617;   0;   6.7;   6.3;  890.54;    9.6;   54.88;   16.4;    1.7;    2.4;eor
       2290;20190404;   10;  14.0;   4.5;    3;   0.2;   8;    1.433;   0;   7.7;   6.1;  886.13;    1.5;   90.08;    8.2;   -1.1;   -0.7;eor
       2290;20190405;   10;   6.5;   2.4;    3;   0.0;   0;    0.000;   0;   8.0;   6.2;  890.87;    1.9;   88.50;    5.2;   -1.1;   -1.5;eor
       2290;20190406;   10;  10.9;   3.4;    3;   0.0;   0;   10.433;   0;   5.0;   7.7;  890.90;    6.8;   78.92;   12.8;    2.1;   -0.5;eor
       2290;20190407;   10;   9.1;   3.6;    3;   9.0;   6;    4.867;   0;   7.1;   8.3;  892.01;    7.6;   80.63;   14.2;    4.9;    2.9;eor
       2290;20190408;   10;  11.1;   4.1;    3;   3.0;   6;    0.000;   0;   7.8;   8.5;  897.10;    4.8;   98.29;    6.8;    3.6;    3.7;eor
       2290;20190409;   10;   7.8;   2.4;    3;  20.2;   6;    1.017;   0;   7.3;   8.9;  896.37;    6.9;   90.08;   10.6;    4.4;    4.4;eor
       2290;20190410;   10;   8.0;   3.3;    3;   4.4;   6;    0.000;   0;   7.8;   8.8;  896.39;    5.1;   99.92;    6.0;    4.4;    4.6;eor
       2290;20190411;   10;   8.6;   4.1;    3;   0.0;   8;    0.000;   0;   7.9;   7.3;  901.17;    3.1;   95.75;    5.0;    1.2;    1.0;eor
       2290;20190412;   10;   8.4;   3.8;    3;   0.0;   0;    0.417;   0;   7.9;   5.5;  903.18;    1.6;   80.50;    4.6;   -0.4;    0.0;eor
       2290;20190413;   10;   7.1;   3.2;    3;   1.2;   8;    3.967;   0;   7.7;   5.4;  902.43;    1.7;   79.00;    5.9;   -0.8;   -0.8;eor
       2290;20190414;   10;   7.8;   2.7;    3;   0.0;   8;    0.000;   0;   7.2;   5.6;  903.02;    1.1;   85.50;    2.9;   -1.3;   -1.0;eor
       2290;20190415;   10;  10.1;   4.0;    3;   0.0;   0;    8.183;   0;   3.7;   6.8;  906.14;    4.7;   80.33;    9.6;    1.1;    1.2;eor
       2290;20190416;   10;   7.5;   2.9;    3;   0.0;   6;    9.600;   0;   3.5;   6.3;  904.33;    9.7;   54.00;   15.1;    4.8;    2.3;eor
       2290;20190417;   10;  11.3;   4.2;    3;   0.0;   0;   12.083;   0;   5.6;   6.8;  907.91;    9.4;   59.42;   14.7;    5.4;    4.1;eor
       2290;20190418;   10;  10.7;   4.5;    3;   0.0;   0;   13.117;   0;   1.9;   6.8;  909.12;   10.7;   52.88;   16.3;    5.4;    4.0;eor
       2290;20190419;   10;   9.5;   3.6;    3;   0.0;   0;   13.383;   0;   0.0;   6.5;  912.99;   13.7;   41.58;   17.9;    9.8;    4.3;eor
       2290;20190420;   10;   8.2;   3.0;    3;   0.0;   0;   13.467;   0;   0.0;   6.2;  912.60;   13.5;   40.63;   18.4;    9.2;    4.2;eor
       2290;20190421;   10;   9.1;   3.9;    3;   0.0;   0;   12.533;   0;   1.3;   5.9;  906.30;   14.1;   37.21;   18.9;    9.9;    5.8;eor
       2290;20190422;   10;  12.4;   4.9;    3;   0.0;   0;   12.900;   0;   6.4;   6.6;  896.47;   14.7;   39.25;   19.3;   10.7;    5.8;eor
       2290;20190423;   10;   9.4;   4.2;    3;   0.0;   0;    5.050;   0;   7.2;   6.9;  889.55;   15.2;   40.21;   20.7;   11.1;    9.6;eor
       2290;20190424;   10;  12.4;   5.3;    3;   0.0;   0;    8.883;   0;   6.0;   7.4;  894.05;   15.7;   42.50;   24.8;    6.4;    4.8;eor
       2290;20190425;   10;  13.0;   6.2;    3;   0.0;   0;    9.000;   0;   5.6;   7.0;  898.57;   14.8;   44.25;   22.8;    6.8;    5.9;eor
       2290;20190426;   10;  16.3;   5.6;    3;   4.6;   8;    1.367;   0;   6.2;   7.5;  901.43;    5.4;   85.46;   14.9;    1.4;    1.8;eor
       2290;20190427;   10;  16.4;   6.5;    3;   5.7;   8;    4.850;   0;   7.0;   7.4;  903.98;    5.6;   82.17;   11.6;    0.7;    0.6;eor
       2290;20190428;   10;  11.0;   4.1;    3;   2.2;   8;    4.483;   0;   6.6;   6.3;  905.36;    2.5;   86.67;    9.0;   -0.2;   -0.6;eor
       2290;20190429;   10;   9.1;   2.6;    3;  12.1;   4;    0.050;   0;   7.8;   7.2;  905.96;    2.4;   98.67;    5.2;    1.0;    1.1;eor
       2290;20190430;   10;  11.9;   4.8;    3;   0.1;   6;    1.517;   0;   6.9;   7.9;  904.84;    4.1;   95.83;    8.2;    2.2;    2.5;eor
       2290;20190501;    3;   7.4;   2.5;    3;   0.0;   0;   13.000;-999;   1.0;   5.9;  902.92;    8.9;   53.50;   13.1;    4.0;    0.9;eor
       2290;20190502;    3;  16.0;   5.1;    3;   6.7;   6;   11.900;-999;   3.8;   7.2;  898.33;   10.8;   57.71;   18.0;    4.4;    4.5;eor
       2290;20190503;    3;  13.3;   4.6;    3;   0.0;   6;    0.150;   0;   7.8;   8.4;  897.82;    5.6;   92.63;    9.0;    4.3;    2.9;eor
       2290;20190504;    3;  14.2;   4.2;    3;   6.4;   8;    3.500;   0;   7.0;   7.0;  894.35;    3.6;   89.21;   11.1;   -1.7;   -1.4;eor
       2290;20190505;    3;   9.0;   3.0;    3;   1.6;   7;    1.467;   0;   7.8;   5.7;  900.62;   -0.4;   96.04;    2.2;   -1.4;   -1.2;eor
       2290;20190506;    3;   9.2;   3.0;    3;   0.0;   8;    2.050;   0;   7.6;   5.6;  904.90;    1.6;   82.00;    6.7;   -1.2;   -1.2;eor
       2290;20190507;    3;   6.3;   2.3;    3;   0.0;   0;   12.500;   0;   6.4;   5.3;  903.52;    6.0;   58.08;   12.7;    0.1;   -1.7;eor
       2290;20190508;    3;  15.6;   3.5;    3;   1.9;   8;    0.383;   0;   7.8;   7.2;  895.04;    9.4;   61.71;   12.8;    4.3;    3.6;eor
       2290;20190509;    3;  25.3;   6.6;    3;   0.7;   6;    7.900;   0;   5.7;   8.0;  892.66;    8.5;   73.54;   14.9;    4.4;    2.7;eor
       2290;20190510;    3;  13.0;   4.8;    3;   0.5;   6;    5.183;   0;   7.0;   8.5;  899.56;    8.9;   75.83;   14.3;    5.0;    4.3;eor
       2290;20190511;    3;  21.8;   6.4;    3;  14.2;   8;    0.300;   0;   7.7;   8.8;  900.50;    7.7;   84.83;   11.8;    3.3;    3.5;eor
       2290;20190512;    3;  14.0;   3.1;    3;  10.9;   8;    0.000;   0;   7.7;   7.0;  912.04;    1.9;   99.54;    3.8;   -0.1;    0.1;eor
       2290;20190513;    3;   9.7;   2.7;    3;   0.0;   6;    1.267;   0;   7.1;   6.8;  916.56;    4.5;   81.17;    7.6;    1.7;    1.4;eor
       2290;20190514;    3;  12.9;   3.9;    3;   1.3;   8;    5.283;   0;   5.5;   5.5;  911.71;    3.1;   72.88;    7.0;    0.2;    0.1;eor
       2290;20190515;    3;   7.4;   2.4;    3;   0.0;   8;    0.000;   0;   7.8;   6.3;  906.65;    2.3;   88.42;    5.4;    0.3;    0.6;eor
       2290;20190516;    3;   6.7;   3.1;    3;   0.0;   0;    1.467;   0;   6.2;   7.5;  900.22;    4.3;   90.75;    8.4;    1.1;    1.1;eor
       2290;20190517;    3;   9.9;   3.7;    3;   0.0;   6;   10.100;-999;   3.5;   8.9;  894.67;   10.1;   74.00;   15.9;    3.7;    2.9;eor
       2290;20190518;    3;   8.1;   2.9;    3;   0.1;   6;   11.083;-999;   4.8;   9.1;  893.45;   12.6;   63.17;   16.8;    8.1;    4.5;eor
       2290;20190519;    3;  10.5;   3.5;    3;   8.8;   6;-999;-999;   7.2;  10.7;  892.40;   11.3;   80.92;   17.1;    7.4;    6.6;eor
       2290;20190520;    3;  15.2;   5.7;    3; 104.3;   6;    0.000;-999;   7.7;  10.9;  892.27;    8.2;   99.75;    9.0;    7.7;    7.8;eor
       2290;20190521;    3;  20.2;   9.4;    3;  35.6;   6;    0.000;-999;   7.5;  10.4;  898.01;    7.5;  100.00;    8.1;    6.7;    7.0;eor
       2290;20190522;    3;  12.3;   4.4;    3;   0.9;   6;    0.000;-999;   7.8;  10.7;  905.34;    8.5;   96.63;   10.8;    7.2;    6.6;eor
       2290;20190523;    3;   7.2;   2.9;    3;   0.0;   0;   10.767;-999;   6.5;   9.2;  906.10;   10.7;   73.04;   15.0;    7.0;    6.4;eor
       2290;20190524;    3;   6.6;   2.3;    3;   0.0;   0;   13.683;-999;   4.0;   9.0;  903.25;   14.1;   57.00;   18.5;    8.7;    4.5;eor
       2290;20190525;    3;  10.4;   2.7;    3;   9.0;   6;    5.683;-999;   6.8;  10.4;  903.65;   12.3;   74.67;   17.2;    8.5;    5.9;eor
       2290;20190526;    3;   5.7;   2.1;    3;   0.0;   0;    4.200;-999;   5.3;  11.1;  904.12;   12.5;   78.08;   17.6;    8.2;    8.2;eor
       2290;20190527;    3;   6.1;   2.4;    3;  15.0;   6;    0.050;-999;   7.1;  11.1;  899.39;   12.1;   79.29;   14.7;    9.3;    8.5;eor
       2290;20190528;    3;  13.2;   4.7;    3;  19.4;   6;    0.000;-999;   7.3;  10.6;  897.02;    8.0;   98.08;    9.5;    5.8;    5.7;eor
       2290;20190529;    3;   9.9;   2.8;    3;  14.3;   6;    0.200;-999;   7.6;   9.5;  906.15;    6.7;   96.83;    9.6;    5.2;    5.2;eor
       2290;20190530;    3;   7.0;   2.1;    3;   0.0;   0;    6.200;-999;   5.7;   9.0;  912.69;    9.9;   75.25;   16.0;    5.5;    4.6;eor
       2290;20190531;    3;   6.2;   2.7;    3;   0.1;   6;    4.317;-999;   6.2;   9.6;  913.38;   13.1;   63.00;   17.7;    9.9;    8.2;eor
       2290;20190601;    3;   7.7;   2.9;    3;   0.0;   4;   14.767;-999;   3.2;  10.8;  910.92;   16.7;   56.88;   21.1;   12.4;    8.9;eor
       2290;20190602;    3;   7.0;   3.1;    3;   0.0;   0;   15.000;-999;   2.0;  11.2;  907.53;   19.4;   50.75;   23.6;   13.8;   11.0;eor
       2290;20190603;    3;  12.7;   3.4;    3;   1.6;   6;   12.350;-999;   1.9;  11.7;  905.74;   19.8;   52.71;   25.5;   13.5;   11.6;eor
       2290;20190604;    3;   8.1;   3.0;    3;   0.0;   0;   14.400;-999;   0.6;  12.0;  902.52;   20.1;   51.38;   24.7;   13.4;   10.2;eor
       2290;20190605;    3;   9.5;   3.8;    3;   0.0;   0;   14.650;-999;   0.2;  11.6;  897.87;   21.6;   45.38;   25.6;   17.8;   15.0;eor
       2290;20190606;    3;  14.8;   3.7;    3;   0.8;   6;    1.733;-999;   5.8;  11.9;  901.32;   13.1;   80.63;   20.0;    8.2;    7.9;eor
       2290;20190607;    3;  15.3;   4.2;    3;   0.0;   0;   14.750;-999;   1.5;  12.5;  901.64;   16.5;   69.00;   23.8;    8.2;    7.9;eor
       2290;20190608;    3;  13.2;   3.9;    3;   0.0;   0;    8.583;-999;   6.0;   8.5;  911.23;   13.6;   55.38;   19.1;   10.3;   10.4;eor
       2290;20190609;    1;   9.9;   2.8;    1;   1.1;   6;    8.083;-999;   5.6;  11.4;  909.36;   15.5;   64.79;   22.2;   11.5;   10.2;eor
       2290;20190610;    1;  18.6;   3.2;    1;   2.9;   6;    7.067;-999;   5.8;  13.9;  902.77;   15.5;   79.17;   21.0;   11.4;   11.6;eor
       2290;20190611;    1;  13.7;   3.4;    1;   0.1;   6;    3.833;-999;   7.0;  14.1;  899.56;   13.2;   92.50;   17.6;    8.6;    9.0;eor
       2290;20190612;    1;  16.4;   3.3;    1;   0.0;   6;    2.983;-999;   7.0;  13.0;  899.61;   12.6;   88.79;   16.2;   10.6;   10.4;eor
       2290;20190613;    1;   7.3;   2.2;    1;   0.0;   0;   11.400;-999;   3.3;  11.5;  904.22;   15.6;   66.04;   19.6;   11.2;   10.7;eor
       2290;20190614;    1;   9.0;   3.9;    1;   0.0;   0;   12.817;-999;   3.4;  13.7;  904.70;   20.4;   57.29;   26.5;   14.2;   12.9;eor
       2290;20190615;    1;  19.6;   4.4;    1;  12.2;   8;    7.667;-999;   4.6;  13.5;  904.05;   18.5;   64.88;   22.8;   10.5;   10.8;eor
       2290;20190616;    1;  11.8;   3.8;    1;   0.0;   4;    2.500;-999;   6.8;  12.8;  909.27;   13.3;   84.75;   17.7;   10.2;   10.0;eor
       2290;20190617;    1;   9.2;   3.6;    1;   0.0;   0;    9.667;-999;   5.3;  14.2;  907.68;   16.2;   78.50;   21.0;   11.7;   10.8;eor
       2290;20190618;    1;  17.9;   3.4;    1;   2.0;   6;   14.017;-999;   2.8;  14.0;  905.10;   19.6;   63.08;   25.6;   12.9;   10.8;eor
       2290;20190619;    1;  18.1;   3.1;    1;   1.3;   6;   12.467;-999;   3.4;  11.9;  902.42;   21.0;   50.17;   27.3;   13.1;   12.1;eor
       2290;20190620;    1;  17.9;   3.8;    1;  15.8;   6;    4.433;-999;   5.5;  14.1;  904.10;   15.6;   80.29;   20.3;   12.4;   12.0;eor
       2290;20190621;    1;   9.4;   3.1;    1;   8.1;   6;    5.900;-999;   6.8;  14.0;  906.65;   15.4;   80.88;   20.0;   12.4;   10.9;eor
       2290;20190622;    1;   8.0;   2.8;    1;   3.2;   6;    2.667;-999;   7.7;  14.9;  905.29;   14.6;   89.46;   17.8;   12.5;   12.3;eor
       2290;20190623;    1;   7.4;   3.2;    1;   0.0;   6;    6.633;-999;   5.2;  15.4;  907.12;   15.7;   87.17;   19.8;   12.5;   12.7;eor
       2290;20190624;    1;   8.3;   3.6;    1;   0.0;   0;   14.950;-999;   1.8;  15.6;  909.35;   19.7;   68.88;   24.3;   14.5;   13.1;eor
       2290;20190625;    1;   7.7;   2.6;    1;   0.0;   0;   14.967;-999;   1.8;  16.2;  910.95;   24.0;   54.96;   29.4;   17.8;   15.4;eor
       2290;20190626;    1;   6.0;   2.5;    1;   0.0;   4;   14.617;-999;   0.7;  15.0;  913.63;   27.0;   42.42;   31.0;   22.6;   18.8;eor
       2290;20190627;    1;   9.0;   3.2;    1;   0.0;   0;   14.383;-999;   0.9;  17.5;  912.66;   25.3;   53.83;   29.5;   18.4;   17.0;eor
       2290;20190628;    1;   6.8;   3.1;    1;   0.0;   0;   15.233;-999;   0.0;  10.7;  911.24;   20.9;   43.25;   25.0;   16.2;   13.7;eor
       2290;20190629;    1;   7.9;   3.3;    1;   0.0;   0;   15.267;-999;   0.0;  11.6;  909.18;   21.8;   44.71;   26.5;   18.4;   15.1;eor
       2290;20190630;    1;  15.2;   4.1;    1;   0.0;   0;   15.000;-999;   0.8;  13.0;  908.15;   26.1;   38.63;   30.7;   20.6;   16.6;eor
       2290;20190701;    1;  21.7;   5.4;    1;  14.0;   6;    6.600;-999;   6.8;  15.5;  907.99;   21.0;   63.33;   29.6;   14.3;   14.7;eor
       2290;20190702;    1;  15.8;   3.8;    1;   0.0;   0;    3.283;-999;   7.0;  15.4;  908.59;   17.5;   77.38;   21.0;   14.0;   13.8;eor
       2290;20190703;    1;   8.4;   3.4;    1;   0.0;   0;    9.550;-999;   6.0;  11.7;  908.92;   16.6;   61.83;   19.7;   13.4;   11.8;eor
       2290;20190704;    1;   7.8;   2.9;    1;   0.0;   0;   14.933;-999;   0.8;  10.3;  909.26;   17.9;   50.25;   22.2;   12.9;   10.1;eor
       2290;20190705;    1;  12.4;   3.6;    1;   0.0;   0;   13.617;-999;   3.7;  11.6;  907.07;   20.7;   48.13;   25.6;   15.6;   11.2;eor
       2290;20190706;    1;  20.2;   5.1;    1;   2.4;   6;   10.050;-999;   4.3;  11.3;  903.25;   21.3;   45.25;   27.2;   16.8;   12.1;eor
       2290;20190707;    1;  25.9;   6.1;    1;  23.3;   8;    1.300;-999;   7.4;  14.2;  902.21;   14.8;   84.83;   19.6;   11.9;   11.7;eor
       2290;20190708;    1;   8.5;   1.9;    1;   0.8;   6;    0.000;-999;   7.4;  13.4;  905.22;   12.1;   94.54;   14.3;   10.6;   10.9;eor
