STATIONS_ID;MESS_DATUM;QN_3;  FX;  FM;QN_4; RSK;RSKF; SDK;SHK_TAG;  NM; VPM;  PM; TMK; UPM; TXK; TNK; TGK;eor
       1228;20180106;   10;  15.6;   6.6;    3;  -999;-999;    2.850;-999;  -999;   7.3; 1008.94;    5.3;   81.67;    6.2;    3.5;-999;eor
       1228;20180107;   10;  14.5;   8.7;    3;  -999;-999;    7.283;-999;  -999;   5.1; 1030.87;    3.6;   64.88;    4.3;    2.8;-999;eor
       1228;20180108;   10;  21.6;  13.1;    3;  -999;-999;    7.400;-999;  -999;   4.5; 1030.07;    4.1;   54.71;    4.9;    3.6;-999;eor
       1228;20180109;   10;  21.4;  12.6;    3;  -999;-999;    4.567;-999;  -999;   6.3; 1013.66;    3.9;   78.00;    5.3;    3.3;-999;eor
       1228;20180110;   10;   8.8;   6.0;    3;  -999;-999;    0.000;-999;  -999;   8.9; 1008.70;    5.9;   96.17;    6.4;    5.0;-999;eor
       1228;20180111;   10;   8.3;   3.7;    3;  -999;-999;    0.550;-999;  -999;   9.0; 1018.22;    6.0;   96.13;    6.5;    5.0;-999;eor
       1228;20180112;   10;  10.5;   7.2;    3;  -999;-999;    0.000;-999;  -999;   7.7; 1027.18;    4.4;   91.29;    5.6;    3.7;-999;eor
       1228;20180113;   10;  14.2;   8.7;    3;  -999;-999;    0.000;-999;  -999;   7.5; 1026.96;    3.7;   93.75;    4.4;    2.7;-999;eor
       1228;20180114;   10;-999;  10.2;-999;-999;-999;-999;-999;  -999;   5.8; 1022.48;    2.1;   81.00;-999;-999;-999;eor
       1228;20180115;   10;-999;-999;-999;-999;-999;-999;-999;  -999;  -999;    -999;   -999;-999;-999;-999;-999;eor
       1228;20180121;   10;  12.9;-999;    3;  -999;-999;    4.500;-999;  -999;  -999;    -999;    4.3;-999;    5.2;    2.6;-999;eor
       1228;20180122;   10;  15.8;   8.6;    3;  -999;-999;    0.000;-999;  -999;   8.1; 1006.50;    4.9;   93.04;    6.7;    2.4;-999;eor
       1228;20180123;   10;  20.3;  10.0;    3;  -999;-999;    0.000;-999;  -999;   9.3; 1013.60;    6.8;   94.82;    8.5;    6.1;-999;eor
       1228;20180124;   10;  25.1;  13.5;    3;  -999;-999;    0.000;-999;  -999;  10.2; 1005.03;    8.0;   94.70;   10.0;    6.6;-999;eor
       1228;20180125;   10;-999;   9.5;    3;  -999;-999;    2.867;-999;  -999;   9.3; 1007.55;    6.9;   91.00;   -999;   -999;-999;eor
       1228;20180126;   10;   7.9;   4.3;    3;  -999;-999;    0.133;-999;  -999;   9.0; 1017.20;    5.9;   97.00;    6.7;    4.6;-999;eor
       1228;20180127;   10;  24.5;  10.5;    3;  -999;-999;    0.033;-999;  -999;   8.5; 1023.17;    5.9;   91.86;    8.3;    4.1;-999;eor
       1228;20180128;   10;-999;  12.9;-999;-999;-999;-999;-999;  -999;   9.6; 1020.10;    7.9;   90.09;-999;-999;-999;eor
       1228;20180129;   10;  23.9;-999;    3;  -999;-999;    0.000;-999;  -999;  -999;    -999;    7.6;-999;    8.9;    6.2;-999;eor
       1228;20180130;   10;-999;  10.2;    3;  -999;-999;    2.600;-999;  -999;   7.9; 1022.50;    6.1;   84.26;   -999;   -999;-999;eor
       1228;20180131;   10;  19.9;  12.8;    3;  -999;-999;    0.017;-999;  -999;   7.9;  998.36;    5.8;   85.75;    7.7;    4.0;-999;eor
       1228;20180201;   10;  21.3;  12.6;    3;  -999;-999;    3.933;-999;  -999;   7.6;  992.08;    5.2;   85.33;    6.2;    2.5;-999;eor
       1228;20180202;   10;  18.6;   9.1;    3;  -999;-999;    0.350;-999;  -999;   6.9; 1001.05;    4.6;   81.50;    6.1;    2.7;-999;eor
       1228;20180203;   10;  15.3;   6.5;    3;  -999;-999;    0.000;-999;  -999;   5.1; 1007.83;    1.5;   75.08;    3.1;   -0.5;-999;eor
       1228;20180204;   10;  17.7;  11.4;    3;  -999;-999;    0.000;-999;  -999;   5.7; 1023.24;    2.3;   78.33;    3.3;    1.2;-999;eor
       1228;20180205;   10;  12.9;   8.4;    3;  -999;-999;    1.650;-999;  -999;   5.8; 1029.35;    1.7;   84.63;    2.9;    0.0;-999;eor
       1228;20180206;   10;   8.4;   3.5;    3;  -999;-999;    1.733;-999;  -999;   4.8; 1018.62;    0.6;   74.96;    1.4;   -0.5;-999;eor
       1228;20180207;   10;   9.4;   4.2;    3;  -999;-999;    7.633;-999;  -999;   5.4; 1017.79;    2.2;   75.87;    3.3;    0.3;-999;eor
       1228;20180208;   10;  14.6;   9.1;    3;  -999;-999;    6.933;-999;  -999;   6.0; 1017.78;    2.7;   81.25;    3.6;    1.6;-999;eor
       1228;20180209;   10;  15.6;  11.5;    3;  -999;-999;    0.483;-999;  -999;   6.2; 1011.09;    2.5;   85.63;    3.6;    1.3;-999;eor
       1228;20180210;   10;  19.4;   9.2;    3;  -999;-999;    0.517;-999;  -999;   6.9; 1010.34;    3.3;   88.87;    4.7;    2.0;-999;eor
       1228;20180211;   10;  29.6;  17.7;    3;  -999;-999;    0.550;-999;  -999;   7.2;  992.43;    4.7;   84.13;    6.5;    2.5;-999;eor
       1228;20180212;   10;  20.8;  12.6;    3;  -999;-999;    4.133;-999;  -999;   6.2; 1005.84;    4.7;   72.58;    5.5;    2.2;-999;eor
       1228;20180213;   10;  16.1;  10.3;    3;  -999;-999;    7.250;-999;  -999;   6.6; 1009.98;    4.2;   80.21;    5.4;    2.7;-999;eor
       1228;20180214;   10;  22.5;  13.2;    3;  -999;-999;    8.583;-999;  -999;   5.2; 1013.13;    3.3;   67.33;    4.4;    2.0;-999;eor
       1228;20180215;   10;  24.3;  13.5;    3;  -999;-999;    1.117;-999;  -999;   7.0; 1008.15;    4.1;   85.54;    6.4;    1.1;-999;eor
       1228;20180216;   10;  15.8;   9.1;    3;  -999;-999;    8.450;-999;  -999;   7.4; 1020.10;    5.4;   81.96;    6.2;    4.8;-999;eor
       1228;20180217;   10;   8.6;   4.2;    3;  -999;-999;    2.817;-999;  -999;   7.1; 1024.73;    2.9;   94.54;    5.0;    0.9;-999;eor
       1228;20180218;   10;   9.7;   7.2;    3;  -999;-999;    7.067;-999;  -999;   6.9; 1024.39;    3.8;   85.63;    4.8;    1.6;-999;eor
       1228;20180219;   10;   8.2;   4.4;    3;  -999;-999;    1.250;-999;  -999;   7.4; 1019.34;    4.1;   90.10;    4.8;    3.3;-999;eor
       1228;20180220;   10;-999;   3.4;-999;-999;-999;-999;-999;  -999;   6.8; 1021.52;    4.0;   83.73;-999;-999;-999;eor
       1228;20180221;   10;-999;-999;-999;-999;-999;-999;-999;  -999;  -999;    -999;   -999;-999;-999;-999;-999;eor
       1228;20180222;   10;   9.9;-999;    3;  -999;-999;    2.633;-999;  -999;  -999;    -999;    3.4;-999;    4.8;    2.4;-999;eor
       1228;20180223;   10;  14.0;   8.5;    3;  -999;-999;    7.117;-999;  -999;   4.8; 1027.04;    1.9;   67.77;    2.7;    1.0;-999;eor
       1228;20180224;   10;-999;  11.9;-999;-999;-999;-999;-999;  -999;   4.8; 1030.70;    1.4;   71.32;-999;-999;-999;eor
       1228;20180225;   10;  15.8;   9.1;    3;  -999;-999;    1.933;-999;  -999;   4.0; 1034.48;   -0.9;   69.13;    0.6;   -2.6;-999;eor
       1228;20180226;   10;  16.6;   9.8;    3;  -999;-999;    2.733;-999;  -999;   3.5; 1033.78;   -1.6;   64.57;   -0.2;   -3.3;-999;eor
       1228;20180227;   10;  22.1;  11.3;    3;  -999;-999;    2.233;-999;  -999;   3.8; 1025.87;   -2.5;   74.61;   -0.9;   -4.8;-999;eor
       1228;20180228;   10;  23.2;  16.2;    3;  -999;-999;    1.917;-999;  -999;   3.0; 1026.20;   -4.1;   65.33;   -2.6;   -5.6;-999;eor
       1228;20180301;   10;  26.1;  18.8;    3;  -999;-999;    4.433;-999;  -999;   3.6; 1016.84;   -2.6;   70.58;   -0.9;   -5.0;-999;eor
       1228;20180302;   10;  25.0;  17.1;    3;  -999;-999;    0.617;-999;  -999;   3.9; 1006.15;   -2.3;   75.96;   -0.5;   -3.8;-999;eor
       1228;20180303;   10;  21.1;  14.0;    3;  -999;-999;    8.917;-999;  -999;   3.7; 1002.21;   -2.2;   70.88;   -0.1;   -3.9;-999;eor
       1228;20180304;   10;  16.3;   9.9;    3;  -999;-999;    5.500;-999;  -999;  -999;    -999;    0.1;-999;    3.2;   -2.0;-999;eor
       1228;20180305;   10;  18.1;   8.9;    3;  -999;-999;    0.033;-999;  -999;   7.7;  991.48;    3.7;   96.57;    4.4;    2.2;-999;eor
       1228;20180306;   10;   9.2;   5.7;    3;  -999;-999;    3.400;-999;  -999;   7.4;  992.00;    3.4;   94.42;    4.5;    1.6;-999;eor
       1228;20180307;   10;-999;   2.1;-999;-999;-999;-999;-999;  -999;   7.3;  994.48;    2.4;   99.63;-999;-999;-999;eor
       1228;20180308;   10;  14.2;-999;    3;  -999;-999;    2.817;-999;  -999;  -999;    -999;    3.6;-999;    4.7;    1.2;-999;eor
       1228;20180309;   10;-999;   6.1;-999;-999;-999;-999;-999;  -999;   7.6; 1002.76;    3.9;   94.54;-999;-999;-999;eor
       1228;20180310;   10;  14.0;   7.3;    3;  -999;-999;    0.000;-999;  -999;   8.4;  999.20;    4.7;   97.13;    7.4;    3.4;-999;eor
       1228;20180311;   10;  17.2;   7.1;    3;  -999;-999;    0.033;-999;  -999;   8.9;  993.72;    5.2;  100.00;    7.6;    2.7;-999;eor
       1228;20180312;   10;  10.1;   3.0;    3;  -999;-999;    0.000;-999;  -999;   8.0;  991.91;    3.7;  100.00;    4.7;    3.1;-999;eor
       1228;20180313;   10;  11.2;   5.7;    3;  -999;-999;    0.083;-999;  -999;   7.5; 1001.10;    3.8;   93.58;    4.7;    3.0;-999;eor
       1228;20180314;   10;  14.1;   5.2;    3;  -999;-999;    6.117;-999;  -999;   5.8; 1010.85;    4.1;   71.25;    5.4;    3.3;-999;eor
       1228;20180315;   10;  23.5;  16.1;    3;  -999;-999;    8.683;-999;  -999;   6.5; 1003.09;    3.3;   84.42;    3.8;    2.6;-999;eor
       1228;20180316;   10;  24.5;  18.4;    3;  -999;-999;    0.000;-999;  -999;   5.3; 1008.57;    1.4;   78.25;    2.7;   -0.9;-999;eor
       1228;20180317;   10;  30.0;  20.6;    3;  -999;-999;    1.917;-999;  -999;   4.0; 1015.34;   -1.1;   71.63;   -0.2;   -3.0;-999;eor
       1228;20180318;   10;  26.2;  17.6;    3;  -999;-999;   10.117;-999;  -999;   3.7; 1017.65;   -0.7;   63.00;    0.3;   -2.2;-999;eor
       1228;20180319;   10;  15.2;   8.0;    3;  -999;-999;   10.317;-999;  -999;   4.6; 1018.52;    1.2;   66.54;    4.3;   -0.4;-999;eor
       1228;20180320;   10;  17.0;   8.2;    3;  -999;-999;   11.400;-999;  -999;   6.4; 1022.73;    3.8;   79.29;    4.8;    3.4;-999;eor
       1228;20180321;   10;  16.2;   7.2;    3;  -999;-999;    6.600;-999;  -999;   7.2; 1025.24;    3.5;   92.17;    3.8;    2.9;-999;eor
       1228;20180322;   10;  16.3;   7.5;    3;  -999;-999;    0.233;-999;  -999;   8.1; 1011.95;    4.0;   99.42;    4.8;    3.3;-999;eor
       1228;20180323;   10;  10.7;   7.0;    3;  -999;-999;    0.000;-999;  -999;   7.8; 1005.17;    4.0;   96.25;    4.8;    3.3;-999;eor
       1228;20180324;   10;   8.0;   4.0;    3;  -999;-999;    0.050;-999;  -999;   8.0; 1003.56;    3.9;   99.00;    4.6;    3.0;-999;eor
       1228;20180325;   10;   6.1;   2.9;    3;  -999;-999;    0.433;-999;  -999;   7.9; 1009.07;    3.9;   98.17;    5.0;    1.8;-999;eor
       1228;20180326;   10;   7.8;   3.5;    3;  -999;-999;    0.717;-999;  -999;   7.3; 1015.08;    2.6;   98.96;    3.8;    1.4;-999;eor
       1228;20180327;   10;   8.7;   4.3;    3;  -999;-999;    1.533;-999;  -999;   7.5; 1011.28;    3.2;   97.13;    5.3;    1.5;-999;eor
       1228;20180328;   10;  14.6;   7.8;    3;  -999;-999;    0.000;-999;  -999;   7.5; 1000.97;    3.3;   96.67;    4.8;    1.1;-999;eor
       1228;20180329;   10;  10.9;   3.8;    3;  -999;-999;    7.133;-999;  -999;   7.4; 1003.37;    3.4;   94.50;    5.3;    1.5;-999;eor
       1228;20180330;   10;  18.3;  11.3;    3;  -999;-999;    2.250;-999;  -999;   6.9; 1004.02;    3.2;   89.96;    4.6;    1.9;-999;eor
       1228;20180331;   10;  17.2;  10.3;    3;  -999;-999;    2.783;-999;  -999;   7.0; 1001.32;    3.2;   91.25;    3.6;    2.6;-999;eor
       1228;20180401;   10;   8.3;   5.0;    3;  -999;-999;    1.100;-999;  -999;   6.4; 1008.96;    3.2;   83.27;    4.5;    2.1;-999;eor
       1228;20180402;   10;  15.0;   6.5;    3;  -999;-999;    1.550;-999;  -999;   6.8; 1006.04;    3.4;   86.70;    4.9;    2.9;-999;eor
       1228;20180403;   10;  10.8;   7.0;    3;  -999;-999;    0.800;-999;  -999;   9.4;  996.86;    6.3;   97.79;    9.1;    4.9;-999;eor
       1228;20180404;   10;-999;   6.5;-999;-999;-999;-999;-999;  -999;   9.0;  998.46;    5.8;   97.81;-999;-999;-999;eor
       1228;20180405;   10;-999;-999;-999;-999;-999;-999;-999;  -999;  -999;    -999;   -999;-999;-999;-999;-999;eor
       1228;20180406;   10;-999;-999;-999;-999;-999;-999;-999;  -999;  -999;    -999;   -999;-999;-999;-999;-999;eor
       1228;20180407;   10;  11.4;-999;    3;  -999;-999;    8.583;-999;  -999;  -999;    -999;    6.7;-999;   10.1;    5.1;-999;eor
       1228;20180408;   10;   8.3;   3.9;    3;  -999;-999;    8.633;-999;  -999;   9.7; 1008.03;    8.1;   89.50;   12.0;    4.7;-999;eor
       1228;20180409;   10;-999;   6.6;-999;-999;-999;-999;-999;  -999;   8.5; 1007.98;    5.0;   98.00;-999;-999;-999;eor
       1228;20180410;   10;  20.4;-999;    3;  -999;-999;    7.333;-999;  -999;  -999;    -999;    6.1;-999;    7.1;    4.9;-999;eor
       1228;20180411;   10;  19.1;  12.9;    3;  -999;-999;    6.783;-999;  -999;   8.1; 1011.00;    5.1;   91.83;    6.3;    4.4;-999;eor
       1228;20180412;   10;-999;  11.9;-999;-999;-999;-999;-999;  -999;   8.4; 1006.61;    5.7;   91.09;-999;-999;-999;eor
       1228;20180413;   10;-999;-999;-999;-999;-999;-999;-999;  -999;  -999;    -999;   -999;-999;-999;-999;-999;eor
       1228;20180414;   10;  11.8;-999;    3;  -999;-999;    1.067;-999;  -999;  -999;    -999;    5.9;-999;    7.0;    5.4;-999;eor
       1228;20180415;   10;   6.6;-999;    3;  -999;-999;    0.767;-999;  -999;  -999;    -999;    5.9;-999;    7.6;    4.6;-999;eor
       1228;20180416;   10;   6.9;   4.4;    3;  -999;-999;   11.167;-999;  -999;  -999;    -999;    7.0;-999;    8.4;    6.2;-999;eor
       1228;20180417;   10;   8.6;   5.7;    3;  -999;-999;   10.633;-999;  -999;   9.4; 1023.51;    7.7;   89.46;    9.8;    6.2;-999;eor
       1228;20180418;   10;-999;   5.4;-999;-999;-999;-999;-999;  -999;  10.3; 1029.83;    9.5;   85.96;-999;-999;-999;eor
       1228;20180419;   10;   9.1;-999;    3;  -999;-999;   13.200;-999;  -999;  -999;    -999;   10.0;-999;   13.9;    8.0;-999;eor
       1228;20180420;   10;-999;   5.6;-999;-999;-999;-999;-999;  -999;  10.4; 1021.55;    9.5;   88.00;-999;-999;-999;eor
       1228;20180421;   10;   5.8;-999;    3;  -999;-999;   13.650;-999;  -999;  -999;    -999;    8.4;-999;   11.4;    5.5;-999;eor
       1228;20180422;   10;  11.2;   6.4;    3;  -999;-999;   10.433;-999;  -999;   9.8; 1011.67;    7.6;   92.14;   10.9;    5.3;-999;eor
       1228;20180423;   10;-999;-999;-999;-999;-999;-999;-999;  -999;  -999;    -999;   -999;-999;-999;-999;-999;eor
       1228;20180424;   10;-999;-999;-999;-999;-999;-999;-999;  -999;  -999;    -999;   -999;-999;-999;-999;-999;eor
       1228;20180425;   10;  17.9;-999;    3;  -999;-999;    4.267;-999;  -999;  -999;    -999;    7.7;-999;    9.0;    6.1;-999;eor
       1228;20180426;   10;  13.1;   8.8;    3;  -999;-999;    9.617;-999;  -999;   9.5; 1010.35;    8.0;   88.52;    8.7;    7.3;-999;eor
       1228;20180427;   10;   9.4;   4.7;    3;  -999;-999;    8.050;-999;  -999;  10.0; 1011.20;    7.8;   94.33;    9.1;    7.1;-999;eor
       1228;20180428;   10;-999;-999;-999;-999;-999;-999;-999;  -999;  -999;    -999;   -999;-999;-999;-999;-999;eor
       1228;20180429;   10;-999;-999;-999;-999;-999;-999;-999;  -999;  -999;    -999;   -999;-999;-999;-999;-999;eor
       1228;20180430;   10;-999;-999;-999;-999;-999;-999;-999;  -999;  -999;    -999;   -999;-999;-999;-999;-999;eor
       1228;20180502;   10;-999;-999;-999;-999;-999;-999;-999;  -999;  -999;    -999;   -999;-999;-999;-999;-999;eor
       1228;20180503;   10;-999;-999;-999;-999;-999;-999;-999;  -999;  -999;    -999;   -999;-999;-999;-999;-999;eor
       1228;20180505;   10;-999;-999;-999;-999;-999;-999;-999;  -999;  -999;    -999;   -999;-999;-999;-999;-999;eor
       1228;20180506;   10;-999;-999;-999;-999;-999;-999;-999;  -999;  -999;    -999;   -999;-999;-999;-999;-999;eor
       1228;20180507;   10;-999;-999;-999;-999;-999;-999;-999;  -999;  -999;    -999;   -999;-999;-999;-999;-999;eor
       1228;20180508;   10;-999;-999;-999;-999;-999;-999;-999;  -999;  -999;    -999;   -999;-999;-999;-999;-999;eor
       1228;20180509;   10;-999;-999;-999;-999;-999;-999;-999;  -999;  -999;    -999;   -999;-999;-999;-999;-999;eor
       1228;20180510;   10;-999;-999;-999;-999;-999;-999;-999;  -999;  -999;    -999;   -999;-999;-999;-999;-999;eor
       1228;20180511;   10;   9.2;-999;    3;  -999;-999;   14.633;-999;  -999;  -999;    -999;   10.5;-999;   11.3;    9.9;-999;eor
       1228;20180512;   10;-999;   7.7;-999;-999;-999;-999;-999;  -999;  -999;    -999;   -999;-999;-999;-999;-999;eor
       1228;20180513;   10;-999;-999;-999;-999;-999;-999;-999;  -999;  -999;    -999;   -999;-999;-999;-999;-999;eor
       1228;20180514;   10;   9.1;   6.2;    3;  -999;-999;   15.083;-999;  -999;  13.7; 1015.81;   13.5;   88.90;   15.3;   11.8;-999;eor
       1228;20180515;   10;   7.0;-999;    3;  -999;-999;   14.833;-999;  -999;  -999;    -999;   14.2;-999;   15.8;   12.9;-999;eor
       1228;20180516;   10;  20.1;  11.4;    3;  -999;-999;    8.250;-999;  -999;  12.3; 1019.56;   11.6;   89.33;   14.4;    9.2;-999;eor
       1228;20180517;   10;-999;-999;-999;-999;-999;-999;-999;  -999;  -999;    -999;   -999;-999;-999;-999;-999;eor
       1228;20180518;   10;-999;-999;-999;-999;-999;-999;-999;  -999;  -999;    -999;   -999;-999;-999;-999;-999;eor
       1228;20180519;   10;-999;-999;-999;-999;-999;-999;-999;  -999;  -999;    -999;   -999;-999;-999;-999;-999;eor
       1228;20180520;   10;-999;-999;-999;-999;-999;-999;-999;  -999;  -999;    -999;   -999;-999;-999;-999;-999;eor
       1228;20180521;   10;-999;-999;-999;-999;-999;-999;-999;  -999;  -999;    -999;   -999;-999;-999;-999;-999;eor
       1228;20180522;   10;   9.4;-999;    3;  -999;-999;   14.700;-999;  -999;  -999;    -999;   12.2;-999;   13.6;   11.0;-999;eor
       1228;20180523;   10;-999;   6.6;-999;-999;-999;-999;-999;  -999;  13.2; 1022.63;   12.8;   89.50;-999;-999;-999;eor
       1228;20180524;   10;-999;-999;-999;-999;-999;-999;-999;  -999;  -999;    -999;   -999;-999;-999;-999;-999;eor
       1228;20180525;   10;  14.4;-999;    3;  -999;-999;   13.233;-999;  -999;  -999;    -999;   14.0;-999;   16.1;   12.5;-999;eor
       1228;20180526;   10;-999;   6.4;-999;-999;-999;-999;-999;  -999;  -999;    -999;   -999;-999;-999;-999;-999;eor
       1228;20180527;   10;-999;-999;-999;-999;-999;-999;-999;  -999;  -999;    -999;   -999;-999;-999;-999;-999;eor
       1228;20180528;   10;   8.9;-999;    3;  -999;-999;   14.400;-999;  -999;  -999;    -999;   14.5;-999;   15.9;   13.0;-999;eor
       1228;20180529;   10;  18.5;   8.4;    3;  -999;-999;   12.650;-999;  -999;  16.9; 1015.88;   15.9;   94.14;   18.8;   14.7;-999;eor
       1228;20180530;   10;   9.0;   4.2;    3;  -999;-999;    6.100;-999;  -999;  17.3; 1014.47;   15.8;   95.88;   18.2;   14.3;-999;eor
       1228;20180531;   10;   8.9;-999;    3;  -999;-999;   11.433;-999;  -999;  -999;    -999;   16.5;-999;   18.1;   15.5;-999;eor
       1228;20180601;   10;-999;-999;-999;-999;-999;-999;-999;  -999;  -999;    -999;   -999;-999;-999;-999;-999;eor
       1228;20180602;   10;   8.2;-999;    3;  -999;-999;    0.950;-999;  -999;  -999;    -999;   16.3;-999;   17.6;   14.8;-999;eor
       1228;20180603;   10;-999;   4.2;-999;-999;-999;-999;-999;  -999;  17.0; 1017.99;   15.4;   96.90;-999;-999;-999;eor
       1228;20180604;   10;  10.9;   5.7;    3;  -999;-999;    0.017;-999;  -999;  15.6; 1014.98;   14.9;   91.86;   16.1;   13.8;-999;eor
       1228;20180605;   10;  10.3;   4.0;    3;  -999;-999;    4.183;-999;  -999;  12.9; 1015.10;   14.2;   79.29;   15.5;   13.7;-999;eor
       1228;20180606;   10;   8.8;   3.9;    3;  -999;-999;   15.750;-999;  -999;  15.5; 1015.86;   16.5;   83.24;   18.9;   14.1;-999;eor
       1228;20180607;   10;   7.5;   3.8;    3;  -999;-999;   16.100;-999;  -999;  17.0; 1015.55;   17.4;   85.46;   18.7;   16.6;-999;eor
       1228;20180608;   10;   7.8;   5.2;    3;  -999;-999;    7.033;-999;  -999;  18.3; 1015.44;   17.0;   94.00;   17.5;   16.3;-999;eor
       1228;20180609;   10;   8.8;   5.6;    3;  -999;-999;    2.683;-999;  -999;  17.2; 1015.01;   16.6;   90.88;   17.0;   16.2;-999;eor
       1228;20180610;   10;  11.4;   6.8;    3;  -999;-999;    1.867;-999;  -999;  15.0; 1013.65;   15.5;   84.71;   16.6;   14.3;-999;eor
       1228;20180611;   10;  12.3;   6.1;    3;  -999;-999;    0.200;-999;  -999;  13.3; 1014.45;   14.4;   80.75;   15.1;   13.8;-999;eor
       1228;20180612;   10;  14.4;-999;    3;  -999;-999;    0.467;-999;  -999;  -999;    -999;   13.9;-999;   14.9;   12.9;-999;eor
       1228;20180613;   10;-999;   7.7;-999;-999;-999;-999;-999;  -999;  11.9; 1014.80;   13.9;   74.75;-999;-999;-999;eor
       1228;20180615;   10;   8.6;-999;    3;  -999;-999;   12.850;-999;  -999;  -999;    -999;   15.5;-999;   16.9;   14.3;-999;eor
       1228;20180616;   10;   8.1;   4.7;    3;  -999;-999;    2.717;-999;  -999;  15.9; 1014.10;   15.5;   89.50;   16.6;   14.6;-999;eor
       1228;20180617;   10;  12.1;   7.6;    3;  -999;-999;   10.100;-999;  -999;  14.7; 1014.03;   14.8;   87.26;   15.3;   14.3;-999;eor
       1228;20180618;   10;  13.1;   7.6;    3;  -999;-999;    2.267;-999;  -999;  16.3; 1016.15;   15.1;   95.68;   15.6;   14.3;-999;eor
       1228;20180619;   10;  11.7;   5.7;    3;  -999;-999;   11.733;-999;  -999;  14.7; 1020.49;   15.2;   84.52;   16.3;   14.7;-999;eor
       1228;20180620;   10;-999;   9.5;-999;-999;-999;-999;-999;  -999;  17.1; 1017.20;   15.5;   97.00;-999;-999;-999;eor
       1228;20180621;   10;-999;-999;-999;-999;-999;-999;-999;  -999;  -999;    -999;   -999;-999;-999;-999;-999;eor
       1228;20180622;   10;-999;-999;-999;-999;-999;-999;-999;  -999;  -999;    -999;   -999;-999;-999;-999;-999;eor
       1228;20180623;   10;-999;-999;-999;-999;-999;-999;-999;  -999;  -999;    -999;   -999;-999;-999;-999;-999;eor
       1228;20180627;   10;-999;-999;-999;-999;-999;-999;-999;  -999;  -999;    -999;   -999;-999;-999;-999;-999;eor
       1228;20180628;   10;   8.7;-999;    3;  -999;-999;   13.717;-999;  -999;  -999;    -999;   14.3;-999;   15.4;   12.7;-999;eor
       1228;20180629;   10;  11.2;   6.5;    3;  -999;-999;    7.867;-999;  -999;  15.1; 1021.02;   14.4;   91.87;   16.8;   12.9;-999;eor
       1228;20180630;   10;  10.4;   7.0;    3;  -999;-999;   16.700;-999;  -999;  15.6; 1020.23;   16.0;   86.75;   17.7;   15.3;-999;eor
       1228;20180701;   10;  10.7;-999;    3;  -999;-999;   16.700;-999;  -999;  -999;    -999;   16.5;-999;   17.5;   15.7;-999;eor
       1228;20180702;   10;   9.2;-999;    3;  -999;-999;   16.617;-999;  -999;  -999;    -999;   16.5;-999;   18.7;   15.8;-999;eor
       1228;20180703;   10;-999;   5.5;-999;-999;-999;-999;-999;  -999;  14.2; 1019.06;   15.0;   83.14;-999;-999;-999;eor
       1228;20180704;   10;-999;-999;-999;-999;-999;-999;-999;  -999;  -999;    -999;   -999;-999;-999;-999;-999;eor
       1228;20180705;   10;   9.9;   5.8;    3;  -999;-999;    2.350;-999;  -999;  15.7; 1014.32;   15.6;   88.61;   16.4;   14.0;-999;eor
       1228;20180706;   10;  11.9;   7.8;    3;  -999;-999;   13.350;-999;  -999;  14.3; 1019.84;   15.2;   82.36;   16.0;   14.6;-999;eor
       1228;20180707;   10;-999;   7.1;-999;-999;-999;-999;-999;  -999;  14.0; 1023.90;   15.2;   81.25;-999;-999;-999;eor
       1228;20180708;   10;   8.3;-999;    3;  -999;-999;   14.467;-999;  -999;  -999;    -999;   15.8;-999;   16.7;   14.8;-999;eor
       1228;20180709;   10;  19.1;-999;    3;  -999;-999;    1.900;-999;  -999;  -999;    -999;   15.3;-999;   16.7;   13.1;-999;eor
       1228;20180710;   10;  17.8;   8.5;    3;  -999;-999;   11.183;-999;  -999;  16.0; 1017.27;   15.7;   89.68;   16.9;   14.4;-999;eor
       1228;20180711;   10;  10.5;   5.5;    3;  -999;-999;    8.367;-999;  -999;  17.1; 1018.68;   16.7;   90.25;   17.7;   16.2;-999;eor
       1228;20180712;   10;  11.8;   7.9;    3;  -999;-999;    7.300;-999;  -999;  16.4; 1018.63;   15.8;   91.09;   16.6;   15.3;-999;eor
       1228;20180713;   10;  11.9;   5.5;    3;  -999;-999;    0.300;-999;  -999;  15.2; 1021.20;   15.5;   86.21;   16.6;   14.7;-999;eor
       1228;20180714;   10;   7.0;-999;    3;  -999;-999;   11.267;-999;  -999;  -999;    -999;   16.1;-999;   17.4;   15.0;-999;eor
       1228;20180715;   10;   6.2;-999;    3;  -999;-999;   15.700;-999;  -999;  -999;    -999;   17.1;-999;   18.6;   15.8;-999;eor
       1228;20180716;   10;   7.3;-999;    3;  -999;-999;   16.033;-999;  -999;  -999;    -999;   18.2;-999;   19.3;   17.3;-999;eor
       1228;20180717;   10;-999;-999;-999;-999;-999;-999;-999;  -999;  -999;    -999;   -999;-999;-999;-999;-999;eor
       1228;20180718;   10;   9.7;-999;    3;  -999;-999;   15.000;-999;  -999;  -999;    -999;   18.1;-999;   21.7;   17.0;-999;eor
       1228;20180719;   10;   7.4;-999;    3;  -999;-999;   11.517;-999;  -999;  -999;    -999;   17.5;-999;   18.2;   17.1;-999;eor
       1228;20180720;   10;   7.3;-999;    3;  -999;-999;   15.400;-999;  -999;  -999;    -999;   18.0;-999;   19.1;   16.9;-999;eor
       1228;20180721;   10;   8.2;   5.3;    3;  -999;-999;    3.700;-999;  -999;  18.4; 1012.88;   18.8;   85.08;   19.2;   18.3;-999;eor
       1228;20180722;   10;   9.0;   4.4;    3;  -999;-999;   10.617;-999;  -999;  19.3; 1013.93;   18.5;   89.25;   19.4;   17.5;-999;eor
       1228;20180723;   10;   5.3;-999;    3;  -999;-999;   13.783;-999;  -999;  -999;    -999;   18.8;-999;   20.1;   17.7;-999;eor
       1228;20180724;   10;   6.0;-999;    3;  -999;-999;   14.900;-999;  -999;  -999;    -999;   20.7;-999;   24.2;   18.9;-999;eor
       1228;20180725;   10;   7.6;-999;    3;  -999;-999;   13.717;-999;  -999;  -999;    -999;   20.1;-999;   20.7;   19.7;-999;eor
       1228;20180726;   10;  11.6;-999;    3;  -999;-999;   14.383;-999;  -999;  -999;    -999;   21.7;-999;   23.5;   20.0;-999;eor
       1228;20180727;   10;  13.7;-999;    3;  -999;-999;   15.017;-999;  -999;  -999;    -999;   22.0;-999;   23.4;   21.0;-999;eor
       1228;20180728;   10;  14.2;-999;    3;  -999;-999;    7.467;-999;  -999;  -999;    -999;   20.0;-999;   21.7;   18.7;-999;eor
       1228;20180729;   10;  12.5;-999;    3;  -999;-999;    8.217;-999;  -999;  -999;    -999;   19.2;-999;   21.3;   17.9;-999;eor
       1228;20180730;   10;   9.9;-999;    3;  -999;-999;    8.367;-999;  -999;  -999;    -999;   20.6;-999;   22.0;   19.7;-999;eor
       1228;20180731;   10;  12.2;-999;    3;  -999;-999;    6.683;-999;  -999;  -999;    -999;   19.6;-999;   21.4;   17.6;-999;eor
       1228;20180801;   10;   7.0;-999;    3;  -999;-999;   14.633;-999;  -999;  -999;    -999;   19.1;-999;   22.4;   17.9;-999;eor
       1228;20180802;   10;-999;   2.8;-999;-999;-999;-999;-999;  -999;  19.4; 1023.37;   20.3;   81.29;-999;-999;-999;eor
       1228;20180803;   10;   6.2;-999;    3;  -999;-999;    6.400;-999;  -999;  -999;    -999;   20.8;-999;   22.3;   19.4;-999;eor
       1228;20180804;   10;  10.6;   4.5;    3;  -999;-999;    5.500;-999;  -999;  20.1; 1020.85;   19.9;   86.29;   20.9;   18.1;-999;eor
       1228;20180805;   10;   9.9;   6.0;    3;  -999;-999;   11.367;-999;  -999;  16.5; 1022.37;   18.6;   76.67;   19.4;   17.8;-999;eor
       1228;20180806;   10;   9.7;   4.5;    3;  -999;-999;   13.500;-999;  -999;  19.5; 1016.50;   20.1;   82.67;   22.6;   18.2;-999;eor
       1228;20180807;   10;   7.8;   3.9;    3;  -999;-999;   13.233;-999;  -999;  21.8; 1009.60;   21.6;   84.75;   23.6;   19.8;-999;eor
       1228;20180808;   10;  18.4;   8.1;    3;  -999;-999;    6.783;-999;  -999;  19.7; 1008.80;   20.6;   81.04;   23.3;   18.3;-999;eor
       1228;20180809;   10;  21.2;   5.9;    3;  -999;-999;    6.133;-999;  -999;  17.6; 1010.70;   18.5;   82.92;   19.6;   16.0;-999;eor
       1228;20180810;   10;  21.5;  11.4;    3;  -999;-999;    4.917;-999;  -999;  14.5; 1014.60;   16.6;   77.17;   18.2;   13.4;-999;eor
       1228;20180811;   10;  19.2;   9.2;    3;  -999;-999;    8.517;-999;  -999;  13.8; 1017.24;   16.5;   73.79;   18.1;   13.5;-999;eor
       1228;20180812;   10;  13.9;   7.4;    3;  -999;-999;    0.183;-999;  -999;  16.5; 1012.78;   18.4;   77.67;   20.4;   15.2;-999;eor
       1228;20180813;   10;   9.9;   3.4;    3;  -999;-999;    0.050;-999;  -999;  19.3; 1005.20;   19.0;   87.75;   19.9;   17.8;-999;eor
       1228;20180814;   10;-999;-999;-999;-999;-999;-999;-999;  -999;  -999;    -999;   -999;-999;-999;-999;-999;eor
       1228;20180815;   10;-999;-999;-999;-999;-999;-999;-999;  -999;  -999;    -999;   -999;-999;-999;-999;-999;eor
       1228;20180817;   10;-999;-999;-999;-999;-999;-999;-999;  -999;  -999;    -999;   -999;-999;-999;-999;-999;eor
       1228;20180824;   10;-999;-999;-999;-999;-999;-999;-999;  -999;  -999;    -999;   -999;-999;-999;-999;-999;eor
       1228;20180826;   10;-999;-999;-999;-999;-999;-999;-999;  -999;  -999;    -999;   -999;-999;-999;-999;-999;eor
       1228;20180829;   10;-999;-999;-999;-999;-999;-999;-999;  -999;  -999;    -999;   -999;-999;-999;-999;-999;eor
       1228;20180901;   10;-999;-999;-999;-999;-999;-999;-999;  -999;  -999;    -999;   -999;-999;-999;-999;-999;eor
       1228;20180902;   10;-999;-999;-999;-999;-999;-999;-999;  -999;  -999;    -999;   -999;-999;-999;-999;-999;eor
       1228;20181116;   10;  12.2;-999;    3;  -999;-999;    0.100;-999;  -999;  -999;    -999;    6.9;-999;   10.7;    4.5;-999;eor
       1228;20181117;   10;  14.4;   9.9;    3;  -999;-999;    7.733;-999;  -999;   9.1; 1035.06;    8.5;   82.26;    9.8;    7.1;-999;eor
       1228;20181118;   10;  15.2;   8.8;    3;  -999;-999;    5.017;-999;  -999;   7.8; 1033.97;    8.8;   68.88;    9.8;    7.7;-999;eor
       1228;20181119;   10;  21.6;  13.7;    3;  -999;-999;    0.017;-999;  -999;   8.0; 1026.72;    7.7;   75.59;    8.6;    5.2;-999;eor
       1228;20181120;   10;  25.0;  16.9;    3;  -999;-999;    0.000;-999;  -999;   7.2; 1017.48;    6.7;   73.41;    8.1;    5.1;-999;eor
       1228;20181121;   10;  19.5;  12.5;    3;  -999;-999;    0.000;-999;  -999;   7.6; 1020.02;    5.4;   84.46;    6.2;    4.8;-999;eor
       1228;20181122;   10;  13.8;   8.7;    3;  -999;-999;    0.000;-999;  -999;   7.5; 1022.26;    4.7;   87.71;    5.9;    4.1;-999;eor
       1228;20181123;   10;  10.2;   4.6;    3;  -999;-999;    0.000;-999;  -999;   7.6; 1019.06;    5.7;   82.75;    6.8;    4.7;-999;eor
       1228;20181124;   10;  10.6;   6.1;    3;  -999;-999;    2.867;-999;  -999;   7.8; 1014.13;    6.5;   80.33;    7.4;    5.4;-999;eor
       1228;20181125;   10;  15.9;   8.6;    3;  -999;-999;    0.000;-999;  -999;   7.9; 1013.99;    6.9;   79.04;    8.3;    5.8;-999;eor
       1228;20181126;   10;  16.0;   9.5;    3;  -999;-999;    0.833;-999;  -999;   7.6; 1016.29;    7.2;   74.74;    8.2;    5.8;-999;eor
       1228;20181127;   10;  16.0;   8.3;    3;  -999;-999;    1.900;-999;  -999;   6.5; 1020.94;    5.1;   73.79;    7.2;    2.4;-999;eor
       1228;20181128;   10;  22.9;  15.0;    3;  -999;-999;    0.000;-999;  -999;   7.9; 1016.36;    5.0;   89.88;    8.5;    3.3;-999;eor
       1228;20181129;   10;-999;  14.3;-999;-999;-999;-999;-999;  -999;  11.2; 1006.85;    9.7;   93.21;-999;-999;-999;eor
       1228;20181130;   10;  19.1;  12.4;    3;  -999;-999;    4.450;-999;  -999;  11.2; 1005.73;    9.9;   91.77;   10.6;    9.1;-999;eor
       1228;20181201;   10;  17.0;  10.9;    3;  -999;-999;    0.867;-999;  -999;  10.5; 1005.94;    8.7;   93.30;   10.0;    7.9;-999;eor
       1228;20181202;   10;  16.0;   9.4;    3;  -999;-999;    0.283;-999;  -999;  12.2;  994.49;   10.1;   98.61;   11.6;    8.9;-999;eor
       1228;20181203;   10;  17.8;  10.5;    3;  -999;-999;    0.683;-999;  -999;  11.2;  994.98;   10.4;   88.04;   11.5;    7.9;-999;eor
       1228;20181204;   10;  20.4;  10.7;    3;  -999;-999;    5.100;-999;  -999;   7.0; 1016.45;    8.8;   61.67;    9.5;    6.2;-999;eor
       1228;20181205;   10;  16.1;   9.3;    3;  -999;-999;    2.767;-999;  -999;   8.8; 1019.77;    7.4;   85.71;    9.1;    6.3;-999;eor
       1228;20181206;   10;  16.4;   9.3;    3;  -999;-999;    0.000;-999;  -999;  11.8; 1009.57;    9.5;   98.92;   10.6;    7.5;-999;eor
       1228;20181207;   10;  22.4;  12.0;    3;  -999;-999;    0.000;-999;  -999;  11.2;  998.08;    9.7;   92.75;   10.4;    7.3;-999;eor
       1228;20181208;   10;  25.7;  15.4;    3;  -999;-999;    0.267;-999;  -999;   9.8;  990.37;    9.4;   83.04;   10.4;    8.2;-999;eor
       1228;20181209;   10;  24.7;  13.8;    3;  -999;-999;    2.150;-999;  -999;   8.7;  995.14;    8.7;   76.96;    9.5;    6.1;-999;eor
       1228;20181210;   10;  26.3;  16.0;    3;  -999;-999;    2.533;-999;  -999;   7.2; 1014.88;    7.6;   68.67;    8.7;    4.1;-999;eor
       1228;20181211;   10;  24.0;   9.9;    3;  -999;-999;    6.100;-999;  -999;   7.3; 1021.91;    7.8;   68.88;    8.4;    6.3;-999;eor
       1228;20181212;   10;  12.3;   6.2;    3;  -999;-999;    1.017;-999;  -999;   7.0; 1027.24;    5.9;   75.46;    6.8;    5.0;-999;eor
       1228;20181213;   10;  15.0;   8.5;    3;  -999;-999;    0.000;-999;  -999;   6.6; 1025.64;    4.9;   76.61;    6.1;    2.4;-999;eor
       1228;20181214;   10;  14.9;   8.2;    3;  -999;-999;    0.100;-999;  -999;   6.0; 1026.40;    4.4;   72.18;    5.8;    2.6;-999;eor
       1228;20181215;   10;  21.8;  11.3;    3;  -999;-999;    0.000;-999;  -999;   4.9; 1023.55;    2.2;   68.35;    3.8;    1.0;-999;eor
       1228;20181216;   10;  21.6;  10.4;    3;  -999;-999;    0.000;-999;  -999;   6.7; 1010.72;    2.0;   94.88;    5.1;   -0.3;-999;eor
       1228;20181217;   10;  12.0;   6.6;    3;  -999;-999;    0.000;-999;  -999;   8.8; 1015.52;    5.3;   98.00;    8.5;    2.8;-999;eor
       1228;20181218;   10;  18.5;   9.4;    3;  -999;-999;    0.000;-999;  -999;   9.2; 1017.85;    6.7;   93.50;    8.5;    5.6;-999;eor
       1228;20181219;   10;  17.4;  11.4;    3;  -999;-999;    0.000;-999;  -999;   9.3; 1008.10;    7.2;   90.48;    8.4;    5.9;-999;eor
       1228;20181220;   10;  13.7;   9.7;    3;  -999;-999;    0.000;-999;  -999;   9.9; 1007.21;    7.5;   95.04;    8.1;    6.6;-999;eor
       1228;20181221;   10;-999;   8.8;-999;-999;-999;-999;-999;  -999;  10.1;  997.82;    7.5;   97.24;-999;-999;-999;eor
       1228;20181222;   10;  11.9;-999;    3;  -999;-999;    0.283;-999;  -999;  -999;    -999;    8.1;-999;    8.9;    7.0;-999;eor
       1228;20181223;   10;  19.0;   7.0;    3;  -999;-999;    0.000;-999;  -999;   9.7; 1014.81;    8.2;   89.29;    8.9;    6.2;-999;eor
       1228;20181224;   10;  12.8;   7.6;    3;  -999;-999;    2.317;-999;  -999;   7.4; 1028.25;    7.0;   74.00;    8.1;    4.9;-999;eor
       1228;20181225;   10;  14.9;   9.8;    3;  -999;-999;    0.633;-999;  -999;   8.6; 1030.63;    8.0;   79.88;    8.5;    7.4;-999;eor
       1228;20181226;   10;  12.0;   7.9;    3;  -999;-999;    0.000;-999;  -999;  10.9; 1027.69;    8.5;   97.79;    9.1;    7.7;-999;eor
       1228;20181227;   10;  12.4;   6.8;    3;  -999;-999;    0.000;-999;  -999;  10.7; 1024.12;    8.4;   96.75;    8.7;    7.7;-999;eor
       1228;20181228;   10;  10.2;   5.9;    3;  -999;-999;    0.000;-999;  -999;  10.4; 1026.11;    8.3;   94.96;    9.0;    7.4;-999;eor
       1228;20181229;   10;  26.4;  11.9;    3;  -999;-999;    0.000;-999;  -999;  10.6; 1022.69;    8.6;   94.50;   10.0;    8.1;-999;eor
       1228;20181230;   10;  19.1;   8.3;    3;  -999;-999;    2.883;-999;  -999;  10.1; 1028.69;    8.4;   91.79;    8.9;    7.7;-999;eor
       1228;20181231;   10;-999;   7.1;-999;-999;-999;-999;-999;  -999;  10.8; 1029.32;    8.6;   97.08;-999;-999;-999;eor
       1228;20190101;   10;-999;-999;-999;-999;-999;-999;-999;  -999;  -999;    -999;   -999;-999;-999;-999;-999;eor
       1228;20190121;-999;-999;-999;-999;-999;-999;-999;-999;  -999;  -999;    -999;   -999;-999;-999;-999;-999;eor
       1228;20190129;   10;-999;-999;-999;-999;-999;-999;-999;  -999;  -999;    -999;   -999;-999;-999;-999;-999;eor
       1228;20190325;   10;  23.0;-999;    3;  -999;-999;    6.533;-999;  -999;  -999;    -999;    6.7;-999;    7.2;    4.4;-999;eor
       1228;20190326;   10;  15.7;   7.8;    3;  -999;-999;    3.150;-999;  -999;   9.1; 1028.70;    7.1;   90.13;    7.4;    6.3;-999;eor
       1228;20190327;   10;   9.8;   6.1;    3;  -999;-999;    0.233;-999;  -999;  10.0; 1031.25;    7.2;   97.83;    7.5;    6.8;-999;eor
       1228;20190328;   10;   5.4;   3.1;    3;  -999;-999;    0.033;-999;  -999;  10.4; 1034.57;    7.6;   99.13;    8.7;    7.1;-999;eor
       1228;20190329;   10;   7.5;   4.9;    3;  -999;-999;   12.183;-999;  -999;  10.2; 1029.73;    8.1;   94.08;    8.6;    7.9;-999;eor
       1228;20190330;   10;   9.4;   4.7;    3;  -999;-999;   11.067;-999;  -999;  10.1; 1021.43;    8.0;   93.92;    9.2;    7.1;-999;eor
       1228;20190331;   10;  10.9;   6.9;    3;  -999;-999;   10.900;-999;  -999;   6.8; 1027.14;    6.4;   70.54;    7.4;    5.2;-999;eor
       1228;20190401;   10;  11.4;   6.7;    3;  -999;-999;   11.100;-999;  -999;   6.6; 1024.39;    6.3;   68.46;    8.5;    4.8;-999;eor
       1228;20190402;   10;  11.2;   6.4;    3;  -999;-999;    8.467;-999;  -999;   9.1; 1005.44;    8.3;   82.38;   11.2;    6.7;-999;eor
       1228;20190403;   10;  10.9;   4.6;    3;  -999;-999;    3.383;-999;  -999;   9.4; 1001.60;    7.5;   89.83;    8.5;    7.1;-999;eor
       1228;20190404;   10;   5.6;   3.1;    3;  -999;-999;    0.117;-999;  -999;   9.0; 1001.69;    7.2;   88.29;    7.7;    6.7;-999;eor
       1228;20190405;   10;   9.4;   5.6;    3;  -999;-999;    0.000;-999;  -999;   9.4; 1007.05;    6.7;   95.58;    7.3;    5.7;-999;eor
       1228;20190406;   10;   8.8;   5.1;    3;  -999;-999;    4.333;-999;  -999;  10.2; 1008.01;    7.7;   97.13;   10.4;    6.3;-999;eor
       1228;20190407;   10;   7.5;   4.9;    3;  -999;-999;   12.083;-999;  -999;  10.7; 1009.24;    8.8;   93.92;    9.6;    8.3;-999;eor
       1228;20190408;   10;  15.4;   8.4;    3;  -999;-999;   10.700;-999;  -999;   9.5; 1013.84;    8.4;   85.42;    9.2;    7.4;-999;eor
       1228;20190409;   10;  14.1;   9.3;    3;  -999;-999;   12.717;-999;  -999;   7.7; 1018.42;    6.9;   77.50;    7.6;    6.3;-999;eor
       1228;20190410;   10;  13.8;   8.3;    3;  -999;-999;    9.483;-999;  -999;   5.4; 1022.29;    5.4;   60.00;    6.5;    4.4;-999;eor
       1228;20190411;   10;  10.0;   5.8;    3;  -999;-999;    1.300;-999;  -999;   6.1; 1027.20;    5.3;   67.88;    6.1;    4.4;-999;eor
       1228;20190412;   10;  13.7;   7.1;    3;  -999;-999;    8.200;-999;  -999;   6.1; 1029.08;    4.8;   71.21;    5.8;    2.0;-999;eor
       1228;20190413;   10;  17.9;   9.1;    3;  -999;-999;    7.883;-999;  -999;   6.2; 1028.65;    4.4;   73.71;    6.1;    1.3;-999;eor
       1228;20190414;   10;  15.9;   9.7;    3;  -999;-999;    5.517;-999;  -999;   7.3; 1029.23;    5.8;   78.50;    7.7;    2.7;-999;eor
       1228;20190415;   10;  16.4;  10.8;    3;  -999;-999;   12.883;-999;  -999;   8.4; 1027.88;    7.1;   82.75;    8.2;    6.1;-999;eor
       1228;20190416;   10;  17.1;  11.8;    3;  -999;-999;   13.150;-999;  -999;   8.5; 1022.57;    7.3;   83.42;    8.9;    5.7;-999;eor
       1228;20190417;   10;  13.9;   9.6;    3;  -999;-999;   11.183;-999;  -999;   9.0; 1025.19;    9.2;   77.88;   10.5;    8.2;-999;eor
       1228;20190418;   10;  13.1;   8.6;    3;  -999;-999;   13.233;-999;  -999;   9.8; 1030.35;    9.4;   83.17;   10.9;    8.4;-999;eor
       1228;20190419;   10;   9.3;   6.6;    3;  -999;-999;   13.183;-999;  -999;  10.2; 1032.79;    9.4;   86.50;   10.9;    8.4;-999;eor
       1228;20190420;   10;   7.7;   5.1;    3;  -999;-999;   13.367;-999;  -999;   9.9; 1032.09;    9.5;   82.96;   10.3;    8.9;-999;eor
       1228;20190421;   10;   8.9;   4.1;    3;  -999;-999;   13.967;-999;  -999;  10.2; 1023.20;    9.4;   86.21;   10.6;    8.5;-999;eor
       1228;20190422;   10;  16.6;   9.3;    3;  -999;-999;   13.667;-999;  -999;  10.3; 1013.25;   10.7;   80.08;   12.3;    9.6;-999;eor
       1228;20190423;   10;  17.9;  12.5;    3;  -999;-999;   13.317;-999;  -999;  10.3; 1005.35;   10.6;   80.33;   12.1;    9.8;-999;eor
       1228;20190424;   10;  19.8;   9.0;    3;  -999;-999;    5.733;-999;  -999;  11.8;  999.98;   11.1;   89.13;   14.9;    9.9;-999;eor
       1228;20190425;   10;  12.3;   5.6;    3;  -999;-999;   10.317;-999;  -999;  11.8; 1006.38;   10.9;   90.75;   14.2;    9.3;-999;eor
       1228;20190426;   10;   7.4;   3.3;    3;  -999;-999;    3.700;-999;  -999;  11.9; 1011.24;    9.9;   97.58;   10.9;    9.4;-999;eor
       1228;20190427;   10;  10.5;   6.5;    3;  -999;-999;    7.483;-999;  -999;  10.8; 1009.24;    9.7;   89.88;   10.7;    8.5;-999;eor
       1228;20190428;   10;   8.5;   3.4;    3;  -999;-999;    5.233;-999;  -999;  10.0; 1018.22;    8.8;   88.33;   10.6;    7.7;-999;eor
       1228;20190429;   10;  10.4;   5.9;    3;  -999;-999;    1.833;-999;  -999;  11.0; 1025.23;    8.6;   98.04;    9.4;    7.5;-999;eor
       1228;20190430;   10;   9.5;   6.1;    3;  -999;-999;    0.000;-999;  -999;  10.6; 1023.32;    8.1;   97.50;    9.3;    6.9;-999;eor
       1228;20190501;    3;  11.3;   6.7;    3;  -999;-999;    0.000;-999;  -999;   9.9; 1016.50;    8.1;   91.83;    9.1;    7.0;-999;eor
       1228;20190502;    3;  13.5;   8.7;    3;  -999;-999;    0.417;-999;  -999;   9.9; 1008.53;    8.6;   87.83;    9.7;    7.3;-999;eor
       1228;20190503;    3;  21.0;   9.9;    3;  -999;-999;    5.367;-999;  -999;   7.2; 1009.95;    6.8;   72.29;    7.7;    4.3;-999;eor
       1228;20190504;    3;  18.1;   9.9;    3;  -999;-999;    9.017;-999;  -999;   7.0; 1010.49;    7.0;   69.67;    8.3;    4.6;-999;eor
       1228;20190505;    3;  15.7;   9.6;    3;  -999;-999;    7.433;-999;  -999;   7.5; 1018.70;    7.5;   72.50;    8.2;    6.0;-999;eor
       1228;20190506;    3;  18.3;   9.3;    3;  -999;-999;    6.767;-999;  -999;   7.7; 1017.39;    7.5;   73.71;    8.6;    6.5;-999;eor
       1228;20190507;    3;   8.9;   4.1;    3;  -999;-999;    8.950;-999;  -999;   7.2; 1016.14;    7.4;   70.38;    8.3;    6.3;-999;eor
       1228;20190508;    3;-999;-999;-999;-999;-999;-999;-999;  -999;  -999;    -999;   -999;-999;-999;-999;-999;eor
       1228;20190605;    1;-999;-999;    3;  -999;-999;    1.917;-999;  -999;  -999;    -999;   -999;-999;   -999;   -999;-999;eor
       1228;20190606;    1;  16.2;   6.1;    3;  -999;-999;    8.017;-999;  -999;  14.4; 1008.93;   13.4;   93.38;   16.2;   12.1;-999;eor
       1228;20190607;    1;  14.6;   6.5;    3;  -999;-999;   11.667;-999;  -999;  14.3; 1011.45;   13.8;   90.79;   15.5;   12.4;-999;eor
       1228;20190608;    1;  24.3;  14.7;    3;  -999;-999;    1.033;-999;  -999;  13.3; 1009.16;   13.6;   84.83;   14.9;   12.3;-999;eor
       1228;20190609;    1;  18.0;   6.4;    3;  -999;-999;   13.333;-999;  -999;  13.2; 1021.00;   13.5;   84.91;   14.2;   12.8;-999;eor
       1228;20190610;    1;  14.4;   9.1;    1;  -999;-999;    6.517;-999;  -999;  14.2; 1016.10;   13.6;   90.88;   14.4;   12.7;-999;eor
       1228;20190611;    1;  14.5;   6.6;    1;  -999;-999;    0.150;-999;  -999;  15.1; 1011.20;   13.6;   96.67;   14.2;   12.8;-999;eor
       1228;20190612;    1;  16.4;   5.3;    1;  -999;-999;    5.717;-999;  -999;  14.8; 1009.60;   13.4;   95.58;   15.5;   12.4;-999;eor
       1228;20190613;    1;  15.3;   8.1;    1;  -999;-999;    8.150;-999;  -999;  14.2; 1009.60;   14.3;   86.79;   15.7;   13.5;-999;eor
       1228;20190614;    1;  11.6;   5.7;    1;  -999;-999;   12.017;-999;  -999;  15.4; 1014.26;   15.1;   89.67;   16.8;   13.9;-999;eor
       1228;20190615;    1;  12.1;   5.3;    1;  -999;-999;    2.733;-999;  -999;  15.9; 1012.63;   14.5;   96.00;   15.8;   13.6;-999;eor
       1228;20190616;    1;  11.0;   5.7;    1;  -999;-999;   13.317;-999;  -999;  15.4; 1018.24;   15.1;   89.67;   15.9;   14.3;-999;eor
       1228;20190617;    1;   9.2;   4.6;    1;  -999;-999;   14.600;-999;  -999;  16.4; 1019.38;   16.1;   89.33;   18.2;   14.8;-999;eor
       1228;20190618;    1;   5.4;   2.7;    1;  -999;-999;   13.283;-999;  -999;  16.4; 1014.94;   16.7;   86.25;   18.9;   15.3;-999;eor
       1228;20190619;    1;  12.0;   5.1;    1;  -999;-999;    8.183;-999;  -999;  17.2; 1007.60;   16.1;   93.33;   17.6;   15.0;-999;eor
       1228;20190620;    1;   9.4;   5.3;    1;  -999;-999;    2.983;-999;  -999;  15.7; 1010.10;   15.0;   91.46;   15.7;   14.5;-999;eor
       1228;20190621;    1;   9.9;   5.6;    1;  -999;-999;   12.833;-999;  -999;  13.9; 1018.00;   15.1;   81.04;   15.7;   14.1;-999;eor
       1228;20190622;    1;   8.7;   3.7;    1;  -999;-999;   13.383;-999;  -999;  12.3; 1024.27;   14.6;   73.75;   15.7;   13.8;-999;eor
       1228;20190623;    1;  12.6;   7.9;    1;  -999;-999;   13.150;-999;  -999;  16.5; 1022.03;   16.7;   86.21;   18.1;   15.6;-999;eor
       1228;20190624;    1;  13.1;   9.1;    1;  -999;-999;   11.783;-999;  -999;  17.6; 1020.62;   18.0;   85.50;   19.4;   16.7;-999;eor
       1228;20190625;    1;   8.1;   5.6;    1;  -999;-999;   11.050;-999;  -999;  18.9; 1018.13;   18.5;   88.46;   21.4;   17.4;-999;eor
       1228;20190626;    1;  13.2;   8.8;    1;  -999;-999;    1.383;-999;  -999;  16.0; 1025.01;   15.2;   92.21;   17.7;   13.1;-999;eor
       1228;20190627;    1;  13.4;   8.4;    1;  -999;-999;    0.083;-999;  -999;  13.4; 1028.99;   13.9;   84.29;   14.7;   12.7;-999;eor
       1228;20190628;    1;   8.7;   4.2;    1;  -999;-999;    3.033;-999;  -999;  13.4; 1027.00;   13.5;   86.29;   14.2;   12.6;-999;eor
       1228;20190629;    1;   7.6;   4.1;    1;  -999;-999;   14.017;-999;  -999;  16.5; 1019.53;   16.1;   89.46;   18.4;   13.6;-999;eor
       1228;20190630;    1;  12.6;   7.7;    1;  -999;-999;   12.217;-999;  -999;  17.9; 1011.68;   17.9;   87.38;   21.0;   16.5;-999;eor
       1228;20190701;    1;  14.8;   9.4;    1;  -999;-999;    4.783;-999;  -999;  16.2; 1014.57;   16.4;   86.83;   17.4;   14.8;-999;eor
       1228;20190702;    1;  18.6;   8.6;    1;  -999;-999;    8.350;-999;  -999;  12.3; 1021.95;   14.2;   75.83;   15.2;   13.3;-999;eor
       1228;20190703;    1;  14.6;   8.3;    1;  -999;-999;   11.383;-999;  -999;  11.5; 1025.14;   14.0;   71.88;   14.6;   13.1;-999;eor
       1228;20190704;    1;  16.7;   9.7;    1;  -999;-999;    8.183;-999;  -999;  14.0; 1021.90;   15.2;   80.58;   16.5;   13.5;-999;eor
       1228;20190705;    1;  13.1;   7.7;    1;  -999;-999;    5.317;-999;  -999;  15.1; 1015.46;   15.4;   86.08;   16.1;   14.2;-999;eor
       1228;20190706;    1;  16.8;   9.6;    1;  -999;-999;    4.567;-999;  -999;  14.4; 1009.58;   14.9;   84.75;   16.0;   13.8;-999;eor
       1228;20190707;-999;-999;   9.3;-999;-999;-999;-999;-999;  -999;  10.9; 1013.80;   13.3;   71.63;-999;-999;-999;eor
       1228;20190708;-999;-999;-999;-999;-999;-999;-999;-999;  -999;  -999;    -999;   -999;-999;-999;-999;-999;eor
