STATIONS_ID;MESS_DATUM;QN_3;  FX;  FM;QN_4; RSK;RSKF; SDK;SHK_TAG;  NM; VPM;  PM; TMK; UPM; TXK; TNK; TGK;eor
        880;20180106;   10;   4.8;   1.6;    3;   2.6;   6;    4.183;   0;   8.0;   7.7; 1000.53;    5.5;   85.29;    9.5;    2.7;   -0.7;eor
        880;20180107;   10;   8.3;   3.2;    3;   1.1;   6;    0.000;   0;   6.8;   6.2; 1018.11;    2.1;   86.46;    4.6;   -0.9;   -2.1;eor
        880;20180108;   10;  10.8;   4.0;    3;   0.0;   0;    6.083;   0;   3.5;   4.1; 1023.76;   -1.3;   73.63;    1.8;   -2.7;   -4.1;eor
        880;20180109;   10;  13.1;   4.6;    3;   1.0;   6;    4.033;   0;   6.1;   4.8; 1011.86;    1.6;   68.75;    5.3;   -2.4;   -3.5;eor
        880;20180110;   10;   5.5;   1.3;    3;   0.8;   6;    0.000;   0;   8.0;   7.2; 1005.07;    2.7;   96.75;    6.2;   -0.5;   -2.2;eor
        880;20180111;   10;   4.6;   0.9;    3;   1.9;   6;    0.000;   0;   7.9;   7.3; 1008.35;    2.8;   97.13;    3.8;    1.3;    0.3;eor
        880;20180112;   10;   8.3;   3.0;    3;   0.0;   6;    0.000;   0;   8.0;   6.6; 1018.98;    1.8;   95.46;    3.0;    0.7;    0.6;eor
        880;20180113;   10;  11.5;   4.3;    3;   0.0;   0;    0.000;   0;   7.4;   4.6; 1022.81;    0.3;   73.83;    0.8;   -1.2;   -2.7;eor
        880;20180114;   10;  10.3;   3.6;    3;   0.0;   0;    4.600;   0;   2.7;   4.0; 1020.52;   -1.7;   73.63;    0.6;   -4.2;   -5.9;eor
        880;20180115;   10;  13.7;   4.4;    3;   0.8;   8;    6.533;   0;  -999;   4.2; 1008.58;   -0.6;   71.50;    3.1;   -4.2;   -6.1;eor
        880;20180116;   10;  14.0;   4.9;    3;   3.8;   8;    2.083;   0;   7.3;   6.0;  985.04;    2.3;   82.46;    5.4;   -0.1;   -0.1;eor
        880;20180117;   10;  13.5;   3.9;    3;   2.9;   8;    0.067;   0;   7.3;   5.6;  987.37;    1.3;   83.67;    2.4;   -0.1;   -2.9;eor
        880;20180118;   10;  23.1;   5.8;    3;   6.3;   8;    0.167;   0;   7.6;   6.0;  987.02;    2.6;   81.83;    6.8;    0.8;    0.0;eor
        880;20180119;   10;  10.2;   2.7;    3;   0.0;   8;    0.000;   0;   7.6;   6.0;  997.10;    2.2;   84.50;    3.7;    0.4;   -1.6;eor
        880;20180120;   10;   6.3;   2.1;    3;   0.0;   8;    0.067;   0;   6.6;   5.7;  998.28;    0.7;   88.17;    3.1;   -2.5;   -4.9;eor
        880;20180121;   10;   3.9;   1.4;    3;   0.4;   7;    0.000;   0;   7.8;   5.5; 1003.86;   -0.3;   92.79;    0.5;   -1.5;   -2.8;eor
        880;20180122;   10;  10.8;   3.0;    3;   1.0;   8;    1.100;   0;   7.8;   4.7; 1004.80;    0.1;   77.50;    2.5;   -1.5;   -2.9;eor
        880;20180123;   10;   6.5;   1.5;    3;   0.6;   6;    0.000;   0;   7.9;   6.4; 1012.60;    1.8;   92.13;    5.1;   -0.5;   -0.9;eor
        880;20180124;   10;  10.8;   3.7;    3;   0.0;   0;    3.417;   0;   7.9;   8.7; 1010.09;    7.9;   81.21;   11.4;    5.0;    3.6;eor
        880;20180125;   10;   8.4;   3.0;    3;   0.1;   6;    0.000;   0;   7.9;   8.1; 1006.14;    8.7;   72.00;   10.9;    6.3;    5.4;eor
        880;20180126;   10;   6.7;   2.3;    3;   0.5;   6;    0.000;   0;   7.7;   7.8; 1009.39;    6.3;   81.21;    8.2;    5.0;    4.2;eor
        880;20180127;   10;   8.8;   1.5;    3;   0.1;   6;    1.200;   0;   7.2;   8.0; 1020.95;    5.3;   90.21;    7.8;    2.0;   -1.8;eor
        880;20180128;   10;  15.4;   5.8;    3;   0.2;   6;    0.000;   0;   7.8;   7.9; 1016.79;    7.4;   76.29;    9.7;    4.7;    3.5;eor
        880;20180129;   10;  16.8;   7.2;    3;   2.1;   6;    0.000;   0;   7.7;   8.9; 1011.18;   10.0;   72.88;   11.1;    6.1;    5.1;eor
        880;20180130;   10;  14.4;   4.1;    3;   0.1;   6;    0.983;   0;   7.5;   6.1; 1015.64;    4.4;   72.96;    6.4;    1.0;   -1.9;eor
        880;20180131;   10;  10.5;   3.5;    3;   4.7;   6;    0.067;   0;   8.0;   7.3; 1001.53;    5.2;   80.54;    7.9;    0.5;   -2.4;eor
        880;20180201;   10;   8.0;   2.5;    3;   0.0;   6;    0.200;   0;   6.8;   6.7;  992.66;    3.9;   82.71;    7.0;    0.7;   -2.1;eor
        880;20180202;   10;  11.2;   3.5;    3;   0.3;   6;    5.150;   0;   3.6;   5.2;  995.72;    3.1;   69.08;    6.4;   -0.1;   -2.5;eor
        880;20180203;   10;   6.7;   2.4;    3;   0.3;   8;    0.200;   0;   7.7;   6.0;  996.38;    2.1;   84.04;    4.0;   -0.8;   -2.9;eor
        880;20180204;   10;   6.0;   1.4;    3;   0.2;   8;    5.833;   0;   6.0;   4.9; 1008.88;   -0.4;   82.71;    2.9;   -3.1;   -5.0;eor
        880;20180205;   10;   5.6;   1.6;    3;   0.0;   7;    2.167;-999;   6.0;   4.2; 1018.98;   -1.8;   78.71;    1.3;   -7.7;   -9.3;eor
        880;20180206;   10;   6.6;   2.1;    3;   0.0;   0;    7.900;   0;   3.8;   2.9; 1011.08;   -4.3;   68.71;    0.6;   -9.5;  -11.7;eor
        880;20180207;   10;   5.9;   2.0;    3;   0.0;   0;    5.750;-999;   4.9;   3.6; 1007.66;   -2.9;   74.79;    2.1;   -6.5;   -8.6;eor
        880;20180208;   10;   3.5;   1.1;    3;   0.0;   0;    0.600;   0;   8.0;   4.1; 1011.48;   -2.1;   79.17;    0.7;   -3.3;   -4.3;eor
        880;20180209;   10;   4.5;   1.5;    3;   0.0;   0;    5.017;   0;   6.1;   4.3; 1009.65;   -0.8;   75.38;    3.2;   -2.8;   -6.0;eor
        880;20180210;   10;   6.0;   1.5;    3;   0.0;   0;    0.000;   0;   7.7;   4.4; 1007.96;   -0.9;   78.08;    1.8;   -5.2;   -7.7;eor
        880;20180211;   10;  10.0;   3.0;    3;   0.4;   6;    2.350;   0;   7.9;   5.5;  997.84;    2.5;   75.33;    5.6;    0.8;    0.2;eor
        880;20180212;   10;   9.6;   3.1;    3;   0.5;   7;    2.000;   0;   5.4;   5.4; 1001.97;    1.4;   80.21;    4.8;   -2.0;   -4.8;eor
        880;20180213;   10;   4.9;   1.8;    3;   0.0;   0;    6.067;   0;   2.5;   4.6; 1008.45;   -0.8;   81.46;    5.2;   -5.5;   -8.0;eor
        880;20180214;   10;   5.8;   1.9;    3;   0.0;   7;    7.200;   0;   2.2;   4.3; 1012.39;   -2.3;   83.58;    3.6;   -7.4;   -9.7;eor
        880;20180215;   10;   9.8;   3.3;    3;   0.0;   8;    3.250;   0;   7.2;   4.4; 1012.06;    0.2;   72.88;    3.9;   -3.6;   -3.5;eor
        880;20180216;   10;  11.2;   3.2;    3;   0.0;   0;    7.700;-999;   2.8;   5.4; 1013.98;    3.2;   71.83;    9.1;   -2.9;   -5.9;eor
        880;20180217;   10;   3.9;   1.4;    3;   0.0;   0;    2.267;   0;   7.7;   5.3; 1016.33;    1.5;   79.33;    5.7;   -3.3;   -6.0;eor
        880;20180218;   10;   4.9;   1.3;    3;   0.0;   0;    0.000;-999;   8.0;   4.7; 1019.94;    1.4;   69.54;    3.0;   -2.2;   -4.7;eor
        880;20180219;   10;   5.7;   1.9;    3;   0.0;   0;    4.200;   0;   7.9;   4.3; 1013.88;    0.6;   67.33;    4.7;   -1.9;   -4.9;eor
        880;20180220;   10;   7.8;   2.7;    3;   0.0;   0;    7.900;-999;   6.7;   4.1; 1011.32;   -0.7;   71.50;    3.9;   -3.8;   -7.2;eor
        880;20180221;   10;   7.5;   2.1;    3;   0.0;   0;    6.933;-999;   3.3;   3.9; 1015.77;   -1.2;   70.88;    4.2;   -8.0;  -10.7;eor
        880;20180222;   10;   8.2;   2.4;    3;   0.0;   0;    5.533;-999;   3.8;   3.4; 1016.61;   -2.2;   67.50;    2.5;   -7.4;  -10.7;eor
        880;20180223;   10;   8.9;   2.8;    3;   0.0;   7;    8.217;-999;   1.3;   2.8; 1017.22;   -4.9;   67.17;   -0.8;  -10.3;  -12.6;eor
        880;20180224;   10;  11.4;   3.0;    3;   0.0;   0;    6.833;   0;   4.0;   2.5; 1020.50;   -5.1;   60.75;   -0.4;  -11.4;  -13.6;eor
        880;20180225;   10;   8.4;   2.4;    3;   0.0;   0;    7.767;   0;   3.9;   2.1; 1022.51;   -7.1;   59.58;   -2.9;  -11.1;  -14.2;eor
        880;20180226;   10;  10.2;   2.6;    3;   0.0;   7;    3.450;-999;   4.7;   2.0; 1019.05;   -8.4;   61.33;   -4.1;  -12.6;  -16.2;eor
        880;20180227;   10;   9.3;   2.8;    3;   0.0;   7;    7.950;-999;   3.6;   1.7; 1014.65;   -9.8;   61.04;   -3.9;  -16.6;  -19.1;eor
        880;20180228;   10;  10.3;   3.7;    3;   0.0;   7;    6.633;-999;   3.2;   1.8; 1017.61;   -9.3;   61.63;   -5.5;  -12.0;  -13.7;eor
        880;20180301;   10;  10.4;   4.1;    3;   0.0;   0;    9.483;   0;   1.7;   1.8; 1010.16;   -9.1;   60.29;   -3.9;  -13.3;  -14.3;eor
        880;20180302;   10;  10.6;   4.1;    3;   0.0;   0;    9.233;   0;   0.4;   1.8;  998.34;   -8.5;   58.38;   -2.6;  -13.4;  -14.7;eor
        880;20180303;   10;  10.0;   3.5;    3;   0.0;   0;    9.600;-999;   1.3;   2.0;  997.40;   -7.6;   58.17;   -1.9;  -13.0;  -15.3;eor
        880;20180304;   10;   8.8;   3.3;    3;   0.0;   0;    9.200;-999;   4.2;   2.4;  996.35;   -3.0;   51.75;    5.5;  -11.4;  -14.1;eor
        880;20180305;   10;   9.3;   2.6;    3;   0.0;   0;    4.533;   0;   7.8;   4.3;  991.41;    1.4;   63.29;    8.8;   -4.4;   -8.0;eor
        880;20180306;   10;   6.4;   2.1;    3;   7.9;   8;    0.000;   0;   7.7;   5.2;  986.20;   -0.4;   86.92;    2.1;   -3.0;   -6.5;eor
        880;20180307;   10;   6.5;   2.1;    3;   0.8;   8;    0.000;   0;   7.7;   6.3;  985.84;    1.4;   93.54;    3.1;    0.1;   -2.3;eor
        880;20180308;   10;  12.4;   3.8;    3;   0.9;   6;    4.150;   0;   6.4;   6.2;  993.77;    5.4;   70.75;   10.0;   -0.3;   -2.7;eor
        880;20180309;   10;  13.0;   4.3;    3;   0.2;   6;    3.400;   0;   5.2;   5.9;  998.20;    5.4;   66.71;    9.5;   -1.4;   -3.9;eor
        880;20180310;   10;   4.4;   1.8;    3;   0.7;   6;    0.067;   0;   7.9;   8.1;  997.31;    6.8;   80.33;   13.2;   -1.4;   -3.9;eor
        880;20180311;   10;   7.4;   2.7;    3;   0.0;   0;    7.833;   0;   7.7;   9.3;  991.96;   12.1;   66.67;   17.7;    7.2;    3.2;eor
        880;20180312;   10;   9.8;   2.4;    3;   7.3;   6;    0.000;   0;   7.9;   9.6;  984.01;    8.2;   87.54;   11.2;    4.3;    0.6;eor
        880;20180313;   10;  12.5;   4.5;    3;   3.1;   6;    0.583;   0;   7.8;   9.0;  991.39;    9.2;   77.29;   11.8;    5.7;    5.5;eor
        880;20180314;   10;   9.5;   2.6;    3;   0.0;   6;    0.000;   0;   7.8;   7.0; 1002.05;    4.2;   84.75;    6.0;    2.8;    2.6;eor
        880;20180315;   10;  12.4;   4.2;    3;   0.0;   0;    1.183;   0;   7.7;   6.5; 1000.67;    3.4;   83.21;    6.6;    2.3;    2.1;eor
        880;20180316;   10;  13.4;   5.9;    3;   1.4;   8;    0.000;   0;   7.8;   4.9;  998.92;   -0.1;   80.63;    2.7;   -3.7;   -3.6;eor
        880;20180317;   10;  15.4;   6.3;    3;   0.0;   8;    0.067;   2;   7.7;   2.9; 1004.72;   -3.8;   62.88;   -2.5;   -6.0;   -6.1;eor
        880;20180318;   10;  17.8;   6.4;    3;   0.0;   0;   10.650;   0;   7.5;   2.0; 1007.75;   -3.1;   40.92;    0.5;   -6.3;   -7.2;eor
        880;20180319;   10;   8.8;   3.0;    3;   0.0;   0;   10.783;   0;   3.6;   2.2; 1005.89;   -2.9;   47.71;    3.0;   -8.1;  -10.7;eor
        880;20180320;   10;   8.1;   2.3;    3;   0.1;   7;    8.500;   0;   4.1;   3.6; 1006.59;   -2.2;   70.04;    4.1;   -9.8;  -12.0;eor
        880;20180321;   10;  10.2;   2.7;    3;   0.0;   7;    8.183;   0;   4.3;   3.7; 1016.87;   -0.3;   64.08;    5.8;   -8.3;  -11.8;eor
        880;20180322;   10;  12.4;   3.9;    3;   1.9;   8;    0.000;   0;   7.6;   5.3; 1005.50;    1.4;   77.58;    3.4;   -1.2;   -2.7;eor
        880;20180323;   10;   5.3;   1.9;    3;   0.1;   6;    0.000;   0;   7.9;   6.5;  998.89;    2.8;   86.29;    4.3;    1.7;    1.5;eor
        880;20180324;   10;   5.1;   2.0;    3;   0.0;   0;    0.583;   0;   7.9;   5.5;  997.60;    4.4;   67.46;    9.3;   -1.6;   -3.9;eor
        880;20180325;   10;   8.6;   2.4;    3;   0.0;   0;   10.900;   0;   7.0;   5.3;  999.82;    4.6;   64.54;   11.1;   -3.1;   -5.9;eor
        880;20180326;   10;   6.2;   1.6;    3;   0.6;   6;    0.000;   0;   8.0;   6.5; 1003.84;    4.9;   76.17;    9.1;   -0.1;   -2.1;eor
        880;20180327;   10;   5.1;   1.4;    3;   0.2;   8;    2.517;   0;   7.1;   6.0; 1006.30;    2.8;   81.33;    6.6;    0.2;   -3.1;eor
        880;20180328;   10;   8.7;   3.5;    3;   5.2;   8;    0.000;   0;   7.3;   6.3;  997.37;    1.5;   92.17;    4.0;   -0.5;   -1.7;eor
        880;20180329;   10;  13.3;   4.1;    3;   0.0;   6;    0.017;   0;   7.1;   6.6;  995.15;    5.8;   71.83;    8.1;    1.4;   -2.3;eor
        880;20180330;   10;   7.9;   2.4;    3;   0.1;   6;    9.767;   0;   5.3;   6.0;  999.17;    5.9;   67.79;   13.4;   -2.6;   -4.8;eor
        880;20180331;   10;   8.9;   3.4;    3;   1.0;   8;    0.100;   0;   7.6;   6.9;  990.30;    4.8;   80.38;    8.9;    2.1;    1.4;eor
        880;20180401;   10;  15.1;   5.1;    3;   0.8;   8;    0.000;   0;   7.7;   5.9;  993.78;    2.1;   82.92;    3.3;    1.3;    0.7;eor
        880;20180402;   10;  10.5;   3.5;    3;   0.5;   6;    7.283;   0;   5.9;   5.5; 1001.73;    5.0;   63.42;   10.6;   -0.7;   -1.8;eor
        880;20180403;   10;  11.3;   3.2;    3;   0.9;   6;    6.400;   0;   7.8;   8.9;  996.85;   12.5;   61.67;   20.0;    5.9;    5.1;eor
        880;20180404;   10;  14.8;   2.7;    3;   0.9;   6;    8.367;   0;   7.3;   9.3;  995.63;   16.7;   50.79;   22.7;    9.2;    5.3;eor
        880;20180405;   10;  16.5;   4.9;    3;   0.5;   6;    6.350;   0;   4.4;   8.8; 1000.60;   10.8;   68.88;   16.7;    5.2;    4.7;eor
        880;20180406;   10;   9.8;   2.5;    3;   0.0;   0;   11.967;   0;   1.4;   5.3; 1015.42;    6.8;   56.79;   13.5;    0.2;   -2.1;eor
        880;20180407;   10;  10.5;   3.5;    3;   0.0;   0;   12.017;   0;   3.3;   6.1; 1010.50;   12.1;   46.29;   21.5;    0.9;   -3.3;eor
        880;20180408;   10;  13.4;   3.5;    3;   0.0;   0;   11.067;   0;   1.0;   8.6; 1003.69;   13.7;   57.17;   20.7;    5.4;    2.4;eor
        880;20180409;   10;   6.7;   1.9;    3;   0.0;   0;   11.017;   0;   3.2;   8.8;  998.52;   13.7;   60.92;   22.7;    3.2;    0.4;eor
        880;20180410;   10;  11.6;   3.3;    3;   0.0;   6;   11.067;   0;   2.8;   9.4;  997.15;   17.6;   50.25;   25.2;    8.8;    6.1;eor
        880;20180411;   10;  11.5;   4.2;    3;   0.0;   6;    9.283;   0;   4.5;  11.8; 1000.22;   16.0;   65.67;   21.0;   11.7;   10.1;eor
        880;20180412;   10;  13.1;   4.6;    3;   0.1;   6;    6.550;   0;   7.0;  11.3;  997.28;   17.6;   59.96;   24.5;    9.7;    8.6;eor
        880;20180413;   10;  13.0;   3.5;    3;  10.7;   6;    1.700;   0;   7.6;  13.3;  998.70;   15.9;   74.13;   20.4;   11.0;   10.3;eor
        880;20180414;   10;  10.9;   3.8;    3;   0.0;   6;    7.533;   0;   6.2;  11.0; 1008.82;   14.1;   71.50;   20.8;    8.3;    5.9;eor
        880;20180415;   10;   7.9;   2.0;    3;   2.3;   6;    9.417;   0;   7.9;  10.8; 1005.20;   15.2;   66.04;   23.5;    7.8;    5.3;eor
        880;20180416;   10;   8.9;   1.7;    3;  14.0;   6;    0.000;   0;   7.9;  13.5; 1004.68;   12.5;   93.25;   13.5;   11.5;   11.1;eor
        880;20180417;   10;  11.2;   1.6;    3;   0.0;   0;    7.500;   0;   4.8;  11.2; 1016.93;   12.7;   78.88;   19.4;    7.0;    5.3;eor
        880;20180418;   10;   6.0;   1.2;    3;   0.0;   0;   12.450;   0;   2.3;  10.5; 1023.20;   14.6;   67.92;   23.2;    5.0;    3.1;eor
        880;20180419;   10;   4.4;   1.1;    3;   0.0;   0;   12.383;   0;  -999;  12.5; 1022.11;   16.2;   70.92;   24.9;    6.5;    5.0;eor
        880;20180420;   10;   6.8;   1.8;    3;   0.0;   0;   12.517;   0;   5.5;  13.2; 1015.29;   18.7;   66.71;   28.0;    8.9;    6.7;eor
        880;20180421;   10;   8.3;   2.1;    3;   0.0;   0;   11.233;   0;   5.9;  11.5; 1010.30;   16.9;   63.38;   23.9;    8.5;    5.4;eor
        880;20180422;   10;   8.2;   1.7;    3;   1.7;   6;   12.033;   0;   6.0;   9.7; 1007.23;   16.8;   53.75;   24.6;    6.2;    3.6;eor
        880;20180423;   10;  10.6;   2.4;    3;   0.0;   6;    6.483;   0;   7.4;  12.6; 1003.59;   17.0;   66.13;   22.3;    8.7;    5.6;eor
        880;20180424;   10;  12.8;   2.7;    3;   0.7;   6;    4.800;   0;   7.3;  10.7; 1006.15;   12.5;   75.83;   18.3;    6.9;    4.2;eor
        880;20180425;   10;  21.2;   4.1;    3;   0.6;   6;    3.850;   0;   7.3;  10.5; 1000.27;   14.3;   65.46;   21.1;    6.9;    4.4;eor
        880;20180426;   10;  16.0;   3.2;    3;   0.4;   6;    5.500;   0;   5.2;   8.5; 1005.42;    9.9;   70.58;   14.5;    4.1;    1.3;eor
        880;20180427;   10;   7.0;   2.1;    3;   0.0;   0;   10.033;   0;   6.8;   7.6; 1006.52;   11.1;   61.42;   18.1;    2.2;   -0.2;eor
        880;20180428;   10;   9.4;   2.5;    3;   0.0;   0;   10.983;   0;   5.0;   9.8; 1002.61;   15.6;   58.67;   23.4;    4.8;    2.8;eor
        880;20180429;   10;   8.8;   2.2;    3;   0.0;   0;   13.067;   0;   4.2;  12.0; 1000.51;   18.9;   58.08;   26.1;    8.6;    6.6;eor
        880;20180430;   10;  16.2;   3.9;    3;   2.0;   6;    9.533;   0;   3.4;  11.7;  993.91;   17.4;   60.42;   24.6;    8.9;    5.7;eor
        880;20180501;   10;  12.3;   3.4;    3;   0.0;   0;    7.183;-999;   5.7;   8.9; 1002.35;   12.8;   62.08;   18.4;    3.5;    1.1;eor
        880;20180502;   10;   9.3;   2.5;    3;   9.6;   6;    1.367;-999;   7.6;   8.6; 1005.72;   10.7;   68.58;   17.6;    1.6;   -0.2;eor
        880;20180503;   10;   8.6;   2.3;    3;   0.0;   6;    1.683;-999;   7.6;  11.1; 1005.90;   14.4;   69.42;   20.1;    8.3;    5.4;eor
        880;20180504;   10;   8.6;   2.4;    3;   0.0;   0;   13.500;-999;   3.0;   7.7; 1014.48;   12.7;   54.21;   18.8;    5.5;    3.5;eor
        880;20180505;   10;   8.2;   2.6;    3;   0.0;   0;   13.683;-999;   2.9;   7.8; 1017.85;   13.1;   56.00;   19.8;    6.4;    4.2;eor
        880;20180506;   10;   8.5;   2.7;    3;   0.0;   0;   13.733;-999;   2.3;   8.9; 1017.55;   14.0;   60.04;   21.5;    4.9;    3.1;eor
        880;20180507;   10;   9.0;   2.6;    3;   0.0;   0;   13.783;-999;   0.0;   9.8; 1013.65;   16.3;   57.13;   24.2;    4.5;    2.6;eor
        880;20180508;   10;   8.9;   2.9;    3;   0.0;   0;   13.833;-999;   0.6;   9.9; 1006.83;   18.3;   51.21;   25.6;    7.1;    5.3;eor
        880;20180509;   10;   9.8;   3.1;    3;   0.0;   6;    9.850;-999;   4.1;  12.8; 1001.38;   19.7;   56.54;   26.2;   11.1;    8.7;eor
        880;20180510;   10;  13.2;   2.7;    3;   0.5;   6;    9.133;-999;   6.3;  14.4; 1000.92;   20.3;   63.88;   27.6;   14.3;   13.2;eor
        880;20180511;   10;   6.2;   1.7;    3;   0.0;   0;    0.000;-999;   7.5;  14.2; 1010.39;   15.1;   82.63;   16.8;   10.4;    8.4;eor
        880;20180512;   10;   7.7;   2.1;    3;   0.0;   0;    8.933;-999;   3.7;  14.4; 1008.73;   17.4;   74.46;   25.0;    8.9;    6.7;eor
        880;20180513;   10;  12.2;   3.8;    3;   0.0;   0;   13.933;-999;   0.3;  11.3; 1004.30;   20.4;   52.00;   26.2;   14.0;   11.4;eor
        880;20180514;   10;  13.1;   4.0;    3;   0.0;   0;   13.950;-999;   2.6;   9.1; 1005.20;   18.4;   45.33;   23.7;   10.2;    7.7;eor
        880;20180515;   10;  10.2;   2.4;    3;   4.1;   6;    7.317;-999;   6.4;  10.8; 1004.79;   14.6;   67.38;   20.2;    7.9;    5.6;eor
        880;20180516;   10;   5.8;   1.6;    3;   5.4;   6;    1.650;-999;   7.8;  14.0; 1002.87;   13.9;   88.58;   20.3;    9.2;    8.4;eor
        880;20180517;   10;   9.3;   2.6;    3;   0.0;   0;    3.500;-999;   8.0;  13.2; 1003.90;   16.1;   73.00;   20.2;   12.2;   11.4;eor
        880;20180518;   10;   9.1;   2.7;    3;   0.0;   0;    0.800;-999;   7.6;  11.0; 1010.27;   13.2;   72.79;   16.5;    9.6;    8.6;eor
        880;20180519;   10;   7.9;   1.8;    3;   0.0;   0;   10.017;-999;   7.1;   9.6; 1013.02;   16.0;   56.63;   22.3;    9.7;    6.3;eor
        880;20180520;   10;   9.9;   3.0;    3;   0.0;   0;   14.350;-999;   1.7;   8.3; 1015.70;   16.0;   48.54;   22.7;    5.5;    3.6;eor
        880;20180521;   10;  12.5;   3.5;    3;   0.0;   0;   14.200;-999;   0.4;   9.1; 1011.97;   16.9;   50.17;   23.7;    7.2;    4.5;eor
        880;20180522;   10;   9.9;   2.6;    3;   0.0;   0;   14.183;-999;   2.0;   8.9; 1007.05;   18.5;   45.38;   25.5;    9.0;    5.4;eor
        880;20180523;   10;   9.1;   3.3;    3;   0.0;   0;    9.617;-999;   5.8;  10.0; 1011.44;   20.1;   45.50;   26.8;    9.5;    6.5;eor
        880;20180524;   10;  12.2;   4.2;    3;   0.0;   0;   11.467;-999;   7.9;  11.3; 1013.52;   20.5;   48.46;   26.0;   14.9;   11.1;eor
        880;20180525;   10;  13.1;   3.2;    3;   9.6;   6;   12.100;-999;   3.2;  12.2; 1012.00;   20.0;   55.75;   27.7;   12.9;   11.0;eor
        880;20180526;   10;   7.3;   1.9;    3;   0.0;   0;   13.150;-999;   2.8;  12.4; 1013.02;   20.5;   55.75;   28.5;   10.7;    9.6;eor
        880;20180527;   10;   9.9;   2.1;    3;   0.0;   0;   10.183;-999;   5.4;  13.8; 1011.93;   21.8;   56.29;   28.5;   12.2;   10.8;eor
        880;20180528;   10;   9.4;   3.2;    3;   0.0;   0;   11.067;-999;   5.7;  15.3; 1011.14;   24.5;   52.17;   31.5;   16.4;   14.0;eor
        880;20180529;   10;  10.9;   3.7;    3;   0.0;   0;   14.367;-999;   0.8;  14.4; 1007.47;   25.5;   45.96;   31.7;   17.3;   15.7;eor
        880;20180530;   10;  11.2;   1.9;    3;   1.2;   6;    6.833;-999;   4.3;  16.8; 1006.62;   22.1;   64.54;   30.6;   17.5;   15.5;eor
        880;20180531;   10;   7.7;   2.1;    3;   0.0;   0;   13.183;-999;   4.0;  16.0; 1006.43;   25.0;   53.79;   32.0;   17.1;   14.7;eor
        880;20180601;   10;  14.2;   2.2;    3;   3.5;   6;   10.233;-999;   5.8;  17.4; 1006.03;   23.4;   64.38;   32.1;   17.8;   15.4;eor
        880;20180602;   10;   8.1;   2.4;    3;   3.0;   6;    3.433;-999;   7.5;  19.2; 1007.19;   20.3;   81.46;   26.0;   17.7;   17.3;eor
        880;20180603;   10;   6.0;   1.8;    3;   0.0;   6;    3.317;-999;   6.6;  18.6; 1008.39;   19.2;   84.08;   23.8;   16.3;   15.0;eor
        880;20180604;   10;   6.6;   1.4;    3;   0.0;   0;    6.400;-999;   4.9;  17.1; 1003.42;   21.1;   71.42;   27.2;   15.4;   13.6;eor
        880;20180605;   10;   6.1;   1.8;    3;   0.0;   0;    4.683;-999;   4.0;  15.1; 1003.96;   18.3;   72.92;   23.7;   14.0;   10.9;eor
        880;20180606;   10;  11.7;   4.6;    3;   0.0;   0;   14.950;-999;   3.0;   8.0; 1009.02;   18.3;   39.63;   24.2;   13.1;   10.5;eor
        880;20180607;   10;   9.1;   3.6;    3;   0.0;   0;   14.950;-999;   1.3;   8.6; 1008.66;   20.7;   36.63;   28.5;   11.7;   10.6;eor
        880;20180608;   10;   6.8;   1.9;    3;   0.0;   0;   13.083;-999;   5.0;  13.1; 1004.74;   23.9;   45.79;   31.7;   12.1;   10.0;eor
        880;20180609;   10;  14.6;   2.4;    3;  52.7;   8;    8.550;-999;   7.4;  17.4; 1003.60;   22.5;   66.33;   31.8;   18.2;   16.1;eor
        880;20180610;   10;  10.9;   1.6;    3;  14.8;   6;    3.833;-999;   7.1;  20.2; 1001.34;   21.4;   81.67;   30.2;   17.7;   16.9;eor
        880;20180611;   10;   6.9;   1.7;    3;   0.0;   0;    7.167;-999;   6.7;  16.8; 1001.82;   20.0;   74.13;   25.3;   15.8;   14.8;eor
        880;20180612;   10;   8.3;   2.1;    3;   0.0;   6;    9.117;-999;   6.3;  12.7; 1000.83;   18.0;   62.79;   22.8;   14.9;   14.5;eor
        880;20180613;   10;   7.6;   2.1;    3;   0.0;   0;    1.000;-999;   7.8;  12.3; 1003.32;   16.0;   67.92;   18.7;   14.4;   14.2;eor
        880;20180614;   10;   7.0;   1.9;    3;   0.0;   0;   10.083;-999;   6.1;  10.9; 1006.79;   17.6;   56.33;   23.3;   11.7;    9.9;eor
        880;20180615;   10;   8.1;   1.7;    3;   0.0;   0;   11.633;-999;   7.2;  13.0; 1008.05;   18.6;   62.58;   24.3;   10.1;    8.9;eor
        880;20180616;   10;   5.8;   1.6;    3;   0.0;   0;    4.600;-999;   7.9;  14.1; 1007.68;   22.2;   55.08;   27.2;   16.8;   16.8;eor
        880;20180617;   10;  12.5;   1.9;    3;   5.4;   6;    4.150;-999;   7.1;  15.2; 1006.60;   22.0;   59.79;   28.4;   16.5;   16.2;eor
        880;20180618;   10;   8.3;   2.0;    3;   0.0;   0;    7.883;-999;   6.5;  13.6; 1011.14;   19.6;   61.00;   23.9;   13.6;   12.6;eor
        880;20180619;   10;   8.3;   2.1;    3;   0.0;   0;    2.000;-999;   6.1;  15.1; 1012.81;   20.2;   65.42;   25.8;   15.0;   13.9;eor
        880;20180620;   10;   6.5;   1.4;    3;   0.0;   0;   10.483;-999;   4.7;  16.4; 1011.91;   22.0;   65.29;   29.8;   13.4;   12.3;eor
        880;20180621;   10;  19.6;   3.5;    3;   0.6;   6;   10.617;-999;   4.7;  13.7; 1004.47;   19.4;   61.58;   29.8;   10.9;    9.5;eor
        880;20180622;   10;  11.1;   3.4;    3;   3.4;   6;    5.883;-999;   6.2;  10.1; 1009.37;   12.7;   69.00;   16.9;    9.3;    8.6;eor
        880;20180623;   10;  11.8;   3.7;    3;   3.1;   6;    2.050;-999;   7.3;  11.5; 1010.82;   13.3;   75.29;   16.9;   11.1;   10.9;eor
        880;20180624;   10;   9.9;   2.6;    3;   0.6;   6;    0.000;-999;   7.8;  13.0; 1010.18;   13.1;   86.21;   15.0;   11.6;   11.5;eor
        880;20180625;   10;   8.7;   1.9;    3;   0.0;   0;    7.550;-999;   5.9;  13.1; 1011.70;   16.5;   71.79;   22.0;   12.0;   10.1;eor
        880;20180626;   10;   7.6;   2.1;    3;   0.1;   6;    4.767;-999;   4.8;  13.5; 1013.51;   16.8;   72.50;   22.9;   11.0;    9.1;eor
        880;20180627;   10;   9.1;   2.4;    3;   0.0;   6;   10.367;-999;   5.5;  12.8; 1015.16;   18.5;   62.63;   24.4;   10.4;    8.5;eor
        880;20180628;   10;  11.3;   2.9;    3;   0.0;   6;    5.750;-999;   7.5;  13.8; 1010.89;   21.7;   54.67;   25.9;   14.5;   12.2;eor
        880;20180629;   10;  10.8;   2.8;    3;   0.0;   0;   12.567;-999;   4.4;  13.4; 1006.34;   22.9;   49.96;   29.8;   17.1;   16.0;eor
        880;20180630;   10;  11.1;   3.6;    3;   0.0;   0;    9.967;-999;   2.9;   8.8; 1010.34;   16.8;   47.08;   21.5;   10.8;    7.5;eor
        880;20180701;   10;   8.8;   2.3;    3;   0.0;   0;    8.383;-999;   3.3;   8.3; 1011.68;   14.9;   51.83;   21.6;    6.6;    4.3;eor
        880;20180702;   10;   8.0;   1.7;    3;   0.0;   0;   12.067;-999;   2.4;   9.0; 1009.37;   15.6;   55.42;   24.0;    5.3;    3.9;eor
        880;20180703;   10;   8.5;   1.9;    3;   0.0;   0;   15.017;-999;   0.0;   9.3; 1007.47;   18.8;   49.38;   27.7;    7.7;    6.2;eor
        880;20180704;   10;   6.9;   1.3;    3;   0.0;   0;   14.967;-999;   0.4;  10.4; 1005.06;   21.9;   46.21;   31.7;    9.9;    8.3;eor
        880;20180705;   10;   6.3;   1.4;    3;   0.0;   6;    6.733;-999;   6.3;  13.2; 1001.83;   23.9;   48.50;   32.8;   12.8;   11.3;eor
        880;20180706;   10;   9.2;   2.5;    3;   0.0;   0;    4.533;-999;   5.4;  14.0; 1007.11;   18.8;   65.00;   23.1;   14.1;   11.0;eor
        880;20180707;   10;   8.9;   2.6;    3;   0.0;   0;   11.283;-999;   5.0;   9.6; 1010.45;   18.8;   46.88;   26.2;   11.8;    9.2;eor
        880;20180708;   10;   8.8;   2.2;    3;   0.0;   0;    7.983;-999;   4.7;  14.0; 1010.89;   19.9;   61.00;   26.1;   12.7;   10.0;eor
        880;20180709;   10;  10.0;   2.1;    3;   0.6;   6;    9.050;-999;   5.7;  13.8; 1009.13;   20.5;   60.00;   26.1;   14.3;   12.3;eor
        880;20180710;   10;   5.1;   1.3;    3;  18.1;   6;    0.000;-999;   7.8;  14.0; 1007.55;   14.2;   86.46;   17.1;   11.7;   12.0;eor
        880;20180711;   10;   7.1;   1.3;    3;   2.8;   6;    3.050;-999;   7.6;  14.2; 1005.67;   17.1;   74.67;   22.9;   12.8;   13.0;eor
        880;20180712;   10;  11.7;   2.6;    3;  10.3;   6;    0.050;-999;   7.7;  16.0; 1004.47;   15.4;   91.00;   18.3;   13.3;   13.4;eor
        880;20180713;   10;  10.4;   2.3;    3;   0.0;   6;    7.050;-999;   5.0;  16.0; 1008.05;   20.2;   70.63;   26.9;   14.2;   12.8;eor
        880;20180714;   10;   8.5;   2.3;    3;   0.0;   0;   12.067;-999;   1.3;  14.6; 1009.43;   19.7;   66.08;   26.4;   12.5;   11.4;eor
        880;20180715;   10;   6.8;   1.5;    3;   0.0;   0;   13.217;-999;   1.9;  13.1; 1008.40;   18.8;   64.25;   25.5;   11.4;   10.2;eor
        880;20180716;   10;   6.3;   1.3;    3;   0.0;   6;   13.000;-999;   3.1;  14.2; 1005.03;   20.6;   62.00;   28.4;   11.2;   10.2;eor
        880;20180717;   10;  10.2;   2.2;    3;   0.1;   6;    4.667;-999;   8.0;  16.8; 1002.69;   21.7;   66.71;   27.7;   16.4;   15.7;eor
        880;20180718;   10;  12.2;   2.9;    3;   0.0;   0;    4.417;-999;   8.0;  15.7; 1004.85;   22.1;   60.46;   27.5;   16.7;   14.7;eor
        880;20180719;   10;   8.3;   2.2;    3;   0.0;   6;    3.700;-999;   7.4;  16.1; 1007.49;   19.0;   73.75;   23.1;   14.7;   13.0;eor
        880;20180720;   10;   7.2;   1.4;    3;   0.0;   0;   13.033;-999;  -999;  12.6; 1006.19;   20.0;   58.96;   27.4;   10.8;    9.3;eor
        880;20180721;   10;   7.1;   2.0;    3;   0.0;   0;   11.850;-999;   7.6;  12.6; 1003.65;   21.0;   54.96;   28.6;   11.0;    9.9;eor
        880;20180722;   10;   8.0;   1.7;    3;   0.0;   0;    8.483;-999;   7.8;  13.3; 1004.36;   21.3;   56.08;   28.1;   13.2;   12.3;eor
        880;20180723;   10;   9.1;   2.3;    3;   0.0;   0;   12.617;-999;   2.4;  14.8; 1006.71;   22.5;   58.08;   29.3;   15.2;   13.0;eor
        880;20180724;   10;   7.5;   1.6;    3;   0.0;   0;   12.167;-999;   2.2;  15.8; 1006.87;   22.7;   60.25;   30.8;   13.0;   11.4;eor
        880;20180725;   10;  10.0;   1.9;    3;   0.3;   6;   12.267;-999;   2.1;  17.6; 1006.62;   23.8;   63.08;   32.1;   15.6;   13.9;eor
        880;20180726;   10;   8.1;   2.1;    3;   0.0;   0;   13.367;-999;   0.9;  16.3; 1007.66;   24.5;   58.00;   32.3;   15.2;   13.1;eor
        880;20180727;   10;  10.2;   2.2;    3;   6.7;   6;    8.067;-999;   5.5;  19.8; 1006.20;   24.1;   67.42;   32.1;   18.2;   16.1;eor
        880;20180728;   10;  13.1;   2.1;    3;   2.4;   6;   12.100;-999;   4.0;  19.3; 1001.50;   24.5;   67.50;   33.5;   18.1;   17.1;eor
        880;20180729;   10;   8.3;   2.0;    3;   0.0;   0;   13.350;-999;   3.6;  17.5; 1006.99;   23.4;   63.38;   30.0;   17.4;   16.7;eor
        880;20180730;   10;   6.6;   2.4;    3;   0.0;   0;    7.800;-999;   4.1;  16.2; 1008.17;   26.4;   49.75;   33.4;   19.7;   18.2;eor
        880;20180731;   10;   7.0;   2.0;    3;   0.0;   0;   14.017;-999;   0.5;  14.7; 1008.04;   28.0;   42.88;   36.1;   17.8;   15.8;eor
        880;20180801;   10;   7.1;   2.0;    3;   0.0;   0;   12.533;-999;   2.3;  17.7; 1009.45;   29.2;   47.04;   36.4;   20.4;   17.8;eor
        880;20180802;   10;   7.6;   2.4;    3;   0.0;   0;    9.800;-999;   6.1;  21.6; 1012.22;   27.1;   61.92;   33.2;   21.6;   19.8;eor
        880;20180803;   10;   7.6;   2.5;    3;   0.0;   0;   11.417;-999;   2.4;  14.8; 1012.38;   27.4;   41.67;   33.6;   21.5;   20.0;eor
        880;20180804;   10;   8.6;   1.9;    3;   5.7;   6;   10.067;-999;   4.5;  16.7; 1008.12;   27.2;   47.33;   34.4;   19.2;   17.3;eor
        880;20180805;   10;  10.0;   2.4;    3;   0.0;   6;   10.617;-999;   4.6;  16.4; 1010.36;   21.5;   65.50;   26.4;   13.2;   11.9;eor
        880;20180806;   10;   6.1;   1.4;    3;   0.0;   0;   13.750;-999;   0.4;  13.2; 1010.11;   20.6;   58.75;   29.3;   11.7;   10.0;eor
        880;20180807;   10;   8.3;   2.2;    3;   0.0;   0;   13.550;-999;   3.3;  12.3; 1004.90;   26.2;   41.29;   35.6;   14.6;   12.1;eor
        880;20180808;   10;  14.9;   2.5;    3;   0.1;   6;   11.267;-999;   4.2;  16.5; 1002.99;   27.1;   49.46;   37.0;   17.5;   15.4;eor
        880;20180809;   10;  13.9;   2.3;    3;   0.0;   0;   11.767;-999;   2.9;  18.1; 1004.42;   27.2;   54.83;   36.1;   18.1;   16.7;eor
        880;20180810;   10;  10.9;   3.1;    3;   0.0;   6;    2.600;-999;   6.1;  13.4; 1011.40;   21.4;   53.21;   25.8;   14.3;   12.3;eor
        880;20180811;   10;  13.7;   2.6;    3;   0.0;   6;    7.883;-999;   4.6;  10.9; 1011.76;   19.0;   52.21;   25.2;   10.3;    8.0;eor
        880;20180812;   10;   8.8;   1.9;    3;   0.0;   0;   12.517;-999;   6.6;   9.7; 1008.68;   18.9;   49.71;   28.5;    8.8;    6.9;eor
        880;20180813;   10;  13.4;   2.2;    3;   0.4;   6;    9.967;-999;   6.6;  12.1;  999.96;   22.9;   48.67;   33.6;   11.1;    9.1;eor
        880;20180814;   10;  11.7;   3.3;    3;   0.0;   6;    5.833;-999;   7.2;  15.7; 1002.71;   21.4;   63.00;   25.7;   17.9;   16.5;eor
        880;20180815;   10;   9.0;   2.3;    3;   0.0;   0;    5.467;-999;   7.6;  14.5; 1009.50;   20.9;   59.92;   26.2;   15.8;   14.0;eor
        880;20180816;   10;   6.4;   1.7;    3;   0.0;   0;   12.183;-999;   2.8;  13.4; 1009.09;   23.0;   51.29;   29.7;   15.1;   13.7;eor
        880;20180817;   10;  10.1;   2.0;    3;   6.7;   6;   10.533;-999;   4.7;  13.4; 1006.04;   24.8;   45.75;   33.7;   15.4;   12.5;eor
        880;20180818;   10;   8.0;   1.6;    3;   0.0;   0;   10.683;-999;   4.9;  17.5; 1011.91;   21.1;   72.54;   27.4;   15.5;   14.0;eor
        880;20180819;   10;   7.2;   1.1;    3;   0.0;   0;   12.600;-999;   4.5;  16.3; 1010.78;   22.4;   64.96;   30.8;   13.4;   12.4;eor
        880;20180820;   10;  11.4;   2.4;    3;   0.0;   0;    6.400;-999;   4.7;  15.7; 1008.42;   21.8;   61.50;   27.1;   15.3;   13.1;eor
        880;20180821;   10;   7.5;   1.8;    3;   0.0;   0;    7.117;-999;   5.3;  14.1; 1012.19;   20.1;   60.92;   24.7;   11.9;   10.4;eor
        880;20180822;   10;   5.5;   1.4;    3;   0.0;   0;   11.733;-999;  -999;  13.3; 1010.08;   20.3;   60.08;   29.7;   10.1;    8.9;eor
        880;20180823;   10;  16.1;   1.9;    3;   1.4;   6;   11.250;-999;  -999;  15.3; 1003.19;   23.7;   60.29;   34.8;   13.1;   11.8;eor
        880;20180824;   10;   9.4;   2.4;    3;   0.2;   6;    2.533;-999;   7.6;  16.2; 1000.47;   20.6;   67.00;   25.6;   15.5;   13.5;eor
        880;20180825;   10;  11.8;   2.4;    3;   0.3;   6;    1.100;-999;   7.8;  12.1; 1002.13;   15.8;   68.21;   21.1;   11.0;    9.1;eor
        880;20180826;   10;   9.4;   2.2;    3;   0.0;   0;    9.417;-999;   5.1;   9.4; 1007.23;   13.8;   62.63;   20.7;    8.2;    5.9;eor
        880;20180827;   10;  10.8;   3.2;    3;   0.0;   6;    5.600;-999;   6.8;   9.7; 1005.63;   18.8;   46.96;   25.0;   11.1;    8.7;eor
        880;20180828;   10;   7.7;   1.8;    3;   0.0;   0;    8.467;-999;  -999;  12.2; 1010.72;   18.2;   60.46;   23.8;   10.0;    8.2;eor
        880;20180829;   10;   8.6;   2.5;    3;   0.0;   0;   12.000;-999;  -999;  11.3; 1007.61;   19.8;   53.21;   28.6;    9.3;    6.6;eor
        880;20180830;   10;  11.9;   2.7;    3;   2.2;   6;    0.717;-999;   7.1;  15.0; 1005.99;   17.3;   75.67;   21.0;   12.5;   10.0;eor
        880;20180831;   10;   8.6;   2.2;    3;   0.0;   0;    9.583;-999;   6.9;  11.9; 1011.87;   16.3;   66.29;   22.0;   11.2;    9.9;eor
        880;20180901;   10;   5.5;   1.3;    3;   1.3;   6;    0.183;-999;   7.8;  12.3; 1015.90;   14.6;   74.46;   18.7;    8.3;    6.8;eor
        880;20180902;   10;   6.2;   2.0;    3;   1.7;   6;    1.167;-999;   6.8;  16.7; 1014.43;   17.9;   81.25;   23.7;   14.2;   13.9;eor
        880;20180903;   10;  11.8;   3.6;    3;   0.0;   0;    9.000;-999;   5.5;  16.0; 1008.90;   22.7;   60.00;   28.5;   18.5;   16.4;eor
        880;20180904;   10;   6.9;   1.9;    3;   0.0;   0;    7.300;-999;   2.8;  14.7; 1007.12;   20.1;   64.63;   27.2;   12.8;   11.2;eor
        880;20180905;   10;   6.0;   1.5;    3;   0.0;   0;    9.067;-999;   5.0;  13.8; 1009.00;   18.3;   68.88;   26.3;   10.5;    9.1;eor
        880;20180906;   10;   7.4;   2.1;    3;   0.1;   6;   11.433;-999;   3.1;  13.2; 1004.98;   19.2;   63.00;   26.7;   10.8;    8.6;eor
        880;20180907;   10;   9.1;   1.7;    3;   0.0;   6;    2.283;-999;   6.8;  15.4; 1003.81;   18.3;   73.29;   22.7;   14.1;   11.2;eor
        880;20180908;   10;   7.9;   1.7;    3;   0.0;   0;    9.450;-999;   5.1;  10.5; 1011.55;   16.0;   61.08;   22.6;    8.9;    6.6;eor
        880;20180909;   10;   6.1;   1.2;    3;   0.0;   0;    6.183;-999;   5.5;  10.1; 1012.94;   16.0;   60.58;   25.8;    8.7;    6.6;eor
        880;20180910;   10;   7.5;   1.7;    3;   0.0;   0;    6.883;-999;   6.6;  11.2; 1012.50;   18.8;   55.96;   27.5;    8.7;    6.8;eor
        880;20180911;   10;  10.3;   2.8;    3;   0.0;   6;    6.633;-999;  -999;  12.0; 1012.17;   21.0;   50.08;   27.1;   16.1;   14.6;eor
        880;20180912;   10;  11.5;   3.2;    3;   0.0;   0;   11.567;-999;   1.4;  12.4; 1010.64;   22.3;   49.13;   30.0;   14.7;   11.4;eor
        880;20180913;   10;   7.8;   2.2;    3;   0.2;   6;    0.100;-999;   7.4;  13.8; 1011.75;   15.2;   80.33;   19.0;   12.5;   10.6;eor
        880;20180914;   10;   3.4;   1.1;    3;   0.0;   6;    0.283;-999;   6.5;  14.0; 1011.77;   14.6;   84.71;   18.3;    9.1;    6.6;eor
        880;20180915;   10;  10.1;   2.1;    3;   0.0;   0;    7.267;-999;   7.0;  11.1; 1013.14;   15.4;   66.71;   22.0;    8.4;    6.3;eor
        880;20180916;   10;   6.8;   1.4;    3;   0.0;   0;    9.800;-999;   7.7;  10.7; 1015.33;   15.1;   65.96;   23.9;    7.0;    5.2;eor
        880;20180917;   10;   8.1;   1.5;    3;   0.0;   0;   10.467;-999;  -999;  10.5; 1011.49;   17.5;   58.67;   27.8;    7.9;    5.2;eor
        880;20180918;   10;   7.7;   2.1;    3;   0.0;   0;   11.100;-999;   4.7;  12.9; 1007.74;   20.5;   57.33;   29.9;   10.0;    7.6;eor
        880;20180919;   10;   7.0;   1.8;    3;   0.0;   0;   10.000;-999;   3.5;  13.9; 1009.31;   21.4;   57.50;   29.4;   12.9;   10.2;eor
        880;20180920;   10;  12.9;   2.1;    3;   0.0;   0;   10.033;-999;   5.8;  15.0; 1008.47;   22.4;   57.83;   30.7;   14.6;   12.3;eor
        880;20180921;   10;  19.7;   4.0;    3;   0.2;   6;    7.900;-999;   7.4;  13.5; 1001.52;   21.1;   57.79;   31.6;   12.4;   10.9;eor
        880;20180922;   10;  13.0;   4.3;    3;   0.0;   6;    2.500;-999;   6.1;   9.0; 1008.95;   14.0;   57.17;   18.4;   11.2;    9.8;eor
        880;20180923;   10;  11.4;   2.7;    3;  28.3;   6;    0.000;-999;   7.8;  10.8; 1002.96;   11.4;   80.71;   14.1;    8.0;    7.8;eor
        880;20180924;   10;  15.7;   3.9;    3;   0.7;   6;    5.783;-999;   5.3;   8.6; 1014.68;    9.6;   72.88;   14.1;    6.8;    5.5;eor
        880;20180925;   10;   7.9;   2.4;    3;   0.0;   0;    9.633;-999;   1.8;   7.2; 1027.27;    7.9;   69.58;   14.8;    1.7;   -0.1;eor
        880;20180926;   10;  10.8;   3.4;    3;   0.0;   0;    6.133;-999;   7.7;   6.8; 1024.57;   10.4;   57.75;   16.9;    1.3;   -0.7;eor
        880;20180927;   10;   8.2;   2.9;    3;   0.0;   0;    5.300;-999;  -999;  11.2; 1017.24;   15.9;   61.92;   22.4;   11.2;    8.4;eor
        880;20180928;   10;   9.4;   2.1;    3;   0.2;   6;    2.250;-999;   3.9;   8.9; 1013.04;   11.0;   68.83;   16.3;    1.9;   -0.1;eor
        880;20180929;   10;   6.0;   1.2;    3;   0.0;   0;   10.000;-999;   0.9;   6.8; 1019.21;    6.9;   72.29;   14.9;    0.3;   -1.8;eor
        880;20180930;   10;   6.9;   1.9;    3;   0.0;   0;   10.233;-999;   1.2;   6.7; 1009.71;    9.3;   63.58;   18.9;    1.5;   -0.8;eor
        880;20181001;   10;   8.9;   2.2;    3;   1.8;   6;    3.217;-999;   6.0;   8.3; 1003.96;    7.7;   79.42;   15.2;   -0.3;   -2.2;eor
        880;20181002;   10;  14.6;   4.9;    3;   2.2;   6;    3.300;   0;   5.3;   8.6; 1006.86;    8.1;   80.00;   11.4;    3.8;    1.8;eor
        880;20181003;   10;  16.1;   4.6;    3;   2.1;   6;    4.017;   0;   6.3;   9.2; 1009.18;   10.8;   71.71;   15.1;    6.8;    5.1;eor
        880;20181004;   10;   8.6;   2.4;    3;   0.0;   0;    3.917;   0;   7.3;  10.0; 1017.50;   11.4;   74.42;   16.6;    6.7;    5.3;eor
        880;20181005;   10;   6.6;   2.1;    3;   0.0;   0;   10.000;   0;   4.5;   9.8; 1013.59;   13.9;   64.42;   21.1;    6.3;    4.1;eor
        880;20181006;   10;   8.0;   2.5;    3;   0.0;   0;    8.017;   0;   5.9;  10.5; 1003.77;   15.3;   61.67;   23.4;    5.6;    2.6;eor
        880;20181007;   10;  10.0;   2.0;    3;   0.0;   0;    2.300;   0;   7.2;  10.7; 1007.53;   11.8;   76.54;   16.7;    3.3;    1.2;eor
        880;20181008;   10;   5.0;   1.1;    3;   0.0;   0;    9.333;   0;   7.3;   8.0; 1014.54;    7.7;   78.54;   16.2;   -0.6;   -2.2;eor
        880;20181009;   10;   3.9;   1.0;    3;   0.0;   0;    7.633;   0;   7.9;  10.8; 1014.80;   11.1;   82.04;   20.8;    2.5;    0.8;eor
        880;20181010;   10;   8.3;   2.3;    3;   0.0;   0;    9.667;   0;   3.2;  12.3; 1014.39;   14.9;   74.63;   23.8;    6.0;    3.7;eor
        880;20181011;   10;   9.2;   3.0;    3;   0.0;   0;    9.467;   0;   0.7;  11.1; 1010.80;   17.0;   61.67;   26.0;   10.0;    6.2;eor
        880;20181012;   10;   6.4;   2.1;    3;   0.0;   0;    9.550;   0;   0.0;  11.6; 1014.47;   16.3;   66.13;   26.0;    7.6;    4.2;eor
        880;20181013;   10;   7.3;   2.1;    3;   0.0;   0;    9.500;   0;   0.1;  10.9; 1015.62;   15.4;   67.00;   25.2;    7.5;    4.8;eor
        880;20181014;   10;  12.4;   3.4;    3;   0.0;   0;    9.383;   0;   0.2;   9.6; 1008.91;   17.2;   52.58;   24.8;    8.4;    4.4;eor
        880;20181015;   10;   8.9;   2.7;    3;   0.0;   0;    4.583;   0;   4.5;   8.2; 1008.14;   16.3;   45.96;   23.0;    8.6;    5.7;eor
        880;20181016;   10;   6.4;   1.4;    3;   0.0;   0;    8.317;   0;   2.2;   9.7; 1010.00;   13.1;   68.00;   22.1;    6.4;    3.9;eor
        880;20181017;   10;   4.6;   1.1;    3;   0.0;   0;    8.983;   0;   0.6;   9.9; 1010.96;   11.3;   77.17;   21.3;    4.6;    2.3;eor
        880;20181018;   10;   5.8;   1.5;    3;   1.6;   6;    7.317;   0;  -999;  11.0; 1012.11;   11.2;   83.25;   18.8;    4.7;    2.7;eor
        880;20181019;   10;   5.0;   1.4;    3;   0.0;   0;    0.000;   0;   7.9;  11.5; 1016.15;   10.9;   87.75;   12.6;    5.9;    3.7;eor
        880;20181020;   10;   8.6;   1.6;    3;   0.0;   6;    3.183;   0;   7.5;   7.8; 1019.46;    7.4;   77.79;   12.3;    1.4;   -0.5;eor
        880;20181021;   10;   3.8;   0.9;    3;   0.0;   0;    8.033;   0;   2.3;   8.0; 1019.95;    6.8;   81.75;   14.7;    0.7;   -1.6;eor
        880;20181022;   10;   7.4;   1.8;    3;   1.3;   6;    0.183;   0;   4.3;   8.0; 1018.64;    5.0;   90.92;   11.2;   -0.5;   -2.7;eor
        880;20181023;   10;  15.6;   5.5;    3;   9.6;   6;    0.000;   0;   7.2;   9.4; 1006.40;    7.3;   90.29;   11.5;    1.1;   -1.9;eor
        880;20181024;   10;  15.0;   3.9;    3;   1.5;   6;    4.017;   0;   5.8;   7.5; 1004.52;    9.1;   64.63;   11.5;    5.5;    1.7;eor
        880;20181025;   10;  13.8;   4.2;    3;   0.4;   6;    0.000;   0;   7.9;  10.5; 1003.05;   11.1;   79.92;   12.6;    8.3;    7.6;eor
        880;20181026;   10;  10.0;   2.8;    3;   0.0;   6;    0.017;   0;   7.9;   9.4;  998.77;   10.4;   73.88;   12.5;    8.2;    6.8;eor
        880;20181027;   10;  10.1;   3.2;    3;   0.0;   0;    0.100;   0;   7.8;   7.5;  997.82;    7.8;   71.21;   10.5;    2.2;    1.2;eor
        880;20181028;   10;  11.4;   3.3;    3;   6.5;   6;    0.000;   0;   7.7;   7.5; 1004.83;    4.5;   88.38;    6.3;    2.1;    1.1;eor
        880;20181029;   10;  11.6;   4.7;    3;   0.0;   6;    0.000;   0;   7.9;   7.7;  998.00;    4.4;   91.42;    8.3;    3.5;    3.2;eor
        880;20181030;   10;  22.7;   4.5;    3;   2.1;   6;    5.550;   0;   5.6;  10.0;  988.81;   14.1;   64.38;   21.2;    7.5;    6.4;eor
        880;20181031;   10;   8.5;   2.6;    3;   0.0;   0;    8.200;   0;   3.2;   7.0; 1009.38;    8.7;   64.46;   15.1;    3.4;    0.5;eor
        880;20181101;   10;   5.2;   1.9;    3;   0.0;   0;    2.950;   0;   7.1;   9.1; 1005.60;    9.0;   79.33;   15.5;    1.6;   -0.2;eor
        880;20181102;   10;   8.1;   1.9;    3;   0.0;   0;    3.483;-999;   7.6;   9.1; 1013.74;    9.3;   78.29;   14.1;    4.9;    1.9;eor
        880;20181103;   10;   5.1;   1.4;    3;   0.0;   6;    0.000;   0;   8.0;   9.7; 1019.96;    9.0;   85.08;   11.1;    6.9;    6.0;eor
        880;20181104;   10;   8.1;   2.6;    3;   0.0;   0;    0.000;   0;   8.0;  11.4; 1012.11;   10.5;   89.92;   11.7;    9.4;    9.2;eor
        880;20181105;   10;   8.1;   2.9;    3;   0.0;   0;    4.267;   0;   7.4;  11.1; 1005.21;   11.4;   82.75;   15.5;    8.8;    5.6;eor
        880;20181106;   10;   6.5;   2.3;    3;   0.0;   0;    7.767;   0;   1.5;  10.8; 1003.30;   12.2;   77.42;   18.6;    6.9;    3.0;eor
        880;20181107;   10;   6.1;   1.9;    3;   0.0;   0;    6.750;   0;   4.7;   9.9; 1004.28;    9.3;   85.67;   17.2;    3.7;    1.2;eor
        880;20181108;   10;   5.9;   1.3;    3;   0.0;   0;    1.883;   0;   7.8;   9.7; 1011.75;    8.0;   90.63;   14.0;    3.4;    1.0;eor
        880;20181109;   10;   6.0;   1.4;    3;   0.0;   0;    0.000;   0;   7.7;  10.1; 1009.54;    8.1;   93.13;   10.4;    4.5;    2.4;eor
        880;20181110;   10;   6.1;   2.0;    3;   0.0;   0;    6.917;   0;   6.7;   9.4; 1003.60;    7.9;   88.67;   15.4;    2.8;   -0.4;eor
        880;20181111;   10;   8.8;   2.4;    3;   0.0;   6;    2.583;   0;   4.6;   8.8; 1005.08;    7.7;   84.25;   13.9;    0.6;   -1.9;eor
        880;20181112;   10;   8.7;   3.0;    3;   0.0;   0;    4.433;   0;   6.5;  10.2; 1009.98;   11.2;   76.92;   16.2;    5.4;    1.9;eor
        880;20181113;   10;   8.9;   2.6;    3;   7.0;   6;    0.000;   0;   6.3;  10.7; 1014.33;    9.8;   88.21;   11.6;    5.3;    1.8;eor
        880;20181114;   10;   5.8;   1.9;    3;   0.0;   0;    5.017;   0;   4.5;   8.6; 1021.21;    6.2;   90.75;   11.3;    2.9;    0.1;eor
        880;20181115;   10;   7.8;   2.2;    3;   0.0;   0;    7.217;   0;   5.0;   8.0; 1022.17;    6.1;   86.21;   11.9;    2.1;   -1.3;eor
        880;20181116;   10;   9.7;   3.0;    3;   0.0;   0;    6.950;   0;   3.1;   6.6; 1026.38;    4.3;   80.25;    8.5;    0.2;   -3.1;eor
        880;20181117;   10;  10.1;   3.3;    3;   0.0;   0;    6.667;   0;   2.2;   5.4; 1028.57;    1.3;   81.08;    5.6;   -2.6;   -5.7;eor
        880;20181118;   10;   8.4;   1.3;    3;   1.8;   8;    1.417;   0;   5.6;   5.1; 1021.24;   -1.0;   88.04;    4.0;   -6.7;   -8.7;eor
        880;20181119;   10;  13.8;   4.5;    3;   0.0;   6;    0.083;   0;   7.5;   6.4; 1013.17;    3.4;   82.33;    5.0;    2.1;    0.8;eor
        880;20181120;   10;  13.8;   5.2;    3;   0.0;   8;    0.000;   0;   7.9;   5.2; 1009.90;    1.9;   73.96;    2.5;    1.5;    1.1;eor
        880;20181121;   10;  10.4;   4.1;    3;   0.1;   8;    0.000;   0;   8.0;   5.3; 1012.68;    0.8;   82.13;    1.5;    0.3;    0.1;eor
        880;20181122;   10;   9.8;   3.4;    3;   0.0;   8;    0.000;   0;   8.0;   5.5; 1015.70;    1.1;   82.25;    1.9;    0.4;    0.3;eor
        880;20181123;   10;   5.8;   2.0;    3;   0.0;   0;    0.000;   0;   6.4;   6.4; 1013.40;    1.7;   91.75;    4.4;   -1.2;   -3.3;eor
        880;20181124;   10;   4.6;   1.3;    3;   0.5;   6;    0.017;   0;   7.8;   6.8; 1005.95;    2.2;   94.63;    4.2;   -0.9;   -1.7;eor
        880;20181125;   10;   7.2;   1.5;    3;   0.2;   6;    0.033;   0;   7.2;   7.8; 1003.91;    4.2;   94.04;    7.6;   -0.1;   -2.4;eor
        880;20181126;   10;   8.4;   3.6;    3;   0.0;   8;    0.000;   0;   7.9;   6.5; 1004.54;    3.2;   84.63;    4.7;    0.5;   -0.2;eor
        880;20181127;   10;   6.6;   2.0;    3;   0.0;   0;    4.633;   0;   8.0;   4.6; 1013.31;    0.0;   75.50;    2.3;   -2.1;   -3.3;eor
        880;20181128;   10;   7.6;   2.4;    3;   0.0;   0;    6.533;   0;   3.0;   4.4; 1020.33;    0.7;   68.75;    3.9;   -1.9;   -4.9;eor
        880;20181129;   10;   8.3;   3.4;    3;   0.0;   0;    6.000;   0;   6.5;   3.4; 1015.76;   -0.1;   57.88;    3.9;   -3.5;   -5.1;eor
        880;20181130;   10;  10.0;   3.3;    3;   2.8;   6;    0.000;   0;   7.9;   3.9; 1008.71;    1.1;   58.46;    2.1;   -0.6;   -2.1;eor
        880;20181201;   10;   7.4;   2.3;    3;   0.4;   6;    0.200;   0;   7.8;   6.9; 1006.74;    2.9;   91.08;    6.3;   -0.2;   -0.4;eor
        880;20181202;   10;  11.4;   3.9;    3;   4.7;   6;    0.000;   0;   7.7;   7.5;  996.76;    5.0;   84.63;    8.8;    2.1;    1.0;eor
        880;20181203;   10;   8.0;   2.8;    3;   2.6;   6;    0.550;   0;   7.2;  11.1;  992.83;   10.0;   90.25;   13.0;    8.2;    4.8;eor
        880;20181204;   10;  11.8;   3.8;    3;   0.6;   6;    2.567;   0;   4.5;   7.8; 1005.11;    6.8;   77.21;   10.2;    1.7;   -0.8;eor
        880;20181205;   10;   6.9;   2.2;    3;   0.0;   0;    6.267;   0;   2.0;   5.7; 1018.59;    1.2;   85.50;    6.4;   -2.1;   -4.4;eor
        880;20181206;   10;   8.2;   3.1;    3;   0.3;   6;    0.333;   0;   7.8;   6.4; 1009.49;    5.0;   72.17;    8.6;    2.3;    1.1;eor
        880;20181207;   10;  10.8;   4.0;    3;   8.5;   6;    0.000;   0;   7.8;  11.4;  998.38;   10.4;   89.92;   11.6;    8.5;    7.9;eor
        880;20181208;   10;  18.4;   6.0;    3;   2.9;   6;    2.117;   0;   6.3;   7.5;  993.56;    7.5;   72.13;   10.4;    5.4;    4.2;eor
        880;20181209;   10;  17.9;   5.4;    3;   3.4;   6;    0.000;   0;   7.7;   8.4;  986.05;    7.2;   83.17;    8.8;    6.0;    5.1;eor
        880;20181210;   10;  14.8;   5.0;    3;   3.7;   6;    0.333;   0;   7.7;   6.6; 1000.38;    4.6;   77.88;    6.3;    3.2;    2.6;eor
        880;20181211;   10;  11.0;   3.4;    3;   4.8;   8;    0.000;   0;   7.7;   6.7; 1004.70;    3.0;   89.04;    4.1;    1.3;    1.2;eor
        880;20181212;   10;   6.3;   1.9;    3;   0.0;   8;    0.000;   0;   7.1;   6.3; 1014.26;    1.4;   92.92;    2.8;   -1.8;   -3.4;eor
        880;20181213;   10;   7.4;   2.1;    3;   0.4;   8;    0.000;   0;   7.9;   5.8; 1015.15;    0.5;   90.58;    1.6;   -0.5;   -0.5;eor
        880;20181214;   10;   7.6;   2.7;    3;   0.0;   8;    0.000;   0;   8.0;   5.1; 1017.24;   -0.1;   84.29;    0.6;   -0.7;   -0.8;eor
        880;20181215;   10;   6.9;   1.7;    3;   0.0;   8;    0.000;   0;   7.8;   5.1; 1018.87;   -0.3;   85.17;    0.3;   -1.2;   -1.5;eor
        880;20181216;   10;   6.6;   2.5;    3;   0.1;   7;    0.000;   0;   8.0;   4.3; 1008.98;   -0.6;   73.79;    0.1;   -1.5;   -1.8;eor
        880;20181217;   10;   5.6;   1.9;    3;   0.0;   8;    0.000;   0;   7.9;   5.7; 1012.22;    1.8;   81.79;    3.6;   -0.7;   -0.9;eor
        880;20181218;   10;   6.1;   2.3;    3;   0.0;   6;    1.550;   0;   6.6;   6.9; 1017.05;    3.4;   88.38;    7.2;    0.0;   -3.1;eor
        880;20181219;   10;   8.0;   2.8;    3;   6.5;   6;    0.000;   0;   8.0;   5.7; 1010.44;    1.9;   81.50;    3.9;   -1.1;   -3.0;eor
        880;20181220;   10;   7.2;   2.8;    3;   1.0;   6;    0.000;   0;   7.6;   6.8; 1007.20;    3.1;   88.54;    5.4;    1.6;    1.2;eor
        880;20181221;   10;  15.3;   4.0;    3;   3.9;   6;    0.000;   0;   7.5;   8.5;  999.27;    6.6;   86.63;   11.1;    4.7;    3.4;eor
        880;20181222;   10;  17.0;   4.1;    3;   5.3;   6;    0.000;   0;   7.8;   8.2;  999.22;    7.3;   81.13;   11.0;    4.8;    4.5;eor
        880;20181223;   10;   9.6;   3.0;    3;   4.3;   6;    0.617;   0;   7.5;   8.4; 1007.13;    5.6;   92.13;    7.7;    2.6;    0.4;eor
        880;20181224;   10;  11.4;   3.4;    3;   0.4;   8;    0.000;   0;   7.8;   5.8; 1013.70;    1.7;   82.54;    5.1;    0.2;    0.2;eor
        880;20181225;   10;  14.9;   5.1;    3;   1.3;   6;    0.183;   0;   7.5;   6.9; 1019.33;    4.0;   85.08;    5.3;    2.2;    1.9;eor
        880;20181226;   10;  14.0;   5.0;    3;   0.9;   6;    0.000;   0;   7.7;   7.6; 1018.12;    4.8;   88.00;    5.5;    3.9;    3.7;eor
        880;20181227;   10;  11.8;   4.3;    3;   0.3;   6;    0.667;   0;   8.0;   8.4; 1015.89;    5.7;   91.50;    6.2;    5.0;    4.2;eor
        880;20181228;   10;  12.0;   4.0;    3;   1.6;   6;    0.000;   0;   7.8;   8.2; 1015.90;    5.5;   91.08;    6.3;    4.5;    4.3;eor
        880;20181229;   10;  11.7;   4.4;    3;   3.2;   6;    0.000;   0;   7.8;   8.1; 1016.75;    5.2;   91.58;    5.8;    4.0;    3.6;eor
        880;20181230;   10;  16.0;   4.8;    3;   0.7;   6;    0.000;   0;   7.5;   7.6; 1013.50;    5.8;   82.50;    7.2;    4.3;    2.5;eor
        880;20181231;   10;   9.3;   2.6;    3;   0.9;   6;    0.033;   0;   7.8;   7.7; 1020.94;    4.9;   88.42;    7.3;    3.4;    2.7;eor
        880;20190101;   10;  17.0;   6.1;    3;   5.4;   8;    0.000;   0;   7.7;   8.2; 1009.13;    6.3;   84.67;    7.9;    2.9;    2.2;eor
        880;20190102;   10;  13.7;   4.6;    3;   0.8;   8;    0.550;   0;   7.4;   4.6; 1013.59;    1.6;   66.50;    3.4;   -1.8;   -3.1;eor
        880;20190103;   10;   8.8;   3.0;    3;   0.4;   8;    0.017;   0;   4.4;   4.5; 1022.74;   -1.0;   78.96;    1.6;   -5.1;   -7.5;eor
        880;20190104;   10;  12.9;   3.8;    3;   3.8;   8;    0.000;   0;   7.5;   5.8; 1018.92;    0.0;   93.21;    3.7;   -5.8;   -7.9;eor
        880;20190105;   10;  13.4;   3.5;    3;   0.5;   6;    0.167;   0;   7.5;   8.1; 1010.41;    5.3;   90.00;    7.4;    2.2;    0.7;eor
        880;20190106;   10;  10.5;   1.8;    3;   0.0;   6;    0.000;   0;   8.0;   5.4; 1018.45;    1.7;   78.13;    2.6;    0.4;   -0.8;eor
        880;20190107;   10;  10.1;   2.5;    3;   4.9;   8;    0.000;   0;   7.9;   6.8; 1017.22;    2.3;   94.17;    4.7;   -0.7;   -2.0;eor
        880;20190108;   10;  14.7;   6.2;    3;  11.4;   8;    0.000;   0;   7.7;   7.6;  994.31;    4.4;   91.17;    5.5;    2.0;    1.7;eor
        880;20190109;   10;  13.3;   4.0;    3;   5.9;   8;    0.000;   0;   7.5;   6.5;  996.11;    1.6;   94.38;    2.7;    0.3;    0.0;eor
        880;20190110;   10;   8.1;   2.7;    3;   0.2;   8;    1.217;   0;   7.3;   5.7; 1012.00;    0.8;   86.96;    2.4;   -4.4;   -5.8;eor
        880;20190111;   10;  10.1;   4.0;    3;   2.0;   8;    0.000;   0;   7.7;   5.8; 1008.80;    0.0;   92.67;    4.3;   -5.0;   -6.4;eor
        880;20190112;   10;  14.3;   4.9;    3;   3.5;   6;    0.000;   0;   7.8;   7.4; 1002.10;    4.6;   86.58;    6.1;    3.6;    3.1;eor
        880;20190113;   10;  16.2;   6.0;    3;   6.7;   8;    0.000;   0;   7.6;   8.3;  987.99;    5.7;   90.29;    7.7;    4.8;    4.1;eor
        880;20190114;   10;  18.8;   6.1;    3;   1.2;   8;    2.300;   0;   5.8;   4.7;  991.95;    2.5;   63.63;    6.3;   -1.3;   -1.9;eor
        880;20190115;   10;  16.5;   6.5;    3;   3.3;   8;    0.000;   0;   7.8;   6.3; 1001.10;    3.1;   81.79;    5.9;    0.3;   -0.2;eor
        880;20190116;   10;  14.8;   5.5;    3;   0.2;   6;    0.000;   0;   7.9;   7.4;  999.26;    5.4;   81.83;    6.3;    3.0;    1.8;eor
        880;20190117;   10;  15.6;   5.2;    3;   0.2;   8;    0.283;   0;   7.3;   6.5;  992.50;    5.1;   73.88;    7.1;    2.3;    0.2;eor
        880;20190118;   10;  14.1;   4.1;    3;   0.6;   8;    2.833;   0;   5.8;   4.5; 1006.72;    0.0;   74.04;    2.3;   -1.8;   -4.3;eor
        880;20190119;   10;   3.9;   1.5;    3;   0.0;   0;    6.183;   0;   7.3;   4.4; 1011.70;   -2.0;   83.42;    2.4;   -5.7;   -8.6;eor
        880;20190120;   10;   4.1;   1.3;    3;   0.0;   8;    6.683;   0;   1.7;   4.0; 1011.11;   -4.1;   88.25;    1.1;   -8.6;  -10.7;eor
        880;20190121;   10;   5.2;   1.9;    3;   0.0;   0;    0.000;   0;   7.9;   4.0; 1013.75;   -4.6;   92.92;   -3.9;   -5.9;   -7.6;eor
        880;20190122;   10;   8.3;   2.0;    3;   0.0;   0;    6.750;   0;   1.2;   3.5; 1004.39;   -4.5;   80.42;    0.1;   -9.4;  -11.5;eor
        880;20190123;   10;  10.6;   4.0;    3;   0.0;   7;    0.017;   0;   7.7;   3.3;  997.35;   -5.6;   80.83;   -2.7;   -6.9;   -7.8;eor
        880;20190124;   10;   9.0;   3.0;    3;   0.0;   8;    0.000;   0;   8.0;   3.3; 1003.27;   -3.8;   72.29;   -2.7;   -4.5;   -4.6;eor
        880;20190125;   10;   6.8;   2.0;    3;   0.8;   8;    0.100;   0;   7.8;   3.5; 1005.82;   -3.7;   74.88;   -2.4;   -5.0;   -5.0;eor
        880;20190126;   10;   8.1;   2.9;    3;   7.9;   8;    0.000;   1;   7.7;   5.9;  995.04;    0.4;   92.38;    3.6;   -2.6;   -3.0;eor
        880;20190127;   10;   8.8;   3.5;    3;   1.1;   6;    0.250;   0;   7.9;   6.9;  983.54;    4.5;   82.25;    7.3;    2.9;    2.1;eor
        880;20190128;   10;  10.4;   3.1;    3;   1.2;   8;    3.217;   0;   6.9;   6.3;  983.95;    3.6;   80.88;    6.6;    1.0;   -1.0;eor
        880;20190129;   10;  13.2;   3.4;    3;   0.1;   8;    1.667;   0;   7.1;   5.7;  994.49;    1.0;   86.75;    2.6;   -2.6;   -4.9;eor
        880;20190130;   10;   9.6;   2.8;    3;   0.0;   0;    7.017;   0;   6.7;   4.6;  992.69;   -1.1;   81.50;    2.6;   -4.2;   -6.2;eor
        880;20190131;   10;   5.2;   1.9;    3;   0.0;   0;    4.583;   0;   7.3;   4.6;  992.40;    0.5;   73.75;    4.9;   -2.3;   -4.9;eor
        880;20190201;   10;   7.1;   2.4;    3;   0.3;   6;    0.000;   0;   6.4;   4.7;  988.45;   -0.3;   79.38;    3.4;   -4.0;   -5.8;eor
        880;20190202;   10;   7.0;   2.2;    3;   6.3;   8;    0.000;   0;   7.7;   6.1;  988.70;    0.9;   93.25;    2.0;    0.3;    0.0;eor
        880;20190203;   10;   6.4;   2.3;    3;   8.2;   8;    0.000;   0;   7.8;   6.0; 1004.21;    0.5;   95.58;    0.9;    0.2;    0.0;eor
        880;20190204;   10;   6.7;   2.6;    3;   0.0;   0;    4.050;   4;   6.3;   5.5; 1019.03;    0.3;   87.71;    3.5;   -2.0;   -4.9;eor
        880;20190205;   10;   7.2;   2.9;    3;   0.0;   8;    0.300;   3;   7.7;   4.9; 1018.59;    0.5;   77.04;    2.2;   -3.0;   -9.9;eor
        880;20190206;   10;   8.9;   2.9;    3;   0.0;   0;    7.200;   3;   7.3;   5.2; 1017.35;    1.6;   76.21;    5.2;   -1.2;   -7.2;eor
        880;20190207;   10;   8.7;   3.0;    3;   0.1;   6;    0.900;   1;   7.9;   4.8; 1006.23;    0.9;   72.92;    3.1;   -2.8;   -7.7;eor
        880;20190208;   10;  11.4;   4.2;    3;   0.0;   0;    7.500;   0;   5.0;   6.2; 1006.73;    4.5;   74.67;    8.9;    1.2;   -2.1;eor
        880;20190209;   10;  15.5;   5.6;    3;   0.1;   6;    2.667;   0;   6.5;   6.4;  998.95;    7.4;   61.79;   11.1;    4.7;    3.4;eor
        880;20190210;   10;  15.6;   4.7;    3;   3.8;   8;    0.000;   0;   7.2;   7.1;  991.95;    7.5;   68.96;   10.8;    4.0;    1.8;eor
        880;20190211;   10;  15.8;   5.7;    3;   0.8;   8;    0.967;   0;   5.4;   6.5;  997.85;    4.2;   79.25;    7.8;    1.7;    0.1;eor
        880;20190212;   10;  12.3;   3.9;    3;   2.6;   8;    4.200;   0;   7.1;   5.1; 1018.12;    2.4;   70.21;    6.1;   -1.7;   -4.2;eor
        880;20190213;   10;  11.0;   4.6;    3;   0.0;   6;    0.000;   0;   7.8;   7.8; 1023.63;    5.1;   87.75;    7.3;    2.3;    1.5;eor
        880;20190214;   10;   7.3;   2.7;    3;   0.0;   0;    2.900;   0;   4.9;   7.6; 1026.58;    5.4;   84.42;    9.9;   -1.4;   -3.7;eor
        880;20190215;   10;   5.0;   1.9;    3;   0.0;   0;    8.633;   0;   4.5;   5.4; 1024.95;    3.0;   75.88;   13.7;   -3.4;   -5.2;eor
        880;20190216;   10;   7.8;   2.2;    3;   0.0;   0;    8.683;   0;   2.3;   5.5; 1018.52;    5.2;   67.38;   16.5;   -3.2;   -4.9;eor
        880;20190217;   10;   5.3;   1.7;    3;   0.0;   0;    8.583;   0;   8.0;   5.9; 1016.00;    4.9;   71.79;   15.2;   -2.2;   -4.5;eor
        880;20190218;   10;   5.8;   1.6;    3;   0.0;   0;    8.783;   0;   4.1;   5.6; 1011.15;    4.9;   69.25;   16.7;   -2.8;   -4.8;eor
        880;20190219;   10;  10.7;   3.6;    3;   0.1;   6;    4.100;   0;   6.5;   6.5; 1007.53;    6.6;   66.00;   11.1;    0.7;   -3.5;eor
        880;20190220;   10;   9.9;   3.4;    3;   0.0;   6;    0.717;   0;   7.5;   7.0; 1012.78;    7.2;   69.21;   10.2;    4.2;    2.3;eor
        880;20190221;   10;  11.0;   3.2;    3;   5.6;   6;    0.200;   0;   7.8;   8.1; 1015.16;    7.0;   80.75;   10.4;    3.9;    2.3;eor
        880;20190222;   10;  10.0;   3.3;    3;   0.0;   6;    4.700;   0;   4.2;   6.0; 1027.08;    3.1;   73.96;    8.4;   -3.5;   -6.2;eor
        880;20190223;   10;   5.6;   1.7;    3;   0.0;   0;    7.767;   0;   7.2;   3.2; 1035.05;   -1.3;   59.58;    4.9;   -5.6;   -7.6;eor
        880;20190224;   10;   6.4;   1.9;    3;   0.0;   0;    5.233;   0;   5.0;   3.8; 1030.52;    1.6;   60.04;   10.1;   -4.7;   -6.2;eor
        880;20190225;   10;   9.9;   2.7;    3;   0.0;   0;    9.117;   0;   6.9;   5.1; 1027.62;    4.6;   62.08;   13.5;   -2.6;   -4.6;eor
        880;20190226;   10;   8.2;   2.4;    3;   0.0;   0;    0.117;   0;   7.4;   6.3; 1023.73;    4.8;   73.67;   10.1;   -1.3;   -3.6;eor
        880;20190227;   10;   8.7;   2.5;    3;   0.0;   0;    9.300;   0;   2.0;   5.9; 1016.90;    5.3;   70.13;   15.7;   -3.2;   -4.9;eor
        880;20190228;   10;  12.5;   3.5;    3;   0.6;   6;    6.500;   0;   4.6;   6.7; 1002.85;    8.2;   61.92;   13.7;    3.6;   -2.0;eor
        880;20190301;   10;   5.5;   1.6;    3;   2.3;   6;    0.000;   0;   7.6;   7.7; 1003.15;    4.4;   91.58;    5.6;    2.6;    1.9;eor
        880;20190302;   10;   9.4;   2.5;    3;   0.1;   6;    0.000;   0;   8.0;   6.4; 1006.75;    3.7;   80.63;    5.8;    1.5;    0.9;eor
        880;20190303;   10;  15.0;   5.3;    3;   0.7;   6;    0.033;   0;   7.8;   8.9;  999.15;    9.4;   75.50;   12.0;    4.3;    3.7;eor
        880;20190304;   10;  21.4;   6.3;    3;   1.5;   6;    1.150;   0;   7.3;   7.8;  987.22;   10.8;   61.58;   16.4;    5.3;    4.0;eor
        880;20190305;   10;  18.3;   6.0;    3;   2.5;   6;    1.800;   0;   7.2;   6.6;  995.11;    5.8;   71.67;    9.3;    2.6;    0.9;eor
        880;20190306;   10;  10.4;   3.5;    3;   0.0;   6;    8.250;   0;   6.6;   6.7; 1000.78;    6.9;   68.92;   12.1;    0.7;   -1.7;eor
        880;20190307;   10;  14.2;   4.8;    3;   0.0;   0;    1.267;   0;   6.8;   7.6;  990.79;   11.3;   56.54;   16.4;    8.6;    7.2;eor
        880;20190308;   10;  19.9;   6.7;    3;   0.7;   6;    3.717;   0;   3.5;   6.8;  999.27;    8.1;   63.25;   12.4;    4.2;    1.5;eor
        880;20190309;   10;  22.3;   5.6;    3;   7.6;   6;    0.650;   0;   7.6;   7.6;  998.72;    7.7;   72.83;   12.2;    4.8;    3.4;eor
        880;20190310;   10;  19.8;   4.2;    3;  10.6;   8;    0.383;   0;   6.8;   7.2;  994.94;    5.2;   80.33;    8.5;    0.6;    0.2;eor
        880;20190311;   10;  16.5;   5.7;    3;   1.2;   8;    2.033;   0;   7.1;   6.3; 1002.55;    3.5;   80.13;    6.5;    1.4;    0.9;eor
        880;20190312;   10;  11.2;   4.3;    3;   1.1;   6;    1.867;   0;   7.0;   5.9; 1008.04;    5.1;   68.96;    9.2;    0.2;   -1.4;eor
        880;20190313;   10;  17.4;   6.3;    3;   0.5;   6;    4.683;   0;   6.5;   5.9;  995.51;    7.6;   57.08;   10.9;    4.9;    3.7;eor
        880;20190314;   10;  16.9;   5.7;    3;  10.5;   6;    0.667;   0;   7.7;   7.6;  991.04;    5.9;   81.75;    9.3;    3.8;    3.6;eor
        880;20190315;   10;  17.5;   6.5;    3;   0.7;   6;    0.683;   0;   7.5;   7.7;  990.82;    7.9;   72.79;   10.7;    5.4;    4.7;eor
        880;20190316;   10;  15.4;   5.2;    3;   3.5;   6;    0.417;   0;   7.8;   7.5;  997.08;    7.0;   74.50;    9.3;    5.3;    4.2;eor
        880;20190317;   10;  16.9;   5.1;    3;   1.4;   6;    6.683;   0;   7.3;   8.1;  994.29;    9.4;   70.04;   16.3;    4.9;    3.9;eor
        880;20190318;   10;  15.5;   6.5;    3;   0.1;   6;    4.717;   0;   4.6;   6.1; 1004.47;    5.9;   66.25;    9.2;    3.6;    2.2;eor
        880;20190319;   10;  10.4;   3.7;    3;   0.0;   6;    1.933;   0;   5.4;   5.5; 1016.75;    4.3;   68.50;    8.9;   -1.7;   -3.8;eor
        880;20190320;   10;   9.8;   2.9;    3;   0.0;   0;   10.617;   0;   2.7;   5.4; 1024.34;    5.4;   64.29;   12.6;   -3.6;   -5.8;eor
        880;20190321;   10;   9.3;   2.1;    3;   0.0;   0;    4.750;   0;   5.1;   8.3; 1025.01;    9.7;   69.50;   15.2;    3.4;    1.1;eor
        880;20190322;   10;   8.4;   1.6;    3;   0.0;   0;    5.050;   0;   6.3;   9.0; 1023.50;    7.7;   86.17;   14.8;    1.1;   -0.9;eor
        880;20190323;   10;   9.7;   2.2;    3;   0.0;   0;   10.433;   0;   3.7;   8.9; 1017.97;   10.8;   72.50;   20.4;    1.8;   -0.6;eor
        880;20190324;   10;   7.3;   1.8;    3;   0.0;   0;    6.550;   0;   5.8;   6.8; 1015.76;    8.2;   63.46;   12.5;    0.6;   -2.5;eor
        880;20190325;   10;  13.0;   3.7;    3;   3.3;   8;    3.400;   0;   5.8;   6.5; 1007.54;    3.6;   82.25;    7.6;   -0.4;   -3.2;eor
        880;20190326;   10;  17.6;   4.5;    3;   0.0;   6;    0.850;   0;   7.2;   6.6; 1015.31;    4.7;   79.17;    8.6;    0.4;   -1.8;eor
        880;20190327;   10;   9.5;   3.2;    3;   0.8;   6;    0.217;   0;   6.9;   7.9; 1020.77;    6.1;   83.79;    9.4;   -0.1;   -2.8;eor
        880;20190328;   10;   7.9;   2.7;    3;   0.3;   6;    0.000;   0;   7.7;  10.4; 1023.49;    8.7;   91.92;   10.8;    7.4;    7.2;eor
        880;20190329;   10;   6.5;   1.8;    3;   0.0;   6;    1.083;   0;   7.8;   9.5; 1023.41;    8.5;   85.83;   12.7;    1.6;   -0.7;eor
        880;20190330;   10;  10.5;   2.4;    3;   0.0;   0;   11.283;   0;   7.8;   7.6; 1014.52;    9.2;   70.38;   18.7;   -0.6;   -2.6;eor
        880;20190331;   10;   9.5;   2.5;    3;   0.0;   0;    5.383;   0;   5.0;   7.3; 1013.69;    8.5;   65.92;   12.3;    3.1;   -1.5;eor
        880;20190401;   10;  12.3;   3.7;    3;   0.0;   0;   11.700;   0;   0.3;   4.3; 1017.44;    5.5;   50.17;   12.0;   -3.0;   -6.3;eor
        880;20190402;   10;  10.5;   3.3;    3;   0.0;   0;   10.350;   0;   4.1;   5.7; 1005.39;    8.9;   50.88;   16.6;    0.9;   -1.5;eor
        880;20190403;   10;   9.0;   2.5;    3;   0.0;   0;    8.167;   0;   7.3;   7.8;  995.65;   13.4;   53.08;   20.6;    5.3;    1.2;eor
        880;20190404;   10;  10.8;   3.3;    3;   0.0;   0;   10.700;   0;   3.6;   7.9;  990.94;   14.7;   49.63;   21.8;    6.5;    1.7;eor
        880;20190405;   10;   5.9;   2.2;    3;   0.8;   6;    5.817;   0;   5.9;  10.2;  996.34;   12.6;   70.29;   20.1;    6.5;    4.1;eor
        880;20190406;   10;  10.7;   3.1;    3;   0.0;   0;   11.833;   0;   1.6;   8.2;  998.49;   14.7;   53.33;   21.8;    7.0;    3.6;eor
        880;20190407;   10;   7.7;   2.1;    3;   0.0;   0;   11.517;   0;   0.0;   7.9;  999.22;   12.2;   59.29;   19.8;    4.5;    1.3;eor
        880;20190408;   10;   8.9;   1.9;    3;   0.0;   0;   11.883;   0;   0.8;   6.8; 1000.98;   12.2;   53.63;   20.7;    1.5;   -1.1;eor
        880;20190409;   10;   8.4;   3.1;    3;   0.0;   0;    4.883;   0;   3.5;   6.8; 1005.32;    7.3;   66.63;   12.3;    1.5;   -2.8;eor
        880;20190410;   10;  11.0;   3.5;    3;   0.0;   0;   11.800;   0;   0.0;   4.5; 1008.76;    5.1;   54.25;   10.9;   -0.8;   -5.2;eor
        880;20190411;   10;   9.3;   2.4;    3;   0.0;   0;    3.167;   0;   5.1;   4.4; 1014.97;    2.9;   59.83;    6.4;   -2.7;   -7.1;eor
        880;20190412;   10;   7.5;   2.1;    3;   0.0;   7;    0.000;   0;   7.9;   5.0; 1016.49;    3.3;   64.25;    5.2;    2.3;    1.9;eor
        880;20190413;   10;   8.9;   2.5;    3;   2.2;   6;    0.033;   0;   7.7;   5.1; 1014.78;    4.9;   58.83;    8.0;    2.4;    1.9;eor
        880;20190414;   10;   9.8;   3.0;    3;   0.8;   6;    4.417;   0;   6.9;   6.8; 1015.20;    6.6;   72.46;   13.5;    1.7;   -0.5;eor
        880;20190415;   10;   8.5;   2.7;    3;   0.0;   0;   12.417;   0;   1.0;   5.0; 1018.01;    7.8;   49.54;   14.3;    0.2;   -3.4;eor
        880;20190416;   10;  13.6;   3.1;    3;   0.0;   0;   12.417;   0;   0.6;   4.6; 1015.01;    8.5;   46.46;   16.0;   -1.0;   -4.5;eor
        880;20190417;   10;   9.2;   2.8;    3;   0.0;   0;   12.017;   0;   0.7;   5.9; 1018.45;    9.9;   50.00;   19.1;    2.2;   -2.4;eor
        880;20190418;   10;  11.0;   2.8;    3;   0.0;   0;   12.450;   0;   0.0;   6.2; 1021.31;   12.3;   48.50;   21.1;    0.6;   -2.2;eor
        880;20190419;   10;   9.3;   2.6;    3;   0.0;   0;   12.483;   0;   0.6;   6.3; 1023.45;   14.7;   41.04;   23.0;    6.1;    1.0;eor
        880;20190420;   10;   7.7;   1.6;    3;   0.0;   0;   12.500;   0;   3.5;   6.3; 1020.90;   13.2;   47.17;   23.1;    1.9;   -1.3;eor
        880;20190421;   10;   6.3;   1.9;    3;   0.0;   0;   12.567;   0;   1.7;   6.6; 1014.48;   12.8;   49.75;   21.6;    2.5;   -1.2;eor
        880;20190422;   10;  15.4;   4.5;    3;   0.0;   0;   12.400;   0;   1.8;   6.9; 1008.70;   12.8;   47.21;   17.1;    7.5;    1.5;eor
        880;20190423;   10;  18.2;   5.9;    3;   0.0;   6;    6.850;   0;   4.0;   8.2; 1001.78;   14.3;   50.21;   18.5;    9.0;    7.5;eor
        880;20190424;   10;  11.1;   4.1;    3;   0.0;   0;   11.867;   0;   5.0;  10.8;  999.22;   16.9;   57.08;   23.5;   11.6;   10.4;eor
        880;20190425;   10;   7.8;   2.5;    3;   0.0;   0;   10.567;   0;   5.7;   8.7; 1002.57;   18.7;   44.79;   26.7;   12.0;    9.3;eor
        880;20190426;   10;  12.6;   3.6;    3;  12.2;   8;   11.833;   0;   7.2;  11.3;  999.75;   19.2;   53.33;   26.7;    9.5;    8.4;eor
        880;20190427;   10;  10.6;   2.9;    3;   0.0;   6;    1.450;   0;   7.4;  10.5; 1004.19;   12.7;   72.92;   18.6;    8.4;    6.7;eor
        880;20190428;   10;   8.8;   2.8;    3;   0.0;   6;    1.000;   0;   7.3;   9.2; 1008.66;   10.5;   72.75;   14.3;    8.2;    6.6;eor
        880;20190429;   10;   7.6;   2.6;    3;   0.7;   6;    0.833;   0;   5.9;  10.3; 1007.86;   10.7;   79.58;   16.0;    6.1;    3.9;eor
        880;20190430;   10;   8.4;   2.3;    3;   0.4;   6;   11.167;   0;   2.7;   7.2; 1007.92;   10.3;   61.08;   18.8;    2.8;    0.7;eor
        880;20190501;    3;  11.6;   2.5;    3;   0.8;   6;    4.167;-999;   7.4;  10.0; 1003.32;   12.0;   72.21;   19.6;    6.1;    3.6;eor
        880;20190502;    3;  13.5;   3.7;    3;   0.7;   6;    7.167;-999;   5.1;   9.0;  998.09;   10.9;   70.00;   15.4;    4.8;    1.2;eor
        880;20190503;    3;  13.5;   3.6;    3;   0.2;   6;    3.900;-999;   7.3;   6.5;  999.32;    9.2;   56.38;   12.3;    6.3;    5.4;eor
        880;20190504;    3;   7.8;   2.2;    3;   4.2;   6;    0.283;-999;   6.9;   6.9;  998.95;    5.1;   79.50;    7.3;    0.5;   -2.0;eor
        880;20190505;    3;   8.1;   1.8;    3;   0.0;   0;    6.850;-999;   6.7;   5.6; 1006.97;    5.7;   65.38;   12.6;   -1.2;   -3.7;eor
        880;20190506;    3;  11.0;   2.6;    3;   0.0;   6;    4.350;-999;   6.1;   5.9; 1008.90;    7.2;   60.75;   11.6;   -0.4;   -2.8;eor
        880;20190507;    3;   8.7;   1.9;    3;   0.0;   6;    4.183;-999;   5.9;   6.8; 1009.20;    7.3;   69.00;   13.8;    1.5;   -0.8;eor
        880;20190508;    3;  12.0;   3.2;    3;   1.9;   6;    8.583;-999;   6.9;   6.9;  999.97;   12.4;   52.88;   19.0;    0.8;   -1.7;eor
        880;20190509;    3;   8.2;   2.5;    3;   0.8;   6;    3.317;-999;   7.1;  10.4;  992.53;   13.8;   67.33;   18.7;   10.6;    8.5;eor
        880;20190510;    3;  11.9;   3.1;    3;   1.8;   8;    3.450;-999;   6.8;  10.9;  999.15;   13.0;   75.04;   18.8;    7.0;    4.8;eor
        880;20190511;    3;   9.3;   2.3;    3;  11.3;   6;    0.967;-999;   7.1;  10.7; 1004.74;   10.3;   85.79;   14.8;    5.3;    3.4;eor
        880;20190512;    3;  10.2;   2.7;    3;   0.0;   0;    6.467;-999;   7.9;   7.5; 1017.79;   11.0;   60.88;   16.9;    5.6;    5.6;eor
        880;20190513;    3;   9.8;   2.3;    3;   0.0;   6;    9.100;-999;   5.2;   6.2; 1025.31;    9.7;   54.58;   15.1;    3.3;    0.8;eor
        880;20190514;    3;  11.2;   3.0;    3;   0.0;   6;    6.000;-999;   4.2;   6.3; 1021.67;    8.3;   60.00;   14.2;    1.1;   -1.4;eor
        880;20190515;    3;   7.3;   2.2;    3;   9.6;   6;    0.000;-999;   7.7;   7.6; 1015.55;    7.4;   73.25;   11.0;    3.9;    2.2;eor
        880;20190516;    3;   4.6;   1.4;    3;   0.8;   6;    0.867;-999;   6.8;  10.4; 1006.94;    8.8;   92.00;   12.9;    5.9;    4.3;eor
        880;20190517;    3;   8.0;   2.5;    3;   0.0;   0;    4.833;-999;   6.4;  11.6; 1002.71;   13.8;   75.63;   19.5;    6.9;    6.4;eor
        880;20190518;    3;  10.0;   2.2;    3;   0.0;   0;   14.217;-999;   1.1;  11.4;  999.52;   16.6;   65.38;   24.0;    8.8;    5.5;eor
        880;20190519;    3;   8.3;   2.1;    3;   0.0;   0;    9.467;-999;   3.8;  12.2;  996.62;   18.8;   60.54;   26.3;    9.5;    7.5;eor
        880;20190520;    3;   7.3;   2.0;    3;   5.7;   6;    3.400;-999;   7.1;  15.5;  993.75;   16.4;   83.63;   21.7;   11.5;    9.2;eor
        880;20190521;    3;  10.4;   2.0;    3;   0.4;   6;   11.650;-999;   5.9;  13.8;  996.22;   18.0;   69.75;   24.8;    9.3;    7.4;eor
        880;20190522;    3;  13.8;   4.2;    3;   3.2;   6;    0.000;-999;   7.8;  13.5; 1003.66;   13.0;   89.67;   16.9;   10.5;   10.1;eor
        880;20190523;    3;   9.9;   2.2;    3;   0.0;   6;    8.150;-999;   7.0;  10.0; 1009.08;   13.4;   69.33;   20.1;    6.8;    5.5;eor
        880;20190524;    3;   7.0;   1.7;    3;   0.0;   0;   11.717;-999;   7.2;   9.7; 1005.74;   15.7;   59.54;   23.4;    5.6;    4.0;eor
        880;20190525;    3;  10.0;   2.6;    3;   0.0;   0;   13.183;-999;   5.3;  10.6; 1005.83;   15.6;   61.21;   20.9;    9.1;    7.1;eor
        880;20190526;    3;  13.5;   3.9;    3;   0.0;   0;   12.200;-999;   6.3;  10.3; 1004.59;   16.5;   57.83;   23.4;    7.8;    5.3;eor
        880;20190527;    3;  11.6;   3.2;    3;   1.7;   6;    3.900;-999;   7.6;  13.1;  999.37;   18.2;   63.83;   24.3;   13.4;   11.9;eor
        880;20190528;    3;   6.5;   2.0;    3;   6.9;   6;    0.000;-999;   7.7;  14.6;  998.10;   14.7;   87.54;   17.5;   10.8;   10.4;eor
        880;20190529;    3;   8.8;   2.1;    3;   0.0;   0;    8.600;-999;   7.2;   9.2; 1011.22;   12.4;   67.00;   18.0;    5.3;    3.9;eor
        880;20190530;    3;   7.5;   2.0;    3;   0.0;   0;   14.467;-999;   3.3;   8.5; 1015.81;   14.8;   55.42;   22.4;    3.3;    2.1;eor
        880;20190531;    3;   9.1;   2.6;    3;   0.0;   6;    4.250;-999;   7.4;  14.5; 1014.63;   18.6;   68.33;   24.1;   12.7;   10.9;eor
        880;20190601;    3;   7.3;   2.5;    3;   0.0;   0;   11.383;-999;   5.4;  15.1; 1012.55;   20.7;   66.17;   28.2;   12.6;   10.7;eor
        880;20190602;    3;   5.8;   1.9;    3;   0.0;   0;   14.050;-999;   2.0;  13.3; 1009.21;   22.6;   53.71;   31.3;   11.8;    9.9;eor
        880;20190603;    3;   8.6;   2.6;    3;   0.0;   0;   14.550;-999;   0.2;  13.9; 1005.72;   26.0;   44.29;   33.0;   16.4;   13.3;eor
        880;20190604;    3;   5.9;   1.8;    3;   0.0;   0;   14.817;-999;   0.9;  14.9; 1003.69;   24.3;   52.08;   31.6;   15.1;   12.8;eor
        880;20190605;    3;  10.7;   3.3;    3;   0.0;   0;   12.833;-999;   0.5;  15.6; 1000.57;   25.8;   50.42;   32.3;   17.6;   14.7;eor
        880;20190606;    3;  13.2;   3.7;    3;   5.8;   8;    9.383;-999;   4.3;  17.2; 1000.63;   22.5;   66.17;   30.9;   14.5;   14.6;eor
        880;20190607;    3;   7.0;-999;    3;   0.0;   6;   10.300;-999;   3.2;  15.5; 1006.03;   19.6;   69.67;   25.2;   13.8;   13.2;eor
        880;20190608;    3;  13.9;   3.7;    3;   0.0;   0;    6.883;-999;   3.8;  11.4; 1011.75;   18.1;   56.46;   23.2;    9.8;    7.5;eor
        880;20190609;    3;   9.2;   2.2;    3;   0.0;   6;   12.000;-999;   6.5;   9.5; 1014.95;   20.0;   45.63;   27.4;    8.4;    6.2;eor
        880;20190610;    1;  17.9;   2.5;    1;   6.2;   8;    5.817;-999;   7.5;  15.5; 1004.79;   24.2;   51.29;   29.5;   17.1;   17.1;eor
        880;20190611;    1;   9.6;   2.7;    1;   0.0;   0;   10.617;-999;   4.7;  20.7; 1000.99;   23.8;   71.79;   30.8;   17.1;   16.5;eor
        880;20190612;    1;  18.8;   3.0;    1;   1.5;   6;   10.100;-999;   5.9;  18.1;  999.72;   24.9;   62.88;   34.5;   17.0;   16.3;eor
        880;20190613;    1;   7.8;   1.6;    1;   0.0;   6;   10.500;-999;   4.1;  15.0; 1006.48;   20.0;   67.54;   26.1;   14.9;   12.8;eor
        880;20190614;    1;   7.7;   2.0;    1;   0.0;   0;   12.750;-999;   4.3;  14.3; 1009.02;   24.5;   51.67;   31.7;   13.0;   11.3;eor
        880;20190615;    1;  10.8;   4.0;    1;   0.0;   0;   10.050;-999;   7.3;  18.0; 1002.91;   26.6;   53.63;   34.6;   20.3;   19.0;eor
        880;20190616;    1;   8.1;   2.5;    1;   0.0;   6;    5.283;-999;   6.6;  13.4; 1010.89;   19.3;   60.50;   24.2;   12.4;   10.1;eor
        880;20190617;    1;   5.6;   1.4;    1;   0.0;   0;   11.067;-999;   3.0;  12.7; 1012.99;   20.5;   56.83;   28.1;   10.7;    8.4;eor
        880;20190618;    1;   9.6;   2.9;    1;   0.0;   0;   14.900;-999;   0.9;  12.4; 1008.70;   23.3;   47.08;   29.9;   14.8;   11.3;eor
        880;20190619;    1;   7.5;   2.2;    1;   0.0;   6;   11.950;-999;   5.9;  14.8; 1001.77;   25.5;   48.75;   33.4;   16.7;   13.8;eor
        880;20190620;    1;  10.1;   2.1;    1;   1.2;   6;    7.767;-999;   4.8;  16.7; 1002.28;   21.9;   64.58;   28.2;   17.7;   14.3;eor
        880;20190621;    1;   8.1;   2.3;    1;   0.0;   0;    8.633;-999;   4.6;  15.0; 1008.29;   21.0;   62.04;   26.5;   14.6;   11.5;eor
        880;20190622;    1;   9.8;   2.6;    1;   0.0;   0;   11.317;-999;   2.9;  12.2; 1012.37;   21.3;   51.75;   27.8;   11.8;    9.8;eor
        880;20190623;    1;   9.3;   2.7;    1;   0.0;   0;   13.167;-999;   3.1;  11.6; 1013.14;   21.9;   46.83;   28.8;   13.1;    9.8;eor
        880;20190624;    1;   8.3;   2.5;    1;   0.0;   0;   15.083;-999;   2.3;  11.0; 1015.17;   23.6;   41.04;   30.8;   13.3;    9.8;eor
        880;20190625;    1;   8.4;   2.5;    1;   0.0;   0;   15.050;-999;   5.7;  15.1; 1013.60;   27.3;   44.13;   35.0;   18.6;   15.8;eor
        880;20190626;    1;  10.8;   3.3;    1;   0.0;   0;   14.367;-999;   1.6;  18.6; 1010.98;   31.1;   43.67;   38.1;   23.9;   21.9;eor
        880;20190627;    1;  10.5;   3.5;    1;   0.0;   0;   13.400;-999;   0.3;  12.2; 1013.81;   21.9;   48.58;   26.6;   16.5;   13.0;eor
        880;20190628;    1;   8.5;   2.1;    1;   0.0;   0;    9.083;-999;   3.7;  12.0; 1015.07;   19.4;   54.96;   25.0;   13.2;   10.7;eor
        880;20190629;    1;   6.8;   1.3;    1;   0.0;   0;   15.017;-999;   2.1;  12.2; 1012.20;   22.2;   51.08;   31.8;   11.0;    9.1;eor
        880;20190630;    1;  10.7;   3.0;    1;   0.0;   0;   14.867;-999;   0.3;  11.9; 1004.91;   28.1;   37.88;   37.9;   14.6;   11.7;eor
        880;20190701;    1;   9.6;   2.7;    1;   0.3;   6;    7.750;-999;   4.5;  13.0; 1005.41;   24.2;   43.46;   29.0;   18.9;   16.7;eor
        880;20190702;    1;  11.1;   3.4;    1;   0.0;   0;   10.950;-999;   1.7;  10.3; 1010.26;   18.7;   48.46;   23.8;   10.7;    7.3;eor
        880;20190703;    1;   9.2;   2.5;    1;   0.0;   0;   10.417;-999;   2.4;   8.6; 1013.67;   15.7;   50.79;   21.4;    9.7;    6.4;eor
        880;20190704;    1;  10.1;   2.5;    1;   0.0;   0;   13.950;-999;   4.8;   8.2; 1012.83;   17.0;   45.50;   23.9;    9.5;    6.5;eor
        880;20190705;    1;  10.7;   3.1;    1;   0.0;   0;    0.567;-999;   7.8;  11.6; 1005.94;   18.8;   53.17;   23.2;   14.1;   11.7;eor
        880;20190706;    1;  12.3;   2.5;    1;   3.7;   6;    5.117;-999;   7.4;  13.1; 1000.61;   20.7;   57.25;   28.3;   14.0;   12.3;eor
        880;20190707;    1;  10.6;   3.2;    1;   0.0;   0;    3.950;-999;   5.9;  10.6; 1002.35;   15.0;   63.92;   19.2;    8.6;    6.0;eor
        880;20190708;    1;  10.5;   3.0;    1;   0.0;   6;    1.600;-999;   7.8;   9.5; 1006.67;   14.5;   58.67;   19.5;    9.2;    7.2;eor
        880;20190709;    1;   9.6;   2.8;    1;   0.0;   0;    3.800;-999;   6.1;  10.1; 1008.27;   15.1;   59.58;   19.3;   11.2;    8.9;eor
