STATIONS_ID;MESS_DATUM;QN_3;  FX;  FM;QN_4; RSK;RSKF; SDK;SHK_TAG;  NM; VPM;  PM; TMK; UPM; TXK; TNK; TGK;eor
       4104;20180106;   10;   5.2;   1.7;    3;   0.0;   6;    2.117;   0;   5.2;   9.1;  964.94;    6.0;   97.50;    9.1;    2.0;    0.2;eor
       4104;20180107;   10;  10.2;   2.6;    3;   0.0;   0;    0.000;   0;   7.3;   7.7;  974.90;    3.9;   95.42;    5.6;    1.2;    1.0;eor
       4104;20180108;   10;   8.6;   3.3;    3;   0.0;   0;    2.333;   0;   1.8;   7.3;  978.61;    3.9;   90.00;    6.8;    1.1;   -1.5;eor
       4104;20180109;   10;   5.2;   1.6;    3;   0.0;   0;    0.150;   0;   3.2;   7.1;  970.81;    2.8;   95.17;    6.4;    0.0;   -1.8;eor
       4104;20180110;   10;   4.2;   1.5;    3;   0.0;   0;    0.000;   0;   6.7;   6.7;  969.57;    1.3;   99.08;    3.6;   -1.2;   -2.4;eor
       4104;20180111;   10;   3.4;   1.1;    3;   0.0;   6;    0.000;   0;   7.6;   6.9;  972.50;    2.1;   97.75;    3.1;    0.6;    0.4;eor
       4104;20180112;   10;   5.4;   1.2;    3;   0.2;   8;    0.000;   0;   6.9;   6.7;  980.39;    2.1;   94.83;    3.6;   -0.8;   -2.3;eor
       4104;20180113;   10;   7.9;   2.3;    3;   0.0;   0;    0.000;   0;   7.4;   5.8;  980.53;    0.6;   90.21;    3.6;   -1.5;   -2.7;eor
       4104;20180114;   10;   6.4;   2.4;    3;   0.0;   7;    0.000;   0;   8.0;   5.1;  977.96;    0.8;   79.42;    2.2;    0.1;   -0.6;eor
       4104;20180115;   10;  12.1;   3.4;    3;   7.4;   4;    0.033;   0;   6.5;   5.1;  973.02;   -0.5;   87.04;    0.6;   -2.0;   -4.8;eor
       4104;20180116;   10;  17.2;   5.1;    3;   5.7;   8;    0.367;   6;   6.8;   6.6;  955.43;    2.4;   90.04;    6.2;   -1.4;   -1.7;eor
       4104;20180117;   10;  18.6;   6.2;    3;   5.2;   8;    1.883;   0;   5.7;   5.9;  958.50;    1.3;   87.17;    3.1;    0.0;   -2.2;eor
       4104;20180118;   10;  19.8;   5.3;    3;   4.8;   8;    0.667;   0;   6.8;   6.9;  960.99;    3.2;   89.42;    6.9;    0.1;   -4.4;eor
       4104;20180119;   10;  12.3;   3.4;    3;   2.9;   8;    1.267;   0;   6.3;   6.1;  964.93;    2.1;   86.42;    4.9;   -0.1;   -2.6;eor
       4104;20180120;   10;   7.3;   2.3;    3;  10.4;   8;    1.283;   3;   7.1;   6.1;  963.57;    0.8;   94.75;    3.9;   -0.7;   -4.5;eor
       4104;20180121;   10;  10.6;   2.4;    3;   2.1;   8;    0.000;   5;   6.5;   5.9;  966.97;    0.1;   95.67;    1.6;   -2.8;   -9.3;eor
       4104;20180122;   10;   8.5;   3.1;    3;   2.1;   8;    0.000;   5;   7.5;   5.7;  968.73;   -0.6;   97.46;    1.7;   -1.6;   -2.1;eor
       4104;20180123;   10;   8.5;   2.9;    3;   0.5;   6;    0.000;   4;   7.8;   7.1;  980.06;    3.2;   92.58;    5.4;    1.4;   -0.3;eor
       4104;20180124;   10;   8.4;   3.5;    3;   0.5;   6;    0.900;   0;   4.5;   7.5;  979.99;    3.5;   95.92;    6.0;    1.9;    0.0;eor
       4104;20180125;   10;   8.6;   3.3;    3;   0.0;   0;    4.767;   0;   4.3;   7.4;  974.17;    4.4;   88.63;    8.0;    1.7;    0.3;eor
       4104;20180126;   10;   9.2;   2.3;    3;   0.0;   0;    3.417;   0;   4.8;   6.9;  974.24;    2.9;   91.67;    7.5;    1.0;   -2.1;eor
       4104;20180127;   10;   7.4;   1.8;    3;   0.0;   6;    0.000;   0;   7.7;   6.9;  986.07;    2.3;   95.00;    4.5;    1.2;    0.8;eor
       4104;20180128;   10;  10.3;   3.4;    3;   0.0;   6;    0.000;   0;   7.7;   7.7;  988.93;    5.5;   85.58;    8.6;    1.7;    0.9;eor
       4104;20180129;   10;  15.0;   3.9;    3;   2.2;   6;    0.000;   0;   7.9;   8.5;  984.83;    7.6;   81.04;    8.7;    6.6;    5.9;eor
       4104;20180130;   10;  11.4;   2.9;    3;   0.0;   6;    4.583;   0;   3.9;   7.2;  983.56;    5.0;   82.58;    9.9;   -0.3;   -2.9;eor
       4104;20180131;   10;   8.8;   3.3;    3;   2.6;   6;    2.983;   0;   6.5;   7.5;  970.69;    5.5;   83.54;   10.8;    1.3;    0.4;eor
       4104;20180201;   10;  11.0;   3.1;    3;   1.8;   8;    0.000;   0;   6.3;   7.2;  960.27;    3.4;   91.29;    6.0;    0.9;   -0.5;eor
       4104;20180202;   10;   8.1;   2.5;    3;   0.0;   0;    3.283;   0;   5.3;   5.6;  963.20;    2.0;   79.96;    6.6;   -0.4;   -2.3;eor
       4104;20180203;   10;   7.3;   2.1;    3;   0.0;   8;    0.300;   0;   7.8;   5.6;  962.54;    1.5;   82.46;    3.9;   -0.1;   -1.4;eor
       4104;20180204;   10;   4.1;   1.3;    3;   0.0;   8;    2.650;   0;   5.0;   5.2;  970.88;   -0.4;   87.29;    3.1;   -3.2;   -5.1;eor
       4104;20180205;   10;  10.0;   2.6;    3;   0.0;   0;    7.733;   0;   1.8;   4.4;  977.82;   -1.2;   78.75;    3.0;   -4.0;   -7.3;eor
       4104;20180206;   10;   7.6;   2.5;    3;   0.0;   0;    7.800;   0;   0.2;   4.1;  970.13;   -1.8;   77.33;    3.4;   -4.8;   -7.3;eor
       4104;20180207;   10;   6.6;   2.3;    3;   3.5;   7;    0.000;   0;  -999;   4.7;  967.68;   -1.9;   88.33;    0.8;   -4.9;   -7.1;eor
       4104;20180208;   10;   3.7;   1.4;    3;   0.0;   0;    0.000;   4;   7.8;   5.2;  973.39;   -0.4;   87.13;    1.9;   -1.8;   -3.4;eor
       4104;20180209;   10;   4.7;   1.1;    3;   0.0;   0;    0.000;   2;   7.8;   4.8;  972.56;   -0.5;   81.75;    1.3;   -2.7;   -8.2;eor
       4104;20180210;   10;   3.9;   1.6;    3;   0.0;   8;    0.000;   1;   7.4;   5.2;  972.29;    0.0;   84.08;    1.4;   -0.8;   -1.7;eor
       4104;20180211;   10;   9.0;   2.5;    3;   2.0;   8;    0.533;   1;   7.2;   5.9;  965.26;    1.0;   89.33;    3.2;   -0.6;   -3.7;eor
       4104;20180212;   10;   8.1;   2.7;    3;   0.7;   8;    2.550;   0;   5.4;   5.5;  969.22;    0.6;   86.96;    3.8;   -2.0;   -4.6;eor
       4104;20180213;   10;   4.6;   1.4;    3;   0.0;   0;    4.100;   0;   3.6;   4.3;  972.01;   -1.2;   77.96;    3.8;   -5.0;   -6.4;eor
       4104;20180214;   10;   4.9;   1.7;    3;   0.0;   0;    8.333;   0;   0.0;   3.7;  973.60;   -2.3;   74.00;    5.0;   -6.9;   -8.4;eor
       4104;20180215;   10;   8.8;   3.2;    3;   4.2;   8;    1.567;   0;   4.9;   4.7;  975.60;   -1.7;   86.13;    0.9;   -5.7;   -8.2;eor
       4104;20180216;   10;   5.0;   1.4;    3;   0.0;   6;    1.933;   0;   5.6;   6.4;  980.35;    1.4;   94.50;    7.7;   -0.9;   -3.1;eor
       4104;20180217;   10;   6.3;   2.1;    3;   8.0;   8;    0.000;   0;   6.9;   5.6;  977.13;   -0.5;   95.79;    0.4;   -1.7;   -3.0;eor
       4104;20180218;   10;   4.7;   1.6;    3;   0.0;   0;    5.400;   7;   4.8;   5.0;  981.35;   -0.1;   83.38;    6.3;   -4.3;   -8.7;eor
       4104;20180219;   10;   5.7;   1.7;    3;   0.0;   7;    7.583;   2;   2.5;   4.1;  975.36;   -2.3;   80.21;    3.8;   -7.0;  -10.8;eor
       4104;20180220;   10;   5.7;   1.5;    3;   0.4;   8;    0.967;   2;   6.6;   4.7;  971.52;   -1.4;   85.17;    1.7;   -3.8;   -8.6;eor
       4104;20180221;   10;   9.1;   3.2;    3;   0.0;   0;    8.267;   3;   2.2;   3.9;  974.30;   -1.1;   72.08;    4.3;   -4.6;   -9.2;eor
       4104;20180222;   10;  12.8;   5.1;    3;   0.0;   0;    3.850;   2;   4.7;   3.5;  973.34;   -1.9;   65.92;    1.0;   -4.5;   -7.6;eor
       4104;20180223;   10;  12.9;   5.3;    3;   0.0;   0;    9.050;   2;   1.2;   3.4;  972.84;   -2.3;   65.88;    1.3;   -5.2;   -7.5;eor
       4104;20180224;   10;  14.2;   5.4;    3;   0.0;   0;    8.967;   1;   0.5;   2.7;  976.90;   -3.9;   59.67;    0.8;   -7.8;  -10.2;eor
       4104;20180225;   10;  10.4;   3.7;    3;   0.0;   0;    9.350;   0;   0.0;   1.9;  979.54;   -6.9;   54.13;   -2.2;  -10.3;  -14.2;eor
       4104;20180226;   10;   8.5;   2.8;    3;   0.0;   7;    5.133;   0;   1.9;   1.7;  976.84;   -9.5;   58.96;   -5.0;  -13.2;  -15.9;eor
       4104;20180227;   10;   8.5;   3.0;    3;   0.0;   0;    3.917;   0;   0.7;   1.7;  972.20;  -10.0;   60.79;   -6.8;  -13.1;  -15.7;eor
       4104;20180228;   10;  10.3;   3.3;    3;   0.0;   0;    8.700;   0;   0.8;   1.7;  973.71;  -10.6;   63.88;   -5.1;  -14.9;  -17.4;eor
       4104;20180301;   10;   9.3;   4.0;    3;   0.0;   0;    6.833;   0;   2.4;   2.0;  964.47;   -8.2;   61.25;   -2.5;  -12.2;  -14.1;eor
       4104;20180302;   10;   8.4;   2.4;    3;   0.5;   8;    7.800;   0;   2.4;   2.7;  954.93;   -4.6;   62.83;    1.2;   -9.7;  -12.1;eor
       4104;20180303;   10;   6.4;   2.0;    3;   0.5;   8;    4.450;   1;   4.3;   4.2;  955.76;   -1.5;   76.88;    4.5;   -4.5;   -7.6;eor
       4104;20180304;   10;   8.9;   3.0;    3;   0.0;   6;    3.783;   1;   6.1;   5.1;  958.14;    0.4;   80.50;    6.9;   -3.5;   -3.8;eor
       4104;20180305;   10;   6.6;   2.0;    3;   0.0;   0;    0.750;   1;   4.2;   5.0;  954.75;    1.1;   77.21;    6.9;   -1.6;   -2.9;eor
       4104;20180306;   10;   6.7;   2.1;    3;   0.4;   8;    0.017;   1;   6.1;   5.4;  948.91;    1.0;   82.67;    5.8;   -2.0;   -3.5;eor
       4104;20180307;   10;   9.8;   3.3;    3;   0.0;   6;    2.650;   1;   6.0;   6.7;  954.10;    4.6;   79.71;   12.0;    0.4;   -0.3;eor
       4104;20180308;   10;   9.9;   3.2;    3;   0.1;   8;    4.367;   0;   5.8;   6.0;  962.75;    5.8;   66.96;   12.6;    1.5;   -0.9;eor
       4104;20180309;   10;   8.6;   2.5;    3;   0.8;   6;    0.167;   0;   7.3;   6.7;  966.21;    5.1;   76.29;    8.4;    2.0;   -1.4;eor
       4104;20180310;   10;   8.3;   3.3;    3;   1.4;   6;    0.867;   0;   7.5;   8.6;  963.97;    7.2;   85.00;   11.0;    4.6;    3.6;eor
       4104;20180311;   10;   8.1;   2.8;    3;   9.8;   6;    4.250;   0;   4.4;   8.6;  956.61;    9.3;   74.67;   15.3;    4.6;    1.0;eor
       4104;20180312;   10;  10.9;   2.7;    3;   5.4;   6;    0.050;   0;   6.4;   9.9;  953.44;    8.3;   89.92;   11.7;    5.9;    1.7;eor
       4104;20180313;   10;  14.8;   4.8;    3;   1.7;   6;    3.800;   0;   6.9;   8.1;  961.80;    8.0;   76.88;   13.7;    4.3;    1.6;eor
       4104;20180314;   10;   8.5;   2.4;    3;   0.4;   6;    0.017;   0;   7.6;   7.1;  967.70;    4.8;   82.38;    8.2;    1.4;   -0.2;eor
       4104;20180315;   10;  10.6;   2.7;    3;   0.7;   6;    9.317;   0;   2.0;   6.3;  958.62;    4.9;   74.33;   12.9;   -1.8;   -3.3;eor
       4104;20180316;   10;   9.6;   1.9;    3;   0.3;   6;    1.200;   0;   7.1;   8.3;  958.11;    6.6;   85.17;   11.9;    3.1;    1.0;eor
       4104;20180317;   10;  17.3;   5.6;    3;   2.5;   8;    0.000;   0;   7.6;   5.5;  956.69;    0.6;   84.83;    4.3;   -4.2;   -4.3;eor
       4104;20180318;   10;  13.5;   6.1;    3;   0.5;   8;    0.000;   2;  -999;   3.5;  960.59;   -4.0;   75.88;   -2.0;   -5.1;   -5.1;eor
       4104;20180319;   10;   8.6;   3.0;    3;   0.0;   0;    0.800;   0;   7.6;   2.9;  965.17;   -3.3;   61.83;    2.2;   -5.5;   -6.0;eor
       4104;20180320;   10;   9.4;   3.2;    3;   0.0;   8;    8.367;   0;   5.4;   3.5;  970.37;   -0.4;   60.83;    5.6;   -5.0;   -7.4;eor
       4104;20180321;   10;   9.5;   2.7;    3;   0.0;   0;    8.783;   0;   2.3;   3.5;  980.17;    0.8;   57.13;    7.4;   -3.9;   -6.1;eor
       4104;20180322;   10;  10.5;   2.3;    3;   1.3;   8;    2.233;   0;   4.7;   4.3;  973.99;    0.1;   72.00;    6.4;   -6.2;   -8.2;eor
       4104;20180323;   10;   6.4;   1.8;    3;   0.0;   6;    0.017;   0;   7.9;   6.6;  964.46;    2.8;   88.96;    6.0;    0.3;   -0.2;eor
       4104;20180324;   10;   9.4;   2.4;    3;   0.0;   0;    8.850;   0;   3.6;   5.7;  959.73;    4.5;   70.25;   11.0;   -0.8;   -2.7;eor
       4104;20180325;   10;   5.8;   2.0;    3;   0.0;   0;   10.733;   0;   0.4;   5.3;  962.96;    4.3;   67.71;   14.1;   -3.5;   -5.3;eor
       4104;20180326;   10;   6.8;   2.0;    3;   1.4;   6;    0.000;   0;   5.5;   6.0;  968.69;    3.5;   77.79;    9.2;   -2.0;   -3.8;eor
       4104;20180327;   10;  11.6;   2.4;    3;   3.1;   6;    3.983;   0;   5.7;   6.6;  970.05;    5.3;   75.79;   12.6;    2.6;    1.1;eor
       4104;20180328;   10;   9.4;   4.0;    3;  11.9;   6;    0.417;   0;   7.4;   8.6;  962.15;    5.4;   94.92;    8.8;    2.5;    2.2;eor
       4104;20180329;   10;  14.3;   3.1;    3;   0.0;   0;    5.450;   0;   5.3;   6.7;  963.50;    7.5;   66.46;   13.7;    3.2;   -0.2;eor
       4104;20180330;   10;   8.2;   2.7;    3;   0.0;   0;    6.917;   0;   2.8;   7.3;  960.55;    7.6;   72.25;   13.9;    1.0;   -2.2;eor
       4104;20180331;   10;   9.4;   2.7;    3;   0.0;   6;    0.083;   0;   6.3;   7.9;  955.20;    7.6;   76.04;   11.2;    3.9;    0.3;eor
       4104;20180401;   10;  21.9;   5.6;    3;   2.0;   6;    1.883;   0;   6.9;   7.2;  963.23;    6.0;   78.04;   12.3;    3.3;    1.6;eor
       4104;20180402;   10;  11.9;   3.0;    3;   0.0;   6;    8.200;   0;   4.6;   6.8;  967.76;    8.4;   64.46;   15.4;    2.7;   -0.2;eor
       4104;20180403;   10;   8.7;   3.3;    3;   0.0;   0;    9.500;   0;   3.4;   8.6;  963.78;   13.4;   56.67;   21.4;    7.2;    5.6;eor
       4104;20180404;   10;  21.0;   2.7;    3;   1.0;   6;    8.533;   0;   4.1;   9.3;  962.73;   14.1;   61.50;   23.7;    8.4;    5.3;eor
       4104;20180405;   10;  17.8;   3.9;    3;   3.6;   8;    4.967;   0;   4.0;   8.4;  969.90;    9.7;   69.96;   17.5;    4.5;    2.3;eor
       4104;20180406;   10;   7.5;   2.6;    3;   0.0;   0;   11.383;   0;   0.8;   6.0;  977.88;    7.2;   62.13;   14.6;   -0.2;   -2.4;eor
       4104;20180407;   10;   9.0;   2.3;    3;   0.0;   0;   11.417;   0;   0.0;   6.2;  971.91;   10.6;   53.17;   20.5;   -0.9;   -2.4;eor
       4104;20180408;   10;   5.2;   2.2;    3;   0.0;   0;   11.450;   0;   0.0;   8.5;  966.74;   12.1;   63.04;   21.5;    4.9;    2.6;eor
       4104;20180409;   10;   5.3;   2.0;    3;   0.0;   0;    4.733;   0;   0.4;   8.8;  962.03;   12.8;   64.83;   21.8;    4.8;    2.9;eor
       4104;20180410;   10;   9.2;   2.2;    3;   1.4;   6;    9.100;   0;   4.0;   9.5;  959.87;   13.5;   64.92;   22.0;    5.2;    3.2;eor
       4104;20180411;   10;   7.2;   2.2;    3;   0.0;   0;    9.717;   0;   2.4;  10.1;  962.60;   13.5;   69.21;   21.0;    8.1;    6.3;eor
       4104;20180412;   10;  11.4;   3.6;    3;   0.0;   6;    3.783;   0;   3.9;   9.6;  958.00;   16.6;   52.21;   23.0;    9.4;    7.2;eor
       4104;20180413;   10;  18.7;   3.3;    3;   2.8;   6;    3.600;   0;   5.3;   9.6;  964.81;   12.3;   70.00;   22.1;    6.1;    2.8;eor
       4104;20180414;   10;   6.6;   2.3;    3;   0.0;   0;   11.517;   0;   0.5;   9.0;  975.78;   12.4;   67.67;   21.5;    4.8;    1.9;eor
       4104;20180415;   10;   5.4;   2.0;    3;   1.3;   6;    2.350;   0;   5.5;  10.1;  969.03;   13.0;   69.46;   20.7;    5.9;    3.7;eor
       4104;20180416;   10;   5.2;   1.6;    3;   2.7;   6;    0.383;   0;   5.6;  12.9;  970.89;   12.8;   87.46;   18.5;    8.2;    5.7;eor
       4104;20180417;   10;   4.9;   1.3;    3;   0.0;   0;    7.933;   0;   2.5;  10.2;  981.60;   13.1;   73.42;   22.9;    6.3;    4.6;eor
       4104;20180418;   10;   7.3;   1.8;    3;   0.0;   0;   11.917;   0;   0.0;   9.2;  987.35;   14.8;   61.25;   24.5;    5.4;    3.7;eor
       4104;20180419;   10;   7.3;   2.2;    3;   0.0;   0;   11.933;   0;   0.0;   9.1;  985.27;   16.0;   56.08;   26.2;    5.2;    2.7;eor
       4104;20180420;   10;   9.6;   2.6;    3;   0.0;   0;   11.917;   0;   0.6;  10.0;  980.38;   17.6;   56.08;   28.0;    7.5;    5.1;eor
       4104;20180421;   10;   7.6;   1.9;    3;   0.0;   0;   11.783;   0;   0.0;  10.7;  975.47;   17.8;   58.29;   29.7;    6.8;    4.4;eor
       4104;20180422;   10;   9.6;   1.7;    3;   1.4;   8;   10.467;   0;   1.3;  13.2;  972.23;   18.8;   64.79;   28.5;   10.0;    7.3;eor
       4104;20180423;   10;  12.0;   2.3;    3;   4.8;   8;    2.767;   0;   7.1;  14.0;  972.25;   16.6;   75.21;   25.1;   12.4;   10.3;eor
       4104;20180424;   10;  10.2;   2.7;    3;   0.0;   0;    8.667;   0;   2.3;  12.3;  973.92;   16.0;   69.46;   22.0;   10.1;    7.1;eor
       4104;20180425;   10;  14.1;   3.3;    3;   0.3;   6;    8.583;   0;   2.5;  11.3;  969.52;   15.8;   65.71;   24.9;    8.0;    6.1;eor
       4104;20180426;   10;  13.2;   3.6;    3;   1.0;   6;    5.200;   0;   5.1;   8.4;  973.64;   11.7;   62.21;   17.7;    4.5;    3.2;eor
       4104;20180427;   10;   8.1;   2.1;    3;   0.0;   0;   11.217;   0;   3.0;   8.2;  970.11;   12.4;   60.83;   21.1;    2.7;    0.9;eor
       4104;20180428;   10;   5.4;   1.5;    3;   0.0;   0;   10.950;   0;   1.0;  10.3;  968.75;   16.3;   59.54;   24.8;    7.4;    4.6;eor
       4104;20180429;   10;   8.7;   2.5;    3;   0.0;   0;   11.033;   0;   0.1;  11.2;  963.60;   18.5;   55.96;   27.0;    9.5;    6.6;eor
       4104;20180430;   10;  14.8;   3.0;    3;   0.9;   6;    4.883;   0;   4.6;   9.9;  962.03;   15.3;   57.71;   21.4;   11.2;    9.4;eor
       4104;20180501;   10;   8.4;   2.3;    3;   0.0;   0;    6.833;-999;   5.3;   9.4;  968.92;   13.0;   63.83;   18.9;    7.5;    5.4;eor
       4104;20180502;   10;   7.1;   2.3;    3;   0.0;   0;    4.283;-999;   4.4;  10.1;  966.97;   14.7;   61.21;   21.0;    8.7;    8.4;eor
       4104;20180503;   10;   9.7;   3.5;    3;   0.0;   0;    2.983;-999;   4.8;  12.2;  968.55;   15.5;   69.63;   21.7;   10.4;    7.8;eor
       4104;20180504;   10;  10.4;   4.0;    3;   0.0;   0;   10.200;-999;   3.1;  11.6;  973.95;   16.6;   62.42;   22.7;   11.1;    9.2;eor
       4104;20180505;   10;   9.5;   3.3;    3;   0.0;   0;   10.433;-999;   1.5;  10.6;  977.44;   17.0;   55.96;   24.8;    9.4;    6.7;eor
       4104;20180506;   10;  10.7;   3.1;    3;   0.0;   0;   12.400;-999;   0.0;   7.8;  978.10;   16.3;   44.33;   23.5;    8.2;    5.7;eor
       4104;20180507;   10;   9.8;   2.9;    3;   0.0;   0;   12.217;-999;   0.1;   8.8;  974.44;   17.3;   48.29;   26.1;    7.6;    4.3;eor
       4104;20180508;   10;  10.5;   2.6;    3;   0.0;   0;   11.883;-999;   1.3;   9.5;  968.32;   17.6;   50.58;   25.7;    9.1;    5.1;eor
       4104;20180509;   10;   7.0;   2.0;    3;   0.0;   6;    9.217;-999;   2.1;  11.0;  964.20;   17.0;   59.88;   25.1;    9.5;    7.2;eor
       4104;20180510;   10;  12.0;   2.4;    3;   1.4;   6;    9.133;-999;   3.9;  12.2;  967.38;   16.1;   69.83;   24.3;    9.5;    7.5;eor
       4104;20180511;   10;   6.9;   1.6;    3;   0.0;   0;    5.983;-999;   4.4;  12.8;  974.60;   15.5;   73.75;   23.7;   11.5;    9.7;eor
       4104;20180512;   10;   7.6;   1.8;    3;   0.0;   0;   11.617;-999;   1.0;  13.0;  971.02;   18.8;   63.83;   27.2;   10.0;    7.8;eor
       4104;20180513;   10;  12.2;   2.3;    3;   0.0;   0;   10.100;-999;   2.3;  14.4;  964.98;   18.9;   68.71;   28.7;   12.2;   10.2;eor
       4104;20180514;   10;  10.5;   2.3;    3;   0.8;   6;    3.350;-999;   6.0;  13.4;  964.46;   17.6;   66.71;   23.0;   13.1;   10.7;eor
       4104;20180515;   10;   9.6;   2.8;    3;   0.8;   6;    7.583;-999;   5.8;  10.6;  967.37;   15.2;   63.83;   24.0;   11.1;    9.8;eor
       4104;20180516;   10;   6.4;   1.6;    3;  19.7;   6;    0.633;-999;   7.4;  12.8;  968.87;   12.1;   90.42;   16.7;   10.2;    9.3;eor
       4104;20180517;   10;   7.6;   2.0;    3;   2.3;   6;    1.600;-999;   5.7;  13.9;  971.82;   13.2;   91.58;   18.8;    9.6;    7.8;eor
       4104;20180518;   10;   7.3;   1.6;    3;   0.0;   0;   10.900;-999;   2.1;  11.5;  974.87;   15.1;   70.04;   23.5;    8.6;    7.2;eor
       4104;20180519;   10;  10.9;   2.4;    3;   0.1;   6;    7.833;-999;   3.6;  12.2;  975.48;   14.5;   74.79;   22.6;    7.9;    6.3;eor
       4104;20180520;   10;  10.2;   3.0;    3;   0.0;   6;    7.183;-999;   4.6;  11.1;  976.01;   16.6;   61.96;   23.7;   10.2;    7.7;eor
       4104;20180521;   10;  11.1;   2.7;    3;   0.0;   6;   12.250;-999;   1.0;  11.6;  971.63;   16.9;   62.96;   25.7;    9.0;    6.3;eor
       4104;20180522;   10;   6.9;   2.1;    3;   0.0;   0;   13.083;-999;   1.0;  11.9;  969.37;   18.9;   59.79;   26.9;   10.0;    7.9;eor
       4104;20180523;   10;   8.1;   1.9;    3;   0.0;   0;    5.900;-999;   5.8;  15.1;  972.85;   18.9;   71.00;   27.3;   13.3;   11.8;eor
       4104;20180524;   10;   7.5;   1.6;    3;   7.1;   8;    0.400;-999;   6.1;  16.6;  974.60;   17.4;   84.13;   23.2;   14.1;   12.7;eor
       4104;20180525;   10;   7.0;   1.5;    3;   1.2;   6;    4.367;-999;   5.2;  16.5;  975.57;   17.1;   85.50;   24.1;   12.6;   11.3;eor
       4104;20180526;   10;   6.8;   1.9;    3;   0.0;   0;   11.017;-999;   2.3;  14.9;  977.29;   18.7;   72.92;   26.6;   11.1;   10.5;eor
       4104;20180527;   10;   6.0;   1.8;    3;   0.0;   0;   12.917;-999;   0.3;  15.1;  975.59;   20.9;   65.83;   28.8;   12.3;   11.3;eor
       4104;20180528;   10;  10.5;   2.2;    3;   6.9;   8;   12.283;-999;   1.1;  16.8;  973.67;   20.7;   72.63;   31.5;   13.7;   12.1;eor
       4104;20180529;   10;  11.5;   2.4;    3;  18.7;   8;   12.450;-999;   2.1;  16.5;  970.39;   22.6;   65.29;   31.1;   15.4;   14.1;eor
       4104;20180530;   10;   4.6;   1.5;    3;   0.0;   0;   10.383;-999;   2.5;  17.5;  971.60;   21.9;   70.29;   29.6;   15.5;   14.9;eor
       4104;20180531;   10;   7.4;   1.9;    3;   0.0;   6;   10.717;-999;   2.6;  18.4;  971.00;   22.5;   70.21;   31.4;   15.6;   14.7;eor
       4104;20180601;   10;   8.8;   2.5;    3;   0.0;   6;    5.083;-999;   5.1;  16.8;  974.24;   20.3;   72.13;   26.5;   15.5;   14.3;eor
       4104;20180602;   10;   7.7;   1.6;    3;   0.0;   0;    8.367;-999;   3.4;  15.9;  975.17;   20.2;   69.29;   27.6;   14.9;   13.4;eor
       4104;20180603;   10;   5.9;   1.7;    3;   0.0;   0;   13.133;-999;   0.8;  14.7;  973.61;   21.4;   62.17;   30.2;   12.6;   11.5;eor
       4104;20180604;   10;   6.8;   2.0;    3;   0.0;   0;   11.783;-999;   1.9;  14.3;  968.03;   22.4;   56.50;   30.8;   14.4;   12.9;eor
       4104;20180605;   10;   8.0;   2.4;    3;   0.9;   6;   13.117;-999;   1.8;  14.8;  967.22;   23.0;   56.63;   31.2;   14.9;   13.1;eor
       4104;20180606;   10;  10.6;   2.5;    3;   0.0;   0;    9.383;-999;   4.8;  16.4;  969.52;   22.5;   63.04;   30.2;   16.2;   15.5;eor
       4104;20180607;   10;   7.7;   2.1;    3;   0.0;   0;    9.233;-999;   1.9;  16.9;  971.62;   21.7;   68.54;   28.4;   15.7;   14.6;eor
       4104;20180608;   10;   7.6;   2.0;    3;   0.0;   6;   11.533;-999;   2.8;  17.0;  968.97;   22.3;   66.29;   29.9;   15.0;   14.1;eor
       4104;20180609;   10;   8.5;   1.6;    3;   6.6;   6;    4.650;-999;   3.8;  18.8;  968.58;   19.6;   83.46;   28.2;   15.8;   14.5;eor
       4104;20180610;   10;   7.8;   1.5;    3;   0.0;   0;    9.417;-999;   2.8;  18.7;  968.54;   21.8;   74.46;   29.9;   15.3;   14.2;eor
       4104;20180611;   10;  15.3;   2.1;    3;  15.7;   8;    9.933;-999;   2.5;  18.7;  966.60;   21.5;   76.17;   29.8;   15.6;   14.5;eor
       4104;20180612;   10;   7.5;   1.9;    3;   5.3;   6;    2.967;-999;   7.2;  18.9;  965.37;   19.5;   83.83;   25.2;   15.6;   14.8;eor
       4104;20180613;   10;   9.5;   3.6;    3;   0.0;   0;    0.017;-999;   8.0;  13.3;  968.12;   15.2;   77.42;   18.1;   13.1;   12.8;eor
       4104;20180614;   10;   4.4;   1.4;    3;   0.0;   0;    0.233;-999;   7.9;  11.4;  973.33;   14.8;   68.54;   18.7;   11.4;    9.8;eor
       4104;20180615;   10;   4.9;   1.3;    3;   0.0;   0;    9.017;-999;   5.8;  12.0;  973.60;   17.5;   63.96;   25.7;    9.9;    8.7;eor
       4104;20180616;   10;   7.9;   1.8;    3;   0.0;   0;   13.867;-999;   1.7;  12.0;  972.75;   19.1;   59.42;   27.0;   10.5;    9.1;eor
       4104;20180617;   10;   8.5;   1.6;    3;   0.0;   0;    6.667;-999;   6.8;  14.1;  973.87;   18.9;   66.58;   26.6;   11.0;   10.0;eor
       4104;20180618;   10;   7.6;   1.8;    3;   0.0;   0;    8.683;-999;   5.7;  13.1;  978.17;   19.8;   59.71;   27.2;   13.6;   12.0;eor
       4104;20180619;   10;   6.3;   1.6;    3;   0.0;   0;    3.100;-999;   6.6;  14.9;  980.31;   19.9;   65.71;   26.7;   11.9;   10.9;eor
       4104;20180620;   10;   6.3;   1.7;    3;   0.0;   0;   12.683;-999;   2.3;  15.7;  977.85;   23.0;   59.13;   29.6;   15.7;   14.0;eor
       4104;20180621;   10;  14.8;   3.4;    3;   0.0;   0;    9.717;-999;   4.8;  14.0;  972.36;   21.5;   56.88;   31.0;   13.2;   10.3;eor
       4104;20180622;   10;  16.0;   3.8;    3;   0.7;   6;    7.200;-999;   4.6;   8.9;  978.72;   13.0;   60.50;   18.5;    9.2;    6.2;eor
       4104;20180623;   10;   9.2;   2.4;    3;   0.0;   6;    4.500;-999;   6.1;   9.7;  979.93;   13.8;   63.67;   21.0;    7.3;    5.2;eor
       4104;20180624;   10;   6.7;   1.6;    3;   0.3;   6;    0.950;-999;   8.0;  10.8;  976.84;   15.8;   61.13;   20.6;   11.7;   11.1;eor
       4104;20180625;   10;   6.9;   1.7;    3;   0.0;   0;    3.283;-999;   7.0;  11.5;  977.77;   16.3;   64.63;   23.1;   10.7;    8.9;eor
       4104;20180626;   10;   7.7;   1.9;    3;   0.0;   0;    6.317;-999;   4.0;  11.8;  978.53;   17.1;   63.42;   24.9;    8.1;    6.6;eor
       4104;20180627;   10;  12.8;   2.8;    3;   1.0;   6;    8.300;-999;   4.0;  11.7;  977.90;   17.6;   60.88;   25.7;   11.6;    8.7;eor
       4104;20180628;   10;   8.0;   2.1;    3;  16.6;   6;    0.000;-999;   7.8;  15.6;  974.75;   14.8;   92.08;   17.1;   12.9;   11.7;eor
       4104;20180629;   10;   7.7;   1.8;    3;   1.5;   6;    5.150;-999;   7.5;  17.8;  971.50;   20.6;   76.08;   28.6;   14.6;   14.5;eor
       4104;20180630;   10;   9.3;   2.8;    3;   0.0;   0;   13.917;-999;   0.7;  12.2;  971.59;   19.5;   57.17;   27.1;   12.2;    9.0;eor
       4104;20180701;   10;   8.7;   2.5;    3;   0.0;   0;   14.033;-999;   0.0;   8.6;  973.99;   17.0;   47.21;   24.0;    9.1;    7.0;eor
       4104;20180702;   10;   6.6;   1.9;    3;   0.0;   0;   14.017;-999;   0.0;   8.7;  972.75;   17.8;   47.83;   27.7;    7.7;    6.2;eor
       4104;20180703;   10;   8.7;   1.9;    3;   0.0;   0;   13.550;-999;   2.5;  10.3;  973.14;   19.9;   49.54;   31.1;    8.5;    7.2;eor
       4104;20180704;   10;  10.0;   1.8;    3;   0.9;   6;    6.450;-999;   6.9;  15.6;  972.49;   19.9;   69.29;   30.4;   12.5;   11.0;eor
       4104;20180705;   10;  13.4;   2.1;    3;   0.3;   6;    8.750;-999;   6.5;  16.3;  970.61;   20.9;   69.29;   31.0;   13.4;   11.7;eor
       4104;20180706;   10;   7.9;   1.7;    3;  13.6;   6;    1.650;-999;   6.9;  19.1;  973.65;   19.0;   86.75;   24.4;   14.6;   13.1;eor
       4104;20180707;   10;   8.7;   2.1;    3;   0.0;   0;   13.350;-999;   1.6;  12.4;  977.44;   19.7;   59.00;   27.6;   12.1;   10.9;eor
       4104;20180708;   10;   9.3;   2.3;    3;   0.0;   0;   10.150;-999;   4.3;  11.9;  976.84;   20.0;   55.29;   29.8;   11.2;    9.9;eor
       4104;20180709;   10;   7.2;   1.8;    3;   0.0;   6;    7.500;-999;   4.5;  14.1;  975.34;   20.5;   61.17;   28.9;   11.8;   10.5;eor
       4104;20180710;   10;   9.7;   1.9;    3;   5.9;   6;    2.500;-999;   6.6;  13.7;  971.85;   16.9;   71.92;   26.2;   10.3;    9.0;eor
       4104;20180711;   10;   9.1;   1.8;    3;   0.6;   6;    2.067;-999;   6.2;  12.2;  972.17;   14.7;   74.96;   21.1;    8.5;    7.6;eor
       4104;20180712;   10;   8.0;   1.9;    3;   0.0;   0;    5.717;-999;   6.9;  13.1;  973.76;   18.4;   64.46;   26.4;   12.9;   12.2;eor
       4104;20180713;   10;   9.1;   1.3;    3;   0.0;   6;    8.483;-999;   5.4;  14.6;  975.56;   21.1;   61.29;   30.1;   14.0;   13.1;eor
       4104;20180714;   10;   7.7;   1.6;    3;   0.4;   6;    7.983;-999;   4.1;  15.5;  974.99;   19.8;   70.08;   28.2;   12.0;   10.9;eor
       4104;20180715;   10;  12.5;   1.7;    3;   1.9;   6;    7.383;-999;   4.5;  15.1;  972.93;   18.8;   72.13;   30.1;   12.6;   11.3;eor
       4104;20180716;   10;   7.3;   1.5;    3;  17.4;   8;    7.517;-999;   6.2;  15.9;  970.89;   18.1;   78.00;   28.4;   12.8;   11.5;eor
       4104;20180717;   10;  11.3;   2.3;    3;   1.6;   6;    9.867;-999;   5.0;  14.9;  970.81;   20.4;   66.38;   29.9;   12.6;   11.5;eor
       4104;20180718;   10;   9.8;   2.2;    3;   0.0;   0;   12.000;-999;   2.6;  13.9;  972.67;   22.9;   52.00;   30.5;   14.9;   12.5;eor
       4104;20180719;   10;   7.8;   1.9;    3;   0.0;   0;   13.533;-999;   1.1;  12.3;  973.36;   21.6;   51.29;   30.7;   12.1;   10.2;eor
       4104;20180720;   10;   6.3;   1.7;    3;   0.0;   0;   12.350;-999;   4.0;  13.1;  970.62;   22.2;   52.50;   31.9;   12.2;   11.0;eor
       4104;20180721;   10;   6.6;   1.9;    3;   5.2;   6;    0.033;-999;   7.9;  17.1;  968.85;   20.5;   70.88;   24.2;   17.1;   15.9;eor
       4104;20180722;   10;   4.7;   1.6;    3;   2.4;   6;    0.800;-999;   8.0;  18.1;  970.63;   18.9;   83.96;   24.8;   16.3;   16.3;eor
       4104;20180723;   10;  11.3;   1.6;    3;   2.3;   6;    5.050;-999;   7.0;  18.3;  973.40;   20.4;   78.58;   29.1;   16.2;   15.7;eor
       4104;20180724;   10;   5.4;   1.1;    3;   0.0;   0;   10.000;-999;   3.2;  16.7;  972.28;   22.7;   65.54;   31.5;   15.3;   14.2;eor
       4104;20180725;   10;   8.7;   1.6;    3;   0.0;   6;    9.683;-999;   3.0;  16.3;  971.62;   23.2;   61.46;   33.5;   14.7;   13.7;eor
       4104;20180726;   10;  10.0;   2.1;    3;   0.0;   4;   11.183;-999;   1.9;  16.0;  972.42;   24.1;   57.92;   31.6;   15.5;   14.0;eor
       4104;20180727;   10;   7.4;   1.7;    3;   0.0;   0;    9.950;-999;   3.4;  16.1;  970.50;   24.1;   57.25;   32.3;   16.4;   15.4;eor
       4104;20180728;   10;  11.9;   2.2;    3;   0.0;   6;    7.033;-999;   4.9;  17.2;  968.32;   23.1;   63.17;   32.5;   15.7;   14.7;eor
       4104;20180729;   10;   8.3;   1.2;    3;   0.0;   0;    9.250;-999;   7.4;  17.5;  972.39;   24.8;   57.79;   31.2;   19.0;   17.3;eor
       4104;20180730;   10;   8.0;   1.7;    3;   0.0;   0;   12.800;-999;   0.4;  16.1;  973.18;   26.6;   52.21;   36.6;   16.0;   14.6;eor
       4104;20180731;   10;   9.2;   1.8;    3;   2.8;   6;   10.400;-999;   1.6;  17.6;  973.62;   27.2;   53.38;   38.2;   19.0;   17.1;eor
       4104;20180801;   10;  10.1;   2.0;    3;   0.0;   0;    8.133;-999;   4.5;  18.1;  974.24;   27.3;   53.88;   37.9;   19.7;   17.8;eor
       4104;20180802;   10;  13.5;   1.9;    3;  10.6;   8;    6.583;-999;   5.2;  21.1;  977.00;   23.1;   77.13;   33.7;   19.5;   17.9;eor
       4104;20180803;   10;   8.5;   1.8;    3;   0.0;   0;   10.783;-999;   4.0;  20.5;  976.57;   25.8;   65.88;   34.8;   18.5;   17.7;eor
       4104;20180804;   10;   5.4;   1.4;    3;   0.0;   0;    4.233;-999;   5.9;  21.2;  974.37;   25.5;   66.88;   33.8;   19.9;   18.6;eor
       4104;20180805;   10;   8.6;   2.5;    3;   0.0;   0;   11.300;-999;   2.4;  18.2;  974.75;   25.0;   61.33;   33.0;   18.1;   16.6;eor
       4104;20180806;   10;   5.3;   1.6;    3;   0.0;   0;   12.367;-999;   5.1;  15.0;  974.33;   24.1;   53.33;   32.1;   16.1;   14.3;eor
       4104;20180807;   10;  10.0;   2.0;    3;   0.0;   0;    9.217;-999;   6.8;  16.3;  971.08;   25.3;   54.17;   35.5;   16.0;   15.0;eor
       4104;20180808;   10;  11.2;   2.1;    3;   0.0;   6;    8.633;-999;   4.2;  17.0;  971.19;   25.4;   55.29;   32.9;   19.1;   17.5;eor
       4104;20180809;   10;  13.3;   2.5;    3;   2.0;   6;   12.000;-999;   4.1;  16.3;  971.48;   25.9;   52.58;   35.9;   17.7;   15.9;eor
       4104;20180810;   10;   7.3;   2.1;    3;   3.1;   6;    1.183;-999;   6.3;  16.3;  979.97;   17.8;   80.33;   20.9;   13.5;   11.7;eor
       4104;20180811;   10;  10.1;   2.2;    3;   0.0;   0;    7.033;-999;   6.6;  12.4;  979.40;   18.4;   63.63;   27.6;   11.9;   10.5;eor
       4104;20180812;   10;   9.1;   1.7;    3;   0.0;   0;   12.133;-999;   4.6;  11.4;  974.04;   19.4;   55.96;   28.8;    9.0;    8.0;eor
       4104;20180813;   10;  12.1;   2.5;    3;   7.1;   6;    7.400;-999;   3.6;  16.0;  968.05;   21.3;   68.29;   33.6;   14.6;   12.7;eor
       4104;20180814;   10;   9.7;   2.7;    3;   0.1;   6;    7.517;-999;   6.3;  16.2;  971.75;   19.8;   71.96;   26.1;   16.0;   15.2;eor
       4104;20180815;   10;   7.0;   1.5;    3;   0.2;   6;    5.650;-999;   4.0;  15.0;  976.43;   20.0;   66.67;   28.6;   14.8;   13.4;eor
       4104;20180816;   10;   6.0;   1.7;    3;   0.0;   0;   11.817;-999;   0.0;  13.8;  974.36;   20.7;   61.17;   29.3;   12.3;   11.2;eor
       4104;20180817;   10;   6.7;   1.5;    3;   0.0;   6;   11.717;-999;   2.3;  13.1;  972.34;   22.7;   53.83;   32.9;   12.5;   11.3;eor
       4104;20180818;   10;   6.8;   1.6;    3;   0.5;   6;    7.933;-999;   4.0;  16.1;  976.22;   21.7;   64.92;   32.0;   15.5;   13.5;eor
       4104;20180819;   10;   5.0;   1.6;    3;   0.0;   0;   11.833;-999;   0.8;  15.8;  976.57;   23.7;   60.29;   34.2;   15.1;   13.5;eor
       4104;20180820;   10;   8.6;   2.1;    3;   0.0;   0;   11.217;-999;   1.3;  14.6;  975.21;   24.4;   53.33;   34.1;   15.3;   14.0;eor
       4104;20180821;   10;   5.3;   1.8;    3;   0.0;   0;   10.250;-999;   1.8;  15.2;  975.95;   23.8;   55.08;   33.6;   16.4;   14.8;eor
       4104;20180822;   10;   5.4;   1.6;    3;   0.0;   0;   11.200;-999;   0.1;  14.7;  974.12;   24.2;   52.75;   34.2;   15.8;   14.1;eor
       4104;20180823;   10;   9.8;   1.6;    3;  15.4;   6;    4.150;-999;   5.6;  18.3;  971.04;   21.3;   72.92;   29.2;   16.3;   14.9;eor
       4104;20180824;   10;   9.3;   2.1;    3;  26.5;   8;    0.950;-999;   6.8;  18.8;  969.41;   17.9;   91.42;   22.8;   12.9;   11.7;eor
       4104;20180825;   10;  13.8;   2.4;    3;   1.6;   6;    0.017;-999;   5.7;  13.0;  970.60;   13.7;   83.25;   17.7;   11.5;   10.8;eor
       4104;20180826;   10;   6.7;   1.4;    3;   0.0;   0;    8.900;-999;   3.8;  10.1;  973.75;   14.1;   66.83;   21.5;    8.3;    6.9;eor
       4104;20180827;   10;   7.2;   2.4;    3;   0.0;   0;    8.383;-999;   4.5;  11.3;  973.44;   16.6;   62.88;   26.1;    8.2;    6.4;eor
       4104;20180828;   10;   6.9;   1.4;    3;   0.0;   0;    9.283;-999;   3.7;  13.9;  975.72;   19.8;   63.38;   27.9;   12.2;   10.6;eor
       4104;20180829;   10;  14.8;   2.0;    3;  13.2;   6;   10.900;-999;   0.3;  13.9;  972.00;   19.4;   65.38;   28.8;    9.9;    8.7;eor
       4104;20180830;   10;  10.1;   2.2;    3;   0.0;   0;    3.117;-999;   4.6;  16.1;  975.32;   17.2;   82.67;   22.4;   11.3;   10.3;eor
       4104;20180831;   10;   7.3;   1.7;    3;   9.5;   6;    0.000;-999;  -999;  14.4;  976.66;   14.0;   90.58;   18.2;   10.2;    9.4;eor
       4104;20180901;   10;  10.2;   3.0;    3;   9.3;   6;    0.000;-999;  -999;  13.5;  978.37;   12.6;   92.25;   14.1;   11.5;   11.3;eor
       4104;20180902;   10;   5.9;   1.6;    3;   1.7;   6;    0.067;-999;  -999;  16.1;  976.99;   14.7;   95.54;   17.0;   12.5;   12.5;eor
       4104;20180903;   10;   3.3;   1.1;    3;  11.1;   6;    0.900;-999;  -999;  17.9;  972.50;   16.9;   93.21;   23.1;   14.6;   14.0;eor
       4104;20180904;   10;   4.5;   1.3;    3;   0.2;   6;    2.750;-999;  -999;  18.4;  972.20;   18.5;   87.54;   24.0;   15.8;   15.3;eor
       4104;20180905;   10;   4.6;   1.1;    3;   0.0;   6;    4.833;-999;  -999;  17.8;  973.79;   18.4;   85.50;   25.6;   14.0;   12.9;eor
       4104;20180906;   10;   6.7;   1.6;    3;   1.8;   6;    8.550;-999;  -999;  14.8;  969.63;   17.9;   75.71;   25.6;   12.6;   12.2;eor
       4104;20180907;   10;   8.7;   1.7;    3;   0.0;   6;    3.150;-999;  -999;  16.5;  971.17;   17.5;   82.42;   23.5;   13.5;   10.9;eor
       4104;20180908;   10;   5.8;   1.2;    3;   0.0;   0;    8.400;-999;  -999;  13.1;  977.54;   16.1;   74.67;   23.9;   10.4;    9.1;eor
       4104;20180909;   10;   5.8;   1.3;    3;   0.0;   0;    7.967;-999;  -999;  13.5;  978.77;   16.6;   74.46;   25.4;    9.3;    8.3;eor
       4104;20180910;   10;   6.8;   1.4;    3;   0.0;   0;    7.883;-999;  -999;  13.7;  979.74;   17.7;   71.33;   26.5;    9.2;    7.6;eor
       4104;20180911;   10;   8.4;   1.9;    3;   0.0;   0;   10.700;-999;  -999;  13.6;  980.78;   19.4;   63.92;   28.2;   12.2;   10.5;eor
       4104;20180912;   10;   6.4;   1.5;    3;   0.2;   6;   10.817;-999;   0.0;  14.2;  978.14;   19.3;   67.25;   30.2;   10.4;    8.7;eor
       4104;20180913;   10;   6.5;   1.4;    3;   9.9;   8;    2.050;-999;   5.9;  17.0;  974.61;   17.1;   87.33;   25.5;   12.9;   11.5;eor
       4104;20180914;   10;   5.0;   1.4;    3;   0.0;   6;    2.450;-999;   7.0;  16.5;  976.31;   16.9;   86.54;   21.1;   14.3;   13.6;eor
       4104;20180915;   10;   8.1;   1.6;    3;   0.0;   0;    7.217;-999;   4.3;  13.6;  979.51;   16.9;   73.00;   23.4;    9.1;    7.8;eor
       4104;20180916;   10;   5.1;   1.5;    3;   0.0;   0;   10.267;-999;   3.9;  10.8;  979.89;   14.8;   69.33;   24.4;    6.9;    5.5;eor
       4104;20180917;   10;   5.2;   1.5;    3;   0.0;   0;   10.100;-999;   1.3;  14.4;  977.47;   17.3;   74.58;   26.7;    8.8;    7.8;eor
       4104;20180918;   10;   5.8;   1.7;    3;   2.7;   6;   10.100;-999;   1.1;  15.1;  974.69;   19.4;   70.17;   29.0;   10.8;    9.2;eor
       4104;20180919;   10;   8.3;   2.0;    3;   0.0;   6;    6.050;-999;   3.7;  16.6;  977.83;   19.3;   75.71;   26.2;   15.4;   12.8;eor
       4104;20180920;   10;   5.8;   1.9;    3;   0.0;   0;    9.767;-999;   0.9;  16.6;  976.55;   19.5;   75.83;   27.1;   14.4;   12.1;eor
       4104;20180921;   10;  15.7;   3.0;    3;   0.1;   6;    7.033;-999;   3.3;  14.7;  970.89;   18.4;   71.92;   29.8;   12.7;   10.2;eor
       4104;20180922;   10;  10.3;   2.7;    3;   0.8;   6;    3.917;-999;   5.9;   9.7;  978.34;   13.8;   63.21;   18.8;    9.9;    7.8;eor
       4104;20180923;   10;  20.0;   3.9;    3;  16.4;   8;    1.133;-999;   7.0;  14.1;  970.30;   13.8;   88.88;   22.7;    9.5;    9.5;eor
       4104;20180924;   10;  12.8;   3.5;    3;   0.0;   6;    6.367;-999;   4.3;   8.3;  985.19;    9.8;   69.92;   15.3;    5.1;    3.2;eor
       4104;20180925;   10;   6.3;   1.8;    3;   0.0;   0;    8.783;-999;   0.9;   6.9;  993.11;    7.5;   70.33;   15.2;    1.4;    0.1;eor
       4104;20180926;   10;   6.6;   1.4;    3;   0.0;   0;    8.033;-999;   2.7;   6.9;  990.97;    7.6;   70.58;   17.2;   -0.3;   -1.5;eor
       4104;20180927;   10;   4.8;   1.1;    3;   0.0;   0;    9.350;-999;   0.0;   8.7;  985.22;   11.0;   69.96;   21.2;    2.7;    1.5;eor
       4104;20180928;   10;  11.2;   2.2;    3;   0.1;   6;    8.900;-999;   2.3;   9.8;  978.21;   12.9;   69.29;   23.3;    5.1;    3.1;eor
       4104;20180929;   10;   7.8;   2.7;    3;   0.0;   0;    9.267;-999;   0.7;   6.8;  982.00;    9.8;   58.83;   16.8;    3.2;    1.0;eor
       4104;20180930;   10;   7.0;   1.6;    3;   0.7;   6;    9.267;-999;   0.5;   7.9;  974.20;    8.8;   72.00;   17.8;    0.6;   -1.2;eor
       4104;20181001;   10;  10.9;   2.0;    3;   2.0;   6;    3.467;-999;   6.8;   9.3;  970.92;    9.5;   79.42;   17.6;    5.8;    4.7;eor
       4104;20181002;   10;  11.5;   3.8;    3;   0.0;   6;    1.250;-999;   6.8;   7.8;  977.54;    8.4;   71.96;   11.8;    4.4;    2.9;eor
       4104;20181003;   10;  12.3;   3.6;    3;   0.0;   6;    3.000;   0;   6.4;   9.5;  979.98;   11.5;   70.88;   18.4;    5.0;    3.2;eor
       4104;20181004;   10;   3.4;   1.3;    3;   0.0;   0;    9.133;   0;   0.8;   8.2;  983.47;    9.4;   73.25;   18.5;    2.2;    0.6;eor
       4104;20181005;   10;   4.9;   1.8;    3;   0.0;   0;    9.183;   0;   1.3;   8.8;  978.16;   10.1;   74.17;   20.4;    2.2;    0.2;eor
       4104;20181006;   10;   6.4;   1.5;    3;   0.0;   0;    6.350;   0;   6.4;  10.8;  970.86;   11.8;   79.25;   19.5;    4.3;    2.8;eor
       4104;20181007;   10;   6.0;   1.7;    3;   0.0;   0;    4.533;   0;   5.0;  13.2;  971.80;   13.9;   83.46;   20.9;    9.5;    6.7;eor
       4104;20181008;   10;   4.0;   1.8;    3;   0.0;   0;    6.450;   0;   1.9;  12.5;  977.58;   13.0;   85.04;   21.5;    8.2;    5.2;eor
       4104;20181009;   10;   4.4;   1.6;    3;   0.0;   0;    5.050;   0;   4.0;  12.2;  979.16;   11.9;   88.75;   19.1;    7.8;    4.6;eor
       4104;20181010;   10;   8.4;   2.2;    3;   0.0;   0;    8.133;   0;   1.6;  11.9;  976.13;   13.4;   79.88;   22.8;    7.3;    4.4;eor
       4104;20181011;   10;  11.6;   3.0;    3;   0.0;   6;    9.450;   0;   0.6;   8.8;  973.56;   15.9;   51.88;   24.5;   10.0;    6.4;eor
       4104;20181012;   10;   5.8;   1.6;    3;   0.0;   0;    9.117;   0;   2.0;  11.1;  980.07;   15.1;   67.04;   23.3;    9.1;    5.9;eor
       4104;20181013;   10;   4.8;   1.8;    3;   0.0;   0;    9.350;   0;   0.0;  11.0;  978.92;   13.8;   73.25;   23.4;    6.6;    3.9;eor
       4104;20181014;   10;   8.7;   2.3;    3;   0.0;   0;    9.217;   0;   0.0;   9.6;  972.21;   15.3;   59.17;   23.9;    6.9;    3.4;eor
       4104;20181015;   10;   8.8;   2.9;    3;   0.0;   0;    9.183;   0;   0.6;   9.3;  972.30;   15.1;   56.75;   22.2;    7.6;    4.0;eor
       4104;20181016;   10;   4.2;   1.7;    3;   0.0;   0;    8.800;   0;   2.8;   9.9;  975.35;   11.9;   73.46;   20.2;    4.8;    1.8;eor
       4104;20181017;   10;   5.2;   1.5;    3;   0.0;   0;    8.750;   0;   1.0;  10.5;  975.80;   11.7;   78.63;   20.6;    5.9;    3.0;eor
       4104;20181018;   10;   5.3;   1.9;    3;   0.0;   0;    7.667;   0;   2.0;  10.5;  976.30;   11.8;   77.75;   21.7;    5.0;    2.0;eor
       4104;20181019;   10;   4.9;   2.0;    3;   0.0;   0;    7.633;   0;   1.1;  10.8;  978.95;   11.6;   81.58;   20.0;    6.6;    2.4;eor
       4104;20181020;   10;   4.3;   1.6;    3;   0.0;   0;    3.117;   0;   6.0;  10.0;  983.41;    9.2;   86.83;   16.9;    5.6;    2.4;eor
       4104;20181021;   10;   6.1;   1.5;    3;   0.0;   0;    6.517;   0;   3.1;   7.8;  984.05;    8.3;   73.33;   15.2;    1.2;   -1.2;eor
       4104;20181022;   10;   7.2;   2.3;    3;   1.0;   6;    7.633;   0;   3.0;   7.6;  983.90;    7.5;   75.71;   16.8;   -0.5;   -2.6;eor
       4104;20181023;   10;  15.6;   4.0;    3;   0.0;   6;    0.083;   0;   7.2;   8.4;  980.41;    9.2;   73.33;   11.3;    5.3;    1.7;eor
       4104;20181024;   10;  19.3;   5.6;    3;   4.4;   6;    0.033;   0;   7.4;  11.2;  975.22;   11.0;   85.29;   12.2;   10.1;    8.8;eor
       4104;20181025;   10;  11.1;   3.4;    3;   0.5;   6;    0.000;   0;   7.7;  11.7;  974.51;   11.4;   86.71;   13.7;   10.0;    9.4;eor
       4104;20181026;   10;   6.5;   1.6;    3;   1.6;   6;    4.183;   0;   6.0;   9.4;  967.02;    9.8;   78.50;   15.7;    5.3;    1.9;eor
       4104;20181027;   10;   7.6;   1.3;    3;  25.9;   6;    0.000;   0;   6.1;   8.6;  964.69;    6.0;   91.58;    7.6;    4.1;    2.5;eor
       4104;20181028;   10;  13.9;   3.9;    3;  10.8;   8;    0.000;   0;  -999;   7.1;  962.75;    3.1;   92.83;    4.1;    1.6;    1.1;eor
       4104;20181029;   10;   8.4;   2.7;    3;   0.0;   6;    0.133;   0;   6.7;   8.5;  955.06;    5.8;   91.46;   10.9;    3.4;    3.4;eor
       4104;20181030;   10;  15.2;   3.5;    3;   0.0;   6;    3.617;   0;   3.8;   8.5;  956.35;    9.3;   71.75;   15.0;    3.4;    1.0;eor
       4104;20181031;   10;   5.9;   1.9;    3;   0.0;   0;    5.917;   0;   2.4;   7.3;  973.24;    6.5;   77.25;   13.5;    1.1;   -2.0;eor
       4104;20181101;   10;   3.7;   1.6;    3;   0.0;   0;    0.333;   0;   4.5;   8.1;  970.10;    5.2;   90.83;   10.3;    1.5;   -0.5;eor
       4104;20181102;   10;   5.8;   1.7;    3;   0.0;   6;    2.817;   0;   6.5;   8.6;  978.48;    6.9;   86.71;   12.3;    1.6;   -0.6;eor
       4104;20181103;   10;   6.4;   2.1;    3;   0.0;   6;    0.117;   0;   7.9;   9.9;  981.33;    9.8;   82.08;   13.3;    7.4;    6.2;eor
       4104;20181104;   10;   4.5;   1.6;    3;   0.0;   0;    0.000;   0;   8.0;  10.9;  973.80;   10.4;   86.50;   12.4;    9.4;    8.9;eor
       4104;20181105;   10;   7.8;   2.3;    3;   0.0;   0;    2.867;   0;   4.1;  10.7;  967.67;   10.7;   84.58;   16.3;    6.6;    4.8;eor
       4104;20181106;   10;   7.3;   2.4;    3;   0.0;   0;    6.900;   0;   2.4;  10.0;  966.78;   10.5;   80.63;   19.0;    4.7;    2.3;eor
       4104;20181107;   10;   5.6;   1.7;    3;   0.0;   0;    0.283;   0;   6.4;  10.1;  969.68;    7.6;   95.79;   11.5;    4.2;    1.7;eor
       4104;20181108;   10;   4.5;   1.6;    3;   0.0;   0;    1.567;   0;   6.6;  10.3;  976.85;    8.8;   91.46;   14.4;    6.9;    4.1;eor
       4104;20181109;   10;   4.4;   1.4;    3;   0.0;   6;    0.000;   0;   7.8;   9.9;  973.39;    8.3;   90.29;    9.9;    6.5;    6.5;eor
       4104;20181110;   10;   6.7;   2.2;    3;   0.0;   6;    0.000;   0;   7.8;   9.6;  968.90;    8.1;   88.04;    8.9;    6.9;    6.8;eor
       4104;20181111;   10;   7.1;   2.4;    3;   0.2;   6;    0.400;   0;   4.9;   9.8;  972.01;    8.0;   91.46;   10.3;    5.8;    2.2;eor
       4104;20181112;   10;   7.4;   2.1;    3;   0.1;   6;    0.000;   0;   7.4;   9.3;  977.02;    6.1;   98.00;    7.6;    2.8;    1.2;eor
       4104;20181113;   10;   5.4;   1.9;    3;   0.0;   6;    0.000;   0;   5.8;   9.4;  983.10;    6.6;   96.71;    9.1;    3.2;    0.6;eor
       4104;20181114;   10;   4.2;   1.1;    3;   0.1;   6;    0.017;   0;   7.2;   8.6;  986.62;    5.8;   93.21;    8.6;    3.5;    0.2;eor
       4104;20181115;   10;   4.7;   1.9;    3;   0.0;   0;    3.433;   0;  -999;   7.4;  984.22;    3.8;   92.29;    7.6;    1.2;    0.5;eor
       4104;20181116;   10;   6.3;   2.5;    3;   0.0;   0;    7.200;   0;   2.0;   6.2;  985.10;    2.6;   85.79;    9.3;   -1.2;   -2.7;eor
       4104;20181117;   10;  13.0;   3.9;    3;   0.0;   0;    7.200;   0;   0.0;   5.6;  984.68;    2.5;   77.13;    7.4;   -0.1;   -3.7;eor
       4104;20181118;   10;  10.3;   3.5;    3;   0.3;   8;    7.150;   0;   2.2;   4.6;  979.32;    2.0;   66.58;    7.0;   -1.7;   -4.9;eor
       4104;20181119;   10;  10.7;   4.0;    3;   0.0;   0;    1.867;   0;   6.0;   4.2;  969.73;    0.2;   67.67;    2.9;   -1.4;   -4.0;eor
       4104;20181120;   10;   8.8;   2.6;    3;   3.9;   8;    2.617;   0;   3.1;   5.6;  964.71;    0.8;   86.25;    6.6;   -1.9;   -5.6;eor
       4104;20181121;   10;   4.3;   1.4;    3;   0.0;   6;    0.000;   0;   7.0;   5.5;  971.38;    0.8;   85.79;    2.9;   -2.3;   -6.0;eor
       4104;20181122;   10;   4.0;   1.2;    3;   0.0;   6;    0.000;   0;   8.0;   6.5;  976.05;    2.5;   88.38;    4.1;    1.6;    0.0;eor
       4104;20181123;   10;   6.2;   1.7;    3;   0.3;   6;    0.000;   0;   7.3;   6.4;  975.78;    2.3;   88.63;    3.1;    1.1;   -1.1;eor
       4104;20181124;   10;   5.3;   2.0;    3;   1.1;   6;    0.000;   0;   7.2;   7.6;  970.28;    3.9;   94.42;    6.0;    1.1;   -0.5;eor
       4104;20181125;   10;   8.6;   2.1;    3;   0.1;   6;    0.000;   0;   7.8;   7.5;  966.23;    4.0;   91.58;    5.9;    2.9;    2.6;eor
       4104;20181126;   10;   8.5;   2.4;    3;  16.2;   8;    0.000;   0;  -999;   7.0;  963.78;    3.0;   92.38;    3.7;    1.3;    0.9;eor
       4104;20181127;   10;   4.7;   1.8;    3;   0.0;   0;    0.050;   0;   7.0;   6.2;  973.75;    1.5;   90.42;    3.8;   -2.4;   -4.1;eor
       4104;20181128;   10;   8.1;   2.1;    3;   0.0;   0;    0.017;   0;   5.8;   4.8;  982.10;   -1.6;   88.46;   -0.1;   -3.6;   -5.3;eor
       4104;20181129;   10;   7.3;   2.5;    3;   0.1;   6;    5.050;   0;   4.5;   4.3;  978.86;   -1.6;   78.46;    1.5;   -3.5;   -5.7;eor
       4104;20181130;   10;   8.4;   2.3;    3;   5.4;   6;    0.000;   0;   5.5;   4.8;  973.52;   -1.0;   84.50;    0.0;   -1.8;   -2.3;eor
       4104;20181201;   10;   8.0;   2.8;    3;   0.6;   6;    0.000;   0;   7.9;   6.4;  974.07;    1.0;   98.04;    2.2;   -0.1;   -0.3;eor
       4104;20181202;   10;  11.5;   4.3;    3;  16.1;   6;    0.000;   0;   7.7;   7.1;  966.31;    2.2;   98.17;    4.9;    1.0;    0.8;eor
       4104;20181203;   10;  13.7;   3.3;    3;  45.4;   6;    0.000;   0;   6.0;  11.0;  963.43;    8.7;   96.88;   11.2;    4.5;    4.2;eor
       4104;20181204;   10;  11.6;   3.2;    3;   2.7;   6;    0.450;   0;   4.7;   8.8;  973.96;    6.1;   92.04;    8.9;   -1.4;   -2.4;eor
       4104;20181205;   10;   7.2;   1.9;    3;   0.5;   6;    0.000;   0;   7.4;   5.8;  982.23;    0.5;   91.38;    2.6;   -1.9;   -3.3;eor
       4104;20181206;   10;   6.9;   2.9;    3;   0.0;   6;    0.000;   0;   7.1;   6.7;  976.92;    3.0;   86.79;    4.6;    1.4;    0.5;eor
       4104;20181207;   10;  16.9;   3.0;    3;   1.5;   6;    0.167;   0;   7.3;   9.7;  969.49;    8.0;   89.75;   12.0;    4.5;    4.1;eor
       4104;20181208;   10;  16.0;   6.6;    3;   2.6;   6;    1.917;   0;   6.6;   7.3;  966.69;    6.2;   76.50;    8.4;    4.6;    2.1;eor
       4104;20181209;   10;  15.9;   6.2;    3;   6.0;   6;    0.117;   0;   6.3;   8.2;  960.00;    6.2;   86.17;    7.5;    4.8;    2.7;eor
       4104;20181210;   10;  12.5;   5.0;    3;   4.1;   8;    1.750;   0;   5.4;   6.5;  972.91;    2.9;   86.54;    6.2;    0.7;   -0.7;eor
       4104;20181211;   10;  14.1;   5.8;    3;   0.2;   8;    0.150;   0;   7.3;   6.0;  975.42;    2.3;   82.83;    3.9;    1.4;    0.3;eor
       4104;20181212;   10;   8.1;   2.4;    3;   0.1;   8;    0.000;   0;   7.1;   5.8;  977.01;    1.5;   85.42;    2.8;   -1.2;   -2.7;eor
       4104;20181213;   10;  10.4;   3.7;    3;   0.0;   0;    0.683;   0;   7.7;   4.5;  973.75;   -1.0;   78.63;    0.4;   -2.4;   -4.0;eor
       4104;20181214;   10;   7.3;   2.4;    3;   0.0;   0;    0.000;   0;   8.0;   4.2;  975.90;   -1.3;   75.46;   -0.1;   -2.3;   -3.0;eor
       4104;20181215;   10;   4.6;   1.5;    3;   0.0;   7;    0.000;   0;   7.0;   3.8;  979.74;   -1.9;   71.88;   -1.1;   -5.8;   -8.4;eor
       4104;20181216;   10;   7.5;   2.6;    3;   0.2;   8;    0.000;   0;  -999;   4.2;  971.86;   -3.7;   89.38;   -1.7;   -7.2;   -9.4;eor
       4104;20181217;   10;   6.0;   2.2;    3;   0.0;   8;    0.000;   1;  -999;   5.7;  978.43;   -0.1;   94.00;    0.8;   -1.8;   -2.2;eor
       4104;20181218;   10;   7.6;   2.5;    3;   0.0;   0;    0.000;   0;   7.6;   6.4;  981.87;    1.3;   94.33;    2.7;   -0.7;   -2.2;eor
       4104;20181219;   10;   5.2;   1.7;    3;   3.8;   8;    0.000;   0;   7.9;   5.4;  974.60;   -0.5;   92.38;    0.5;   -2.7;   -4.1;eor
       4104;20181220;   10;   7.4;   3.0;    3;   1.2;   6;    0.000;   0;   7.9;   6.2;  974.37;    0.7;   95.92;    1.9;   -0.1;   -1.0;eor
       4104;20181221;   10;  14.2;   4.3;    3;   6.3;   6;    0.000;   0;   8.0;   7.9;  970.67;    4.8;   90.92;    9.3;    1.2;   -0.1;eor
       4104;20181222;   10;  19.1;   5.6;    3;  12.0;   6;    0.033;   0;   7.9;   9.5;  971.21;    8.3;   86.50;    9.7;    6.4;    2.6;eor
       4104;20181223;   10;  11.6;   3.0;    3;  26.2;   6;    0.000;   0;   7.8;   8.9;  975.79;    6.6;   91.13;    9.8;    5.8;    3.3;eor
       4104;20181224;   10;  15.3;   4.0;    3;   1.2;   6;    1.317;   0;   7.2;   7.6;  978.61;    4.2;   90.17;   10.5;    1.8;    0.5;eor
       4104;20181225;   10;  10.1;   3.6;    3;   0.0;   0;    0.000;   0;   8.0;   5.5;  989.07;    1.4;   81.88;    2.2;   -0.1;   -2.0;eor
       4104;20181226;   10;   5.3;   1.7;    3;   0.0;   6;    5.300;   0;   5.6;   5.2;  987.51;    0.1;   85.67;    5.8;   -1.9;   -3.9;eor
       4104;20181227;   10;   4.4;   1.5;    3;   0.0;   0;    2.117;   0;   7.9;   5.7;  983.90;    0.0;   93.58;    2.7;   -0.9;   -2.1;eor
       4104;20181228;   10;   5.0;   1.7;    3;   0.0;   0;    4.750;   0;   5.6;   5.5;  983.46;   -0.6;   93.13;    2.2;   -2.0;   -3.0;eor
       4104;20181229;   10;   6.5;   2.0;    3;   1.7;   8;    0.000;   0;   7.9;   5.5;  986.54;   -0.2;   92.17;    1.2;   -1.7;   -2.0;eor
       4104;20181230;   10;  11.8;   4.8;    3;   1.1;   6;    0.367;   0;   7.8;   7.1;  984.13;    3.8;   88.92;    6.5;    0.6;   -0.3;eor
       4104;20181231;   10;   7.0;   2.2;    3;   0.5;   6;    0.000;   0;   7.8;   8.0;  987.32;    4.6;   94.54;    5.7;    3.8;    2.9;eor
       4104;20190101;   10;  15.0;   4.6;    3;   6.5;   8;    0.000;   0;   7.8;   7.9;  981.84;    4.9;   90.71;    6.3;    0.6;   -0.3;eor
       4104;20190102;   10;  16.3;   5.3;    3;   1.5;   8;    2.283;   0;   5.8;   5.0;  982.17;    0.2;   80.38;    3.2;   -2.6;   -6.4;eor
       4104;20190103;   10;  10.0;   3.9;    3;   0.2;   7;    1.917;   1;   7.9;   4.2;  988.77;   -1.1;   74.08;    0.9;   -3.0;   -5.8;eor
       4104;20190104;   10;  11.7;   3.5;    3;   2.7;   8;    0.000;   2;   7.8;   5.2;  987.40;   -0.6;   88.75;    1.3;   -3.2;   -8.6;eor
       4104;20190105;   10;  12.3;   5.0;    3;   4.2;   8;    0.000;   3;   7.9;   6.4;  979.54;    2.0;   90.79;    3.8;    0.3;   -0.3;eor
       4104;20190106;   10;   9.8;   2.6;    3;   2.4;   6;    0.000;   0;   7.8;   7.3;  982.43;    3.5;   92.33;    4.3;    2.7;    1.0;eor
       4104;20190107;   10;   9.6;   3.5;    3;   3.1;   8;    0.000;   0;   7.9;   7.0;  984.58;    3.4;   90.25;    4.8;    1.8;    0.4;eor
       4104;20190108;   10;  18.2;   6.4;    3;  10.6;   8;    0.300;   0;   7.7;   6.6;  969.27;    2.3;   91.71;    4.7;    0.5;   -0.3;eor
       4104;20190109;   10;  14.4;   5.0;    3;   1.7;   8;    0.000;   2;   7.4;   5.7;  965.02;    0.4;   89.92;    1.8;   -0.5;   -2.0;eor
       4104;20190110;   10;   9.8;   4.0;    3;   0.0;   8;    0.200;   3;   6.9;   4.9;  974.84;   -0.3;   82.25;    1.8;   -3.7;   -9.9;eor
       4104;20190111;   10;   6.7;   2.2;    3;   4.9;   8;    0.000;   1;   7.5;   4.5;  978.57;   -2.0;   85.54;   -0.2;   -3.9;   -8.2;eor
       4104;20190112;   10;  10.3;   3.8;    3;   5.9;   8;    0.000;   0;   7.8;   6.1;  974.28;    0.9;   93.29;    2.3;   -0.4;   -0.7;eor
       4104;20190113;   10;  13.6;   4.8;    3;   6.0;   8;    0.000;   0;   7.5;   7.0;  962.25;    2.5;   95.29;    5.8;    1.1;   -0.3;eor
       4104;20190114;   10;  15.5;   4.9;    3;   1.7;   8;    0.667;   0;   7.2;   6.2;  963.52;    2.7;   82.33;    4.6;   -0.3;   -3.5;eor
       4104;20190115;   10;  11.9;   5.0;    3;   0.0;   8;    0.233;   0;   7.9;   5.5;  974.63;    2.1;   77.25;    4.9;    0.2;   -1.2;eor
       4104;20190116;   10;   7.6;   3.1;    3;   0.0;   0;    5.750;   0;   7.8;   5.7;  969.98;    3.2;   74.46;    6.8;   -0.2;   -2.4;eor
       4104;20190117;   10;  13.6;   4.1;    3;   0.5;   8;    0.067;   0;   7.8;   6.1;  963.68;    2.8;   80.79;    7.7;   -0.7;   -2.1;eor
       4104;20190118;   10;   9.2;   2.9;    3;   0.1;   8;    1.667;   0;   6.8;   4.7;  973.30;   -0.5;   79.96;    4.0;   -5.2;   -8.0;eor
       4104;20190119;   10;   4.3;   1.8;    3;   0.0;   0;    6.400;   0;   5.0;   3.5;  972.60;   -3.5;   76.08;    2.0;   -6.8;   -9.4;eor
       4104;20190120;   10;   4.1;   1.8;    3;   0.0;   0;    5.383;   0;   4.3;   3.5;  972.03;   -5.4;   85.42;   -1.1;   -8.1;   -9.7;eor
       4104;20190121;   10;   5.0;   1.3;    3;   0.0;   0;    6.867;   0;   2.0;   3.4;  975.69;   -5.3;   82.71;    0.6;   -9.4;  -11.4;eor
       4104;20190122;   10;   5.9;   1.4;    3;   0.0;   8;    0.000;   0;   7.0;   3.6;  967.40;   -5.2;   86.75;   -3.0;   -9.4;  -11.6;eor
       4104;20190123;   10;   5.8;   1.8;    3;   0.6;   8;    0.000;   1;   7.8;   3.6;  956.11;   -4.7;   83.88;   -3.3;   -6.3;   -6.4;eor
       4104;20190124;   10;   3.5;   1.1;    3;   0.4;   8;    0.000;   1;   7.8;   3.9;  963.91;   -3.2;   81.00;   -1.8;   -3.9;   -5.0;eor
       4104;20190125;   10;   5.9;   2.0;    3;   0.4;   8;    0.200;   2;   7.8;   3.7;  971.06;   -3.8;   81.29;   -2.0;   -5.9;   -9.2;eor
       4104;20190126;   10;  10.5;   3.0;    3;   0.5;   8;    0.000;   2;   7.8;   5.6;  965.89;    0.5;   86.96;    3.3;   -3.3;   -3.7;eor
       4104;20190127;   10;   8.3;   3.6;    3;   0.5;   8;    0.367;   1;   7.9;   6.2;  952.18;    2.0;   88.08;    4.1;    0.7;   -0.6;eor
       4104;20190128;   10;  12.5;   4.5;    3;   2.1;   8;    0.300;   1;   7.7;   5.8;  953.59;    1.5;   85.21;    4.1;    0.4;   -0.8;eor
       4104;20190129;   10;  11.0;   3.1;    3;   1.3;   8;    0.400;   2;   6.9;   5.2;  961.80;    0.0;   85.88;    3.3;   -3.9;  -10.1;eor
       4104;20190130;   10;   7.7;   2.4;    3;   0.0;   7;    1.050;   1;   8.0;   4.2;  954.70;   -1.9;   79.50;    1.2;   -6.2;  -12.0;eor
       4104;20190131;   10;   7.5;   1.9;    3;   0.0;   8;    5.083;   1;   5.3;   4.2;  955.55;   -1.5;   78.54;    3.1;   -5.9;  -12.0;eor
       4104;20190201;   10;   8.4;   2.8;    3;   0.1;   8;    0.000;   1;   7.9;   4.6;  949.48;    0.7;   71.54;    3.2;   -1.3;   -2.4;eor
       4104;20190202;   10;   5.2;   1.8;    3;   4.3;   8;    0.067;   0;   7.9;   6.1;  953.51;    1.0;   93.29;    2.6;   -1.0;   -4.5;eor
       4104;20190203;   10;  11.3;   3.8;    3;  20.3;   7;    0.000;   0;  -999;   5.8;  967.41;    0.0;   95.21;    1.4;   -1.2;   -0.3;eor
       4104;20190204;   10;   5.4;   1.4;    3;   0.0;   8;    7.550;  24;   2.7;   4.4;  984.64;   -3.0;   89.08;    3.2;   -8.4;   -1.1;eor
       4104;20190205;   10;   3.6;   1.3;    3;   0.0;   8;    0.000;  27;   8.0;   4.1;  985.21;   -4.3;   92.58;   -3.1;   -5.8;   -0.9;eor
       4104;20190206;   10;   4.0;   1.5;    3;   0.3;   8;    0.000;  26;   8.0;   4.3;  983.52;   -3.9;   93.75;   -2.7;   -4.7;   -1.0;eor
       4104;20190207;   10;   5.4;   2.1;    3;   3.5;   8;    0.000;  26;   7.8;   4.3;  974.37;   -3.8;   92.96;   -0.4;   -6.8;   -1.2;eor
       4104;20190208;   10;   7.8;   2.9;    3;   0.0;   6;    4.133;  24;   7.8;   6.2;  974.97;    1.3;   91.75;    4.1;   -0.4;   -0.7;eor
       4104;20190209;   10;  10.3;   3.6;    3;   0.3;   8;    3.550;  19;   7.4;   6.3;  969.97;    3.7;   79.13;    9.7;   -0.1;   -1.4;eor
       4104;20190210;   10;  18.5;   4.2;    3;   3.2;   6;    2.000;  13;   7.9;   6.4;  962.33;    3.5;   81.29;    7.0;    1.0;   -0.9;eor
       4104;20190211;   10;  21.4;   5.8;    3;   0.3;   8;    0.567;   7;   6.5;   6.2;  970.28;    2.7;   83.58;    6.1;    0.2;   -4.6;eor
       4104;20190212;   10;  13.1;   4.7;    3;   0.1;   8;    0.117;   5;   7.5;   5.4;  986.92;    1.8;   77.50;    3.5;   -0.1;   -5.1;eor
       4104;20190213;   10;   6.6;   1.6;    3;   0.0;   0;    7.900;   2;   6.6;   5.2;  992.18;    3.0;   71.33;    9.6;   -1.8;   -5.5;eor
       4104;20190214;   10;   5.3;   1.4;    3;   0.0;   0;    7.650;   0;   4.2;   5.1;  992.45;    1.2;   79.08;    8.7;   -3.3;   -6.3;eor
       4104;20190215;   10;   3.9;   1.6;    3;   0.0;   0;    8.533;   0;   2.0;   5.3;  990.17;    1.5;   79.63;   11.3;   -4.6;   -7.0;eor
       4104;20190216;   10;   6.8;   1.9;    3;   0.0;   0;    8.683;   0;   2.5;   5.4;  985.70;    1.5;   80.63;    9.7;   -4.1;   -6.3;eor
       4104;20190217;   10;   5.5;   1.5;    3;   0.0;   0;    8.917;   0;   2.5;   5.2;  982.42;    1.8;   77.25;   10.8;   -4.7;   -6.7;eor
       4104;20190218;   10;   4.9;   1.2;    3;   0.0;   0;    8.983;   0;   0.8;   4.9;  977.85;    1.8;   73.79;   12.2;   -4.8;   -6.7;eor
       4104;20190219;   10;   6.2;   2.2;    3;   0.2;   6;    4.767;   0;   5.6;   6.1;  976.54;    3.2;   80.00;   10.1;   -3.3;   -4.7;eor
       4104;20190220;   10;   4.1;   1.2;    3;   0.0;   0;    0.700;   0;   7.4;   6.5;  980.54;    2.1;   90.96;    7.4;   -2.4;   -4.2;eor
       4104;20190221;   10;   8.6;   2.0;    3;   0.2;   6;    2.317;   0;   7.4;   7.2;  983.47;    5.5;   80.29;   12.7;   -0.8;   -3.0;eor
       4104;20190222;   10;   9.7;   3.4;    3;   0.0;   6;    0.950;   0;   6.6;   7.7;  988.25;    7.3;   75.08;   11.9;   -1.0;   -3.9;eor
       4104;20190223;   10;   8.0;   2.2;    3;   0.0;   0;    8.300;   0;   5.5;   3.4;  995.57;    0.0;   58.08;    5.4;   -4.0;   -5.5;eor
       4104;20190224;   10;   3.8;   1.4;    3;   0.0;   0;    4.933;   0;   3.6;   3.4;  994.24;    0.1;   59.04;    8.2;   -5.6;   -7.1;eor
       4104;20190225;   10;   4.0;   1.7;    3;   0.0;   0;    8.117;   0;   4.2;   5.1;  992.98;    3.7;   66.88;   16.0;   -4.0;   -5.3;eor
       4104;20190226;   10;   5.5;   1.5;    3;   0.0;   0;    7.317;   0;   7.5;   5.4;  988.88;    6.3;   63.21;   18.1;   -2.2;   -3.7;eor
       4104;20190227;   10;   4.7;   1.7;    3;   0.0;   0;    9.500;   0;   2.1;   6.0;  983.08;    7.7;   59.63;   18.0;   -1.0;   -3.3;eor
       4104;20190228;   10;  14.7;   4.4;    3;   0.2;   6;    8.900;   0;   1.5;   6.9;  973.06;    9.4;   62.42;   18.6;    0.3;   -2.8;eor
       4104;20190301;   10;  11.5;   4.1;    3;   3.9;   6;    0.133;   0;   7.4;   8.7;  970.37;    7.9;   81.75;   10.9;    6.1;    5.3;eor
       4104;20190302;   10;   7.8;   2.9;    3;   0.3;   6;    0.000;   0;   7.9;   8.2;  973.25;    6.2;   86.75;    7.9;    4.6;    1.7;eor
       4104;20190303;   10;  11.0;   3.2;    3;   0.0;   6;    1.167;   0;   7.8;   8.1;  970.28;    8.9;   71.88;   13.0;    6.2;    2.6;eor
       4104;20190304;   10;  21.4;   5.8;    3;   0.4;   6;    3.033;   0;   7.1;   6.8;  959.75;    8.0;   64.58;   13.9;    4.0;    1.7;eor
       4104;20190305;   10;  15.1;   4.7;    3;   1.1;   6;    0.450;   0;   6.8;   6.8;  966.75;    5.1;   78.42;   10.3;    2.5;   -0.8;eor
       4104;20190306;   10;   9.5;   3.5;    3;   0.0;   0;    2.983;   0;   7.8;   7.5;  966.31;    6.9;   76.88;   12.4;    2.3;   -0.7;eor
       4104;20190307;   10;  13.5;   3.9;    3;   1.7;   6;    0.867;   0;   7.0;   7.6;  960.65;    7.8;   71.63;   13.4;    3.7;    0.6;eor
       4104;20190308;   10;  16.9;   4.7;    3;   0.4;   6;    3.717;   0;   6.0;   6.8;  970.98;    6.7;   70.50;   12.9;    3.4;   -0.2;eor
       4104;20190309;   10;  20.9;   6.4;    3;   0.5;   6;    0.867;   0;   7.7;   7.4;  972.05;    7.7;   71.21;   13.9;    2.6;    0.6;eor
       4104;20190310;   10;  25.8;   7.2;    3;   9.9;   8;    2.617;   0;   6.3;   8.3;  966.66;    9.2;   70.96;   14.5;    2.7;    1.8;eor
       4104;20190311;   10;  23.3;   5.4;    3;   4.5;   8;    2.983;   0;   6.6;   5.8;  973.79;    2.8;   77.25;    7.0;    0.4;   -1.2;eor
       4104;20190312;   10;  12.8;   4.5;    3;   0.3;   6;    4.867;   0;   7.4;   5.4;  975.89;    4.9;   65.13;   11.1;    1.6;    0.6;eor
       4104;20190313;   10;  20.3;   5.8;    3;   0.2;   6;    4.883;   0;   6.8;   5.7;  966.69;    6.0;   61.83;   11.1;    3.0;    0.6;eor
       4104;20190314;   10;  15.1;   5.6;    3;   6.0;   6;    0.000;   0;   7.6;   7.1;  964.04;    4.2;   85.29;    7.2;    3.0;    1.2;eor
       4104;20190315;   10;  14.7;   5.5;    3;   9.9;   6;    0.000;   0;   6.8;   9.0;  964.42;    7.0;   88.13;   10.4;    3.2;    0.9;eor
       4104;20190316;   10;  17.4;   4.9;    3;   6.2;   6;    0.417;   0;   6.6;   9.8;  967.41;    8.9;   85.63;   13.5;    3.0;   -0.5;eor
       4104;20190317;   10;  18.2;   4.1;    3;   0.5;   6;    6.933;   0;   7.4;   7.2;  963.88;    8.0;   73.21;   19.8;    1.9;   -0.5;eor
       4104;20190318;   10;  10.9;   3.6;    3;   0.0;   6;    2.633;   0;   6.4;   5.9;  974.18;    4.9;   68.54;   10.2;    1.2;   -1.6;eor
       4104;20190319;   10;   6.0;   1.4;    3;   0.0;   0;    4.217;   0;   5.9;   5.1;  982.65;    3.4;   68.50;    9.3;   -1.1;   -3.4;eor
       4104;20190320;   10;   6.2;   1.6;    3;   0.0;   0;   10.533;   0;   2.5;   4.5;  989.23;    4.4;   58.67;   12.5;   -1.1;   -3.2;eor
       4104;20190321;   10;   6.3;   1.7;    3;   0.0;   0;   10.600;   0;   4.3;   5.0;  989.18;    6.0;   58.54;   16.1;   -3.0;   -4.6;eor
       4104;20190322;   10;   4.6;   1.7;    3;   0.0;   0;   10.550;   0;   4.0;   6.7;  985.85;    9.0;   62.13;   20.5;   -0.6;   -2.3;eor
       4104;20190323;   10;   5.4;   1.5;    3;   0.0;   0;   10.650;   0;   2.3;   7.6;  982.84;    9.8;   67.08;   20.2;    0.7;   -1.2;eor
       4104;20190324;   10;   9.9;   2.5;    3;   0.0;   0;    8.900;   0;   1.5;   8.5;  978.47;    9.8;   72.46;   18.3;    3.7;    0.8;eor
       4104;20190325;   10;  19.4;   4.0;    3;   1.1;   8;    5.683;   0;   5.0;   6.7;  975.63;    5.0;   77.54;    9.4;    0.1;   -2.1;eor
       4104;20190326;   10;   9.7;   2.8;    3;   1.1;   6;    1.300;   0;   6.4;   5.7;  983.25;    4.2;   70.79;   10.6;   -1.2;   -3.8;eor
       4104;20190327;   10;   5.4;   1.6;    3;   0.0;   0;    0.850;   0;   7.8;   6.9;  986.64;    6.0;   75.50;   11.1;    2.9;    2.0;eor
       4104;20190328;   10;   6.1;   1.7;    3;   0.0;   6;    1.617;   0;   7.9;   8.0;  988.52;    8.1;   74.33;   12.6;    3.8;    3.1;eor
       4104;20190329;   10;   7.7;   2.0;    3;   0.0;   0;   10.550;   0;   4.3;   7.8;  986.18;   10.3;   65.83;   17.4;    3.7;    1.1;eor
       4104;20190330;   10;   5.9;   1.8;    3;   0.0;   0;   10.883;   0;   5.4;   7.3;  980.04;    8.9;   68.42;   19.3;   -0.1;   -1.7;eor
       4104;20190331;   10;   9.8;   2.0;    3;   0.0;   0;   10.633;   0;   0.7;   7.2;  976.56;   10.4;   62.54;   20.9;    0.9;   -1.1;eor
       4104;20190401;   10;   9.3;   3.7;    3;   0.0;   0;   10.783;   0;   0.9;   7.6;  975.28;   10.2;   62.71;   16.8;    5.6;    1.8;eor
       4104;20190402;   10;  10.4;   2.7;    3;   0.0;   0;   10.617;   0;   6.8;   7.0;  967.81;   11.2;   54.08;   19.3;    2.2;    0.8;eor
       4104;20190403;   10;   9.3;   2.4;    3;   0.0;   0;    7.950;   0;   6.4;   7.6;  958.82;   13.3;   52.88;   21.1;    5.6;    3.1;eor
       4104;20190404;   10;  12.4;   3.6;    3;   0.0;   0;    8.167;   0;   7.4;   7.6;  954.59;   10.2;   65.17;   23.7;    4.0;    1.0;eor
       4104;20190405;   10;   5.9;   1.7;    3;   0.0;   0;    3.767;   0;   7.3;   8.0;  960.75;    8.3;   73.92;   15.1;    5.0;    2.7;eor
       4104;20190406;   10;   9.4;   2.7;    3;   0.0;   0;    8.617;   0;   4.5;   8.4;  960.86;   11.0;   66.50;   18.8;    3.2;    1.6;eor
       4104;20190407;   10;   8.4;   2.5;    3;   0.0;   0;    9.550;   0;   5.7;   7.6;  961.32;    9.9;   64.17;   17.4;    4.2;    1.4;eor
       4104;20190408;   10;   6.0;   1.7;    3;   2.2;   6;    4.033;   0;   7.3;   8.7;  965.31;   10.4;   71.21;   19.9;    1.9;   -0.1;eor
       4104;20190409;   10;   8.2;   1.5;    3;   4.7;   6;    2.600;   0;   7.8;  10.9;  965.49;   11.9;   79.29;   19.4;    8.6;    5.3;eor
       4104;20190410;   10;   8.8;   3.4;    3;   0.0;   0;    4.350;   0;   7.6;   7.8;  966.83;    9.3;   66.50;   14.7;    5.1;    3.5;eor
       4104;20190411;   10;   9.9;   3.2;    3;   0.0;   0;    0.967;   0;   7.4;   5.4;  973.25;    6.0;   57.83;   11.4;    1.6;   -0.8;eor
       4104;20190412;   10;   9.0;   3.0;    3;   0.0;   0;    5.583;   0;   6.7;   4.4;  976.01;    4.3;   53.83;   10.1;    0.0;   -1.0;eor
       4104;20190413;   10;   8.5;   2.5;    3;   0.0;   0;    8.583;   0;   5.7;   4.6;  974.91;    5.1;   54.13;   11.3;    1.0;   -0.6;eor
       4104;20190414;   10;   8.6;   2.9;    3;   0.0;   6;    5.800;   0;   7.9;   5.8;  975.39;    5.3;   66.13;   10.4;    0.2;   -2.6;eor
       4104;20190415;   10;   9.7;   2.6;    3;   0.0;   0;   11.317;   0;   2.3;   6.1;  977.93;    9.9;   54.54;   16.8;    4.7;    1.2;eor
       4104;20190416;   10;   8.7;   2.8;    3;   0.0;   0;   11.617;   0;   2.3;   5.0;  974.95;   10.5;   43.58;   19.1;    0.8;   -1.3;eor
       4104;20190417;   10;   7.8;   2.3;    3;   0.0;   0;   11.883;   0;   3.3;   5.7;  978.95;   11.6;   45.04;   20.0;    2.5;    0.1;eor
       4104;20190418;   10;   9.1;   2.7;    3;   0.0;   0;   11.883;   0;   1.3;   7.2;  981.07;   13.5;   50.67;   21.7;    4.6;    2.4;eor
       4104;20190419;   10;   9.5;   2.7;    3;   0.0;   0;   12.033;   0;   0.0;   6.9;  984.02;   14.7;   45.58;   23.6;    5.0;    2.1;eor
       4104;20190420;   10;  11.1;   2.3;    3;   0.0;   0;   11.933;   0;   0.0;   6.0;  983.05;   14.9;   40.13;   25.2;    5.4;    3.0;eor
       4104;20190421;   10;   7.4;   2.4;    3;   0.0;   0;   12.033;   0;   0.0;   5.9;  976.39;   14.4;   40.88;   24.9;    3.5;    1.8;eor
       4104;20190422;   10;  12.5;   3.5;    3;   0.0;   0;   11.883;   0;   3.7;   6.7;  966.78;   14.6;   43.92;   23.7;    5.3;    3.1;eor
       4104;20190423;   10;  13.9;   4.2;    3;   0.0;   6;    4.650;   0;   7.8;   8.6;  959.19;   14.8;   52.79;   21.7;    8.9;    4.9;eor
       4104;20190424;   10;  14.8;   3.3;    3;   0.0;   0;    8.917;   0;   5.4;   8.7;  961.77;   17.7;   47.54;   27.3;    7.7;    3.8;eor
       4104;20190425;   10;   9.2;   2.2;    3;   0.0;   0;   10.650;   0;   3.7;   8.0;  967.02;   16.2;   49.21;   27.6;    5.4;    2.3;eor
       4104;20190426;   10;  12.0;   3.0;    3;   3.3;   6;    4.083;   0;   6.6;   9.2;  969.35;   10.3;   75.13;   17.7;    7.1;    4.5;eor
       4104;20190427;   10;  16.4;   3.0;    3;   0.6;   6;    3.483;   0;   6.8;   9.3;  972.45;   10.2;   76.42;   17.8;    4.8;    2.6;eor
       4104;20190428;   10;   8.7;   2.4;    3;   0.0;   6;    3.550;   0;   6.0;   7.0;  975.45;    7.4;   70.38;   13.1;    2.0;   -0.7;eor
       4104;20190429;   10;  10.7;   2.3;    3;  10.0;   6;    0.000;   0;   7.9;   8.4;  975.30;    6.7;   85.75;   11.2;    2.1;    0.0;eor
       4104;20190430;   10;   9.8;   2.7;    3;   0.0;   0;    6.983;   0;   4.4;   8.9;  972.89;   10.9;   69.83;   18.5;    3.6;    1.2;eor
       4104;20190501;    3;   5.7;   1.3;    3;   0.0;   0;    5.667;-999;   3.4;   8.4;  971.56;   10.1;   69.79;   18.5;    0.7;   -0.9;eor
       4104;20190502;    3;   9.6;   3.0;    3;   3.8;   6;    7.383;-999;   5.9;   9.1;  965.74;   12.9;   65.13;   21.5;    4.9;    1.5;eor
       4104;20190503;    3;   9.2;   2.3;    3;   0.1;   6;    1.717;-999;   7.6;   9.6;  965.96;   10.5;   76.25;   16.1;    6.1;    3.0;eor
       4104;20190504;    3;  13.1;   2.6;    3;   2.6;   6;    0.017;-999;   7.6;   7.8;  963.70;    5.8;   84.79;   12.8;    1.5;    0.7;eor
       4104;20190505;    3;   8.6;   2.2;    3;   0.2;   6;    3.067;-999;   7.5;   5.9;  971.54;    4.7;   71.13;    9.7;   -0.1;   -2.7;eor
       4104;20190506;    3;   9.7;   2.2;    3;   0.2;   6;    3.650;-999;   6.7;   5.9;  975.03;    5.2;   68.54;   12.9;   -1.6;   -3.5;eor
       4104;20190507;    3;   6.4;   1.3;    3;   0.0;   0;    4.333;-999;   4.7;   6.0;  974.15;    7.2;   62.96;   14.7;   -0.3;   -2.2;eor
       4104;20190508;    3;   8.4;   2.3;    3;   0.4;   6;    2.383;-999;   7.4;   7.9;  964.28;   10.3;   64.25;   16.5;    1.4;   -1.2;eor
       4104;20190509;    3;  13.0;   3.3;    3;   1.1;   6;    5.183;-999;   7.0;   9.8;  960.22;   12.3;   69.50;   18.1;    8.2;    6.6;eor
       4104;20190510;    3;  10.7;   3.4;    3;   0.4;   6;    5.067;-999;   6.5;   9.4;  967.47;   12.7;   65.21;   19.3;    9.0;    7.1;eor
       4104;20190511;    3;  10.7;   2.8;    3;   4.6;   6;    0.650;-999;   7.8;  11.4;  968.20;   11.6;   83.92;   18.1;    8.9;    8.2;eor
       4104;20190512;    3;  13.2;-999;    3;   0.0;   4;    0.000;-999;  -999;   7.7;  981.70;    9.2;   66.83;   11.5;    6.3;    5.6;eor
       4104;20190513;    3;-999;   3.5;    3;   0.0;   0;    9.000;-999;   5.7;   6.2;  988.16;   10.7;   50.50;   16.5;    3.1;   -1.0;eor
       4104;20190514;    3;  12.9;   2.9;    3;   0.9;   6;    6.967;-999;   5.0;   6.3;  983.79;    6.9;   66.17;   14.0;    1.3;   -1.2;eor
       4104;20190515;    3;   8.3;   2.9;    3;   0.9;   6;    0.183;-999;   7.8;   6.8;  978.01;    6.7;   70.71;   10.6;    3.0;    1.9;eor
       4104;20190516;    3;   4.3;   1.2;    3;   2.6;   6;    0.000;-999;   7.9;   9.0;  971.17;    7.3;   88.08;   10.7;    5.0;    4.7;eor
       4104;20190517;    3;   7.6;   2.3;    3;   0.0;   0;   10.217;-999;   5.3;   9.9;  964.74;   12.4;   72.08;   20.3;    4.4;    4.2;eor
       4104;20190518;    3;   7.6;   2.4;    3;   0.0;   0;   11.700;-999;   4.5;  10.9;  962.08;   15.0;   66.92;   23.0;    6.8;    5.3;eor
       4104;20190519;    3;   7.7;   2.0;    3;   0.1;   6;   10.750;-999;   4.4;  10.9;  959.80;   16.5;   62.46;   25.1;    8.4;    7.1;eor
       4104;20190520;    3;   6.6;   1.9;    3;  11.5;   6;    0.567;-999;   7.8;  13.4;  958.29;   14.0;   84.25;   18.4;   10.8;    8.8;eor
       4104;20190521;    3;  13.4;   3.4;    3;   6.4;   6;    0.117;-999;   7.8;  14.1;  963.07;   13.4;   91.67;   17.6;   12.3;   12.2;eor
       4104;20190522;    3;  10.1;   3.3;    3;   0.1;   6;    0.083;-999;   7.5;  12.8;  972.80;   12.4;   88.79;   15.6;    9.1;    6.0;eor
       4104;20190523;    3;   5.9;   1.3;    3;   0.0;   0;    8.800;-999;   4.8;   9.7;  975.25;   13.3;   67.46;   22.4;    5.4;    3.2;eor
       4104;20190524;    3;   4.6;   1.3;    3;   0.0;   0;   10.533;-999;   5.8;  10.5;  971.71;   15.1;   65.38;   24.7;    6.2;    4.4;eor
       4104;20190525;    3;   8.8;   1.6;    3;   0.3;   6;    7.233;-999;   7.3;  12.0;  971.17;   16.0;   68.83;   23.5;    9.3;    7.8;eor
       4104;20190526;    3;   6.5;   1.5;    3;   0.0;   0;    7.600;-999;   6.0;  11.7;  971.64;   16.8;   64.75;   25.4;   10.5;    8.5;eor
       4104;20190527;    3;   7.3;   1.6;    3;  25.9;   6;    7.983;-999;   5.3;  12.4;  966.71;   16.8;   68.21;   25.4;    9.1;    7.1;eor
       4104;20190528;    3;  10.8;   2.1;    3;   3.1;   6;    0.000;-999;   7.7;  13.7;  964.29;   13.5;   88.33;   17.7;    9.7;    9.1;eor
       4104;20190529;    3;  10.9;   2.2;    3;   0.0;   6;    0.333;-999;   8.0;  10.8;  975.43;   11.6;   79.54;   14.6;    9.2;    8.3;eor
       4104;20190530;    3;   6.7;   1.6;    3;   0.0;   6;   12.917;-999;   2.6;   9.1;  981.65;   14.3;   60.38;   23.0;    5.7;    4.5;eor
       4104;20190531;    3;   5.9;   1.4;    3;   0.0;   6;    2.950;-999;   6.8;  12.8;  981.75;   16.3;   69.46;   21.7;   11.7;   11.0;eor
       4104;20190601;    3;   5.1;   1.3;    3;   0.0;   0;   13.317;-999;   5.5;  14.1;  979.16;   19.7;   65.71;   28.4;   11.0;    8.9;eor
       4104;20190602;    3;   7.1;   1.6;    3;   0.0;   0;   13.833;-999;   4.2;  14.1;  975.40;   20.7;   62.42;   28.7;   11.5;    9.7;eor
       4104;20190603;    3;   9.5;   2.2;    3;   0.0;   0;   13.483;-999;   1.5;  13.9;  972.61;   21.6;   59.46;   30.5;   12.2;   10.1;eor
       4104;20190604;    3;   6.8;   1.8;    3;   0.0;   0;   13.600;-999;   1.3;  13.9;  969.78;   22.1;   56.79;   29.6;   13.3;   11.6;eor
       4104;20190605;    3;   6.1;   2.0;    3;   0.0;   0;   13.800;-999;   0.0;  14.7;  964.84;   22.9;   56.71;   30.9;   13.4;   11.5;eor
       4104;20190606;    3;  11.2;   3.0;    3;   0.0;   0;   10.117;-999;   3.9;  13.6;  967.83;   19.2;   62.29;   25.3;   12.3;   11.1;eor
       4104;20190607;    3;  15.5;   2.5;    3;   0.0;   0;   13.533;-999;   1.6;  13.1;  970.09;   19.0;   61.67;   27.7;    9.5;    8.2;eor
       4104;20190608;    3;   9.4;   2.6;    3;   0.0;   0;    7.333;-999;   5.3;   9.7;  979.76;   17.3;   51.08;   24.1;   10.5;    8.4;eor
       4104;20190609;    3;   9.0;   2.2;    3;   0.0;   6;   10.217;-999;   4.5;  12.1;  977.85;   18.9;   57.88;   27.8;    8.2;    6.2;eor
       4104;20190610;    1;  10.6;   1.9;    1;   0.8;   6;    3.950;-999;   6.8;  15.5;  970.06;   19.3;   71.25;   28.5;   13.9;   12.0;eor
       4104;20190611;    1;  13.8;   1.9;    1;   0.0;   6;    5.167;-999;   7.7;  16.4;  966.47;   19.9;   71.88;   27.8;   14.1;   12.1;eor
       4104;20190612;    1;  14.8;   2.6;    1;   0.6;   6;    5.517;-999;   6.5;  15.9;  966.60;   18.7;   74.46;   27.6;   12.4;   10.5;eor
       4104;20190613;    1;   7.2;   1.7;    1;   0.0;   0;    8.533;-999;   3.8;  12.8;  971.74;   19.3;   60.50;   27.9;   12.7;   11.3;eor
       4104;20190614;    1;  10.8;   2.2;    1;   0.0;   6;    9.617;-999;   3.3;  14.8;  972.28;   22.1;   59.08;   31.3;   11.2;    9.2;eor
       4104;20190615;    1;  12.4;   3.0;    1;  14.4;   6;   10.517;-999;   6.4;  16.0;  970.02;   24.1;   54.67;   29.5;   19.3;   17.9;eor
       4104;20190616;    1;   9.3;   1.9;    1;   3.4;   6;    1.133;-999;   6.2;  16.8;  976.81;   17.4;   84.96;   22.0;   13.8;   12.5;eor
       4104;20190617;    1;   6.8;   1.9;    1;   0.0;   0;    9.367;-999;   4.1;  14.9;  976.47;   19.8;   67.75;   26.8;   12.1;   10.9;eor
       4104;20190618;    1;   8.7;   1.9;    1;   0.0;   0;   13.950;-999;   2.8;  14.8;  972.29;   22.0;   59.54;   30.7;   14.4;   12.4;eor
       4104;20190619;    1;   6.2;   1.8;    1;   0.4;   6;    9.550;-999;   4.9;  15.7;  968.74;   23.1;   59.00;   31.7;   16.0;   14.1;eor
       4104;20190620;    1;  11.2;   1.9;    1;   4.7;   6;    2.700;-999;   6.5;  16.8;  970.62;   19.5;   75.42;   26.8;   14.6;   13.7;eor
       4104;20190621;    1;   5.3;   1.4;    1;   0.0;   6;    4.550;-999;   7.8;  16.7;  974.38;   19.5;   75.96;   26.5;   14.6;   13.7;eor
       4104;20190622;    1;  11.9;   2.4;    1;  74.8;   8;    2.983;-999;   7.8;  17.5;  973.80;   18.9;   80.83;   23.7;   15.5;   14.6;eor
       4104;20190623;    1;   8.6;   2.1;    1;   0.0;   6;    4.650;-999;   5.9;  17.7;  975.41;   19.7;   78.63;   25.8;   15.0;   13.7;eor
       4104;20190624;    1;   7.6;   2.2;    1;   0.0;   0;   14.033;-999;   0.4;  17.2;  978.15;   22.6;   66.21;   28.8;   15.1;   13.7;eor
       4104;20190625;    1;   6.6;   1.9;    1;   0.0;   0;   14.000;-999;   4.8;  18.2;  978.15;   24.4;   62.71;   32.2;   15.9;   13.9;eor
       4104;20190626;    1;   5.1;   1.6;    1;   0.0;   0;   13.967;-999;   1.4;  20.8;  979.43;   26.5;   63.96;   35.8;   16.2;   14.9;eor
       4104;20190627;    1;   9.7;   2.5;    1;   0.0;   0;   13.167;-999;   0.7;  18.3;  978.36;   25.7;   56.88;   33.1;   17.4;   12.8;eor
       4104;20190628;    1;   6.5;   2.1;    1;   0.0;   0;   14.033;-999;   0.0;  11.4;  978.71;   22.0;   46.25;   30.2;   13.3;   10.7;eor
       4104;20190629;    1;   6.6;   2.0;    1;   0.0;   0;   14.017;-999;   0.1;  13.9;  977.19;   22.4;   53.50;   31.1;   13.6;   11.4;eor
       4104;20190630;    1;   6.2;   1.8;    1;   0.0;   0;   14.017;-999;   1.1;  15.8;  973.59;   24.9;   55.75;   36.5;   13.5;   11.5;eor
       4104;20190701;    1;  22.0;   2.3;    1;  10.1;   6;    7.350;-999;   5.7;  19.8;  973.10;   23.5;   71.21;   34.8;   18.7;   16.9;eor
       4104;20190702;    1;   7.8;   2.2;    1;   0.0;   0;   12.750;-999;   2.5;  14.0;  975.43;   21.9;   56.71;   28.9;   14.7;   11.8;eor
       4104;20190703;    1;   7.9;   2.3;    1;   0.0;   0;   13.983;-999;   3.1;  10.1;  977.05;   19.8;   46.54;   28.1;   12.5;   10.5;eor
       4104;20190704;    1;   5.8;   2.0;    1;   0.0;   0;   13.983;-999;   1.5;   9.9;  977.06;   20.1;   45.17;   29.5;   11.5;    9.5;eor
       4104;20190705;    1;  10.3;   1.7;    1;   0.0;   0;    4.383;-999;   7.0;  11.6;  973.65;   19.9;   52.58;   28.9;   11.5;   10.0;eor
       4104;20190706;    1;  12.3;   2.8;    1;   0.7;   6;    9.333;-999;   4.5;  12.3;  968.35;   22.5;   50.54;   33.4;   11.9;    9.6;eor
       4104;20190707;    1;  10.3;   2.7;    1;   0.6;   6;    2.117;-999;   7.1;  14.5;  968.69;   18.7;   67.88;   25.6;   14.8;   13.3;eor
       4104;20190708;    1;   9.3;   2.2;    1;   0.0;   0;    8.267;-999;   5.7;   9.5;  972.88;   17.1;   50.71;   24.0;    9.8;    7.7;eor
       4104;20190709;    1;   9.3;   2.2;    1;   0.0;   0;    7.467;-999;   4.3;   9.1;  974.17;   15.6;   53.54;   23.3;    8.5;    6.1;eor
