STATIONS_ID;MESS_DATUM;QN_3;  FX;  FM;QN_4; RSK;RSKF; SDK;SHK_TAG;  NM; VPM;  PM; TMK; UPM; TXK; TNK; TGK;eor
       4911;20180106;   10;   5.2;   1.7;    3;   0.0;   0;    2.333;   0;   7.9;   8.8;  966.35;    5.1;   98.96;    7.5;    0.9;    0.0;eor
       4911;20180107;   10;   5.3;   1.8;    3;   0.0;   0;    0.000;   0;   8.0;   7.4;  976.21;    2.8;   99.21;    4.5;    0.9;   -0.4;eor
       4911;20180108;   10;  10.8;   3.2;    3;   0.0;   0;    2.883;   0;   5.3;   7.2;  979.79;    3.8;   90.58;    7.0;    0.9;   -0.7;eor
       4911;20180109;   10;   9.7;   3.7;    3;   0.0;   0;    0.850;   0;   6.6;   8.0;  972.10;    6.5;   82.50;   12.1;    0.4;   -2.5;eor
       4911;20180110;   10;   3.9;   1.3;    3;   0.0;   6;    0.000;   0;   8.0;   7.2;  970.84;    2.3;   99.50;    4.6;    0.0;   -2.1;eor
       4911;20180111;   10;   4.3;   1.6;    3;   0.0;   6;    0.000;   0;   8.0;   7.0;  973.89;    2.3;   97.25;    3.3;    1.0;    1.3;eor
       4911;20180112;   10;   5.8;   1.5;    3;   0.1;   8;    0.083;   0;   7.6;   6.8;  981.62;    2.6;   92.29;    4.7;    0.7;   -1.7;eor
       4911;20180113;   10;   8.5;   2.1;    3;   0.0;   0;    0.000;   0;   7.9;   6.0;  981.72;    1.7;   87.33;    4.3;   -0.3;   -2.7;eor
       4911;20180114;   10;   4.9;   1.7;    3;   0.0;   8;    0.000;   0;   7.9;   5.4;  979.15;    1.0;   82.83;    2.3;    0.0;   -0.3;eor
       4911;20180115;   10;  11.1;   3.9;    3;   1.6;   8;    0.383;   0;   6.9;   5.2;  974.82;   -0.6;   88.75;    1.3;   -3.3;   -5.6;eor
       4911;20180116;   10;  20.8;   5.6;    3;   3.6;   8;    0.433;   0;   7.5;   6.4;  957.37;    3.2;   83.29;    7.7;   -1.2;   -1.1;eor
       4911;20180117;   10;  15.2;   5.8;    3;   2.8;   8;    1.967;   0;   6.8;   5.8;  959.89;    1.8;   82.79;    3.1;   -0.1;   -0.5;eor
       4911;20180118;   10;  20.1;   6.8;    3;   8.3;   8;    0.067;   0;   7.5;   6.7;  962.80;    3.8;   83.54;    8.3;    1.0;   -0.6;eor
       4911;20180119;   10;  14.4;   3.9;    3;   7.3;   8;    2.617;   0;   6.6;   6.1;  966.38;    2.4;   84.50;    5.0;   -1.9;   -3.8;eor
       4911;20180120;   10;   8.5;   2.6;    3;   6.8;   8;    0.883;   5;   7.4;   6.0;  965.29;    0.6;   94.38;    2.5;   -1.3;   -5.4;eor
       4911;20180121;   10;  10.2;   2.8;    3;   1.1;   8;    0.000;   6;   7.1;   5.9;  968.07;    0.4;   93.79;    1.6;   -5.0;   -7.2;eor
       4911;20180122;   10;   8.2;   3.3;    3;   1.9;   8;    0.000;   4;   7.6;   5.6;  970.38;   -0.5;   95.42;    1.6;   -1.4;   -1.7;eor
       4911;20180123;   10;   6.2;   2.2;    3;   0.7;   6;    0.000;   3;   7.9;   6.8;  981.65;    2.6;   92.67;    5.2;    1.1;    0.3;eor
       4911;20180124;   10;   7.2;   3.3;    3;   0.4;   6;    3.017;   0;   7.8;   7.5;  981.88;    3.6;   94.25;    7.0;    1.3;   -0.5;eor
       4911;20180125;   10;   6.5;   2.9;    3;   0.0;   0;    5.667;   0;   7.9;   7.0;  975.90;    3.1;   91.33;    7.5;   -0.4;   -2.4;eor
       4911;20180126;   10;   7.6;   3.0;    3;   0.0;   6;    2.350;   0;   7.3;   6.5;  975.73;    1.7;   94.83;    4.9;   -0.8;   -2.7;eor
       4911;20180127;   10;   4.9;   1.6;    3;   0.0;   6;    0.000;   0;   7.8;   6.4;  987.60;    1.4;   95.33;    2.4;    0.4;    0.5;eor
       4911;20180128;   10;  10.0;   2.8;    3;   0.0;   6;    0.000;   0;   7.9;   7.4;  990.59;    5.1;   85.29;    8.5;    0.5;   -0.5;eor
       4911;20180129;   10;  13.9;   3.8;    3;   1.8;   6;    0.000;   0;   7.9;   8.3;  986.48;    7.7;   79.13;    8.5;    6.9;    5.9;eor
       4911;20180130;   10;  12.0;   3.5;    3;   0.0;   6;    2.617;   0;   7.3;   7.2;  984.96;    5.2;   81.50;    8.1;   -1.6;   -3.1;eor
       4911;20180131;   10;   7.8;   2.8;    3;   2.3;   6;    4.950;   0;   7.0;   7.4;  972.48;    5.4;   83.42;   10.8;    0.5;    0.3;eor
       4911;20180201;   10;  10.7;   3.1;    3;   3.2;   8;    0.000;   0;   7.6;   7.2;  961.87;    4.0;   87.71;    7.6;    0.7;   -0.7;eor
       4911;20180202;   10;   7.8;   2.5;    3;   0.0;   7;    2.883;   0;   7.4;   5.4;  964.82;    1.9;   78.13;    5.0;   -0.8;   -1.9;eor
       4911;20180203;   10;   7.3;   2.0;    3;   0.2;   8;    0.167;   0;   7.9;   5.7;  963.96;    1.3;   84.29;    3.3;   -0.4;   -1.1;eor
       4911;20180204;   10;   3.7;   1.3;    3;   0.0;   8;    1.667;   0;   5.6;   5.4;  972.26;   -0.2;   89.25;    2.7;   -3.4;   -6.7;eor
       4911;20180205;   10;   6.9;   1.6;    3;   0.0;   0;    7.617;   0;   1.6;   4.4;  979.01;   -1.1;   79.46;    3.4;   -5.5;   -8.8;eor
       4911;20180206;   10;   8.2;   2.3;    3;   0.0;   0;    8.250;   0;   4.0;   4.3;  971.44;   -1.8;   80.04;    2.3;   -6.2;   -8.9;eor
       4911;20180207;   10;   5.1;   1.8;    3;   4.0;   7;    0.000;   0;   7.4;   4.8;  968.72;   -1.8;   88.83;    1.0;   -4.5;   -7.1;eor
       4911;20180208;   10;   3.8;   1.4;    3;   0.5;   7;    0.150;   6;   7.8;   5.3;  974.62;   -0.3;   88.42;    2.2;   -1.7;   -2.5;eor
       4911;20180209;   10;   4.4;   1.4;    3;   0.0;   0;    0.000;   1;   8.0;   5.1;  973.93;   -0.3;   84.46;    1.0;   -1.2;   -1.8;eor
       4911;20180210;   10;   4.0;   1.2;    3;   0.0;   8;    0.000;   1;   7.9;   5.2;  973.80;   -0.1;   86.42;    1.6;   -1.2;   -1.6;eor
       4911;20180211;   10;   7.9;   2.8;    3;   0.5;   8;    2.850;   0;   7.6;   5.8;  966.95;    1.2;   86.54;    4.2;   -2.0;   -3.7;eor
       4911;20180212;   10;  10.1;   2.6;    3;   2.1;   8;    1.267;   0;   7.7;   5.5;  970.63;    0.7;   84.96;    3.8;   -1.4;   -3.3;eor
       4911;20180213;   10;   4.2;   1.4;    3;   0.0;   7;    6.683;   1;   3.5;   4.5;  973.42;   -1.1;   81.08;    1.9;   -5.1;   -8.1;eor
       4911;20180214;   10;   4.5;   1.4;    3;   0.0;   0;    8.183;   0;   2.1;   4.2;  974.88;   -2.2;   81.83;    2.5;   -7.4;   -9.5;eor
       4911;20180215;   10;   9.5;   4.1;    3;   4.5;   8;    1.467;   0;   6.4;   4.7;  977.34;   -1.6;   85.75;    1.2;   -4.6;   -7.6;eor
       4911;20180216;   10;   5.4;   1.5;    3;   0.3;   6;    0.000;   0;   7.0;   6.2;  981.77;    0.4;   97.50;    3.5;   -3.4;   -5.6;eor
       4911;20180217;   10;   5.4;   1.9;    3;   4.8;   7;    0.000;   0;   7.8;   5.7;  978.21;   -0.8;   98.13;    0.1;   -2.4;   -2.0;eor
       4911;20180218;   10;   5.7;   1.7;    3;   0.0;   7;    6.633;   5;   5.0;   4.8;  982.62;   -0.8;   83.63;    4.5;   -4.7;   -8.5;eor
       4911;20180219;   10;   4.3;   1.5;    3;   0.0;   7;    8.133;   3;   4.5;   4.0;  976.66;   -2.4;   79.17;    2.4;   -8.4;  -13.3;eor
       4911;20180220;   10;   5.3;   1.6;    3;   0.4;   8;    0.567;   2;   7.6;   4.7;  972.76;   -1.3;   85.08;    1.2;   -3.2;   -6.1;eor
       4911;20180221;   10;   9.2;   2.8;    3;   0.0;   0;    5.083;   0;   7.1;   4.2;  975.20;   -0.8;   74.17;    3.2;   -4.0;   -6.8;eor
       4911;20180222;   10;   8.8;   3.8;    3;   0.0;   7;    4.233;   0;   6.6;   3.8;  974.29;   -1.8;   72.67;    2.0;   -5.0;   -7.3;eor
       4911;20180223;   10;   6.1;   2.1;    3;   0.0;   0;    4.733;   0;   4.2;   3.7;  973.85;   -2.2;   73.17;    2.6;   -6.5;   -8.5;eor
       4911;20180224;   10;  11.8;   4.2;    3;   0.0;   0;    9.050;   0;   1.8;   2.8;  977.87;   -3.3;   60.54;    2.2;   -7.3;  -10.0;eor
       4911;20180225;   10;  10.7;   4.4;    3;   0.0;   0;    9.467;   0;   0.0;   1.9;  980.59;   -6.5;   52.54;   -2.3;   -9.5;  -12.2;eor
       4911;20180226;   10;   9.1;   3.6;    3;   0.0;   0;    4.517;   0;   4.2;   1.8;  977.79;   -9.0;   59.04;   -6.1;  -12.4;  -15.8;eor
       4911;20180227;   10;   7.3;   3.2;    3;   0.0;   0;    6.417;   0;   7.3;   1.8;  973.20;   -9.4;   59.58;   -5.9;  -12.2;  -14.7;eor
       4911;20180228;   10;  10.8;   4.4;    3;   0.0;   0;    9.233;-999;   3.0;   1.7;  974.94;   -9.3;   57.92;   -4.9;  -13.1;  -16.9;eor
       4911;20180301;   10;  11.1;   4.3;    3;   0.0;   0;    5.350;   0;   7.3;   2.0;  965.62;   -7.1;   57.75;   -1.8;  -12.1;  -13.6;eor
       4911;20180302;   10;   7.1;   2.4;    3;   0.9;   8;    8.117;   0;   5.2;   2.7;  956.16;   -5.0;   63.83;    0.9;  -10.1;  -12.6;eor
       4911;20180303;   10;   7.6;   2.9;    3;   0.0;   7;    2.100;   3;   7.0;   4.3;  957.11;   -1.9;   81.54;    3.2;   -5.1;   -7.0;eor
       4911;20180304;   10;   8.9;   4.0;    3;   0.0;   6;    5.767;   1;   6.8;   4.9;  959.68;   -0.1;   80.67;    6.4;   -4.0;   -3.8;eor
       4911;20180305;   10;   6.0;   2.5;    3;   0.0;   6;    1.017;   1;   7.9;   5.0;  956.03;    0.5;   79.58;    5.1;   -2.4;   -4.7;eor
       4911;20180306;   10;   5.8;   1.9;    3;   1.2;   8;    0.433;   1;   8.0;   5.3;  950.28;    0.4;   83.71;    3.5;   -2.1;   -4.3;eor
       4911;20180307;   10;   9.0;   2.8;    3;   0.0;   6;    2.033;   1;   7.5;   6.6;  955.72;    4.3;   80.63;    9.7;    0.1;   -1.3;eor
       4911;20180308;   10;   9.1;   3.2;    3;   0.0;   6;    5.267;   1;   6.8;   5.8;  964.46;    5.0;   68.08;   10.8;   -0.1;   -3.2;eor
       4911;20180309;   10;   8.1;   2.7;    3;   1.1;   6;    0.300;   0;   7.8;   6.7;  967.74;    5.0;   77.13;    8.7;   -0.7;   -2.8;eor
       4911;20180310;   10;   6.4;   3.0;    3;   0.2;   6;    1.467;   0;   7.8;   8.3;  965.67;    6.9;   83.42;   10.7;    3.1;    0.7;eor
       4911;20180311;   10;   8.8;   3.7;    3;   7.6;   6;    3.817;   0;   6.8;   8.6;  958.01;    9.3;   73.88;   15.7;    4.2;    1.6;eor
       4911;20180312;   10;  14.1;   3.9;    3;   7.9;   6;    0.867;   0;   7.0;   9.7;  954.94;    9.0;   84.75;   12.7;    3.4;    1.1;eor
       4911;20180313;   10;  14.0;   5.5;    3;   0.6;   6;    5.617;   0;   7.3;   7.6;  963.35;    8.5;   69.71;   12.3;    3.5;    0.2;eor
       4911;20180314;   10;   7.6;   2.3;    3;   0.6;   6;    0.333;   0;   6.7;   7.2;  969.11;    4.6;   84.71;    6.9;   -0.5;   -3.6;eor
       4911;20180315;   10;  11.3;   4.4;    3;   1.2;   6;    9.500;   0;   4.2;   6.7;  959.85;    5.1;   78.00;   12.5;   -1.6;   -4.9;eor
       4911;20180316;   10;  10.0;   2.1;    3;   0.0;   6;    0.617;   0;   7.5;   8.2;  959.52;    7.1;   82.38;   11.0;    2.2;   -0.2;eor
       4911;20180317;   10;  11.2;   4.8;    3;   5.1;   7;    0.283;   0;   8.0;   6.1;  957.21;    2.0;   85.17;    5.2;   -2.5;   -2.3;eor
       4911;20180318;   10;   7.2;   3.0;    3;   2.7;   8;    0.000;   5;   7.7;   4.1;  961.48;   -2.9;   82.63;   -1.8;   -4.0;   -4.3;eor
       4911;20180319;   10;   5.1;   2.5;    3;   0.0;   7;    0.000;   5;   8.0;   3.3;  966.24;   -3.4;   69.63;   -1.6;   -4.6;   -5.1;eor
       4911;20180320;   10;   8.8;   3.3;    3;   0.0;   7;    8.550;   3;   6.7;   3.6;  971.55;   -1.2;   66.04;    1.9;   -4.3;   -4.7;eor
       4911;20180321;   10;   8.7;   3.5;    3;   0.0;   0;    8.933;   0;   4.1;   3.8;  981.24;    0.9;   59.17;    4.9;   -4.2;   -7.0;eor
       4911;20180322;   10;  10.9;   2.3;    3;   0.8;   8;    4.167;   0;   6.7;   4.3;  975.62;    0.0;   71.00;    5.1;   -5.8;   -9.1;eor
       4911;20180323;   10;   6.2;   2.0;    3;   0.5;   8;    0.000;   0;   7.8;   6.6;  965.87;    2.2;   92.38;    4.5;    0.5;   -0.2;eor
       4911;20180324;   10;  10.1;   3.1;    3;   0.0;   0;    7.833;   0;   7.4;   5.9;  961.03;    4.0;   75.54;    9.6;   -1.6;   -5.4;eor
       4911;20180325;   10;   5.4;   1.6;    3;   0.0;   0;   10.883;   0;   3.1;   5.6;  964.24;    3.7;   73.00;   12.0;   -4.1;   -7.6;eor
       4911;20180326;   10;   5.4;   2.0;    3;   0.2;   6;    0.817;   0;   5.8;   6.1;  969.80;    3.5;   78.54;    8.0;   -3.3;   -5.7;eor
       4911;20180327;   10;   8.9;   2.7;    3;   5.2;   8;    3.233;   0;   7.1;   6.7;  971.64;    4.3;   81.58;    8.6;    1.4;   -0.9;eor
       4911;20180328;   10;  10.3;   4.4;    3;   6.9;   6;    0.117;   0;   7.7;   8.6;  964.04;    5.4;   94.92;    9.5;    2.2;    2.0;eor
       4911;20180329;   10;  10.9;   3.8;    3;   0.0;   0;    7.183;   0;   6.4;   6.8;  965.00;    7.5;   66.63;   10.9;    3.4;    2.1;eor
       4911;20180330;   10;   9.5;   4.3;    3;   0.6;   6;    4.583;   0;   6.7;   7.5;  961.93;    7.6;   73.96;   14.7;    1.4;   -0.7;eor
       4911;20180331;   10;   6.9;   3.0;    3;   0.7;   6;    0.100;   0;   8.0;   8.2;  956.46;    7.7;   78.54;   10.2;    4.8;    2.1;eor
       4911;20180401;   10;  16.5;   5.5;    3;   3.0;   6;    2.617;   0;   7.5;   7.2;  964.41;    6.2;   76.63;    9.8;    3.8;    1.3;eor
       4911;20180402;   10;   8.7;   3.2;    3;   0.0;   6;   10.350;   0;   7.0;   6.9;  969.46;    8.1;   66.00;   13.5;    3.9;    2.5;eor
       4911;20180403;   10;   9.6;   3.7;    3;   0.0;   0;    7.633;   0;   7.9;   8.9;  965.44;   12.6;   62.17;   19.7;    6.4;    4.7;eor
       4911;20180404;   10;  15.3;   2.8;    3;   0.0;   6;    9.450;   0;   7.0;   9.3;  964.19;   13.4;   64.75;   22.3;    6.1;    3.5;eor
       4911;20180405;   10;  13.1;   3.9;    3;   0.2;   6;    4.750;   0;   4.6;   7.9;  971.33;    9.7;   66.38;   16.4;    3.9;    1.0;eor
       4911;20180406;   10;  11.2;   3.5;    3;   0.0;   0;   11.333;   0;   3.2;   6.2;  979.21;    7.4;   61.25;   13.6;   -0.9;   -2.9;eor
       4911;20180407;   10;  10.0;   3.7;    3;   0.0;   0;   11.867;   0;   0.0;   6.6;  973.18;   11.2;   51.38;   20.1;    1.1;   -3.1;eor
       4911;20180408;   10;   8.0;   2.0;    3;   0.0;   0;   11.917;   0;   0.4;   8.1;  967.97;   11.3;   63.17;   18.8;    3.7;   -0.2;eor
       4911;20180409;   10;   5.5;   1.8;    3;   0.0;   0;    5.383;   0;   5.8;   8.6;  963.27;   12.2;   65.29;   22.0;    2.8;    0.4;eor
       4911;20180410;   10;   8.8;   2.7;    3;   0.0;   6;    5.400;   0;   6.2;   9.3;  961.13;   13.4;   61.96;   20.7;    5.0;    3.0;eor
       4911;20180411;   10;   7.8;   3.0;    3;   0.3;   6;    9.700;   0;   4.7;   9.7;  963.78;   13.7;   64.21;   19.4;    8.3;    6.1;eor
       4911;20180412;   10;  11.6;   5.5;    3;   0.0;   0;    3.633;   0;   7.5;  10.0;  959.60;   16.0;   55.67;   21.6;    9.9;    6.8;eor
       4911;20180413;   10;  13.0;   3.0;    3;   0.1;   6;    4.033;   0;   6.0;   9.4;  966.26;   11.8;   69.54;   18.0;    3.7;    0.3;eor
       4911;20180414;   10;   6.9;   2.2;    3;   0.0;   0;   11.767;   0;   4.7;   8.5;  977.18;   11.7;   66.08;   19.6;    2.6;   -1.3;eor
       4911;20180415;   10;   7.6;   1.7;    3;   0.5;   6;    1.917;   0;   7.8;   9.7;  970.12;   13.3;   65.25;   20.0;    3.8;    0.9;eor
       4911;20180416;   10;  10.7;   2.8;    3;   1.7;   6;    0.367;   0;   7.0;  12.3;  972.10;   13.0;   82.50;   17.1;    6.7;    4.1;eor
       4911;20180417;   10;   4.1;   1.4;    3;   0.0;   0;    7.367;   0;   2.9;  10.3;  982.95;   12.0;   77.50;   20.9;    3.5;    1.1;eor
       4911;20180418;   10;   5.2;   1.5;    3;   0.0;   0;   12.333;   0;   1.3;  10.5;  988.66;   14.3;   67.67;   22.8;    4.5;    2.0;eor
       4911;20180419;   10;   9.1;   2.4;    3;   0.0;   0;   12.383;   0;   4.5;  10.0;  986.53;   15.8;   59.25;   24.4;    5.2;    1.1;eor
       4911;20180420;   10;  11.1;   3.4;    3;   0.0;   0;   12.350;   0;   7.3;  10.4;  981.65;   17.9;   54.13;   26.6;    7.6;    4.0;eor
       4911;20180421;   10;   6.1;   1.7;    3;   0.0;   0;   12.333;   0;   4.7;  10.6;  976.70;   17.5;   56.54;   27.3;    5.4;    3.1;eor
       4911;20180422;   10;   5.6;   1.7;    3;   0.0;   6;   11.483;   0;   4.5;  12.2;  973.57;   17.9;   63.04;   26.4;    8.2;    6.3;eor
       4911;20180423;   10;  10.8;   2.7;    3;   0.0;   6;    3.483;   0;   8.0;  12.7;  973.57;   17.4;   65.38;   25.1;   10.7;    9.7;eor
       4911;20180424;   10;   9.6;   3.2;    3;   0.0;   0;   10.550;   0;   7.2;  11.9;  975.29;   16.4;   65.50;   21.7;    8.3;    5.7;eor
       4911;20180425;   10;  13.8;   3.3;    3;   0.0;   6;    6.983;   0;   6.3;  10.6;  970.89;   16.1;   61.29;   24.7;    6.6;    4.7;eor
       4911;20180426;   10;  15.8;   3.8;    3;   0.0;   4;    3.233;   0;   7.0;   7.9;  974.95;   12.8;   53.33;   15.8;    7.0;    4.0;eor
       4911;20180427;   10;  10.1;-999;    3;   0.0;   0;   11.500;   0;  -999;  -999;  971.45;   12.5;-999;   20.5;    2.5;    0.5;eor
       4911;20180428;   10;-999;   1.5;    3;   0.0;   0;   12.600;   0;   7.3;  10.0;  969.87;   17.8;   55.50;   24.1;    7.0;    4.3;eor
       4911;20180429;   10;   7.9;-999;    3;   0.0;   0;   12.783;-999;  -999;  -999;  964.89;   18.3;-999;   25.9;    9.1;    6.1;eor
       4911;20180430;   10;  15.3;   3.0;    3;   0.8;   6;    6.950;   0;   8.0;   9.6;  963.48;   14.8;   57.63;   19.0;   11.4;    8.6;eor
       4911;20180501;   10;   8.1;   2.5;    3;   0.0;   0;    3.533;-999;   8.0;   9.0;  970.03;   13.0;   61.71;   17.5;    8.4;    5.4;eor
       4911;20180502;   10;   7.7;   2.7;    3;   0.0;   0;    6.733;-999;   8.0;  10.1;  967.76;   16.0;   55.42;   21.7;   10.5;    9.5;eor
       4911;20180503;   10;  10.1;   4.0;    3;   0.0;   0;    4.133;-999;   8.0;  12.2;  969.30;   15.8;   68.17;   20.4;   11.4;   10.3;eor
       4911;20180504;   10;  10.1;   3.3;    3;   0.0;   0;    6.217;-999;   8.0;  12.0;  974.74;   16.5;   63.83;   22.8;    9.7;    8.3;eor
       4911;20180505;   10;   8.4;   2.9;    3;   0.0;   0;    5.717;-999;   8.0;  11.9;  978.46;   16.1;   65.46;   22.3;    7.7;    6.1;eor
       4911;20180506;   10;   7.3;   2.4;    3;   0.0;   0;   13.400;-999;   8.0;   8.1;  979.09;   16.2;   47.59;   23.3;    6.2;    4.0;eor
       4911;20180507;   10;   9.3;-999;    3;   0.0;   0;   13.067;-999;  -999;  -999;  975.51;   16.6;-999;   25.3;    7.4;    3.5;eor
       4911;20180508;   10;  13.2;   4.0;    3;   0.0;   0;   12.767;-999;   6.1;   9.6;  969.49;   17.7;   48.79;   23.9;    6.7;    2.7;eor
       4911;20180509;   10;  19.0;   3.0;    3;   0.1;   6;   12.317;-999;   2.0;  11.0;  965.35;   17.1;   59.63;   24.7;    7.3;    3.9;eor
       4911;20180510;   10;  10.7;   2.5;    3;   0.0;   6;   11.067;-999;   8.0;  11.4;  968.64;   16.4;   66.00;   23.9;    8.2;    6.1;eor
       4911;20180511;   10;   8.7;   2.3;    3;   0.0;   0;    6.617;-999;   8.0;  12.3;  975.84;   15.7;   70.71;   22.5;   11.9;   10.9;eor
       4911;20180512;   10;   8.0;   2.4;    3;   0.0;   0;   12.933;-999;  -999;  12.9;  972.25;   18.2;   64.17;   25.6;    8.3;    7.2;eor
       4911;20180513;   10;  11.6;   3.5;    3;   0.0;   6;   12.850;-999;  -999;  13.6;  966.06;   19.5;   62.50;   26.7;   10.2;    7.0;eor
       4911;20180514;   10;  14.7;   3.2;    3;   1.6;   6;    2.817;-999;  -999;  13.4;  965.50;   17.6;   66.50;   24.5;   12.7;    9.8;eor
       4911;20180515;   10;  12.0;   3.2;    3;   1.6;   6;    5.050;-999;  -999;  11.0;  968.49;   13.9;   70.17;   18.9;   10.7;    8.3;eor
       4911;20180516;   10;   7.9;   2.5;    3;   9.7;   8;    1.317;-999;   7.8;  12.5;  970.09;   11.9;   89.42;   16.1;   10.5;   10.2;eor
       4911;20180517;   10;   8.5;   2.7;    3;   4.4;   6;    0.800;-999;   7.6;  13.3;  973.13;   13.3;   87.13;   17.3;   11.0;    8.1;eor
       4911;20180518;   10;   6.9;   2.4;    3;   0.0;   0;   12.500;-999;   5.9;  11.7;  976.02;   15.7;   68.04;   21.4;   10.7;    9.1;eor
       4911;20180519;   10;  12.3;   2.4;    3;   0.0;   6;    7.667;-999;   6.8;  11.7;  976.55;   15.1;   69.46;   21.1;    7.0;    5.1;eor
       4911;20180520;   10;  10.6;   3.8;    3;   0.0;   0;   10.783;-999;   6.1;  10.9;  977.12;   17.2;   57.96;   22.8;   11.3;    7.7;eor
       4911;20180521;   10;  10.2;   4.1;    3;   0.0;   0;   12.817;-999;   1.6;  11.7;  972.72;   17.6;   59.92;   24.9;   10.9;    6.0;eor
       4911;20180522;   10;   7.6;   1.9;    3;   0.0;   0;   11.750;-999;   6.1;  12.6;  970.58;   18.2;   62.58;   25.4;    8.4;    5.2;eor
       4911;20180523;   10;   5.6;   1.6;    3;   0.0;   6;    9.250;-999;   7.6;  14.3;  973.97;   19.6;   64.50;   26.1;   13.7;   10.0;eor
       4911;20180524;   10;   6.0;   2.0;    3;   0.0;   6;    0.650;-999;   7.9;  15.8;  975.76;   17.6;   78.75;   22.4;   12.2;   10.2;eor
       4911;20180525;   10;  10.7;   1.9;    3;  12.8;   8;    1.383;-999;   6.9;  16.3;  976.87;   16.7;   86.50;   22.1;   12.3;    9.4;eor
       4911;20180526;   10;   7.5;   2.1;    3;   0.0;   0;    8.500;-999;   6.1;  16.0;  978.55;   18.2;   79.38;   25.5;   10.6;    9.0;eor
       4911;20180527;   10;  10.3;   2.1;    3;   0.0;   0;   12.200;-999;   7.1;  15.6;  976.89;   20.0;   69.21;   27.1;   11.4;    9.3;eor
       4911;20180528;   10;   8.9;   2.5;    3;   0.0;   6;   14.033;-999;   2.0;  16.1;  974.87;   21.4;   65.63;   28.4;   12.5;    9.4;eor
       4911;20180529;   10;  10.2;   2.8;    3;   5.8;   6;   12.317;-999;   5.5;  16.4;  971.57;   23.0;   61.96;   30.1;   14.8;   10.9;eor
       4911;20180530;   10;   5.3;   1.7;    3;   0.0;   0;    9.400;-999;   5.1;  18.3;  972.94;   21.6;   73.46;   27.8;   15.6;   14.5;eor
       4911;20180531;   10;   8.9;   2.2;    3;   0.0;   6;   10.950;-999;   6.0;  17.9;  972.12;   22.4;   68.75;   29.9;   14.6;   13.1;eor
       4911;20180601;   10;   7.8;   2.7;    3;   0.4;   6;    4.183;-999;   6.6;  16.3;  975.55;   20.0;   70.71;   24.5;   15.3;   13.0;eor
       4911;20180602;   10;   8.6;   2.3;    3;   0.0;   0;    8.767;-999;   5.8;  15.8;  976.39;   20.1;   69.13;   25.6;   13.5;   12.0;eor
       4911;20180603;   10;   6.0;   1.7;    3;   0.0;   0;   13.633;-999;   0.9;  13.7;  974.79;   21.1;   58.57;   28.2;   11.7;   10.0;eor
       4911;20180604;   10;   8.3;   2.3;    3;   0.0;   0;   13.700;-999;   1.3;  -999;  969.13;   21.8;-999;   28.8;   13.5;   11.0;eor
       4911;20180605;   10;   9.4;   3.4;    3;   0.0;   4;   13.600;-999;  -999;  -999;  968.19;   22.0;-999;   29.5;   13.8;   11.2;eor
       4911;20180606;   10;  13.5;-999;    3;   0.0;   0;   11.000;-999;  -999;  -999;  970.60;   22.4;-999;   28.7;   16.2;   15.5;eor
       4911;20180607;   10;  10.4;   2.9;    3;   0.0;   0;    9.100;-999;   5.3;  -999;  972.92;   21.6;-999;   27.5;   15.1;   13.7;eor
       4911;20180608;   10;   9.3;   2.1;    3;  10.1;   6;   10.867;-999;   5.0;  17.5;  970.17;   21.3;   71.83;   29.3;   14.6;   11.8;eor
       4911;20180609;   10;   8.1;   2.0;    3;   0.0;   6;    2.683;-999;   6.4;  19.3;  969.82;   20.1;   82.50;   25.1;   15.3;   14.1;eor
       4911;20180610;   10;   7.7;   2.0;    3;   0.0;   0;   10.200;-999;   3.9;  17.9;  969.86;   21.7;   71.96;   28.5;   13.7;   12.3;eor
       4911;20180611;   10;  23.6;   2.5;    3;  29.9;   8;   12.033;-999;   3.1;  18.8;  967.64;   22.0;   73.83;   29.7;   14.5;   12.7;eor
       4911;20180612;   10;   8.3;   2.3;    3;  21.7;   6;    4.367;-999;   7.6;  18.4;  966.51;   19.5;   82.83;   25.4;   16.1;   15.6;eor
       4911;20180613;   10;  10.5;   3.8;    3;   2.9;   6;    0.167;-999;   7.8;  14.0;  968.81;   15.1;   81.38;   16.6;   13.3;   13.0;eor
       4911;20180614;   10;   5.6;   2.0;    3;   0.0;   0;    2.200;-999;   7.7;  11.3;  974.53;   15.1;   66.58;   19.0;   12.4;   11.4;eor
       4911;20180615;   10;   6.0;   1.7;    3;   0.0;   0;    9.267;-999;   4.6;  12.2;  974.86;   17.5;   64.17;   23.4;   11.0;    8.2;eor
       4911;20180616;   10;   7.4;   1.7;    3;   0.0;   0;   14.367;-999;   1.6;  13.0;  973.99;   18.9;   63.33;   25.2;    9.9;    7.6;eor
       4911;20180617;   10;  12.1;   2.2;    3;   0.0;   6;    7.900;-999;   5.5;  15.0;  975.05;   19.3;   68.63;   26.4;   12.0;    9.8;eor
       4911;20180618;   10;   7.1;   2.5;    3;   0.0;   0;    9.617;-999;   5.3;  13.3;  979.43;   19.4;   60.58;   24.5;   13.2;   10.4;eor
       4911;20180619;   10;   6.4;   1.9;    3;   0.0;   0;    3.517;-999;   6.9;  15.2;  981.70;   19.7;   67.13;   24.7;   11.5;    9.7;eor
       4911;20180620;   10;   6.5;   1.9;    3;   0.0;   0;   11.883;-999;   3.1;  16.6;  979.20;   22.2;   64.83;   27.4;   14.6;   12.7;eor
       4911;20180621;   10;  12.9;   3.5;    3;   0.0;   6;   10.783;-999;   3.7;  14.8;  973.44;   21.4;   60.50;   29.8;   13.0;   11.4;eor
       4911;20180622;   10;  15.3;   3.7;    3;   1.1;   6;    5.983;-999;   5.3;   8.9;  979.89;   12.8;   60.54;   16.9;    8.6;    6.7;eor
       4911;20180623;   10;  10.0;   3.3;    3;   0.0;   6;    4.117;-999;   6.4;   9.5;  981.14;   13.6;   62.38;   18.6;    8.9;    6.4;eor
       4911;20180624;   10;   7.9;   2.3;    3;   0.8;   6;    3.083;-999;   7.9;  10.9;  978.14;   15.3;   63.92;   19.6;   10.4;    8.4;eor
       4911;20180625;   10;   6.4;   2.3;    3;   0.0;   0;    3.833;-999;   7.0;  11.6;  978.98;   16.1;   65.17;   20.9;   11.8;    7.5;eor
       4911;20180626;   10;   7.2;   2.0;    3;   0.0;   0;    7.967;-999;   4.4;  11.4;  979.61;   17.4;   59.33;   22.8;    6.5;    5.0;eor
       4911;20180627;   10;  14.3;   3.7;    3;   4.3;   6;   10.350;-999;   4.6;  11.6;  978.93;   17.5;   59.00;   22.9;   11.4;    7.8;eor
       4911;20180628;   10;  12.0;   3.0;    3;  21.1;   6;    0.000;-999;   7.7;  15.6;  975.44;   15.2;   90.00;   17.1;   12.6;   11.2;eor
       4911;20180629;   10;   6.2;   2.5;    3;   0.0;   0;    4.250;-999;   7.3;  17.6;  972.52;   20.4;   75.75;   27.1;   15.3;   14.5;eor
       4911;20180630;   10;  10.4;   3.7;    3;   0.0;   0;   14.467;-999;   0.9;  13.0;  972.67;   19.1;   61.04;   24.0;   11.3;    7.7;eor
       4911;20180701;   10;   7.5;   2.4;    3;   0.0;   0;   14.300;-999;   0.5;   9.4;  975.18;   16.3;   52.75;   23.2;    9.1;    4.9;eor
       4911;20180702;   10;   6.9;   2.0;    3;   0.0;   0;   14.517;-999;   0.1;   8.9;  973.98;   17.1;   49.54;   24.3;    7.4;    4.1;eor
       4911;20180703;   10;   7.6;   2.1;    3;   0.0;   0;   14.200;-999;   0.7;  10.9;  974.52;   19.0;   54.42;   26.8;    9.4;    6.8;eor
       4911;20180704;   10;   8.8;   2.2;    3;   0.2;   6;    7.583;-999;   5.2;  15.7;  973.92;   20.6;   66.79;   27.6;   12.2;   10.8;eor
       4911;20180705;   10;  14.1;   2.6;    3;   0.0;   6;   10.667;-999;   3.9;  15.7;  971.83;   20.6;   67.63;   29.0;   11.9;   10.2;eor
       4911;20180706;   10;   8.4;   2.6;    3;  11.7;   8;    0.433;-999;   7.6;  18.3;  974.94;   18.4;   86.29;   23.0;   15.7;   14.2;eor
       4911;20180707;   10;   8.7;   2.7;    3;   0.0;   0;   13.183;-999;   3.4;  12.2;  978.58;   19.1;   59.67;   25.3;   11.5;   10.1;eor
       4911;20180708;   10;   9.3;   2.7;    3;   0.0;   0;    7.383;-999;   5.1;  11.3;  977.81;   20.0;   50.92;   26.7;   11.8;    9.4;eor
       4911;20180709;   10;   5.1;   1.7;    3;   0.0;   6;    6.333;-999;   5.0;  14.3;  976.58;   19.3;   65.88;   25.6;   10.3;    9.3;eor
       4911;20180710;   10;  15.7;   2.2;    3;   1.2;   6;    3.383;-999;   7.0;  14.1;  973.00;   17.3;   72.67;   24.5;   10.0;    9.3;eor
       4911;20180711;   10;   8.6;   2.2;    3;   0.7;   6;    3.167;-999;   7.0;  12.4;  973.44;   15.1;   74.83;   20.0;    8.6;    6.8;eor
       4911;20180712;   10;   8.4;   2.2;    3;   0.0;   6;    5.633;-999;   6.5;  12.7;  975.18;   17.2;   67.54;   23.9;   12.0;   11.0;eor
       4911;20180713;   10;   6.9;   1.9;    3;   0.0;   6;   10.467;-999;   3.9;  13.5;  976.81;   20.7;   58.42;   27.3;   12.9;   11.8;eor
       4911;20180714;   10;   9.2;   1.7;    3;   0.5;   6;    9.483;-999;   3.0;  13.8;  976.25;   19.7;   63.38;   27.8;   11.0;    9.1;eor
       4911;20180715;   10;  16.1;   2.0;    3;   1.0;   6;    9.017;-999;   4.3;  15.1;  974.25;   18.9;   72.08;   29.1;   11.4;    9.5;eor
       4911;20180716;   10;   9.3;   2.1;    3;   0.0;   6;    9.100;-999;   3.8;  14.7;  972.05;   18.4;   71.46;   25.8;   10.9;    9.8;eor
       4911;20180717;   10;  10.9;   3.3;    3;   0.0;   0;    8.783;-999;   4.1;  13.7;  971.98;   21.2;   58.46;   29.3;   12.2;   10.7;eor
       4911;20180718;   10;   9.9;   3.4;    3;   0.0;   0;   11.317;-999;   2.6;  13.1;  973.75;   23.0;   48.79;   29.3;   15.9;   14.1;eor
       4911;20180719;   10;  12.2;   2.4;    3;   0.0;   0;   14.100;-999;   0.8;  11.4;  974.34;   21.4;   48.46;   28.9;   10.6;    8.8;eor
       4911;20180720;   10;   7.5;   1.5;    3;   0.0;   0;   12.050;-999;   1.3;  12.1;  971.95;   21.7;   50.75;   29.5;   12.0;    9.5;eor
       4911;20180721;   10;   7.6;   2.5;    3;   2.3;   6;    0.683;-999;   7.1;  17.1;  970.11;   19.8;   74.21;   23.0;   14.8;   13.7;eor
       4911;20180722;   10;   5.6;   2.0;    3;   0.9;   6;    1.000;-999;   8.0;  18.7;  971.72;   19.2;   85.00;   23.4;   16.1;   15.2;eor
       4911;20180723;   10;   9.4;   2.2;    3;   0.0;   6;    6.083;-999;   7.0;  17.4;  974.54;   21.3;   71.17;   28.0;   15.7;   13.7;eor
       4911;20180724;   10;   6.6;   1.6;    3;   0.0;   0;   13.267;-999;   1.2;  14.9;  973.55;   21.9;   62.38;   30.5;   12.2;   10.9;eor
       4911;20180725;   10;  19.9;   2.0;    3;   4.8;   6;   11.033;-999;   5.3;  16.5;  972.79;   22.4;   64.71;   31.9;   13.1;   11.4;eor
       4911;20180726;   10;   9.9;   2.2;    3;   0.0;   0;   12.017;-999;   2.9;  16.5;  973.68;   22.9;   63.50;   29.8;   13.3;   12.5;eor
       4911;20180727;   10;  12.8;   2.2;    3;   0.0;   0;   11.183;-999;   4.0;  16.4;  971.70;   23.1;   61.63;   30.3;   15.2;   14.6;eor
       4911;20180728;   10;  11.7;   2.5;    3;   0.0;   6;    9.583;-999;   2.9;  16.6;  969.58;   23.9;   58.79;   32.3;   13.8;   12.5;eor
       4911;20180729;   10;   6.8;   2.1;    3;   0.0;   0;    9.867;-999;   6.0;  17.7;  973.70;   25.0;   57.67;   30.4;   19.1;   17.6;eor
       4911;20180730;   10;   8.0;   1.8;    3;   0.0;   0;   13.733;-999;   0.8;  16.5;  974.52;   25.6;   55.54;   34.2;   15.6;   14.3;eor
       4911;20180731;   10;  11.3;   1.9;    3;   0.0;   6;   13.050;-999;   1.5;  16.7;  974.90;   26.7;   52.54;   35.6;   17.8;   15.5;eor
       4911;20180801;   10;   7.8;   2.0;    3;   0.0;   4;   12.550;-999;  -999;  16.4;  975.41;   27.8;   47.00;   35.6;   19.6;   18.7;eor
       4911;20180802;   10;  14.5;   2.5;    3;   0.0;   0;    9.617;-999;   3.0;  19.0;  977.95;   24.9;   61.46;   32.6;   18.6;   17.2;eor
       4911;20180803;   10;  12.6;   2.2;    3;   0.0;   0;   10.233;-999;   3.9;  19.5;  977.72;   25.9;   61.08;   33.5;   18.6;   17.1;eor
       4911;20180804;   10;  10.6;   2.1;    3;   0.3;   6;    6.117;-999;   4.6;  19.7;  975.57;   24.9;   65.00;   33.9;   18.0;   17.4;eor
       4911;20180805;   10;   8.9;   2.7;    3;   0.0;   0;   10.333;-999;   1.7;  17.4;  975.68;   24.9;   59.04;   31.9;   16.2;   15.3;eor
       4911;20180806;   10;   6.9;   1.9;    3;   0.0;   0;   13.400;-999;   4.6;  14.5;  975.56;   23.5;   53.42;   31.3;   14.0;   12.5;eor
       4911;20180807;   10;  12.1;   2.4;    3;   0.0;   4;    8.717;-999;   6.3;  15.7;  972.41;   25.2;   51.67;   34.0;   15.5;   13.2;eor
       4911;20180808;   10;   9.7;   2.8;    3;   0.0;   0;   12.633;-999;   2.7;  16.6;  972.51;   24.7;   57.42;   32.4;   16.2;   14.5;eor
       4911;20180809;   10;  11.4;   2.9;    3;   2.0;   6;   12.883;-999;   4.1;  16.1;  972.73;   26.2;   51.96;   34.4;   16.4;   15.1;eor
       4911;20180810;   10;   7.2;   2.8;    3;   9.7;   6;    0.767;-999;   7.3;  16.9;  981.45;   17.0;   87.00;   20.0;   11.7;   10.4;eor
       4911;20180811;   10;  10.7;   2.5;    3;   0.0;   0;    8.383;-999;   6.6;  12.9;  980.84;   17.4;   69.83;   25.0;   11.5;    9.5;eor
       4911;20180812;   10;   8.2;   2.3;    3;   0.0;   0;   13.133;-999;   5.1;  12.2;  975.37;   19.3;   59.88;   27.7;    9.2;    7.1;eor
       4911;20180813;   10;  13.6;   2.9;    3;   9.7;   6;    9.383;-999;   4.0;  16.0;  969.33;   21.4;   68.13;   32.2;   13.3;   11.0;eor
       4911;20180814;   10;  10.0;   2.9;    3;   0.0;   0;    7.233;-999;   7.3;  15.8;  973.01;   20.4;   67.96;   25.0;   16.7;   15.7;eor
       4911;20180815;   10;   5.8;   1.7;    3;   0.0;   4;    6.000;-999;   4.7;  15.2;  977.72;   19.9;   67.08;   26.3;   13.4;   13.1;eor
       4911;20180816;   10;   7.6;   2.0;    3;   0.0;   0;   12.867;-999;   0.3;  14.6;  975.67;   20.4;   65.08;   27.9;   11.8;   10.6;eor
       4911;20180817;   10;   6.1;   1.5;    3;   0.0;   0;   12.850;-999;   4.1;  13.4;  973.67;   21.5;   57.13;   29.7;   11.9;   10.0;eor
       4911;20180818;   10;   5.6;   1.7;    3;   0.0;   0;   10.617;-999;   3.6;  14.9;  977.36;   22.3;   57.96;   30.5;   13.7;   12.0;eor
       4911;20180819;   10;   6.9;   1.5;    3;   0.0;   0;   11.800;-999;   3.0;  15.2;  977.75;   23.1;   57.58;   31.2;   13.9;   12.3;eor
       4911;20180820;   10;   8.6;   2.6;    3;   0.0;   0;   10.717;-999;   2.3;  14.0;  976.31;   24.9;   46.46;   31.5;   18.6;   14.3;eor
       4911;20180821;   10;   6.4;   1.8;    3;   0.0;   0;   11.400;-999;   4.4;  15.3;  977.00;   23.7;   54.79;   30.4;   16.5;   15.5;eor
       4911;20180822;   10;   6.9;   1.9;    3;   0.0;   0;   12.467;-999;   0.4;  14.0;  975.36;   23.6;   52.58;   32.1;   13.3;   12.3;eor
       4911;20180823;   10;  11.1;   2.2;    3;   2.6;   6;    6.867;-999;   6.2;  16.3;  972.17;   22.6;   61.75;   31.3;   14.2;   13.2;eor
       4911;20180824;   10;   8.8;   2.6;    3;   5.9;   6;    0.850;-999;   7.5;  18.2;  970.85;   18.6;   85.08;   21.9;   15.4;   14.6;eor
       4911;20180825;   10;   9.8;   2.7;    3;   0.4;   6;    0.133;-999;   7.9;  12.4;  972.06;   14.8;   74.04;   18.1;   11.7;   10.5;eor
       4911;20180826;   10;   7.7;   2.5;    3;   0.0;   0;    9.683;-999;   5.9;   9.9;  975.02;   14.1;   64.38;   20.1;    5.7;    4.1;eor
       4911;20180827;   10;   7.2;   2.3;    3;   0.0;   0;    9.450;-999;   3.5;  10.0;  974.93;   16.5;   58.25;   24.9;    4.6;    2.6;eor
       4911;20180828;   10;   7.3;   1.8;    3;   0.0;   0;    8.033;-999;   4.7;  13.9;  977.08;   19.6;   63.17;   26.1;   12.0;    9.2;eor
       4911;20180829;   10;  17.2;   2.2;    3;   3.7;   6;   10.933;-999;   5.0;  13.7;  973.21;   19.2;   65.13;   28.6;    7.6;    6.1;eor
       4911;20180830;   10;   9.5;   2.9;    3;   0.0;   6;    1.217;-999;   6.7;  15.7;  976.69;   17.7;   77.79;   20.6;    9.9;    7.5;eor
       4911;20180831;   10;   8.6;   1.7;    3;   7.1;   6;    0.083;-999;   7.8;  14.5;  977.74;   14.4;   88.42;   17.8;   10.2;    8.9;eor
       4911;20180901;   10;  10.7;   3.6;    3;  11.0;   6;    0.000;-999;   7.9;  13.7;  979.09;   13.6;   87.71;   14.7;   12.7;   12.1;eor
       4911;20180902;   10;   3.9;   1.5;    3;   2.5;   6;    0.017;-999;   7.8;  15.9;  978.18;   14.9;   93.79;   16.4;   13.1;   13.1;eor
       4911;20180903;   10;   4.7;   1.4;    3;  14.3;   6;    1.333;-999;   7.8;  17.7;  973.68;   17.5;   89.17;   21.5;   15.1;   14.7;eor
       4911;20180904;   10;   4.3;   1.3;    3;   0.7;   6;    1.250;-999;   7.6;  18.1;  973.46;   18.2;   87.42;   22.2;   14.8;   14.1;eor
       4911;20180905;   10;   4.1;   1.3;    3;   0.0;   6;    5.483;-999;   5.3;  17.6;  975.11;   18.0;   86.33;   24.1;   12.4;   11.5;eor
       4911;20180906;   10;   7.5;   2.0;    3;   0.0;   6;   10.983;-999;   5.5;  14.5;  970.89;   17.9;   74.83;   25.4;   10.9;   10.2;eor
       4911;20180907;   10;   8.6;   2.3;    3;   5.6;   6;    2.833;-999;   6.6;  16.3;  972.48;   18.1;   79.54;   22.9;   13.8;   12.8;eor
       4911;20180908;   10;   4.7;   1.7;    3;   0.0;   0;    7.700;-999;   4.4;  13.6;  978.95;   16.0;   76.33;   21.7;   10.2;    8.2;eor
       4911;20180909;   10;   5.8;   1.8;    3;   0.0;   0;    8.417;-999;   7.8;  13.6;  980.14;   16.1;   77.17;   24.2;    7.7;    6.2;eor
       4911;20180910;   10;   6.8;   1.7;    3;   0.0;   0;    8.667;-999;   4.1;  13.4;  981.13;   17.2;   71.33;   25.8;    7.8;    6.0;eor
       4911;20180911;   10;   7.8;   2.1;    3;   0.0;   0;   10.917;-999;  -999;  13.5;  982.28;   19.0;   65.13;   26.7;   11.0;    8.9;eor
       4911;20180912;   10;   6.1;   1.7;    3;   0.0;   0;   11.600;-999;   1.2;  14.1;  979.57;   19.5;   67.38;   29.4;   10.3;    7.9;eor
       4911;20180913;   10;   5.8;   1.8;    3;   1.5;   6;    2.833;-999;   6.8;  15.7;  975.68;   19.0;   72.75;   25.3;   11.5;   10.5;eor
       4911;20180914;   10;   7.7;   2.3;    3;   2.9;   6;    2.950;-999;   6.9;  16.2;  977.50;   17.2;   82.92;   20.8;   14.6;   13.9;eor
       4911;20180915;   10;  10.8;   2.0;    3;   0.0;   6;    7.367;-999;   5.3;  14.0;  980.70;   16.5;   76.88;   22.6;    8.6;    6.6;eor
       4911;20180916;   10;   5.5;   1.4;    3;   0.0;   0;   10.733;-999;   6.9;  11.8;  981.11;   15.2;   70.38;   23.1;    6.7;    4.1;eor
       4911;20180917;   10;   5.6;   1.8;    3;   0.0;   0;   11.133;-999;   3.3;  15.5;  978.82;   17.9;   76.71;   25.5;   10.1;    8.4;eor
       4911;20180918;   10;   6.3;   1.7;    3;   0.0;   6;   11.300;-999;   1.6;  16.3;  976.13;   18.9;   76.08;   27.4;   10.5;    8.2;eor
       4911;20180919;   10;   6.8;   2.2;    3;   0.0;   6;    6.883;-999;   4.6;  17.0;  979.35;   18.7;   79.83;   23.7;   13.3;   11.0;eor
       4911;20180920;   10;   5.3;   1.9;    3;   0.0;   0;   11.000;-999;  -999;  16.0;  978.03;   18.3;   78.63;   26.9;   10.1;    8.6;eor
       4911;20180921;   10;  14.5;   3.2;    3;   0.8;   6;    8.183;-999;   5.4;  14.2;  972.25;   18.7;   69.88;   29.3;    9.4;    7.2;eor
       4911;20180922;   10;   9.8;   3.0;    3;   0.4;   6;    4.300;-999;   8.0;   9.7;  979.77;   13.9;   62.63;   17.5;   10.3;    8.6;eor
       4911;20180923;   10;  19.3;   4.1;    3;  18.7;   8;    1.483;-999;   7.8;  14.7;  971.95;   14.6;   87.75;   24.2;   10.4;   10.2;eor
       4911;20180924;   10;  12.3;   4.3;    3;   0.0;   6;    8.267;-999;   4.2;   8.2;  986.23;    9.9;   67.92;   13.7;    6.8;    4.6;eor
       4911;20180925;   10;   6.7;   2.1;    3;   0.0;   0;    9.983;-999;   2.5;   6.8;  994.33;    7.7;   67.33;   12.8;    1.3;   -1.8;eor
       4911;20180926;   10;   8.2;   2.2;    3;   0.0;   0;    9.367;-999;   6.1;   6.9;  992.31;    8.0;   67.83;   16.2;    0.6;   -2.8;eor
       4911;20180927;   10;   4.8;   1.7;    3;   0.0;   0;   10.917;-999;   0.5;   8.7;  986.65;   10.6;   71.54;   20.6;    1.2;   -0.1;eor
       4911;20180928;   10;  11.7;   2.5;    3;   0.0;   6;   10.050;-999;   2.5;   9.8;  979.40;   12.6;   69.13;   21.1;    3.1;    0.5;eor
       4911;20180929;   10;   8.3;   2.7;    3;   0.0;   0;   10.567;-999;   3.3;   7.0;  983.11;   10.2;   57.92;   15.5;    4.3;    0.4;eor
       4911;20180930;   10;   6.2;   1.6;    3;   1.3;   6;   10.783;-999;   0.4;   8.3;  975.51;    9.2;   72.04;   17.5;    1.6;   -3.4;eor
       4911;20181001;   10;  11.4;   2.5;    3;   0.9;   6;    3.500;-999;   7.1;   9.4;  972.03;    9.9;   78.63;   15.9;    4.8;    2.1;eor
       4911;20181002;   10;  10.5;   3.9;    3;   0.0;   0;    2.300;   0;   6.6;   7.7;  978.97;    8.7;   69.04;   11.2;    4.0;    1.9;eor
       4911;20181003;   10;  11.4;   4.2;    3;   0.0;   0;    1.233;   0;   7.8;   9.9;  981.31;   12.2;   69.88;   16.5;    8.4;    5.8;eor
       4911;20181004;   10;   3.8;   1.2;    3;   0.0;   0;   10.433;   0;   1.8;   8.4;  984.83;    9.6;   72.67;   16.4;    1.7;   -0.1;eor
       4911;20181005;   10;   5.7;   1.8;    3;   0.0;   0;   10.433;   0;   3.4;   9.1;  979.48;    9.9;   76.08;   19.8;    0.4;   -1.3;eor
       4911;20181006;   10;   5.2;   1.7;    3;   1.2;   6;    4.450;   0;   7.8;  11.1;  972.25;   11.5;   81.75;   19.9;    3.5;    1.2;eor
       4911;20181007;   10;   5.6;   1.8;    3;   0.0;   6;    0.250;   0;   7.1;  14.0;  973.22;   13.1;   92.96;   17.4;    8.2;    5.8;eor
       4911;20181008;   10;   6.3;   1.4;    3;   0.0;   4;    8.617;   0;   3.4;  13.1;  978.77;   13.3;   86.42;   19.7;    7.1;    5.0;eor
       4911;20181009;   10;   3.3;   1.2;    3;   0.0;   4;    5.367;   0;   5.7;  11.8;  980.39;   10.9;   91.13;   18.8;    5.1;    3.3;eor
       4911;20181010;   10;   9.2;   2.9;    3;   0.0;   4;    8.717;   0;   2.4;  11.0;  977.44;   13.3;   74.71;   22.6;    4.3;    2.3;eor
       4911;20181011;   10;  11.0;   4.7;    3;   0.1;   6;   10.350;   0;   0.5;   8.9;  975.00;   15.9;   51.54;   24.0;   10.0;    5.2;eor
       4911;20181012;   10;   5.8;   1.8;    3;   0.0;   0;    9.200;   0;   2.3;  11.3;  981.42;   15.0;   67.38;   22.5;    7.3;    4.7;eor
       4911;20181013;   10;   7.4;   2.2;    3;   0.0;   0;   10.150;   0;   0.0;  11.0;  980.15;   13.7;   72.54;   22.4;    4.6;    2.6;eor
       4911;20181014;   10;  10.8;   5.1;    3;   0.0;   0;   10.083;   0;   0.1;   9.6;  973.65;   17.1;   50.38;   24.0;   11.8;    7.1;eor
       4911;20181015;   10;   9.7;   4.0;    3;   0.0;   0;    9.317;   0;   2.3;   9.4;  973.70;   14.8;   57.21;   21.1;    5.9;    2.2;eor
       4911;20181016;   10;   4.0;   1.3;    3;   0.0;   0;    9.200;   0;   2.2;   9.7;  976.66;   11.2;   74.54;   20.3;    1.7;    0.0;eor
       4911;20181017;   10;   3.9;   1.3;    3;   0.0;   0;    9.100;   0;   1.0;  10.5;  977.05;   11.5;   79.38;   20.3;    4.6;    2.6;eor
       4911;20181018;   10;   3.2;   1.2;    3;   0.0;   0;    9.150;   0;   4.2;  10.0;  977.44;   10.5;   80.17;   19.2;    2.6;    0.2;eor
       4911;20181019;   10;   5.3;   1.4;    3;   0.0;   0;    8.533;   0;   2.2;   9.8;  980.09;    9.6;   83.13;   18.0;    2.7;    1.6;eor
       4911;20181020;   10;   5.0;   1.5;    3;   0.0;   0;    3.500;   0;   7.6;   9.8;  984.58;    8.8;   86.63;   15.5;    3.5;    1.6;eor
       4911;20181021;   10;   5.9;   2.0;    3;   0.0;   0;    6.567;   0;   5.2;   7.8;  985.17;    9.3;   67.88;   14.3;    0.3;   -2.8;eor
       4911;20181022;   10;   5.9;   1.7;    3;   0.1;   6;    9.367;   0;   3.0;   7.4;  984.90;    7.7;   72.75;   14.9;   -2.5;   -4.4;eor
       4911;20181023;   10;  14.3;   4.1;    3;   0.1;   6;    0.000;   0;   7.8;   8.7;  981.68;    9.9;   72.33;   12.1;    5.8;    4.6;eor
       4911;20181024;   10;  16.6;   6.3;    3;  10.2;   6;    0.033;   0;   7.8;  11.2;  976.16;   11.5;   82.75;   12.9;   10.2;    8.6;eor
       4911;20181025;   10;  11.7;   4.4;    3;   0.0;   6;    0.550;   0;   7.8;  11.6;  975.74;   12.1;   82.42;   14.0;   10.6;    9.6;eor
       4911;20181026;   10;   5.6;   1.8;    3;   0.4;   6;    4.233;   0;   6.8;   9.7;  968.50;    9.6;   81.71;   14.3;    3.9;    2.6;eor
       4911;20181027;   10;   7.3;   1.6;    3;  20.7;   6;    0.000;   0;   7.9;   8.8;  966.02;    6.3;   92.04;    8.0;    4.8;    4.4;eor
       4911;20181028;   10;   8.9;   4.2;    3;   6.6;   6;    0.000;   0;   7.9;   7.5;  963.33;    4.1;   90.88;    4.9;    2.9;    2.4;eor
       4911;20181029;   10;  15.8;   2.8;    3;   0.0;   0;    0.400;   0;   7.9;   9.5;  956.16;    7.9;   88.63;   18.2;    4.0;    4.0;eor
       4911;20181030;   10;  13.0;   4.7;    3;   0.0;   0;    4.750;   0;   3.6;   8.3;  957.99;    9.8;   69.13;   17.6;    2.0;   -1.8;eor
       4911;20181031;   10;   5.1;   1.8;    3;   0.0;   0;    6.483;   0;   5.5;   7.5;  974.67;    5.3;   84.42;   12.2;   -1.7;   -3.7;eor
       4911;20181101;   10;   9.3;   3.2;    3;   0.0;   0;    0.333;   0;   6.7;   8.8;  971.21;    9.2;   75.83;   14.3;    4.3;    0.8;eor
       4911;20181102;   10;   5.2;   1.6;    3;   0.4;   6;    0.367;   0;   8.0;   9.1;  979.69;    7.2;   89.33;   11.2;    1.6;   -0.7;eor
       4911;20181103;   10;   4.1;   1.1;    3;   0.0;   6;    0.000;   0;   8.0;  10.9;  982.59;    9.6;   90.92;   12.4;    7.1;    6.2;eor
       4911;20181104;   10;   5.4;   1.9;    3;   0.0;   0;    0.183;   0;   8.0;  11.3;  975.10;   10.0;   91.83;   12.9;    6.1;    3.3;eor
       4911;20181105;   10;  10.4;   3.7;    3;   0.0;   0;    2.717;   0;   5.8;  11.1;  968.91;   11.0;   84.96;   16.1;    6.0;    4.5;eor
       4911;20181106;   10;   8.8;   3.2;    3;   0.0;   0;    7.400;   0;   4.5;  10.8;  968.00;   12.4;   75.54;   19.0;    5.9;    2.3;eor
       4911;20181107;   10;   6.3;   1.5;    3;   0.1;   4;    5.167;   0;   7.9;  10.5;  970.78;    8.6;   93.63;   14.9;    1.9;    0.4;eor
       4911;20181108;   10;   5.4;   2.1;    3;   0.0;   4;    2.300;   0;   8.0;  10.6;  978.18;    8.2;   97.42;   12.4;    7.0;    7.1;eor
       4911;20181109;   10;   4.9;   1.6;    3;   0.0;   0;    0.000;   0;   8.0;  10.2;  974.73;    8.3;   93.33;   10.1;    5.7;    4.2;eor
       4911;20181110;   10;   6.7;   3.4;    3;   0.0;   6;    0.000;   0;   8.0;  10.2;  970.29;    8.4;   92.04;    9.4;    7.3;    7.8;eor
       4911;20181111;   10;   7.6;   2.6;    3;   0.0;   0;    1.733;   0;   5.4;   9.8;  973.52;    7.8;   92.58;   10.7;    1.7;    0.2;eor
       4911;20181112;   10;   6.9;   2.7;    3;   0.1;   4;    0.000;   0;   8.0;   9.6;  978.47;    6.3;   99.50;    8.3;    2.4;    1.8;eor
       4911;20181113;   10;   4.8;   1.8;    3;   0.2;   6;    0.000;   0;   7.7;   9.5;  984.68;    6.3;   99.04;    8.8;    2.6;    0.3;eor
       4911;20181114;   10;   5.2;   1.5;    3;   0.0;   0;    0.467;   0;   7.8;   9.0;  988.06;    6.2;   95.33;    7.7;    3.8;    1.0;eor
       4911;20181115;   10;   4.0;   1.5;    3;   0.0;   0;    3.333;   0;   7.4;   7.2;  985.51;    3.1;   94.46;    7.2;   -2.1;   -4.2;eor
       4911;20181116;   10;   5.3;   1.4;    3;   0.0;   0;    8.233;   0;   2.0;   5.7;  986.25;    1.6;   84.17;    8.6;   -4.1;   -6.5;eor
       4911;20181117;   10;  11.8;   3.5;    3;   0.0;   0;    8.233;   0;   0.0;   5.3;  985.66;    3.4;   67.79;    9.2;   -2.0;   -6.1;eor
       4911;20181118;   10;   7.3;   2.4;    3;   1.2;   8;    8.150;   0;   2.9;   5.0;  980.25;    1.7;   73.38;    7.2;   -5.2;   -6.7;eor
       4911;20181119;   10;  12.9;   3.9;    3;   0.5;   7;    1.233;   0;   6.3;   4.7;  970.77;    0.6;   73.42;    4.1;   -1.7;   -4.2;eor
       4911;20181120;   10;  15.4;   5.3;    3;   0.7;   8;    5.250;   0;   3.5;   5.7;  965.72;    1.9;   81.67;    6.2;   -2.8;   -6.4;eor
       4911;20181121;   10;   3.5;   1.3;    3;   0.0;   6;    1.017;   0;   6.3;   5.6;  972.65;    0.2;   89.67;    2.7;   -4.9;   -7.6;eor
       4911;20181122;   10;   5.7;   1.5;    3;   0.0;   6;    0.000;   0;   7.9;   6.8;  977.43;    2.8;   90.38;    4.4;    1.1;   -0.3;eor
       4911;20181123;   10;   6.9;   2.8;    3;   0.0;   6;    0.000;   0;   8.0;   6.7;  977.19;    2.0;   94.67;    3.0;   -0.3;   -2.4;eor
       4911;20181124;   10;   6.9;   2.3;    3;   2.4;   6;    0.000;   0;   7.9;   7.6;  971.73;    3.7;   95.38;    5.5;    1.2;   -0.4;eor
       4911;20181125;   10;   6.9;   1.7;    3;   0.5;   6;    0.000;   0;   7.9;   7.2;  967.41;    2.9;   95.42;    5.6;    0.2;   -1.4;eor
       4911;20181126;   10;   6.5;   2.8;    3;  25.5;   8;    0.000;   0;   7.8;   7.1;  964.73;    3.1;   92.38;    3.9;    0.4;    0.1;eor
       4911;20181127;   10;   6.2;   2.4;    3;   0.0;   0;    0.000;   0;   7.7;   5.7;  974.89;    0.7;   87.71;    2.4;   -2.6;   -5.0;eor
       4911;20181128;   10;   8.2;   2.8;    3;   0.0;   0;    0.000;   0;   5.2;   4.7;  983.60;   -2.4;   91.92;    0.3;   -5.4;   -8.3;eor
       4911;20181129;   10;  10.4;   3.9;    3;   0.0;   6;    6.033;   0;   7.8;   4.3;  980.40;   -2.1;   81.75;    1.4;   -4.1;   -6.5;eor
       4911;20181130;   10;   9.9;   3.3;    3;   4.8;   8;    0.000;   0;   7.7;   4.8;  974.99;   -1.2;   85.79;   -0.2;   -2.2;   -2.6;eor
       4911;20181201;   10;   7.8;   2.5;    3;   0.8;   6;    0.000;   0;   7.9;   6.4;  975.72;    0.7;   99.71;    2.0;   -0.3;    0.1;eor
       4911;20181202;   10;   8.9;   4.2;    3;  14.2;   8;    0.000;   0;   7.8;   6.9;  968.47;    1.7;   98.96;    4.0;    0.6;    0.6;eor
       4911;20181203;   10;  13.6;   3.3;    3;  25.7;   6;    0.017;   0;   7.8;  10.9;  965.26;    8.6;   96.75;   11.4;    4.0;    3.9;eor
       4911;20181204;   10;  13.5;   4.0;    3;   2.4;   6;    0.583;   0;   6.8;   8.9;  975.22;    7.0;   87.63;    9.6;   -2.1;   -4.4;eor
       4911;20181205;   10;   7.1;   2.8;    3;   0.2;   6;    0.017;   0;   7.7;   6.0;  983.72;    1.0;   91.00;    3.2;   -3.0;   -4.1;eor
       4911;20181206;   10;   6.9;   2.9;    3;   0.6;   6;    0.000;   0;   7.8;   6.8;  978.60;    3.1;   89.42;    4.6;    1.4;    0.9;eor
       4911;20181207;   10;  12.8;   2.4;    3;   1.4;   6;    0.233;   0;   8.0;   9.8;  971.25;    7.8;   92.88;   12.1;    4.0;    3.6;eor
       4911;20181208;   10;  17.0;   7.0;    3;   1.3;   6;    2.367;   0;   7.1;   7.1;  968.40;    7.1;   70.63;    9.0;    4.9;    2.7;eor
       4911;20181209;   10;  17.6;   7.9;    3;   3.1;   6;    0.117;   0;   7.8;   8.1;  961.51;    7.0;   80.92;    9.2;    5.6;    3.9;eor
       4911;20181210;   10;  14.0;   5.2;    3;   6.3;   8;    1.850;   0;   7.0;   6.4;  974.00;    3.3;   82.83;    6.0;    0.2;    0.0;eor
       4911;20181211;   10;  12.6;   5.9;    3;   0.7;   8;    0.000;   0;   7.8;   6.0;  976.57;    2.4;   82.63;    3.6;    1.6;    0.6;eor
       4911;20181212;   10;   7.4;   3.2;    3;   0.1;   8;    0.733;   0;   7.5;   5.9;  978.14;    1.8;   84.71;    3.2;   -0.5;   -2.0;eor
       4911;20181213;   10;   5.9;   2.4;    3;   0.0;   0;    0.483;   0;   7.9;   4.6;  974.90;   -0.5;   78.00;    1.5;   -2.9;   -4.7;eor
       4911;20181214;   10;   4.5;   1.5;    3;   0.0;   0;    0.000;   0;   8.0;   4.4;  977.16;   -1.7;   81.00;   -0.3;   -3.4;   -4.9;eor
       4911;20181215;   10;   3.7;   1.2;    3;   0.0;   0;    0.000;   0;   6.5;   4.0;  981.11;   -1.9;   75.21;   -0.9;   -6.2;   -8.6;eor
       4911;20181216;   10;   8.4;   3.6;    3;   0.6;   8;    0.000;   0;   6.6;   4.3;  973.53;   -3.5;   90.04;   -1.6;   -6.9;   -9.4;eor
       4911;20181217;   10;   4.2;   1.8;    3;   1.7;   8;    0.000;   1;   8.0;   5.8;  980.00;   -0.2;   95.67;    0.8;   -1.7;   -2.3;eor
       4911;20181218;   10;   8.3;   2.8;    3;   0.0;   0;    0.000;   1;   8.0;   6.4;  983.46;    1.0;   96.96;    2.4;   -0.6;   -2.8;eor
       4911;20181219;   10;   5.9;   2.5;    3;   3.2;   8;    0.000;   0;   7.9;   5.5;  976.12;   -0.7;   95.00;    0.1;   -2.8;   -5.3;eor
       4911;20181220;   10;   5.5;   2.5;    3;   0.9;   8;    0.000;   1;   7.8;   6.2;  976.18;    0.4;   97.67;    1.6;   -0.6;   -2.0;eor
       4911;20181221;   10;  12.6;   3.7;    3;   7.9;   6;    0.000;   0;   8.0;   7.6;  972.82;    4.1;   91.63;    9.6;    0.7;   -0.8;eor
       4911;20181222;   10;  17.0;   6.0;    3;  17.2;   6;    0.017;   0;   7.8;   9.6;  972.82;    8.8;   84.83;   10.8;    7.1;    5.7;eor
       4911;20181223;   10;  13.1;   3.7;    3;  23.0;   6;    0.000;   0;   7.8;   9.1;  977.36;    7.1;   89.83;   10.4;    5.8;    4.3;eor
       4911;20181224;   10;  16.0;   4.4;    3;   0.5;   8;    0.367;   0;   7.5;   7.7;  979.58;    4.8;   87.54;   11.2;    2.6;    1.6;eor
       4911;20181225;   10;   7.3;   2.9;    3;   0.0;   0;    0.000;   0;   7.9;   5.7;  990.47;    1.5;   83.83;    2.7;   -0.1;   -2.0;eor
       4911;20181226;   10;   5.9;   1.9;    3;   0.1;   6;    6.950;   0;   5.2;   5.4;  989.00;   -0.2;   89.13;    2.1;   -1.9;   -4.2;eor
       4911;20181227;   10;   3.4;   1.2;    3;   0.0;   6;    0.000;   0;   8.0;   5.8;  985.41;   -0.5;   98.83;    0.5;   -1.4;   -1.0;eor
       4911;20181228;   10;   4.7;   1.4;    3;   0.0;   0;    0.000;   0;   8.0;   5.6;  984.96;   -1.1;   98.50;   -0.3;   -1.7;   -1.6;eor
       4911;20181229;   10;   6.4;   2.4;    3;   3.0;   8;    0.000;   0;   7.9;   5.6;  988.05;   -0.7;   96.25;    0.9;   -2.0;   -1.7;eor
       4911;20181230;   10;  11.1;   4.8;    3;   0.5;   6;    0.150;   0;   7.9;   7.1;  985.34;    3.8;   88.17;    6.1;    0.8;    0.1;eor
       4911;20181231;   10;   7.3;   3.1;    3;   1.2;   6;    0.000;   0;   7.9;   8.0;  988.66;    4.5;   95.13;    5.7;    3.7;    2.9;eor
       4911;20190101;   10;  16.3;   5.7;    3;   2.9;   8;    0.000;   0;   7.7;   7.9;  983.14;    5.3;   89.04;    5.9;    0.9;    0.1;eor
       4911;20190102;   10;  16.6;   5.1;    3;   0.2;   7;    3.267;   1;   5.7;   5.0;  983.05;    0.9;   76.50;    3.3;   -1.9;   -3.0;eor
       4911;20190103;   10;   9.7;   3.8;    3;   0.5;   7;    1.067;   1;   7.9;   4.2;  989.78;   -0.8;   72.71;    0.1;   -2.2;   -3.4;eor
       4911;20190104;   10;  12.1;   4.2;    3;   5.2;   8;    0.000;   2;   7.6;   5.1;  988.62;   -0.7;   88.42;    0.9;   -2.7;   -4.0;eor
       4911;20190105;   10;  12.2;   5.5;    3;   9.9;   8;    0.000;   2;   7.7;   6.2;  980.78;    1.2;   93.17;    2.3;    0.2;    0.0;eor
       4911;20190106;   10;   7.7;   3.2;    3;   0.5;   6;    0.133;   1;   7.8;   6.7;  983.54;    2.9;   89.83;    3.9;    2.0;    0.7;eor
       4911;20190107;   10;   9.4;   4.1;    3;   4.7;   8;    0.000;   0;   7.6;   7.0;  985.78;    3.4;   89.96;    4.5;    1.4;   -0.2;eor
       4911;20190108;   10;  17.1;   6.6;    3;   2.2;   8;    1.033;   1;   6.9;   6.4;  970.69;    2.7;   86.58;    4.4;    0.5;   -0.1;eor
       4911;20190109;   10;  15.2;   5.2;    3;   2.6;   8;    0.000;   0;   7.3;   5.7;  965.86;    0.7;   88.63;    2.6;   -0.5;   -1.3;eor
       4911;20190110;   10;   8.8;   3.3;    3;   0.2;   7;    0.000;   3;   7.9;   5.2;  975.59;    0.1;   83.71;    1.7;   -2.0;   -3.2;eor
       4911;20190111;   10;   7.3;   3.1;    3;   5.0;   8;    0.000;   1;   7.7;   4.5;  980.08;   -2.0;   84.54;   -0.4;   -3.8;   -5.1;eor
       4911;20190112;   10;  12.3;   6.0;    3;   3.3;   8;    0.000;   6;   7.6;   6.0;  975.68;    1.4;   88.21;    2.8;   -0.6;   -0.8;eor
       4911;20190113;   10;  17.2;   6.3;    3;   5.1;   6;    0.000;   0;   7.6;   7.0;  963.69;    3.2;   90.46;    6.0;    1.3;    0.1;eor
       4911;20190114;   10;  17.8;   4.9;    3;   1.3;   8;    0.583;   0;   7.1;   6.1;  964.53;    3.3;   78.17;    6.0;    0.6;   -0.5;eor
       4911;20190115;   10;  13.2;   6.0;    3;   0.0;   0;    0.000;   1;   8.0;   5.4;  975.76;    2.5;   73.46;    4.0;    0.4;   -0.1;eor
       4911;20190116;   10;   9.2;   3.7;    3;   0.0;   0;    5.300;   0;   7.6;   5.6;  971.72;    2.7;   75.50;    5.8;   -2.0;   -4.2;eor
       4911;20190117;   10;  14.5;   3.9;    3;   3.4;   8;    0.283;   0;   8.0;   5.9;  965.52;    1.8;   85.13;    7.9;   -2.4;   -4.7;eor
       4911;20190118;   10;   8.1;   2.6;    3;   0.0;   7;    1.650;   1;   6.7;   4.8;  974.64;   -0.1;   79.88;    2.8;   -4.4;   -7.7;eor
       4911;20190119;   10;   5.1;   1.8;    3;   0.0;   0;    7.533;   0;   5.2;   3.6;  973.88;   -3.4;   76.46;    0.6;   -7.1;  -11.4;eor
       4911;20190120;   10;   4.8;   1.5;    3;   0.0;   0;    0.083;   0;   4.7;   3.6;  973.40;   -6.0;   90.71;   -4.2;   -8.5;  -11.4;eor
       4911;20190121;   10;   3.1;   1.0;    3;   0.0;   0;    5.767;   0;   4.5;   3.6;  976.99;   -5.4;   87.42;   -1.0;   -8.2;  -10.7;eor
       4911;20190122;   10;   7.2;   2.4;    3;   0.0;   0;    0.000;   0;   8.0;   4.0;  968.81;   -3.9;   86.38;   -2.8;   -5.2;   -4.9;eor
       4911;20190123;   10;   6.0;   2.5;    3;   0.6;   7;    0.000;   0;   7.8;   3.8;  957.38;   -4.7;   86.96;   -3.4;   -5.9;   -5.6;eor
       4911;20190124;   10;   4.6;   1.6;    3;   0.0;   7;    0.000;   2;   7.9;   4.0;  965.30;   -3.4;   83.58;   -2.5;   -4.6;   -7.1;eor
       4911;20190125;   10;   7.5;   2.6;    3;   1.7;   7;    0.217;   2;   7.8;   3.7;  972.52;   -3.9;   81.67;   -2.0;   -5.8;   -7.0;eor
       4911;20190126;   10;   7.6;   2.5;    3;   5.9;   8;    0.000;   4;   7.7;   5.1;  967.82;   -1.1;   90.13;    3.7;   -3.4;   -3.3;eor
       4911;20190127;   10;   8.0;   3.3;    3;   1.2;   8;    0.183;   7;   7.9;   5.8;  954.17;    0.5;   91.71;    3.3;   -2.9;   -4.1;eor
       4911;20190128;   10;  14.8;   5.7;    3;   0.0;   8;    0.283;   3;   7.8;   5.5;  955.11;    2.1;   77.96;    3.9;    0.5;   -1.9;eor
       4911;20190129;   10;  10.6;   4.0;    3;   0.0;   7;    2.817;   3;   6.2;   4.9;  963.26;   -0.3;   82.67;    2.4;   -5.1;   -7.9;eor
       4911;20190130;   10;   7.9;   3.7;    3;   0.0;   0;    2.300;   2;   8.0;   4.2;  956.18;   -1.3;   74.63;    2.1;   -4.9;   -6.1;eor
       4911;20190131;   10;  10.6;   3.0;    3;   0.0;   7;    8.017;   2;   5.5;   4.2;  957.02;   -2.1;   80.29;    1.7;   -6.1;  -10.6;eor
       4911;20190201;   10;   9.0;   3.3;    3;   0.5;   6;    0.117;   2;   7.8;   4.6;  950.67;    0.4;   72.96;    2.2;   -1.7;   -2.3;eor
       4911;20190202;   10;   6.2;   1.7;    3;  14.0;   8;    0.133;   2;   7.8;   6.0;  954.84;    0.7;   93.71;    2.5;   -1.4;   -2.9;eor
       4911;20190203;   10;   9.3;   3.6;    3;  13.5;   8;    0.000;   2;   7.6;   5.8;  967.96;    0.3;   93.71;    2.0;   -0.7;    0.0;eor
       4911;20190204;   10;   6.2;   2.2;    3;   0.0;   0;    4.150;  15;   6.9;   4.3;  986.05;   -4.1;   93.54;   -0.6;  -10.3;   -0.8;eor
       4911;20190205;   10;   2.5;   1.1;    3;   0.0;   8;    0.000;  13;   8.0;   3.7;  986.78;   -6.6;   96.17;   -4.0;  -10.6;   -1.4;eor
       4911;20190206;   10;   2.9;   1.5;    3;   0.0;   8;    0.000;  12;   8.0;   4.3;  985.05;   -4.3;   95.75;   -3.2;   -5.6;   -1.2;eor
       4911;20190207;   10;   3.6;   1.6;    3;   6.5;   6;    0.000;  11;   7.9;   4.5;  976.05;   -3.6;   95.46;   -0.1;   -5.8;   -1.3;eor
       4911;20190208;   10;   6.3;   2.7;    3;   0.0;   0;    5.350;  10;   7.8;   6.1;  976.78;    1.0;   92.96;    2.9;   -0.2;    0.0;eor
       4911;20190209;   10;   7.6;   3.3;    3;   0.1;   6;    2.950;   8;   7.6;   6.0;  971.83;    2.8;   81.13;    8.3;   -3.1;   -3.1;eor
       4911;20190210;   10;  16.4;   4.0;    3;   6.9;   6;    2.600;   7;   7.9;   6.2;  964.16;    2.9;   82.13;    7.4;   -1.0;   -1.4;eor
       4911;20190211;   10;  13.9;   5.6;    3;   1.5;   8;    0.283;   4;   7.4;   6.1;  971.45;    2.8;   82.25;    4.6;    0.4;   -1.7;eor
       4911;20190212;   10;  12.1;   4.5;    3;   0.0;   8;    0.717;   2;   7.3;   5.3;  988.07;    1.9;   75.96;    3.2;    0.5;   -1.7;eor
       4911;20190213;   10;   6.4;   2.3;    3;   0.0;   0;    7.500;   1;   6.8;   5.3;  993.65;    2.5;   73.75;    7.5;   -2.9;   -5.4;eor
       4911;20190214;   10;   3.9;   1.5;    3;   0.0;   0;    8.617;   1;   4.3;   5.4;  993.85;    0.6;   84.96;    6.8;   -3.9;   -6.2;eor
       4911;20190215;   10;   3.5;   1.3;    3;   0.0;   0;    8.933;   1;   1.7;   5.6;  991.56;    0.8;   86.83;    8.1;   -4.5;   -7.1;eor
       4911;20190216;   10;   5.9;   1.7;    3;   0.0;   0;    9.333;   0;   3.7;   5.7;  987.10;    1.6;   84.42;    9.3;   -4.0;   -7.2;eor
       4911;20190217;   10;   4.8;   1.8;    3;   0.0;   0;    9.500;   0;   1.4;   5.7;  983.86;    1.7;   83.13;   10.3;   -5.0;   -7.6;eor
       4911;20190218;   10;   3.7;   1.6;    3;   0.0;   0;    9.367;   0;   0.8;   5.5;  979.25;    1.5;   81.96;    9.8;   -4.7;   -7.2;eor
       4911;20190219;   10;   5.1;   1.8;    3;   0.8;   6;    6.717;   0;   5.5;   6.4;  978.07;    3.0;   84.42;    9.1;   -4.3;   -7.2;eor
       4911;20190220;   10;   3.0;   1.1;    3;   0.0;   0;    1.167;   0;   6.9;   6.8;  981.95;    2.6;   91.79;    7.8;   -2.4;   -5.0;eor
       4911;20190221;   10;   7.1;   1.7;    3;   0.7;   6;    2.767;   0;   8.0;   7.3;  984.85;    5.2;   82.88;   11.5;   -1.2;   -2.6;eor
       4911;20190222;   10;  10.1;   3.7;    3;   0.0;   6;    1.483;   0;   5.8;   7.9;  989.24;    6.9;   77.96;   11.4;   -1.5;   -4.9;eor
       4911;20190223;   10;   9.3;   3.1;    3;   0.0;   0;    9.383;   0;   3.9;   3.7;  996.92;   -0.4;   64.63;    4.5;   -4.0;   -7.5;eor
       4911;20190224;   10;   3.7;   1.4;    3;   0.0;   0;    5.483;   0;   2.8;   3.7;  995.63;   -0.3;   63.71;    5.5;   -5.3;   -8.6;eor
       4911;20190225;   10;   3.9;   1.4;    3;   0.0;   0;    9.200;   0;   4.6;   5.3;  994.27;    2.7;   72.54;   12.9;   -4.4;   -6.3;eor
       4911;20190226;   10;   6.1;   1.7;    3;   0.0;   0;    6.433;   0;   7.6;   6.1;  990.11;    6.0;   69.58;   15.1;   -2.9;   -5.5;eor
       4911;20190227;   10;   4.4;   1.8;    3;   0.0;   0;   10.067;   0;   1.9;   6.3;  984.48;    6.1;   67.96;   14.2;   -1.4;   -3.9;eor
       4911;20190228;   10;  13.7;   3.0;    3;   0.5;   6;    9.600;   0;   1.7;   6.5;  974.52;    7.8;   66.33;   17.7;   -3.4;   -6.2;eor
       4911;20190301;   10;  11.7;   4.6;    3;   4.0;   6;    0.267;   0;   7.4;   8.5;  971.67;    8.2;   78.88;    9.6;    6.3;    5.3;eor
       4911;20190302;   10;   9.8;   3.1;    3;   0.6;   6;    0.000;   0;   7.7;   8.2;  974.70;    6.3;   85.29;    7.7;    4.0;    0.1;eor
       4911;20190303;   10;  10.8;   3.6;    3;   0.0;   6;    0.950;   0;   7.9;   8.2;  971.93;    8.7;   73.83;   12.8;    3.5;    1.1;eor
       4911;20190304;   10;  23.4;   5.6;    3;   0.6;   6;    4.100;   0;   7.1;   7.1;  961.52;    8.0;   67.29;   15.5;    3.4;    0.2;eor
       4911;20190305;   10;  16.8;   6.2;    3;   1.0;   6;    2.033;   0;   6.8;   6.6;  968.28;    5.6;   73.25;   10.2;    1.5;   -0.7;eor
       4911;20190306;   10;  10.6;   4.5;    3;   0.0;   0;    4.683;   0;   7.9;   7.7;  967.96;    7.0;   78.63;   12.9;    2.2;    0.6;eor
       4911;20190307;   10;  14.7;   4.8;    3;   0.3;   6;    0.750;   0;   7.6;   7.7;  962.42;    7.8;   72.75;   13.0;    3.7;    1.2;eor
       4911;20190308;   10;  14.7;   4.4;    3;   0.0;   6;    4.117;   0;   6.6;   6.6;  972.58;    7.2;   66.42;   12.0;    1.7;   -1.1;eor
       4911;20190309;   10;  20.0;   6.3;    3;   0.4;   6;    0.533;   0;   7.9;   7.3;  973.75;    8.0;   68.75;   11.8;    0.0;   -1.8;eor
       4911;20190310;   10;  25.0;   7.6;    3;  13.2;   8;    2.400;   0;   6.2;   8.3;  968.23;    9.9;   68.17;   14.7;    5.0;    3.2;eor
       4911;20190311;   10;  17.6;   5.6;    3;   5.1;   8;    2.250;   0;   6.6;   5.6;  975.13;    3.1;   73.58;    5.9;    0.1;    0.0;eor
       4911;20190312;   10;  11.3;   4.7;    3;   0.0;   8;    5.133;   0;   6.8;   5.4;  977.60;    4.2;   66.96;    8.4;    1.3;    0.5;eor
       4911;20190313;   10;  18.0;   6.6;    3;   1.0;   6;    7.017;   0;   6.1;   5.6;  968.27;    6.0;   60.42;   10.2;    2.4;    1.6;eor
       4911;20190314;   10;  15.3;   7.1;    3;   3.6;   6;    0.267;   0;   7.7;   7.0;  965.70;    4.8;   81.29;    7.0;    3.3;    2.5;eor
       4911;20190315;   10;  17.6;   6.4;    3;  10.2;   6;    0.000;   0;   7.5;   8.9;  965.91;    7.3;   85.96;   10.5;    4.5;    2.7;eor
       4911;20190316;   10;  16.9;   6.6;    3;   1.5;   6;    1.150;   0;   6.5;   9.6;  968.74;    9.3;   82.25;   14.2;    0.3;   -1.9;eor
       4911;20190317;   10;  17.6;   4.1;    3;   1.5;   6;    9.833;   0;   6.9;   7.4;  965.50;    7.8;   73.92;   19.4;    0.2;   -2.7;eor
       4911;20190318;   10;  11.4;   3.7;    3;   0.1;   8;    2.150;   0;   7.0;   6.0;  975.60;    5.0;   69.21;    8.1;    1.6;   -0.8;eor
       4911;20190319;   10;   7.1;   2.1;    3;   0.0;   7;    5.367;   0;   6.2;   5.3;  983.93;    3.8;   69.08;    8.4;   -1.1;   -3.7;eor
       4911;20190320;   10;   8.9;   1.7;    3;   0.0;   0;   10.800;   0;   3.0;   4.8;  990.58;    3.9;   63.71;   10.2;   -2.1;   -4.6;eor
       4911;20190321;   10;   7.0;   1.8;    3;   0.0;   0;   11.200;   0;   3.5;   5.5;  990.48;    5.2;   65.29;   14.5;   -3.7;   -6.8;eor
       4911;20190322;   10;   3.6;   1.4;    3;   0.0;   0;   11.217;   0;   3.5;   6.8;  987.15;    8.0;   66.46;   18.3;   -2.1;   -4.0;eor
       4911;20190323;   10;   4.8;   1.7;    3;   0.0;   0;   11.117;   0;   2.3;   7.6;  984.23;    8.6;   71.21;   18.0;   -0.3;   -3.1;eor
       4911;20190324;   10;   7.3;   1.9;    3;   0.0;   6;    9.800;   0;   1.4;   7.9;  979.57;    8.8;   71.75;   17.1;   -0.5;   -2.9;eor
       4911;20190325;   10;  13.7;   3.9;    3;   1.6;   6;    5.383;   0;   6.3;   6.8;  976.77;    5.4;   75.29;    8.8;    1.1;   -1.1;eor
       4911;20190326;   10;   9.3;   3.3;    3;   0.7;   6;    2.317;   0;   6.5;   5.6;  984.41;    4.3;   69.33;    8.6;    0.2;   -1.2;eor
       4911;20190327;   10;   6.1;   2.1;    3;   0.0;   6;    0.333;   0;   7.8;   7.0;  987.91;    5.7;   77.00;    9.3;    3.0;    2.3;eor
       4911;20190328;   10;   5.5;   1.8;    3;   0.0;   6;    0.967;   0;   7.9;   8.0;  989.74;    8.1;   75.38;   11.7;    3.5;    2.8;eor
       4911;20190329;   10;   9.4;   2.5;    3;   0.0;   0;   11.583;   0;   3.8;   7.6;  987.52;    8.5;   71.83;   15.3;    0.9;   -2.5;eor
       4911;20190330;   10;   5.8;   1.6;    3;   0.0;   0;   11.517;   0;   6.0;   7.0;  981.40;    8.1;   68.63;   17.6;   -1.6;   -4.8;eor
       4911;20190331;   10;   6.0;   2.0;    3;   0.0;   0;   11.533;   0;   0.9;   7.1;  977.72;    9.7;   63.33;   18.7;   -0.2;   -3.4;eor
       4911;20190401;   10;  10.0;   3.3;    3;   0.0;   0;    9.400;   0;   1.5;   7.8;  976.32;    9.8;   65.96;   16.4;    3.1;   -1.7;eor
       4911;20190402;   10;   8.1;   2.7;    3;   0.0;   0;   10.417;   0;   6.8;   7.2;  969.21;    9.8;   62.08;   18.9;   -0.4;   -2.9;eor
       4911;20190403;   10;   9.9;   3.8;    3;   0.0;   0;    7.867;   0;   5.5;   7.6;  960.21;   12.9;   54.00;   19.9;    5.4;    2.2;eor
       4911;20190404;   10;  15.4;   5.2;    3;   0.0;   0;    9.683;   0;   7.3;   7.5;  955.64;   10.5;   63.38;   20.9;    1.2;   -2.1;eor
       4911;20190405;   10;   6.4;   2.0;    3;   0.0;   0;    3.617;   0;   7.7;   8.1;  962.05;    8.5;   73.46;   12.7;    5.3;    1.6;eor
       4911;20190406;   10;   9.9;   3.0;    3;   0.0;   0;   10.317;   0;   4.9;   8.7;  962.11;   10.7;   68.67;   17.2;    3.6;   -0.3;eor
       4911;20190407;   10;   8.1;   2.3;    3;   0.0;   0;    9.450;   0;   4.9;   7.7;  962.41;    9.4;   66.50;   16.6;   -0.2;   -3.0;eor
       4911;20190408;   10;   6.8;   2.3;    3;   4.6;   6;    0.850;   0;   7.7;   9.1;  966.65;   10.0;   74.67;   15.8;    2.6;    0.5;eor
       4911;20190409;   10;  11.1;   2.0;    3;   1.1;   6;    5.017;   0;   7.1;  10.8;  966.68;   11.4;   81.13;   17.8;    8.0;    5.6;eor
       4911;20190410;   10;   9.2;   3.1;    3;   0.0;   6;    4.950;   0;   7.9;   8.3;  967.60;    9.2;   71.38;   14.7;    2.5;    0.7;eor
       4911;20190411;   10;   9.4;   3.5;    3;   0.0;   0;    1.833;   0;   7.5;   5.8;  974.03;    6.8;   59.33;   11.3;    1.6;   -1.3;eor
       4911;20190412;   10;   7.7;   2.7;    3;   0.0;   0;    5.817;   0;   7.1;   4.8;  976.92;    4.6;   57.08;    9.0;   -0.8;   -2.9;eor
       4911;20190413;   10;   8.3;   2.8;    3;   0.0;   0;    6.650;   0;   6.3;   4.7;  975.96;    5.1;   55.08;   10.0;    1.3;   -2.9;eor
       4911;20190414;   10;   6.7;   2.1;    3;   0.0;   6;    3.500;   0;   7.8;   5.9;  976.24;    5.3;   66.63;   10.5;   -1.8;   -3.7;eor
       4911;20190415;   10;   6.3;   2.2;    3;   0.0;   0;   12.150;   0;   1.5;   6.7;  979.16;    9.4;   58.92;   15.6;    3.1;   -1.7;eor
       4911;20190416;   10;   9.3;   3.0;    3;   0.0;   0;   12.083;   0;   1.9;   5.6;  976.16;   10.3;   46.42;   17.9;    2.2;   -3.6;eor
       4911;20190417;   10;   8.0;   2.3;    3;   0.0;   0;   12.350;   0;   1.7;   6.0;  980.24;   11.3;   47.75;   18.3;    1.5;   -2.7;eor
       4911;20190418;   10;  12.5;   4.5;    3;   0.0;   0;   12.483;   0;   0.7;   7.5;  982.25;   13.1;   52.46;   20.2;    4.5;    0.2;eor
       4911;20190419;   10;  11.7;   4.1;    3;   0.0;   0;   12.567;   0;   0.0;   6.8;  985.25;   14.6;   43.38;   22.2;    5.5;    0.2;eor
       4911;20190420;   10;   8.1;   2.4;    3;   0.0;   0;   12.583;   0;  -999;   5.7;  984.16;   15.6;   36.48;   22.9;    3.0;   -0.4;eor
       4911;20190421;   10;   8.7;-999;    3;   0.0;   0;   12.000;-999;  -999;  -999;  977.62;   14.0;-999;   22.2;    3.0;   -0.5;eor
       4911;20190422;   10;  11.6;-999;    3;   0.0;   0;   12.000;-999;  -999;  -999;  967.90;   14.5;-999;   23.3;    2.5;   -1.0;eor
       4911;20190423;   10;  15.5;   7.8;    3;   0.0;   6;    4.350;   0;   7.6;   8.9;  960.49;   14.7;   53.58;   20.6;   10.0;    6.9;eor
       4911;20190424;   10;  12.0;   5.3;    3;   0.0;   0;   10.150;   0;   5.1;   9.5;  963.09;   17.6;   50.00;   26.8;    9.6;    7.5;eor
       4911;20190425;   10;  11.5;   3.9;    3;   0.0;   0;   12.183;   0;   4.0;   8.5;  968.42;   16.5;   49.46;   25.9;    4.4;    2.8;eor
       4911;20190426;   10;  13.3;   4.2;    3;   6.6;   6;    3.333;-999;   7.5;   9.1;  970.42;   10.9;   70.58;   17.0;    6.9;    3.8;eor
       4911;20190427;   10;  12.3;   3.2;    3;   2.2;   6;    2.667;   0;   6.8;   9.5;  974.17;    9.3;   81.79;   14.7;    5.0;    2.9;eor
       4911;20190428;   10;   7.6;   2.8;    3;   0.3;   6;    4.133;   0;   7.1;   7.0;  976.78;    7.9;   66.79;   12.5;    5.0;    3.2;eor
       4911;20190429;   10;  11.2;   3.6;    3;   5.4;   6;    0.000;   0;   7.6;   8.3;  976.28;    7.2;   81.54;   10.7;    4.7;    3.3;eor
       4911;20190430;   10;   9.3;   3.5;    3;   0.2;   6;    3.717;   0;   5.8;   9.1;  973.82;   10.9;   71.17;   16.9;    6.5;    4.0;eor
       4911;20190501;    3;   5.5;   2.0;    3;   0.0;   6;    6.700;-999;   3.5;   8.6;  972.86;   10.6;   68.63;   16.6;    1.2;   -2.4;eor
       4911;20190502;    3;-999;   1.5;    3;   2.0;   4;    8.000;-999;  -999;  -999;  967.16;   12.5;-999;   20.6;    1.4;   -0.5;eor
       4911;20190503;    3;-999;-999;    3;   3.0;   4;    1.000;-999;  -999;  -999;  967.02;   10.5;-999;   14.7;    4.0;    1.4;eor
       4911;20190504;    3;  13.2;   3.1;    3;   8.9;   6;    1.650;-999;   6.4;   7.8;  964.78;    6.0;   83.17;   12.4;    1.3;   -0.8;eor
       4911;20190505;    3;   9.2;   3.0;    3;   0.0;   6;    2.333;-999;   7.7;   6.1;  972.48;    5.3;   69.54;    9.0;    2.1;    0.4;eor
       4911;20190506;    3;   8.6;   2.8;    3;   0.0;   6;    3.583;-999;   6.9;   5.8;  976.18;    5.9;   64.17;   10.7;    0.6;   -1.5;eor
       4911;20190507;    3;   5.8;   1.5;    3;   0.0;   0;    8.550;-999;   4.7;   6.1;  975.59;    7.4;   62.83;   13.2;    0.3;   -3.7;eor
       4911;20190508;    3;   7.8;   3.2;    3;   0.9;   6;    2.250;-999;   7.4;   7.8;  965.66;   11.0;   60.83;   17.1;    2.5;   -0.9;eor
       4911;20190509;    3;  16.6;   3.3;    3;   3.0;   6;    5.150;-999;   7.0;   9.9;  961.96;   12.2;   71.21;   16.7;    8.1;    6.9;eor
       4911;20190510;    3;   9.9;   3.2;    3;   2.4;   6;    3.833;-999;   6.7;   9.8;  969.02;   12.1;   70.17;   15.5;    6.9;    4.2;eor
       4911;20190511;    3;  11.5;   3.5;    3;   7.9;   6;    0.200;-999;   7.9;  11.4;  970.06;   11.3;   85.25;   15.4;    8.7;    7.8;eor
       4911;20190512;    3;  11.3;   3.3;    3;   0.8;   6;    0.000;-999;   7.8;   8.5;  982.69;    9.1;   73.63;   10.9;    7.1;    6.4;eor
       4911;20190513;    3;  10.1;   4.0;    3;   0.0;   0;   11.033;-999;   4.0;   6.1;  989.21;   10.7;   49.08;   15.2;    6.9;    3.7;eor
       4911;20190514;    3;  15.9;   4.4;    3;   0.0;   6;    6.800;-999;   5.2;   6.2;  984.56;    7.2;   63.08;   12.4;   -0.3;   -2.5;eor
       4911;20190515;    3;   9.5;   4.3;    3;   0.4;   6;    0.333;-999;   7.9;   6.9;  978.90;    7.2;   68.58;   10.6;    5.2;    4.7;eor
       4911;20190516;    3;   3.8;   1.4;    3;   4.2;   6;    0.000;-999;   7.9;   9.1;  972.41;    7.6;   87.38;    9.3;    5.6;    5.3;eor
       4911;20190517;    3;   9.2;   3.1;    3;   0.0;   0;   12.783;-999;   3.3;  10.4;  965.92;   13.0;   72.25;   19.7;    6.8;    4.2;eor
       4911;20190518;    3;   7.9;   2.4;    3;   0.0;   0;   12.350;-999;   5.1;  10.3;  963.25;   15.1;   63.29;   21.5;    7.6;    2.8;eor
       4911;20190519;    3;  14.0;   2.6;    3;   0.0;   0;   13.100;-999;   4.5;  11.1;  961.00;   16.3;   62.29;   23.0;    8.9;    3.4;eor
       4911;20190520;    3;   6.6;   2.0;    3;  39.0;   6;    0.233;-999;   7.9;  13.6;  959.51;   13.9;   86.21;   16.8;   11.0;    9.2;eor
       4911;20190521;    3;  11.6;   4.3;    3;   7.0;   6;    0.000;-999;   7.7;  13.8;  964.50;   13.0;   91.71;   14.5;   12.3;   12.0;eor
       4911;20190522;    3;   9.1;   4.1;    3;   0.1;   6;    0.100;-999;   7.4;  13.0;  973.87;   12.5;   89.17;   14.3;   10.1;    8.5;eor
       4911;20190523;    3;   6.2;   2.1;    3;   0.0;   0;   11.583;-999;   4.1;  10.0;  976.50;   13.2;   68.92;   19.6;    7.6;    5.3;eor
       4911;20190524;    3;   4.8;   1.4;    3;   0.0;   0;   13.600;-999;   5.1;  10.5;  973.02;   14.9;   66.33;   21.7;    5.8;    3.6;eor
       4911;20190525;    3;   7.9;   1.5;    3;   0.1;   6;    7.817;-999;   7.5;  12.4;  972.32;   16.7;   67.58;   23.0;    9.8;    8.3;eor
       4911;20190526;    3;   5.3;   2.0;    3;   0.0;   0;    7.883;-999;   5.6;  12.3;  973.01;   17.0;   65.33;   22.5;   11.2;    8.8;eor
       4911;20190527;    3;   7.8;   2.0;    3;  14.9;   6;    7.100;-999;   5.8;  13.1;  968.12;   16.2;   73.29;   22.5;    9.0;    7.3;eor
       4911;20190528;    3;  12.0;   2.3;    3;   5.8;   6;    0.017;-999;   7.7;  13.8;  965.53;   13.5;   88.79;   17.0;   10.3;    9.3;eor
       4911;20190529;    3;  11.7;   3.6;    3;   4.8;   6;    2.350;-999;   7.9;  11.1;  976.33;   11.8;   80.29;   14.1;   10.1;    9.0;eor
       4911;20190530;    3;   6.3;   2.0;    3;   0.0;   0;   12.967;-999;   2.3;   9.5;  982.98;   13.7;   63.63;   19.6;    6.7;    3.9;eor
       4911;20190531;    3;   4.1;   1.5;    3;   0.0;   0;    2.850;-999;   7.1;  13.3;  983.23;   15.4;   76.46;   20.5;   10.1;    9.7;eor
       4911;20190601;    3;   5.8;   1.6;    3;   0.0;   0;   14.167;-999;   4.7;  13.6;  980.54;   18.8;   66.54;   26.2;   10.5;    8.9;eor
       4911;20190602;    3;   7.0;   2.0;    3;   0.0;   0;   14.467;-999;   4.3;  14.9;  976.75;   20.0;   66.71;   27.2;   10.6;    8.7;eor
       4911;20190603;    3;   6.7;   2.3;    3;   0.0;   0;   14.117;-999;   0.3;  14.7;  973.81;   21.5;   60.54;   28.9;   12.1;    8.1;eor
       4911;20190604;    3;   5.3;   1.8;    3;   0.0;   0;   14.333;-999;   2.3;  15.7;  971.10;   21.5;   62.92;   28.0;   13.1;   11.3;eor
       4911;20190605;    3;   9.6;   2.3;    3;   0.0;   6;   13.617;-999;   1.5;  16.6;  966.14;   21.7;   66.25;   29.4;   12.7;    9.8;eor
       4911;20190606;    3;  11.3;   3.9;    3;   0.0;   6;   10.983;-999;   4.1;  14.1;  968.67;   19.5;   62.63;   24.4;   13.1;   12.2;eor
       4911;20190607;    3;  17.6;   3.4;    3;   0.0;   0;   14.367;-999;   0.8;  14.7;  971.24;   18.9;   67.75;   26.4;    9.4;    7.8;eor
       4911;20190608;    3;  10.7;   2.9;    3;   0.0;   0;    7.450;-999;   5.0;  10.0;  981.24;   16.9;   53.29;   22.1;    8.9;    6.1;eor
       4911;20190609;    3;   9.5;   2.6;    3;   0.2;   6;   11.633;-999;   4.9;  13.0;  978.98;   19.6;   58.83;   27.2;    8.4;    6.3;eor
       4911;20190610;    1;  11.9;   2.3;    1;   0.4;   6;    3.700;-999;   6.9;  16.5;  971.13;   19.4;   74.42;   25.8;   13.1;   11.5;eor
       4911;20190611;    1;   9.2;   2.4;    1;   0.0;   0;    4.100;-999;   7.0;  17.6;  967.62;   19.5;   78.21;   25.3;   13.4;   12.0;eor
       4911;20190612;    1;  12.6;   3.7;    1;   0.0;   6;    8.050;-999;   6.6;  16.5;  967.60;   19.4;   73.96;   29.4;   13.5;   12.8;eor
       4911;20190613;    1;   7.0;   2.3;    1;   0.0;   0;    8.900;-999;   4.7;  13.8;  972.74;   19.3;   62.67;   25.8;   13.5;   11.2;eor
       4911;20190614;    1;  11.4;   3.2;    1;   0.0;   0;   10.500;-999;   3.1;  16.5;  973.39;   22.6;   62.42;   30.9;   10.7;    8.4;eor
       4911;20190615;    1;  10.8;   3.3;    1;   4.4;   6;   11.083;-999;   6.0;  16.4;  971.15;   23.6;   57.54;   28.3;   19.0;   17.1;eor
       4911;20190616;    1;  10.5;   3.1;    1;   0.0;   6;    4.683;-999;   6.0;  16.6;  977.89;   18.3;   79.58;   21.2;   13.3;   10.6;eor
       4911;20190617;    1;   9.5;   2.4;    1;   0.0;   0;   13.467;-999;   5.5;  15.5;  977.60;   19.9;   69.67;   26.2;   10.2;    9.1;eor
       4911;20190618;    1;  10.5;   2.0;    1;   0.0;   0;   14.233;-999;   2.5;  16.1;  973.45;   21.7;   64.67;   29.2;   12.5;   10.0;eor
       4911;20190619;    1;   6.3;   2.0;    1;   0.0;   6;   10.317;-999;   4.5;  16.2;  970.16;   22.5;   62.54;   30.1;   15.7;   13.3;eor
       4911;20190620;    1;  10.3;   2.3;    1;   1.1;   6;    3.317;-999;   6.5;  16.6;  972.06;   19.4;   74.58;   25.2;   12.8;   10.0;eor
       4911;20190621;    1;   5.2;   1.8;    1;   0.0;   6;    6.933;-999;   7.0;  16.3;  975.62;   19.4;   74.96;   25.7;   11.6;   10.2;eor
       4911;20190622;    1;  19.6;   3.6;    1;  73.3;   8;    4.817;-999;   7.5;  17.7;  974.85;   20.0;   78.13;   26.4;   14.6;   14.6;eor
       4911;20190623;    1;   6.8;   2.3;    1;   0.0;   6;    3.333;-999;   6.2;  18.7;  976.50;   19.3;   84.67;   24.7;   15.6;   13.8;eor
       4911;20190624;    1;   8.6;   2.9;    1;   0.0;   0;   14.500;-999;   0.1;  18.0;  979.44;   22.3;   69.29;   27.8;   13.9;   11.8;eor
       4911;20190625;    1;   7.2;   2.1;    1;   0.0;   0;   14.533;-999;   5.5;  19.2;  979.42;   23.7;   67.58;   30.8;   16.1;   11.5;eor
       4911;20190626;    1;   3.9;   1.6;    1;   0.0;   0;   14.417;-999;   2.9;  -999;  980.75;   26.0;-999;   35.0;   15.1;   13.8;eor
       4911;20190627;    1;   7.8;   2.6;    1;   0.0;   0;   14.300;-999;   0.0;  -999;  979.27;   25.5;-999;   32.9;   17.0;   16.9;eor
       4911;20190628;    1;   7.5;   2.0;    1;   0.0;   0;   14.550;-999;   0.0;  12.6;  979.74;   21.2;   53.29;   28.8;   12.2;   10.3;eor
       4911;20190629;    1;   7.8;   2.2;    1;   0.0;   0;   14.567;-999;   0.0;  14.5;  978.50;   21.6;   59.38;   29.0;   12.5;    8.9;eor
       4911;20190630;    1;   5.7;   2.0;    1;   0.0;   0;   14.483;-999;   1.1;  -999;  975.02;   24.0;-999;   33.2;   11.9;    9.2;eor
       4911;20190701;    1;  15.7;   2.2;    1;   2.6;   6;    7.133;-999;   5.7;  -999;  974.60;   23.0;-999;   32.5;   16.0;   14.5;eor
       4911;20190702;    1;   7.7;   2.6;    1;   0.0;   0;   11.867;-999;   2.9;  14.7;  976.47;   21.7;   59.88;   27.5;   16.3;   13.2;eor
       4911;20190703;    1;   7.1;   1.9;    1;   0.0;   0;   12.600;-999;   3.8;  11.4;  978.08;   19.1;   53.83;   25.0;   10.6;    8.7;eor
       4911;20190704;    1;   6.3;   1.8;    1;   0.0;   0;   14.517;-999;   1.1;  10.9;  978.28;   18.8;   53.79;   26.6;    8.5;    6.6;eor
       4911;20190705;    1;-999;   1.8;    1;   0.0;   0;    6.717;-999;   8.0;  12.3;  974.94;   19.1;   58.38;   26.8;   10.0;    9.2;eor
       4911;20190706;    1;  11.3;   2.9;    1;   0.1;   6;    8.967;-999;   5.0;  12.6;  969.83;   21.7;   54.54;   31.2;    9.6;    7.8;eor
       4911;20190707;    1;  10.9;   2.9;    1;   4.5;   6;    3.050;-999;   7.7;  15.2;  969.91;   18.6;   71.17;   23.8;   15.1;   13.2;eor
       4911;20190708;    1;   8.8;   2.5;    1;   0.0;   4;   10.450;-999;   6.0;   9.8;  974.03;   17.4;   51.42;   22.5;   11.8;   10.0;eor
       4911;20190709;    1;   8.4;   2.8;    1;   0.0;   0;    8.567;-999;   6.4;   9.0;  975.15;   16.1;   51.13;   20.8;   10.6;    9.5;eor
