STATIONS_ID;MESS_DATUM;QN_3;  FX;  FM;QN_4; RSK;RSKF; SDK;SHK_TAG;  NM; VPM;  PM; TMK; UPM; TXK; TNK; TGK;eor
       2115;20180106;   10;  14.1;   7.1;    3;   0.0;   0;    0.050;-999;   7.3;   6.9; 1008.26;    4.2;   82.58;    6.3;    1.9;    0.3;eor
       2115;20180107;   10;  13.2;   8.3;    3;   0.0;   0;    6.133;-999;   2.2;   5.0; 1030.63;    2.0;   70.79;    2.5;    1.4;   -0.8;eor
       2115;20180108;   10;  20.9;  12.3;    3;   0.0;   0;    6.400;-999;   1.2;   4.0; 1031.51;    2.4;   54.42;    2.9;    2.0;   -0.3;eor
       2115;20180109;   10;  22.2;  14.5;    3;   0.2;   6;    2.283;-999;   5.2;   4.9; 1015.09;    3.0;   63.92;    3.9;    2.3;    0.8;eor
       2115;20180110;   10;  12.2;   7.5;    3;   0.1;   4;    0.133;-999;   7.8;   7.9; 1009.61;    4.8;   91.38;    5.6;    3.4;    2.9;eor
       2115;20180111;   10;   9.2;   5.5;    3;   3.3;   6;    0.650;-999;   7.0;   7.8; 1017.90;    4.4;   92.83;    5.1;    3.1;    2.4;eor
       2115;20180112;   10;  13.7;   9.5;    3;   0.0;   6;    0.000;-999;   7.6;   7.0; 1027.21;    3.2;   90.79;    4.0;    2.5;    2.5;eor
       2115;20180113;   10;  16.0;  11.8;    3;   0.0;   0;    0.000;-999;   7.8;   6.6; 1028.07;    2.6;   89.71;    3.3;    1.2;    1.0;eor
       2115;20180114;   10;  18.5;  12.8;    3;   0.0;   0;    0.533;-999;   5.2;   5.1; 1023.84;    1.3;   75.63;    2.2;    0.4;    0.1;eor
       2115;20180115;   10;  19.9;  14.5;    3;   6.4;   8;    0.000;-999;   6.9;   6.9; 1000.75;    3.7;   86.33;    6.5;    1.6;    0.6;eor
       2115;20180116;   10;  20.3;  10.7;    3;   5.2;   8;    0.567;-999;   6.7;   7.0;  984.83;    5.2;   79.17;    6.6;    2.8;    1.2;eor
       2115;20180117;   10;  18.4;   9.9;    3;   1.2;   4;    1.183;-999;   6.7;   6.4;  991.22;    4.3;   77.75;    5.9;    1.6;   -0.1;eor
       2115;20180118;   10;  19.4;  10.4;    3;  15.0;   4;    0.000;-999;   7.3;   6.7;  990.94;    3.3;   86.54;    5.8;    1.0;    0.1;eor
       2115;20180119;   10;  14.9;   7.2;    3;  10.5;   4;    0.300;-999;   6.2;   6.7; 1001.88;    4.1;   82.04;    5.3;    1.8;    0.7;eor
       2115;20180120;   10;  13.5;   8.5;    3;   4.3;   4;    0.017;-999;   7.5;   6.7; 1001.49;    3.1;   88.13;    3.8;    1.5;    1.0;eor
       2115;20180121;   10;  12.7;   5.8;    3;   0.5;   4;    0.000;-999;   6.8;   6.7; 1010.49;    2.5;   91.17;    3.6;    1.5;   -0.2;eor
       2115;20180122;   10;  16.6;   7.9;    3;   0.9;   4;    0.000;-999;   7.6;   7.1; 1007.18;    3.1;   92.13;    6.1;    1.8;    1.6;eor
       2115;20180123;   10;  16.9;   8.7;    3;   4.1;   4;    0.000;-999;   7.9;   8.9; 1014.19;    6.2;   93.21;    7.8;    5.3;    4.9;eor
       2115;20180124;   10;  17.6;  11.5;    3;   7.2;   4;    0.050;-999;   7.5;  10.0; 1006.28;    7.9;   93.79;    9.8;    6.1;    5.8;eor
       2115;20180125;   10;  16.5;   8.8;    3;   0.0;   0;    0.000;-999;   7.8;   8.8; 1008.16;    6.6;   90.29;    7.1;    6.2;    5.1;eor
       2115;20180126;   10;   8.1;   4.5;    3;   0.0;   4;    0.000;-999;   6.6;   8.5; 1017.13;    5.1;   97.08;    6.2;    3.9;    2.5;eor
       2115;20180127;   10;  25.7;   9.9;    3;   4.4;   4;    0.000;-999;   7.8;   7.9; 1023.63;    5.5;   87.46;    6.1;    4.8;    3.8;eor
       2115;20180128;   10;  20.3;  11.9;    3;   1.8;   4;    0.033;-999;   6.8;   9.1; 1019.75;    7.1;   90.17;    7.8;    6.1;    5.6;eor
       2115;20180129;   10;  22.5;  12.6;    3;  12.1;   4;    0.000;-999;   6.2;   9.0; 1016.50;    7.1;   88.58;    8.3;    5.1;    3.6;eor
       2115;20180130;   10;  20.8;   9.6;    3;   0.5;   4;    4.217;-999;   6.1;   7.5; 1022.22;    5.7;   82.42;    6.3;    4.2;    3.2;eor
       2115;20180131;   10;  20.6;  11.6;    3;   3.8;   8;    0.000;-999;   6.5;   7.6;  999.35;    5.2;   85.54;    7.2;    3.2;    2.6;eor
       2115;20180201;   10;  20.7;  12.9;    3;  14.6;   8;    3.150;-999;   6.5;   7.2;  992.47;    4.6;   84.04;    5.7;    2.7;    1.5;eor
       2115;20180202;   10;  15.2;   7.3;    3;   0.6;   8;    1.033;   0;   7.6;   6.8;  999.54;    3.6;   85.79;    5.1;    0.9;    0.5;eor
       2115;20180203;   10;  11.7;   6.0;    3;   0.1;   8;    0.000;   0;   7.9;   4.5; 1007.13;   -0.1;   73.50;    1.4;   -1.3;   -1.1;eor
       2115;20180204;   10;  18.2;  12.1;    3;   0.0;   8;    0.050;   0;   7.0;   5.4; 1021.71;    1.6;   78.58;    2.2;    0.6;   -0.8;eor
       2115;20180205;   10;  12.8;   8.2;    3;   0.0;   0;    0.333;   0;   7.7;   5.0; 1029.50;    0.8;   77.04;    1.6;    0.0;   -1.3;eor
       2115;20180206;   10;   9.0;   4.2;    3;   0.0;   0;    6.567;   0;   6.9;   3.8; 1018.60;    0.0;   61.42;    0.8;   -1.1;   -6.6;eor
       2115;20180207;   10;   6.5;   2.9;    3;   0.0;   0;    7.883;   0;   0.0;   4.4; 1017.86;    0.2;   70.58;    1.3;   -1.3;   -7.7;eor
       2115;20180208;   10;  12.5;   7.4;    3;   0.0;   0;    7.950;   0;   1.5;   4.3; 1018.78;    0.7;   67.42;    1.6;   -0.3;   -2.5;eor
       2115;20180209;   10;  13.8;  10.3;    3;   0.0;   8;    4.550;   0;   7.3;   5.3; 1012.78;    1.8;   76.96;    2.8;    0.7;   -0.2;eor
       2115;20180210;   10;  15.7;   7.4;    3;   1.2;   8;    0.067;   0;   6.9;   5.8; 1011.64;    1.9;   82.92;    3.2;    1.1;   -0.4;eor
       2115;20180211;   10;  24.5;  15.2;    3;   4.3;   8;    0.283;   0;   7.3;   6.7;  994.49;    4.0;   82.71;    5.7;    1.4;    0.5;eor
       2115;20180212;   10;  25.2;  11.5;    3;   1.1;   8;    1.733;   0;   7.0;   6.1; 1005.18;    4.1;   75.17;    5.2;    1.6;    0.6;eor
       2115;20180213;   10;  13.0;   9.0;    3;   0.0;   0;    8.233;   0;   0.9;   6.2; 1011.17;    3.1;   80.67;    4.5;    1.5;    0.5;eor
       2115;20180214;   10;  21.7;  11.7;    3;   0.0;   0;    8.333;   0;   3.0;   5.1; 1015.36;    2.6;   69.13;    3.9;    1.1;   -0.2;eor
       2115;20180215;   10;  22.6;  13.7;    3;   2.7;   8;    0.000;   0;   6.5;   6.1; 1009.87;    2.9;   80.58;    5.5;    0.6;   -0.1;eor
       2115;20180216;   10;  13.3;   7.9;    3;   0.0;   6;    6.317;   0;   4.4;   7.3; 1019.84;    5.0;   83.75;    5.8;    4.3;    2.5;eor
       2115;20180217;   10;   6.9;   3.4;    3;   0.0;   0;    3.200;   0;   6.8;   6.6; 1024.76;    3.0;   86.96;    4.6;    0.9;   -0.7;eor
       2115;20180218;   10;  10.1;   6.6;    3;   0.0;   0;    5.567;   0;   7.0;   6.3; 1024.91;    3.0;   83.29;    4.3;    0.8;    0.4;eor
       2115;20180219;   10;   7.9;   3.9;    3;   0.0;   6;    2.233;   0;   7.4;   6.6; 1019.40;    3.5;   84.29;    4.4;    2.6;   -0.6;eor
       2115;20180220;   10;  13.3;   5.7;    3;   0.0;   0;    2.217;   0;   5.3;   6.1; 1021.43;    3.2;   79.42;    3.9;    1.9;   -0.5;eor
       2115;20180221;   10;   8.8;   4.6;    3;   0.0;   7;    7.000;   0;   2.7;   5.1; 1027.25;    2.1;   72.04;    3.2;    1.3;   -2.2;eor
       2115;20180222;   10;  10.0;   3.6;    3;   0.8;   8;    0.000;   0;   6.9;   5.6; 1026.97;    2.4;   77.33;    3.6;    1.0;   -0.6;eor
       2115;20180223;   10;  13.5;   9.2;    3;   0.0;   0;    7.917;   0;   2.2;   4.5; 1027.27;    0.9;   68.38;    1.8;    0.1;   -1.3;eor
       2115;20180224;   10;  15.9;  11.3;    3;   0.0;   6;    2.017;   0;   5.5;   4.3; 1031.57;    0.6;   67.71;    2.0;   -1.0;   -2.5;eor
       2115;20180225;   10;  14.8;   8.9;    3;   0.0;   7;    1.600;   0;   6.8;   3.5; 1034.32;   -1.7;   65.21;   -0.5;   -2.8;   -4.0;eor
       2115;20180226;   10;  16.5;  10.9;    3;   0.0;   7;    4.250;   0;   6.0;   3.5; 1032.77;   -2.2;   66.96;   -0.5;   -3.8;   -4.7;eor
       2115;20180227;   10;  21.3;  11.5;    3;   0.3;   8;    2.067;   0;   7.0;   3.4; 1025.82;   -3.0;   69.79;   -1.8;   -5.2;   -5.8;eor
       2115;20180228;   10;  24.5;  15.4;    3;   0.0;   0;    7.183;   0;   3.4;   2.4; 1027.47;   -5.6;   59.25;   -4.1;   -7.0;   -7.8;eor
       2115;20180301;   10;  24.5;  17.6;    3;   0.0;   0;    7.683;   0;   3.0;   3.0; 1018.87;   -3.8;   65.79;   -1.9;   -5.5;   -6.4;eor
       2115;20180302;   10;  22.2;  14.7;    3;   0.0;   7;    2.500;   0;   5.0;   3.3; 1007.65;   -4.0;   71.79;   -2.5;   -5.9;   -6.9;eor
       2115;20180303;   10;  21.4;  15.2;    3;   0.0;   0;    9.617;   0;   0.1;   3.1; 1003.82;   -3.7;   65.75;   -1.3;   -5.9;   -6.8;eor
       2115;20180304;   10;  19.5;  13.2;    3;   3.1;   6;    1.683;   0;   6.8;   4.0;  999.15;   -1.3;   71.54;    1.6;   -3.5;   -4.2;eor
       2115;20180305;   10;  17.9;   8.1;    3;   0.0;   6;    1.833;   0;   7.3;   7.2;  992.69;    3.6;   90.33;    5.8;    1.2;   -2.2;eor
       2115;20180306;   10;  10.8;   7.0;    3;   0.0;   0;    7.583;   0;   7.7;   6.5;  992.63;    2.9;   86.92;    4.8;    0.6;   -0.1;eor
       2115;20180307;   10;   9.5;   5.4;    3;   1.5;   6;    0.000;   0;   7.7;   6.6;  994.40;    2.5;   89.96;    3.2;    1.9;    0.9;eor
       2115;20180308;   10;  17.0;   7.1;    3;   3.0;   6;    3.450;   0;   6.5;   7.3;  995.60;    3.6;   92.46;    5.2;    1.6;    1.6;eor
       2115;20180309;   10;  13.7;   6.8;    3;   0.0;   6;    6.633;   0;   6.2;   7.2; 1002.45;    3.4;   92.50;    5.2;    0.9;   -0.2;eor
       2115;20180310;   10;  14.0;   8.6;    3;   9.3;   8;    0.000;   0;   7.8;   7.5; 1000.48;    3.4;   95.71;    6.4;    1.3;    1.2;eor
       2115;20180311;   10;  11.1;   6.6;    3;   0.0;   6;    0.000;   0;   7.5;   9.3;  994.68;    6.3;   97.25;    8.2;    4.7;    2.3;eor
       2115;20180312;   10;   6.9;   3.1;    3;   0.0;   6;    0.000;   0;   6.9;   8.4;  991.58;    4.8;   97.67;    6.6;    3.0;    0.3;eor
       2115;20180313;   10;  12.5;   5.7;    3;   0.0;   6;    0.017;   0;   7.9;   7.3;  999.62;    3.6;   91.92;    4.6;    2.2;    2.5;eor
       2115;20180314;   10;  13.3;   4.5;    3;   0.0;   0;    4.433;   0;   6.7;   6.1; 1011.02;    3.6;   77.17;    5.2;    2.7;    1.6;eor
       2115;20180315;   10;  23.7;  15.5;    3;   0.0;   0;    0.300;   0;   7.7;   6.0; 1005.75;    2.8;   81.00;    3.5;    1.8;    1.2;eor
       2115;20180316;   10;  25.6;  19.2;    3;   0.1;   8;    0.283;   0;   7.3;   4.6; 1009.92;    0.8;   70.58;    2.1;   -1.4;   -2.1;eor
       2115;20180317;   10;  29.3;  19.5;    3;   0.2;   8;    3.733;   0;   6.7;   3.8; 1016.66;   -1.8;   71.25;   -0.6;   -3.4;   -3.5;eor
       2115;20180318;   10;  28.0;  17.5;    3;   0.0;   0;    9.917;   0;   1.0;   3.2; 1018.71;   -1.2;   57.17;    0.4;   -3.0;   -3.7;eor
       2115;20180319;   10;  14.2;   6.9;    3;   0.0;   8;   10.567;   0;   2.0;   4.1; 1017.77;    0.6;   62.38;    3.7;   -1.3;   -3.3;eor
       2115;20180320;   10;  16.3;   8.0;    3;   0.0;   0;   11.000;   0;   1.3;   5.3; 1020.69;    2.9;   70.83;    4.2;    1.8;   -5.3;eor
       2115;20180321;   10;  16.7;   6.2;    3;   2.0;   8;    2.500;   0;   7.2;   7.0; 1024.40;    3.2;   90.79;    4.8;    1.3;   -6.2;eor
       2115;20180322;   10;  17.4;   7.9;    3;   0.3;   6;    0.467;   0;   7.7;   7.5; 1010.81;    3.5;   96.17;    4.8;    2.1;    1.8;eor
       2115;20180323;   10;   8.1;   4.3;    3;   0.0;   6;    0.000;   0;   7.8;   7.7; 1004.95;    3.8;   95.83;    4.8;    2.7;    2.5;eor
       2115;20180324;   10;   5.9;   3.3;    3;   0.0;   6;    0.833;   0;   7.8;   7.7; 1003.79;    4.4;   92.50;    6.8;    3.5;    3.6;eor
       2115;20180325;   10;   7.3;   3.1;    3;   0.0;   6;    0.000;   0;   8.0;   7.5; 1008.30;    4.1;   91.83;    5.9;    0.8;    1.0;eor
       2115;20180326;   10;   8.6;   4.4;    3;   0.0;   6;    2.183;   0;   7.6;   7.0; 1014.45;    2.9;   93.13;    5.3;    0.9;    1.3;eor
       2115;20180327;   10;  11.3;   5.2;    3;   0.0;   6;    4.533;   0;   8.0;   6.9; 1011.76;    3.4;   89.58;    5.5;    0.2;   -0.2;eor
       2115;20180328;   10;  20.7;  12.6;    3;  11.7;   8;    0.000;   0;   7.7;   6.7; 1001.96;    2.8;   89.38;    4.2;    0.8;    0.3;eor
       2115;20180329;   10;   7.4;   3.2;    3;   0.0;   6;    0.083;   0;   7.5;   6.2; 1003.25;    2.0;   88.38;    3.5;    0.8;    0.1;eor
       2115;20180330;   10;  17.6;  11.0;    3;   1.6;   8;    4.850;   0;   6.7;   6.0; 1005.35;    2.8;   80.71;    5.0;    1.3;    0.0;eor
       2115;20180331;   10;  18.6;  11.4;    3;   4.3;   8;    0.000;   0;   7.8;   6.2; 1002.12;    2.5;   84.33;    3.8;    1.4;    0.2;eor
       2115;20180401;   10;  11.1;   6.4;    3;   0.0;   0;   11.483;   0;   1.6;   5.7; 1007.90;    3.0;   75.83;    4.7;    1.5;   -0.7;eor
       2115;20180402;   10;  14.4;   5.8;    3;   9.4;   8;    5.317;   0;   7.7;   6.2; 1007.07;    3.6;   77.96;    4.9;    2.0;   -0.7;eor
       2115;20180403;   10;  10.6;   6.3;    3;   6.8;   6;    0.383;   0;   7.8;   9.3;  997.68;    6.7;   94.63;   10.6;    4.5;    4.3;eor
       2115;20180404;   10;  11.5;   5.7;    3;   5.4;   6;    3.750;   0;   6.8;   8.9;  998.81;    6.3;   93.50;    8.1;    4.4;    3.6;eor
       2115;20180405;   10;  16.8;   9.3;    3;   1.8;   6;    3.200;   0;   5.5;   7.9; 1005.98;    5.0;   89.88;    6.6;    3.8;    2.5;eor
       2115;20180406;   10;  14.6;   6.8;    3;   0.0;   0;   10.033;   0;   4.3;   7.3; 1020.17;    5.4;   81.96;    7.4;    3.6;    1.9;eor
       2115;20180407;   10;  13.1;   8.4;    3;   0.0;   0;   10.617;   0;   6.8;   7.5; 1011.57;    7.3;   73.04;   10.2;    5.1;    3.6;eor
       2115;20180408;   10;   8.1;   4.3;    3;   0.0;   6;    8.133;   0;   5.7;   8.6; 1007.54;    8.5;   77.08;   12.9;    6.8;    4.4;eor
       2115;20180409;   10;  11.4;   6.7;    3;   0.0;   6;    2.183;   0;   7.3;   8.6; 1006.92;    6.2;   91.04;    9.2;    4.7;    4.9;eor
       2115;20180410;   10;  22.8;  12.6;    3;   0.0;   0;    4.800;   0;   7.5;   8.8; 1007.12;    7.2;   86.29;    9.6;    5.1;    4.6;eor
       2115;20180411;   10;  19.4;  13.3;    3;   0.0;   0;    5.717;   0;   4.9;   7.7; 1011.72;    5.5;   85.08;    7.2;    4.5;    3.9;eor
       2115;20180412;   10;  16.0;  11.5;    3;   6.7;   6;    6.383;   0;   5.9;   8.2; 1007.00;    6.5;   84.83;    9.1;    4.5;    3.7;eor
       2115;20180413;   10;  15.0;   5.6;    3;  13.3;   6;    0.033;-999;   7.7;   9.6; 1007.27;    7.0;   95.00;    8.8;    5.8;    5.4;eor
       2115;20180414;   10;  12.5;   6.9;    3;   0.2;   6;    0.000;-999;   7.5;   8.8; 1014.39;    5.6;   96.83;    6.4;    5.1;    4.4;eor
       2115;20180415;   10;   9.2;   4.7;    3;   6.9;   6;    0.033;-999;   7.5;   9.4; 1013.55;    6.7;   95.17;    8.7;    5.2;    1.0;eor
       2115;20180416;   10;  11.3;   4.5;    3;   0.0;   0;    7.250;-999;   4.2;   9.6; 1014.41;    7.2;   94.54;    9.3;    5.2;    1.0;eor
       2115;20180417;   10;   8.6;   5.3;    3;   0.0;   0;    8.467;-999;   4.4;   9.2; 1024.01;    8.3;   83.79;   10.9;    5.6;    4.2;eor
       2115;20180418;   10;   7.4;   4.7;    3;   0.0;   0;   10.817;-999;   2.6;  10.1; 1030.10;   10.5;   79.63;   15.5;    6.8;    3.5;eor
       2115;20180419;   10;  12.2;   8.0;    3;   0.0;   0;   12.783;-999;   1.6;  10.7; 1027.99;   11.2;   80.38;   15.6;    8.1;    7.1;eor
       2115;20180420;   10;  10.0;   5.6;    3;   0.0;   0;   12.800;   0;   0.1;   9.9; 1021.12;    9.4;   83.54;   11.9;    7.1;    6.5;eor
       2115;20180421;   10;   7.5;   3.7;    3;   0.0;   0;   12.967;   0;   1.4;   9.3; 1021.64;    7.4;   90.42;    9.9;    3.4;    3.5;eor
       2115;20180422;   10;  13.5;   5.8;    3;   0.0;   6;    6.567;   0;   6.6;   9.8; 1012.91;    8.9;   86.63;   13.9;    3.8;    4.3;eor
       2115;20180423;   10;  10.5;   6.2;    3;   0.1;   6;   10.167;   0;   5.5;   9.5; 1010.84;    7.8;   89.50;    9.2;    6.4;    5.6;eor
       2115;20180424;   10;  13.4;   7.1;    3;  12.8;   6;    6.700;   0;   7.3;   9.5; 1010.38;    7.6;   91.21;    8.7;    6.4;    6.7;eor
       2115;20180425;   10;  15.5;   7.3;    3;   0.7;   6;    3.133;   0;   7.3;   9.6; 1005.29;    7.4;   92.96;    8.8;    6.5;    5.2;eor
       2115;20180426;   10;  12.0;   7.1;    3;   0.1;   6;    9.000;   0;   4.5;   9.0; 1010.39;    7.4;   87.71;    8.3;    6.4;    5.9;eor
       2115;20180427;   10;  10.3;   4.7;    3;   1.8;   6;    7.217;   0;   6.3;   9.7; 1011.35;    8.3;   89.08;   10.7;    7.0;    5.6;eor
       2115;20180428;   10;  10.3;   4.6;    3;   0.1;   6;    1.967;   0;   7.1;   9.9; 1009.12;    8.2;   90.63;   10.9;    7.0;    3.2;eor
       2115;20180429;   10;  14.6;   4.4;    3;  34.0;   8;    0.017;   0;   7.5;  10.5; 1009.95;    8.3;   95.67;    9.8;    6.5;    2.0;eor
       2115;20180430;   10;  19.3;   9.3;    3;   4.7;   8;    1.383;   0;   6.7;  10.1;  998.07;    9.2;   86.79;   10.5;    7.6;    6.0;eor
       2115;20180501;   10;  16.9;   9.2;    3;   0.8;   6;    0.867;-999;   6.2;   8.8; 1002.38;    7.0;   87.71;    8.0;    5.9;    4.7;eor
       2115;20180502;   10;  11.2;   6.5;    3;   0.2;   6;   12.550;-999;   3.0;   8.9; 1010.70;    9.1;   76.54;   11.7;    6.9;    4.4;eor
       2115;20180503;   10;  11.2;   4.0;    3;   0.0;   0;   13.633;-999;   1.0;   9.4; 1016.68;    8.1;   87.13;    9.9;    6.4;    2.9;eor
       2115;20180504;   10;   4.7;   1.9;    3;   0.0;   0;   13.200;-999;   1.0;   9.0; 1025.13;    8.3;   82.63;   10.6;    5.5;   -0.2;eor
       2115;20180505;   10;   6.4;   4.2;    3;   0.0;   0;   12.883;-999;   0.7;  10.0; 1027.87;   10.4;   79.17;   13.5;    7.7;    4.1;eor
       2115;20180506;   10;   9.4;   5.8;    3;   0.0;   0;   14.000;-999;   0.0;  11.1; 1025.68;   12.2;   78.38;   17.0;    8.3;    4.8;eor
       2115;20180507;   10;  10.2;   6.9;    3;   0.0;   0;   14.050;-999;   0.0;  11.4; 1021.04;   13.2;   76.21;   17.9;    9.6;    7.8;eor
       2115;20180508;   10;  10.4;   7.5;    3;   0.0;   0;   13.917;-999;   0.1;  11.9; 1013.19;   13.9;   75.83;   17.8;   10.8;    9.1;eor
       2115;20180509;   10;  11.0;   7.3;    3;   0.0;   0;   13.800;-999;   1.4;  12.6; 1007.87;   14.9;   74.46;   19.5;   11.8;   10.3;eor
       2115;20180510;   10;  17.7;   7.1;    3;   0.2;   6;    6.983;-999;   5.0;  12.4; 1009.31;   12.0;   88.00;   17.3;    9.5;    8.1;eor
       2115;20180511;   10;   9.2;   3.8;    3;   0.0;   0;   13.950;-999;   1.0;  10.6; 1020.13;   10.4;   84.00;   11.9;    8.7;    6.7;eor
       2115;20180512;   10;  10.4;   6.5;    3;   0.0;   0;   10.167;-999;   5.3;  12.7; 1016.80;   13.7;   81.00;   16.8;   11.5;    9.2;eor
       2115;20180513;   10;  10.4;   8.2;    3;   0.0;   0;   10.733;-999;   4.3;  13.7; 1012.58;   14.5;   82.96;   18.0;   11.9;   10.8;eor
       2115;20180514;   10;  10.3;   7.4;    3;   0.0;   0;   14.200;-999;   0.1;  13.2; 1015.38;   15.2;   77.00;   20.2;   12.0;   10.1;eor
       2115;20180515;   10;   8.7;   5.1;    3;   0.0;   0;   14.200;-999;   0.9;  12.9; 1017.34;   14.7;   77.29;   17.7;   12.5;   10.5;eor
       2115;20180516;   10;  18.3;   9.4;    3;   0.0;   0;   10.167;-999;   4.8;  12.1; 1017.29;   12.4;   83.42;   15.4;    9.3;    8.0;eor
       2115;20180517;   10;  14.7;   9.2;    3;   0.0;   0;    4.200;-999;   4.5;  10.0; 1018.35;   10.0;   81.32;   11.9;    9.2;    7.8;eor
       2115;20180518;   10;  11.4;   6.5;    3;   0.0;   0;    0.033;-999;   7.8;  10.3; 1019.96;    9.5;   86.54;   11.1;    8.7;    8.5;eor
       2115;20180519;   10;   6.2;   3.1;    3;   0.0;   0;    5.383;-999;   6.0;  11.2; 1022.99;   10.8;   86.75;   14.1;    8.5;    8.7;eor
       2115;20180520;   10;  11.2;   6.1;    3;   0.0;   0;   14.433;-999;   0.2;  12.0; 1024.50;   15.1;   71.42;   19.4;   11.1;    9.3;eor
       2115;20180521;   10;  12.2;   8.1;    3;   0.0;   0;   14.483;-999;   2.3;  12.3; 1020.14;   15.3;   71.04;   19.7;   12.7;   10.3;eor
       2115;20180522;   10;   9.0;   6.3;    3;   0.0;   0;   13.617;-999;   3.5;  13.1; 1016.06;   15.2;   76.29;   18.8;   13.1;   11.4;eor
       2115;20180523;   10;  10.1;   5.9;    3;   0.0;   0;   14.000;-999;   0.8;  13.2; 1022.86;   15.5;   75.42;   19.7;   12.9;   10.7;eor
       2115;20180524;   10;  12.5;   7.6;    3;   0.0;   0;   14.650;-999;   0.3;  13.8; 1023.31;   16.8;   71.75;   20.9;   14.2;   12.0;eor
       2115;20180525;   10;  12.8;   8.4;    3;   0.0;   0;   14.617;-999;   3.5;  13.3; 1021.80;   16.5;   70.75;   20.3;   14.1;   12.2;eor
       2115;20180526;   10;   8.9;   5.6;    3;   0.0;   0;   14.683;-999;   0.5;  14.5; 1023.39;   16.2;   78.63;   21.5;   13.7;   11.4;eor
       2115;20180527;   10;  10.9;   6.4;    3;   9.9;   6;   14.200;-999;   1.2;  15.8; 1021.56;   16.7;   83.21;   19.5;   14.2;   12.6;eor
       2115;20180528;   10;  13.1;   5.8;    3;   0.0;   0;   14.333;-999;   2.5;  16.5; 1019.58;   16.7;   86.63;   20.2;   14.4;   14.0;eor
       2115;20180529;   10;  11.9;   7.7;    3;   0.0;   0;   12.600;-999;   3.3;  17.0; 1015.11;   18.2;   81.42;   22.3;   14.3;   14.0;eor
       2115;20180530;   10;  10.4;   5.4;    3;   6.0;   6;   11.033;-999;  -999;  16.9; 1014.30;   18.1;   81.00;   21.6;   15.3;   14.9;eor
       2115;20180531;   10;   9.8;   5.4;    3;   0.0;   0;   12.917;-999;   0.0;  17.5; 1015.08;   17.8;   85.75;   21.7;   15.1;   14.2;eor
       2115;20180601;   10;   7.8;   4.5;    3;   0.0;   0;   10.350;-999;   2.6;  16.9; 1014.50;   17.5;   84.50;   20.9;   14.1;   13.5;eor
       2115;20180602;   10;   9.1;   5.0;    3;   0.0;   6;    0.000;-999;   7.3;  15.7; 1015.62;   14.2;   96.58;   15.7;   13.1;   13.6;eor
       2115;20180603;   10;   6.9;   3.4;    3;   0.0;   6;    3.433;-999;   7.4;  15.4; 1017.58;   14.7;   92.17;   16.8;   13.2;   13.7;eor
       2115;20180604;   10;   8.9;   4.5;    3;   0.1;   6;    0.000;-999;   7.9;  14.9; 1014.02;   14.4;   90.83;   15.9;   13.2;   12.4;eor
       2115;20180605;   10;   7.2;   3.5;    3;   0.0;   0;    9.717;-999;   4.8;  12.7; 1014.29;   14.8;   75.54;   16.9;   13.0;   11.0;eor
       2115;20180606;   10;   9.9;   5.7;    3;   0.0;   0;   15.117;-999;   1.5;  14.2; 1015.72;   17.9;   70.08;   22.2;   14.8;   12.8;eor
       2115;20180607;   10;   8.8;   5.9;    3;   0.0;   0;   15.017;-999;   2.0;  15.1; 1015.38;   18.3;   71.75;   22.4;   15.4;   13.4;eor
       2115;20180608;   10;   9.5;   4.4;    3;   0.0;   0;   10.617;-999;   5.3;  16.1; 1014.51;   19.0;   73.79;   22.8;   16.3;   14.0;eor
       2115;20180609;   10;   9.5;   5.9;    3;   0.7;   6;    4.233;-999;   7.9;  17.5; 1013.70;   17.6;   86.67;   19.3;   16.2;   16.0;eor
       2115;20180610;   10;  11.4;   6.7;    3;   0.0;   6;    1.400;-999;   7.7;  16.1; 1012.09;   16.5;   85.08;   18.8;   14.7;   14.9;eor
       2115;20180611;   10;  13.6;   7.2;    3;   0.0;   6;    2.433;-999;   7.7;  12.4; 1013.00;   15.1;   71.92;   16.9;   14.1;   13.4;eor
       2115;20180612;   10;  13.1;   8.0;    3;   0.1;   6;    0.400;-999;   7.8;  12.0; 1011.78;   14.1;   74.46;   15.7;   12.7;   12.3;eor
       2115;20180613;   10;  13.7;   7.5;    3;   0.0;   6;    3.400;-999;   7.1;  11.7; 1013.72;   13.9;   73.75;   15.5;   12.1;   11.8;eor
       2115;20180614;   10;  15.1;   8.6;    3;   2.6;   6;    5.350;-999;   5.7;  13.9; 1011.90;   15.3;   80.54;   18.5;   13.6;   11.8;eor
       2115;20180615;   10;   6.9;   3.2;    3;   0.0;   6;   13.717;-999;   4.0;  14.0; 1016.29;   15.9;   77.63;   19.1;   13.5;   10.6;eor
       2115;20180616;   10;  10.2;   3.9;    3;   0.0;   6;    2.650;-999;   7.8;  15.1; 1013.63;   16.4;   80.46;   18.6;   14.9;   13.5;eor
       2115;20180617;   10;  11.1;   6.5;    3;   0.0;   0;   10.083;-999;   5.7;  14.2; 1014.21;   15.4;   81.00;   17.3;   14.5;   13.1;eor
       2115;20180618;   10;  12.6;   7.3;    3;   0.0;   6;    1.517;-999;   6.2;  15.5; 1016.60;   15.4;   88.58;   17.0;   14.4;   12.9;eor
       2115;20180619;   10;  11.1;   6.2;    3;   0.0;   6;    9.483;-999;   4.4;  14.4; 1019.90;   16.0;   79.67;   17.7;   14.7;   13.0;eor
       2115;20180620;   10;  14.8;   8.0;    3;   0.7;   6;   11.700;-999;   4.5;  16.7; 1017.40;   16.7;   87.75;   19.4;   14.5;   14.4;eor
       2115;20180621;   10;  20.5;  10.5;    3;   6.0;   6;    5.067;-999;   6.8;  11.5; 1013.82;   13.2;   74.92;   14.7;   10.7;    9.8;eor
       2115;20180622;   10;  21.2;  11.5;    3;   0.1;   6;    4.650;-999;   7.2;  11.1; 1019.10;   12.9;   74.58;   15.2;   10.0;    9.1;eor
       2115;20180623;   10;  17.0;  11.1;    3;   0.4;   6;    1.017;-999;   7.8;  12.0; 1022.15;   12.9;   80.21;   14.0;   11.9;   11.2;eor
       2115;20180624;   10;  13.1;   8.5;    3;   0.0;   6;    1.150;-999;   8.0;  13.2; 1020.36;   13.5;   85.08;   15.3;   11.7;   11.6;eor
       2115;20180625;   10;  13.2;   8.2;    3;   0.0;   0;    0.383;-999;   8.0;  13.0; 1022.35;   13.6;   83.00;   14.7;   12.9;   13.0;eor
       2115;20180626;   10;  11.0;   5.3;    3;   0.0;   0;    0.000;-999;   8.0;  12.7; 1025.17;   13.8;   80.04;   15.6;   12.6;   12.7;eor
       2115;20180627;   10;   8.4;   3.4;    3;   0.0;   0;   10.383;-999;   5.2;  14.0; 1026.68;   14.5;   84.00;   16.5;   12.4;   12.5;eor
       2115;20180628;   10;  10.6;   5.7;    3;   0.0;   0;   15.117;-999;   0.5;  15.6; 1024.83;   17.3;   79.04;   20.5;   15.0;   13.2;eor
       2115;20180629;   10;  10.6;   6.2;    3;   0.0;   0;   11.833;-999;   2.3;  15.0; 1019.75;   16.2;   81.04;   18.8;   14.5;   13.0;eor
       2115;20180630;   10;   9.8;   5.4;    3;   0.0;   0;   14.967;-999;   0.3;  14.6; 1020.16;   17.8;   71.79;   20.3;   15.8;   12.9;eor
       2115;20180701;   10;  11.4;   6.1;    3;   0.0;   0;   15.400;-999;   0.0;  13.8; 1021.06;   18.6;   64.33;   21.5;   17.2;   14.2;eor
       2115;20180702;   10;   9.9;   4.8;    3;   0.0;   0;   15.350;-999;   0.6;  13.0; 1019.80;   18.1;   63.04;   20.8;   16.1;   13.1;eor
       2115;20180703;   10;   8.5;   5.5;    3;   0.0;   6;   10.133;-999;  -999;  13.7; 1018.01;   16.1;   74.92;   17.8;   15.0;   13.4;eor
       2115;20180704;   10;   8.6;   4.2;    3;   0.0;   6;    2.200;-999;   7.8;  14.8; 1014.68;   16.1;   80.42;   18.0;   14.4;   15.0;eor
       2115;20180705;   10;  12.3;   7.1;    3;   0.0;   6;    0.733;-999;   7.3;  14.9; 1013.35;   16.1;   81.50;   17.2;   14.8;   14.8;eor
       2115;20180706;   10;  13.6;   9.1;    3;   0.0;   0;   11.667;-999;   7.0;  13.2; 1018.38;   15.8;   73.29;   17.5;   14.8;   13.8;eor
       2115;20180707;   10;  13.4;   9.1;    3;   0.0;   0;   11.333;-999;   5.7;  13.0; 1022.56;   15.7;   72.88;   17.7;   14.5;   13.0;eor
       2115;20180708;   10;  10.9;   7.1;    3;   0.0;   0;   14.333;-999;  -999;  13.5; 1023.57;   15.9;   74.50;   18.1;   14.3;   12.6;eor
       2115;20180709;   10;  16.4;   8.8;    3;   0.2;   6;    1.433;-999;   7.6;  13.3; 1020.43;   15.4;   75.71;   16.7;   13.4;   12.1;eor
       2115;20180710;   10;  15.4;   7.1;    3;   0.0;   6;   10.617;-999;   5.9;  13.9; 1015.84;   16.7;   73.63;   19.0;   14.1;   13.1;eor
       2115;20180711;   10;  10.8;   6.0;    3;   0.0;   0;    3.650;-999;   7.8;  16.2; 1016.90;   17.8;   79.17;   20.9;   16.7;   15.3;eor
       2115;20180712;   10;  11.2;   6.5;    3;   0.0;   0;    9.600;-999;   5.0;  16.1; 1017.22;   16.6;   84.79;   19.0;   14.9;   15.0;eor
       2115;20180713;   10;  11.4;   6.0;    3;   0.0;   6;    3.333;-999;   7.6;  14.1; 1020.04;   15.9;   77.83;   18.1;   14.9;   15.2;eor
       2115;20180714;   10;   8.1;   3.6;    3;   0.0;   6;    7.717;-999;   4.3;  13.8; 1020.33;   16.2;   74.71;   18.3;   14.8;    8.7;eor
       2115;20180715;   10;   4.7;   2.5;    3;   0.0;   0;   14.950;-999;   0.0;  15.0; 1018.45;   17.5;   74.75;   20.8;   15.3;   11.3;eor
       2115;20180716;   10;   6.9;   3.4;    3;   0.0;   0;   14.700;-999;   0.0;  17.5; 1015.12;   19.3;   78.50;   23.1;   16.6;   13.9;eor
       2115;20180717;   10;  12.1;   4.2;    3;   0.0;   0;   14.383;-999;   1.6;  17.9; 1013.53;   20.0;   76.92;   24.9;   17.2;   13.4;eor
       2115;20180718;   10;  10.9;   6.2;    3;   0.0;   0;   13.367;-999;   2.4;  16.3; 1017.63;   18.1;   78.33;   19.9;   16.1;   10.9;eor
       2115;20180719;   10;   7.2;   3.5;    3;   0.0;   0;   12.117;-999;   3.8;  15.4; 1019.06;   17.7;   76.25;   20.0;   15.9;   10.2;eor
       2115;20180720;   10;   9.4;   4.3;    3;   0.0;   0;   13.833;-999;  -999;  14.9; 1015.41;   18.3;   71.21;   20.9;   16.2;   12.6;eor
       2115;20180721;   10;   8.2;   5.4;    3;   0.0;   0;    3.267;-999;   5.9;  17.2; 1012.32;   19.5;   75.96;   22.4;   18.0;   16.2;eor
       2115;20180722;   10;   8.2;   4.6;    3;   0.0;   6;   11.950;-999;   4.5;  17.4; 1013.45;   19.3;   77.25;   21.3;   18.0;   15.6;eor
       2115;20180723;   10;   5.2;   3.0;    3;   0.0;   0;   12.983;-999;   1.2;  18.6; 1016.44;   19.5;   81.96;   21.6;   18.2;   15.9;eor
       2115;20180724;   10;   5.2;   2.7;    3;   0.0;   0;   14.150;-999;   2.3;  20.1; 1014.98;   21.9;   76.79;   25.4;   19.0;   16.0;eor
       2115;20180725;   10;  10.2;   5.7;    3;   0.0;   0;   12.867;-999;   2.2;  20.4; 1016.38;   20.8;   82.83;   23.0;   19.4;   18.3;eor
       2115;20180726;   10;   9.9;   5.7;    3;   0.0;   0;   13.667;-999;   0.8;  22.0; 1016.83;   23.5;   77.13;   28.2;   19.4;   18.3;eor
       2115;20180727;   10;  13.8;   7.3;    3;   0.0;   0;   14.250;-999;   1.1;  21.7; 1014.68;   24.0;   72.79;   28.2;   21.9;   20.6;eor
       2115;20180728;   10;  13.8;   8.4;    3;   1.9;   6;    5.250;-999;   4.7;  20.4; 1008.10;   21.1;   81.38;   23.7;   18.9;   16.9;eor
       2115;20180729;   10;  10.4;   6.3;    3;   0.0;   6;    9.417;-999;   5.3;  16.5; 1012.62;   20.3;   68.92;   24.1;   17.5;   15.9;eor
       2115;20180730;   10;  10.1;   5.1;    3;   0.0;   0;    9.567;-999;   6.8;  19.8; 1014.35;   22.5;   72.50;   24.8;   20.5;   20.0;eor
       2115;20180731;   10;  12.9;   4.7;    3;   0.1;   6;    9.917;-999;   5.0;  19.3; 1015.76;   21.6;   75.17;   26.6;   18.4;   13.7;eor
       2115;20180801;   10;   4.7;   1.9;    3;   0.0;   0;   12.750;-999;   4.1;  16.9; 1021.64;   19.4;   75.50;   21.8;   16.5;   10.5;eor
       2115;20180802;   10;   5.2;   2.4;    3;   0.0;   0;   12.450;-999;   2.3;  17.7; 1023.12;   20.5;   73.75;   24.6;   17.3;   11.5;eor
       2115;20180803;   10;   7.0;   2.3;    3;   0.0;   0;   13.850;-999;   0.7;  18.1; 1021.90;   21.1;   72.08;   24.5;   19.0;   13.8;eor
       2115;20180804;   10;  12.8;   4.2;    3;   0.1;   6;    8.450;-999;   6.5;  19.5; 1019.80;   20.7;   79.79;   23.3;   18.2;   15.7;eor
       2115;20180805;   10;  11.8;   6.8;    3;   0.0;   6;    8.917;-999;   4.8;  15.7; 1021.45;   19.1;   70.92;   21.2;   17.7;   15.4;eor
       2115;20180806;   10;   7.7;   3.8;    3;   0.0;   0;   11.183;-999;   3.3;  17.9; 1016.62;   20.5;   74.08;   23.6;   18.1;   15.5;eor
       2115;20180807;   10;   8.2;   3.9;    3;   0.2;   4;   13.383;-999;   2.3;  20.2; 1009.58;   23.2;   71.58;   27.3;   19.6;   16.5;eor
       2115;20180808;   10;  15.6;   7.4;    3;   0.8;   4;    5.650;-999;   4.4;  19.7; 1008.95;   21.5;   76.38;   24.3;   18.8;   16.9;eor
       2115;20180809;   10;  19.8;   6.0;    3;  16.9;   6;    7.900;-999;   5.0;  18.2; 1010.75;   20.1;   77.29;   23.4;   18.4;   14.7;eor
       2115;20180810;   10;  23.0;  11.4;    3;   8.2;   8;    4.917;-999;   6.2;  14.8; 1014.78;   17.5;   74.00;   19.5;   14.3;   13.4;eor
       2115;20180811;   10;  20.0;  10.6;    3;   1.5;   6;    7.950;-999;   5.4;  13.7; 1016.65;   16.7;   71.96;   18.4;   14.0;   12.4;eor
       2115;20180812;   10;  11.2;   6.4;    3;   0.1;   6;    0.433;-999;   7.9;  15.4; 1013.36;   18.0;   73.96;   20.8;   15.6;   14.9;eor
       2115;20180813;   10;  10.8;   4.8;    3;  12.4;   8;    0.300;-999;   7.8;  18.1; 1005.11;   18.8;   83.00;   21.3;   16.1;   15.7;eor
       2115;20180814;   10;  14.4;   6.5;    3;   0.0;   6;    7.550;-999;   5.7;  18.4; 1009.22;   18.7;   85.04;   20.5;   17.7;   16.2;eor
       2115;20180815;   10;  10.4;   4.3;    3;   0.4;   6;    4.033;-999;   6.5;  19.1; 1015.85;   19.3;   85.42;   21.5;   17.8;   16.3;eor
       2115;20180816;   10;  12.2;   7.5;    3;   0.4;   6;    4.150;-999;   6.0;  18.1; 1013.97;   19.2;   81.50;   20.9;   17.5;   16.2;eor
       2115;20180817;   10;   8.3;   4.8;    3;   0.0;   6;    6.817;-999;   4.9;  15.4; 1016.85;   18.3;   73.17;   20.3;   17.0;   15.5;eor
       2115;20180818;   10;  13.5;   8.4;    3;   0.0;   6;    8.583;-999;   4.8;  16.6; 1019.11;   18.7;   76.88;   20.3;   17.1;   15.8;eor
       2115;20180819;   10;  14.7;   7.9;    3;   1.1;   6;    0.033;-999;   7.9;  18.7; 1016.99;   19.1;   84.33;   20.8;   18.0;   17.7;eor
       2115;20180820;   10;  11.9;   6.2;    3;   0.1;   6;    5.183;-999;   7.0;  16.5; 1017.12;   18.3;   78.38;   20.1;   17.0;   16.1;eor
       2115;20180821;   10;   9.7;   3.7;    3;   0.0;   0;    9.233;-999;   3.8;  16.2; 1020.49;   19.1;   73.08;   21.4;   16.5;   11.6;eor
       2115;20180822;   10;  10.4;   4.9;    3;   0.0;   0;   10.267;-999;   3.7;  18.9; 1016.28;   20.4;   78.88;   23.7;   18.6;   17.7;eor
       2115;20180823;   10;  15.4;   6.4;    3;   2.7;   6;    0.417;-999;   7.3;  19.0; 1009.90;   19.4;   84.75;   21.2;   17.1;   15.7;eor
       2115;20180824;   10;  23.7;   9.8;    3;  12.1;   6;    6.467;-999;   6.1;  13.2; 1006.75;   16.3;   71.21;   18.0;   11.8;   11.1;eor
       2115;20180825;   10;  18.8;   6.8;    3;  13.9;   6;    4.300;-999;   6.5;  11.6; 1006.99;   14.3;   71.46;   17.0;   11.7;   10.3;eor
       2115;20180826;   10;  16.9;   7.4;    3;   5.4;   4;    6.483;-999;   6.2;  11.3; 1011.76;   16.2;   61.29;   18.0;   12.4;   10.5;eor
       2115;20180827;   10;  20.4;  12.9;    3;   1.2;   4;    3.800;-999;   6.6;  14.8; 1006.67;   16.8;   77.54;   19.0;   12.9;   12.5;eor
       2115;20180828;   10;  11.0;   5.5;    3;   0.0;   4;    0.050;-999;   6.5;  14.9; 1017.38;   17.6;   74.21;   18.2;   16.1;   15.1;eor
       2115;20180829;   10;  13.5;   7.5;    3;   0.3;   4;    8.050;-999;   5.9;  16.6; 1013.70;   18.8;   76.29;   21.6;   17.2;   15.5;eor
       2115;20180830;   10;  17.5;   9.6;    3;   0.3;   4;    3.650;-999;   6.5;  14.0; 1017.02;   16.8;   73.08;   18.2;   15.5;   13.4;eor
       2115;20180831;   10;  12.6;   7.5;    3;   0.0;   0;   11.267;-999;   2.5;  12.2; 1021.70;   16.4;   65.21;   18.4;   14.9;   12.8;eor
       2115;20180901;   10;   8.7;   4.5;    3;   0.0;   0;   11.617;-999;   2.0;  13.7; 1026.25;   16.8;   71.54;   18.7;   15.3;   11.6;eor
       2115;20180902;   10;  10.3;   4.6;    3;   0.0;   4;   12.117;-999;   0.9;  15.4; 1026.73;   17.8;   75.58;   19.3;   15.9;   11.3;eor
       2115;20180903;   10;  11.7;   7.8;    3;   0.0;   0;    4.450;-999;   5.2;  19.5; 1019.77;   19.1;   87.71;   21.2;   17.7;   16.8;eor
       2115;20180904;   10;  10.8;   6.6;    3;   0.0;   0;    9.817;-999;   2.1;  18.4; 1018.06;   18.8;   84.42;   21.2;   17.5;   16.3;eor
       2115;20180905;   10;  10.2;   5.7;    3;   0.0;   0;    8.450;-999;   2.7;  17.6; 1018.73;   18.6;   81.92;   20.5;   17.1;   15.0;eor
       2115;20180906;   10;  10.7;   6.0;    3;  15.4;   4;    4.083;-999;   7.5;  18.2; 1011.76;   18.6;   84.79;   20.3;   16.5;   16.2;eor
       2115;20180907;   10;  17.7;   7.6;    3;  24.0;   4;    2.567;-999;   6.9;  14.0; 1009.47;   15.7;   77.75;   18.2;   10.3;    9.8;eor
       2115;20180908;   10;  18.4;  11.5;    3;   2.1;   4;    3.100;-999;   7.0;  13.3; 1014.32;   16.2;   72.21;   17.8;   11.4;   10.3;eor
       2115;20180909;   10;  16.3;   8.7;    3;   0.1;   4;    4.600;-999;   6.5;  16.5; 1017.29;   17.8;   81.00;   20.2;   15.0;   13.9;eor
       2115;20180910;   10;  12.7;   7.3;    3;   0.9;   4;    2.367;-999;   8.0;  15.1; 1018.17;   17.9;   73.33;   18.9;   17.0;   16.0;eor
       2115;20180911;   10;  20.9;  11.9;    3;   2.9;   4;    0.000;-999;   7.7;  16.8; 1015.62;   16.9;   87.00;   18.4;   14.4;   13.3;eor
       2115;20180912;   10;  16.3;   7.7;    3;   1.5;   4;    0.000;-999;   7.8;  12.8; 1018.99;   15.7;   71.25;   17.2;   13.0;   12.8;eor
       2115;20180913;   10;  10.8;   5.1;    3;   0.0;   4;   10.050;-999;   2.8;  11.1; 1020.59;   15.9;   61.18;   17.6;   13.4;    6.8;eor
       2115;20180914;   10;  15.2;   9.1;    3;   0.2;   6;    0.733;-999;   7.9;  12.9; 1017.85;   16.2;   69.88;   16.8;   15.5;   13.7;eor
       2115;20180915;   10;  15.0;   8.9;    3;   4.8;   6;    4.000;-999;   6.8;  12.6; 1019.60;   15.9;   69.79;   17.1;   13.6;   12.8;eor
       2115;20180916;   10;  15.1;   8.2;    3;   0.0;   0;    6.417;-999;   7.3;  14.6; 1019.60;   17.1;   74.75;   18.7;   15.2;   13.4;eor
       2115;20180917;   10;  11.4;   6.5;    3;   0.0;   0;    9.150;-999;  -999;  17.3; 1016.20;   17.7;   84.75;   19.4;   16.7;   15.3;eor
       2115;20180918;   10;  15.8;   8.8;    3;   0.0;   0;   10.967;-999;   1.7;  16.8; 1010.51;   18.9;   77.00;   21.8;   17.6;   15.3;eor
       2115;20180919;   10;  16.3;   9.5;    3;   0.0;   6;    7.850;-999;   5.0;  17.6; 1013.06;   18.7;   81.29;   21.2;   16.8;   15.7;eor
       2115;20180920;   10;  15.6;   8.6;    3;   0.4;   6;    0.600;-999;   7.4;  17.4; 1011.32;   18.3;   83.13;   20.0;   15.2;   14.9;eor
       2115;20180921;   10;  29.7;  14.3;    3;   9.1;   6;    2.433;-999;   7.2;  13.2; 1001.31;   16.0;   71.13;   19.5;   10.3;    9.0;eor
       2115;20180922;   10;  23.3;  12.3;    3;   0.9;   4;    2.200;-999;   5.5;  10.2; 1012.45;   14.3;   62.71;   15.4;   12.7;   10.1;eor
       2115;20180923;   10;  23.4;   8.4;    3;   4.8;   4;    0.033;-999;   6.9;   9.2; 1012.71;   12.9;   62.38;   14.2;   10.4;    7.9;eor
       2115;20180924;   10;  24.5;  12.5;    3;   2.3;   4;    4.650;-999;   5.2;   8.2; 1027.19;   11.9;   58.83;   13.2;    9.5;    6.9;eor
       2115;20180925;   10;  14.6;   6.2;    3;   0.0;   0;    7.667;-999;   5.0;   9.6; 1035.53;   13.3;   62.42;   15.0;   10.7;    7.6;eor
       2115;20180926;   10;  22.0;  13.8;    3;   0.0;   4;    2.933;-999;   7.7;  13.8; 1027.50;   15.3;   78.38;   17.1;   13.3;   12.5;eor
       2115;20180927;   10;  14.3;   8.9;    3;   0.0;   4;    2.433;-999;   6.8;  17.0; 1022.70;   16.6;   89.25;   17.6;   13.7;   12.9;eor
       2115;20180928;   10;  15.9;   9.5;    3;   0.0;   6;    7.333;-999;   4.5;   8.9; 1025.62;   13.1;   58.96;   14.7;   11.9;    9.4;eor
       2115;20180929;   10;  15.0;   7.6;    3;   0.0;   6;    2.550;-999;   6.1;  10.2; 1025.89;   13.5;   66.04;   14.8;   12.0;   10.5;eor
       2115;20180930;   10;  15.9;   8.9;    3;   1.0;   6;    2.467;-999;   7.2;  11.2; 1014.61;   13.8;   71.13;   15.6;   12.0;    9.2;eor
       2115;20181001;   10;  18.4;   9.3;    3;   5.7;   6;    3.133;-999;   5.4;   8.8; 1014.12;   11.1;   66.63;   13.0;    9.2;    7.0;eor
       2115;20181002;   10;  24.9;  13.9;    3;   7.6;   6;    1.000;   0;   7.2;  10.4; 1010.27;   12.4;   72.42;   15.1;    9.8;    7.4;eor
       2115;20181003;   10;  25.1;  12.1;    3;   1.5;   4;    4.217;   0;   5.8;  10.1; 1018.90;   12.8;   68.08;   14.0;   11.4;    9.5;eor
       2115;20181004;   10;  12.7;   7.6;    3;   1.4;   6;    0.083;   0;   7.2;  14.9; 1021.59;   14.7;   88.83;   15.6;   12.4;   11.9;eor
       2115;20181005;   10;  13.7;   6.2;    3;   0.0;   0;    7.400;   0;   7.3;  14.8; 1016.52;   14.9;   87.04;   16.4;   12.9;    6.1;eor
       2115;20181006;   10;  18.9;   5.0;    3;   0.2;   6;    0.783;   0;   7.7;  14.0; 1008.88;   13.0;   92.83;   14.3;    9.8;    6.0;eor
       2115;20181007;   10;  17.8;   6.4;    3;   0.0;   6;    6.900;   0;   6.0;   8.8; 1018.90;   11.6;   64.25;   13.1;    9.8;    3.9;eor
       2115;20181008;   10;  15.1;  10.6;    3;   0.0;   0;    3.167;   0;   7.6;  11.5; 1019.21;   13.4;   74.42;   14.8;   11.7;   10.2;eor
       2115;20181009;   10;  13.1;   8.1;    3;   0.0;   0;    4.533;   0;   7.2;  13.8; 1019.21;   14.4;   83.46;   15.9;   13.1;   12.1;eor
       2115;20181010;   10;  13.6;   6.7;    3;   0.0;   0;    9.600;   0;   2.6;  13.4; 1019.51;   15.0;   78.26;   16.2;   13.4;   10.6;eor
       2115;20181011;   10;  14.0;   8.4;    3;   0.0;   0;    9.250;   0;   1.3;  14.7; 1013.05;   15.4;   83.92;   17.2;   14.0;   12.6;eor
       2115;20181012;   10;  11.7;   7.4;    3;   0.0;   0;    8.917;   0;   2.3;  15.3; 1016.66;   16.5;   81.50;   18.0;   15.4;   13.9;eor
       2115;20181013;   10;  12.7;   8.5;    3;   0.0;   0;    8.817;   0;   1.6;  15.8; 1016.88;   17.4;   79.58;   19.4;   16.0;   15.0;eor
       2115;20181014;   10;  12.5;   9.0;    3;   0.0;   0;    9.167;   0;   1.6;  14.6; 1009.50;   16.8;   76.08;   18.5;   15.1;   13.7;eor
       2115;20181015;   10;   7.5;   3.7;    3;   0.0;   6;    9.250;   0;   4.3;  15.2; 1011.65;   16.3;   82.13;   18.5;   15.0;   11.9;eor
       2115;20181016;   10;   7.7;   4.2;    3;   0.0;   0;    0.500;   0;   7.3;  16.4; 1016.88;   15.4;   93.08;   16.7;   13.6;   12.7;eor
       2115;20181017;   10;   8.8;   4.7;    3;   0.2;   6;    3.233;   0;   7.4;  15.1; 1018.34;   15.7;   84.88;   16.6;   14.5;   12.4;eor
       2115;20181018;   10;  13.2;   7.0;    3;   0.0;   0;    6.183;   0;   5.5;  11.2; 1024.32;   13.2;   72.83;   14.7;   11.8;    8.7;eor
       2115;20181019;   10;   9.3;   3.3;    3;   0.0;   6;    0.000;   0;   7.5;   9.0; 1026.13;   12.0;   64.04;   12.8;   11.4;    5.4;eor
       2115;20181020;   10;  13.9;   6.4;    3;   0.0;   6;    5.650;   0;   6.2;  11.8; 1027.74;   13.7;   75.08;   15.0;   12.2;   10.6;eor
       2115;20181021;   10;  13.1;   8.3;    3;   0.6;   6;    3.567;   0;   7.1;  14.0; 1025.65;   14.5;   84.38;   15.1;   13.9;   13.3;eor
       2115;20181022;   10;  20.3;  10.1;    3;   0.6;   6;    5.267;   0;   5.5;   9.7; 1028.16;   12.7;   65.92;   14.1;   11.3;   10.4;eor
       2115;20181023;   10;  25.0;  16.1;    3;   6.7;   4;    0.000;   0;   7.8;  12.5; 1015.39;   13.0;   83.42;   14.1;   11.4;   10.8;eor
       2115;20181024;   10;  20.4;  11.1;    3;   0.6;   6;    0.317;   0;   7.7;  11.8; 1017.33;   12.7;   80.13;   13.7;   11.2;   10.2;eor
       2115;20181025;   10;  19.7;  12.2;    3;   2.3;   4;    0.300;   0;   7.6;  10.4; 1013.09;   12.6;   70.67;   13.7;   10.7;   10.1;eor
       2115;20181026;   10;  19.8;   9.4;    3;  14.6;   6;    0.350;   0;   7.7;  10.6; 1001.62;   11.4;   77.96;   13.9;    6.6;    4.5;eor
       2115;20181027;   10;  18.4;   8.9;    3;   0.0;   6;    5.517;   0;   4.5;   7.2; 1007.02;    8.1;   66.04;   10.0;    6.2;    3.9;eor
       2115;20181028;   10;  15.6;   9.2;    3;   1.2;   6;    3.267;   0;   4.2;   6.4; 1018.90;    5.9;   68.58;    6.8;    5.1;    2.9;eor
       2115;20181029;   10;  18.6;  13.5;    3;   1.1;   6;    0.000;   0;   7.8;   8.3; 1008.80;    7.5;   79.79;    8.7;    5.9;    5.2;eor
       2115;20181030;   10;  21.4;  13.0;    3;   5.4;   6;    0.000;   0;   7.8;   9.4;  990.03;    8.7;   83.50;   10.4;    6.7;    6.2;eor
       2115;20181031;   10;  26.6;  12.3;    3;   2.5;   6;    4.833;   0;   6.7;   9.6; 1009.12;   10.3;   77.00;   11.4;    6.4;    6.0;eor
       2115;20181101;   10;  15.3;   9.8;    3;   5.3;   6;    3.267;   0;   7.2;  10.7; 1010.33;   11.2;   79.96;   11.9;   10.5;    9.2;eor
       2115;20181102;   10;  22.7;  10.1;    3;   2.6;   6;    2.500;   0;   6.0;  10.0; 1016.80;   11.0;   76.25;   12.5;    9.0;    6.4;eor
       2115;20181103;   10;  13.4;   7.7;    3;   0.0;   0;    7.717;   0;   3.5;   9.4; 1026.41;    9.8;   77.25;   10.6;    9.0;    6.8;eor
       2115;20181104;   10;  13.2;   8.9;    3;   0.0;   6;    1.633;   0;   5.6;  10.1; 1017.97;    8.8;   88.83;   10.8;    7.2;    6.6;eor
       2115;20181105;   10;  11.8;   8.3;    3;   0.0;   6;    0.000;   0;   8.0;  11.7; 1010.92;   10.7;   90.50;   11.6;    9.8;    9.5;eor
       2115;20181106;   10;  12.3;   7.2;    3;   0.0;   0;    0.100;   0;   7.8;  12.3; 1007.38;   10.9;   93.58;   11.8;    9.9;    9.5;eor
       2115;20181107;   10;  12.6;   8.7;    3;   0.0;   6;    7.400;   0;   4.3;  12.0; 1007.74;   12.4;   83.38;   13.9;   10.6;    9.5;eor
       2115;20181108;   10;  13.6;   7.5;    3;   0.0;   0;    6.033;   0;   3.7;  10.9; 1017.85;   11.8;   78.38;   13.0;   10.4;    4.5;eor
       2115;20181109;   10;  14.8;   9.0;    3;   1.9;   6;    0.000;   0;   5.9;  11.2; 1013.80;   10.6;   87.25;   12.0;    9.4;    7.1;eor
       2115;20181110;   10;  20.2;  11.8;    3;   3.9;   6;    0.000;   0;   7.5;  12.2; 1002.42;   11.9;   87.08;   13.1;   10.6;    9.7;eor
       2115;20181111;   10;  15.8;  10.6;    3;   0.6;   6;    0.183;   0;   7.6;  12.4; 1003.92;   12.4;   86.17;   13.0;   11.6;   10.2;eor
       2115;20181112;   10;  11.9;   6.8;    3;   2.3;   6;    0.000;   0;   7.7;  12.0; 1012.46;   11.1;   90.29;   11.9;   10.1;    8.9;eor
       2115;20181113;   10;  20.2;  12.2;    3;   1.0;   6;    0.817;   0;   7.1;  11.2; 1017.61;   11.3;   83.79;   12.4;   10.2;    8.9;eor
       2115;20181114;   10;  14.5;   9.0;    3;   0.0;   6;    0.067;   0;   7.7;  11.2; 1025.43;   11.0;   85.46;   12.4;    9.1;    9.2;eor
       2115;20181115;   10;  12.0;   7.4;    3;   0.0;   0;    5.983;   0;   3.1;  10.0; 1026.30;    9.0;   86.88;   11.0;    6.8;    5.7;eor
       2115;20181116;   10;  16.2;   9.3;    3;   0.0;   0;    5.800;   0;   2.8;   9.0; 1030.34;    8.1;   82.75;    9.9;    6.9;    5.8;eor
       2115;20181117;   10;  15.8;  11.4;    3;   0.0;   0;    6.333;   0;   0.8;   7.8; 1035.88;    6.9;   78.79;    7.8;    5.8;    4.6;eor
       2115;20181118;   10;  17.2;   9.3;    3;   0.0;   0;    2.100;   0;   5.7;   7.4; 1033.75;    7.2;   73.33;    8.2;    6.0;    3.9;eor
       2115;20181119;   10;  19.8;  14.7;    3;   0.7;   6;    2.750;   0;   6.5;   7.7; 1026.26;    6.6;   78.33;    7.2;    6.0;    4.7;eor
       2115;20181120;   10;  27.3;  17.3;    3;   0.0;   4;    0.117;   0;   7.5;   6.4; 1017.80;    5.5;   71.04;    7.2;    4.5;    4.2;eor
       2115;20181121;   10;  21.3;  13.3;    3;   0.0;   4;    1.050;   0;   7.7;   6.3; 1020.74;    3.9;   78.13;    4.9;    3.0;    2.9;eor
       2115;20181122;   10;  14.8;  10.5;    3;   0.0;   4;    0.000;   0;   7.9;   6.6; 1022.81;    3.5;   84.04;    4.5;    2.6;    2.1;eor
       2115;20181123;   10;  13.4;   7.0;    3;   0.0;   4;    0.000;   0;   7.9;   7.2; 1019.37;    4.4;   85.38;    5.1;    3.7;    1.4;eor
       2115;20181124;   10;  12.0;   6.2;    3;   0.0;   4;    3.583;   0;   6.2;   6.7; 1014.10;    4.4;   80.46;    5.2;    3.6;    1.3;eor
       2115;20181125;   10;  13.6;   9.4;    3;   0.0;   0;    0.000;   0;   7.9;   7.8; 1013.88;    5.6;   85.08;    6.6;    4.9;    4.6;eor
       2115;20181126;   10;  15.4;   9.6;    3;   0.0;   0;    1.217;   0;   7.6;   7.5; 1016.28;    5.6;   82.29;    6.6;    4.7;    3.7;eor
       2115;20181127;   10;  20.1;  10.3;    3;   0.0;   0;    0.317;   0;   5.6;   6.0; 1021.68;    4.2;   72.21;    5.2;    2.7;    1.6;eor
       2115;20181128;   10;-999;-999;    3;   5.0;   4;    1.050;   0;  -999;  -999;    -999;    3.0;-999;    4.6;    1.1;    0.4;eor
       2115;20181129;   10;-999;-999;    3;   5.9;   4;    0.000;-999;  -999;  -999;    -999;    7.7;-999;    9.9;    5.8;    5.4;eor
       2115;20181130;   10;-999;-999;    3;   0.2;   4;    0.950;   0;   7.4;  10.3; 1006.76;    9.9;   84.63;   10.6;    8.9;    7.6;eor
       2115;20181201;   10;-999;-999;    3;   2.4;   4;    0.317;   0;   6.7;   9.7; 1007.23;    8.3;   88.50;    9.2;    7.5;    6.5;eor
       2115;20181202;   10;-999;-999;    3;   4.7;   4;    0.000;   0;   7.8;  11.4;  995.25;    9.7;   94.58;   10.9;    8.0;    7.7;eor
       2115;20181203;   10;-999;-999;    3;   2.7;   4;    0.033;   0;   7.3;  11.1;  994.71;   10.3;   87.79;   11.0;    8.4;    7.1;eor
       2115;20181204;   10;-999;-999;    3;   0.3;   4;    3.517;   0;   3.3;   7.0; 1014.99;    8.1;   64.96;    9.0;    6.0;    4.2;eor
       2115;20181205;   10;-999;-999;    3;   4.8;   6;    3.450;   0;   5.3;   8.0; 1020.85;    6.8;   80.88;    8.5;    5.9;    4.8;eor
       2115;20181206;   10;-999;-999;    3;   2.8;   6;    0.000;   0;   7.9;  10.7; 1009.92;    8.8;   94.00;   10.3;    6.1;    5.7;eor
       2115;20181207;   10;-999;-999;    3;   6.8;   4;    0.000;   0;   7.4;  11.1;  998.41;    9.8;   90.79;   10.8;    7.6;    6.5;eor
       2115;20181208;   10;-999;-999;    3;   5.5;   4;    0.083;   0;   7.3;   9.3;  990.47;    8.7;   82.67;    9.8;    7.4;    6.4;eor
       2115;20181209;   10;-999;-999;    3;   4.6;   4;    0.600;   0;   6.5;   8.2;  992.88;    8.2;   75.50;    9.4;    5.8;    4.0;eor
       2115;20181210;   10;-999;-999;    3;   1.0;   4;    2.000;-999;  -999;  -999;    -999;    8.0;-999;    9.3;    4.7;    3.4;eor
       2115;20181211;   10;-999;-999;    3;   0.0;   0;    5.000;-999;  -999;  -999;    -999;    8.0;-999;    8.8;    5.3;    2.9;eor
       2115;20181212;   10;-999;-999;    3;   0.0;   4;    0.000;-999;  -999;  -999; 1026.99;    5.0;-999;    5.1;    4.2;    1.5;eor
       2115;20181213;   10;-999;-999;    3;   0.0;   4;    0.750;   0;   7.7;   6.4; 1025.77;    3.8;   80.17;    5.0;    2.6;    1.6;eor
       2115;20181214;   10;-999;-999;    3;   0.0;   4;    0.000;   0;   7.9;   5.8; 1026.39;    3.5;   74.46;    4.0;    2.6;    2.2;eor
       2115;20181215;   10;-999;-999;    3;   0.0;   0;    0.000;   0;   7.8;   4.7; 1024.92;    2.0;   66.54;    3.0;    0.6;    0.2;eor
       2115;20181216;   10;-999;-999;    3;   0.1;   4;    0.000;   0;   7.8;   5.4; 1011.98;    1.2;   80.38;    2.4;    0.6;    0.2;eor
       2115;20181217;   10;-999;-999;    3;   1.0;   4;    0.000;   0;   8.0;   7.6; 1016.27;    4.2;   91.96;    7.3;    2.4;    2.1;eor
       2115;20181218;   10;-999;-999;    3;   0.0;   4;    0.000;   0;   7.7;   8.5; 1018.90;    6.2;   89.71;    7.8;    5.1;    4.5;eor
       2115;20181219;   10;-999;-999;    3;   1.2;   4;    0.000;   0;   7.7;   8.2; 1009.64;    6.4;   84.42;    7.8;    5.1;    4.3;eor
       2115;20181220;   10;-999;-999;    3;   5.8;   4;    1.267;   0;   7.5;   9.1; 1008.53;    7.1;   89.88;    7.7;    6.3;    5.1;eor
       2115;20181221;   10;-999;-999;    3;  14.0;   6;    0.000;   0;   7.6;   9.5;  998.30;    7.5;   91.92;    8.6;    6.9;    5.9;eor
       2115;20181222;   10;-999;-999;    3;   4.6;   6;    0.000;   0;   7.6;   9.4; 1007.45;    7.9;   87.96;    8.3;    7.2;    5.6;eor
       2115;20181223;   10;-999;-999;    3;   0.9;   6;    0.000;   0;   7.8;   9.2; 1013.89;    7.7;   87.83;    8.7;    4.8;    4.7;eor
       2115;20181224;   10;-999;-999;    3;   0.5;   6;    1.600;   0;   6.0;   6.9; 1026.63;    5.6;   76.13;    7.7;    2.5;   -1.0;eor
       2115;20181225;   10;-999;-999;    3;   0.0;   6;    0.467;   0;   6.8;   7.9; 1029.42;    7.7;   74.79;    8.1;    7.1;    6.1;eor
       2115;20181226;   10;-999;-999;    3;   0.3;   4;    0.000;   0;   8.0;  10.3; 1026.84;    8.1;   95.13;    8.6;    7.0;    6.8;eor
       2115;20181227;   10;-999;-999;    3;   0.1;   6;    0.000;   0;   7.8;  10.0; 1023.30;    7.7;   95.04;    8.4;    6.9;    6.8;eor
       2115;20181228;   10;-999;-999;    3;   0.0;   4;    0.000;   0;   7.9;  10.1; 1025.28;    8.2;   92.46;    8.5;    7.8;    7.5;eor
       2115;20181229;   10;-999;-999;    3;   2.1;   4;    0.000;   0;   7.8;  10.2; 1021.43;    8.3;   92.88;    9.0;    7.3;    6.4;eor
       2115;20181230;   10;-999;-999;    3;   0.2;   6;    0.667;   0;   7.7;   9.3; 1027.34;    8.2;   86.08;    8.6;    7.5;    6.2;eor
       2115;20181231;   10;-999;-999;    3;   0.6;   6;    0.200;   0;   7.4;  10.3; 1028.39;    8.1;   95.50;    8.6;    7.4;    7.2;eor
       2115;20190101;   10;-999;-999;    3;   1.1;   4;    1.933;   0;   6.2;   7.7; 1021.12;    7.6;   73.67;    8.8;    4.0;    2.9;eor
       2115;20190102;   10;-999;-999;    3;   0.6;   4;    6.117;   0;   2.3;   5.4; 1032.55;    5.9;   58.17;    7.3;    3.8;   -3.4;eor
       2115;20190103;   10;-999;-999;    3;   0.0;   4;    3.533;   0;   5.8;   6.5; 1036.42;    5.2;   73.58;    6.6;    4.3;    2.0;eor
       2115;20190104;   10;-999;-999;    3;   1.9;   6;    0.000;   0;   7.7;   8.4; 1030.97;    6.8;   84.42;    8.2;    5.5;    4.8;eor
       2115;20190105;   10;-999;-999;    3;   1.8;   6;    0.000;   0;   7.7;   9.9; 1025.38;    7.8;   93.63;    8.5;    7.1;    6.9;eor
       2115;20190106;   10;-999;-999;    3;   0.9;   6;    0.017;   0;   7.6;   9.3; 1029.22;    7.2;   91.50;    7.9;    6.7;    6.1;eor
       2115;20190107;   10;-999;-999;    3;   4.5;   6;    0.000;   0;   7.4;   9.3; 1022.32;    7.3;   91.33;    8.8;    6.2;    5.4;eor
       2115;20190108;   10;-999;-999;    3;   4.8;   4;    0.000;   0;   6.6;   7.6; 1005.33;    6.9;   75.38;    8.2;    3.3;    1.0;eor
       2115;20190109;   10;-999;-999;    3;   0.0;   0;    6.233;   0;   2.0;   5.6; 1017.70;    4.8;   65.17;    6.4;    2.6;    0.5;eor
       2115;20190110;   10;-999;-999;    3;   1.3;   4;    0.000;   0;   7.6;   6.8; 1024.12;    4.2;   82.46;    6.8;    2.6;    0.4;eor
       2115;20190111;   10;-999;-999;    3;   0.6;   4;    1.500;   0;   6.4;   9.0; 1018.31;    7.3;   88.33;    7.9;    6.5;    5.5;eor
       2115;20190112;   10;-999;-999;    3;   4.8;   6;    0.000;   0;   7.4;   8.9; 1009.49;    7.1;   87.50;    7.8;    6.2;    5.7;eor
       2115;20190113;   10;-999;-999;    3;   4.0;   4;    0.517;   0;   6.8;   8.9;  996.55;    7.4;   85.42;    8.3;    5.5;    4.1;eor
       2115;20190114;   10;-999;-999;    3;   0.2;   4;    2.567;   0;   6.1;   5.7; 1007.10;    4.5;   67.42;    5.9;    2.8;    1.5;eor
       2115;20190115;   10;-999;-999;    3;   1.4;   4;    0.000;   0;   7.7;   8.7; 1008.77;    6.8;   87.71;    7.5;    5.8;    4.9;eor
       2115;20190116;   10;-999;-999;    3;   1.1;   6;    0.000;   0;   7.9;   8.9; 1000.73;    6.5;   91.96;    7.2;    5.3;    4.6;eor
       2115;20190117;   10;-999;-999;    3;   2.5;   8;    1.533;   0;   5.9;   6.6;  997.28;    4.4;   78.25;    6.5;    1.2;    0.0;eor
       2115;20190118;   10;-999;-999;    3;   0.4;   8;    5.333;   0;   4.5;   6.0; 1015.53;    4.0;   73.75;    5.1;    1.9;   -0.7;eor
       2115;20190119;   10;-999;-999;    3;   0.0;   0;    6.533;   0;   5.1;   5.4; 1017.65;    2.7;   72.58;    4.4;    2.1;    0.0;eor
       2115;20190120;   10;-999;-999;    3;   0.0;   0;    1.200;   0;   5.6;   5.2; 1019.16;    2.3;   72.17;    3.1;    1.7;   -1.3;eor
       2115;20190121;   10;-999;-999;    3;   0.8;   6;    5.467;   0;   4.0;   6.6; 1018.42;    4.1;   80.58;    6.3;    1.6;   -0.4;eor
       2115;20190122;   10;-999;-999;    3;   0.1;   4;    2.800;   0;   7.6;   5.1; 1005.55;    1.6;   74.29;    3.1;   -0.6;   -0.6;eor
       2115;20190123;   10;-999;-999;    3;   0.0;   4;    1.000;   0;   7.7;   4.5; 1002.82;   -1.4;   81.21;   -0.2;   -2.8;   -3.2;eor
       2115;20190124;   10;-999;-999;    3;   0.0;   4;    0.000;   0;   7.9;   3.6; 1011.81;   -3.0;   74.08;   -2.1;   -4.9;   -4.1;eor
       2115;20190125;   10;-999;-999;    3;   2.7;   4;    0.000;   1;   7.8;   4.5; 1010.62;   -1.3;   79.04;    6.1;   -3.3;   -5.3;eor
       2115;20190126;   10;-999;-999;    3;   5.5;   4;    0.000;   0;   7.6;   8.4;  997.95;    5.4;   93.63;    6.3;    4.5;   -0.1;eor
       2115;20190127;   10;-999;-999;    3;   1.6;   4;    0.000;   0;   7.1;   8.3;  982.13;    5.5;   91.13;    6.0;    4.1;    2.6;eor
       2115;20190128;   10;-999;-999;    3;   0.5;   4;    0.000;   0;   6.6;   6.4;  990.73;    3.6;   80.50;    4.6;    1.4;    1.0;eor
       2115;20190129;   10;-999;-999;    3;   0.0;   0;    3.333;   0;   5.9;   6.0; 1000.03;    3.5;   76.88;    4.6;    2.3;    1.0;eor
       2115;20190130;   10;-999;-999;    3;   0.9;   4;    2.400;   0;   8.0;   5.6;  995.40;    2.1;   78.63;    2.8;    0.8;    0.2;eor
       2115;20190131;   10;-999;-999;    3;   0.0;   8;    0.000;   0;   6.8;   5.7;  995.56;    1.5;   83.50;    2.8;    0.2;   -0.3;eor
       2115;20190201;   10;-999;-999;    3;   0.0;   8;    0.850;   0;   5.9;   5.4;  994.07;    1.2;   80.29;    2.1;    0.7;   -0.2;eor
       2115;20190202;   10;-999;-999;    3;   0.0;   4;    0.000;   0;   8.0;   5.9; 1000.70;    2.0;   82.92;    3.5;    0.9;    0.4;eor
       2115;20190203;   10;-999;-999;    3;   0.2;   4;    7.117;   0;   2.7;   6.2; 1016.45;    4.2;   74.54;    5.8;    2.6;    0.3;eor
       2115;20190204;   10;-999;-999;    3;   1.2;   4;    0.000;   0;   7.0;   6.4; 1018.90;    3.3;   82.83;    4.3;    2.6;    2.0;eor
       2115;20190205;   10;-999;-999;    3;   0.1;   6;    1.583;   0;   7.0;   7.9; 1022.37;    4.2;   95.17;    5.9;    3.5;    3.1;eor
       2115;20190206;   10;-999;-999;    3;   7.5;   8;    0.000;   0;   8.0;   7.9; 1017.93;    4.5;   93.63;    5.0;    3.8;    3.5;eor
       2115;20190207;   10;-999;-999;    3;   5.1;   8;    0.117;   0;   7.8;   8.0; 1003.55;    5.7;   88.25;    7.0;    4.8;    4.4;eor
       2115;20190208;   10;-999;-999;    3;   5.3;   6;    0.000;   0;   7.1;   8.4; 1002.44;    6.3;   87.88;    7.8;    5.2;    4.0;eor
       2115;20190209;   10;-999;-999;    3;   0.9;   4;    1.817;   0;   6.2;   7.9;  994.42;    6.7;   80.71;    7.5;    5.8;    4.7;eor
       2115;20190210;   10;-999;-999;    3;  12.9;   8;    0.000;   0;   6.9;   8.0;  991.86;    5.3;   89.54;    6.4;    3.8;    3.4;eor
       2115;20190211;   10;-999;-999;    3;   0.2;   8;    4.800;   0;   5.4;   6.5; 1012.09;    5.7;   70.88;    6.6;    3.3;    2.3;eor
       2115;20190212;   10;-999;-999;    3;   0.0;   6;    2.950;   0;   7.6;   7.5; 1028.02;    5.3;   83.58;    6.0;    3.8;    2.3;eor
       2115;20190213;   10;-999;-999;    3;   0.0;   6;    0.000;   0;   7.9;   8.6; 1030.39;    5.8;   93.38;    6.4;    5.4;    4.7;eor
       2115;20190214;   10;-999;-999;    3;   0.0;   0;    8.300;   0;   2.0;   7.8; 1032.95;    5.2;   88.25;    6.0;    4.4;    2.4;eor
       2115;20190215;   10;-999;-999;    3;   0.0;   0;    8.617;   0;   0.5;   7.3; 1029.80;    6.1;   77.50;    8.1;    4.3;    0.3;eor
       2115;20190216;   10;-999;-999;    3;   0.0;   0;    7.433;   0;   3.3;   7.9; 1022.32;    6.4;   82.25;    7.6;    5.3;    3.5;eor
       2115;20190217;   10;-999;-999;    3;   0.0;   0;    7.400;   0;   5.6;   8.3; 1020.07;    6.9;   83.67;    8.6;    5.8;    4.7;eor
       2115;20190218;   10;-999;-999;    3;   2.0;   6;    8.383;   0;   4.8;   8.1; 1015.24;    6.8;   81.63;    8.2;    5.3;    3.7;eor
       2115;20190219;   10;-999;-999;    3;   0.0;   6;    0.750;   0;   6.8;   8.6; 1012.63;    5.9;   92.08;    6.6;    4.9;    4.4;eor
       2115;20190220;   10;-999;-999;    3;   0.5;   6;    0.167;   0;   8.0;   8.5; 1018.32;    6.2;   90.33;    6.8;    5.5;    4.8;eor
       2115;20190221;   10;-999;-999;    3;   0.4;   4;    0.500;   0;   7.5;   8.8; 1022.58;    6.2;   93.17;    6.8;    5.8;    4.8;eor
       2115;20190222;   10;-999;-999;    3;   0.0;   0;    0.000;   0;   7.6;   7.8; 1036.92;    5.0;   89.67;    5.9;    4.2;    3.1;eor
       2115;20190223;   10;-999;-999;    3;   0.0;   0;    8.767;   0;   1.3;   6.6; 1039.42;    4.6;   77.88;    6.3;    3.1;    2.2;eor
       2115;20190224;   10;-999;-999;    3;   0.0;   0;    7.450;   0;   1.5;   7.1; 1037.80;    5.3;   79.75;    7.3;    4.2;   -1.7;eor
       2115;20190225;   10;-999;-999;    3;   0.0;   0;    9.217;   0;   0.3;   7.5; 1037.30;    5.6;   82.33;    7.6;    2.8;   -3.5;eor
       2115;20190226;   10;-999;-999;    3;   0.0;   0;    9.250;   0;   1.2;   7.8; 1033.75;    6.4;   80.88;    8.2;    4.7;   -1.5;eor
       2115;20190227;   10;-999;-999;    3;   0.0;   0;    9.367;   0;   0.1;   7.6; 1023.77;    6.8;   76.50;    8.9;    5.1;   -1.4;eor
       2115;20190228;   10;-999;-999;    3;   0.0;   6;    0.933;   0;   5.8;   8.3; 1012.89;    5.5;   92.04;    6.3;    4.6;    4.3;eor
       2115;20190301;   10;-999;-999;    3;   0.0;   6;    5.050;   0;   7.4;   6.8; 1012.84;    5.3;   76.50;    6.7;    3.8;    3.5;eor
       2115;20190302;   10;-999;-999;    3;   2.6;   6;    1.550;   0;   7.6;   7.3; 1010.83;    5.6;   79.42;    7.6;    4.0;    3.7;eor
       2115;20190303;   10;-999;-999;    3;  11.0;   6;    0.150;   0;   7.3;   9.4;  998.29;    7.1;   93.25;    8.3;    6.1;    6.1;eor
       2115;20190304;   10;-999;-999;    3;   8.8;   6;    0.033;   0;   7.3;   8.5;  984.50;    6.9;   85.58;    9.0;    5.2;    4.9;eor
       2115;20190305;   10;-999;-999;    3;   0.1;   4;    7.133;   0;   4.1;   7.9;  998.93;    6.1;   84.04;    7.1;    5.3;    4.1;eor
       2115;20190306;   10;-999;-999;    3;   6.1;   4;    0.000;   0;   7.1;   8.5;  998.40;    6.3;   88.92;    7.8;    4.9;    3.9;eor
       2115;20190307;   10;-999;-999;    3;  10.8;   4;    3.550;   0;   6.8;   8.8;  987.48;    7.1;   87.25;    8.1;    4.9;    4.6;eor
       2115;20190308;   10;-999;-999;    3;   2.5;   4;    3.833;   0;   7.0;   7.5; 1001.48;    6.3;   78.71;    7.0;    5.6;    4.4;eor
       2115;20190309;   10;-999;-999;    3;   4.2;   4;    1.200;   0;   6.2;   7.6; 1000.62;    6.2;   80.46;    7.3;    2.3;    2.2;eor
       2115;20190310;   10;-999;-999;    3;   2.3;   4;    1.683;   0;   7.3;   7.1; 1002.18;    5.7;   77.58;    7.2;    3.6;    2.2;eor
       2115;20190311;   10;-999;-999;    3;   1.0;   4;    4.317;   0;   4.8;   7.2; 1009.37;    4.8;   83.79;    6.2;    2.6;    2.2;eor
       2115;20190312;   10;-999;-999;    3;   7.7;   4;    0.000;   0;   7.2;   7.3; 1006.10;    5.7;   80.04;    7.5;    4.2;    3.7;eor
       2115;20190313;   10;-999;-999;    3;   9.1;   6;    0.450;   0;   6.9;   8.0;  992.27;    6.0;   85.54;    7.1;    4.8;    4.5;eor
       2115;20190314;   10;-999;-999;    3;   6.6;   4;    0.000;   0;   7.1;   8.3;  993.26;    6.3;   87.17;    7.2;    5.3;    4.9;eor
       2115;20190315;   10;-999;-999;    3;   2.4;   4;    2.883;   0;   7.0;   8.2;  995.85;    6.8;   83.13;    8.7;    5.8;    5.2;eor
       2115;20190316;   10;-999;-999;    3;  22.6;   4;    0.000;   0;   7.4;   8.4;  998.75;    6.8;   84.96;    8.9;    4.4;    4.7;eor
       2115;20190317;   10;-999;-999;    3;   1.0;   4;    6.133;   0;   5.4;   7.6;  994.60;    6.5;   77.75;    8.2;    4.8;    3.7;eor
       2115;20190318;   10;-999;-999;    3;   2.1;   4;    7.050;   0;   3.6;   7.1; 1009.84;    6.0;   75.38;    7.0;    4.0;    3.4;eor
       2115;20190319;   10;-999;-999;    3;   0.1;   4;    8.817;   0;   2.9;   7.1; 1025.49;    6.1;   75.38;    7.7;    4.0;    2.8;eor
       2115;20190320;   10;-999;-999;    3;   0.1;   6;    1.050;   0;   7.1;   9.2; 1029.37;    6.9;   91.79;    7.7;    6.3;    5.0;eor
       2115;20190321;   10;-999;-999;    3;   0.2;   4;    3.367;   0;   7.0;   9.7; 1031.79;    7.2;   95.42;    9.1;    6.4;    6.4;eor
       2115;20190322;   10;-999;-999;    3;   0.1;   6;    4.100;   0;   5.4;   9.8; 1029.25;    7.5;   94.21;   10.2;    5.1;    4.8;eor
       2115;20190323;   10;-999;-999;    3;   0.0;   0;    3.500;   0;   6.6;   8.7; 1028.37;    6.8;   88.04;    9.0;    5.6;    4.3;eor
       2115;20190324;   10;-999;-999;    3;   3.6;   4;    6.500;   0;   5.4;   7.9; 1025.12;    6.2;   83.42;    7.7;    4.1;    2.4;eor
       2115;20190325;   10;-999;-999;    3;   0.5;   4;    8.083;   0;   3.8;   7.4; 1018.10;    6.1;   78.58;    7.6;    4.4;    3.6;eor
       2115;20190326;   10;-999;-999;    3;   1.0;   4;    1.650;   0;   6.8;   8.3; 1026.89;    6.6;   85.42;    7.6;    5.4;    3.9;eor
       2115;20190327;   10;-999;-999;    3;   0.4;   4;    0.000;   0;   7.8;   9.3; 1029.93;    6.9;   93.50;    7.5;    6.4;    5.7;eor
       2115;20190328;   10;-999;-999;    3;   0.0;   4;    2.700;   0;   7.2;   9.7; 1033.77;    7.5;   92.96;    9.0;    6.6;    4.8;eor
       2115;20190329;   10;-999;-999;    3;   0.0;   0;   10.433;   0;   2.9;   9.3; 1029.68;    8.2;   85.54;    9.7;    6.6;    1.8;eor
       2115;20190330;   10;-999;-999;    3;   0.0;   0;   10.933;   0;   1.0;   9.4; 1020.89;    8.1;   86.67;   10.9;    7.0;    4.4;eor
       2115;20190331;   10;-999;-999;    3;   0.0;   6;    9.150;   0;   3.2;   6.1; 1025.97;    6.3;   63.96;    7.7;    4.7;    2.2;eor
       2115;20190401;   10;-999;-999;    3;   0.0;   0;   11.683;   0;   0.4;   6.0; 1024.55;    6.6;   61.71;    8.6;    3.9;    1.1;eor
       2115;20190402;   10;-999;-999;    3;   1.2;   6;    6.600;   0;   4.6;   8.0; 1006.72;    8.0;   73.63;   10.6;    5.4;    4.3;eor
       2115;20190403;   10;-999;-999;    3;  15.3;   6;    0.000;   0;   7.7;   9.4; 1001.72;    7.5;   91.04;    8.3;    6.7;    6.2;eor
       2115;20190404;   10;-999;-999;    3;   0.0;   0;    0.567;   0;   7.8;   9.0; 1000.86;    7.1;   89.42;    8.2;    6.2;    5.1;eor
       2115;20190405;   10;-999;-999;    3;   0.0;   6;    0.350;   0;   7.9;   9.3; 1005.59;    7.4;   90.29;    8.2;    7.1;    6.6;eor
       2115;20190406;   10;-999;-999;    3;   0.0;   0;   10.200;   0;   3.4;  10.1; 1007.83;    9.3;   86.71;   13.3;    6.1;    6.6;eor
       2115;20190407;   10;-999;-999;    3;   0.0;   0;   11.883;   0;   1.7;  10.2; 1008.91;    9.9;   83.25;   12.8;    7.7;    5.7;eor
       2115;20190408;   10;-999;-999;    3;   0.0;   0;   10.033;   0;   1.7;   8.5; 1013.35;    9.0;   74.50;   11.2;    6.5;    4.9;eor
       2115;20190409;   10;-999;-999;    3;   0.0;   0;   11.217;   0;   1.0;   6.6; 1017.86;    7.0;   66.25;    9.3;    4.3;    2.6;eor
       2115;20190410;   10;-999;-999;    3;   0.0;   0;    9.000;   0;   2.1;   5.1; 1021.31;    4.9;   58.65;    6.9;    3.3;    1.2;eor
       2115;20190411;   10;-999;-999;    3;   0.3;   8;    2.267;   0;   5.5;   6.2; 1026.49;    5.1;   70.96;    7.0;    3.7;    1.6;eor
       2115;20190412;   10;-999;-999;    3;   1.2;   8;    6.300;   0;   6.5;   5.8; 1028.61;    4.5;   69.46;    7.0;    1.9;    0.5;eor
       2115;20190413;   10;-999;-999;    3;   1.2;   8;    1.617;   0;   7.1;   5.6; 1027.85;    4.1;   69.13;    5.7;    1.6;    1.3;eor
       2115;20190414;   10;-999;-999;    3;   0.0;   6;    4.200;   0;   7.5;   6.8; 1028.72;    5.6;   74.08;    7.5;    3.0;    2.2;eor
       2115;20190415;   10;-999;-999;    3;   0.0;   0;   11.483;   0;   2.5;   7.1; 1028.27;    7.1;   70.46;    9.4;    5.4;    4.6;eor
       2115;20190416;   10;-999;-999;    3;   0.0;   0;   12.650;   0;   0.0;   7.4; 1022.93;    7.1;   73.00;   10.0;    4.5;    3.4;eor
       2115;20190417;   10;-999;-999;    3;   0.0;   0;   12.400;   0;   1.4;   7.9; 1026.08;    9.4;   67.00;   12.0;    7.5;    5.9;eor
       2115;20190418;   10;-999;-999;    3;   0.0;   0;   12.683;   0;   0.0;   8.8; 1030.69;    9.9;   72.33;   13.0;    7.3;    6.0;eor
       2115;20190419;   10;-999;-999;    3;   0.0;   0;   12.750;   0;   0.3;   9.3; 1032.73;   10.5;   73.21;   14.4;    8.0;    6.3;eor
       2115;20190420;   10;-999;-999;    3;   0.0;   0;   12.867;   0;   1.0;   8.9; 1031.94;   10.3;   71.58;   13.7;    8.2;    1.6;eor
       2115;20190421;   10;-999;-999;    3;   0.0;   0;   12.933;   0;   0.0;   9.1; 1023.08;   10.8;   70.17;   14.0;    7.9;    0.5;eor
       2115;20190422;   10;-999;-999;    3;   0.0;   0;   13.033;   0;   0.0;   9.4; 1014.41;   11.9;   67.46;   15.0;   10.0;    8.0;eor
       2115;20190423;   10;-999;-999;    3;   0.0;   0;   12.933;   0;   0.0;   9.6; 1006.47;   11.7;   69.88;   14.1;   10.3;    8.9;eor
       2115;20190424;   10;-999;-999;    3;   2.6;   4;    5.900;   0;   6.2;  11.3; 1001.22;   12.4;   78.92;   15.1;   10.4;    9.2;eor
       2115;20190425;   10;-999;-999;    3;   0.0;   4;   10.200;   0;   6.0;  11.2; 1007.03;   12.0;   80.38;   14.8;    9.5;    8.7;eor
       2115;20190426;   10;-999;-999;    3;   0.7;   4;    1.067;   0;   7.8;  11.0; 1010.73;   10.5;   86.83;   13.6;    9.1;    7.3;eor
       2115;20190427;   10;-999;-999;    3;   0.5;   6;    3.850;   0;   5.3;  10.5; 1009.95;    9.9;   86.25;   11.2;    8.7;    6.0;eor
       2115;20190428;   10;-999;-999;    3;   1.5;   6;    2.883;   0;   5.9;   9.7; 1017.84;    8.6;   86.25;    9.9;    8.0;    5.7;eor
       2115;20190429;   10;-999;-999;    3;   0.1;   6;    0.000;   0;   8.0;  10.6; 1023.62;    8.9;   93.29;   10.4;    7.5;    7.7;eor
       2115;20190430;   10;-999;-999;    3;   0.0;   6;    0.033;   0;   8.0;  10.1; 1021.89;    8.1;   93.17;   10.0;    6.6;    7.1;eor
       2115;20190501;    3;-999;-999;    3;   0.0;   6;    0.000;-999;   7.9;   9.4; 1015.25;    8.3;   86.08;    8.8;    7.5;    7.6;eor
       2115;20190502;    3;-999;-999;    3;   1.5;   6;    0.833;-999;   6.5;   9.0; 1006.93;    8.4;   81.17;    9.5;    6.5;    5.1;eor
       2115;20190503;    3;-999;-999;    3;   2.7;   8;    5.867;-999;   5.4;   6.6; 1008.25;    6.8;   66.67;    8.7;    5.0;    3.6;eor
       2115;20190504;    3;-999;-999;    3;   0.0;   6;   11.267;-999;   2.8;   5.9; 1008.62;    6.7;   60.58;    8.4;    3.9;    2.7;eor
       2115;20190505;    3;-999;-999;    3;   0.9;   4;    7.650;-999;   4.8;   7.0; 1017.07;    7.9;   65.42;   10.5;    6.2;    4.9;eor
       2115;20190506;    3;-999;-999;    3;   0.3;   4;    6.667;-999;   5.3;   7.2; 1016.21;    7.6;   68.42;    8.7;    6.2;    5.3;eor
       2115;20190507;    3;-999;-999;    3;   0.1;   4;   10.967;-999;   3.9;   6.6; 1015.85;    8.1;   60.96;    9.8;    6.4;    5.0;eor
       2115;20190508;    3;-999;-999;    3;   5.3;   6;    2.833;-999;   7.4;   9.5; 1002.51;    9.8;   77.92;   11.9;    7.8;    5.3;eor
       2115;20190509;    3;-999;-999;    3;   5.2;   6;    8.867;-999;   5.6;  11.0;  996.77;   10.9;   84.21;   13.6;    9.2;    7.5;eor
       2115;20190510;    3;-999;-999;    3;   0.0;   6;    3.900;-999;   5.7;   8.7; 1007.24;    8.9;   75.79;   10.2;    6.8;    0.3;eor
       2115;20190511;    3;-999;-999;    3;   0.0;   0;   11.550;-999;   2.8;   7.1; 1017.60;    8.6;   63.29;   10.5;    6.4;    0.7;eor
       2115;20190512;    3;-999;-999;    3;   0.0;   0;   13.883;-999;   0.9;   7.7; 1032.30;    9.3;   65.83;   11.6;    7.7;    5.7;eor
       2115;20190513;    3;-999;-999;    3;   0.0;   0;   12.517;-999;   2.5;   7.8; 1038.83;    9.2;   67.63;   11.4;    7.4;    5.7;eor
       2115;20190514;    3;-999;-999;    3;   0.0;   0;   12.850;-999;   5.5;   8.2; 1035.09;    9.9;   67.00;   11.5;    8.4;    6.6;eor
       2115;20190515;    3;-999;-999;    3;   0.0;   0;   14.217;-999;   1.5;   8.6; 1028.81;   11.1;   64.92;   12.9;    9.5;    3.2;eor
       2115;20190516;    3;-999;-999;    3;   0.5;   6;    2.250;-999;   7.6;   9.6; 1020.69;   11.6;   70.08;   13.9;   10.2;    8.0;eor
       2115;20190517;    3;-999;-999;    3;   0.0;   6;    1.283;-999;   7.7;  11.6; 1011.08;   11.5;   85.38;   13.3;    9.8;    9.4;eor
       2115;20190518;    3;-999;-999;    3;   0.0;   0;    9.900;-999;   4.4;  13.1; 1007.74;   13.5;   85.00;   18.1;   11.0;   10.6;eor
       2115;20190519;    3;-999;-999;    3;   9.2;   6;    5.233;-999;   5.7;  13.6; 1006.90;   13.1;   90.00;   15.9;   10.7;   10.3;eor
       2115;20190520;    3;-999;-999;    3;   0.0;   0;    4.683;-999;   6.5;  14.0; 1006.81;   13.1;   93.00;   15.9;   11.8;   11.8;eor
       2115;20190521;    3;-999;-999;    3;   0.0;   6;    0.000;-999;   8.0;  12.7; 1009.59;   11.6;   92.83;   13.0;   10.6;   10.7;eor
       2115;20190522;    3;-999;-999;    3;   0.0;   4;    5.950;-999;   6.0;  10.7; 1016.38;   11.0;   81.04;   12.7;   10.2;    8.3;eor
       2115;20190523;    3;-999;-999;    3;   0.0;   0;   13.067;-999;   2.0;  11.3; 1016.25;   12.7;   77.13;   16.3;   10.1;    7.7;eor
       2115;20190524;    3;-999;-999;    3;   0.0;   6;    9.883;-999;   4.5;  11.5; 1013.06;   12.3;   79.71;   14.2;   11.1;    9.1;eor
       2115;20190525;    3;-999;-999;    3;   0.3;   6;    0.117;-999;   7.8;  10.2; 1015.57;   11.3;   76.58;   12.0;   10.7;    9.7;eor
       2115;20190526;    3;-999;-999;    3;  10.2;   6;    0.000;-999;   7.8;  13.2; 1007.71;   12.2;   91.96;   13.2;   11.0;   10.2;eor
       2115;20190527;    3;-999;-999;    3;   0.4;   6;   11.417;-999;   3.7;  11.6; 1005.31;   12.2;   81.50;   13.3;    9.6;    8.6;eor
       2115;20190528;    3;-999;-999;    3;   0.0;   0;   13.083;-999;   4.1;   8.5; 1010.05;   10.9;   65.75;   13.1;    8.8;    7.5;eor
       2115;20190529;    3;-999;-999;    3;   0.2;   6;   13.917;-999;   2.2;   8.3; 1020.31;   11.5;   60.92;   13.5;    9.1;    7.5;eor
       2115;20190530;    3;-999;-999;    3;   0.9;   6;    2.217;-999;   7.6;  13.2; 1017.92;   13.5;   84.42;   15.3;   12.3;   11.2;eor
       2115;20190531;    3;-999;-999;    3;   0.0;   6;    8.650;-999;   7.0;  14.1; 1020.90;   14.0;   88.08;   15.6;   13.2;   12.2;eor
       2115;20190601;    3;-999;-999;    3;   0.0;   0;    9.967;-999;   6.0;  13.8; 1020.08;   14.1;   86.04;   15.6;   12.0;    9.4;eor
       2115;20190602;    3;-999;-999;    3;   0.3;   4;   12.133;-999;   6.2;  14.9; 1013.27;   16.8;   78.17;   21.8;   12.3;   10.7;eor
       2115;20190603;    3;-999;-999;    3;   0.0;   6;    4.300;-999;   5.9;  13.7; 1011.78;   15.1;   79.79;   17.6;   12.4;    6.2;eor
       2115;20190604;    3;-999;-999;    3;   1.7;   6;    3.983;-999;   6.0;  14.3; 1010.61;   15.5;   80.67;   19.0;   12.9;   10.0;eor
       2115;20190605;    3;-999;-999;    3;   0.6;   6;   11.750;-999;   4.8;  15.4; 1007.09;   16.1;   83.88;   18.3;   14.6;   14.3;eor
       2115;20190606;    3;-999;-999;    3;   0.1;   6;    7.300;-999;   6.0;  14.2; 1008.78;   14.8;   83.75;   19.1;   12.5;    8.6;eor
       2115;20190607;    3;-999;-999;    3;   1.9;   6;   11.983;-999;   4.7;  13.6; 1012.14;   15.5;   77.38;   18.1;   12.3;    8.4;eor
       2115;20190608;    3;-999;-999;    3;  14.6;   6;    0.883;-999;   7.9;  12.1; 1011.28;   14.1;   75.04;   15.6;   11.3;   11.0;eor
       2115;20190609;    3;-999;-999;    3;   0.2;   6;   11.167;-999;   6.1;  12.8; 1021.16;   14.2;   78.63;   17.0;   12.0;   11.4;eor
       2115;20190610;    1;-999;-999;    1;   1.3;   6;    3.717;-999;   7.8;  13.8; 1015.12;   15.4;   78.71;   16.8;   14.1;   13.6;eor
       2115;20190611;    1;-999;-999;    1;   7.7;   6;    2.850;-999;   6.6;  15.0; 1010.75;   14.5;   90.79;   16.6;   12.7;   10.7;eor
       2115;20190612;    1;-999;-999;    1;   6.9;   6;    4.183;-999;   5.8;  15.5; 1009.32;   14.5;   93.13;   16.4;   12.7;   10.3;eor
       2115;20190613;    1;-999;-999;    1;   0.0;   6;   13.233;-999;   3.5;  13.2; 1010.61;   15.5;   75.17;   18.6;   13.1;   11.4;eor
       2115;20190614;    1;-999;-999;    1;   2.0;   4;    9.483;-999;   3.8;  14.3; 1014.72;   15.8;   79.29;   18.8;   13.7;   12.4;eor
       2115;20190615;    1;-999;-999;    1;   2.5;   6;    2.283;-999;   6.5;  15.9; 1011.59;   15.1;   92.08;   17.8;   13.0;   11.4;eor
       2115;20190616;    1;-999;-999;    1;   0.0;   0;    8.300;-999;   4.6;  14.6; 1018.58;   15.0;   85.67;   17.9;   12.9;   11.3;eor
       2115;20190617;    1;-999;-999;    1;   0.0;   0;   15.000;-999;   0.6;  15.4; 1019.60;   17.0;   79.63;   19.9;   14.4;   13.3;eor
       2115;20190618;    1;-999;-999;    1;   0.0;   0;   12.217;-999;   7.3;  15.9; 1014.48;   17.6;   79.21;   21.7;   15.3;   14.5;eor
       2115;20190619;    1;-999;-999;    1;   2.5;   4;    8.767;-999;   5.4;  17.2; 1007.34;   18.1;   82.63;   21.8;   15.1;   13.8;eor
       2115;20190620;    1;-999;-999;    1;   0.1;   4;    3.033;-999;   6.3;  15.5; 1009.60;   15.3;   88.63;   17.3;   13.9;   11.8;eor
       2115;20190621;    1;-999;-999;    1;   0.0;   0;   11.500;-999;   2.4;  14.1; 1017.63;   15.3;   81.38;   17.6;   13.1;   10.8;eor
       2115;20190622;    1;-999;-999;    1;   0.0;   0;   15.183;-999;   2.8;  12.0; 1023.78;   15.2;   69.75;   17.1;   12.5;   10.2;eor
       2115;20190623;    1;-999;-999;    1;   0.0;   0;   13.617;-999;   3.6;  15.0; 1022.35;   18.0;   72.29;   20.7;   15.6;   13.9;eor
       2115;20190624;    1;-999;-999;    1;   0.0;   0;   13.750;-999;   6.0;  16.1; 1021.85;   18.9;   74.04;   21.7;   16.5;   15.3;eor
       2115;20190625;    1;-999;-999;    1;   0.0;   0;   12.717;-999;   6.3;  18.0; 1018.43;   20.5;   74.71;   23.4;   17.7;   16.7;eor
       2115;20190626;    1;-999;-999;    1;   0.0;   4;    4.167;-999;   5.5;  15.5; 1022.93;   16.6;   81.33;   21.4;   13.2;   12.9;eor
       2115;20190627;    1;-999;-999;    1;   0.0;   6;    0.467;-999;   7.8;  12.2; 1027.30;   14.2;   75.67;   15.6;   13.2;   13.1;eor
       2115;20190628;    1;-999;-999;    1;   0.0;   0;    4.217;-999;   6.1;  12.6; 1025.96;   14.5;   76.42;   16.3;   13.4;    8.2;eor
       2115;20190629;    1;-999;-999;    1;   0.0;   0;   15.150;-999;   0.1;  15.2; 1019.62;   17.7;   75.46;   21.5;   13.1;    6.3;eor
       2115;20190630;    1;-999;-999;    1;   0.0;   0;   13.917;-999;   2.1;  17.0; 1011.49;   18.8;   78.67;   22.6;   16.3;   15.2;eor
       2115;20190701;    1;-999;-999;    1;   0.3;   6;    5.750;-999;   4.9;  15.6; 1013.80;   16.8;   81.21;   18.3;   14.3;   13.8;eor
       2115;20190702;    1;-999;-999;    1;   0.1;   6;    9.800;-999;   4.7;  10.6; 1020.66;   14.6;   63.88;   16.4;   12.5;   11.3;eor
       2115;20190703;    1;-999;-999;    1;   0.8;   6;    6.967;-999;   5.6;  10.7; 1023.71;   14.5;   64.42;   16.8;   12.6;   11.4;eor
       2115;20190704;    1;-999;-999;    1;   0.1;   6;    4.567;-999;   7.4;  12.9; 1020.94;   15.4;   72.96;   17.1;   13.7;   12.8;eor
       2115;20190705;    1;-999;-999;    1;   1.2;   6;    1.117;-999;   7.7;  14.1; 1014.48;   15.4;   80.79;   17.1;   14.0;   13.3;eor
       2115;20190706;    1;-999;-999;    1;   0.3;   6;    4.300;-999;   7.2;  13.6; 1008.40;   15.2;   78.75;   16.4;   12.8;   11.5;eor
       2115;20190707;    1;-999;-999;    1;   0.7;   4;    3.000;-999;   7.1;  10.0; 1012.25;   13.7;   63.71;   15.7;   12.0;   10.9;eor
       2115;20190708;    1;-999;-999;    1;   0.0;   6;    4.300;-999;   7.4;  10.9; 1015.94;   13.6;   70.29;   15.8;   11.4;   10.3;eor
       2115;20190709;    1;-999;-999;    1;   0.0;   6;    1.067;-999;   7.9;  10.7; 1018.74;   13.9;   66.92;   16.2;   12.5;   12.4;eor
