STATIONS_ID;MESS_DATUM;QN_3;  FX;  FM;QN_4; RSK;RSKF; SDK;SHK_TAG;  NM; VPM;  PM; TMK; UPM; TXK; TNK; TGK;eor
       4466;20180106;   10;   8.0;   2.7;    3;   0.9;   6;    0.000;   0;   7.1;   6.8; 1002.50;    2.5;   91.71;    4.9;   -0.9;   -2.5;eor
       4466;20180107;   10;   5.2;   2.5;    3;   0.0;   0;    6.800;   0;   1.6;   4.8; 1025.30;   -1.2;   86.58;    1.7;   -3.9;   -7.1;eor
       4466;20180108;   10;  11.5;   3.4;    3;   0.0;   0;    7.400;   0;   1.2;   4.5; 1027.96;   -1.2;   80.42;    2.2;   -5.3;   -7.8;eor
       4466;20180109;   10;  14.2;   5.8;    3;   0.0;   6;    2.883;   0;   4.0;   4.4; 1012.59;    2.1;   61.88;    2.9;    0.6;   -1.2;eor
       4466;20180110;   10;   5.9;   2.3;    3;   0.0;   6;    0.400;   0;   7.4;   6.2; 1005.69;    2.3;   84.83;    3.7;    0.9;   -1.2;eor
       4466;20180111;   10;   6.6;   2.6;    3;   1.6;   6;    0.000;   0;   7.9;   7.3; 1012.76;    2.7;   98.46;    3.3;    2.0;    1.2;eor
       4466;20180112;   10;  11.2;   4.6;    3;   0.0;   6;    0.000;   0;   8.0;   6.5; 1022.82;    2.3;   89.96;    2.9;    1.1;    0.8;eor
       4466;20180113;   10;  11.4;   4.2;    3;   0.0;   8;    0.000;   0;   7.8;   5.6; 1024.71;    0.7;   86.58;    1.3;   -0.8;   -0.9;eor
       4466;20180114;   10;  10.4;   4.6;    3;   0.0;   0;    5.533;   0;   3.7;   4.2; 1020.61;   -0.7;   72.79;    0.7;   -2.2;   -3.2;eor
       4466;20180115;   10;  15.6;   5.5;    3;   7.3;   8;    0.000;   0;   6.3;   5.5;  998.85;    0.5;   84.75;    3.3;   -2.3;   -3.3;eor
       4466;20180116;   10;  15.3;   4.7;    3;  12.2;   8;    0.033;   0;   7.4;   6.9;  979.26;    2.3;   95.38;    4.7;    0.2;   -0.6;eor
       4466;20180117;   10;  10.3;   3.9;    3;   2.1;   8;    1.617;   2;   6.8;   6.2;  985.15;    0.8;   95.42;    2.4;   -0.1;   -2.5;eor
       4466;20180118;   10;  10.7;   4.0;    3;   7.4;   8;    0.000;   2;   7.5;   6.3;  985.94;    1.0;   96.83;    2.0;    0.2;   -0.4;eor
       4466;20180119;   10;   8.0;   3.3;    3;   0.3;   7;    2.600;   3;   6.4;   6.3;  996.33;    0.9;   96.67;    2.9;   -0.4;   -2.3;eor
       4466;20180120;   10;   8.7;   3.0;    3;   0.0;   7;    0.000;   3;   7.7;   6.3;  996.97;    1.0;   95.71;    1.4;   -0.4;   -1.7;eor
       4466;20180121;   10;   6.8;   1.8;    3;   0.4;   7;    2.783;   3;   5.6;   5.7; 1006.22;   -0.7;   98.33;    1.9;   -2.4;   -5.3;eor
       4466;20180122;   10;   8.3;   2.7;    3;   0.6;   8;    0.000;   3;   8.0;   5.9; 1003.51;    0.0;   96.50;    0.5;   -0.8;   -0.9;eor
       4466;20180123;   10;  14.8;   3.7;    3;   6.1;   6;    0.283;   3;   7.9;   7.7; 1009.57;    3.5;   97.33;    8.3;    0.5;    0.2;eor
       4466;20180124;   10;  18.2;   7.3;    3;   8.0;   6;    0.000;   0;   8.0;  10.8; 1001.41;    9.4;   91.33;   12.8;    6.1;    5.8;eor
       4466;20180125;   10;  13.3;   4.8;    3;   0.0;   6;    0.000;   0;   7.7;   8.6; 1003.07;    6.5;   89.00;    7.7;    5.0;    3.7;eor
       4466;20180126;   10;   7.8;   2.2;    3;   0.1;   6;    0.183;   0;   7.7;   8.5; 1011.63;    4.9;   97.67;    6.6;    3.7;    1.6;eor
       4466;20180127;   10;  18.9;   4.8;    3;   9.4;   6;    0.000;   0;   7.7;   7.6; 1018.50;    4.5;   89.75;    5.5;    3.9;    3.2;eor
       4466;20180128;   10;  17.4;   7.3;    3;   5.4;   6;    3.550;   0;   6.9;   8.9; 1012.54;    6.7;   90.17;    7.9;    4.9;    3.5;eor
       4466;20180129;   10;  21.6;   8.0;    3;  15.5;   6;    0.000;   0;   7.0;   9.2; 1008.96;    6.8;   92.42;    8.6;    3.9;    2.5;eor
       4466;20180130;   10;  15.6;   5.5;    3;   0.0;   6;    3.000;   0;   5.4;   7.2; 1015.30;    4.4;   85.67;    6.8;    3.1;    1.1;eor
       4466;20180131;   10;  17.3;   5.1;    3;   8.0;   6;    0.000;   0;   7.1;   7.5;  994.51;    3.8;   92.08;    7.3;    1.8;    0.3;eor
       4466;20180201;   10;  15.7;   6.6;    3;   9.1;   8;    0.217;   0;   7.0;   6.6;  987.18;    2.6;   89.25;    3.7;    1.1;    0.5;eor
       4466;20180202;   10;  13.3;   4.2;    3;   3.9;   8;    0.000;   0;   8.0;   6.8;  993.23;    2.2;   94.38;    4.0;   -0.5;   -0.4;eor
       4466;20180203;   10;   9.2;   3.0;    3;   0.6;   7;    0.000;   0;   8.0;   4.7; 1001.04;   -1.6;   86.00;   -0.3;   -2.0;   -2.0;eor
       4466;20180204;   10;  12.9;   4.8;    3;   1.1;   7;    0.500;   2;   7.1;   5.2; 1015.82;    0.0;   85.13;    1.5;   -2.0;   -3.6;eor
       4466;20180205;   10;   7.3;   2.6;    3;   0.0;   7;    1.133;   3;   6.6;   4.5; 1024.49;   -1.3;   79.88;    0.1;   -4.4;   -7.1;eor
       4466;20180206;   10;   5.8;   1.7;    3;   0.0;   7;    5.950;   2;   4.0;   3.9; 1013.49;   -2.7;   78.13;    0.3;   -6.2;   -8.9;eor
       4466;20180207;   10;   4.9;   1.7;    3;   0.0;   0;    8.567;   1;   0.1;   3.5; 1012.47;   -3.8;   77.50;    1.2;   -7.6;   -9.8;eor
       4466;20180208;   10;   6.7;   2.8;    3;   0.0;   0;    8.400;   1;   2.3;   3.7; 1014.05;   -2.7;   74.04;    1.3;   -6.3;   -8.4;eor
       4466;20180209;   10;   7.4;   3.0;    3;   0.0;   0;    7.700;   1;   4.5;   4.1; 1009.34;   -2.2;   78.96;    1.3;   -4.5;   -6.1;eor
       4466;20180210;   10;   8.4;   2.4;    3;   0.2;   7;    4.983;   1;   3.6;   4.7; 1007.26;   -1.7;   86.58;    2.2;   -5.8;   -8.8;eor
       4466;20180211;   10;  17.6;   6.0;    3;   9.8;   8;    0.000;   1;   7.8;   6.3;  990.55;    1.6;   92.42;    4.0;   -0.1;   -0.1;eor
       4466;20180212;   10;  18.8;   5.3;    3;   6.8;   8;    2.783;   1;   5.8;   6.1;  998.33;    1.4;   89.54;    3.8;    0.2;   -1.5;eor
       4466;20180213;   10;   8.9;   3.5;    3;   0.0;   0;    8.233;   3;   2.0;   5.6; 1006.73;    0.8;   85.79;    3.9;   -1.7;   -6.6;eor
       4466;20180214;   10;  11.9;   3.2;    3;   0.0;   0;    9.150;   2;   2.7;   4.2; 1012.20;    0.4;   68.63;    4.0;   -3.3;   -8.9;eor
       4466;20180215;   10;  14.0;   5.2;    3;   1.6;   8;    0.000;   2;   7.9;   5.1; 1006.80;    0.6;   79.67;    1.9;   -0.3;   -0.7;eor
       4466;20180216;   10;  12.8;   4.2;    3;   0.0;   6;    3.117;   4;   5.5;   6.7; 1013.35;    3.0;   88.92;    6.3;    0.8;   -0.6;eor
       4466;20180217;   10;   4.9;   1.6;    3;   0.0;   0;    0.000;   0;   7.1;   6.8; 1019.22;    2.4;   93.96;    4.5;    0.7;   -0.4;eor
       4466;20180218;   10;   8.8;   2.7;    3;   0.0;   0;    4.817;   0;   6.0;   5.2; 1020.07;    1.4;   77.63;    4.8;   -1.4;   -4.2;eor
       4466;20180219;   10;   4.8;   1.7;    3;   2.2;   8;    5.150;   0;   6.6;   6.1; 1014.23;    2.3;   84.21;    6.5;   -0.6;   -1.8;eor
       4466;20180220;   10;   7.9;   2.5;    3;   0.0;   0;    7.467;   0;   4.4;   5.7; 1016.56;    1.7;   83.67;    5.0;   -1.8;   -5.0;eor
       4466;20180221;   10;   4.0;   1.6;    3;   0.0;   8;    2.300;   0;   4.7;   5.2; 1021.71;   -0.3;   87.42;    3.3;   -2.6;   -5.2;eor
       4466;20180222;   10;   6.0;   1.9;    3;   0.0;   7;    0.983;   0;   5.2;   5.3; 1021.55;    0.1;   85.29;    2.2;   -2.6;   -5.5;eor
       4466;20180223;   10;   9.4;   2.9;    3;   0.0;   7;    9.800;   0;   3.8;   4.3; 1022.51;   -1.0;   77.42;    1.8;   -3.1;   -5.8;eor
       4466;20180224;   10;  12.1;   4.8;    3;   0.4;   7;    5.033;   0;   5.5;   4.2; 1027.05;   -0.5;   71.88;    1.8;   -2.0;   -2.7;eor
       4466;20180225;   10;  10.6;   3.5;    3;   0.0;   7;    3.167;   2;   6.8;   3.6; 1029.01;   -2.8;   72.50;   -1.3;   -3.9;   -4.8;eor
       4466;20180226;   10;  13.5;   5.1;    3;   0.1;   7;    5.117;   2;   4.3;   3.1; 1026.87;   -3.0;   64.88;    0.4;   -5.7;   -6.7;eor
       4466;20180227;   10;  15.0;   4.9;    3;  12.3;   7;    1.317;   0;   6.4;   3.3; 1020.73;   -4.8;   77.58;   -2.2;   -7.4;   -7.2;eor
       4466;20180228;   10;  15.5;-999;    3;   0.1;   7;    3.767;  25;   6.5;   2.7; 1023.37;   -7.1;   75.67;   -4.5;  -10.4;  -16.2;eor
       4466;20180301;   10;  14.8;   5.5;    3;   0.3;   7;    2.250;  20;   6.3;   3.3; 1015.36;   -4.9;   76.67;   -3.2;   -7.3;   -9.1;eor
       4466;20180302;   10;  14.7;   5.5;    3;   0.3;   7;    1.650;  17;   6.5;   3.3; 1003.68;   -4.8;   77.88;   -2.6;   -7.4;   -8.7;eor
       4466;20180303;   10;  13.1;   5.4;    3;   0.0;   0;   10.133;  13;   1.3;   2.8; 1000.85;   -5.3;   67.25;   -2.7;   -7.7;   -9.7;eor
       4466;20180304;   10;  10.2;   4.8;    3;   3.6;   8;    4.483;  12;   4.0;   3.2;  996.43;   -3.5;   67.67;   -0.6;   -6.6;   -8.1;eor
       4466;20180305;   10;   9.0;   3.0;    3;   0.2;   6;    0.400;  10;   7.2;   6.5;  989.11;    2.6;   87.42;    7.0;   -0.9;   -3.3;eor
       4466;20180306;   10;   8.6;   2.9;    3;   0.0;   0;    8.517;   6;   6.5;   5.9;  988.73;    2.1;   85.04;    7.3;   -0.9;   -4.2;eor
       4466;20180307;   10;   5.0;   2.1;    3;   2.5;   8;    0.000;   3;   7.8;   6.1;  989.74;    0.5;   95.71;    2.4;   -0.8;   -2.1;eor
       4466;20180308;   10;   9.7;   2.4;    3;   6.6;   6;    1.000;   5;   7.3;   7.0;  991.08;    2.6;   94.42;    6.7;    0.1;   -0.1;eor
       4466;20180309;   10;  12.0;   3.6;    3;   0.1;   6;    0.933;   0;   6.8;   6.8;  996.45;    2.4;   93.50;    4.8;   -0.1;   -3.0;eor
       4466;20180310;   10;  11.0;   4.1;    3;  12.0;   6;    0.000;   0;   8.0;   6.7;  997.33;    1.5;   97.75;    2.7;   -0.4;   -0.5;eor
       4466;20180311;   10;   6.4;   2.2;    3;   0.5;   6;    0.933;   0;   7.6;  10.0;  990.80;    7.8;   93.46;   13.5;    2.1;    1.9;eor
       4466;20180312;   10;   4.4;   1.3;    3;   6.7;   6;    0.000;   0;   7.8;   9.9;  986.55;    7.1;   97.08;   10.5;    3.0;    1.9;eor
       4466;20180313;   10;   9.6;   3.3;    3;   0.1;   6;    0.000;   0;   8.0;   7.7;  992.60;    4.1;   93.08;    7.1;    2.2;    1.9;eor
       4466;20180314;   10;   6.7;   2.6;    3;   0.0;   6;    0.883;   0;   6.9;   5.9; 1005.68;    2.3;   81.54;    4.0;   -0.7;   -3.3;eor
       4466;20180315;   10;  21.1;   7.9;    3;   0.0;   6;    0.783;   0;   7.5;   5.4; 1003.80;    1.6;   79.50;    2.5;    0.5;    0.1;eor
       4466;20180316;   10;  22.1;  10.5;    3;   0.8;   7;    0.050;   0;   7.5;   4.0; 1007.57;   -0.7;   69.13;    0.6;   -4.1;   -4.8;eor
       4466;20180317;   10;  23.0;  10.3;    3;   0.8;   7;    1.317;   1;   7.1;   3.4; 1013.39;   -3.0;   70.21;   -1.7;   -4.3;   -5.1;eor
       4466;20180318;   10;  20.9;   9.0;    3;   0.0;   0;    9.650;   4;   3.5;   3.2; 1015.31;   -1.6;   59.13;    0.1;   -3.5;   -4.8;eor
       4466;20180319;   10;   8.4;   2.9;    3;   0.0;   7;   11.083;   0;   2.6;   4.0; 1011.53;   -0.1;   67.79;    5.0;   -6.3;   -8.8;eor
       4466;20180320;   10;  14.3;   4.8;    3;   0.0;   0;   11.683;   0;   2.0;   4.5; 1013.68;    2.1;   64.96;    5.8;   -2.6;   -5.9;eor
       4466;20180321;   10;  12.2;   3.9;    3;   5.1;   8;    0.750;   0;   6.0;   6.0; 1017.66;    1.8;   84.75;    7.3;   -3.4;   -6.7;eor
       4466;20180322;   10;  17.3;   4.5;    3;   0.8;   8;    0.000;   0;   7.7;   7.5; 1003.71;    3.9;   92.96;    6.3;    0.5;   -0.1;eor
       4466;20180323;   10;   5.7;   2.1;    3;   0.6;   6;    0.333;   0;   7.5;   7.2; 1000.22;    3.7;   90.08;    5.8;    1.1;    0.9;eor
       4466;20180324;   10;   5.3;   1.7;    3;   0.0;   0;    0.000;   0;   7.5;   8.1;  998.80;    6.3;   85.42;    9.1;    4.1;    3.9;eor
       4466;20180325;   10;   6.6;   2.1;    3;   0.0;   6;    0.000;   0;   7.3;   7.7; 1002.50;    6.0;   83.04;    8.0;    2.6;    2.6;eor
       4466;20180326;   10;   8.7;   3.1;    3;   0.0;   6;    0.600;   0;   7.3;   6.9; 1008.22;    3.1;   90.92;    7.0;   -0.1;   -1.3;eor
       4466;20180327;   10;   7.4;   2.5;    3;   0.0;   6;    0.750;   0;   7.5;   6.9; 1007.58;    3.2;   90.46;    6.9;    1.2;    0.6;eor
       4466;20180328;   10;  14.8;   6.4;    3;  11.5;   8;    0.000;   0;   7.7;   6.3;  999.18;    1.8;   90.33;    3.3;    0.0;   -0.1;eor
       4466;20180329;   10;  11.7;   3.1;    3;   2.1;   7;    0.000;  13;   7.7;   6.1;  997.65;    0.5;   95.92;    1.7;   -0.7;   -2.5;eor
       4466;20180330;   10;  12.2;   4.2;    3;   0.0;   0;    9.550;   8;   4.5;   5.4; 1002.16;    0.7;   84.92;    3.7;   -3.1;   -8.0;eor
       4466;20180331;   10;  15.8;   6.2;    3;   2.8;   7;    0.000;   1;   7.1;   5.7;  998.45;    1.3;   84.58;    2.4;    0.1;   -0.1;eor
       4466;20180401;   10;  12.0;   3.4;    3;   0.5;   7;    6.033;   4;   5.3;   5.8; 1000.71;    2.5;   80.92;    7.7;   -1.5;   -4.6;eor
       4466;20180402;   10;   9.6;   3.0;    3;   7.3;   6;    7.367;   0;   6.2;   5.5; 1002.22;    3.4;   72.83;    8.0;   -1.9;   -5.1;eor
       4466;20180403;   10;   9.0;   2.8;    3;   1.8;   6;    0.083;   0;   7.7;  10.5;  993.62;    8.7;   91.96;   13.5;    2.5;    2.4;eor
       4466;20180404;   10;  17.6;   3.8;    3;   1.5;   6;    1.417;   0;   7.4;  10.3;  994.12;   10.7;   80.50;   14.2;    6.5;    5.4;eor
       4466;20180405;   10;  16.1;   5.6;    3;   1.4;   6;    1.467;   0;   5.8;   8.4;  999.49;    5.9;   89.17;    9.3;    2.3;   -0.1;eor
       4466;20180406;   10;   8.6;   3.6;    3;   0.0;   0;   11.250;   0;   5.2;   6.8; 1015.46;    6.9;   70.54;   12.1;    2.2;    0.4;eor
       4466;20180407;   10;  10.0;   3.8;    3;   0.0;   0;   11.033;   0;   6.9;   6.6; 1008.09;   11.6;   49.33;   17.9;    5.7;    3.9;eor
       4466;20180408;   10;   5.2;   2.0;    3;   0.0;   0;   10.883;   0;   4.6;   9.7; 1002.66;   14.9;   57.92;   22.6;    6.8;    2.0;eor
       4466;20180409;   10;  10.2;   3.0;    3;   0.0;   0;    5.900;   0;   7.4;  11.4; 1001.42;   14.0;   71.38;   18.3;    9.0;    8.5;eor
       4466;20180410;   10;  18.8;   7.9;    3;   0.0;   0;    1.683;   0;   7.1;   8.2; 1004.81;    6.5;   83.67;    9.9;    4.2;    3.5;eor
       4466;20180411;   10;  17.8;   8.1;    3;   0.0;   0;    1.683;   0;   5.8;   7.0; 1008.96;    4.9;   79.96;    7.9;    3.9;    2.8;eor
       4466;20180412;   10;  18.3;   7.8;    3;   1.1;   6;    9.233;   0;   5.0;   7.8; 1004.24;    6.7;   79.50;   11.9;    3.7;    2.5;eor
       4466;20180413;   10;  14.0;   5.5;    3;   5.5;   6;    0.150;   0;   7.5;   9.2; 1002.94;    7.5;   88.88;    9.3;    6.4;    5.7;eor
       4466;20180414;   10;  10.8;   3.4;    3;   1.6;   6;    0.000;   0;   8.0;   9.8; 1007.94;    7.1;   96.58;    9.0;    6.5;    6.3;eor
       4466;20180415;   10;   6.8;   2.5;    3;   0.8;   6;    0.000;   0;   7.9;  10.0; 1009.01;    8.3;   91.58;    9.9;    6.5;    6.1;eor
       4466;20180416;   10;   8.6;   2.6;    3;   1.1;   6;    5.917;   0;   5.9;  11.1; 1009.10;   10.6;   87.08;   16.8;    6.2;    2.4;eor
       4466;20180417;   10;  10.6;   3.1;    3;   0.0;   0;   10.500;   0;   4.4;   9.4; 1018.97;   11.6;   71.88;   17.2;    5.0;    1.4;eor
       4466;20180418;   10;   9.7;   3.3;    3;   0.0;   0;   11.983;   0;   2.5;  11.4; 1024.90;   15.0;   67.54;   21.3;    8.5;    5.9;eor
       4466;20180419;   10;   7.6;   2.6;    3;   0.0;   0;   13.283;   0;   2.1;  13.1; 1024.02;   17.0;   70.29;   24.9;    8.4;    4.7;eor
       4466;20180420;   10;  13.3;   4.0;    3;   0.0;   0;   13.317;   0;   0.6;  12.1; 1015.63;   16.8;   65.38;   25.4;    8.6;    6.8;eor
       4466;20180421;   10;   8.6;   3.1;    3;   0.0;   0;   11.367;   0;   3.5;   9.8; 1015.23;   11.2;   76.46;   18.6;    5.9;    2.2;eor
       4466;20180422;   10;   9.6;   2.8;    3;   0.4;   6;   10.167;   0;   5.2;   9.2; 1008.69;   10.5;   74.92;   17.2;    3.3;    3.3;eor
       4466;20180423;   10;  16.2;   5.2;    3;   0.0;   6;    7.567;   0;   5.4;  10.9; 1004.55;   12.1;   77.00;   15.9;    7.5;    6.3;eor
       4466;20180424;   10;  17.0;   5.7;    3;  20.1;   6;    4.417;   0;   7.3;   9.7; 1004.28;    9.9;   79.83;   14.2;    7.4;    7.4;eor
       4466;20180425;   10;  14.2;   4.5;    3;   4.2;   6;    0.600;   0;   7.3;   9.9;  999.21;    8.7;   88.33;   10.8;    6.0;    4.7;eor
       4466;20180426;   10;  15.2;   5.1;    3;   0.0;   6;    5.983;   0;   5.1;   9.1; 1004.26;    8.8;   80.67;   13.7;    5.5;    4.1;eor
       4466;20180427;   10;  10.1;   3.4;    3;   0.1;   6;    5.667;   0;   6.9;   9.0; 1006.23;   10.4;   73.04;   15.4;    6.4;    5.2;eor
       4466;20180428;   10;   9.6;   3.2;    3;   0.1;   6;    2.917;   0;   6.3;  10.4; 1004.15;   10.7;   81.25;   16.9;    6.1;    4.3;eor
       4466;20180429;   10;  11.3;   3.1;    3;   1.8;   6;    2.283;   0;   6.7;  10.6; 1005.17;    9.9;   87.33;   14.8;    5.6;    2.8;eor
       4466;20180430;   10;  16.8;   5.0;    3;   8.2;   6;    0.967;   0;   6.3;  10.7;  994.32;   10.3;   85.25;   13.3;    8.0;    5.3;eor
       4466;20180501;   10;  14.9;   5.4;    3;   4.1;   6;    0.000;   0;   7.3;   8.6;  997.41;    7.3;   83.96;   10.1;    4.3;    1.7;eor
       4466;20180502;   10;  11.4;   3.6;    3;   0.0;   6;    9.300;   0;   4.3;   7.6; 1006.65;   10.5;   62.42;   16.4;    3.1;    1.0;eor
       4466;20180503;   10;  12.7;   4.1;    3;   0.0;   0;   11.333;   0;   3.5;   8.2; 1010.41;   10.0;   67.92;   15.6;    3.4;    0.6;eor
       4466;20180504;   10;   7.1;   1.9;    3;   0.0;   0;   14.050;   0;   1.6;   7.9; 1019.49;    9.6;   69.58;   16.5;    1.7;   -0.5;eor
       4466;20180505;   10;   7.3;   2.3;    3;   0.0;   0;   13.100;   0;   0.7;   8.3; 1022.92;   11.5;   63.88;   17.8;    3.9;    1.3;eor
       4466;20180506;   10;   7.2;   2.5;    3;   0.0;   0;   15.033;   0;   1.0;   9.8; 1021.31;   14.1;   63.17;   21.1;    6.2;    2.8;eor
       4466;20180507;   10;   8.8;   2.9;    3;   0.0;   0;   15.050;   0;   0.0;  10.9; 1016.96;   16.1;   62.25;   22.9;    8.7;    4.8;eor
       4466;20180508;   10;  12.0;   3.9;    3;   0.0;   0;   14.933;   0;   0.0;  12.1; 1009.72;   16.8;   65.42;   24.3;    9.8;    6.3;eor
       4466;20180509;   10;  11.0;   3.8;    3;   0.0;   0;   14.633;   0;   0.2;  12.6; 1004.53;   17.3;   66.00;   24.6;   10.4;    7.0;eor
       4466;20180510;   10;  12.4;   3.7;    3;   0.4;   6;    2.933;   0;   6.7;  13.4; 1003.38;   15.2;   77.54;   24.6;   10.3;    9.1;eor
       4466;20180511;   10;   7.4;   2.4;    3;   0.1;   6;   10.050;   0;   3.9;  10.5; 1014.08;   13.8;   68.33;   18.6;   10.1;    8.6;eor
       4466;20180512;   10;   9.4;   3.2;    3;   0.0;   0;    5.300;   0;   6.8;  12.0; 1012.76;   14.4;   73.38;   19.5;   10.9;   10.3;eor
       4466;20180513;   10;  12.4;   4.9;    3;   0.0;   0;   10.650;   0;   3.0;  13.0; 1009.24;   15.4;   75.17;   21.2;   11.5;   10.4;eor
       4466;20180514;   10;  10.6;   3.7;    3;   0.0;   0;   15.067;   0;   0.3;  13.0; 1011.29;   17.3;   67.42;   23.4;   10.8;    9.1;eor
       4466;20180515;   10;   7.3;   3.0;    3;   0.0;   0;   13.683;   0;   2.1;  11.4; 1012.12;   17.7;   58.50;   23.0;   11.4;    7.8;eor
       4466;20180516;   10;  11.1;   4.0;    3;   0.0;   6;    6.267;   0;   5.0;  11.2; 1010.18;   17.1;   59.42;   25.2;    9.1;    8.2;eor
       4466;20180517;   10;   9.5;   3.8;    3;   0.0;   0;    6.550;   0;   4.6;  11.6; 1010.38;   13.0;   77.75;   17.1;    8.8;    7.7;eor
       4466;20180518;   10;   9.0;   3.4;    3;   0.0;   0;    7.350;   0;   4.9;  11.1; 1013.38;   12.2;   78.63;   17.4;    8.4;    6.5;eor
       4466;20180519;   10;   5.2;   1.7;    3;   0.0;   0;    6.833;   0;   4.9;  10.9; 1017.56;   13.2;   73.38;   18.5;    9.5;    6.5;eor
       4466;20180520;   10;  11.1;   3.9;    3;   0.0;   0;   15.550;   0;   0.1;   9.7; 1020.45;   15.4;   57.63;   20.6;    9.2;    5.6;eor
       4466;20180521;   10;  15.4;   4.6;    3;   0.0;   0;   14.717;   0;   3.9;  11.0; 1016.60;   14.9;   66.54;   20.4;    8.4;    5.0;eor
       4466;20180522;   10;  10.9;   3.4;    3;   0.0;   0;   15.100;   0;   1.3;  11.2; 1011.76;   16.7;   62.50;   22.6;   10.7;    7.1;eor
       4466;20180523;   10;   9.2;   2.9;    3;   0.0;   0;   14.967;   0;   2.2;  10.8; 1018.16;   17.4;   58.42;   23.3;   10.2;    5.9;eor
       4466;20180524;   10;  14.8;   5.2;    3;   0.0;   0;   15.900;   0;   0.3;  10.8; 1019.60;   16.9;   57.38;   21.5;   10.6;    6.7;eor
       4466;20180525;   10;  12.7;   4.6;    3;   0.0;   0;   14.583;   0;   3.0;   8.9; 1018.18;   17.0;   45.33;   22.0;   11.4;    7.4;eor
       4466;20180526;   10;   9.0;   3.2;    3;   0.0;   0;   15.617;   0;   2.1;   9.6; 1018.60;   18.1;   45.00;   24.3;   10.1;    6.1;eor
       4466;20180527;   10;  10.7;   4.2;    3;   7.3;   6;    4.033;   0;   6.2;   8.6; 1017.36;   16.4;   45.83;   20.3;   14.2;   12.2;eor
       4466;20180528;   10;  10.1;   4.0;    3;  31.2;   8;   11.900;   0;   5.0;  11.2; 1015.35;   18.4;   52.75;   22.0;   14.7;   14.1;eor
       4466;20180529;   10;  20.7;   5.0;    3;   0.0;   0;   13.017;   0;   5.0;  -999; 1011.59;   20.2;-999;   25.5;   15.8;   14.8;eor
       4466;20180530;   10;   9.4;   4.4;    3;   0.8;   6;   12.233;   0;   4.3;  16.6; 1010.18;   19.5;   73.83;   24.1;   15.6;   14.6;eor
       4466;20180531;   10;  12.2;   4.8;    3;   0.0;   0;   15.067;   0;   1.6;  16.4; 1011.16;   19.0;   74.79;   24.2;   15.2;   14.4;eor
       4466;20180601;   10;   8.7;   4.0;    3;   0.0;   0;   13.933;   0;   5.1;  16.3; 1010.19;   19.5;   72.29;   24.1;   14.8;   14.0;eor
       4466;20180602;   10;   8.2;   2.7;    3;   0.0;   0;   11.650;   0;   5.3;  17.8; 1009.90;   20.1;   76.83;   26.9;   15.7;   14.7;eor
       4466;20180603;   10;   7.7;   3.1;    3;   0.0;   6;    0.083;   0;   7.5;  17.2; 1011.59;   18.1;   82.79;   21.5;   16.2;   16.3;eor
       4466;20180604;   10;  10.2;   4.0;    3;   0.1;   6;    2.700;   0;   6.9;  15.8; 1007.40;   16.7;   83.54;   21.5;   12.2;   10.4;eor
       4466;20180605;   10;   8.1;   2.8;    3;   0.0;   0;   13.217;   0;   3.2;  14.1; 1008.36;   17.7;   70.29;   22.7;   12.2;   11.1;eor
       4466;20180606;   10;   9.8;   3.6;    3;   0.0;   0;   16.117;   0;   0.6;  11.4; 1011.79;   18.3;   56.42;   23.5;   12.3;    9.3;eor
       4466;20180607;   10;   8.4;   2.9;    3;   0.0;   0;   16.350;   0;   1.2;  11.7; 1011.13;   18.9;   55.63;   24.4;   11.9;    9.4;eor
       4466;20180608;   10;   6.5;   2.4;    3;   0.0;   0;   12.283;   0;   4.0;  14.4; 1008.96;   21.0;   61.38;   26.9;   12.9;   10.2;eor
       4466;20180609;   10;   6.0;   1.9;    3;   3.4;   6;    2.233;   0;   7.1;  16.2; 1008.34;   19.5;   71.79;   22.9;   15.8;   13.6;eor
       4466;20180610;   10;   8.7;   2.7;    3;   4.0;   6;    1.233;   0;   7.3;  17.3; 1005.80;   17.4;   86.67;   20.6;   14.2;   13.3;eor
       4466;20180611;   10;  12.0;   4.8;    3;   0.0;   0;    4.417;   0;   6.9;  12.4; 1006.04;   15.8;   69.50;   19.9;   13.0;   12.5;eor
       4466;20180612;   10;  10.4;   4.4;    3;   0.2;   6;    0.083;   0;   7.6;  12.2; 1004.73;   14.0;   76.54;   17.1;   11.6;   11.7;eor
       4466;20180613;   10;  12.5;   4.3;    3;   0.0;   0;    2.767;   0;   6.8;  11.3; 1006.73;   14.0;   71.33;   17.8;    9.5;    7.7;eor
       4466;20180614;   10;  13.4;   4.5;    3;   4.0;   6;    6.583;   0;   6.3;  12.9; 1006.98;   15.8;   74.46;   22.3;   10.9;   10.0;eor
       4466;20180615;   10;   8.9;   2.4;    3;   0.0;   6;   12.950;   0;   3.9;  12.1; 1010.93;   16.2;   68.54;   21.9;    9.9;    7.8;eor
       4466;20180616;   10;   8.5;   2.1;    3;  27.5;   6;    1.600;   0;   7.4;  15.1; 1008.87;   17.2;   76.46;   20.5;   14.5;   13.9;eor
       4466;20180617;   10;  11.9;   3.8;    3;   0.0;   6;    6.683;   0;   6.6;  13.9; 1008.78;   16.0;   77.63;   20.3;   11.9;   10.9;eor
       4466;20180618;   10;  10.8;   3.9;    3;   0.3;   6;    2.983;   0;   6.9;  15.0; 1011.41;   15.6;   85.00;   19.0;   11.3;   10.4;eor
       4466;20180619;   10;  14.4;   4.6;    3;   0.0;   6;    7.567;   0;   4.8;  14.0; 1013.80;   16.0;   77.38;   19.9;   10.7;    9.4;eor
       4466;20180620;   10;  14.9;   4.8;    3;   2.2;   6;    5.533;   0;   6.1;  16.3; 1011.94;   17.8;   79.38;   24.0;   11.2;   10.6;eor
       4466;20180621;   10;  15.7;   4.2;    3;  12.5;   6;    3.500;   0;   6.5;  12.2; 1006.45;   11.9;   86.83;   16.1;    8.6;    6.9;eor
       4466;20180622;   10;  16.0;   5.6;    3;   0.6;   6;    6.833;   0;   6.2;  11.1; 1010.80;   12.5;   77.75;   17.8;    8.6;    7.3;eor
       4466;20180623;   10;  14.2;   5.9;    3;   0.5;   6;    1.700;   0;   7.2;  12.6; 1013.91;   13.1;   83.46;   15.9;   10.4;    9.2;eor
       4466;20180624;   10;  11.6;   4.3;    3;   0.0;   6;    1.300;   0;   7.3;  13.3; 1012.98;   13.8;   84.29;   17.9;   11.4;   10.2;eor
       4466;20180625;   10;  11.3;   3.9;    3;   0.0;   6;    1.083;   0;   7.5;  13.9; 1014.94;   14.4;   85.33;   19.1;   11.6;   11.2;eor
       4466;20180626;   10;   6.9;   2.6;    3;   0.0;   0;   10.333;   0;   5.3;  15.2; 1018.59;   16.7;   80.79;   24.1;   11.8;   10.8;eor
       4466;20180627;   10;   8.8;   2.4;    3;   0.0;   0;   13.467;   0;   3.3;  14.0; 1021.13;   17.8;   72.25;   24.1;   11.0;   10.2;eor
       4466;20180628;   10;   6.4;   2.4;    3;   0.0;   0;   16.000;   0;   1.5;  13.5; 1019.14;   19.6;   63.00;   25.5;   12.1;    9.9;eor
       4466;20180629;   10;  10.8;   3.7;    3;   0.0;   0;   16.233;   0;   1.9;  12.7; 1013.76;   18.3;   62.50;   24.8;   11.7;    8.9;eor
       4466;20180630;   10;   7.8;   2.4;    3;   0.0;   0;   14.450;   0;   1.0;  12.3; 1015.19;   17.7;   63.67;   23.3;   11.3;    8.1;eor
       4466;20180701;   10;   8.8;   2.7;    3;   0.0;   0;   16.650;   0;   0.3;  10.3; 1016.55;   17.3;   55.29;   22.3;   10.1;    7.2;eor
       4466;20180702;   10;   9.8;   2.7;    3;   0.0;   0;   15.917;   0;   1.1;  10.9; 1013.73;   18.4;   54.92;   25.3;    9.4;    7.3;eor
       4466;20180703;   10;   9.1;   3.4;    3;   0.0;   0;   15.950;   0;   1.3;  12.9; 1011.42;   17.4;   66.92;   24.5;   10.7;    8.1;eor
       4466;20180704;   10;   7.2;   2.4;    3;   0.2;   6;    0.083;   0;   7.1;  14.6; 1008.91;   15.7;   82.04;   20.3;   10.6;    8.1;eor
       4466;20180705;   10;  11.0;   3.8;    3;   0.0;   6;    0.233;   0;   7.5;  14.7; 1006.87;   16.2;   79.83;   20.2;   14.7;   14.2;eor
       4466;20180706;   10;  14.9;   5.9;    3;   0.0;   0;   13.033;   0;   4.5;  12.5; 1010.78;   16.6;   67.38;   21.6;   11.8;   10.6;eor
       4466;20180707;   10;  15.6;   5.9;    3;   0.0;   0;   15.850;   0;   3.0;  12.5; 1014.70;   16.0;   70.42;   21.1;   10.6;    8.6;eor
       4466;20180708;   10;  10.3;   4.4;    3;   0.0;   6;   15.950;   0;   0.8;  12.9; 1016.35;   17.2;   68.04;   25.1;   11.2;    9.9;eor
       4466;20180709;   10;  14.1;   5.2;    3;   0.0;   6;    0.817;   0;   6.1;  12.1; 1013.03;   14.2;   74.71;   17.2;    9.3;    7.4;eor
       4466;20180710;   10;  12.0;   3.4;    3;   1.1;   6;   10.433;   0;   4.7;  11.8; 1010.60;   15.5;   69.21;   20.2;    8.4;    6.5;eor
       4466;20180711;   10;  11.5;   3.4;    3;   0.0;   0;    3.050;   0;   7.1;  15.4; 1011.02;   19.3;   70.63;   24.1;   14.8;   14.0;eor
       4466;20180712;   10;  11.6;   2.9;    3;   0.0;   0;   11.617;   0;   5.0;  15.9; 1010.68;   20.2;   69.83;   28.0;   14.0;   11.8;eor
       4466;20180713;   10;  10.7;   4.2;    3;   0.0;   6;   14.933;   0;   4.2;  14.4; 1013.07;   18.1;   71.25;   25.4;   13.7;   12.5;eor
       4466;20180714;   10;   9.4;   3.3;    3;   0.0;   6;    4.017;   0;   5.5;  13.0; 1014.17;   15.8;   72.58;   20.1;   11.7;    9.0;eor
       4466;20180715;   10;   8.1;   2.7;    3;   0.0;   0;   13.783;   0;   1.0;  14.0; 1012.55;   18.7;   68.08;   25.8;   10.5;    8.0;eor
       4466;20180716;   10;   7.4;   2.3;    3;   0.0;   0;   15.133;   0;   1.3;  14.0; 1009.73;   20.5;   60.79;   27.2;   12.6;    9.9;eor
       4466;20180717;   10;  10.5;   2.6;    3;   0.0;   0;   14.267;   0;   2.0;  14.6; 1007.66;   22.6;   57.58;   30.6;   13.9;   11.7;eor
       4466;20180718;   10;  12.9;   4.1;    3;   0.0;   0;   11.083;   0;   3.1;  14.9; 1010.97;   18.9;   70.29;   24.9;   13.3;   10.8;eor
       4466;20180719;   10;   9.9;   3.7;    3;   0.0;   0;   14.617;   0;   3.0;  12.8; 1012.86;   18.2;   65.25;   25.0;   12.1;    9.0;eor
       4466;20180720;   10;   7.4;   2.0;    3;   0.0;   0;   13.917;   0;   2.6;  11.9; 1009.79;   18.6;   60.00;   26.6;    9.2;    5.9;eor
       4466;20180721;   10;   6.2;   1.8;    3;   0.0;   0;    8.383;   0;   5.3;  12.7; 1007.11;   20.9;   54.04;   27.3;   12.0;   10.1;eor
       4466;20180722;   10;  10.8;   2.9;    3;   0.0;   0;   10.117;   0;   4.2;  14.4; 1007.19;   21.6;   57.88;   28.7;   15.3;   12.8;eor
       4466;20180723;   10;   7.8;   2.7;    3;   0.0;   0;   12.200;   0;   2.0;  17.3; 1010.64;   20.8;   72.67;   27.5;   13.8;   10.9;eor
       4466;20180724;   10;   7.5;   1.8;    3;   0.0;   0;   14.683;   0;   1.6;  18.1; 1009.83;   23.8;   65.88;   32.3;   15.2;   13.0;eor
       4466;20180725;   10;  11.5;   2.0;    3;  19.1;   6;   12.133;   0;   2.5;  20.3; 1010.75;   24.2;   70.38;   32.6;   18.1;   15.9;eor
       4466;20180726;   10;   7.8;   3.1;    3;   0.0;   0;   14.467;   0;   1.3;  20.4; 1012.59;   24.9;   66.92;   30.7;   19.2;   17.6;eor
       4466;20180727;   10;  12.5;   4.5;    3;   0.0;   0;   15.317;   0;   0.4;  20.2; 1011.15;   24.2;   68.75;   28.5;   19.3;   17.2;eor
       4466;20180728;   10;  16.0;   4.2;    3;   5.6;   6;    7.900;   0;   4.0;  21.4; 1003.77;   22.7;   79.13;   29.6;   16.2;   15.1;eor
       4466;20180729;   10;   8.2;   2.8;    3;   0.0;   6;   11.717;   0;   5.8;  15.1; 1008.47;   20.4;   65.21;   26.2;   13.6;   11.4;eor
       4466;20180730;   10;   5.4;   1.9;    3;   0.0;   6;    5.100;   0;   6.2;  18.3; 1009.89;   24.0;   62.42;   29.6;   18.7;   16.9;eor
       4466;20180731;   10;  11.8;   2.7;    3;   0.0;   0;    6.733;   0;   4.5;  18.3; 1010.27;   24.6;   61.04;   32.2;   18.1;   16.7;eor
       4466;20180801;   10;   7.8;   2.2;    3;   0.0;   0;   10.417;   0;   6.1;  16.3; 1015.79;   21.0;   68.33;   27.6;   16.0;   14.1;eor
       4466;20180802;   10;   8.1;   2.1;    3;   0.0;   0;   14.583;   0;   2.7;  15.6; 1017.78;   21.9;   63.21;   29.2;   14.0;   11.8;eor
       4466;20180803;   10;   8.6;   2.3;    3;   0.0;   0;   14.533;   0;   1.3;  15.8; 1016.08;   23.4;   58.75;   31.2;   15.6;   14.1;eor
       4466;20180804;   10;  10.3;   3.4;    3;   0.0;   6;    7.700;   0;   5.1;  18.0; 1013.62;   21.3;   72.54;   28.2;   16.1;   14.8;eor
       4466;20180805;   10;  12.7;   3.9;    3;   0.0;   6;    3.617;   0;   5.5;  14.7; 1014.91;   18.0;   71.96;   23.5;   13.6;   10.6;eor
       4466;20180806;   10;   8.6;   2.5;    3;   0.0;   0;   13.200;   0;   3.8;  14.5; 1011.48;   20.3;   64.79;   28.4;   12.2;    9.6;eor
       4466;20180807;   10;   7.4;   2.1;    3;   0.0;   0;   13.767;   0;   2.4;  15.6; 1005.05;   24.7;   56.50;   33.9;   15.6;   12.5;eor
       4466;20180808;   10;  15.8;   3.2;    3;   3.1;   6;    5.033;   0;   4.8;  18.1; 1003.70;   22.6;   68.38;   31.0;   15.4;   13.3;eor
       4466;20180809;   10;  14.0;   2.9;    3;  23.0;   6;    5.550;   0;   6.0;  17.0; 1006.86;   19.6;   75.63;   24.2;   14.8;   12.9;eor
       4466;20180810;   10;  20.5;   5.3;    3;   1.0;   6;    5.033;   0;   5.2;  14.3; 1009.45;   16.9;   73.83;   20.5;   13.8;   12.6;eor
       4466;20180811;   10;  15.2;   4.7;    3;   6.3;   6;    6.567;   0;   5.0;  13.0; 1010.61;   14.9;   76.79;   18.5;   11.6;    9.4;eor
       4466;20180812;   10;   9.7;   2.8;    3;   0.7;   6;    1.450;   0;   7.1;  14.5; 1008.63;   15.7;   80.79;   18.9;   11.9;    9.8;eor
       4466;20180813;   10;   6.2;   2.0;    3;   6.9;   6;    0.167;   0;   7.7;  16.8; 1000.77;   18.1;   81.42;   21.2;   15.7;   15.0;eor
       4466;20180814;   10;  12.3;   3.5;    3;   1.3;   6;    4.650;   0;   6.7;  18.0; 1002.65;   18.9;   83.92;   23.6;   15.7;   15.0;eor
       4466;20180815;   10;  10.5;   2.9;    3;   0.1;   6;    4.417;   0;   7.0;  17.2; 1010.45;   18.6;   80.71;   23.1;   15.0;   13.8;eor
       4466;20180816;   10;  12.8;   3.3;    3;   0.0;   0;    7.933;   0;   5.7;  17.8; 1009.27;   20.1;   77.08;   24.6;   16.2;   14.8;eor
       4466;20180817;   10;   8.8;   2.5;    3;   0.3;   6;    5.617;   0;   5.1;  15.4; 1011.20;   17.3;   79.79;   22.4;   12.4;    9.4;eor
       4466;20180818;   10;  15.0;   4.3;    3;   0.0;   0;    7.783;   0;   5.8;  14.9; 1013.89;   17.5;   75.83;   23.2;   11.8;    9.4;eor
       4466;20180819;   10;  11.6;   3.7;    3;   4.2;   6;    0.500;   0;   7.3;  16.6; 1011.90;   18.7;   77.88;   21.7;   16.1;   14.9;eor
       4466;20180820;   10;  11.2;   4.0;    3;   0.0;   6;    5.033;   0;   7.0;  16.1; 1010.71;   17.9;   79.04;   22.1;   12.4;   10.3;eor
       4466;20180821;   10;   8.4;   1.6;    3;   0.0;   0;    9.367;   0;   4.0;  13.3; 1015.52;   17.4;   69.08;   23.3;   11.4;    8.8;eor
       4466;20180822;   10;   9.6;   3.0;    3;   0.0;   0;   11.700;   0;   2.7;  14.3; 1011.55;   20.9;   59.54;   27.6;   14.9;   13.3;eor
       4466;20180823;   10;  11.5;   2.9;    3;   2.1;   6;    1.833;   0;   6.7;  17.6; 1004.87;   19.0;   80.75;   22.3;   15.3;   13.3;eor
       4466;20180824;   10;  13.7;   4.2;    3;   7.1;   6;    4.833;   0;   6.7;  14.2; 1001.03;   15.2;   82.13;   19.9;   10.8;    9.8;eor
       4466;20180825;   10;   7.9;   2.9;    3;   5.4;   6;    3.533;   0;   6.2;  12.2; 1001.49;   11.6;   89.38;   15.5;    9.1;    7.7;eor
       4466;20180826;   10;   9.9;   2.9;    3;   3.3;   6;    7.800;   0;   5.3;  11.7; 1006.55;   13.6;   75.83;   18.7;    9.4;    7.9;eor
       4466;20180827;   10;  17.3;   4.5;    3;   3.2;   6;    1.683;   0;   6.9;  13.6; 1001.87;   14.8;   80.79;   19.5;   11.6;   11.4;eor
       4466;20180828;   10;   9.0;   2.5;    3;   0.0;   0;    4.500;   0;   4.4;  14.2; 1011.87;   15.8;   80.50;   21.3;   10.8;    7.8;eor
       4466;20180829;   10;  10.4;   2.8;    3;   7.9;   6;   10.100;   0;   5.8;  14.6; 1009.30;   18.0;   73.33;   23.9;   11.2;    9.1;eor
       4466;20180830;   10;  11.1;   3.6;    3;   4.9;   6;    1.767;   0;   7.0;  15.6; 1009.43;   15.2;   89.88;   18.0;   10.3;    7.9;eor
       4466;20180831;   10;   9.0;   3.3;    3;   0.0;   0;    8.517;   0;   3.7;  13.5; 1014.73;   15.2;   79.04;   21.1;    8.9;    5.8;eor
       4466;20180901;   10;   6.2;   1.9;    3;   0.0;   0;    8.650;   0;   3.2;  13.4; 1020.27;   14.8;   81.04;   21.4;   10.1;    7.9;eor
       4466;20180902;   10;   8.9;   2.6;    3;   0.0;   0;   11.617;   0;   3.1;  15.0; 1021.67;   16.5;   80.50;   21.4;   10.3;    7.5;eor
       4466;20180903;   10;  11.6;   4.4;    3;   0.1;   6;    6.017;   0;   5.7;  18.5; 1015.50;   18.7;   86.00;   22.5;   16.5;   15.4;eor
       4466;20180904;   10;   8.2;   2.9;    3;   0.0;   0;    9.300;   0;   2.0;  16.6; 1013.49;   17.6;   83.71;   22.3;   13.2;   10.1;eor
       4466;20180905;   10;   7.2;   2.4;    3;   0.0;   0;   12.200;   0;   1.2;  15.7; 1014.07;   17.2;   81.46;   22.4;   11.6;    9.3;eor
       4466;20180906;   10;   9.3;   3.5;    3;   4.7;   6;    8.967;   0;   3.8;  17.0; 1007.68;   18.1;   82.33;   22.5;   14.0;   12.3;eor
       4466;20180907;   10;  14.6;   2.9;    3;   7.9;   6;    1.767;   0;   6.5;  15.3; 1004.24;   14.8;   90.58;   20.0;    9.4;    7.9;eor
       4466;20180908;   10;  16.6;   4.1;    3;   5.0;   6;    2.600;   0;   7.0;  13.3; 1009.54;   13.4;   86.79;   18.1;    9.6;    8.9;eor
       4466;20180909;   10;  10.0;   3.2;    3;   0.0;   6;    4.217;   0;   6.5;  14.4; 1012.95;   16.0;   79.54;   20.9;   12.8;   11.8;eor
       4466;20180910;   10;   9.5;   3.1;    3;   3.0;   6;    1.550;   0;   7.5;  14.3; 1012.80;   16.6;   76.00;   21.1;   13.6;   12.1;eor
       4466;20180911;   10;  17.4;   4.8;    3;   6.9;   6;    0.000;   0;   7.8;  16.3; 1010.07;   15.1;   94.08;   17.3;   13.2;   13.1;eor
       4466;20180912;   10;   9.2;   2.8;    3;   1.2;   6;    0.183;   0;   7.6;  13.4; 1013.04;   13.3;   87.42;   16.9;    9.3;    7.0;eor
       4466;20180913;   10;   8.6;   2.6;    3;   0.1;   6;   10.183;   0;   3.1;  11.4; 1015.03;   12.9;   78.83;   19.4;    7.4;    4.3;eor
       4466;20180914;   10;  10.0;   3.4;    3;   2.6;   6;    4.983;   0;   6.9;  11.8; 1012.67;   13.8;   76.21;   17.9;    9.7;    7.2;eor
       4466;20180915;   10;  12.7;   3.1;    3;   1.3;   6;    3.900;   0;   6.3;  13.1; 1013.61;   13.1;   87.13;   18.2;    8.7;    6.2;eor
       4466;20180916;   10;  11.7;   3.5;    3;   0.0;   0;    5.200;   0;   6.9;  12.7; 1014.85;   14.4;   78.83;   19.6;    8.1;    6.0;eor
       4466;20180917;   10;   9.4;   3.1;    3;   0.0;   0;    7.100;   0;   7.0;  14.0; 1011.35;   16.2;   77.29;   21.7;   12.2;    8.6;eor
       4466;20180918;   10;  13.3;   3.9;    3;   0.0;   0;   11.533;   0;   2.3;  14.3; 1006.13;   18.6;   69.42;   28.4;   12.2;    7.9;eor
       4466;20180919;   10;  13.5;   4.1;    3;   0.0;   0;    5.917;   0;   5.2;  16.1; 1008.37;   18.3;   78.00;   24.0;   14.3;   13.1;eor
       4466;20180920;   10;  12.4;   4.1;    3;   0.0;   0;    1.083;   0;   7.3;  16.1; 1006.65;   18.2;   76.79;   21.2;   16.0;   13.0;eor
       4466;20180921;   10;  19.5;   5.7;    3;  13.2;   6;    1.217;   0;   7.3;  12.5;  996.53;   14.3;   76.92;   20.4;    9.2;    8.4;eor
       4466;20180922;   10;  17.7;   4.7;    3;   4.0;   6;    7.267;   0;   3.8;  10.2; 1005.94;   11.3;   77.25;   16.0;    7.7;    5.4;eor
       4466;20180923;   10;   9.4;   2.6;    3;   2.6;   6;    0.267;   0;   6.1;  10.5; 1006.25;    9.6;   87.00;   13.5;    7.0;    4.7;eor
       4466;20180924;   10;  16.4;   5.4;    3;   0.4;   6;    9.117;   0;   3.4;   8.1; 1019.26;    8.7;   72.58;   13.0;    4.3;    1.2;eor
       4466;20180925;   10;   9.4;   3.1;    3;   0.0;   0;    7.433;   0;   3.7;   8.9; 1029.63;    9.5;   75.50;   14.5;    3.5;    0.0;eor
       4466;20180926;   10;  17.0;   6.2;    3;   2.7;   6;    1.500;   0;   7.6;  12.8; 1021.13;   12.7;   85.96;   15.1;    9.5;    8.9;eor
       4466;20180927;   10;  14.2;   5.0;    3;   0.3;   6;    0.467;   0;   7.3;  16.1; 1016.29;   15.6;   90.75;   18.0;   11.9;   10.7;eor
       4466;20180928;   10;  12.5;   4.3;    3;   0.0;   6;    8.417;   0;   3.2;   9.0; 1018.56;   10.2;   73.00;   14.8;    5.1;    1.6;eor
       4466;20180929;   10;  10.4;   3.3;    3;   0.0;   6;    4.317;   0;   5.9;   9.8; 1020.10;   10.2;   79.50;   15.6;    5.3;    1.6;eor
       4466;20180930;   10;  12.0;   3.8;    3;   0.8;   6;    3.117;   0;   6.6;  10.7; 1009.00;   11.5;   79.13;   15.3;    9.3;    8.2;eor
       4466;20181001;   10;  13.4;   3.2;    3;   1.7;   6;    5.533;   0;   5.1;   9.7; 1007.15;    8.5;   87.42;   13.9;    5.4;    2.1;eor
       4466;20181002;   10;  16.7;   5.6;    3;  11.0;   6;    1.517;   0;   6.7;   9.7; 1003.10;    8.5;   87.63;   13.8;    4.8;    1.6;eor
       4466;20181003;   10;  17.7;   5.3;    3;   2.1;   6;    7.183;   0;   5.3;   9.7; 1011.05;   10.2;   78.46;   14.4;    7.6;    5.0;eor
       4466;20181004;   10;  10.2;   3.1;    3;   1.0;   6;    0.017;   0;   7.8;  13.8; 1015.97;   12.6;   93.92;   15.5;    8.8;    8.4;eor
       4466;20181005;   10;  10.4;   3.6;    3;   0.0;   0;    6.500;   0;   7.0;  13.8; 1011.51;   14.5;   84.25;   19.0;   10.3;    7.0;eor
       4466;20181006;   10;  13.0;   2.2;    3;   4.1;   6;    4.800;   0;   6.6;  12.8; 1003.67;   11.7;   93.08;   16.1;    7.2;    5.2;eor
       4466;20181007;   10;  10.3;   3.2;    3;   0.0;   0;    9.267;   0;   6.0;   8.7; 1012.72;    8.2;   81.46;   13.6;    4.5;    2.7;eor
       4466;20181008;   10;  11.0;   3.6;    3;   0.0;   0;    1.283;   0;   7.4;   9.8; 1014.25;   10.0;   79.83;   14.1;    5.3;    4.2;eor
       4466;20181009;   10;  10.6;   3.7;    3;   0.0;   0;    2.017;   0;   7.5;  11.9; 1014.16;   11.7;   85.96;   15.8;    8.7;    5.3;eor
       4466;20181010;   10;   6.1;   2.4;    3;   0.0;   0;    9.350;   0;   4.3;  11.7; 1015.57;   12.5;   81.58;   18.1;    6.2;    3.1;eor
       4466;20181011;   10;   8.5;   3.0;    3;   0.0;   0;   10.017;   0;   0.1;  13.3; 1009.77;   14.9;   79.63;   20.3;   10.7;    6.8;eor
       4466;20181012;   10;   8.9;   2.9;    3;   0.0;   0;    9.700;   0;   3.5;  13.7; 1012.80;   16.6;   72.71;   21.8;   10.7;    6.9;eor
       4466;20181013;   10;   9.7;   2.9;    3;   0.0;   0;    8.967;   0;   4.2;  14.9; 1013.40;   19.3;   67.42;   25.1;   14.8;   12.5;eor
       4466;20181014;   10;   7.9;   2.8;    3;   0.0;   0;    9.983;   0;   0.1;  12.1; 1006.22;   17.4;   61.21;   21.9;   12.3;    8.7;eor
       4466;20181015;   10;   6.1;   2.3;    3;   0.0;   0;    9.700;   0;   1.5;  13.0; 1007.04;   16.3;   70.75;   22.6;   11.8;    8.5;eor
       4466;20181016;   10;   7.8;   2.1;    3;   0.0;   0;    2.400;   0;   6.0;  14.8; 1011.90;   14.6;   88.67;   19.1;   12.3;    8.3;eor
       4466;20181017;   10;   6.1;   2.4;    3;   0.0;   0;    5.317;   0;   6.2;  15.0; 1013.19;   15.2;   87.96;   21.6;   11.5;    9.4;eor
       4466;20181018;   10;   9.5;   2.9;    3;   0.4;   6;    6.383;   0;   4.1;  11.0; 1017.95;   11.1;   82.96;   14.9;    5.1;    1.4;eor
       4466;20181019;   10;   5.4;   2.0;    3;   0.7;   6;    5.317;   0;   5.0;   8.5; 1020.52;    8.4;   78.92;   13.7;    3.5;   -0.4;eor
       4466;20181020;   10;   9.0;   2.7;    3;   0.1;   6;    5.517;   0;   6.5;  10.6; 1021.71;   10.3;   84.88;   16.3;    7.3;    3.8;eor
       4466;20181021;   10;  10.1;   3.0;    3;   2.0;   6;    0.000;   0;   7.5;  12.4; 1020.22;   11.4;   91.50;   13.9;    7.9;    6.4;eor
       4466;20181022;   10;  16.2;   4.0;    3;   4.6;   6;    6.850;   0;   4.4;   9.8; 1021.10;   10.0;   79.50;   13.0;    6.8;    2.9;eor
       4466;20181023;   10;  19.5;   8.7;    3;   4.1;   6;    0.000;   0;   7.7;  11.6; 1005.98;   11.3;   85.88;   12.7;   10.1;    8.9;eor
       4466;20181024;   10;  13.8;   5.2;    3;   1.5;   6;    6.117;   0;   6.0;   9.6; 1009.65;   10.2;   77.33;   13.0;    7.5;    5.7;eor
       4466;20181025;   10;  15.2;   6.0;    3;   1.0;   6;    0.617;   0;   7.3;  10.4; 1005.22;   10.3;   82.46;   11.9;    8.3;    6.1;eor
       4466;20181026;   10;  13.0;   3.5;    3;  24.4;   6;    0.000;   0;   7.6;  10.5;  995.60;    8.6;   93.54;   10.7;    5.4;    2.9;eor
       4466;20181027;   10;  11.5;   3.7;    3;   0.0;   6;    0.283;   0;   5.1;   6.8; 1000.43;    4.4;   81.46;    6.5;   -0.1;   -1.7;eor
       4466;20181028;   10;  10.0;   3.5;    3;   1.1;   6;    7.000;   0;   3.8;   6.1; 1013.53;    2.7;   82.83;    6.9;   -0.8;   -2.6;eor
       4466;20181029;   10;  17.2;   6.4;    3;   2.8;   6;    0.000;   0;   7.3;   8.2; 1004.65;    6.3;   85.67;    7.6;    4.7;    4.0;eor
       4466;20181030;   10;  16.6;   5.1;    3;   6.5;   6;    0.000;   0;   7.9;   9.9;  986.34;    8.2;   89.50;   10.5;    5.0;    4.6;eor
       4466;20181031;   10;  16.9;   4.5;    3;   1.4;   6;    1.667;   0;   7.1;   9.1; 1004.70;    7.9;   85.46;   10.8;    4.5;    4.4;eor
       4466;20181101;   10;   7.2;   2.7;    3;   0.0;   6;    3.767;   0;   6.9;   9.5; 1006.66;    9.4;   80.54;   13.2;    7.4;    6.4;eor
       4466;20181102;   10;  13.7;   4.1;    3;   0.0;   6;    1.033;   0;   5.7;  10.0; 1011.36;    8.6;   89.38;   12.5;    4.7;    1.1;eor
       4466;20181103;   10;   6.9;   2.6;    3;   0.0;   0;    7.233;   0;   2.4;   8.1; 1021.71;    5.8;   88.21;   10.6;    3.2;    0.7;eor
       4466;20181104;   10;   6.1;   2.5;    3;   0.0;   6;    0.250;   0;   5.3;   9.0; 1014.17;    6.3;   93.04;    8.6;    2.0;   -1.3;eor
       4466;20181105;   10;   9.4;   2.9;    3;   0.0;   6;    0.000;   0;   8.0;  11.6; 1006.83;    9.6;   96.92;   10.5;    8.5;    8.4;eor
       4466;20181106;   10;   7.3;   2.4;    3;   0.1;   6;    0.000;   0;   8.0;  11.0; 1003.38;    8.4;   99.67;    9.7;    7.8;    7.8;eor
       4466;20181107;   10;   5.8;   2.2;    3;   0.0;   0;    7.183;   0;   3.8;  11.2; 1004.04;    9.8;   92.88;   13.5;    7.4;    4.6;eor
       4466;20181108;   10;   8.0;   2.6;    3;   0.0;   0;    1.150;   0;   5.9;  10.4; 1013.10;    9.2;   89.63;   12.7;    4.9;    1.3;eor
       4466;20181109;   10;   6.5;   2.2;    3;   3.6;   6;    0.050;   0;   6.8;   9.6; 1010.26;    6.5;   97.79;    9.9;    1.3;   -1.0;eor
       4466;20181110;   10;   9.9;   3.6;    3;   2.8;   6;    0.000;   0;   7.7;  11.2;  999.89;   10.3;   89.58;   12.2;    8.3;    7.3;eor
       4466;20181111;   10;  11.5;   4.0;    3;   0.3;   6;    0.133;   0;   7.3;  11.9; 1000.37;   11.3;   88.83;   12.6;    9.3;    8.1;eor
       4466;20181112;   10;   6.1;   2.3;    3;   5.6;   6;    0.000;   0;   8.0;  11.6; 1007.66;    9.3;   99.00;   10.5;    7.9;    6.7;eor
       4466;20181113;   10;  16.2;   4.5;    3;   3.6;   6;    0.267;   0;   7.1;  10.8; 1012.35;    8.9;   95.17;   10.2;    7.2;    6.2;eor
       4466;20181114;   10;   8.3;   3.3;    3;   0.1;   6;    0.000;   0;   7.8;  10.7; 1020.46;    8.6;   95.63;   10.1;    7.9;    6.1;eor
       4466;20181115;   10;   6.3;   2.6;    3;   0.0;   0;    6.933;   0;   4.6;   9.3; 1022.15;    8.0;   86.67;   11.0;    5.7;    3.9;eor
       4466;20181116;   10;   7.7;   3.3;    3;   0.0;   0;    7.683;   0;   0.1;   7.8; 1026.79;    6.2;   82.33;    9.4;    3.9;    2.0;eor
       4466;20181117;   10;   8.1;   3.4;    3;   0.0;   0;    7.633;   0;   1.2;   6.9; 1032.23;    3.9;   85.67;    6.3;    0.2;   -3.0;eor
       4466;20181118;   10;  12.2;   3.3;    3;   0.1;   6;    0.967;   0;   7.1;   7.3; 1028.80;    4.2;   88.54;    6.6;   -0.3;   -3.5;eor
       4466;20181119;   10;  16.6;   5.9;    3;   3.4;   6;    1.033;   0;   7.2;   7.2; 1021.79;    5.3;   80.83;    6.3;    3.6;    2.4;eor
       4466;20181120;   10;  17.3;   7.7;    3;   0.0;   6;    0.267;   0;   6.7;   6.3; 1014.64;    5.0;   71.63;    5.8;    3.6;    3.1;eor
       4466;20181121;   10;  14.2;   5.9;    3;   0.0;   0;    1.233;   0;   7.0;   6.2; 1017.15;    3.5;   78.63;    4.8;    2.1;    1.0;eor
       4466;20181122;   10;   9.4;   4.0;    3;   0.0;   8;    0.000;   0;   7.8;   6.0; 1018.84;    1.6;   87.25;    3.1;    0.4;    0.5;eor
       4466;20181123;   10;   6.7;   2.5;    3;   0.0;   8;    0.000;   0;   8.0;   6.4; 1015.12;    1.5;   93.71;    2.0;    0.8;    0.8;eor
       4466;20181124;   10;   3.8;   1.3;    3;   0.4;   8;    0.000;   0;   7.8;   7.0; 1009.21;    2.4;   96.63;    3.2;    1.6;    1.6;eor
       4466;20181125;   10;   9.1;   3.2;    3;   0.4;   6;    0.000;   0;   7.7;   7.8; 1009.08;    4.0;   95.13;    4.8;    3.2;    3.0;eor
       4466;20181126;   10;   8.3;   3.3;    3;   0.0;   6;    2.017;   0;   7.1;   6.9; 1011.57;    3.7;   86.54;    6.0;    0.4;   -1.9;eor
       4466;20181127;   10;   8.6;   2.2;    3;   0.0;   0;    0.550;   0;   7.5;   4.9; 1017.36;    1.7;   71.79;    2.9;   -0.1;   -1.6;eor
       4466;20181128;   10;  13.4;   5.1;    3;   4.1;   6;    3.917;   0;   5.2;   4.6; 1017.20;    0.8;   70.21;    1.9;   -0.5;   -1.8;eor
       4466;20181129;   10;  12.3;   5.2;    3;   4.9;   6;    0.000;   0;   7.9;   7.5; 1006.61;    3.6;   93.88;    5.9;    1.0;    0.3;eor
       4466;20181130;   10;   9.4;   3.9;    3;   0.1;   6;    2.900;   0;   7.1;   8.8; 1002.93;    7.5;   84.46;    9.4;    5.8;    4.8;eor
       4466;20181201;   10;   9.8;   4.0;    3;   1.6;   6;    0.000;   0;   7.8;   8.9; 1002.95;    6.5;   92.08;    7.6;    5.0;    4.3;eor
       4466;20181202;   10;  11.9;   3.9;    3;   7.4;   6;    0.000;   0;   7.8;  10.5;  990.99;    7.9;   98.67;    9.8;    6.4;    6.0;eor
       4466;20181203;   10;  14.1;   5.3;    3;   1.5;   6;    0.000;   0;   7.9;  11.2;  988.93;    9.5;   93.88;   11.0;    6.8;    5.3;eor
       4466;20181204;   10;  15.1;   4.7;    3;   0.1;   6;    3.917;   0;   3.0;   7.0; 1007.28;    4.7;   82.00;    7.1;    1.8;   -2.7;eor
       4466;20181205;   10;   9.4;   3.2;    3;   0.1;   6;    4.333;   0;   4.7;   6.7; 1016.54;    3.0;   88.33;    4.2;    1.7;   -1.7;eor
       4466;20181206;   10;  15.4;   4.5;    3;   6.2;   6;    0.000;   0;   7.8;   9.5; 1005.14;    6.5;   96.75;    9.7;    3.4;    2.8;eor
       4466;20181207;   10;  14.5;   5.6;    3;  17.8;   6;    0.000;   0;   7.7;  11.8;  993.01;    9.6;   98.17;   10.8;    6.2;    5.4;eor
       4466;20181208;   10;  19.1;   7.4;    3;  10.4;   6;    0.000;   0;   7.7;   9.0;  984.45;    6.9;   90.71;    8.3;    5.2;    4.6;eor
       4466;20181209;   10;  15.3;   5.7;    3;   3.0;   6;    0.967;   0;   6.5;   8.4;  984.70;    6.2;   88.46;    8.2;    4.7;    3.3;eor
       4466;20181210;   10;  18.9;   6.3;    3;   0.7;   6;    2.083;   0;   4.8;   6.8; 1002.71;    4.7;   80.17;    6.1;    3.4;    1.9;eor
       4466;20181211;   10;  12.0;   4.0;    3;   0.0;   6;    3.883;   0;   4.0;   6.4; 1012.89;    3.7;   80.25;    5.0;    2.0;    0.3;eor
       4466;20181212;   10;   9.3;   3.0;    3;   0.0;   6;    1.467;   0;   7.2;   6.6; 1021.61;    3.9;   82.08;    5.1;    3.2;    1.7;eor
       4466;20181213;   10;  10.8;   3.6;    3;   2.4;   8;    0.000;   0;   7.4;   6.2; 1021.03;    2.2;   87.04;    3.5;    0.8;   -1.0;eor
       4466;20181214;   10;   8.5;   2.5;    3;   0.1;   8;    0.000;   0;   7.5;   5.9; 1021.60;    1.6;   86.17;    3.0;    0.6;   -0.2;eor
       4466;20181215;   10;  11.1;   3.2;    3;   0.0;   0;    1.500;   0;   5.8;   4.7; 1021.55;    0.1;   75.67;    1.4;   -1.4;   -2.5;eor
       4466;20181216;   10;  11.8;   4.3;    3;   0.3;   7;    0.000;   0;   6.2;   4.6; 1009.03;   -0.8;   80.29;    0.3;   -1.7;   -2.8;eor
       4466;20181217;   10;   6.4;   2.3;    3;   1.7;   6;    0.000;   1;   8.0;   5.9; 1012.45;    0.2;   94.08;    1.9;   -1.3;   -1.7;eor
       4466;20181218;   10;   8.2;   2.7;    3;   0.9;   6;    0.000;   0;   7.9;   7.9; 1015.00;    4.1;   96.46;    5.7;    1.9;    1.5;eor
       4466;20181219;   10;   8.9;   3.2;    3;   1.2;   6;    0.000;   0;   7.9;   7.1; 1006.55;    3.3;   91.46;    4.7;    2.1;    1.3;eor
       4466;20181220;   10;   5.8;   2.4;    3;   3.4;   6;    0.000;   0;   7.7;   8.4; 1004.96;    5.0;   96.29;    5.8;    3.8;    2.5;eor
       4466;20181221;   10;   9.4;   3.2;    3;  15.9;   6;    0.000;   0;   8.0;   9.1;  994.04;    5.8;   98.54;    6.2;    5.2;    5.1;eor
       4466;20181222;   10;   8.5;   2.0;    3;   7.4;   6;    0.367;   0;   7.4;   8.0; 1001.56;    4.5;   95.54;    5.9;    3.6;    3.1;eor
       4466;20181223;   10;   8.6;   3.4;    3;   0.7;   6;    0.000;   0;   7.2;   8.6; 1007.63;    5.3;   96.38;    6.9;    1.2;    1.0;eor
       4466;20181224;   10;   9.2;   3.5;    3;   1.1;   8;    1.283;   0;   6.6;   6.4; 1019.51;    2.2;   88.92;    4.8;   -0.7;   -2.3;eor
       4466;20181225;   10;  18.2;   5.8;    3;   0.1;   6;    0.750;   0;   7.4;   7.8; 1021.52;    5.5;   86.08;    7.0;    4.3;    2.5;eor
       4466;20181226;   10;  13.0;   5.4;    3;   0.5;   6;    0.000;   0;   8.0;  10.0; 1019.71;    7.4;   96.88;    8.7;    6.0;    5.5;eor
       4466;20181227;   10;  11.3;   5.3;    3;   1.1;   6;    0.000;   0;   8.0;  10.1; 1016.61;    7.2;   99.79;    7.7;    6.7;    6.6;eor
       4466;20181228;   10;   8.1;   3.4;    3;   0.9;   6;    0.067;   0;   7.6;   9.6; 1018.52;    7.1;   94.63;    7.9;    6.2;    5.5;eor
       4466;20181229;   10;  16.9;   5.1;    3;   9.8;   6;    0.000;   0;   7.9;  10.1; 1014.54;    7.5;   97.00;    8.4;    6.7;    6.3;eor
       4466;20181230;   10;  16.1;   5.3;    3;   0.0;   6;    4.417;   0;   6.6;   8.2; 1019.39;    5.8;   89.04;    7.7;    3.7;    0.8;eor
       4466;20181231;   10;  14.7;   4.1;    3;   0.5;   6;    0.000;   0;   7.9;   9.6; 1021.74;    6.6;   98.13;    8.1;    4.0;    2.7;eor
       4466;20190101;   10;  22.6;   9.2;    3;   0.2;   6;    1.733;   0;   5.6;   7.4; 1011.16;    6.1;   77.17;    8.1;    3.9;    2.3;eor
       4466;20190102;   10;  13.8;   5.2;    3;   0.0;   0;    6.950;   0;   0.4;   4.5; 1024.59;    2.3;   62.38;    4.5;   -2.2;   -6.6;eor
       4466;20190103;   10;   6.3;   2.5;    3;   0.1;   6;    4.450;   0;   3.6;   5.0; 1029.64;   -1.0;   87.13;    2.4;   -3.8;   -7.3;eor
       4466;20190104;   10;  14.4;   5.5;    3;   0.7;   6;    0.000;   0;   7.9;   8.3; 1022.18;    5.1;   94.42;    7.4;    1.3;    0.7;eor
       4466;20190105;   10;  14.4;   4.0;    3;   0.0;   6;    1.417;   0;   6.2;   9.3; 1017.36;    6.4;   96.29;    8.4;    0.4;   -2.3;eor
       4466;20190106;   10;   9.2;   2.3;    3;   1.1;   6;    0.000;   0;   7.2;   8.0; 1022.18;    4.1;   97.63;    6.5;   -0.2;   -3.0;eor
       4466;20190107;   10;  16.7;   4.9;    3;  12.6;   6;    0.550;   0;   7.9;   9.1; 1015.40;    6.2;   95.58;    7.5;    5.0;    4.4;eor
       4466;20190108;   10;  21.2;   8.2;    3;   0.5;   6;    1.900;   0;   7.0;   7.3;  995.68;    5.1;   82.42;    7.0;    3.0;    2.2;eor
       4466;20190109;   10;  16.6;   6.5;    3;   0.0;   0;    0.967;   0;   6.0;   5.2; 1010.13;    2.6;   70.38;    3.4;    1.3;   -0.1;eor
       4466;20190110;   10;   8.4;   2.6;    3;   0.5;   8;    0.417;   0;   7.4;   5.8; 1017.95;    0.4;   91.71;    3.4;   -1.5;   -2.2;eor
       4466;20190111;   10;  15.5;   5.4;    3;   0.3;   6;    1.317;   0;   6.7;   8.4; 1010.12;    5.6;   91.63;    7.5;    3.4;    2.0;eor
       4466;20190112;   10;  15.2;   5.5;    3;   7.2;   6;    0.233;   0;   7.7;   8.5; 1001.77;    5.7;   92.50;    7.0;    4.8;    4.0;eor
       4466;20190113;   10;  20.5;   7.2;    3;   4.9;   8;    0.000;   0;   7.4;   8.7;  988.11;    6.4;   90.46;    8.5;    3.3;    1.8;eor
       4466;20190114;   10;  18.8;   6.9;    3;   0.0;   8;    4.950;   0;   4.5;   5.1;  998.35;    1.9;   72.79;    3.7;    0.4;   -0.6;eor
       4466;20190115;   10;  17.0;   6.5;    3;   5.3;   6;    0.000;   0;   7.5;   8.6; 1001.28;    5.7;   93.63;    7.0;    2.3;    0.5;eor
       4466;20190116;   10;  18.1;   7.5;    3;   6.3;   6;    0.000;   0;   7.9;   9.0;  994.64;    6.2;   94.67;    7.0;    4.1;    3.7;eor
       4466;20190117;   10;  16.2;   5.1;    3;   4.0;   8;    0.050;   0;   6.5;   7.0;  990.35;    2.7;   92.67;    4.8;   -2.1;   -3.8;eor
       4466;20190118;   10;   7.9;   3.0;    3;   0.0;   0;    6.683;   1;   3.3;   5.2; 1009.15;   -0.4;   87.50;    3.8;   -4.3;   -8.5;eor
       4466;20190119;   10;   5.4;   2.1;    3;   0.0;   0;    4.283;   1;   6.9;   5.4; 1012.70;   -0.3;   90.71;    1.7;   -2.9;   -7.0;eor
       4466;20190120;   10;   5.4;   1.7;    3;   0.0;   0;    5.117;   1;   6.5;   4.9; 1013.90;   -0.9;   86.58;    3.1;   -2.7;   -6.2;eor
       4466;20190121;   10;   9.9;   3.8;    3;   0.3;   7;    4.100;   1;   4.5;   5.3; 1012.35;   -1.0;   93.38;    4.2;   -4.5;   -5.6;eor
       4466;20190122;   10;   9.4;   3.4;    3;   0.0;   0;    1.667;   1;   7.7;   5.1; 1002.00;   -0.7;   87.42;    0.9;   -3.2;   -4.6;eor
       4466;20190123;   10;   7.8;   2.9;    3;   0.0;   0;    0.233;   1;   7.0;   3.8;  998.61;   -4.1;   85.04;   -2.2;   -6.3;  -10.1;eor
       4466;20190124;   10;   6.8;   2.5;    3;   0.0;   7;    0.000;   1;   7.4;   3.3; 1007.23;   -5.5;   81.21;   -4.3;   -7.5;   -7.9;eor
       4466;20190125;   10;   9.8;   3.0;    3;   0.5;   8;    0.000;   1;   7.3;   3.6; 1006.06;   -3.9;   78.29;   -2.6;   -4.6;   -4.8;eor
       4466;20190126;   10;   7.8;   3.1;    3;   4.9;   6;    0.033;   2;   7.8;   7.2;  992.65;    2.4;   98.63;    4.5;   -2.6;   -2.6;eor
       4466;20190127;   10;   9.3;   3.5;    3;   8.3;   6;    0.000;   0;   8.0;   8.2;  978.10;    4.3;   98.46;    5.1;    1.3;    0.2;eor
       4466;20190128;   10;  10.4;   3.0;    3;   0.9;   8;    0.167;   0;   6.0;   6.2;  984.69;    0.8;   95.71;    3.9;   -3.4;   -5.9;eor
       4466;20190129;   10;   8.7;   3.1;    3;   0.2;   8;    1.217;   0;   5.5;   5.7;  994.70;   -0.2;   94.13;    2.9;   -3.6;   -8.0;eor
       4466;20190130;   10;  11.4;   4.0;    3;   0.1;   8;    1.650;   0;   7.3;   5.1;  992.33;    0.1;   82.67;    2.6;   -1.5;   -3.4;eor
       4466;20190131;   10;   7.6;   3.0;    3;   0.0;   0;    0.050;   1;   5.8;   5.2;  991.96;   -0.1;   85.21;    1.3;   -1.7;   -4.5;eor
       4466;20190201;   10;  12.7;   4.2;    3;   0.0;   7;    0.133;   0;   5.6;   5.4;  990.62;   -0.2;   89.54;    1.5;   -1.5;   -3.6;eor
       4466;20190202;   10;   6.8;   2.7;    3;   0.0;   8;    0.000;   0;   7.9;   5.8;  994.78;    0.8;   90.29;    1.8;   -0.4;   -1.6;eor
       4466;20190203;   10;   8.2;   3.3;    3;   0.0;   0;    5.150;   0;   3.8;   5.8; 1009.65;    1.1;   87.83;    4.4;   -0.9;   -5.0;eor
       4466;20190204;   10;  16.2;   5.7;    3;   2.8;   8;    0.000;   0;   6.5;   5.7; 1014.39;    1.2;   86.67;    3.1;   -0.8;   -4.9;eor
       4466;20190205;   10;  13.0;   5.4;    3;   0.6;   6;    0.217;   0;   7.7;   7.6; 1015.87;    3.5;   96.54;    5.9;    1.6;    1.0;eor
       4466;20190206;   10;  10.4;   4.1;    3;  11.0;   6;    0.000;   0;   8.0;   7.5; 1013.37;    3.1;   97.71;    4.4;    1.1;    0.3;eor
       4466;20190207;   10;  20.4;   5.5;    3;   5.0;   6;    0.217;   0;   7.7;   8.1;  999.44;    5.3;   91.58;    7.3;    4.2;    4.0;eor
       4466;20190208;   10;  15.8;   6.6;    3;   9.1;   6;    0.000;   0;   7.9;   8.5;  998.44;    6.0;   90.50;    7.5;    5.0;    3.8;eor
       4466;20190209;   10;  23.7;   8.4;    3;   7.1;   6;    0.333;   0;   7.1;   8.3;  989.63;    6.6;   84.58;    7.6;    5.4;    4.2;eor
       4466;20190210;   10;  13.3;   4.4;    3;  12.6;   6;    0.000;   0;   7.5;   8.0;  986.58;    4.8;   92.25;    6.6;    2.2;    1.7;eor
       4466;20190211;   10;  17.2;   6.2;    3;   0.0;   6;    6.500;   0;   4.4;   6.5; 1003.32;    4.4;   78.46;    7.4;    2.1;    0.5;eor
       4466;20190212;   10;  13.1;   4.5;    3;   0.1;   6;    5.217;   0;   7.3;   6.7; 1021.14;    4.5;   79.92;    7.7;    1.6;   -0.2;eor
       4466;20190213;   10;  12.1;   5.8;    3;   0.0;   6;    0.000;   0;   7.8;   9.4; 1023.59;    6.6;   95.63;    8.0;    5.5;    5.0;eor
       4466;20190214;   10;  10.1;   3.9;    3;   0.0;   0;    3.017;   0;   6.3;   8.1; 1027.22;    5.3;   90.67;    8.5;    1.4;   -2.2;eor
       4466;20190215;   10;   7.4;   2.9;    3;   0.0;   0;    9.450;   0;   3.7;   6.3; 1024.86;    6.2;   69.83;   13.0;    0.7;   -3.1;eor
       4466;20190216;   10;  12.3;   4.7;    3;   0.0;   0;    8.317;   0;   3.5;   7.6; 1016.85;    7.1;   74.50;   10.5;    3.8;    1.7;eor
       4466;20190217;   10;   7.4;   2.9;    3;   0.0;   0;    4.933;   0;   5.4;   9.2; 1015.46;    9.2;   79.33;   13.4;    5.4;    2.3;eor
       4466;20190218;   10;   7.7;   3.2;    3;   1.4;   6;    8.400;   0;   4.0;   8.2; 1010.20;    7.6;   77.79;   13.2;    3.3;    1.4;eor
       4466;20190219;   10;  14.2;   5.5;    3;   0.1;   6;    0.000;   0;   7.9;   8.7; 1005.97;    6.2;   91.83;    7.3;    5.4;    4.0;eor
       4466;20190220;   10;  11.5;   4.6;    3;   0.9;   6;    0.000;   0;   7.6;   9.0; 1012.36;    6.4;   93.29;    7.4;    4.8;    3.7;eor
       4466;20190221;   10;  11.5;   4.7;    3;   1.1;   6;    0.000;   0;   7.8;   9.4; 1016.10;    6.6;   96.00;    7.8;    5.9;    5.0;eor
       4466;20190222;   10;  12.4;   4.2;    3;   0.0;   0;    2.767;   0;   6.4;   6.7; 1032.25;    3.7;   83.17;    6.5;    1.0;   -0.3;eor
       4466;20190223;   10;   6.6;   2.5;    3;   0.0;   0;    3.117;   0;   6.7;   4.8; 1034.98;    2.8;   64.46;    6.7;   -0.4;   -2.2;eor
       4466;20190224;   10;   7.1;   2.5;    3;   0.0;   0;    9.250;   0;   2.2;   5.8; 1032.17;    4.7;   68.83;   12.7;   -0.5;   -3.5;eor
       4466;20190225;   10;   7.0;   2.6;    3;   0.0;   0;    8.783;   0;   3.3;   7.1; 1031.18;    4.6;   85.21;   12.8;   -0.3;   -3.5;eor
       4466;20190226;   10;   7.2;   2.5;    3;   0.0;   0;    9.700;   0;   4.7;   6.9; 1027.63;    5.9;   75.21;   13.7;    0.3;   -2.6;eor
       4466;20190227;   10;   9.4;   3.4;    3;   0.0;   0;   10.083;   0;   1.3;   6.3; 1017.73;    7.5;   62.71;   15.5;    0.8;   -2.8;eor
       4466;20190228;   10;  10.8;   4.3;    3;   0.0;   0;    4.267;   0;   6.3;   7.9; 1005.95;    5.6;   87.46;   10.6;    3.4;    2.0;eor
       4466;20190301;   10;   7.4;   2.9;    3;   0.0;   0;    2.417;   0;   7.3;   6.7; 1006.18;    4.7;   78.21;    9.2;    2.2;   -1.4;eor
       4466;20190302;   10;   9.4;   3.1;    3;   3.7;   6;    0.383;   0;   7.4;   6.8; 1005.52;    4.7;   79.17;    6.5;    2.7;    1.3;eor
       4466;20190303;   10;  16.4;   5.9;    3;  13.0;   6;    0.817;   0;   7.6;   9.9;  993.07;    8.3;   90.25;    9.8;    6.1;    5.4;eor
       4466;20190304;   10;  24.2;   8.6;    3;  17.2;   8;    0.233;   0;   7.6;   9.3;  978.52;    7.4;   89.75;   11.4;    4.6;    3.6;eor
       4466;20190305;   10;  16.6;   6.7;    3;   0.0;   6;    2.367;   0;   6.7;   7.8;  992.34;    6.1;   83.08;    9.5;    3.9;    2.3;eor
       4466;20190306;   10;  11.0;   3.9;    3;   9.3;   6;    0.000;   0;   7.5;   8.5;  995.16;    5.9;   90.13;    8.8;    2.8;    1.7;eor
       4466;20190307;   10;  22.2;   5.7;    3;   8.6;   8;    1.600;   0;   7.3;   9.2;  983.50;    8.2;   84.08;   10.9;    5.3;    4.1;eor
       4466;20190308;   10;  21.7;   7.2;    3;   5.5;   6;    3.317;   0;   7.2;   7.3;  994.35;    5.8;   79.17;    8.2;    3.3;    1.9;eor
       4466;20190309;   10;  21.1;   6.9;    3;   9.1;   8;    0.483;   0;   6.9;   7.3;  993.93;    4.7;   86.21;    8.5;    0.4;   -0.1;eor
       4466;20190310;   10;  19.0;   4.9;    3;   0.3;   6;    2.800;   0;   6.9;   6.8;  995.53;    4.8;   79.50;    8.9;    1.5;   -1.5;eor
       4466;20190311;   10;   7.0;   2.6;    3;   5.1;   8;    3.100;   0;   5.5;   6.8; 1003.09;    3.2;   88.67;    8.0;    0.2;   -3.5;eor
       4466;20190312;   10;  17.0;   5.6;    3;  10.4;   6;    0.000;   0;   7.3;   7.1; 1002.28;    3.6;   90.38;    6.0;    0.2;   -3.0;eor
       4466;20190313;   10;  21.1;   7.4;    3;  14.3;   8;    0.000;   0;   7.8;   8.0;  986.25;    5.1;   91.00;    6.1;    3.5;    2.8;eor
       4466;20190314;   10;  16.0;   5.8;    3;   9.9;   6;    0.000;   0;   7.8;   8.4;  986.79;    5.4;   93.54;    6.3;    4.4;    2.8;eor
       4466;20190315;   10;  24.4;   7.6;    3;   9.3;   6;    0.033;   0;   7.1;   8.2;  988.25;    5.9;   88.42;    8.3;    4.2;    2.7;eor
       4466;20190316;   10;  21.6;   5.9;    3;  28.6;   6;    0.183;   0;   7.7;   8.4;  993.31;    6.0;   89.33;    9.5;    4.0;    2.9;eor
       4466;20190317;   10;  21.8;   8.3;    3;   7.6;   8;    3.550;   0;   6.7;   7.8;  988.28;    6.5;   80.54;    9.4;    2.3;    1.3;eor
       4466;20190318;   10;  19.6;   7.4;    3;   1.6;   8;    3.333;   0;   6.0;   7.0; 1000.95;    5.1;   80.21;    7.9;    2.8;    1.0;eor
       4466;20190319;   10;   9.7;   3.9;    3;   0.0;   0;   10.433;   0;   2.3;   6.2; 1018.59;    4.8;   73.46;   10.7;    1.5;   -1.4;eor
       4466;20190320;   10;  11.1;   4.3;    3;   0.6;   6;    0.000;   0;   7.5;   9.1; 1023.42;    6.3;   93.38;    9.1;    1.6;    0.1;eor
       4466;20190321;   10;  12.5;   4.8;    3;   0.1;   6;    0.000;   0;   8.0;  10.4; 1025.70;    8.0;   96.63;   10.4;    6.4;    6.3;eor
       4466;20190322;   10;  11.0;   2.7;    3;   0.0;   6;    0.367;   0;   5.8;  10.3; 1024.19;    8.1;   94.92;   11.8;    5.7;    2.8;eor
       4466;20190323;   10;  11.7;   4.0;    3;   0.0;   0;    3.567;   0;   7.3;   8.4; 1021.77;    7.0;   84.75;   12.7;    2.7;   -0.4;eor
       4466;20190324;   10;  12.5;   3.6;    3;   3.5;   6;    4.650;   0;   6.0;   7.3; 1018.87;    5.4;   83.13;   10.4;    2.5;    0.0;eor
       4466;20190325;   10;  13.3;   4.4;    3;   1.6;   8;    6.600;   0;   4.8;   7.3; 1010.54;    5.3;   82.83;    9.6;    1.5;    0.3;eor
       4466;20190326;   10;  14.0;   5.4;    3;   0.2;   6;    2.050;   0;   6.3;   7.7; 1018.92;    6.1;   82.29;    9.4;    2.1;   -0.3;eor
       4466;20190327;   10;  13.0;   4.6;    3;   1.5;   6;    0.000;   0;   7.8;   9.9; 1022.73;    7.3;   96.00;    8.7;    5.9;    5.1;eor
       4466;20190328;   10;   9.5;   3.9;    3;   0.0;   0;    0.767;   0;   7.1;  10.4; 1027.01;    9.0;   90.25;   13.8;    5.7;    1.9;eor
       4466;20190329;   10;  12.6;   3.9;    3;   0.0;   0;    4.017;   0;   5.0;   9.0; 1023.90;    8.8;   80.50;   12.9;    4.2;   -0.2;eor
       4466;20190330;   10;  10.4;   3.8;    3;   0.0;   6;    9.367;   0;   2.1;   9.2; 1014.95;    8.9;   81.75;   17.3;    3.6;    0.3;eor
       4466;20190331;   10;  11.8;   3.9;    3;   0.0;   0;   10.767;   0;   2.5;   5.8; 1019.12;    5.8;   64.21;   10.1;   -0.1;   -3.6;eor
       4466;20190401;   10;   9.7;   3.5;    3;   0.0;   0;   11.850;   0;   0.5;   5.6; 1020.15;    4.2;   69.88;    9.2;   -1.5;   -5.6;eor
       4466;20190402;   10;  11.2;   4.2;    3;   1.6;   6;    9.817;   0;   3.8;   6.4; 1003.93;    8.5;   57.38;   14.7;    2.8;    0.8;eor
       4466;20190403;   10;   7.5;   2.6;    3;   0.1;   6;    1.033;   0;   7.7;   9.8;  997.19;    9.0;   85.21;   11.7;    5.7;    4.0;eor
       4466;20190404;   10;  11.8;   2.4;    3;   0.0;   0;    4.700;   0;   7.1;   9.6;  994.65;    8.8;   84.71;   13.6;    4.8;    2.0;eor
       4466;20190405;   10;   9.0;   2.7;    3;   0.0;   0;    3.167;   0;   7.2;   9.2;  999.75;    8.7;   82.21;   14.5;    4.3;    2.1;eor
       4466;20190406;   10;  10.3;   3.3;    3;   0.0;   0;   10.517;   0;   2.3;   9.7; 1003.45;   10.3;   79.13;   16.6;    5.3;    1.9;eor
       4466;20190407;   10;   6.1;   2.8;    3;   0.0;   6;   11.933;   0;   2.6;   9.4; 1004.26;   10.9;   74.00;   17.7;    5.0;    2.8;eor
       4466;20190408;   10;  12.3;   4.5;    3;   0.0;   0;    8.033;   0;   3.8;   7.5; 1008.61;    8.2;   70.38;   11.7;    3.3;    1.4;eor
       4466;20190409;   10;  10.9;   3.7;    3;   0.0;   0;   10.100;   0;   1.5;   5.7; 1012.85;    4.7;   68.67;    9.6;   -0.3;   -4.1;eor
       4466;20190410;   10;  10.9;   3.8;    3;   0.0;   8;    8.433;   0;   3.4;   4.7; 1015.63;    3.2;   63.21;    8.7;   -1.6;   -4.6;eor
       4466;20190411;   10;   7.9;   2.4;    3;   1.0;   8;    0.000;   0;   7.4;   6.3; 1021.26;    3.4;   80.63;    5.2;    1.0;   -0.6;eor
       4466;20190412;   10;  10.1;   2.9;    3;   1.4;   8;    4.783;   0;   5.6;   5.5; 1023.44;    2.9;   74.38;    7.5;   -0.5;   -4.4;eor
       4466;20190413;   10;  13.8;   5.0;    3;   0.6;   8;    0.150;   1;   6.9;   5.6; 1022.67;    2.6;   75.92;    4.5;   -0.4;   -2.9;eor
       4466;20190414;   10;  12.4;   5.1;    3;   0.1;   6;    1.000;   0;   6.7;   6.4; 1023.91;    5.0;   73.50;    7.9;    2.8;    2.1;eor
       4466;20190415;   10;  12.0;   5.7;    3;   0.0;   0;   12.367;   0;   2.6;   6.2; 1024.49;    5.7;   67.79;    9.4;    3.3;    1.5;eor
       4466;20190416;   10;  12.4;   5.6;    3;   0.0;   0;   12.783;   0;   0.9;   6.5; 1019.63;    6.0;   69.42;   10.0;    1.4;   -1.4;eor
       4466;20190417;   10;  11.2;   4.8;    3;   0.0;   0;   13.200;   0;   0.3;   7.0; 1022.96;    8.5;   65.33;   13.4;    3.9;    1.5;eor
       4466;20190418;   10;  11.7;   4.6;    3;   0.0;   0;   13.483;   0;   0.0;   7.7; 1027.10;    9.7;   66.92;   15.4;    4.5;    2.5;eor
       4466;20190419;   10;  10.6;   4.1;    3;   0.0;   0;   13.583;   0;   0.1;   7.4; 1028.79;   10.1;   62.17;   16.7;    4.9;    1.5;eor
       4466;20190420;   10;   6.9;   2.7;    3;   0.0;   0;   13.867;   0;   1.3;   6.0; 1026.99;   10.4;   51.46;   17.3;    3.2;   -1.5;eor
       4466;20190421;   10;   7.1;   2.6;    3;   0.0;   0;   14.033;   0;   1.0;   6.9; 1018.39;   11.4;   53.63;   19.9;    2.4;   -2.9;eor
       4466;20190422;   10;  15.1;   4.9;    3;   0.0;   0;   13.933;   0;   0.0;   7.8; 1011.66;   11.3;   60.46;   18.3;    5.2;   -0.1;eor
       4466;20190423;   10;  19.9;   7.3;    3;   0.2;   6;   13.383;   0;   1.1;   8.8; 1004.48;   11.8;   64.46;   15.6;    8.7;    6.9;eor
       4466;20190424;   10;  12.6;   5.1;    3;   0.3;   6;    6.567;   0;   4.0;  11.5;  998.82;   13.5;   74.83;   19.3;    9.9;    8.4;eor
       4466;20190425;   10;  11.3;   3.6;    3;   0.0;   0;   10.833;   0;   5.0;  11.2; 1002.97;   15.7;   65.83;   22.0;   11.1;    9.7;eor
       4466;20190426;   10;  14.6;   4.0;    3;   5.5;   6;    2.533;   0;   7.1;  12.1; 1004.43;   12.7;   82.38;   16.4;    9.4;    9.2;eor
       4466;20190427;   10;   8.1;   2.6;    3;   1.4;   6;    4.767;   0;   6.6;  11.3; 1004.95;   11.6;   83.67;   17.9;    8.7;    8.0;eor
       4466;20190428;   10;   8.1;   2.9;    3;   0.4;   6;    0.000;   0;   7.8;  10.3; 1011.74;    9.1;   88.75;   10.9;    7.1;    5.0;eor
       4466;20190429;   10;   9.2;   3.4;    3;   0.1;   6;    8.367;   0;   4.1;   9.6; 1016.88;   11.3;   74.71;   17.6;    5.0;    1.3;eor
       4466;20190430;   10;  11.1;   3.9;    3;   0.0;   6;    9.983;   0;   4.3;   8.9; 1014.76;   12.5;   64.17;   21.7;    4.6;    1.1;eor
       4466;20190501;    3;  14.2;   5.7;    3;   0.0;   6;    0.000;   0;   8.0;   9.9; 1007.81;    8.6;   88.42;    9.8;    7.9;    7.9;eor
       4466;20190502;    3;  15.2;   5.8;    3;   1.6;   6;    0.550;   0;   6.5;   8.8;  999.16;    7.9;   82.13;   10.6;    3.5;    1.5;eor
       4466;20190503;    3;  17.7;   5.2;    3;   1.7;   8;    7.650;   0;   3.7;   6.5; 1000.64;    5.9;   70.38;   11.1;    2.3;    0.1;eor
       4466;20190504;    3;  12.2;   3.0;    3;   1.8;   8;    5.567;   0;   4.3;   6.4; 1001.50;    4.7;   76.29;   10.0;    0.9;   -2.6;eor
       4466;20190505;    3;  12.1;   4.1;    3;   5.2;   6;    7.700;   0;   4.1;   6.5; 1009.93;    6.6;   69.17;   13.2;   -0.1;   -4.1;eor
       4466;20190506;    3;  16.1;   4.9;    3;   1.5;   6;    9.283;   0;   4.2;   7.4; 1009.10;    6.8;   75.71;   11.4;    2.1;   -0.9;eor
       4466;20190507;    3;  12.1;   3.5;    3;   1.3;   8;   10.417;   0;   4.0;   6.4; 1009.82;    7.1;   65.75;   12.5;    1.5;   -2.2;eor
       4466;20190508;    3;   9.9;   3.0;    3;  12.0;   6;    5.650;   0;   6.5;   8.5;  998.75;    9.6;   72.08;   13.6;    5.0;    3.3;eor
       4466;20190509;    3;   9.6;   3.0;    3;   3.3;   6;    5.717;   0;   6.7;  11.2;  992.06;   12.1;   80.92;   17.9;    9.2;    7.3;eor
       4466;20190510;    3;  10.5;   3.4;    3;   1.5;   6;    0.767;   0;   6.3;   9.6; 1000.98;    8.8;   83.88;   11.9;    2.4;    0.0;eor
       4466;20190511;    3;  10.4;   3.2;    3;   0.0;   0;   13.683;   0;   1.1;   6.8; 1010.85;    8.5;   65.17;   15.5;    0.7;   -1.4;eor
       4466;20190512;    3;  12.8;   5.0;    3;   0.0;   0;   14.717;   0;   0.8;   7.1; 1024.61;    8.9;   64.83;   15.1;    2.7;   -0.5;eor
       4466;20190513;    3;  13.3;   4.7;    3;   0.0;   0;   13.017;   0;   0.9;   7.1; 1031.43;    9.2;   63.17;   15.5;    4.3;    1.8;eor
       4466;20190514;    3;   7.9;   2.2;    3;   0.0;   0;   10.333;   0;   3.3;   7.1; 1029.13;    9.2;   63.75;   15.8;    3.4;    0.7;eor
       4466;20190515;    3;   8.8;   2.2;    3;   0.0;   0;   14.517;   0;   2.9;   6.8; 1023.30;   10.3;   57.92;   16.4;    2.2;   -0.6;eor
       4466;20190516;    3;  13.9;   4.7;    3;   0.7;   6;    2.850;   0;   7.2;   8.5; 1015.50;   11.8;   62.79;   17.8;    6.0;    4.0;eor
       4466;20190517;    3;  11.7;   4.4;    3;   0.1;   6;    0.150;   0;   7.9;  11.9; 1006.81;   10.4;   94.00;   13.4;    8.6;    8.5;eor
       4466;20190518;    3;  12.0;   4.5;    3;   0.0;   0;    6.700;   0;   5.3;  13.1; 1003.69;   13.2;   87.04;   18.8;    9.4;    9.6;eor
       4466;20190519;    3;   9.5;   4.1;    3;   0.0;   6;    7.900;   0;   5.6;  14.3; 1002.53;   14.1;   89.17;   19.7;   10.9;   11.1;eor
       4466;20190520;    3;   8.5;   3.5;    3;   0.0;   6;    7.550;   0;   6.5;  15.3; 1001.22;   16.9;   81.04;   22.7;   12.2;   12.4;eor
       4466;20190521;    3;  10.8;   3.9;    3;  25.6;   6;    1.150;   0;   7.6;  15.3; 1001.90;   15.4;   87.50;   20.5;   10.9;   11.0;eor
       4466;20190522;    3;  12.7;   5.4;    3;   0.6;   6;    4.033;   0;   6.4;  11.3; 1009.17;   10.9;   87.33;   15.4;    7.6;    5.0;eor
       4466;20190523;    3;  12.8;   3.7;    3;   0.0;   0;   12.767;   0;   5.1;  10.3; 1011.00;   13.9;   68.25;   20.3;    7.3;    6.3;eor
       4466;20190524;    3;  15.9;   4.7;    3;   0.0;   0;   10.617;   0;   5.5;  10.7; 1006.70;   13.4;   70.71;   19.9;    8.3;    4.8;eor
       4466;20190525;    3;  10.3;   4.1;    3;   0.0;   6;    0.450;   0;   7.4;  10.2; 1008.78;   11.6;   75.04;   15.5;    9.0;    8.3;eor
       4466;20190526;    3;  14.5;   4.7;    3;  21.5;   6;    0.000;   0;   7.9;  13.5; 1001.89;   12.0;   94.71;   13.9;    9.2;    8.7;eor
       4466;20190527;    3;  14.6;   5.4;    3;   0.0;   6;    4.767;   0;   5.7;  11.5;  999.29;   13.0;   77.21;   16.4;    9.5;    8.5;eor
       4466;20190528;    3;  11.4;   3.7;    3;   0.0;   6;    9.583;   0;   4.5;   8.7; 1003.44;   11.3;   66.58;   16.7;    4.7;    1.5;eor
       4466;20190529;    3;   8.8;   2.8;    3;   0.0;   6;   13.583;   0;   3.1;   7.2; 1014.87;   10.7;   58.25;   16.1;    4.1;    0.4;eor
       4466;20190530;    3;  12.6;   4.6;    3;   5.5;   6;    0.000;   0;   7.6;  12.5; 1013.29;   12.9;   81.46;   15.5;    9.2;    7.8;eor
       4466;20190531;    3;  12.7;   3.8;    3;   0.0;   6;    0.017;   0;   7.7;  15.6; 1015.09;   15.4;   89.00;   18.6;   12.4;   10.7;eor
       4466;20190601;    3;  13.1;   4.2;    3;   0.0;   6;    7.100;   0;   7.1;  13.8; 1014.35;   15.3;   79.88;   19.8;    9.9;    7.6;eor
       4466;20190602;    3;   9.1;   2.5;    3;   0.0;   0;    9.333;   0;   5.5;  15.3; 1009.20;   18.5;   73.42;   28.6;    9.2;    6.9;eor
       4466;20190603;    3;  11.3;   3.1;    3;   0.2;   6;    5.383;   0;   6.2;  14.9; 1006.30;   18.4;   70.67;   24.3;   11.4;    8.6;eor
       4466;20190604;    3;   9.9;   3.2;    3;   5.0;   6;    7.217;   0;   5.5;  13.0; 1007.05;   15.1;   76.33;   18.6;    9.9;    7.1;eor
       4466;20190605;    3;   9.6;   2.9;    3;   0.0;   6;    7.867;   0;   6.5;  18.0; 1002.31;   20.4;   75.63;   25.1;   16.0;   15.2;eor
       4466;20190606;    3;  13.7;   3.9;    3;   1.8;   6;    4.317;   0;   5.0;  15.7; 1003.45;   17.5;   77.63;   25.5;   10.2;    8.3;eor
       4466;20190607;    3;  10.3;   3.1;    3;   0.9;   6;   13.067;   0;   4.5;  12.2; 1007.90;   15.5;   70.92;   19.8;   10.1;    8.7;eor
       4466;20190608;    3;  16.3;   5.7;    3;   2.4;   6;    1.667;   0;   6.9;  12.3; 1007.81;   14.8;   73.13;   16.6;   12.5;   11.4;eor
       4466;20190609;    3;  12.9;   3.8;    3;   0.2;   6;    7.250;   0;   6.7;  11.6; 1015.95;   15.4;   67.42;   20.4;   12.1;   10.1;eor
       4466;20190610;    1;  12.0;   4.1;    1;  12.8;   6;    0.000;   0;   7.7;  14.0; 1010.74;   14.6;   84.00;   16.6;   13.2;   12.6;eor
       4466;20190611;    1;  10.2;   3.0;    1;   6.3;   6;    0.867;   0;   7.2;  16.4; 1005.82;   15.6;   92.17;   20.4;   13.1;   11.4;eor
       4466;20190612;    1;  11.4;   3.3;    1;   4.8;   6;    0.000;   0;   7.6;  17.0; 1004.12;   15.7;   95.00;   18.4;   14.0;   12.8;eor
       4466;20190613;    1;  12.3;   3.3;    1;   0.5;   6;   10.283;   0;   3.5;  13.1; 1006.28;   17.2;   69.17;   22.1;   12.0;   10.6;eor
       4466;20190614;    1;  14.0;   2.7;    1;   2.0;   6;   11.750;   0;   4.6;  14.7; 1010.11;   18.5;   70.75;   25.0;   12.0;    9.8;eor
       4466;20190615;    1;  12.1;   3.3;    1;   6.5;   6;    0.550;   0;   7.8;  17.2; 1006.06;   16.5;   91.21;   19.9;   13.8;   12.8;eor
       4466;20190616;    1;   8.9;   2.5;    1;   0.4;   6;    8.883;   0;   6.5;  14.3; 1013.22;   16.9;   76.08;   22.5;   11.6;    9.7;eor
       4466;20190617;    1;  10.3;   2.9;    1;   0.0;   0;   13.767;   0;   1.3;  15.0; 1014.96;   18.6;   71.92;   24.5;   11.7;    9.4;eor
       4466;20190618;    1;  10.5;   2.5;    1;   5.0;   6;    9.450;   0;   6.2;  17.6; 1009.50;   21.4;   70.54;   28.2;   16.0;   14.6;eor
       4466;20190619;    1;   9.5;   2.7;    1;   4.7;   6;    7.000;   0;   5.5;  19.2; 1002.69;   20.1;   83.04;   27.5;   15.2;   13.8;eor
       4466;20190620;    1;  10.5;   3.4;    1;   1.6;   6;    3.400;   0;   6.4;  16.4; 1003.82;   17.1;   84.29;   20.8;   12.3;   10.7;eor
       4466;20190621;    1;  11.0;   3.2;    1;   1.7;   6;    8.800;   0;   3.5;  12.8; 1011.84;   15.1;   76.21;   19.8;    9.8;    7.0;eor
       4466;20190622;    1;   6.5;   2.2;    1;   0.0;   0;   12.783;   0;   3.1;  11.2; 1018.54;   14.4;   70.63;   19.9;    8.5;    6.3;eor
       4466;20190623;    1;   9.8;   3.6;    1;   0.0;   0;   15.583;   0;   3.8;  13.4; 1018.62;   16.7;   71.83;   21.4;    9.5;    6.7;eor
       4466;20190624;    1;  10.7;   4.3;    1;   0.0;   0;   13.617;   0;   7.1;  14.9; 1018.76;   19.3;   68.00;   23.3;   15.3;   14.0;eor
       4466;20190625;    1;   7.6;   2.6;    1;   0.0;   0;   13.983;   0;   5.4;  18.2; 1014.65;   23.4;   65.00;   31.6;   14.5;   12.1;eor
       4466;20190626;    1;  13.7;   4.9;    1;   0.0;   0;   11.783;   0;   3.5;  18.3; 1015.49;   21.3;   72.13;   27.9;   13.0;   12.6;eor
       4466;20190627;    1;  14.6;   5.7;    1;   0.0;   0;    3.717;   0;   6.8;  12.6; 1019.70;   15.0;   73.83;   18.5;   11.9;   10.8;eor
       4466;20190628;    1;   8.4;   3.2;    1;   0.0;   0;   11.717;   0;   3.0;  13.5; 1019.33;   16.3;   74.46;   22.8;    9.9;    7.5;eor
       4466;20190629;    1;   6.4;   2.4;    1;   0.0;   0;   14.183;   0;   1.2;  13.4; 1014.30;   19.1;   64.75;   26.8;   10.5;    7.9;eor
       4466;20190630;    1;  15.9;   4.5;    1;   0.0;   0;   14.867;   0;   1.9;  16.4; 1005.76;   20.7;   69.38;   30.7;   14.2;   11.7;eor
       4466;20190701;    1;  18.3;   5.1;    1;   2.0;   6;    4.533;   0;   5.5;  14.9; 1007.30;   16.7;   79.42;   22.4;   13.3;   12.3;eor
       4466;20190702;    1;  16.6;   5.6;    1;   1.4;   6;    6.683;   0;   5.5;  10.9; 1013.28;   13.6;   70.54;   17.5;    9.7;    7.9;eor
       4466;20190703;    1;  12.6;   4.3;    1;   0.0;   6;    7.817;   0;   4.2;  10.7; 1016.68;   13.8;   69.38;   18.8;    8.1;    5.5;eor
       4466;20190704;    1;  15.2;   4.8;    1;   3.8;   6;    0.067;   0;   7.0;  13.2; 1014.01;   13.3;   85.83;   16.4;    7.7;    4.7;eor
       4466;20190705;    1;  10.9;   3.9;    1;   1.6;   6;    0.650;   0;   7.3;  15.0; 1007.73;   14.5;   90.75;   18.5;   12.4;   12.3;eor
       4466;20190706;    1;  17.2;   5.0;    1;   3.5;   6;    2.033;   0;   7.3;  13.8; 1001.46;   14.5;   84.08;   17.9;   11.9;   10.8;eor
       4466;20190707;    1;  14.7;   5.2;    1;   1.1;   6;    0.800;   0;   7.4;  10.9; 1004.86;   13.1;   72.79;   17.4;   10.0;    9.5;eor
       4466;20190708;    1;  11.7;   3.9;    1;   0.0;   6;    3.117;   0;   7.5;  11.6; 1009.03;   13.1;   78.29;   18.5;    9.1;    6.8;eor
       4466;20190709;    1;  12.0;   3.9;    1;   0.0;   0;    5.233;   0;   6.1;  11.8; 1011.63;   13.9;   75.67;   19.2;    9.1;    7.2;eor
