STATIONS_ID;MESS_DATUM;QN_3;  FX;  FM;QN_4; RSK;RSKF; SDK;SHK_TAG;  NM; VPM;  PM; TMK; UPM; TXK; TNK; TGK;eor
       2564;20180106;   10;   9.2;   3.4;    3;   0.2;   6;    0.000;   0;   7.4;   7.1; 1004.79;    3.5;   89.79;    5.3;    1.2;   -0.1;eor
       2564;20180107;   10;  10.4;   3.2;    3;   0.0;   0;    5.117;   0;   0.3;   4.5; 1027.65;   -0.7;   78.17;    2.1;   -6.4;   -8.8;eor
       2564;20180108;   10;   8.9;   2.7;    3;   0.0;   0;    5.133;   0;   0.0;   4.3; 1030.74;   -0.9;   75.92;    2.1;   -5.8;   -9.6;eor
       2564;20180109;   10;  12.6;   4.9;    3;   0.0;   6;    1.467;   0;   3.1;   4.4; 1015.55;    2.3;   60.67;    3.7;    0.3;   -1.5;eor
       2564;20180110;   10;   5.2;   2.0;    3;   0.0;   6;    0.600;   0;   6.9;   6.5; 1008.40;    3.0;   84.79;    5.1;    1.7;   -0.2;eor
       2564;20180111;   10;   8.5;   3.3;    3;   4.9;   6;    0.000;   0;   7.8;   7.5; 1015.02;    3.2;   97.58;    4.3;    1.2;   -0.2;eor
       2564;20180112;   10;   9.1;   3.8;    3;   0.2;   8;    0.000;   0;   7.9;   6.5; 1025.41;    2.4;   90.00;    2.9;    1.3;    0.8;eor
       2564;20180113;   10;   9.7;   3.5;    3;   0.0;   6;    0.000;   0;   7.9;   5.6; 1027.62;    0.9;   86.00;    1.6;   -0.6;   -0.9;eor
       2564;20180114;   10;   9.9;   3.9;    3;   0.0;   0;    4.717;   0;   3.4;   4.4; 1023.69;   -0.3;   74.33;    0.8;   -2.0;   -3.4;eor
       2564;20180115;   10;  13.5;   5.0;    3;   5.4;   8;    0.100;   0;   5.0;   5.6; 1002.60;    0.9;   84.50;    3.3;   -1.9;   -3.4;eor
       2564;20180116;   10;  13.8;   4.2;    3;   6.0;   8;    0.417;   0;   7.1;   7.1;  982.30;    2.9;   94.17;    5.3;    0.6;   -0.1;eor
       2564;20180117;   10;  12.0;   3.8;    3;   2.6;   8;    1.317;   0;   5.9;   6.4;  987.79;    1.5;   94.04;    2.8;    0.6;   -1.2;eor
       2564;20180118;   10;  14.4;   4.6;    3;   6.1;   8;    0.000;   0;   7.8;   6.6;  988.43;    1.5;   96.92;    2.5;    0.4;    0.0;eor
       2564;20180119;   10;   8.5;   2.9;    3;   1.6;   8;    1.967;   0;   6.8;   6.6;  999.07;    1.5;   96.63;    3.3;    0.6;   -0.7;eor
       2564;20180120;   10;   8.5;   2.6;    3;   1.2;   8;    0.000;   0;   7.8;   6.4;  999.86;    1.6;   93.58;    2.1;    0.9;    0.4;eor
       2564;20180121;   10;   7.4;   1.7;    3;   0.0;   8;    1.150;   0;   7.1;   5.9; 1008.92;   -0.3;   98.79;    1.5;   -2.4;   -3.9;eor
       2564;20180122;   10;   7.9;   2.6;    3;   0.2;   8;    0.000;   0;   7.9;   6.0; 1006.40;    0.4;   95.33;    1.1;   -0.7;   -0.8;eor
       2564;20180123;   10;  12.5;   3.1;    3;   2.8;   6;    0.017;   0;   7.7;   7.8; 1012.67;    3.9;   96.08;    7.9;    0.9;    0.5;eor
       2564;20180124;   10;  17.8;   6.0;    3;   3.7;   6;    0.000;   0;   7.7;  11.3; 1004.40;   10.3;   89.79;   13.1;    6.9;    6.3;eor
       2564;20180125;   10;  10.8;   3.7;    3;   0.0;   6;    0.000;   0;   7.0;   8.9; 1005.93;    7.3;   87.29;    8.3;    6.1;    4.4;eor
       2564;20180126;   10;   6.4;   1.9;    3;   0.0;   6;    0.900;   0;   6.8;   8.7; 1014.22;    5.4;   96.79;    7.2;    2.4;    0.3;eor
       2564;20180127;   10;  17.1;   3.8;    3;   4.7;   6;    0.000;   0;   7.9;   7.6; 1021.49;    5.0;   87.04;    6.1;    4.0;    3.7;eor
       2564;20180128;   10;  16.4;   6.9;    3;   2.3;   6;    2.483;   0;   5.6;   9.2; 1015.10;    7.3;   89.71;    8.5;    5.4;    4.7;eor
       2564;20180129;   10;  21.1;   8.0;    3;  11.0;   6;    0.000;   0;   7.4;   9.5; 1011.20;    7.6;   90.50;    9.8;    4.6;    3.3;eor
       2564;20180130;   10;  14.6;   6.2;    3;   0.0;   0;    3.017;   0;   5.0;   7.2; 1017.66;    5.1;   82.13;    6.6;    3.2;    2.0;eor
       2564;20180131;   10;  17.2;   4.4;    3;   7.2;   6;    0.000;   0;   6.7;   7.7;  997.69;    4.3;   91.83;    8.0;    2.3;    0.8;eor
       2564;20180201;   10;  13.1;   5.1;    3;   3.4;   8;    0.083;   0;   6.8;   6.4;  990.53;    2.7;   85.42;    4.0;    1.3;   -0.1;eor
       2564;20180202;   10;  10.4;   3.6;    3;   1.2;   8;    0.000;   0;   8.0;   7.0;  995.82;    2.7;   94.13;    4.2;    0.0;   -0.2;eor
       2564;20180203;   10;   7.8;   3.8;    3;   2.7;   8;    0.000;   0;   7.8;   5.0; 1003.01;   -0.8;   87.04;    0.5;   -1.5;   -1.5;eor
       2564;20180204;   10;  14.6;   6.9;    3;   0.6;   7;    0.000;   3;   7.7;   5.6; 1017.79;    0.6;   87.92;    1.5;   -1.4;   -2.4;eor
       2564;20180205;   10;   8.7;   3.8;    3;   0.0;   8;    0.400;   3;   7.5;   4.6; 1026.90;   -0.3;   77.63;    0.7;   -2.2;   -4.6;eor
       2564;20180206;   10;   5.3;   1.3;    3;   0.0;   0;    5.583;   0;   3.1;   4.0; 1016.15;   -2.6;   80.83;    0.9;   -8.5;  -12.6;eor
       2564;20180207;   10;   3.7;   1.0;    3;   0.0;   0;    6.917;   0;   0.1;   3.3; 1015.09;   -5.2;   82.21;    0.8;  -10.6;  -13.9;eor
       2564;20180208;   10;   5.9;   1.9;    3;   0.0;   0;    6.683;   0;   0.1;   3.7; 1016.87;   -2.8;   75.67;    1.4;   -7.4;  -11.4;eor
       2564;20180209;   10;   9.2;   2.5;    3;   0.0;   0;    6.617;   0;   0.0;   4.2; 1012.40;   -2.0;   80.63;    0.9;   -4.2;   -7.2;eor
       2564;20180210;   10;   7.1;   1.9;    3;   0.0;   8;    6.000;   0;   2.5;   4.8; 1010.18;   -1.0;   84.88;    2.6;   -5.7;  -11.1;eor
       2564;20180211;   10;  13.6;   4.8;    3;   4.9;   8;    0.183;   0;   7.3;   6.4;  994.23;    2.0;   90.75;    4.0;    0.5;    0.0;eor
       2564;20180212;   10;  12.8;   4.8;    3;   6.2;   8;    1.333;   0;   4.7;   6.2; 1001.15;    1.5;   90.42;    3.6;    0.3;   -1.9;eor
       2564;20180213;   10;   7.5;   2.7;    3;   0.0;   0;    7.350;   3;   1.3;   5.6; 1009.70;    0.9;   86.83;    4.4;   -1.7;   -8.8;eor
       2564;20180214;   10;   9.0;   2.5;    3;   0.0;   0;    7.650;   3;   0.0;   4.6; 1015.35;    0.5;   73.79;    4.4;   -3.1;  -10.5;eor
       2564;20180215;   10;  12.9;   4.5;    3;   1.1;   8;    0.000;   2;   7.0;   5.3; 1010.23;    0.8;   81.67;    2.4;   -0.4;   -1.0;eor
       2564;20180216;   10;  12.1;   4.1;    3;   0.1;   6;    3.967;   2;   4.5;   6.8; 1015.93;    3.4;   88.04;    5.9;    0.8;   -1.8;eor
       2564;20180217;   10;   6.0;   1.7;    3;   0.0;   0;    0.000;   0;   8.0;   6.8; 1021.74;    3.1;   88.67;    4.9;    1.5;    0.4;eor
       2564;20180218;   10;   8.4;   2.3;    3;   0.0;   0;    3.817;   0;   6.7;   5.1; 1022.87;    2.8;   69.21;    5.6;   -0.2;   -3.7;eor
       2564;20180219;   10;   4.7;   1.6;    3;   0.0;   8;    4.083;   0;   7.0;   5.9; 1016.85;    3.1;   77.08;    6.7;    0.5;   -1.0;eor
       2564;20180220;   10;   9.2;   3.0;    3;   0.0;   0;    6.850;   0;   3.0;   5.4; 1019.06;    1.8;   77.13;    4.4;   -2.9;   -5.0;eor
       2564;20180221;   10;   5.7;   1.6;    3;   1.1;   8;    1.450;   0;   4.6;   5.2; 1024.05;   -0.7;   89.71;    3.6;   -4.2;   -7.0;eor
       2564;20180222;   10;   7.2;   2.1;    3;   0.3;   8;    0.500;   1;   6.5;   5.6; 1024.07;    0.3;   89.63;    2.4;   -0.8;   -2.6;eor
       2564;20180223;   10;   9.6;   3.5;    3;   0.0;   8;    8.383;   0;   1.8;   4.3; 1025.02;   -0.6;   73.33;    1.3;   -3.1;   -6.3;eor
       2564;20180224;   10;  13.3;   5.5;    3;   0.9;   7;    2.667;   0;   7.2;   4.5; 1029.54;   -0.3;   74.38;    1.5;   -2.0;   -2.7;eor
       2564;20180225;   10;  12.7;   5.0;    3;   0.0;   7;    0.300;   1;   7.3;   3.7; 1031.25;   -2.8;   75.00;   -1.8;   -3.8;   -5.3;eor
       2564;20180226;   10;  13.9;   7.1;    3;   0.0;   8;    5.250;   1;   6.4;   3.4; 1028.94;   -2.5;   67.17;   -0.3;   -4.6;   -6.2;eor
       2564;20180227;   10;  14.1;   6.4;    3;   0.2;   8;    1.433;   0;   6.7;   3.1; 1022.84;   -3.7;   67.17;   -2.1;   -6.9;   -9.0;eor
       2564;20180228;   10;  15.3;   5.5;    3;   0.0;   7;    6.017;   0;   5.2;   2.4; 1026.02;   -6.6;   62.92;   -4.4;   -8.6;  -10.7;eor
       2564;20180301;   10;  13.8;   5.7;    3;   0.3;   7;    4.200;   0;   5.8;   3.1; 1018.07;   -4.8;   73.38;   -2.9;   -6.7;   -8.3;eor
       2564;20180302;   10;  14.7;   4.9;    3;   0.5;   7;    2.017;   0;   5.3;   3.0; 1006.42;   -5.8;   75.75;   -3.9;   -7.7;   -9.6;eor
       2564;20180303;   10;  12.2;   4.7;    3;   0.0;   0;    9.217;   1;   0.0;   2.8; 1003.66;   -5.0;   66.50;   -2.4;   -7.9;   -9.7;eor
       2564;20180304;   10;   9.2;   3.8;    3;   2.2;   8;    4.117;   1;   4.4;   3.3;  999.39;   -2.8;   65.42;    0.9;   -6.2;   -8.4;eor
       2564;20180305;   10;   8.8;   2.6;    3;   0.0;   6;    2.917;   1;   4.8;   6.4;  992.05;    3.5;   80.63;   10.1;   -0.4;   -3.2;eor
       2564;20180306;   10;   9.3;   2.8;    3;   0.0;   0;    8.350;   0;   0.8;   6.1;  991.33;    3.1;   81.50;    7.9;   -1.5;   -4.0;eor
       2564;20180307;   10;   4.4;   2.1;    3;   6.6;   8;    0.000;   0;   6.1;   6.2;  992.11;    0.5;   97.92;    2.0;   -1.7;   -2.7;eor
       2564;20180308;   10;   9.1;   2.2;    3;   5.5;   8;    1.867;   1;   7.0;   7.2;  993.84;    3.0;   94.79;    7.6;    0.2;    0.0;eor
       2564;20180309;   10;  10.9;   3.8;    3;   0.3;   6;    1.200;   0;   5.9;   6.8;  998.94;    2.6;   92.67;    5.5;   -2.8;   -5.0;eor
       2564;20180310;   10;   7.5;   2.9;    3;   6.7;   6;    0.000;   0;   7.9;   7.0;  999.98;    2.4;   96.38;    4.1;   -1.1;   -1.7;eor
       2564;20180311;   10;   6.7;   1.9;    3;   0.6;   6;    2.617;   0;   7.0;  10.7;  993.58;    9.1;   92.29;   13.8;    3.6;    2.8;eor
       2564;20180312;   10;   3.3;   1.1;    3;   7.1;   6;    0.000;   0;   7.0;   9.6;  988.94;    6.3;   99.96;    9.1;    3.9;    1.7;eor
       2564;20180313;   10;   8.4;   3.6;    3;   0.3;   6;    0.000;   0;   7.9;   8.4;  994.74;    5.0;   95.08;    8.6;    2.8;    2.6;eor
       2564;20180314;   10;   6.4;   3.0;    3;   0.0;   6;    0.000;   0;   7.8;   6.3; 1008.09;    2.5;   85.83;    4.1;    0.2;   -1.7;eor
       2564;20180315;   10;  17.8;   7.3;    3;   0.0;   0;    0.633;   0;   8.0;   5.5; 1006.73;    1.9;   79.04;    3.0;    0.7;    0.0;eor
       2564;20180316;   10;  22.4;  11.7;    3;   0.4;   8;    0.350;   0;   7.7;   4.2; 1010.06;   -0.3;   68.92;    1.0;   -3.7;   -3.8;eor
       2564;20180317;   10;  24.9;  12.0;    3;   0.0;   8;    3.533;   2;   6.3;   3.5; 1015.75;   -2.4;   68.63;   -1.3;   -4.1;   -4.2;eor
       2564;20180318;   10;  18.4;   9.1;    3;   0.0;   0;    9.850;   0;   2.7;   3.2; 1017.87;   -1.7;   58.38;    0.2;   -3.8;   -5.0;eor
       2564;20180319;   10;   7.7;   2.7;    3;   0.0;   8;   11.267;   0;   1.5;   3.6; 1013.88;   -0.1;   62.00;    4.1;   -6.8;  -10.8;eor
       2564;20180320;   10;  13.9;   5.5;    3;   0.0;   0;   11.483;   0;   1.8;   5.0; 1015.80;    1.7;   73.13;    5.5;   -3.9;   -7.3;eor
       2564;20180321;   10;  10.7;   3.4;    3;   2.3;   8;    0.133;   0;   5.2;   5.9; 1020.18;    1.6;   84.71;    6.2;   -4.6;   -7.8;eor
       2564;20180322;   10;  14.5;   3.9;    3;   0.2;   6;    0.000;   0;   8.0;   7.9; 1006.04;    4.2;   94.67;    7.0;    1.4;    0.8;eor
       2564;20180323;   10;   5.5;   1.9;    3;   0.1;   8;    0.367;   0;   8.0;   6.9; 1002.97;    3.7;   86.63;    6.5;    1.5;    1.0;eor
       2564;20180324;   10;   3.9;   1.5;    3;   0.0;   0;    0.000;   0;   7.9;   7.7; 1001.45;    5.9;   82.58;    8.4;    3.7;    3.0;eor
       2564;20180325;   10;   6.1;   1.9;    3;   0.0;   6;    0.000;   0;   7.9;   7.4; 1004.94;    6.5;   76.83;    8.3;    3.9;    3.6;eor
       2564;20180326;   10;   6.8;   3.2;    3;   0.0;   6;    0.533;   0;   7.4;   7.0; 1010.55;    3.5;   89.75;    6.7;   -0.1;    0.1;eor
       2564;20180327;   10;   5.9;   2.2;    3;   0.0;   6;    1.467;   0;   7.8;   7.1; 1010.17;    3.5;   90.08;    7.2;    0.9;    0.4;eor
       2564;20180328;   10;  13.6;   5.4;    3;   8.7;   8;    0.000;   0;   7.2;   6.3; 1001.86;    2.5;   86.54;    4.6;    0.2;    0.0;eor
       2564;20180329;   10;  11.4;   4.1;    3;   0.8;   8;    0.000;   8;   7.8;   6.2;  999.57;    0.6;   96.33;    1.1;    0.2;   -0.1;eor
       2564;20180330;   10;  10.2;   3.6;    3;   0.0;   0;   12.250;   2;   1.5;   5.7; 1004.82;    1.4;   84.13;    4.6;   -3.5;   -6.9;eor
       2564;20180331;   10;  13.0;   6.3;    3;   3.1;   8;    0.000;   0;   7.4;   5.9; 1000.79;    1.4;   87.83;    2.7;    0.2;    0.0;eor
       2564;20180401;   10;   8.1;   3.5;    3;   1.2;   8;    2.850;   3;   5.8;   6.0; 1002.83;    1.3;   90.13;    5.6;   -1.2;   -3.8;eor
       2564;20180402;   10;   7.8;   3.1;    3;   5.6;   6;    8.333;   0;   4.5;   5.7; 1004.78;    3.3;   73.96;    7.6;   -1.8;   -4.0;eor
       2564;20180403;   10;   7.7;   2.4;    3;   2.1;   6;    1.100;   0;   7.5;  10.8;  996.51;    9.1;   92.50;   13.6;    3.2;    2.6;eor
       2564;20180404;   10;  13.0;   3.0;    3;   5.0;   6;    4.667;   0;   5.7;  10.6;  996.95;   11.4;   79.67;   16.4;    8.2;    6.3;eor
       2564;20180405;   10;  16.3;   5.1;    3;   0.2;   6;    0.867;   0;   5.2;   8.7; 1001.92;    7.0;   86.08;   11.6;    3.0;    1.4;eor
       2564;20180406;   10;   9.1;   3.5;    3;   0.0;   0;   10.417;   0;   3.1;   7.1; 1018.22;    6.9;   72.17;   12.1;    2.5;    1.2;eor
       2564;20180407;   10;   9.6;   2.9;    3;   0.0;   0;    9.483;   0;   0.0;   6.9; 1011.13;   11.2;   52.42;   17.1;    5.6;    3.4;eor
       2564;20180408;   10;   5.1;   2.0;    3;   0.0;   0;   11.800;   0;   1.7;   9.4; 1005.23;   15.8;   53.58;   23.3;    8.6;    2.8;eor
       2564;20180409;   10;   9.7;   3.2;    3;   0.0;   0;    6.833;   0;   6.5;  11.1; 1003.85;   13.2;   73.38;   16.9;    7.3;    6.8;eor
       2564;20180410;   10;  17.4;   8.4;    3;   0.0;   0;    1.050;   0;   7.1;   8.2; 1007.48;    5.5;   90.71;    8.6;    4.1;    4.0;eor
       2564;20180411;   10;  16.8;   9.1;    3;   0.0;   0;    0.000;   0;   7.5;   7.1; 1011.69;    4.4;   85.50;    5.9;    3.6;    2.8;eor
       2564;20180412;   10;  17.0;   7.9;    3;   0.2;   6;    6.033;   0;   6.2;   8.0; 1006.65;    6.1;   85.13;    9.3;    3.7;    2.7;eor
       2564;20180413;   10;  11.9;   6.1;    3;  11.1;   6;    0.267;   0;   7.0;   9.3; 1005.03;    7.1;   91.83;    9.9;    5.1;    4.9;eor
       2564;20180414;   10;  10.2;   3.5;    3;   2.6;   6;    0.000;   0;   7.8;   9.9; 1010.42;    7.2;   97.58;    8.3;    5.3;    5.1;eor
       2564;20180415;   10;   6.0;   2.0;    3;   2.6;   6;    0.000;   0;   6.6;  10.2; 1011.66;    8.5;   92.33;   10.4;    5.3;    3.1;eor
       2564;20180416;   10;  10.6;   2.1;    3;  13.3;   6;    5.233;   0;   5.4;  11.1; 1011.55;   10.2;   89.67;   17.3;    4.4;    3.0;eor
       2564;20180417;   10;   9.4;   3.1;    3;   0.0;   0;   11.533;   0;   1.3;   9.8; 1021.54;   11.8;   72.75;   17.1;    6.0;    3.4;eor
       2564;20180418;   10;   9.9;   2.8;    3;   0.0;   0;   13.200;   0;   0.8;  12.1; 1027.38;   15.4;   68.96;   22.0;    8.9;    4.0;eor
       2564;20180419;   10;   5.7;   1.9;    3;   0.0;   0;   13.367;   0;   0.0;  13.0; 1026.72;   17.5;   68.50;   25.3;    7.9;    4.4;eor
       2564;20180420;   10;  12.6;   3.5;    3;   0.0;   0;   13.367;   0;   0.0;  12.4; 1018.07;   18.0;   62.46;   26.9;    9.5;    7.9;eor
       2564;20180421;   10;   8.6;   3.2;    3;   0.0;   0;   12.417;   0;   0.7;   9.9; 1017.40;   11.6;   74.17;   17.6;    6.3;    2.2;eor
       2564;20180422;   10;  10.5;   2.7;    3;   5.6;   6;    9.750;-999;   2.2;  10.0; 1011.30;   10.7;   79.04;   16.6;    3.4;    1.1;eor
       2564;20180423;   10;  15.9;   5.1;    3;   0.0;   6;    8.633;   0;   3.5;  11.5; 1007.00;   12.4;   80.00;   15.8;    8.0;    6.3;eor
       2564;20180424;   10;  15.9;   5.2;    3;  10.3;   6;    4.367;   0;   6.5;   9.8; 1006.95;   10.2;   79.17;   13.8;    7.8;    6.3;eor
       2564;20180425;   10;  12.9;   4.2;    3;   9.5;   6;    1.517;   0;   7.3;  10.5; 1001.63;    9.2;   90.08;   12.8;    6.7;    5.4;eor
       2564;20180426;   10;  14.9;   4.7;    3;   0.0;   6;    5.583;   0;   5.8;   8.9; 1006.88;    8.6;   80.04;   13.4;    5.6;    3.5;eor
       2564;20180427;   10;   8.1;   3.0;    3;   0.8;   6;    7.083;   0;   5.0;   8.5; 1008.88;    9.7;   71.42;   14.7;    5.3;    3.9;eor
       2564;20180428;   10;   9.7;   2.3;    3;   1.3;   6;    4.883;   0;   6.1;  10.4; 1006.58;   11.3;   78.42;   17.7;    4.8;    3.2;eor
       2564;20180429;   10;   9.9;   3.4;    3;   0.0;   6;    1.233;   0;   6.0;  10.2; 1007.70;    9.1;   88.67;   10.8;    6.5;    3.6;eor
       2564;20180430;   10;  16.5;   4.6;    3;   1.8;   6;    2.967;   0;   4.5;  10.5;  996.70;   11.0;   80.04;   14.3;    8.3;    5.7;eor
       2564;20180501;   10;  15.3;   5.0;    3;   9.4;   6;    0.000;-999;   5.9;   8.3; 1000.50;    7.6;   80.00;   11.2;    4.2;    2.3;eor
       2564;20180502;   10;  10.0;   2.8;    3;   0.0;   6;   13.500;-999;   0.9;   7.2; 1009.64;   10.5;   59.29;   16.4;    2.5;   -1.1;eor
       2564;20180503;   10;  13.2;   3.9;    3;   0.0;   0;   10.800;-999;   2.0;   7.9; 1012.73;    9.6;   67.13;   14.8;    2.4;   -0.3;eor
       2564;20180504;   10;   6.3;   1.9;    3;   0.0;   0;   14.183;-999;   0.0;   7.4; 1021.98;    8.3;   69.96;   13.9;    1.1;   -2.2;eor
       2564;20180505;   10;   6.6;   2.3;    3;   0.0;   0;   14.050;-999;   0.0;   8.2; 1025.42;   10.6;   66.04;   16.3;    2.5;    0.1;eor
       2564;20180506;   10;   6.5;   2.5;    3;   0.0;   0;   15.083;-999;   0.0;   9.6; 1023.85;   14.2;   60.88;   20.3;    5.4;    2.3;eor
       2564;20180507;   10;   9.4;   2.7;    3;   0.0;   0;   15.083;-999;   0.0;  10.9; 1019.51;   16.4;   60.42;   22.5;    9.2;    4.3;eor
       2564;20180508;   10;  10.5;   3.1;    3;   0.0;   0;   14.983;-999;   0.0;  11.7; 1012.34;   17.6;   59.75;   24.2;   11.2;    6.6;eor
       2564;20180509;   10;  10.3;   3.1;    3;   0.0;   0;   14.733;-999;   0.0;  12.6; 1007.11;   18.1;   61.92;   25.3;   11.4;    7.5;eor
       2564;20180510;   10;   9.6;   3.2;    3;  11.9;   8;    7.117;-999;   6.4;  13.9; 1005.51;   16.1;   76.71;   25.2;   10.8;   10.3;eor
       2564;20180511;   10;   7.4;   3.2;    3;   0.0;   0;   11.083;-999;   4.4;  10.5; 1016.38;   13.0;   70.96;   16.0;   10.2;    9.4;eor
       2564;20180512;   10;   7.5;   3.1;    3;   0.0;   0;    7.083;-999;   5.5;  11.9; 1015.27;   14.4;   73.08;   18.4;   11.4;   10.5;eor
       2564;20180513;   10;  11.0;   4.5;    3;   0.0;   0;   11.267;-999;   2.0;  12.9; 1011.64;   14.6;   78.38;   20.8;   10.4;    9.1;eor
       2564;20180514;   10;   8.1;   3.8;    3;   0.0;   0;   15.117;-999;   0.0;  12.4; 1013.55;   15.7;   70.04;   20.9;   10.6;    9.2;eor
       2564;20180515;   10;   8.5;   3.2;    3;   0.0;   0;   13.183;-999;   2.9;  11.5; 1014.34;   15.5;   67.04;   20.8;    8.9;    6.1;eor
       2564;20180516;   10;   9.6;   3.7;    3;   0.0;   6;    9.400;-999;   3.9;  12.4; 1012.07;   17.0;   65.25;   22.1;    9.0;    8.2;eor
       2564;20180517;   10;   9.1;   4.0;    3;   0.0;   0;   12.000;-999;   2.3;  11.2; 1012.68;   12.4;   78.63;   16.7;    8.0;    6.9;eor
       2564;20180518;   10;   8.3;   3.1;    3;   0.0;   0;    7.417;-999;   4.5;  11.0; 1015.66;   12.0;   78.46;   16.5;    8.3;    7.4;eor
       2564;20180519;   10;   5.3;   2.0;    3;   0.0;   0;    6.083;-999;   6.3;  11.0; 1020.04;   12.8;   74.83;   17.0;    9.7;    7.2;eor
       2564;20180520;   10;  10.1;   3.5;    3;   0.0;   0;   15.550;-999;   0.0;   9.4; 1022.96;   15.2;   55.92;   20.2;    9.0;    5.4;eor
       2564;20180521;   10;  12.4;   4.4;    3;   0.0;   0;   14.933;-999;   0.0;  11.0; 1019.01;   14.5;   67.08;   19.8;    8.6;    5.0;eor
       2564;20180522;   10;   9.8;   3.6;    3;   0.0;   0;   15.133;-999;   0.4;  12.0; 1014.05;   16.2;   66.96;   21.7;   10.8;    9.1;eor
       2564;20180523;   10;   7.4;   2.9;    3;   0.0;   0;   15.733;-999;   0.0;  11.6; 1020.53;   16.5;   64.17;   22.0;    9.8;    6.8;eor
       2564;20180524;   10;  13.0;   5.0;    3;   0.0;   0;   15.933;-999;   0.0;  11.9; 1021.98;   16.5;   64.50;   21.2;    9.3;    6.0;eor
       2564;20180525;   10;  11.9;   4.7;    3;   0.0;   0;   14.283;-999;   0.1;  11.2; 1020.59;   16.4;   62.58;   21.0;   11.6;    8.8;eor
       2564;20180526;   10;   8.1;   3.4;    3;   0.0;   0;   15.450;-999;   0.8;  14.2; 1020.98;   16.6;   76.46;   21.9;   10.6;    8.0;eor
       2564;20180527;   10;   9.3;   4.4;    3;   3.0;   6;    0.250;-999;   7.4;  15.5; 1019.77;   15.3;   89.42;   17.9;   13.5;   12.4;eor
       2564;20180528;   10;   9.2;   3.9;    3;   0.1;   6;   10.883;-999;   5.2;  17.0; 1017.65;   17.6;   84.63;   21.4;   14.2;   13.9;eor
       2564;20180529;   10;  11.5;   4.8;    3;   0.0;   0;   14.800;-999;   1.2;  16.1; 1013.94;   19.9;   69.96;   26.5;   15.5;   13.5;eor
       2564;20180530;   10;   7.8;   4.0;    3;   0.0;   0;   14.467;-999;   1.0;  16.1; 1012.42;   19.5;   71.33;   25.4;   14.6;   12.5;eor
       2564;20180531;   10;  10.2;   4.9;    3;   0.0;   0;   14.250;-999;   0.1;  15.7; 1013.47;   18.4;   74.50;   23.9;   14.8;   13.9;eor
       2564;20180601;   10;   9.2;   4.3;    3;   0.0;   0;   15.000;-999;   0.1;  15.7; 1012.49;   18.5;   73.79;   23.3;   14.4;   13.0;eor
       2564;20180602;   10;   8.7;   2.9;    3;   0.0;   0;   12.183;-999;   1.8;  16.8; 1012.13;   19.4;   75.42;   25.5;   15.0;   12.7;eor
       2564;20180603;   10;   7.5;   3.3;    3;   0.0;   6;    2.850;-999;   6.8;  16.8; 1013.88;   17.8;   82.42;   21.3;   15.5;   14.1;eor
       2564;20180604;   10;   9.9;   4.3;    3;   0.0;   6;    6.617;-999;   5.0;  15.6; 1009.48;   16.8;   81.88;   22.5;   11.8;   10.6;eor
       2564;20180605;   10;   7.5;   3.2;    3;   0.0;   0;   13.033;-999;   2.3;  13.5; 1010.76;   16.7;   71.42;   21.4;   11.6;   10.3;eor
       2564;20180606;   10;  10.3;   3.6;    3;   0.0;   0;   16.133;-999;   0.3;  11.0; 1014.27;   18.3;   54.17;   23.5;   13.3;    8.4;eor
       2564;20180607;   10;   8.4;   3.2;    3;   0.0;   0;   16.400;-999;   0.0;  10.8; 1013.50;   19.8;   48.00;   25.3;   13.9;   10.8;eor
       2564;20180608;   10;   6.5;   3.1;    3;   0.0;   0;   14.267;-999;   0.4;  15.4; 1011.18;   19.5;   69.71;   24.4;   12.0;    9.3;eor
       2564;20180609;   10;   5.2;   2.3;    3;   0.0;   6;    6.517;-999;   5.7;  15.0; 1010.60;   20.0;   64.63;   24.7;   14.0;   11.3;eor
       2564;20180610;   10;   7.9;   2.8;    3;   0.7;   6;    0.550;-999;   7.3;  17.1; 1007.88;   18.4;   80.75;   21.7;   13.7;   12.6;eor
       2564;20180611;   10;  12.7;   5.1;    3;   0.0;   0;    6.217;-999;   6.7;  12.2; 1008.14;   15.9;   67.67;   20.3;   12.9;   11.4;eor
       2564;20180612;   10;  10.6;   4.8;    3;   0.0;   6;    0.100;-999;   8.0;  11.5; 1006.90;   14.0;   71.96;   17.0;   11.6;   11.5;eor
       2564;20180613;   10;  11.6;   4.9;    3;   0.0;   6;    3.083;-999;   7.1;  11.0; 1008.86;   14.2;   68.42;   18.9;   10.5;    7.5;eor
       2564;20180614;   10;  10.7;   3.5;    3;   3.2;   6;    7.250;-999;   5.8;  12.3; 1009.77;   16.3;   68.38;   23.1;   10.8;   10.0;eor
       2564;20180615;   10;   7.7;   2.3;    3;   0.1;   6;   11.650;-999;   2.1;  11.9; 1013.37;   16.5;   65.46;   21.2;   11.9;    9.8;eor
       2564;20180616;   10;   9.8;   1.9;    3;  11.8;   6;    4.700;-999;   6.1;  15.1; 1011.27;   18.4;   71.29;   23.7;   14.5;   12.7;eor
       2564;20180617;   10;  11.7;   3.2;    3;   0.4;   6;    5.867;-999;   6.1;  13.8; 1011.26;   16.5;   74.25;   20.3;   13.4;   11.0;eor
       2564;20180618;   10;   9.5;   2.9;    3;   2.1;   6;    3.767;-999;   6.9;  14.8; 1014.17;   16.1;   80.63;   19.7;   13.4;   12.7;eor
       2564;20180619;   10;  13.0;   4.7;    3;   0.3;   6;    9.083;-999;   4.0;  13.9; 1016.17;   16.5;   74.58;   20.9;   11.6;    9.7;eor
       2564;20180620;   10;  12.1;   4.1;    3;   2.0;   6;    7.883;-999;   4.5;  15.4; 1014.51;   18.8;   71.29;   26.0;   11.0;    8.9;eor
       2564;20180621;   10;  14.6;   4.7;    3;   9.0;   6;    3.400;-999;   5.5;  12.0; 1008.62;   12.2;   83.46;   16.4;    8.8;    7.6;eor
       2564;20180622;   10;  15.6;   6.2;    3;   0.0;   6;    6.650;-999;   5.3;  10.5; 1012.78;   12.7;   72.75;   17.8;    8.6;    7.2;eor
       2564;20180623;   10;  15.0;   6.4;    3;   2.3;   6;    2.850;-999;   7.1;  12.2; 1015.84;   13.1;   80.58;   16.2;   10.5;    9.1;eor
       2564;20180624;   10;   9.8;   4.3;    3;   0.0;   6;    1.917;-999;   6.4;  13.2; 1015.09;   14.1;   82.83;   18.3;   11.3;    9.7;eor
       2564;20180625;   10;   9.7;   4.0;    3;   0.0;   6;    3.133;-999;   7.3;  13.8; 1017.05;   14.6;   83.71;   19.8;   11.2;    9.7;eor
       2564;20180626;   10;   6.6;   2.4;    3;   0.0;   0;    7.883;-999;   4.5;  15.2; 1020.82;   16.7;   80.58;   24.2;   12.1;   10.2;eor
       2564;20180627;   10;   8.1;   2.9;    3;   0.0;   0;   14.633;-999;   0.9;  14.4; 1023.49;   18.0;   71.96;   24.1;   10.8;    9.3;eor
       2564;20180628;   10;   6.5;   2.8;    3;   0.0;   0;   16.250;-999;   0.0;  13.5; 1021.38;   19.2;   63.50;   24.3;   12.9;    9.7;eor
       2564;20180629;   10;  10.8;   4.3;    3;   0.0;   0;   16.383;-999;   0.0;  13.2; 1015.91;   18.1;   64.75;   23.9;   12.3;   11.0;eor
       2564;20180630;   10;   7.2;   2.8;    3;   0.0;   0;   15.500;-999;   0.5;  11.9; 1017.53;   17.8;   60.46;   22.8;   10.7;    7.8;eor
       2564;20180701;   10;   8.6;   2.5;    3;   0.0;   0;   16.550;-999;   0.1;  10.1; 1019.03;   17.6;   52.88;   22.4;   10.5;    7.0;eor
       2564;20180702;   10;   9.6;   2.9;    3;   0.0;   0;   16.550;-999;   0.0;  10.1; 1015.95;   18.3;   51.75;   24.1;    9.3;    6.7;eor
       2564;20180703;   10;   8.7;   3.3;    3;   0.0;   0;   15.283;-999;   0.0;  11.6; 1013.42;   17.8;   59.38;   24.8;   10.6;    7.7;eor
       2564;20180704;   10;   8.3;   2.7;    3;   0.0;   6;    8.367;-999;   3.7;  13.9; 1011.19;   16.3;   76.25;   22.7;    8.8;    6.1;eor
       2564;20180705;   10;  10.3;   3.9;    3;   0.0;   6;    0.000;-999;   8.0;  14.3; 1009.13;   16.4;   77.00;   18.5;   14.9;   14.3;eor
       2564;20180706;   10;  14.2;   6.8;    3;   0.0;   0;   12.700;-999;   2.6;  11.8; 1012.63;   17.1;   62.38;   22.3;   12.2;   11.3;eor
       2564;20180707;   10;  14.5;   7.0;    3;   0.0;   0;   15.833;-999;   0.3;  12.1; 1016.53;   16.5;   65.96;   22.2;   12.0;   11.0;eor
       2564;20180708;   10;   9.7;   4.2;    3;   0.0;   6;   15.433;-999;   0.8;  12.7; 1018.22;   17.6;   65.67;   25.7;   10.7;    9.9;eor
       2564;20180709;   10;  15.2;   6.2;    3;   0.0;   6;    3.333;-999;   5.3;  11.6; 1015.09;   14.8;   69.54;   18.9;   10.5;    7.7;eor
       2564;20180710;   10;  11.3;   4.5;    3;   4.9;   6;    7.633;-999;   5.4;  12.6; 1012.91;   15.8;   71.17;   20.5;   10.4;    8.1;eor
       2564;20180711;   10;  10.6;   4.0;    3;   0.0;   6;    0.267;-999;   7.4;  16.5; 1013.13;   18.3;   78.63;   21.1;   14.1;   12.6;eor
       2564;20180712;   10;  10.9;   3.9;    3;   0.0;   0;   14.833;-999;   0.6;  15.6; 1012.62;   21.0;   66.67;   28.0;   12.8;   12.0;eor
       2564;20180713;   10;  10.2;   4.7;    3;   0.0;   0;   14.817;-999;   2.0;  14.5; 1014.95;   18.6;   70.25;   26.4;   12.4;   11.6;eor
       2564;20180714;   10;   9.9;   3.9;    3;   0.0;   6;    2.367;-999;   6.2;  12.3; 1016.35;   15.8;   68.92;   20.0;   10.4;    8.6;eor
       2564;20180715;   10;   5.9;   2.3;    3;   0.0;   0;   14.383;-999;   0.9;  13.5; 1014.84;   17.8;   68.54;   24.4;    8.9;    6.8;eor
       2564;20180716;   10;   7.2;   2.6;    3;   0.0;   0;   15.717;-999;   0.0;  14.7; 1012.06;   19.9;   65.46;   25.4;   11.1;    9.2;eor
       2564;20180717;   10;   8.3;   2.7;    3;   0.0;   0;   15.317;-999;   0.0;  14.4; 1009.80;   21.9;   58.63;   28.3;   12.5;   10.7;eor
       2564;20180718;   10;  11.4;   4.7;    3;   0.0;   0;   11.250;-999;   1.5;  14.7; 1012.95;   19.3;   67.82;   24.9;   14.1;   12.6;eor
       2564;20180719;   10;  11.8;   4.3;    3;   0.0;   0;   13.767;-999;   1.0;  12.2; 1014.88;   18.2;   61.38;   24.9;   11.2;    8.3;eor
       2564;20180720;   10;   6.9;   2.6;    3;   0.0;   0;   15.117;-999;   0.0;  11.7; 1012.11;   18.1;   59.96;   24.7;    8.5;    6.5;eor
       2564;20180721;   10;   6.9;   2.1;    3;   0.2;   6;   11.867;-999;   2.1;  13.0; 1009.43;   20.9;   55.92;   26.6;   11.2;    9.4;eor
       2564;20180722;   10;   9.8;   3.2;    3;   0.0;   0;   12.633;-999;   3.3;  15.7; 1009.21;   21.5;   63.04;   28.3;   15.0;   14.2;eor
       2564;20180723;   10;   8.5;   3.1;    3;   0.0;   0;   10.633;-999;   2.7;  16.5; 1012.81;   20.9;   68.46;   27.2;   14.5;   13.6;eor
       2564;20180724;   10;   6.9;   2.0;    3;   0.0;   0;   15.300;-999;   0.7;  17.8; 1012.15;   23.3;   65.21;   30.1;   15.2;   13.3;eor
       2564;20180725;   10;   8.2;   1.9;    3;   0.0;   6;   10.533;-999;   2.3;  19.4; 1012.99;   24.3;   66.13;   30.3;   17.0;   15.1;eor
       2564;20180726;   10;   7.8;   3.2;    3;   0.0;   0;   14.600;-999;   0.0;  20.4; 1014.85;   25.0;   66.75;   31.2;   17.3;   15.5;eor
       2564;20180727;   10;  13.2;   5.1;    3;   0.0;   0;   15.200;-999;   0.0;  20.9; 1013.43;   24.6;   68.42;   28.8;   20.1;   17.2;eor
       2564;20180728;   10;  19.4;   3.6;    3;   2.5;   6;    9.117;-999;   3.8;  20.3; 1006.15;   23.6;   72.96;   32.0;   17.9;   16.6;eor
       2564;20180729;   10;   6.8;   2.6;    3;   0.0;   0;   12.550;-999;   2.5;  14.4; 1011.06;   21.6;   58.33;   27.4;   14.9;   12.4;eor
       2564;20180730;   10;   6.7;   2.3;    3;   0.0;   6;    5.350;-999;   6.7;  18.6; 1012.29;   24.8;   60.25;   30.2;   21.2;   18.1;eor
       2564;20180731;   10;   9.9;   3.0;    3;   0.2;   6;    6.450;-999;   3.6;  17.3; 1012.43;   26.9;   50.04;   33.7;   19.8;   19.0;eor
       2564;20180801;   10;   7.7;   3.0;    3;   0.0;   0;    9.750;-999;   2.4;  16.5; 1017.96;   20.8;   67.96;   25.6;   16.0;   14.5;eor
       2564;20180802;   10;   7.2;   2.3;    3;   0.0;   0;   13.783;-999;   0.6;  15.6; 1020.04;   21.8;   63.00;   27.9;   14.1;   12.2;eor
       2564;20180803;   10;   7.3;   2.4;    3;   0.0;   0;   14.100;-999;   0.4;  16.8; 1018.27;   22.8;   62.54;   30.5;   14.9;   13.2;eor
       2564;20180804;   10;  10.3;   3.5;    3;   0.0;   0;    7.867;-999;   3.5;  17.7; 1015.61;   21.6;   70.21;   26.8;   16.8;   15.8;eor
       2564;20180805;   10;  11.3;   4.5;    3;   0.0;   6;    4.400;-999;   4.5;  14.4; 1017.07;   18.5;   68.29;   23.7;   12.7;   10.7;eor
       2564;20180806;   10;-999;-999;    3;   0.0;   0;   13.000;-999;  -999;  -999;    -999;   20.0;-999;   28.3;   12.9;   10.1;eor
       2564;20180807;   10;   7.3;   2.2;    3;   0.0;   0;   14.067;-999;   0.3;  14.5; 1007.41;   26.0;   48.38;   35.1;   16.0;   12.5;eor
       2564;20180808;   10;  13.7;   3.4;    3;   0.0;   0;    6.550;-999;   2.5;  16.8; 1006.01;   24.6;   55.63;   30.9;   17.3;   14.4;eor
       2564;20180809;   10;  13.1;   3.4;    3;   4.9;   4;    7.600;-999;   4.6;  17.5; 1009.44;   21.0;   71.67;   26.8;   14.5;   11.9;eor
       2564;20180810;   10;  15.9;   4.6;    3;   2.3;   4;    4.817;-999;   4.4;  14.3; 1012.44;   17.2;   72.54;   20.0;   13.7;   11.4;eor
       2564;20180811;   10;  16.7;   4.2;    3;  12.8;   4;    6.017;-999;   5.2;  13.1; 1013.32;   15.0;   76.92;   18.0;   11.4;    9.9;eor
       2564;20180812;   10;   8.3;   2.5;    3;   0.6;   4;    2.617;-999;   6.9;  13.7; 1011.28;   16.5;   73.92;   20.2;   12.1;    9.7;eor
       2564;20180813;   10;  10.3;   1.8;    3;   5.4;   4;    0.000;-999;   7.6;  16.5; 1003.22;   19.1;   75.67;   23.3;   15.9;   14.7;eor
       2564;20180814;   10;  12.6;   3.9;    3;   0.6;   4;    5.083;-999;   6.6;  17.9; 1004.86;   19.1;   81.67;   24.1;   16.5;   16.0;eor
       2564;20180815;   10;  11.6;   3.0;    3;   0.0;   6;    3.867;-999;   6.5;  16.9; 1012.91;   19.3;   76.13;   24.0;   15.2;   13.7;eor
       2564;20180816;   10;  11.5;   2.8;    3;   0.0;   0;    9.133;-999;   2.7;  17.1; 1011.81;   20.9;   70.75;   27.2;   15.7;   13.0;eor
       2564;20180817;   10;   7.4;   2.5;    3;   1.3;   6;    5.783;-999;   3.9;  15.8; 1013.51;   17.5;   79.08;   22.1;   11.7;    8.6;eor
       2564;20180818;   10;  11.8;   3.3;    3;   0.0;   6;    9.033;-999;   2.9;  14.4; 1016.52;   18.0;   71.79;   23.5;   11.5;    8.4;eor
       2564;20180819;   10;   9.0;   2.9;    3;   0.8;   6;    1.817;-999;   6.9;  16.0; 1014.50;   19.3;   72.17;   23.4;   16.0;   14.0;eor
       2564;20180820;   10;  10.7;   4.5;    3;   0.1;   6;    3.417;-999;   6.3;  16.0; 1012.89;   18.0;   77.29;   22.1;   11.4;    8.5;eor
       2564;20180821;   10;   6.2;   2.2;    3;   0.0;   0;   10.700;-999;   2.6;  12.5; 1017.99;   16.5;   68.75;   22.0;    9.5;    6.9;eor
       2564;20180822;   10;   7.8;   2.2;    3;   0.0;   0;   13.050;-999;   0.1;  13.3; 1014.09;   21.5;   54.00;   28.7;   15.0;   13.0;eor
       2564;20180823;   10;  10.3;   2.5;    3;   1.1;   6;    5.433;-999;   3.7;  16.8; 1007.30;   19.5;   74.92;   25.2;   13.7;   11.8;eor
       2564;20180824;   10;  16.2;   3.8;    3;   1.9;   6;    4.817;-999;   4.2;  14.1; 1003.67;   15.7;   78.83;   19.6;   11.1;    9.7;eor
       2564;20180825;   10;   6.9;   2.7;    3;   3.5;   6;    2.283;-999;   3.2;  11.9; 1004.01;   11.9;   84.83;   14.5;    9.7;    8.2;eor
       2564;20180826;   10;  10.7;   3.1;    3;   1.3;   8;   10.167;-999;   3.5;  11.1; 1009.20;   14.0;   70.63;   18.9;    9.0;    7.5;eor
       2564;20180827;   10;  14.2;   3.9;    3;   3.3;   6;    1.767;-999;   6.3;  13.2; 1004.80;   15.0;   77.42;   19.4;   12.2;   10.6;eor
       2564;20180828;   10;   8.2;   2.3;    3;   0.7;   6;    4.867;-999;   4.7;  14.3; 1014.35;   16.0;   79.29;   20.8;   10.6;    7.7;eor
       2564;20180829;   10;   9.5;   2.5;    3;   5.2;   6;    8.250;-999;   4.0;  14.4; 1011.75;   18.6;   69.67;   24.3;   10.8;    7.5;eor
       2564;20180830;   10;  11.9;   4.1;    3;  19.8;   6;    0.000;-999;   6.5;  16.1; 1011.11;   15.5;   90.67;   17.9;   11.1;    9.7;eor
       2564;20180831;   10;   9.5;   3.5;    3;   0.0;   0;    8.783;-999;   3.0;  13.5; 1016.84;   15.1;   79.00;   20.6;   10.3;    8.8;eor
       2564;20180901;   10;   9.4;   2.3;    3;   0.0;   0;   10.783;-999;   3.6;  13.7; 1022.50;   15.0;   82.00;   20.2;    9.5;    8.2;eor
       2564;20180902;   10;   8.6;   3.4;    3;   0.7;   6;   10.917;-999;   2.8;  15.4; 1023.97;   16.3;   83.25;   20.6;    9.0;    7.1;eor
       2564;20180903;   10;  10.3;   5.0;    3;   0.0;   6;    7.333;-999;   4.6;  18.9; 1017.79;   19.1;   85.58;   22.7;   17.0;   15.2;eor
       2564;20180904;   10;   8.7;   3.5;    3;   0.0;   0;    9.967;-999;   2.2;  16.5; 1015.73;   17.9;   81.00;   21.6;   13.4;   10.2;eor
       2564;20180905;   10;   7.8;   2.7;    3;   0.0;   0;    9.517;-999;   1.7;  16.1; 1016.45;   17.0;   83.54;   22.1;   11.2;    9.0;eor
       2564;20180906;   10;   9.4;   3.4;    3;   7.5;   6;    9.200;-999;   1.8;  16.2; 1010.19;   18.6;   76.46;   23.2;   14.4;   10.3;eor
       2564;20180907;   10;  11.5;   2.7;    3;   2.0;   6;    2.133;-999;   6.6;  15.7; 1006.50;   15.9;   86.14;   20.7;    8.9;    7.6;eor
       2564;20180908;   10;-999;-999;    3;   0.2;   4;    4.000;-999;  -999;  -999;    -999;   14.0;-999;   18.4;    9.7;    8.8;eor
       2564;20180909;   10;-999;-999;    3;   0.1;   4;    4.250;-999;  -999;  -999;    -999;   16.0;-999;   21.0;   13.3;   11.6;eor
       2564;20180910;   10;  10.0;   2.9;    3;   1.3;   6;    2.967;-999;   5.7;  -999;    -999;   17.0;-999;   21.9;   14.4;   12.2;eor
       2564;20180911;   10;  15.3;   3.9;    3;   6.8;   6;    0.000;-999;   7.8;  16.0; 1012.96;   15.6;   89.79;   17.3;   13.4;   13.1;eor
       2564;20180912;   10;   9.5;   2.8;    3;   1.0;   6;    0.133;-999;   5.3;  13.4; 1015.55;   13.5;   86.71;   15.4;    9.7;    7.8;eor
       2564;20180913;   10;   6.6;-999;    3;   0.0;   6;    9.000;-999;  -999;  -999;    -999;   13.0;-999;   19.0;    6.6;    4.4;eor
       2564;20180914;   10;   8.6;   2.6;    3;   1.8;   6;    5.117;-999;   5.3;  11.3; 1015.36;   14.1;   71.58;   18.4;    9.5;    7.1;eor
       2564;20180915;   10;-999;-999;    3;   1.2;   4;    4.000;-999;  -999;  -999;    -999;   14.0;-999;   17.3;    9.8;    6.3;eor
       2564;20180916;   10;-999;-999;    3;   0.0;   0;    6.150;-999;  -999;  -999;    -999;   15.0;-999;   19.7;    8.9;    7.0;eor
       2564;20180917;   10;-999;-999;    3;   0.0;   0;    9.500;-999;  -999;  -999;    -999;   16.0;-999;   21.9;   10.7;    8.3;eor
       2564;20180918;   10;-999;-999;    3;   0.0;   0;   11.300;-999;  -999;  -999;    -999;   19.0;-999;   29.2;   11.3;    8.4;eor
       2564;20180919;   10;-999;-999;    3;   0.0;   0;    8.000;-999;  -999;  -999;    -999;   19.0;-999;   25.1;   13.8;   12.3;eor
       2564;20180920;   10;-999;-999;    3;   0.0;   0;    3.500;-999;  -999;  -999;    -999;   19.0;-999;   22.8;   15.7;   13.1;eor
       2564;20180921;   10;-999;-999;    3;  11.1;   6;    1.400;-999;  -999;  -999;    -999;   15.0;-999;   22.4;    8.9;    7.9;eor
       2564;20180922;   10;  17.3;   4.0;    3;   1.9;   6;    7.233;-999;   4.3;  10.6; 1008.70;   11.0;   80.67;   15.6;    8.6;    6.7;eor
       2564;20180923;   10;   8.1;   2.7;    3;   0.4;   6;    1.783;-999;   4.6;  10.5; 1008.54;   10.0;   85.63;   13.9;    7.8;    6.3;eor
       2564;20180924;   10;  19.2;   5.7;    3;   0.8;   6;    9.417;-999;   0.8;   8.2; 1021.16;    9.1;   71.75;   13.3;    5.5;    2.6;eor
       2564;20180925;   10;   8.0;   2.9;    3;   0.0;   0;    8.433;-999;   1.4;   8.6; 1032.11;    9.3;   74.25;   14.7;    2.8;    0.9;eor
       2564;20180926;   10;  17.5;   6.1;    3;   0.9;   6;    1.783;-999;   6.0;  11.1; 1024.68;   12.6;   78.25;   15.4;    9.4;    8.4;eor
       2564;20180927;   10;  15.0;   5.1;    3;   0.6;   6;    1.833;-999;   7.6;  16.1; 1018.67;   16.5;   86.04;   19.0;   12.5;   11.7;eor
       2564;20180928;   10;  14.3;   4.8;    3;   0.0;   6;    8.333;-999;   1.8;   8.9; 1020.62;   10.6;   70.38;   15.1;    5.7;    2.2;eor
       2564;20180929;   10;  10.0;   2.7;    3;   0.0;   6;    3.800;-999;   4.8;   9.5; 1022.78;    9.9;   78.46;   14.8;    3.7;    1.5;eor
       2564;20180930;   10;  10.2;   3.1;    3;   1.0;   4;    2.817;-999;   5.0;   9.6; 1012.72;   11.2;   72.25;   16.2;    7.7;    6.0;eor
       2564;20181001;   10;  10.8;   4.4;    3;   0.2;   6;    5.050;-999;   3.3;  -999;    -999;    9.0;-999;   12.5;    6.0;    4.0;eor
       2564;20181002;   10;  18.3;   5.3;    3;   4.6;   6;    1.017;-999;   5.8;   9.3; 1005.73;    8.7;   82.71;   12.8;    5.5;    3.8;eor
       2564;20181003;   10;  17.0;   6.5;    3;   0.5;   6;    7.233;-999;   5.4;   9.4; 1013.10;   10.5;   74.29;   13.7;    8.4;    6.1;eor
       2564;20181004;   10;   9.5;   2.7;    3;   1.4;   6;    0.000;-999;   7.8;  13.3; 1018.70;   12.5;   91.04;   15.3;    9.3;    8.6;eor
       2564;20181005;   10;  10.1;   3.0;    3;   0.0;   0;    7.883;-999;   2.8;  13.2; 1014.13;   15.1;   77.33;   20.1;   10.4;    6.4;eor
       2564;20181006;   10;  12.5;   2.1;    3;   1.0;   6;    8.367;   0;   2.6;  12.6; 1005.93;   12.0;   89.83;   15.3;    4.8;    3.4;eor
       2564;20181007;   10;  13.5;   3.6;    3;   0.0;   0;    8.383;   0;   2.4;   8.9; 1014.91;    8.6;   80.38;   12.6;    5.2;    1.5;eor
       2564;20181008;   10;   8.6;   2.8;    3;   0.0;   0;    3.150;   0;   5.0;   9.1; 1017.15;   10.1;   74.04;   14.8;    5.4;    1.8;eor
       2564;20181009;   10;  11.1;   2.6;    3;   0.0;   0;    5.067;   0;   2.5;  11.1; 1016.89;   11.9;   79.71;   16.6;    7.7;    3.9;eor
       2564;20181010;   10;   5.4;   1.7;    3;   0.0;   0;    7.850;   0;   0.0;  12.0; 1018.20;   13.1;   79.71;   19.7;    6.2;    3.1;eor
       2564;20181011;   10;-999;   2.0;    3;   0.0;   0;    9.100;   0;  -999;  -999;    -999;   15.7;-999;   21.3;   11.5;    7.7;eor
       2564;20181012;   10;   8.2;-999;    3;   0.0;   0;    8.383;   0;  -999;  -999;    -999;   17.0;-999;   23.4;   11.6;    6.7;eor
       2564;20181013;   10;-999;-999;    3;   0.0;   0;    9.500;-999;  -999;  -999;    -999;   20.0;-999;   25.2;   14.8;   11.9;eor
       2564;20181014;   10;-999;-999;    3;   0.0;   0;    9.500;-999;  -999;  -999;    -999;   17.0;-999;   22.4;   12.9;   10.4;eor
       2564;20181015;   10;   6.4;-999;    3;   0.0;   0;    8.283;   0;  -999;  -999;    -999;   17.0;-999;   23.3;   11.9;    8.1;eor
       2564;20181016;   10;   5.7;   1.6;    3;   0.0;   0;    2.150;   0;   5.6;  14.8; 1014.36;   15.6;   83.58;   20.8;   11.6;    8.7;eor
       2564;20181017;   10;-999;   1.9;    3;   0.0;   0;    6.467;   0;   2.7;  14.9; 1015.52;   16.4;   82.00;   22.9;   11.7;    8.2;eor
       2564;20181018;   10;-999;-999;    3;   0.5;   4;    4.400;-999;  -999;  -999;    -999;   11.0;-999;   14.0;    3.2;    1.5;eor
       2564;20181019;   10;   5.3;   2.0;    3;   0.0;   0;    5.300;   0;   3.8;   8.6; 1022.87;    8.0;   80.88;   12.3;    2.3;    0.5;eor
       2564;20181020;   10;-999;-999;    3;   0.0;   0;    5.500;-999;  -999;  -999;    -999;   10.0;-999;   15.8;    6.4;    4.2;eor
       2564;20181021;   10;-999;-999;    3;   1.2;   4;    0.100;-999;  -999;  -999;    -999;   13.0;-999;   15.2;    8.2;    5.4;eor
       2564;20181022;   10;-999;-999;    3;   3.3;   4;    6.500;   0;  -999;  -999;    -999;   11.0;-999;   13.1;    7.3;    3.8;eor
       2564;20181023;   10;-999;-999;    3;   4.8;   4;    0.000;-999;  -999;  -999;    -999;   11.0;-999;   12.8;   10.4;    8.8;eor
       2564;20181024;   10;-999;-999;    3;   0.2;   6;    4.200;-999;  -999;  -999;    -999;   10.0;-999;   12.1;    8.2;    5.6;eor
       2564;20181025;   10;  18.4;   7.0;    3;   0.1;   6;    1.400;   0;   6.3;  10.1; 1007.20;   10.6;   78.50;   12.3;    8.4;    6.5;eor
       2564;20181026;   10;  11.3;   3.3;    3;  10.7;   6;    0.000;   0;   7.3;  10.3;  998.40;    8.9;   89.25;   11.4;    5.6;    4.8;eor
       2564;20181027;   10;  11.6;   5.1;    3;   2.9;   6;    0.683;   0;   6.6;   7.1; 1002.28;    5.4;   79.50;    7.6;    3.5;    1.6;eor
       2564;20181028;   10;  14.2;   5.6;    3;   7.4;   6;    6.233;   0;   4.7;   6.4; 1015.50;    5.1;   72.83;    6.6;    2.7;    0.3;eor
       2564;20181029;   10;  16.1;   7.0;    3;   0.5;   6;    0.000;   0;   7.6;   8.1; 1006.87;    6.7;   82.25;    7.9;    5.0;    4.5;eor
       2564;20181030;   10;  15.4;   5.4;    3;   0.3;   6;    0.067;   0;   7.7;   9.6;  988.95;    8.8;   84.21;   12.3;    5.2;    4.7;eor
       2564;20181031;   10;  15.0;   4.0;    3;   0.0;   6;    2.600;   0;   7.0;   8.6; 1007.77;    8.7;   76.96;   11.2;    5.0;    4.6;eor
       2564;20181101;   10;   6.7;   2.4;    3;   0.0;   6;    2.833;   0;   6.3;   9.3; 1009.28;   10.0;   75.88;   13.6;    8.0;    6.5;eor
       2564;20181102;   10;  12.8;   3.6;    3;   0.3;   6;    1.900;   0;   5.0;   9.7; 1014.28;    8.8;   85.17;   12.0;    4.5;    2.1;eor
       2564;20181103;   10;   5.9;   1.9;    3;   0.0;   0;    6.750;   0;   0.0;   7.6; 1024.49;    5.8;   83.25;   10.5;    2.7;   -0.7;eor
       2564;20181104;   10;   6.2;   2.1;    3;   0.0;   6;    0.133;   0;   5.8;   9.3; 1016.92;    7.1;   90.83;    9.1;    3.8;    0.7;eor
       2564;20181105;   10;   7.1;   2.7;    3;   0.0;   0;    0.000;   0;   7.9;  11.6; 1009.40;    9.9;   94.79;   10.7;    8.8;    7.6;eor
       2564;20181106;   10;   6.1;   1.9;    3;   0.0;   0;    0.200;   0;   5.2;  10.7; 1005.95;    8.2;   98.13;    9.9;    6.1;    4.2;eor
       2564;20181107;   10;   5.0;   2.0;    3;   0.0;   6;    4.917;   0;   0.9;  11.0; 1006.76;    9.5;   92.25;   13.3;    5.5;    3.9;eor
       2564;20181108;   10;   6.7;   1.8;    3;   0.0;   6;    1.950;   0;   5.8;  10.3; 1015.79;    9.7;   85.46;   13.0;    2.5;   -0.8;eor
       2564;20181109;   10;   6.2;   1.8;    3;   0.5;   6;    0.467;   0;   6.1;   9.7; 1013.00;    7.2;   93.50;   10.5;    1.1;   -1.7;eor
       2564;20181110;   10;   9.1;   3.0;    3;   2.3;   6;    0.067;   0;   7.1;  11.0; 1003.09;   10.3;   88.08;   12.7;    8.7;    7.6;eor
       2564;20181111;   10;   8.8;   3.1;    3;   3.3;   6;    0.800;   0;   7.4;  11.9; 1003.45;   11.6;   86.79;   13.6;    9.9;    8.3;eor
       2564;20181112;   10;   6.6;   2.0;    3;   3.4;   6;    0.000;   0;   6.2;  11.9; 1010.23;    9.9;   96.88;   11.0;    8.7;    7.3;eor
       2564;20181113;   10;  11.0;   3.8;    3;   2.0;   6;    0.233;   0;   6.4;  10.7; 1015.21;    9.5;   89.58;   10.7;    8.2;    7.0;eor
       2564;20181114;   10;   8.6;   2.9;    3;   0.0;   6;    0.000;   0;   6.7;  10.4; 1023.23;    8.7;   92.46;    9.7;    6.7;    5.3;eor
       2564;20181115;   10;   6.2;   2.1;    3;   0.0;   0;    5.200;   0;   4.0;   9.3; 1024.96;    8.8;   82.33;   11.9;    6.4;    4.1;eor
       2564;20181116;   10;   8.0;   2.8;    3;   0.0;   0;    5.850;   0;   0.0;   7.7; 1029.65;    6.7;   78.29;    9.7;    4.2;    2.1;eor
       2564;20181117;   10;   7.0;   2.7;    3;   0.0;   0;    5.867;   0;   0.2;   6.7; 1034.93;    3.9;   82.46;    6.6;   -1.6;   -3.7;eor
       2564;20181118;   10;  15.2;   5.0;    3;   0.0;   6;    0.000;   0;   6.3;   7.1; 1030.96;    4.5;   83.46;    7.2;   -1.5;   -4.0;eor
       2564;20181119;   10;  17.8;   8.4;    3;   1.9;   6;    0.650;   0;   7.3;   7.2; 1023.89;    5.9;   76.96;    7.1;    3.8;    2.7;eor
       2564;20181120;   10;  15.6;   7.1;    3;   0.0;   0;    0.017;   0;   6.6;   6.0; 1017.41;    4.6;   70.13;    5.4;    3.3;    2.9;eor
       2564;20181121;   10;  12.6;   5.5;    3;   0.0;   0;    0.700;   0;   7.5;   5.7; 1019.93;    2.8;   76.92;    3.8;    1.8;    0.6;eor
       2564;20181122;   10;  10.8;   4.0;    3;   0.0;   6;    0.000;   0;   8.0;   5.8; 1021.61;    1.3;   86.00;    2.7;    0.4;    0.3;eor
       2564;20181123;   10;   6.6;   2.3;    3;   0.0;   6;    0.000;   0;   8.0;   6.2; 1017.80;    1.7;   89.88;    2.3;    1.1;    1.0;eor
       2564;20181124;   10;   4.6;   1.4;    3;   0.0;   6;    0.000;   0;   8.0;   6.6; 1011.66;    2.9;   87.88;    4.1;    1.9;    1.9;eor
       2564;20181125;   10;  11.4;   4.7;    3;   2.0;   6;    0.033;   0;   8.0;   7.7; 1011.30;    5.0;   87.96;    6.0;    4.0;    3.6;eor
       2564;20181126;   10;  10.2;   4.9;    3;   0.0;   6;    1.533;   0;   7.5;   7.1; 1013.72;    4.5;   83.75;    6.1;    2.8;    1.2;eor
       2564;20181127;   10;   8.9;   2.5;    3;   0.0;   0;    0.000;   0;   7.4;   4.9; 1019.88;    2.0;   70.13;    3.1;   -2.0;   -4.4;eor
       2564;20181128;   10;  13.8;   4.5;    3;   1.3;   6;    2.700;   0;   3.8;   4.6; 1020.54;    1.4;   67.67;    2.4;    0.1;   -1.4;eor
       2564;20181129;   10;  12.5;   5.3;    3;   3.3;   6;    0.000;   0;   7.6;   6.5; 1010.13;    3.1;   85.17;    5.5;    1.0;    0.4;eor
       2564;20181130;   10;   9.7;   3.6;    3;   0.0;   4;    2.633;   0;   6.6;   7.4; 1006.16;    6.6;   75.88;    8.9;    5.0;    4.1;eor
       2564;20181201;   10;   8.5;   3.3;    3;   0.3;   6;    0.017;   0;   6.5;   8.7; 1005.96;    6.6;   89.21;    7.8;    5.2;    3.5;eor
       2564;20181202;   10;  11.8;   3.5;    3;   4.8;   6;    0.000;   0;   7.8;  10.2;  994.02;    8.0;   95.13;   10.1;    6.6;    5.9;eor
       2564;20181203;   10;  11.7;   4.2;    3;   3.8;   6;    0.000;   0;   7.8;  11.3;  991.67;   10.2;   90.38;   11.4;    6.6;    5.8;eor
       2564;20181204;   10;  14.3;   4.9;    3;   0.2;   6;    4.517;   0;   1.9;   6.9; 1009.47;    4.9;   79.13;    7.1;    1.8;   -1.4;eor
       2564;20181205;   10;   8.3;   2.5;    3;   0.0;   6;    3.850;   0;   2.8;   6.4; 1019.45;    3.0;   85.25;    4.8;    0.8;   -1.9;eor
       2564;20181206;   10;  12.3;   3.6;    3;   3.4;   6;    0.000;   0;   7.8;   9.2; 1008.01;    6.6;   92.88;   10.2;    3.7;    3.0;eor
       2564;20181207;   10;  14.5;   4.5;    3;  10.1;   6;    0.000;   0;   7.7;  11.8;  995.88;   10.0;   95.38;   11.0;    6.7;    5.7;eor
       2564;20181208;   10;  19.4;   6.4;    3;   7.4;   6;    0.000;   0;   7.5;   8.7;  987.64;    6.9;   86.83;    8.4;    5.0;    4.0;eor
       2564;20181209;   10;  16.8;   5.8;    3;   2.7;   6;    0.783;   0;   6.4;   8.2;  986.83;    6.5;   84.88;    8.2;    4.7;    3.2;eor
       2564;20181210;   10;  17.2;   7.1;    3;   1.4;   6;    1.800;   0;   3.9;   6.6; 1004.56;    4.6;   77.63;    6.0;    3.2;    2.3;eor
       2564;20181211;   10;   9.7;   5.1;    3;   0.0;   6;    0.633;   0;   6.1;   6.4; 1014.68;    4.2;   77.79;    5.2;    2.5;    1.0;eor
       2564;20181212;   10;  10.4;   4.9;    3;   0.5;   6;    0.217;   0;   7.8;   6.6; 1023.83;    4.3;   78.96;    5.0;    3.3;    2.1;eor
       2564;20181213;   10;  10.6;   4.7;    3;   4.2;   8;    0.000;   0;   7.6;   6.3; 1023.31;    2.6;   85.42;    3.7;    1.1;    0.5;eor
       2564;20181214;   10;  10.1;   2.9;    3;   0.3;   8;    0.000;   0;   7.8;   5.7; 1023.97;    1.9;   80.83;    2.7;    0.7;   -0.1;eor
       2564;20181215;   10;   9.3;   2.6;    3;   0.0;   0;    0.183;   0;   6.3;   4.7; 1024.45;    0.2;   75.21;    1.4;   -1.0;   -2.6;eor
       2564;20181216;   10;  10.6;   3.4;    3;   0.0;   8;    0.283;   0;   6.7;   4.5; 1011.98;   -0.2;   75.50;    0.6;   -1.1;   -2.7;eor
       2564;20181217;   10;   5.2;   2.1;    3;   1.2;   6;    0.000;   0;   7.9;   5.7; 1015.21;    0.6;   89.29;    2.4;   -0.8;   -1.1;eor
       2564;20181218;   10;   9.4;   2.3;    3;   0.2;   6;    0.000;   0;   7.4;   8.0; 1017.94;    4.6;   94.58;    5.7;    2.4;    1.9;eor
       2564;20181219;   10;   9.9;   3.2;    3;   0.1;   6;    0.000;   0;   6.5;   6.9; 1009.63;    3.3;   88.58;    4.7;    2.1;    1.1;eor
       2564;20181220;   10;   5.7;   2.2;    3;   2.2;   6;    0.000;   0;   7.8;   8.1; 1007.90;    4.7;   94.67;    5.9;    3.6;    2.6;eor
       2564;20181221;   10;  13.0;   3.1;    3;  10.4;   6;    0.000;   0;   7.8;   9.0;  996.90;    6.2;   94.92;    8.0;    5.7;    4.8;eor
       2564;20181222;   10;  11.8;   2.5;    3;   2.0;   6;    0.000;   0;   7.9;   7.8; 1003.88;    4.5;   91.92;    5.8;    3.6;    2.8;eor
       2564;20181223;   10;   9.0;   3.5;    3;   0.8;   8;    0.000;   0;   7.8;   8.6; 1010.06;    5.7;   92.92;    6.8;    1.7;    1.5;eor
       2564;20181224;   10;   9.2;   3.9;    3;   0.1;   8;    0.117;   0;   5.7;   6.2; 1021.68;    2.2;   85.75;    4.5;   -0.1;   -1.4;eor
       2564;20181225;   10;  15.4;   5.9;    3;   0.0;   6;    0.000;   0;   7.0;   7.5; 1023.74;    5.7;   81.88;    6.8;    4.0;    2.7;eor
       2564;20181226;   10;  12.9;   5.3;    3;   0.0;   6;    0.000;   0;   7.8;   9.7; 1021.97;    7.7;   92.04;    8.7;    6.0;    5.4;eor
       2564;20181227;   10;  13.0;   5.2;    3;   0.0;   6;    0.000;   0;   7.9;   9.8; 1018.97;    7.0;   97.50;    7.7;    6.3;    6.2;eor
       2564;20181228;   10;   9.9;   3.9;    3;   1.6;   6;    0.067;   0;   7.9;   9.3; 1020.79;    7.2;   90.96;    7.8;    6.4;    5.6;eor
       2564;20181229;   10;  11.9;   4.2;    3;   6.1;   6;    0.000;   0;   8.0;   9.9; 1017.13;    7.6;   94.13;    8.4;    6.7;    6.2;eor
       2564;20181230;   10;  15.2;   5.8;    3;   0.0;   6;    3.783;   0;   4.9;   7.9; 1021.34;    5.9;   84.79;    8.2;    3.2;    1.3;eor
       2564;20181231;   10;  12.4;   3.7;    3;   0.3;   6;    0.000;   0;   7.8;   9.5; 1024.23;    6.6;   96.63;    8.2;    4.3;    3.9;eor
       2564;20190101;   10;  21.9;   9.9;    3;   0.1;   6;    0.817;   0;   5.8;   7.1; 1012.93;    6.3;   73.42;    8.4;    3.8;    2.5;eor
       2564;20190102;   10;  20.8;   7.1;    3;   0.0;   0;    4.600;   0;   0.2;   4.5; 1026.28;    2.7;   61.17;    4.5;   -3.1;   -5.9;eor
       2564;20190103;   10;   4.9;   2.6;    3;   0.3;   6;    2.867;   0;   0.7;   4.6; 1031.85;   -1.4;   82.79;    2.7;   -5.7;   -8.1;eor
       2564;20190104;   10;  13.0;   5.6;    3;   0.2;   6;    0.000;   0;   7.6;   7.9; 1024.20;    4.9;   90.75;    7.8;    0.6;   -0.2;eor
       2564;20190105;   10;  11.3;   3.8;    3;   0.1;   6;    2.183;   0;   6.5;   8.7; 1019.43;    6.2;   90.63;    9.0;   -0.8;   -3.5;eor
       2564;20190106;   10;   7.1;   2.2;    3;   1.0;   6;    0.000;   0;   7.6;   7.3; 1024.54;    2.8;   96.88;    6.3;   -2.0;   -3.4;eor
       2564;20190107;   10;  14.3;   4.5;    3;  10.6;   6;    0.000;   0;   7.9;   8.9; 1017.98;    6.4;   92.29;    7.9;    5.3;    4.8;eor
       2564;20190108;   10;  18.3;   8.6;    3;   1.1;   8;    0.667;   0;   7.5;   7.2;  997.44;    5.3;   79.25;    7.3;    3.0;    2.0;eor
       2564;20190109;   10;  17.6;   9.3;    3;   0.0;   8;    0.000;   0;   7.7;   5.3; 1011.75;    3.0;   69.71;    3.7;    1.9;    1.4;eor
       2564;20190110;   10;   7.8;   3.1;    3;   0.5;   8;    0.033;   0;   7.5;   5.8; 1020.26;    1.4;   85.58;    2.2;   -0.3;   -1.5;eor
       2564;20190111;   10;  12.5;   5.2;    3;   0.2;   6;    1.233;   0;   5.0;   8.0; 1012.18;    5.3;   89.67;    7.8;    2.2;    1.7;eor
       2564;20190112;   10;  13.5;   5.6;    3;   3.8;   6;    0.000;   0;   7.3;   8.1; 1004.08;    5.7;   88.67;    6.7;    3.6;    2.2;eor
       2564;20190113;   10;  21.0;   7.7;    3;   3.0;   8;    0.000;   0;   7.2;   8.4;  990.10;    6.6;   86.13;    8.6;    3.2;    1.9;eor
       2564;20190114;   10;  18.2;   8.4;    3;   0.3;   6;    4.133;   0;   2.4;   4.7;  999.99;    2.1;   65.96;    3.7;    0.7;   -0.4;eor
       2564;20190115;   10;  17.8;   7.0;    3;   1.9;   6;    0.000;   0;   7.7;   8.3; 1003.49;    5.9;   88.67;    7.6;    2.9;    1.5;eor
       2564;20190116;   10;  15.6;   6.2;    3;   4.1;   6;    0.000;   0;   7.8;   8.8;  997.39;    6.6;   90.21;    7.8;    4.6;    4.2;eor
       2564;20190117;   10;  15.5;   5.6;    3;   1.6;   8;    0.117;   0;   7.4;   6.7;  992.75;    3.1;   86.79;    5.3;   -0.8;   -1.6;eor
       2564;20190118;   10;   8.7;   3.1;    3;   0.0;   0;    5.600;   1;   1.5;   5.1; 1011.57;   -0.4;   84.63;    2.7;   -6.3;   -7.7;eor
       2564;20190119;   10;   5.3;   1.9;    3;   0.0;   0;    4.800;   1;   3.7;   5.4; 1015.41;    0.0;   89.25;    2.5;   -2.6;   -7.3;eor
       2564;20190120;   10;   4.5;   1.3;    3;   0.0;   0;    5.617;   0;   4.5;   4.8; 1016.50;   -1.2;   86.29;    2.7;   -4.0;   -6.4;eor
       2564;20190121;   10;   9.4;   3.3;    3;   0.2;   8;    1.517;   0;   6.5;   5.1; 1015.08;   -1.6;   91.33;    1.4;   -6.0;   -7.1;eor
       2564;20190122;   10;   9.6;   3.3;    3;   0.0;   0;    2.400;   1;   4.3;   5.1; 1005.05;   -0.5;   86.71;    1.2;   -2.9;   -4.4;eor
       2564;20190123;   10;   7.2;   2.6;    3;   0.0;   0;    3.300;   0;   2.1;   3.8; 1001.40;   -3.6;   80.79;   -2.2;   -4.9;   -7.7;eor
       2564;20190124;   10;   6.2;   2.1;    3;   0.0;   7;    0.000;   0;   8.0;   3.3; 1009.84;   -5.0;   77.25;   -3.3;   -6.9;   -6.6;eor
       2564;20190125;   10;   8.6;   2.9;    3;   0.2;   8;    0.000;   1;   7.9;   3.4; 1008.89;   -3.7;   74.04;   -2.8;   -4.3;   -4.4;eor
       2564;20190126;   10;   7.7;   2.4;    3;   4.7;   6;    0.333;   1;   7.6;   6.9;  995.45;    2.2;   95.63;    4.8;   -3.0;   -3.0;eor
       2564;20190127;   10;   9.6;   3.2;    3;   6.5;   6;    0.000;   0;   7.9;   8.2;  981.15;    4.7;   95.42;    5.4;    2.3;    0.6;eor
       2564;20190128;   10;  10.4;   2.8;    3;   0.2;   8;    0.000;   0;   6.8;   6.3;  986.97;    1.4;   92.04;    3.2;   -2.4;   -4.0;eor
       2564;20190129;   10;   7.9;   2.8;    3;   0.3;   8;    1.217;   0;   2.3;   5.5;  997.45;   -0.2;   90.21;    2.6;   -3.3;   -6.0;eor
       2564;20190130;   10;  11.3;   3.5;    3;   0.1;   7;    3.133;   0;   3.0;   5.0;  995.22;    0.5;   79.21;    2.7;   -1.3;   -3.3;eor
       2564;20190131;   10;   6.7;   2.6;    3;   0.0;   8;    0.133;   1;   5.3;   5.0;  994.81;    0.5;   79.38;    2.3;   -2.4;   -5.0;eor
       2564;20190201;   10;  11.2;   3.7;    3;   0.0;   0;    0.083;   0;   4.5;   5.1;  993.18;   -0.4;   86.67;    0.5;   -1.8;   -3.7;eor
       2564;20190202;   10;   7.3;   3.7;    3;   0.1;   8;    0.000;   0;   7.4;   5.9;  996.81;    1.0;   89.08;    2.2;   -3.1;   -4.5;eor
       2564;20190203;   10;   8.8;   3.6;    3;   0.0;   0;    4.450;   0;   3.6;   5.6; 1011.83;    1.1;   85.46;    3.5;   -0.7;   -3.8;eor
       2564;20190204;   10;  14.9;   4.6;    3;   1.0;   8;    0.333;   0;   5.4;   5.5; 1017.65;    1.5;   80.79;    3.7;   -1.3;   -5.3;eor
       2564;20190205;   10;  12.2;   4.7;    3;   0.8;   6;    0.033;   0;   7.8;   7.3; 1018.60;    3.5;   92.38;    5.3;    1.8;    1.3;eor
       2564;20190206;   10;  11.3;   3.3;    3;   7.9;   6;    0.000;   0;   7.5;   7.3; 1016.32;    3.3;   93.25;    4.5;    1.1;   -0.2;eor
       2564;20190207;   10;  15.1;   4.4;    3;   3.9;   6;    0.683;   0;   6.8;   8.0; 1002.68;    5.5;   88.25;    7.6;    4.1;    3.8;eor
       2564;20190208;   10;  14.3;   5.5;    3;   4.9;   6;    0.000;   0;   8.0;   8.1; 1001.76;    6.6;   83.50;    8.3;    5.2;    4.6;eor
       2564;20190209;   10;  20.8;   6.9;    3;   2.8;   6;    0.433;   0;   7.3;   8.0;  992.83;    7.0;   79.71;    8.5;    5.4;    4.7;eor
       2564;20190210;   10;  12.3;   4.5;    3;  13.9;   6;    0.000;   0;   7.0;   7.8;  988.93;    5.1;   88.83;    7.0;    2.3;    2.0;eor
       2564;20190211;   10;  16.1;   7.0;    3;   0.2;   8;    5.833;   0;   3.4;   6.1; 1005.07;    4.5;   73.33;    7.3;    1.8;    0.2;eor
       2564;20190212;   10;  14.0;   4.7;    3;   0.0;   6;    4.250;   0;   5.7;   6.3; 1023.48;    4.3;   75.83;    7.0;    1.0;   -0.9;eor
       2564;20190213;   10;  12.0;   5.5;    3;   0.0;   6;    0.000;   0;   8.0;   9.2; 1026.00;    6.9;   92.67;    8.1;    5.6;    5.2;eor
       2564;20190214;   10;  10.2;   3.7;    3;   0.0;   0;    4.783;   0;   4.0;   7.8; 1029.75;    5.9;   84.75;    9.4;    2.5;   -1.5;eor
       2564;20190215;   10;   7.5;   2.0;    3;   0.0;   0;    7.683;   0;   0.0;   5.8; 1027.58;    6.8;   63.58;   14.3;   -0.1;   -3.2;eor
       2564;20190216;   10;   9.8;   3.6;    3;   0.0;   0;    7.600;   0;   2.2;   7.4; 1019.52;    8.4;   66.33;   11.9;    4.5;    1.6;eor
       2564;20190217;   10;   6.9;   2.2;    3;   0.0;   0;    4.517;   0;   4.2;   9.2; 1018.24;    9.4;   77.96;   13.1;    5.4;    1.1;eor
       2564;20190218;   10;   7.3;   2.3;    3;   0.8;   6;    8.700;   0;   0.1;   7.8; 1012.86;    8.0;   72.25;   14.2;    4.1;   -0.6;eor
       2564;20190219;   10;  14.1;   5.2;    3;   1.9;   6;    0.083;   0;   7.0;   8.3; 1008.44;    6.3;   86.38;    7.6;    5.5;    1.1;eor
       2564;20190220;   10;  10.4;   4.1;    3;   0.4;   6;    0.000;   0;   7.9;   8.6; 1014.92;    6.9;   85.79;    8.2;    5.3;    4.4;eor
       2564;20190221;   10;  10.7;   4.8;    3;   0.8;   6;    0.000;   0;   7.8;   9.2; 1018.43;    7.3;   89.46;    8.0;    6.5;    5.8;eor
       2564;20190222;   10;  11.0;   3.9;    3;   0.0;   0;    4.417;   0;   4.9;   6.3; 1034.87;    3.5;   79.46;    6.8;    0.7;   -1.2;eor
       2564;20190223;   10;   7.5;   2.4;    3;   0.0;   0;    4.500;   0;   1.1;   4.4; 1037.80;    2.9;   59.21;    6.6;   -0.3;   -2.6;eor
       2564;20190224;   10;   6.4;   2.3;    3;   0.0;   0;    9.000;   0;   0.1;   5.4; 1034.63;    5.0;   61.83;   13.0;   -0.7;   -3.1;eor
       2564;20190225;   10;   7.4;   2.3;    3;   0.0;   0;    7.750;   0;   0.0;   6.7; 1033.56;    4.4;   80.17;   12.7;   -2.0;   -4.5;eor
       2564;20190226;   10;   5.9;   2.2;    3;   0.0;   0;    8.083;   0;   1.8;   7.0; 1030.01;    6.0;   75.96;   14.0;   -0.6;   -3.4;eor
       2564;20190227;   10;   9.0;   3.0;    3;   0.0;   0;   10.100;   0;   0.0;   5.6; 1020.14;    8.4;   52.42;   15.8;    1.3;   -3.9;eor
       2564;20190228;   10;   9.9;   4.6;    3;   0.0;   0;    4.200;   0;   4.6;   7.7; 1008.19;    5.7;   84.67;    9.4;    3.5;    2.5;eor
       2564;20190301;   10;   6.7;   3.0;    3;   0.0;   0;    1.100;   0;   7.3;   6.3; 1008.71;    4.3;   76.17;    6.6;    1.3;   -3.1;eor
       2564;20190302;   10;   9.3;   2.6;    3;   0.8;   6;    0.000;   0;   7.0;   6.4; 1008.30;    4.5;   76.29;    6.8;   -0.1;   -3.5;eor
       2564;20190303;   10;  12.6;   4.8;    3;   8.7;   6;    1.500;   0;   6.7;   9.8;  995.92;    8.7;   86.71;   10.3;    6.8;    6.3;eor
       2564;20190304;   10;  24.0;   7.8;    3;   7.9;   6;    0.600;   0;   7.0;   9.0;  981.48;    8.2;   82.17;   12.6;    5.3;    4.8;eor
       2564;20190305;   10;  20.8;   6.9;    3;   0.7;   6;    4.200;   0;   5.6;   7.4;  994.73;    6.1;   78.71;    8.4;    3.6;    0.4;eor
       2564;20190306;   10;  10.6;   3.6;    3;   4.3;   6;    0.000;   0;   7.0;   8.1;  998.34;    6.1;   84.79;    9.2;    3.2;    1.2;eor
       2564;20190307;   10;  19.6;   4.7;    3;   7.2;   6;    1.633;   0;   7.0;   8.8;  986.71;    8.7;   78.58;   12.1;    5.5;    3.9;eor
       2564;20190308;   10;  20.5;   7.5;    3;   4.3;   6;    4.133;   0;   6.2;   7.0;  996.81;    5.9;   76.00;    8.5;    3.8;    2.2;eor
       2564;20190309;   10;  20.6;   6.6;    3;   5.6;   8;    0.833;   0;   6.5;   7.1;  996.70;    4.8;   82.29;    7.9;    0.4;    0.0;eor
       2564;20190310;   10;  21.8;   5.2;    3;   0.3;   8;    4.083;   0;   3.7;   6.4;  997.84;    5.0;   74.25;    8.5;    1.5;   -0.2;eor
       2564;20190311;   10;   8.6;   2.8;    3;   1.9;   8;    4.067;   0;   4.5;   6.5; 1005.49;    2.7;   87.21;    5.9;   -0.8;   -2.7;eor
       2564;20190312;   10;  15.4;   4.8;    3;   6.0;   6;    0.450;   0;   5.6;   6.8; 1005.58;    3.9;   83.92;    6.4;   -0.1;   -3.8;eor
       2564;20190313;   10;  16.6;   6.2;    3;   8.7;   6;    0.050;   0;   7.7;   7.8;  989.33;    5.2;   87.75;    6.6;    3.8;    3.0;eor
       2564;20190314;   10;  13.6;   5.5;    3;   5.4;   6;    0.000;   0;   7.3;   8.1;  989.45;    5.6;   88.79;    6.3;    4.7;    3.1;eor
       2564;20190315;   10;  26.3;   8.2;    3;   3.9;   6;    0.283;   0;   6.9;   7.8;  990.58;    6.3;   82.29;    8.9;    4.3;    3.1;eor
       2564;20190316;   10;  16.0;   5.5;    3;  14.7;   6;    0.367;   0;   5.9;   8.1;  996.13;    6.3;   85.13;    9.9;    4.2;    3.0;eor
       2564;20190317;   10;  18.0;   7.1;    3;   6.5;   6;    3.283;   0;   6.3;   7.6;  991.12;    7.1;   74.67;   10.1;    2.4;    2.0;eor
       2564;20190318;   10;  20.0;   7.8;    3;   2.1;   8;    3.600;   0;   5.1;   6.8; 1003.20;    5.0;   78.38;    7.6;    2.7;    0.8;eor
       2564;20190319;   10;   9.3;   3.5;    3;   0.0;   0;    8.167;   0;   2.4;   6.2; 1020.95;    4.6;   73.25;    8.7;    1.9;   -1.8;eor
       2564;20190320;   10;  11.9;   3.9;    3;   0.0;   6;    0.000;   0;   6.8;   8.7; 1026.05;    6.5;   88.00;    9.0;    2.0;   -0.6;eor
       2564;20190321;   10;  12.8;   4.8;    3;   0.0;   6;    0.000;   0;   7.9;  10.4; 1028.21;    9.0;   91.04;   11.6;    7.4;    7.4;eor
       2564;20190322;   10;   6.5;   2.5;    3;   0.0;   6;    1.283;   0;   5.3;  10.3; 1026.90;    8.7;   91.67;   11.8;    6.2;    6.3;eor
       2564;20190323;   10;  11.0;   4.1;    3;   0.0;   0;    2.650;   0;   5.6;   8.4; 1024.08;    7.4;   81.50;   12.3;    0.9;   -0.8;eor
       2564;20190324;   10;  10.1;   3.4;    3;   3.7;   6;    5.517;   0;   5.6;   6.9; 1021.40;    5.2;   79.71;    9.8;    1.0;    0.1;eor
       2564;20190325;   10;  12.6;   4.8;    3;   0.0;   6;    6.467;   0;   3.9;   7.0; 1012.75;    4.9;   80.88;    8.8;    1.0;   -1.3;eor
       2564;20190326;   10;  14.2;   5.8;    3;   0.0;   6;    2.000;   0;   6.5;   7.3; 1021.03;    6.1;   78.42;    9.9;    2.3;    0.1;eor
       2564;20190327;   10;  11.2;   4.6;    3;   0.8;   6;    0.000;   0;   7.8;   9.7; 1024.96;    7.4;   93.13;    9.3;    6.0;    5.5;eor
       2564;20190328;   10;   9.3;   3.9;    3;   0.0;   0;    0.000;   0;   8.0;  10.3; 1029.27;    9.3;   88.13;   12.1;    7.2;    5.8;eor
       2564;20190329;   10;  10.5;   3.2;    3;   0.0;   0;    4.150;   0;   3.8;   9.0; 1026.47;    9.4;   77.13;   13.3;    4.4;    0.1;eor
       2564;20190330;   10;  10.6;   3.3;    3;   0.0;   6;   10.183;   0;   1.2;   9.0; 1017.34;    9.7;   76.88;   17.3;    2.2;   -1.6;eor
       2564;20190331;   10;  11.1;   4.0;    3;   0.0;   0;   10.033;   0;   1.5;   5.9; 1021.31;    5.5;   66.17;    9.1;    0.2;   -3.6;eor
       2564;20190401;   10;   9.9;   3.0;    3;   0.0;   0;   12.450;   0;   0.1;   5.4; 1022.76;    4.2;   66.88;    8.9;   -2.3;   -5.1;eor
       2564;20190402;   10;   9.1;   3.4;    3;   0.4;   6;    9.617;   0;   2.1;   6.1; 1006.97;    8.8;   53.88;   14.0;    3.1;    0.3;eor
       2564;20190403;   10;   6.1;   2.4;    3;   6.0;   6;    0.000;   0;   5.0;   9.6;  999.85;    8.7;   85.04;   11.7;    4.6;    2.5;eor
       2564;20190404;   10;-999;-999;    3;   0.0;   4;    4.500;   0;  -999;  -999;    -999;    8.2;-999;   12.4;    4.6;    2.3;eor
       2564;20190405;   10;   7.0;   2.7;    3;   0.0;   0;    7.300;   0;   3.0;   9.4; 1002.07;    8.6;   84.42;   14.2;    2.5;    0.9;eor
       2564;20190406;   10;   7.4;   3.3;    3;   0.0;   0;   10.983;   0;   1.4;   9.6; 1005.81;    9.1;   83.54;   15.0;    3.5;    1.7;eor
       2564;20190407;   10;   6.4;   3.0;    3;   0.0;   6;   11.750;   0;   0.3;   9.3; 1006.63;    9.2;   80.25;   15.1;    4.6;    2.2;eor
       2564;20190408;   10;  10.9;   4.8;    3;   0.1;   6;    8.633;   0;   3.4;   7.8; 1010.91;    7.5;   75.04;   10.5;    3.6;    0.0;eor
       2564;20190409;   10;  10.9;   4.4;    3;   0.0;   0;    9.433;   0;   1.4;   5.8; 1015.17;    4.4;   69.58;    8.0;    0.7;   -3.3;eor
       2564;20190410;   10;  10.6;   4.7;    3;   0.2;   8;   11.917;   0;   2.5;   5.2; 1017.70;    3.5;   66.71;    7.3;   -3.9;   -6.5;eor
       2564;20190411;   10;   8.9;   3.0;    3;   0.8;   8;    1.833;   0;   7.8;   6.0; 1023.59;    4.2;   72.67;    7.0;    1.5;    0.8;eor
       2564;20190412;   10;  12.4;   4.1;    3;   1.7;   8;    6.083;   0;   6.5;   5.0; 1025.80;    3.8;   62.96;    6.8;    1.5;   -1.7;eor
       2564;20190413;   10;  13.7;   6.5;    3;   4.1;   8;    0.683;   0;   7.4;   5.7; 1024.78;    2.9;   76.04;    4.8;    0.5;    0.0;eor
       2564;20190414;   10;  13.6;   6.7;    3;   0.2;   6;    2.000;   0;   7.5;   6.7; 1026.13;    4.9;   77.88;    7.5;    2.8;    2.3;eor
       2564;20190415;   10;  11.8;   6.2;    3;   0.0;   0;   11.150;   0;   3.0;   6.5; 1027.03;    5.6;   72.17;    8.8;    3.3;    1.0;eor
       2564;20190416;   10;  11.4;   5.6;    3;   0.0;   0;   11.367;   0;   1.2;   6.6; 1022.14;    6.4;   69.00;    9.9;    2.9;    1.1;eor
       2564;20190417;   10;  10.3;   4.1;    3;   0.0;   0;   13.300;   0;   0.0;   7.4; 1025.57;    8.2;   68.58;   12.8;    2.7;   -0.3;eor
       2564;20190418;   10;  10.1;   5.1;    3;   0.0;   0;   13.383;   0;   0.0;   8.2; 1029.54;    9.3;   71.88;   14.2;    4.7;    3.3;eor
       2564;20190419;   10;   9.0;   4.3;    3;   0.0;   0;   13.433;   0;   0.0;   8.2; 1031.21;    9.6;   70.17;   15.6;    4.2;    0.5;eor
       2564;20190420;   10;   6.8;   2.8;    3;   0.0;   0;   13.983;   0;   0.0;   6.7; 1029.45;    8.9;   61.83;   14.4;    3.0;   -1.0;eor
       2564;20190421;   10;   6.9;   2.5;    3;   0.0;   0;   14.017;   0;   0.0;   7.2; 1020.86;   11.3;   55.71;   18.0;    2.4;   -2.2;eor
       2564;20190422;   10;  14.7;   4.6;    3;   0.0;   0;   13.983;   0;   0.0;   7.9; 1014.32;   12.2;   56.54;   18.2;    7.5;    2.6;eor
       2564;20190423;   10;  17.1;   6.9;    3;   0.0;   6;   13.350;   0;   1.5;   8.8; 1007.09;   12.6;   60.50;   15.2;    9.7;    8.0;eor
       2564;20190424;   10;  10.7;   4.0;    3;   0.2;   6;    8.183;   0;   2.7;  11.6; 1001.59;   14.4;   70.88;   20.8;    9.7;    8.1;eor
       2564;20190425;   10;   7.7;   2.9;    3;   0.0;   0;   11.133;   0;   2.4;  11.3; 1005.66;   16.4;   62.58;   23.1;   12.3;   10.3;eor
       2564;20190426;   10;  11.8;   3.8;    3;   5.7;   6;    3.283;   0;   6.3;  12.1; 1006.60;   13.1;   80.04;   17.3;    9.4;    7.6;eor
       2564;20190427;   10;  10.4;   2.7;    3;   1.7;   6;    5.883;   0;   6.2;  11.2; 1007.31;   12.3;   79.96;   19.2;    9.1;    8.6;eor
       2564;20190428;   10;   8.1;   3.4;    3;   0.4;   6;    0.100;   0;   6.8;  10.1; 1014.00;    9.1;   87.38;   10.6;    6.3;    5.0;eor
       2564;20190429;   10;   9.0;   3.7;    3;   0.0;   0;    8.500;   0;   3.9;  10.0; 1019.02;   10.3;   80.79;   15.9;    2.8;    1.1;eor
       2564;20190430;   10;   9.1;   3.8;    3;   0.0;   0;    6.500;   0;   3.3;   9.1; 1016.73;   11.7;   68.92;   19.1;    2.7;    0.2;eor
       2564;20190501;    3;  14.3;   6.4;    3;   0.0;   6;    0.000;-999;   7.9;   9.7; 1009.89;    8.6;   86.29;   10.0;    7.8;    7.7;eor
       2564;20190502;    3;  15.7;   6.5;    3;   0.8;   6;    0.800;-999;   6.4;   8.7; 1001.24;    8.0;   80.21;    9.8;    3.7;    1.9;eor
       2564;20190503;    3;  15.6;   5.5;    3;   1.0;   6;    8.000;-999;   3.4;   6.3; 1002.88;    5.8;   69.88;   10.5;    2.0;    0.1;eor
       2564;20190504;    3;  11.6;   4.2;    3;   0.0;   6;    9.300;-999;   4.0;   6.2; 1003.79;    4.4;   74.88;    9.4;    0.2;   -2.1;eor
       2564;20190505;    3;  12.0;   4.2;    3;   0.4;   4;-999;-999;   3.1;   6.4; 1012.25;    6.3;   68.54;   12.8;   -1.5;   -4.3;eor
       2564;20190506;    3;  14.8;   5.0;    3;   0.4;   4;-999;-999;   3.7;   6.9; 1011.59;    6.7;   71.58;   10.6;    2.9;    0.8;eor
       2564;20190507;    3;  12.1;   3.7;    3;   1.1;   4;-999;-999;   3.0;   6.2; 1012.32;    6.9;   64.17;   12.1;    2.0;   -0.6;eor
       2564;20190508;    3;  12.1;   2.6;    3;   7.3;   4;-999;-999;   5.6;   8.3; 1001.60;    9.9;   69.25;   14.4;    4.8;    1.7;eor
       2564;20190509;    3;   7.1;   2.6;    3;   0.1;   6;-999;-999;   6.8;  11.0;  994.73;   12.4;   78.08;   17.7;    9.4;    8.9;eor
       2564;20190510;    3;  10.0;   3.3;    3;   2.8;   6;-999;-999;   6.0;   9.6; 1003.33;    9.1;   82.58;   11.7;    1.8;   -0.9;eor
       2564;20190511;    3;   9.3;   3.3;    3;   0.0;   0;-999;-999;   0.6;   7.1; 1013.09;    7.8;   69.58;   13.5;   -0.8;   -2.7;eor
       2564;20190512;    3;  13.2;   5.5;    3;   0.0;   0;-999;-999;   0.5;   6.9; 1026.62;    8.7;   63.83;   14.7;    2.8;    0.9;eor
       2564;20190513;    3;   9.7;   4.2;    3;   0.0;   0;-999;-999;   0.6;   6.9; 1033.49;    8.8;   63.21;   14.4;    1.5;   -0.4;eor
       2564;20190514;    3;   6.8;   2.6;    3;   0.0;   0;-999;-999;   3.0;   6.9; 1031.59;    8.5;   64.63;   13.8;    0.5;   -0.8;eor
       2564;20190515;    3;   8.1;   2.8;    3;   0.0;   0;-999;-999;   1.6;   6.7; 1025.74;    9.6;   58.25;   15.3;    1.1;   -1.2;eor
       2564;20190516;    3;  16.1;   6.5;    3;   0.8;   6;-999;-999;   7.5;   8.7; 1017.56;   11.5;   63.96;   15.1;    9.1;    7.3;eor
       2564;20190517;    3;  12.7;   5.0;    3;   0.0;   0;-999;-999;   7.7;  12.0; 1009.13;   10.6;   93.54;   14.4;    8.9;    8.6;eor
       2564;20190518;    3;   9.9;   4.7;    3;   0.0;   0;-999;-999;   4.1;  13.3; 1006.03;   13.3;   87.54;   19.3;    9.6;    9.7;eor
       2564;20190519;    3;   9.1;   4.9;    3;   0.0;   0;-999;-999;   6.1;  13.6; 1004.90;   12.7;   92.75;   16.4;   10.1;   10.5;eor
       2564;20190520;    3;   8.0;   4.1;    3;   0.0;   6;-999;-999;   5.5;  15.0; 1003.37;   15.4;   86.42;   20.3;   11.8;   11.9;eor
       2564;20190521;    3;   9.8;   3.7;    3;  29.6;   6;-999;-999;   7.8;  15.8; 1003.91;   15.1;   91.83;   17.5;   11.8;   11.7;eor
       2564;20190522;    3;  10.9;   5.7;    3;   0.8;   6;-999;-999;   5.1;  11.4; 1011.19;   11.1;   86.71;   14.8;    6.3;    4.0;eor
       2564;20190523;    3;   9.1;   2.9;    3;   0.0;   0;-999;-999;   1.6;  10.3; 1013.53;   13.9;   67.92;   20.5;    6.9;    4.5;eor
       2564;20190524;    3;  14.5;   4.6;    3;   0.0;   6;-999;-999;   2.8;  10.4; 1009.04;   13.9;   66.83;   20.4;    7.8;    5.7;eor
       2564;20190525;    3;  11.1;   4.5;    3;   0.0;   6;-999;-999;   7.2;  10.1; 1011.03;   11.6;   73.75;   15.8;    8.9;    7.8;eor
       2564;20190526;    3;  12.3;   3.9;    3;  14.9;   6;-999;-999;   7.3;  13.3; 1004.62;   12.5;   90.25;   14.6;    8.8;    7.8;eor
       2564;20190527;    3;  14.1;   4.9;    3;   0.0;   0;-999;-999;   6.3;  11.3; 1001.91;   13.6;   73.17;   16.5;   10.4;    8.6;eor
       2564;20190528;    3;  10.1;   3.7;    3;   0.0;   0;-999;-999;   4.5;   8.8; 1005.63;   10.9;   68.13;   15.5;    5.3;    2.5;eor
       2564;20190529;    3;   8.4;   2.6;    3;   0.0;   0;-999;-999;   2.0;   7.3; 1017.36;   10.2;   60.88;   15.7;    3.1;    0.2;eor
       2564;20190530;    3;  10.9;   3.7;    3;   1.3;   6;-999;-999;   6.3;  12.5; 1016.24;   13.3;   79.67;   15.8;    9.2;    6.7;eor
       2564;20190531;    3;  11.9;   4.2;    3;   0.0;   0;-999;-999;   7.5;  15.7; 1017.38;   16.7;   82.79;   21.1;   14.0;   12.5;eor
       2564;20190601;    3;  13.2;   3.9;    3;   0.0;   6;-999;-999;   4.1;  13.7; 1016.72;   16.3;   74.63;   21.1;    9.6;    7.7;eor
       2564;20190602;    3;   6.7;   2.1;    3;   0.0;   6;-999;-999;   3.0;  16.1; 1011.83;   19.1;   73.33;   28.0;    8.7;    6.7;eor
       2564;20190603;    3;   9.7;   3.0;    3;   0.6;   6;-999;-999;   4.8;  15.9; 1008.65;   19.6;   69.96;   25.3;   13.8;   13.3;eor
       2564;20190604;    3;   7.5;   2.5;    3;   1.5;   6;-999;-999;   5.9;  13.5; 1009.60;   15.6;   76.63;   18.1;   12.6;   10.9;eor
       2564;20190605;    3;   8.3;   3.3;    3;   0.0;   4;-999;-999;   4.8;  18.1; 1004.58;   21.0;   72.83;   24.7;   15.6;   13.8;eor
       2564;20190606;    3;  13.9;   3.6;    3;   0.1;   4;-999;-999;   4.4;  15.6; 1005.66;   18.1;   74.88;   24.5;   10.7;    8.9;eor
       2564;20190607;    3;   9.0;   3.3;    3;   4.9;   6;-999;-999;   3.3;  12.4; 1010.51;   15.0;   73.42;   18.7;   10.1;    8.6;eor
       2564;20190608;    3;  15.8;   4.7;    3;   0.0;   6;-999;-999;   5.5;  12.1; 1011.04;   15.6;   68.29;   18.3;   12.7;   11.3;eor
       2564;20190609;    3;   9.9;   3.8;    3;   0.2;   6;-999;-999;   4.0;  11.3; 1018.66;   15.8;   63.67;   20.2;   11.8;   10.5;eor
       2564;20190610;    1;  11.3;   5.0;    1;  12.4;   6;-999;-999;   7.5;  14.2; 1012.91;   15.3;   81.33;   18.0;   14.1;   12.9;eor
       2564;20190611;    1;   9.2;   3.2;    1;  10.5;   6;-999;-999;   6.4;  16.9; 1007.98;   16.4;   90.75;   21.9;   13.5;   12.7;eor
       2564;20190612;    1;  14.7;   3.1;    1;   1.4;   6;-999;-999;   7.0;  17.3; 1006.48;   16.1;   94.38;   17.5;   13.8;   12.5;eor
       2564;20190613;    1;  11.6;   3.0;    1;   0.0;   0;-999;-999;  -999;  -999; 1009.00;   18.0;-999;   24.0;   12.6;    9.6;eor
       2564;20190614;    1;  11.0;   2.2;    1;   9.7;   8;-999;-999;  -999;  -999; 1012.62;   18.8;-999;   24.9;   13.0;   10.5;eor
       2564;20190615;    1;  13.2;   3.8;    1;  14.5;   8;-999;-999;   7.1;  17.5; 1008.42;   17.4;   87.75;   20.4;   14.5;   14.2;eor
       2564;20190616;    1;   8.6;   2.6;    1;   0.0;   6;-999;-999;   4.0;  14.6; 1015.59;   16.9;   77.38;   22.2;   12.6;   10.9;eor
       2564;20190617;    1;   8.0;   2.3;    1;   0.0;   0;-999;-999;   1.3;  15.4; 1017.54;   18.7;   72.67;   23.9;   12.3;    9.0;eor
       2564;20190618;    1;  13.6;   2.2;    1;  13.3;   6;-999;-999;   3.2;  17.4; 1012.06;   20.3;   74.83;   28.1;   14.5;   13.4;eor
       2564;20190619;    1;  20.0;   2.4;    1;   4.4;   8;-999;-999;   2.0;  18.1; 1005.09;   20.2;   78.79;   29.1;   14.1;   13.0;eor
       2564;20190620;    1;   9.6;   3.0;    1;   0.2;   6;-999;-999;   5.6;  16.8; 1006.16;   17.6;   83.38;   21.2;   14.2;   13.4;eor
       2564;20190621;    1;  10.0;   2.9;    1;   0.0;   0;-999;-999;   4.3;  13.0; 1014.16;   15.7;   73.75;   21.0;    8.5;    6.9;eor
       2564;20190622;    1;   7.3;   2.8;    1;   0.0;   0;-999;-999;   0.4;  11.0; 1020.99;   14.4;   68.42;   18.0;    8.2;    6.5;eor
       2564;20190623;    1;   8.7;   3.8;    1;   0.0;   0;-999;-999;   0.2;  13.9; 1021.05;   17.6;   68.96;   21.4;   12.8;    9.5;eor
       2564;20190624;    1;   8.5;   3.8;    1;   0.0;   0;-999;-999;   0.0;  15.2; 1021.30;   19.3;   68.21;   23.1;   14.9;   13.4;eor
       2564;20190625;    1;   6.6;   2.1;    1;   0.0;   0;-999;-999;   1.0;  17.9; 1017.13;   24.1;   60.63;   31.2;   14.4;   12.6;eor
       2564;20190626;    1;  12.3;   4.9;    1;   0.0;   0;-999;-999;   1.8;  18.7; 1017.32;   22.0;   70.17;   28.0;   11.8;   11.0;eor
       2564;20190627;    1;  12.3;   6.2;    1;   0.0;   0;-999;-999;   4.6;  12.5; 1021.73;   14.8;   74.04;   18.5;   11.0;   10.1;eor
       2564;20190628;    1;   7.6;   3.0;    1;   0.0;   0;-999;-999;   1.8;  13.5; 1021.51;   15.9;   75.96;   22.9;    9.6;    7.6;eor
       2564;20190629;    1;   7.1;   2.3;    1;   0.0;   0;-999;-999;   0.6;  14.7; 1016.61;   19.2;   69.58;   27.1;   10.8;    8.6;eor
       2564;20190630;    1;  17.3;   4.1;    1;   0.0;   0;-999;-999;   0.7;  16.6; 1008.08;   21.9;   65.67;   32.1;   14.6;   12.0;eor
       2564;20190701;    1;  16.8;   5.1;    1;   5.6;   6;-999;-999;   4.5;  14.7; 1009.73;   17.1;   76.58;   22.2;   13.7;   11.1;eor
       2564;20190702;    1;  15.4;   6.1;    1;   0.0;   6;-999;-999;   5.0;  10.8; 1015.39;   13.5;   70.17;   17.1;    9.3;    6.9;eor
       2564;20190703;    1;  12.1;   4.7;    1;   0.0;   6;-999;-999;   4.1;  10.3; 1018.84;   13.4;   68.17;   18.0;    8.4;    6.1;eor
       2564;20190704;    1;  15.0;   5.2;    1;   1.9;   6;-999;-999;   6.2;  12.7; 1016.37;   14.0;   79.17;   18.3;    8.7;    6.0;eor
       2564;20190705;    1;  10.0;   4.5;    1;   1.3;   6;-999;-999;   7.6;  14.7; 1010.03;   14.5;   88.88;   16.7;   12.5;   12.2;eor
       2564;20190706;    1;  16.6;   4.7;    1;   4.7;   6;-999;-999;   7.1;  13.7; 1003.92;   14.5;   83.04;   17.4;   12.7;   11.8;eor
       2564;20190707;    1;  13.3;   5.9;    1;   0.0;   6;-999;-999;   7.4;  10.6; 1006.94;   13.1;   70.79;   16.6;   10.6;    9.6;eor
       2564;20190708;    1;  12.0;   4.6;    1;   0.0;   6;-999;-999;   7.4;  11.3; 1011.12;   13.5;   73.50;   18.2;   10.4;    9.7;eor
       2564;20190709;    1;  10.0;   4.3;    1;   0.0;   6;-999;-999;   5.2;  11.6; 1013.76;   14.1;   72.96;   18.6;    9.9;    8.1;eor
