STATIONS_ID;MESS_DATUM;QN_3;  FX;  FM;QN_4; RSK;RSKF; SDK;SHK_TAG;  NM; VPM;  PM; TMK; UPM; TXK; TNK; TGK;eor
       2712;20180106;   10;   4.0;   1.3;    3;   0.0;   0;    1.533;   0;   7.7;   8.9;  955.47;    7.1;   88.33;    9.4;    5.5;    4.3;eor
       2712;20180107;   10;   4.2;   1.1;    3;   0.0;   0;    0.033;   0;   8.0;   7.6;  962.70;    4.3;   91.42;    5.7;    2.5;    0.5;eor
       2712;20180108;   10;   3.6;   1.1;    3;   0.0;   0;    2.483;   0;   6.1;   7.2;  964.92;    3.9;   88.83;    8.8;    2.0;    0.3;eor
       2712;20180109;   10;   6.3;   1.7;    3;   0.0;   0;    3.083;   0;   7.3;   7.3;  960.44;    4.7;   85.54;    8.2;    2.1;   -0.1;eor
       2712;20180110;   10;   5.4;   1.8;    3;   0.0;   0;    0.067;   0;   7.8;   7.1;  960.77;    2.9;   94.79;    4.4;    0.9;   -1.2;eor
       2712;20180111;   10;   4.7;   1.2;    3;   0.0;   6;    2.933;   0;   8.0;   7.1;  962.75;    3.7;   88.63;    6.8;    2.4;    1.4;eor
       2712;20180112;   10;   6.3;   1.7;    3;   0.0;   6;    0.000;   0;   7.9;   6.3;  970.17;    3.5;   80.46;    4.9;    2.6;    2.5;eor
       2712;20180113;   10;   6.3;   1.8;    3;   0.0;   0;    0.000;   0;   6.0;   5.5;  969.56;    2.5;   75.08;    4.3;   -1.6;   -3.5;eor
       2712;20180114;   10;   4.1;   1.2;    3;   0.0;   0;    0.700;   0;   6.2;   5.3;  968.13;    0.5;   83.67;    2.2;   -2.2;   -4.0;eor
       2712;20180115;   10;  14.1;   2.6;    3;   3.9;   6;    0.550;   0;   7.8;   5.4;  963.94;    1.3;   80.17;    6.7;   -1.0;   -1.0;eor
       2712;20180116;   10;  22.5;   6.9;    3;  14.2;   8;    1.083;   0;   7.6;   7.6;  950.44;    6.3;   79.88;    9.0;    3.5;    2.8;eor
       2712;20180117;   10;  20.7;   6.5;    3;   3.1;   8;    3.050;   0;   6.9;   5.7;  955.47;    2.2;   80.00;    5.0;   -0.2;    0.0;eor
       2712;20180118;   10;  25.0;   8.7;    3;  13.4;   6;    2.083;   0;   7.3;   6.9;  957.32;    4.9;   79.71;    8.2;    1.4;    0.7;eor
       2712;20180119;   10;  16.0;   4.5;    3;   0.1;   8;    4.200;   0;   6.8;   6.6;  959.23;    4.4;   78.33;    6.2;    2.4;    1.2;eor
       2712;20180120;   10;  14.3;   3.5;    3;   4.3;   8;    0.233;   0;   7.7;   6.1;  955.62;    3.3;   78.67;    5.8;    0.8;    0.1;eor
       2712;20180121;   10;  10.6;   2.6;    3;  11.4;   8;    1.117;   0;   7.5;   6.0;  960.92;    3.5;   75.29;    6.3;    0.4;    0.0;eor
       2712;20180122;   10;  15.2;   3.5;    3;  14.2;   6;    0.000;   0;   7.6;   8.9;  960.42;    6.2;   92.21;    9.1;    0.4;    0.0;eor
       2712;20180123;   10;   6.7;   1.7;    3;   0.0;   0;    0.000;   0;   7.2;   7.7;  973.33;    5.3;   86.33;    7.3;    2.7;    0.0;eor
       2712;20180124;   10;   3.9;   1.5;    3;   0.0;   0;    8.000;   0;   7.9;   7.5;  971.82;    5.8;   81.58;   10.3;    3.3;    1.9;eor
       2712;20180125;   10;   4.4;   1.6;    3;   0.0;   0;    1.917;   0;   8.0;   7.4;  965.47;    5.3;   84.08;   10.0;    2.5;    1.0;eor
       2712;20180126;   10;   5.7;   1.3;    3;   0.0;   0;    2.983;   0;   8.0;   7.8;  964.73;    6.1;   82.83;   10.3;    2.6;    1.0;eor
       2712;20180127;   10;   7.8;   1.6;    3;   0.0;   0;    0.000;   0;   8.0;   8.2;  976.94;    6.9;   82.08;    8.0;    5.9;    5.0;eor
       2712;20180128;   10;   8.1;   2.8;    3;   0.0;   6;    0.000;   0;   7.5;   7.3;  983.17;    7.1;   72.33;    9.2;    4.2;    0.8;eor
       2712;20180129;   10;  14.1;   3.8;    3;   0.0;   6;    5.067;   0;   5.9;   8.1;  979.66;    7.1;   80.21;    9.8;    3.7;    0.3;eor
       2712;20180130;   10;   8.0;   2.1;    3;   0.0;   0;    0.200;   0;   7.9;   8.2;  976.41;    7.0;   81.46;    9.2;    6.2;    5.1;eor
       2712;20180131;   10;  12.3;   2.7;    3;  12.4;   6;    3.133;   0;   6.9;   7.3;  963.47;    7.1;   72.96;   10.6;    4.1;    1.1;eor
       2712;20180201;   10;  15.2;   3.7;    3;   0.6;   6;    0.000;   0;   7.2;   6.4;  953.27;    3.4;   80.83;    6.9;    0.5;   -1.8;eor
       2712;20180202;   10;   8.5;   2.9;    3;   0.0;   8;    5.000;   0;   6.8;   5.1;  955.95;    2.2;   71.38;    5.5;   -0.3;   -2.2;eor
       2712;20180203;   10;   6.1;   1.9;    3;   0.0;   8;    0.250;   0;   7.7;   5.2;  955.13;    1.3;   77.21;    3.4;   -0.8;   -3.0;eor
       2712;20180204;   10;   4.0;   1.4;    3;   0.0;   0;    5.900;   0;   7.8;   4.8;  961.37;    1.1;   73.67;    6.1;   -1.4;   -3.1;eor
       2712;20180205;   10;   6.7;   2.6;    3;   0.0;   0;    4.333;   0;   7.4;   4.6;  965.40;    0.5;   73.29;    3.7;   -1.7;   -3.5;eor
       2712;20180206;   10;   4.8;   1.5;    3;   0.0;   0;    1.783;   0;   7.9;   4.7;  959.00;   -0.8;   81.54;    1.9;   -2.4;   -4.2;eor
       2712;20180207;   10;   3.7;   1.4;    3;   2.6;   8;    0.000;   0;   7.9;   5.2;  958.66;   -0.1;   85.08;    1.4;   -1.5;   -2.7;eor
       2712;20180208;   10;   3.6;   1.0;    3;   0.2;   7;    0.200;   1;   7.9;   5.2;  964.73;    0.1;   84.29;    2.1;   -1.0;   -1.4;eor
       2712;20180209;   10;   5.5;   1.6;    3;   0.0;   7;    0.000;   0;   7.7;   5.0;  962.91;    1.0;   76.75;    2.4;   -0.2;   -2.8;eor
       2712;20180210;   10;   7.9;   2.3;    3;   0.0;   8;    0.300;   0;   7.6;   5.1;  964.07;    1.0;   77.33;    3.4;   -0.4;   -2.6;eor
       2712;20180211;   10;   8.3;   2.8;    3;   2.2;   8;    0.000;   0;   7.6;   5.5;  957.98;    1.7;   79.63;    3.1;    0.0;   -1.2;eor
       2712;20180212;   10;  10.9;   2.6;    3;   4.2;   7;    2.467;   0;   6.0;   5.2;  962.52;    0.5;   82.25;    3.8;   -2.9;   -5.3;eor
       2712;20180213;   10;   7.9;   2.3;    3;   0.0;   0;    6.633;   0;   2.3;   4.2;  961.87;   -1.3;   76.46;    2.6;   -4.3;   -6.9;eor
       2712;20180214;   10;   5.7;   1.6;    3;   0.0;   0;    5.583;   0;   4.3;   3.9;  963.44;   -1.7;   73.25;    2.7;   -5.1;   -7.2;eor
       2712;20180215;   10;   4.7;   1.6;    3;  13.5;   8;    0.000;   0;   7.8;   5.4;  965.79;   -0.2;   86.88;    3.3;   -2.7;   -3.8;eor
       2712;20180216;   10;   6.2;   1.6;    3;   1.8;   6;    0.000;   0;   7.9;   7.7;  971.38;    4.2;   92.83;    6.1;    2.8;    1.7;eor
       2712;20180217;   10;   4.1;   1.4;    3;  20.1;   8;    0.000;   0;   7.7;   6.5;  966.22;    1.9;   92.96;    3.3;    0.2;    0.0;eor
       2712;20180218;   10;   7.2;   1.8;    3;   0.0;   0;    0.133;   2;   7.8;   5.4;  971.22;    0.6;   85.17;    1.8;    0.0;   -0.4;eor
       2712;20180219;   10;   6.9;   1.3;    3;   0.0;   7;    0.000;   0;   8.0;   5.0;  965.21;    0.7;   77.71;    1.7;   -0.1;   -0.3;eor
       2712;20180220;   10;   5.9;   1.9;    3;   0.0;   8;    0.000;   0;   7.9;   4.4;  961.97;   -0.3;   73.50;    0.8;   -1.4;   -1.4;eor
       2712;20180221;   10;  12.0;   3.9;    3;   0.0;   8;    0.850;   0;   7.6;   4.3;  963.62;   -0.9;   74.46;    1.7;   -2.7;   -2.8;eor
       2712;20180222;   10;  15.7;   5.8;    3;   0.0;   8;    0.000;   0;   6.4;   3.8;  960.19;   -2.1;   72.79;   -1.2;   -3.3;   -3.9;eor
       2712;20180223;   10;  12.2;   5.1;    3;   0.0;   8;    0.000;   0;   7.9;   3.9;  960.34;   -2.0;   73.50;   -1.1;   -2.7;   -2.6;eor
       2712;20180224;   10;  16.1;   5.9;    3;   0.0;   8;    1.700;   0;   7.7;   3.7;  961.90;   -1.1;   65.63;    1.6;   -3.6;   -3.6;eor
       2712;20180225;   10;  15.5;   5.7;    3;   0.0;   0;    8.783;   0;   3.7;   2.2;  965.93;   -5.3;   54.25;   -1.8;   -7.8;   -8.5;eor
       2712;20180226;   10;  15.0;   5.0;    3;   0.0;   7;    7.200;   0;   3.2;   1.8;  965.17;   -8.6;   57.21;   -5.2;  -11.0;  -11.7;eor
       2712;20180227;   10;  10.6;   3.9;    3;   0.0;   0;    5.483;   0;   7.5;   1.9;  961.21;   -8.5;   59.29;   -5.4;  -10.7;  -11.3;eor
       2712;20180228;   10;   9.8;   3.1;    3;   0.0;   7;    8.300;   0;   4.3;   2.1;  959.64;   -7.1;   58.17;   -1.8;  -11.2;  -12.1;eor
       2712;20180301;   10;   6.2;   2.0;    3;   0.1;   8;    1.583;   0;   6.7;   2.7;  950.32;   -5.3;   66.21;   -1.6;   -7.8;   -7.7;eor
       2712;20180302;   10;   7.9;   1.9;    3;   1.5;   8;    5.367;   1;   4.5;   3.9;  944.19;   -3.0;   76.08;    0.7;   -7.3;   -8.8;eor
       2712;20180303;   10;   7.3;   1.7;    3;   3.1;   8;    1.567;   1;   7.8;   5.8;  945.37;    1.1;   88.21;    4.5;   -1.7;   -1.9;eor
       2712;20180304;   10;   7.1;   1.7;    3;   0.0;   0;    6.817;   0;   7.0;   6.9;  947.30;    5.3;   79.71;   14.1;    0.7;   -0.8;eor
       2712;20180305;   10;   7.0;   2.0;    3;   0.0;   0;    7.683;   0;   8.0;   7.1;  943.88;    7.2;   71.25;   13.8;    3.0;    0.0;eor
       2712;20180306;   10;   8.0;   2.0;    3;   0.4;   6;    2.233;   0;   8.0;   6.8;  940.78;    4.7;   79.17;    9.1;    1.3;   -0.2;eor
       2712;20180307;   10;  12.1;   3.4;    3;   0.9;   6;    0.550;   0;   7.1;   6.8;  947.96;    5.0;   78.54;    8.4;    3.0;    0.1;eor
       2712;20180308;   10;   9.9;   3.2;    3;   0.0;   6;    6.367;   0;   6.7;   5.8;  955.48;    6.7;   61.21;   11.5;    2.5;    0.5;eor
       2712;20180309;   10;   8.6;   1.8;    3;   0.0;   6;    0.367;   0;   8.0;   5.8;  957.55;    9.5;   49.29;   13.2;    6.7;    4.0;eor
       2712;20180310;   10;   5.2;   1.5;    3;   0.1;   6;    0.000;   0;   7.5;   8.3;  955.06;    8.3;   75.25;   11.5;    5.2;    2.7;eor
       2712;20180311;   10;   7.6;   1.9;    3;   0.7;   6;    0.133;   0;   7.3;   8.5;  947.22;    6.7;   86.96;   10.3;    2.4;    1.5;eor
       2712;20180312;   10;  15.8;   3.7;    3;   2.4;   6;    1.217;   0;   7.7;   8.7;  947.76;    8.0;   81.46;   12.6;    5.2;    3.5;eor
       2712;20180313;   10;  18.0;   5.8;    3;   0.0;   6;    0.400;   0;   7.3;   7.2;  956.51;    6.8;   73.17;    8.4;    5.2;    3.5;eor
       2712;20180314;   10;   8.3;   2.4;    3;   0.0;   0;    8.667;   0;   3.7;   6.8;  958.45;    7.9;   65.42;   13.4;    3.6;    0.1;eor
       2712;20180315;   10;  12.6;   2.7;    3;   0.0;   0;    1.417;   0;   7.5;   6.7;  946.73;    6.2;   71.67;   13.9;    1.0;   -1.8;eor
       2712;20180316;   10;   8.2;   2.4;    3;   0.0;   6;    4.450;   0;   4.4;   7.5;  950.57;    7.0;   75.63;   12.9;    2.6;   -0.9;eor
       2712;20180317;   10;   9.3;   2.6;    3;   8.5;   8;    2.017;   0;   7.7;   6.7;  944.62;    3.7;   84.75;    8.3;   -0.9;    0.0;eor
       2712;20180318;   10;   7.6;   1.9;    3;   0.1;   8;    0.000;   4;   7.8;   4.8;  948.50;   -0.5;   82.29;    2.4;   -1.6;   -1.3;eor
       2712;20180319;   10;   6.4;   2.3;    3;   0.0;   8;    0.000;   0;   8.0;   4.3;  954.72;   -1.0;   75.92;    0.7;   -2.0;   -1.9;eor
       2712;20180320;   10;   8.5;   2.1;    3;   1.4;   8;    4.217;   0;   7.0;   3.9;  962.35;   -0.7;   68.04;    3.6;   -2.7;   -3.2;eor
       2712;20180321;   10;   8.8;   2.4;    3;   0.0;   7;    3.300;   0;   6.0;   3.9;  971.61;    0.5;   62.88;    4.0;   -2.6;   -5.8;eor
       2712;20180322;   10;  11.8;   2.4;    3;   1.1;   8;    5.317;   0;   6.0;   4.2;  966.72;    0.6;   67.88;    5.3;   -4.6;   -7.1;eor
       2712;20180323;   10;   6.2;   2.0;    3;   0.1;   8;    1.267;   0;   6.4;   6.2;  956.36;    3.6;   78.83;    7.7;    1.0;   -1.0;eor
       2712;20180324;   10;   4.7;   1.8;    3;   0.0;   0;   12.067;   0;   1.6;   5.2;  948.65;    5.0;   62.50;   11.7;   -1.1;   -3.6;eor
       2712;20180325;   10;   5.3;   1.6;    3;   0.0;   6;   10.317;   0;   7.3;   6.0;  953.78;    6.9;   62.67;   14.1;   -0.2;   -2.8;eor
       2712;20180326;   10;   6.8;   2.0;    3;   2.1;   6;    0.067;   0;   7.9;   6.3;  960.99;    7.3;   62.00;   11.1;    5.1;    4.1;eor
       2712;20180327;   10;   8.4;   2.5;    3;   0.8;   6;    4.467;   0;   7.4;   6.9;  962.25;    6.3;   73.33;   11.5;    3.5;    2.8;eor
       2712;20180328;   10;  15.7;   4.7;    3;   8.3;   6;    0.150;   0;   7.6;   9.5;  955.41;    8.9;   83.50;   12.2;    6.2;    5.5;eor
       2712;20180329;   10;   9.6;   2.3;    3;   1.1;   6;    0.300;   0;   7.2;   7.5;  956.00;    6.5;   78.25;   10.4;    2.4;    0.0;eor
       2712;20180330;   10;  13.8;   2.9;    3;  13.1;   6;    7.133;   0;   6.9;   7.5;  950.50;    6.9;   78.25;   16.3;    1.3;   -0.3;eor
       2712;20180331;   10;   8.6;   2.1;    3;   2.9;   6;    0.783;   0;   7.8;   7.4;  949.12;    5.2;   83.71;    9.1;    3.3;    2.5;eor
       2712;20180401;   10;  16.9;   4.9;    3;   0.4;   6;    2.233;   0;   7.2;   6.8;  959.03;    6.0;   72.88;    9.0;    2.9;   -0.5;eor
       2712;20180402;   10;   6.3;   1.6;    3;   0.0;   6;    8.167;   0;   6.3;   6.3;  958.57;    7.2;   65.38;   14.8;    0.3;   -2.0;eor
       2712;20180403;   10;  15.9;   2.0;    3;   0.0;   6;    6.950;   0;   7.8;   7.8;  955.14;   13.0;   54.21;   20.6;    6.3;    3.0;eor
       2712;20180404;   10;  21.6;   2.9;    3;   1.3;   6;    6.633;   0;   6.8;   8.3;  955.17;   10.5;   69.25;   23.0;    5.8;    3.5;eor
       2712;20180405;   10;  15.2;   3.7;    3;   1.1;   6;    4.000;   0;   5.6;   8.2;  963.63;    9.0;   71.88;   13.4;    4.9;    2.5;eor
       2712;20180406;   10;   5.7;   1.9;    3;   0.0;   0;   12.750;   0;   2.4;   6.7;  966.08;   10.0;   57.83;   18.1;    2.4;   -0.5;eor
       2712;20180407;   10;   3.6;   1.5;    3;   0.0;   0;   12.483;   0;   0.3;   7.6;  961.15;   12.7;   56.08;   24.0;    3.7;    0.8;eor
       2712;20180408;   10;   5.7;   1.6;    3;   0.0;   0;   11.450;   0;   2.8;   8.3;  956.02;   14.9;   52.13;   23.8;    6.6;    3.8;eor
       2712;20180409;   10;   5.2;   1.6;    3;   0.0;   6;    0.717;   0;   8.0;   8.4;  953.01;   13.3;   56.13;   18.7;    9.2;    7.5;eor
       2712;20180410;   10;  15.0;   2.5;    3;   0.0;   0;    9.000;   0;   6.6;   9.0;  952.13;   12.2;   64.71;   22.4;    6.4;    3.6;eor
       2712;20180411;   10;   7.7;   2.0;    3;   0.0;   0;   11.050;   0;   4.8;   7.9;  952.40;   12.0;   60.67;   20.0;    3.7;    1.4;eor
       2712;20180412;   10;  10.9;   2.9;    3;   0.0;   0;    9.550;   0;   7.6;   7.0;  948.18;   14.4;   45.17;   20.3;    9.3;    6.7;eor
       2712;20180413;   10;  12.0;   3.8;    3;   0.0;   0;    9.617;   0;   6.4;   7.6;  957.54;   12.7;   52.75;   18.1;    8.1;    4.5;eor
       2712;20180414;   10;   5.7;   1.5;    3;   0.0;   0;   10.233;   0;   7.0;   8.0;  965.86;   12.9;   57.58;   21.1;    5.1;    2.6;eor
       2712;20180415;   10;   5.0;   1.5;    3;   0.5;   6;    2.883;   0;   7.9;   9.2;  960.85;   12.9;   63.21;   19.2;    7.6;    4.7;eor
       2712;20180416;   10;   6.1;   1.4;    3;   0.3;   6;    0.000;   0;   7.9;  12.0;  963.90;   12.4;   83.54;   15.2;   11.2;   10.1;eor
       2712;20180417;   10;   6.0;   1.7;    3;   0.0;   0;   12.567;   0;   3.7;  10.1;  972.41;   15.1;   63.17;   23.1;    7.6;    5.0;eor
       2712;20180418;   10;  10.5;   2.5;    3;   0.0;   0;   13.200;   0;   3.3;   9.0;  976.26;   16.7;   51.21;   24.4;    8.3;    5.0;eor
       2712;20180419;   10;   4.0;   1.7;    3;   0.0;   0;   13.333;   0;   2.4;   9.2;  974.54;   17.4;   48.79;   25.8;    9.1;    6.0;eor
       2712;20180420;   10;   3.8;   1.6;    3;   0.0;   0;   13.067;   0;   5.6;  10.2;  971.14;   17.3;   53.92;   26.1;    9.8;    6.7;eor
       2712;20180421;   10;   4.1;   1.7;    3;   0.0;   0;   13.183;   0;   5.0;  10.8;  967.70;   17.9;   55.88;   26.1;    9.7;    6.9;eor
       2712;20180422;   10;   6.8;   1.7;    3;   0.0;   0;   12.867;   0;   4.6;  10.9;  964.50;   19.0;   53.29;   27.7;   10.7;    8.1;eor
       2712;20180423;   10;  12.2;   2.3;    3;   2.3;   6;    8.517;   0;   7.8;  12.0;  965.86;   17.4;   62.71;   25.0;   12.8;   10.2;eor
       2712;20180424;   10;   9.0;   2.0;    3;   0.0;   0;   11.450;   0;   6.3;  11.7;  966.49;   16.8;   64.67;   23.3;   11.2;    9.2;eor
       2712;20180425;   10;  12.9;   3.8;    3;   0.0;   6;   11.217;   0;   5.9;  11.5;  962.88;   17.5;   59.96;   23.3;   10.2;    8.1;eor
       2712;20180426;   10;  10.6;   3.2;    3;   0.0;   6;    1.950;   0;   7.8;   8.8;  966.54;   12.6;   60.04;   15.2;    9.1;    6.7;eor
       2712;20180427;   10;   4.7;   1.8;    3;   0.0;   0;   12.650;   0;   5.0;   8.4;  960.34;   14.5;   53.08;   22.6;    6.3;    3.6;eor
       2712;20180428;   10;   5.0;   1.4;    3;   0.0;   0;   10.483;   0;   7.6;  10.0;  959.72;   17.0;   53.79;   24.2;    9.6;    7.3;eor
       2712;20180429;   10;  13.4;   3.0;    3;   0.7;   6;    8.317;   0;   7.2;   9.4;  953.45;   19.1;   45.71;   27.5;   10.8;    8.5;eor
       2712;20180430;   10;  18.3;   5.0;    3;   0.0;   6;    9.667;   0;   6.0;   8.3;  955.32;   13.6;   54.50;   18.5;    8.3;    7.2;eor
       2712;20180501;   10;   7.9;   2.4;    3;   0.0;   6;    5.650;-999;   7.9;   8.1;  960.93;   11.0;   62.46;   15.0;    8.3;    7.7;eor
       2712;20180502;   10;   8.3;   2.6;    3;   0.0;   6;    3.717;-999;   8.0;   8.8;  958.90;   12.9;   59.38;   17.5;    9.7;    9.7;eor
       2712;20180503;   10;   8.6;   2.2;    3;   0.3;   6;    1.333;-999;   7.9;   9.7;  961.05;   14.4;   59.88;   18.7;   11.2;   10.4;eor
       2712;20180504;   10;  12.1;   3.4;    3;   0.0;   0;    2.017;-999;   7.4;  12.2;  963.36;   16.4;   65.21;   19.9;   13.2;   12.3;eor
       2712;20180505;   10;  10.9;   3.8;    3;   0.0;   0;    9.550;-999;   5.0;  12.7;  965.65;   18.8;   59.21;   25.5;   13.6;   12.5;eor
       2712;20180506;   10;   9.6;   2.6;    3;   0.0;   0;    9.667;-999;   2.2;  11.9;  966.76;   18.8;   56.88;   26.4;   13.2;   11.1;eor
       2712;20180507;   10;   7.1;   2.1;    3;   0.0;   0;   11.583;-999;   2.5;  10.1;  963.48;   17.7;   50.96;   26.0;   10.2;    7.1;eor
       2712;20180508;   10;   7.7;   1.9;    3;   0.0;   0;   13.917;-999;   1.6;  10.0;  957.69;   18.8;   48.71;   26.5;   11.1;    8.7;eor
       2712;20180509;   10;   6.3;   1.9;    3;   0.0;   0;   12.300;-999;   3.2;  10.2;  955.21;   18.0;   51.33;   25.0;   11.7;    8.6;eor
       2712;20180510;   10;  10.3;   3.2;    3;   0.6;   6;    0.833;-999;   7.3;  11.7;  961.41;   13.5;   75.33;   16.9;   10.8;    9.8;eor
       2712;20180511;   10;   6.4;   1.7;    3;   0.0;   0;   13.933;-999;   1.6;  11.1;  965.58;   15.6;   65.17;   22.6;    8.6;    6.7;eor
       2712;20180512;   10;   8.7;   1.6;    3;   0.0;   0;   11.133;-999;   3.0;  12.3;  961.40;   18.8;   60.58;   27.7;   10.9;    8.2;eor
       2712;20180513;   10;  10.4;   3.3;    3;  12.2;   6;    5.317;-999;   7.3;  12.7;  957.42;   16.0;   70.88;   22.2;   10.2;   10.1;eor
       2712;20180514;   10;   8.2;   3.1;    3;   7.8;   6;    0.000;-999;   7.8;  11.4;  957.52;   10.9;   87.58;   12.7;    9.1;    9.0;eor
       2712;20180515;   10;  10.4;   2.4;    3;  10.2;   8;    2.650;-999;   7.8;  11.7;  960.34;   11.8;   85.04;   17.0;    9.9;    9.6;eor
       2712;20180516;   10;   7.1;   2.1;    3;   9.4;   6;    0.000;-999;   7.8;  11.9;  962.91;   11.4;   88.21;   13.2;    9.9;    9.4;eor
       2712;20180517;   10;   4.8;   1.6;    3;   5.2;   6;    0.467;-999;   7.5;  12.8;  965.91;   12.3;   89.29;   15.7;    9.2;    7.7;eor
       2712;20180518;   10;   8.0;   1.6;    3;   0.0;   0;    7.500;-999;   5.3;  12.3;  966.57;   15.0;   74.83;   22.5;   10.1;    9.7;eor
       2712;20180519;   10;   9.2;   2.0;    3;  11.1;   8;    8.833;-999;   7.3;  11.7;  966.34;   14.3;   72.67;   22.2;   10.0;    8.0;eor
       2712;20180520;   10;   9.2;   1.9;    3;   0.0;   6;    3.633;-999;   8.0;  12.7;  965.56;   14.8;   76.29;   20.3;    9.9;    8.3;eor
       2712;20180521;   10;   7.2;   1.8;    3;   0.0;   0;   12.350;-999;   5.8;  12.4;  961.58;   17.8;   64.50;   26.1;   11.2;    9.0;eor
       2712;20180522;   10;  10.6;   1.9;    3;   0.0;   6;   11.300;-999;   7.8;  13.2;  960.67;   17.7;   66.83;   25.0;   11.7;    9.6;eor
       2712;20180523;   10;   7.7;   1.7;    3;   0.1;   6;    7.283;-999;   6.4;  13.9;  964.87;   18.3;   68.29;   24.5;   13.9;   12.7;eor
       2712;20180524;   10;   6.0;   1.9;    3;   0.0;   6;    7.800;-999;   5.5;  14.6;  966.04;   18.7;   69.08;   24.5;   14.5;   12.6;eor
       2712;20180525;   10;   5.5;   1.5;    3;   0.0;   0;   14.517;-999;   2.8;  12.9;  966.07;   20.1;   59.13;   27.5;   12.5;   10.6;eor
       2712;20180526;   10;   4.2;   1.5;    3;   0.0;   0;   11.700;-999;   7.0;  14.9;  967.36;   21.5;   60.71;   29.3;   14.4;   12.5;eor
       2712;20180527;   10;   6.5;   1.8;    3;   0.0;   0;    9.233;-999;   7.3;  16.5;  966.11;   22.0;   63.67;   27.4;   17.6;   16.9;eor
       2712;20180528;   10;   5.7;   2.1;    3;   0.0;   6;   12.250;-999;   7.2;  15.0;  964.00;   22.8;   56.54;   30.0;   17.1;   15.3;eor
       2712;20180529;   10;   9.3;   2.9;    3;   0.0;   6;    7.300;-999;   5.8;  15.5;  963.09;   20.3;   65.63;   24.9;   16.7;   14.9;eor
       2712;20180530;   10;  19.1;   2.3;    3;  11.6;   8;   12.150;-999;   2.7;  16.3;  962.79;   21.2;   68.54;   29.7;   14.6;   13.5;eor
       2712;20180531;   10;  15.6;   2.6;    3;   7.5;   6;    7.533;-999;   6.2;  16.6;  963.41;   19.5;   74.96;   27.4;   14.5;   13.9;eor
       2712;20180601;   10;   7.0;   2.4;    3;   0.0;   6;   13.167;-999;   3.1;  14.6;  967.38;   19.5;   66.50;   25.5;   14.3;   12.9;eor
       2712;20180602;   10;   4.9;   1.7;    3;   0.0;   0;   13.217;-999;   1.7;  15.1;  967.10;   20.4;   65.38;   26.3;   14.5;   12.9;eor
       2712;20180603;   10;   6.8;   1.8;    3;   0.0;   0;   12.967;-999;   5.8;  15.0;  964.21;   21.8;   59.42;   28.8;   14.9;   12.5;eor
       2712;20180604;   10;  10.3;   2.3;    3;   0.2;   6;   11.417;-999;   6.8;  15.9;  958.93;   21.9;   62.50;   29.7;   16.8;   15.0;eor
       2712;20180605;   10;   6.4;   1.7;    3;   0.0;   0;   12.600;-999;   6.1;  15.8;  958.60;   21.9;   62.92;   29.0;   16.1;   14.8;eor
       2712;20180606;   10;   9.0;   2.0;    3;   0.3;   6;    9.617;-999;   7.3;  16.6;  960.36;   21.4;   66.13;   28.7;   16.7;   14.7;eor
       2712;20180607;   10;   8.2;   2.3;    3;   0.0;   6;    6.500;-999;   7.9;  16.4;  963.34;   20.8;   67.50;   26.7;   17.7;   15.9;eor
       2712;20180608;   10;   9.3;   1.7;    3;   8.7;   6;    7.500;-999;   6.4;  17.3;  960.98;   19.8;   76.33;   28.8;   15.8;   14.7;eor
       2712;20180609;   10;   6.1;   1.8;    3;   0.0;   0;   10.233;-999;   4.0;  17.9;  961.29;   21.3;   72.46;   27.9;   15.7;   15.0;eor
       2712;20180610;   10;   8.0;   1.8;    3;   0.0;   0;   11.933;-999;   5.5;  17.5;  960.94;   23.0;   65.25;   28.9;   17.0;   15.4;eor
       2712;20180611;   10;  16.3;   2.2;    3;   8.8;   8;    4.033;-999;   6.4;  18.9;  958.83;   20.4;   78.88;   25.0;   17.3;   15.8;eor
       2712;20180612;   10;   7.9;   2.0;    3;  35.5;   6;    1.433;-999;   7.8;  17.2;  957.89;   18.5;   81.54;   22.8;   15.6;   15.4;eor
       2712;20180613;   10;   8.2;   1.6;    3;   2.6;   6;    0.000;-999;   7.8;  13.6;  961.42;   13.7;   86.33;   15.8;   11.8;   10.4;eor
       2712;20180614;   10;   5.2;   1.7;    3;   0.0;   0;   14.133;-999;   4.0;  11.0;  964.45;   16.5;   60.88;   21.6;   11.3;    9.7;eor
       2712;20180615;   10;   6.6;   1.7;    3;   0.0;   0;   13.333;-999;   7.5;  12.2;  964.68;   18.4;   59.67;   24.5;   12.2;   10.2;eor
       2712;20180616;   10;   4.4;   1.4;    3;   0.0;   0;   14.433;-999;   3.9;  12.6;  964.12;   19.9;   56.88;   26.0;   12.7;   10.5;eor
       2712;20180617;   10;   8.2;   1.9;    3;   4.3;   6;    4.750;-999;   6.6;  15.4;  966.91;   18.7;   72.50;   24.3;   15.8;   14.1;eor
       2712;20180618;   10;   4.8;   1.5;    3;   0.0;   6;    9.533;-999;   4.6;  14.3;  970.63;   19.7;   64.38;   25.2;   15.8;   14.2;eor
       2712;20180619;   10;   4.8;   1.5;    3;   0.0;   0;   12.900;-999;   1.2;  14.5;  972.26;   21.2;   59.83;   27.4;   15.4;   13.4;eor
       2712;20180620;   10;   4.3;   1.5;    3;   0.0;   0;   15.217;-999;   0.0;  15.9;  968.59;   23.8;   56.75;   31.0;   16.4;   14.1;eor
       2712;20180621;   10;  12.6;   3.2;    3;   0.0;   0;   10.950;-999;   4.5;  15.7;  965.66;   22.9;   57.63;   29.6;   15.7;   15.5;eor
       2712;20180622;   10;   8.9;   2.5;    3;   0.0;   0;    8.350;-999;   5.5;   8.2;  971.96;   15.2;   48.13;   20.7;   11.0;   10.4;eor
       2712;20180623;   10;   6.3;   1.8;    3;   0.0;   0;   12.317;-999;   3.5;   9.3;  971.92;   16.2;   52.50;   22.0;   10.1;    7.6;eor
       2712;20180624;   10;   6.6;   1.9;    3;   0.1;   6;    8.950;-999;   8.0;  10.5;  968.53;   17.2;   55.00;   23.8;   11.2;    9.0;eor
       2712;20180625;   10;   5.7;   1.6;    3;   0.0;   6;    7.667;-999;   6.3;  11.5;  969.72;   17.5;   58.58;   22.8;   13.6;   11.8;eor
       2712;20180626;   10;   7.3;   2.0;    3;   0.0;   0;    9.867;-999;   5.1;  12.2;  970.29;   19.0;   56.88;   25.6;   12.6;   10.1;eor
       2712;20180627;   10;  11.7;   2.9;    3;   0.0;   0;   12.233;-999;   3.3;  11.8;  968.53;   20.3;   51.67;   26.2;   14.8;   12.9;eor
       2712;20180628;   10;  11.3;   3.2;    3;   1.3;   6;    4.350;-999;   6.3;  12.9;  966.53;   17.2;   66.13;   22.9;   14.3;   12.4;eor
       2712;20180629;   10;   8.4;   2.7;    3;   0.0;   0;    6.917;-999;   5.0;  16.4;  963.58;   20.1;   70.71;   27.3;   15.1;   14.1;eor
       2712;20180630;   10;   6.2;   2.0;    3;   0.0;   0;   14.850;-999;   0.1;  16.5;  961.60;   23.5;   60.50;   31.6;   16.1;   13.8;eor
       2712;20180701;   10;   8.3;   2.6;    3;   0.0;   0;   14.667;-999;   1.3;  12.6;  962.15;   22.1;   48.71;   29.4;   15.9;   15.2;eor
       2712;20180702;   10;   4.8;   1.9;    3;   0.0;   0;   14.650;-999;   2.2;  12.4;  962.11;   22.2;   47.42;   30.1;   14.9;   13.4;eor
       2712;20180703;   10;   9.7;   2.0;    3;   8.2;   6;    2.800;-999;   7.4;  16.6;  965.00;   19.7;   72.17;   24.0;   17.0;   15.7;eor
       2712;20180704;   10;   7.5;   1.8;    3;   0.0;   6;    9.883;-999;   6.8;  17.6;  964.73;   21.6;   70.08;   26.5;   16.7;   15.2;eor
       2712;20180705;   10;  13.2;   2.7;    3;  12.0;   6;    2.750;-999;   7.5;  17.2;  963.93;   19.0;   78.58;   22.3;   15.5;   14.8;eor
       2712;20180706;   10;   7.5;   2.1;    3;   4.5;   6;    0.883;-999;   7.8;  17.3;  967.90;   17.2;   87.75;   21.3;   15.7;   14.8;eor
       2712;20180707;   10;   4.6;   1.4;    3;   0.0;   0;   11.067;-999;   4.9;  15.6;  970.46;   20.6;   67.46;   26.6;   15.6;   15.0;eor
       2712;20180708;   10;   4.5;   1.5;    3;   0.0;   0;   10.117;-999;   5.6;  15.9;  969.10;   21.7;   63.08;   27.8;   16.1;   14.5;eor
       2712;20180709;   10;   5.6;   1.7;    3;   0.0;   0;   14.083;-999;   2.6;  12.2;  967.28;   22.4;   46.96;   29.2;   15.3;   12.7;eor
       2712;20180710;   10;   8.4;   2.3;    3;   0.0;   0;    3.717;-999;   7.8;  12.3;  964.49;   20.0;   52.71;   25.0;   16.5;   16.0;eor
       2712;20180711;   10;   6.9;   2.1;    3;   0.0;   0;    6.617;-999;   6.2;  10.5;  964.74;   17.8;   52.50;   23.3;   14.0;   12.0;eor
       2712;20180712;   10;   5.5;   1.7;    3;   0.0;   0;   12.517;-999;   2.0;  12.1;  965.83;   19.4;   56.42;   26.3;   11.7;   10.1;eor
       2712;20180713;   10;   5.7;   1.8;    3;   0.9;   6;   14.767;-999;   1.3;  13.6;  967.25;   22.1;   54.71;   29.7;   15.2;   13.3;eor
       2712;20180714;   10;   8.1;   1.8;    3;   1.0;   6;   13.000;-999;   6.0;  16.1;  966.11;   23.6;   58.08;   30.1;   17.2;   15.6;eor
       2712;20180715;   10;  10.5;   2.2;    3;   0.7;   6;    7.950;-999;   7.3;  15.7;  964.52;   22.0;   61.58;   29.7;   17.1;   16.3;eor
       2712;20180716;   10;   7.7;   1.9;    3;   0.0;   0;   13.300;-999;   2.2;  15.1;  962.22;   22.1;   59.83;   28.7;   15.9;   14.3;eor
       2712;20180717;   10;  11.9;   2.1;    3;   1.1;   6;   10.200;-999;   4.7;  15.2;  964.81;   21.2;   62.67;   29.3;   16.4;   14.4;eor
       2712;20180718;   10;   5.6;   1.7;    3;   0.0;   0;   13.600;-999;   2.2;  14.1;  965.47;   23.1;   54.38;   30.9;   15.3;   13.4;eor
       2712;20180719;   10;   4.8;   1.6;    3;   0.0;   0;   13.800;-999;   3.0;  13.5;  964.45;   24.1;   47.13;   31.3;   16.9;   14.5;eor
       2712;20180720;   10;   6.9;   1.8;    3;   0.2;   6;    9.267;-999;   5.1;  14.7;  962.16;   24.0;   50.33;   31.3;   18.2;   15.8;eor
       2712;20180721;   10;   9.6;   2.7;    3;   0.4;   6;    1.917;-999;   7.8;  16.0;  961.84;   20.3;   67.96;   24.7;   17.5;   16.8;eor
       2712;20180722;   10;   9.4;   1.5;    3;   2.9;   6;    0.383;-999;   8.0;  16.9;  963.70;   19.1;   77.63;   24.5;   16.7;   15.2;eor
       2712;20180723;   10;   5.4;   1.5;    3;   0.0;   0;    8.867;-999;   4.1;  17.4;  965.74;   21.1;   71.92;   27.3;   16.4;   15.7;eor
       2712;20180724;   10;   5.3;   1.9;    3;   0.0;   0;   14.367;-999;   0.3;  15.9;  963.16;   24.4;   55.63;   32.4;   17.4;   15.5;eor
       2712;20180725;   10;   7.2;   1.7;    3;   0.0;   0;   14.050;-999;   1.3;  16.0;  963.61;   25.2;   52.96;   33.3;   17.7;   15.6;eor
       2712;20180726;   10;   7.4;   2.1;    3;   0.0;   0;   14.433;-999;   0.6;  15.1;  963.17;   25.7;   48.83;   33.0;   18.3;   16.7;eor
       2712;20180727;   10;   5.4;   1.8;    3;   0.0;   0;   14.350;-999;   0.3;  14.9;  961.20;   25.6;   48.25;   33.0;   18.0;   15.7;eor
       2712;20180728;   10;  12.5;   2.4;    3;   0.3;   6;    3.067;-999;   6.6;  17.6;  961.73;   22.0;   66.75;   27.7;   18.8;   17.0;eor
       2712;20180729;   10;   5.0;   1.5;    3;   0.0;   0;   14.167;-999;   4.4;  16.2;  964.00;   24.4;   57.54;   32.5;   16.9;   15.2;eor
       2712;20180730;   10;   5.4;   1.6;    3;   0.0;   0;   13.783;-999;   1.4;  15.2;  964.87;   26.4;   48.88;   34.6;   18.4;   16.5;eor
       2712;20180731;   10;   6.8;   1.7;    3;   0.0;   0;   13.933;-999;   0.3;  15.0;  965.24;   27.7;   44.54;   36.6;   19.4;   17.2;eor
       2712;20180801;   10;  13.3;   2.2;    3;   3.7;   6;   10.567;-999;   6.2;  18.3;  966.89;   26.8;   56.42;   36.5;   20.2;   19.2;eor
       2712;20180802;   10;   7.0;   1.8;    3;   0.0;   0;   10.550;-999;   5.1;  18.3;  969.47;   25.3;   59.46;   32.7;   19.1;   17.9;eor
       2712;20180803;   10;   9.5;   2.2;    3;   0.0;   0;   13.650;-999;   0.0;  18.7;  967.38;   27.6;   53.13;   35.4;   20.4;   18.9;eor
       2712;20180804;   10;  10.7;   1.6;    3;   0.0;   0;    9.483;-999;   3.8;  19.2;  966.16;   27.6;   54.17;   34.2;   21.5;   19.7;eor
       2712;20180805;   10;   8.5;   1.9;    3;   0.0;   0;   12.617;-999;   4.6;  18.8;  966.22;   27.6;   53.46;   34.7;   21.3;   19.4;eor
       2712;20180806;   10;  11.0;   2.0;    3;   1.5;   6;   10.983;-999;   7.5;  16.6;  964.60;   27.0;   49.00;   35.4;   21.1;   19.6;eor
       2712;20180807;   10;  10.0;   1.8;    3;   2.5;   6;    2.750;-999;   7.6;  18.8;  962.85;   24.0;   64.88;   29.9;   20.3;   18.6;eor
       2712;20180808;   10;   9.3;   1.8;    3;   0.1;   6;    5.083;-999;   6.5;  19.6;  963.61;   23.7;   67.88;   30.3;   19.2;   17.8;eor
       2712;20180809;   10;  14.6;   2.8;    3;   3.1;   6;    8.667;-999;   6.2;  18.2;  964.02;   23.1;   67.79;   33.2;   18.8;   17.6;eor
       2712;20180810;   10;  10.9;   2.8;    3;   0.4;   6;    6.567;-999;   5.4;  14.5;  971.88;   19.0;   67.08;   23.3;   14.5;   13.7;eor
       2712;20180811;   10;   7.5;   2.1;    3;   0.0;   0;   11.417;-999;   6.1;  12.2;  971.37;   19.8;   55.92;   26.7;   14.3;   12.2;eor
       2712;20180812;   10;   5.2;   1.8;    3;   0.0;   0;   13.833;-999;   2.4;  13.0;  965.02;   21.8;   51.58;   30.1;   13.7;   11.5;eor
       2712;20180813;   10;  10.7;   2.6;    3;   5.4;   6;    3.417;-999;   6.6;  17.2;  960.86;   19.9;   75.13;   26.2;   16.9;   15.4;eor
       2712;20180814;   10;   7.4;   2.3;    3;   1.5;   8;    5.800;-999;   6.2;  16.1;  964.85;   20.1;   69.96;   25.7;   16.6;   14.3;eor
       2712;20180815;   10;   5.8;   1.6;    3;   0.0;   0;   13.417;-999;   1.0;  14.3;  968.43;   21.0;   60.29;   28.1;   15.1;   13.2;eor
       2712;20180816;   10;   5.1;   1.5;    3;   0.0;   0;   13.417;-999;   1.1;  14.5;  965.04;   22.4;   57.17;   30.4;   15.3;   13.4;eor
       2712;20180817;   10;  11.3;   2.3;    3;   0.9;   6;    9.117;-999;   7.0;  16.1;  964.85;   21.5;   65.71;   31.5;   16.5;   14.4;eor
       2712;20180818;   10;   5.0;   1.4;    3;   0.0;   0;    6.500;-999;   6.9;  17.2;  969.03;   22.7;   63.96;   28.7;   18.2;   17.7;eor
       2712;20180819;   10;   5.7;   1.8;    3;   0.4;   6;   12.283;-999;   3.7;  16.3;  968.93;   24.3;   55.46;   31.4;   17.6;   15.8;eor
       2712;20180820;   10;   8.1;   1.7;    3;   0.0;   0;   12.050;-999;   1.3;  15.1;  967.78;   25.1;   49.58;   31.7;   19.4;   17.7;eor
       2712;20180821;   10;   5.2;   1.7;    3;   0.0;   0;   11.683;-999;   1.2;  16.2;  966.99;   25.0;   53.63;   32.4;   18.3;   16.3;eor
       2712;20180822;   10;   6.1;   1.6;    3;   0.0;   0;   12.817;-999;   2.5;  15.9;  965.56;   25.2;   52.21;   32.8;   18.3;   16.2;eor
       2712;20180823;   10;  15.3;   2.0;    3;  20.4;   8;    6.200;-999;   8.0;  18.3;  963.52;   22.3;   69.46;   30.5;   17.9;   17.5;eor
       2712;20180824;   10;  10.8;   3.3;    3;   0.1;   6;    4.650;-999;   7.3;  15.5;  962.75;   19.3;   70.00;   26.1;   16.1;   15.8;eor
       2712;20180825;   10;  11.4;   3.0;    3;   0.4;   6;    0.000;-999;   8.0;  12.1;  963.45;   14.3;   74.17;   16.8;   11.6;   10.8;eor
       2712;20180826;   10;   5.7;   1.8;    3;   0.0;   0;   11.633;-999;   4.8;   9.0;  965.75;   14.2;   59.79;   20.2;    9.0;    7.8;eor
       2712;20180827;   10;   9.5;   2.0;    3;   0.0;   6;    6.450;-999;   7.6;  11.8;  965.36;   19.3;   54.42;   26.0;   12.1;   11.0;eor
       2712;20180828;   10;   4.0;   1.3;    3;   0.0;   0;   11.467;-999;   6.0;  15.0;  966.58;   21.7;   60.00;   28.8;   16.8;   15.6;eor
       2712;20180829;   10;  16.7;   2.9;    3;   5.5;   6;    7.350;-999;   6.5;  16.4;  964.14;   20.4;   71.29;   29.9;   15.1;   13.3;eor
       2712;20180830;   10;   7.7;   2.5;    3;   3.3;   6;    0.417;-999;   7.8;  15.4;  968.15;   17.6;   76.54;   20.4;   15.6;   15.2;eor
       2712;20180831;   10;   6.7;   2.0;    3;  14.6;   6;    0.000;-999;   7.8;  14.9;  967.08;   15.3;   85.63;   16.6;   13.7;   13.4;eor
       2712;20180901;   10;   6.8;   1.7;    3;   0.9;   6;    0.000;-999;   7.6;  13.4;  970.37;   13.9;   84.42;   15.7;   13.1;   12.6;eor
       2712;20180902;   10;   5.4;   1.6;    3;   0.0;   6;    0.300;-999;   7.8;  13.3;  968.44;   14.4;   81.33;   16.3;   12.8;   11.8;eor
       2712;20180903;   10;   3.6;   1.3;    3;   0.0;   0;    2.133;-999;   7.4;  14.2;  964.76;   16.2;   78.25;   22.1;   12.8;   11.4;eor
       2712;20180904;   10;   4.7;   1.5;    3;   0.0;   0;    7.533;-999;   5.3;  14.8;  964.85;   17.3;   76.71;   24.2;   12.2;   10.9;eor
       2712;20180905;   10;   3.8;   1.5;    3;   0.0;   0;    9.167;-999;   1.8;  15.4;  964.61;   19.0;   72.54;   26.5;   13.3;   11.4;eor
       2712;20180906;   10;   7.7;   2.1;    3;   0.0;   6;    7.617;-999;   7.4;  15.6;  961.23;   19.9;   69.13;   26.3;   14.5;   12.8;eor
       2712;20180907;   10;   8.5;   2.9;    3;   0.0;   0;    9.533;-999;   5.2;  14.0;  964.10;   19.4;   63.29;   24.4;   16.5;   15.8;eor
       2712;20180908;   10;   5.2;   1.5;    3;   0.0;   0;   11.383;-999;   3.8;  12.6;  968.72;   18.3;   62.25;   24.8;   13.5;   11.6;eor
       2712;20180909;   10;   4.6;   1.6;    3;   0.0;   0;   12.267;-999;   4.8;  14.4;  969.95;   18.8;   69.00;   26.3;   12.0;   10.3;eor
       2712;20180910;   10;   3.6;   1.5;    3;   0.0;   0;   10.683;-999;   5.9;  14.5;  971.90;   19.2;   67.54;   27.1;   12.8;   11.2;eor
       2712;20180911;   10;   5.3;   1.5;    3;   0.0;   0;   12.250;-999;  -999;  15.3;  973.29;   20.2;   67.04;   29.2;   13.4;   11.7;eor
       2712;20180912;   10;   7.2;   1.7;    3;   2.4;   6;   11.850;-999;   3.5;  15.9;  970.10;   20.9;   66.67;   29.3;   14.0;   12.1;eor
       2712;20180913;   10;  11.7;   1.8;    3;   9.3;   6;    7.883;-999;   7.0;  17.8;  967.00;   19.7;   78.67;   27.3;   16.1;   15.2;eor
       2712;20180914;   10;   4.3;   1.4;    3;   0.0;   0;    5.450;-999;   6.7;  16.4;  967.89;   18.8;   76.79;   23.8;   15.6;   15.2;eor
       2712;20180915;   10;   7.3;   1.9;    3;   0.0;   0;    8.883;-999;   4.4;  13.4;  971.37;   18.3;   65.08;   23.3;   14.8;   12.2;eor
       2712;20180916;   10;   3.9;   1.4;    3;   0.0;   0;    7.483;-999;   5.2;  13.8;  970.39;   17.3;   70.04;   23.4;   11.4;    9.6;eor
       2712;20180917;   10;   4.0;   1.5;    3;   0.0;   0;    8.317;-999;   2.8;  14.9;  968.60;   19.2;   71.38;   27.2;   14.1;   12.7;eor
       2712;20180918;   10;  11.5;   1.6;    3;   0.0;   6;    7.767;-999;   4.2;  15.9;  966.93;   19.2;   72.50;   25.7;   13.5;   11.9;eor
       2712;20180919;   10;   3.7;   1.6;    3;   0.0;   0;   11.733;-999;   0.9;  16.3;  969.35;   19.8;   72.33;   27.5;   13.8;   12.1;eor
       2712;20180920;   10;   3.8;   1.4;    3;   0.0;   0;   10.683;-999;   1.2;  16.1;  967.88;   20.3;   70.46;   28.9;   14.5;   12.9;eor
       2712;20180921;   10;  13.3;   2.7;    3;   3.2;   6;    5.033;-999;   6.6;  15.0;  964.21;   18.4;   73.04;   26.9;   12.4;   11.6;eor
       2712;20180922;   10;   7.9;   1.9;    3;   1.4;   6;    5.400;-999;   7.9;  11.0;  970.82;   14.5;   67.21;   18.8;   11.0;    9.5;eor
       2712;20180923;   10;  41.3;   4.6;    3;   9.3;   6;    5.100;-999;   7.5;  14.7;  964.84;   18.7;   70.08;   27.7;   11.8;   11.7;eor
       2712;20180924;   10;   7.7;   2.1;    3;   0.0;   0;    4.617;-999;   4.9;   8.3;  978.56;   11.0;   64.00;   15.6;    7.8;    5.5;eor
       2712;20180925;   10;  11.7;   3.7;    3;   0.0;   0;   11.733;-999;   1.8;   7.2;  982.29;   10.6;   57.71;   16.4;    6.3;    4.3;eor
       2712;20180926;   10;   4.4;   1.7;    3;   0.0;   0;   11.533;-999;   3.8;   9.1;  981.22;   10.5;   71.00;   17.2;    3.7;    1.5;eor
       2712;20180927;   10;   3.3;   1.4;    3;   0.0;   0;    7.750;-999;   2.3;  11.2;  976.26;   13.7;   75.88;   23.8;    7.8;    5.8;eor
       2712;20180928;   10;  11.3;   1.6;    3;   0.0;   0;    9.650;-999;   2.7;  11.7;  969.89;   15.8;   68.17;   24.2;    8.9;    7.0;eor
       2712;20180929;   10;  10.6;   3.6;    3;   0.0;   0;   10.500;-999;   5.5;   9.7;  970.17;   13.3;   64.04;   18.4;    9.1;    7.3;eor
       2712;20180930;   10;   8.3;   1.6;    3;  31.8;   8;    8.767;-999;   3.4;  11.4;  965.16;   13.1;   75.54;   19.9;    6.6;    4.8;eor
       2712;20181001;   10;  11.1;   2.8;    3;   2.2;   6;    0.117;-999;   7.7;  10.6;  965.23;   10.3;   83.83;   12.7;    7.2;    5.9;eor
       2712;20181002;   10;  11.1;   3.1;    3;   0.0;   6;    4.783;-999;   7.0;   8.0;  971.59;    9.4;   68.96;   13.5;    4.8;    3.4;eor
       2712;20181003;   10;   9.5;   2.5;    3;   0.0;   6;    0.250;-999;   7.0;  10.8;  974.02;   12.2;   76.04;   15.7;    9.9;    8.7;eor
       2712;20181004;   10;   6.9;   1.7;    3;   0.0;   0;   11.150;-999;   0.9;  10.9;  973.33;   12.8;   75.88;   19.7;    7.8;    5.5;eor
       2712;20181005;   10;   3.9;   1.4;    3;   0.0;   0;   10.817;-999;   2.0;  11.8;  968.54;   12.6;   81.38;   19.7;    7.0;    5.3;eor
       2712;20181006;   10;   3.0;   1.3;    3;   0.0;   6;    3.850;   0;   8.0;  13.6;  962.32;   14.0;   85.96;   20.7;   10.4;    9.4;eor
       2712;20181007;   10;   6.5;   1.6;    3;   0.0;   0;    9.567;   0;   6.7;  13.9;  962.73;   16.5;   75.92;   22.8;   12.1;   10.4;eor
       2712;20181008;   10;   7.0;   1.6;    3;   0.0;   0;   10.133;   0;   1.3;  13.3;  967.46;   15.1;   78.96;   21.9;   10.8;    8.5;eor
       2712;20181009;   10;   3.5;   1.2;    3;   0.0;   6;    4.183;   0;   5.5;  14.0;  969.23;   15.4;   80.79;   20.9;   12.2;   10.3;eor
       2712;20181010;   10;   4.3;   1.6;    3;   0.0;   0;    7.050;   0;   3.5;  14.3;  965.08;   16.0;   80.21;   23.6;   12.4;   11.0;eor
       2712;20181011;   10;   5.7;   2.2;    3;   0.0;   6;    5.967;   0;   4.1;  13.2;  963.62;   14.4;   81.42;   19.9;   10.4;    9.4;eor
       2712;20181012;   10;   4.5;   1.6;    3;   0.0;   0;    8.583;   0;   3.3;  13.8;  971.12;   15.8;   79.46;   23.9;   10.6;    8.8;eor
       2712;20181013;   10;   3.7;   1.3;    3;   0.0;   0;    7.683;   0;   1.1;  13.7;  969.03;   15.2;   81.38;   23.2;   10.1;    7.8;eor
       2712;20181014;   10;   4.3;   1.5;    3;   0.0;   0;    7.850;   0;   2.2;  12.8;  962.27;   14.9;   78.08;   23.8;   10.5;    8.3;eor
       2712;20181015;   10;   4.1;   1.7;    3;   0.0;   0;   10.200;   0;   0.9;  10.3;  962.34;   14.9;   65.46;   24.5;    9.0;    6.5;eor
       2712;20181016;   10;   3.5;   1.4;    3;   0.0;   0;    9.783;   0;   2.3;  11.0;  966.51;   14.0;   70.63;   22.8;    7.7;    5.2;eor
       2712;20181017;   10;   6.1;   1.5;    3;   0.0;   0;    9.900;   0;   2.8;  10.7;  966.45;   13.9;   69.71;   22.3;    7.8;    5.3;eor
       2712;20181018;   10;   7.9;   1.6;    3;   0.0;   0;    8.333;   0;   8.0;  11.6;  966.59;   14.0;   74.08;   20.2;    9.4;    6.4;eor
       2712;20181019;   10;   5.2;   1.4;    3;   0.0;   0;    4.750;   0;   3.5;  11.6;  969.33;   12.0;   83.29;   16.9;    8.3;    5.5;eor
       2712;20181020;   10;   4.6;   1.4;    3;   0.0;   0;    4.750;   0;   5.9;  12.0;  974.76;   11.9;   86.92;   16.9;    8.9;    6.3;eor
       2712;20181021;   10;   6.8;   2.0;    3;   0.0;   0;    7.417;   0;   3.1;   9.2;  973.67;   10.7;   73.17;   16.8;    6.8;    3.5;eor
       2712;20181022;   10;   7.4;   1.7;    3;   0.0;   0;    9.700;   0;   1.8;   7.7;  974.48;    8.9;   68.96;   15.2;    3.2;    0.6;eor
       2712;20181023;   10;   9.8;   2.7;    3;   0.0;   6;    4.300;   0;   5.9;   8.4;  975.51;   10.0;   70.04;   13.7;    4.6;    1.9;eor
       2712;20181024;   10;  10.1;   3.5;    3;   0.4;   6;    3.050;   0;   7.7;   9.8;  973.04;   12.3;   68.04;   16.2;    9.7;    9.2;eor
       2712;20181025;   10;   5.1;   1.5;    3;   0.0;   0;    9.883;   0;   4.1;  11.4;  967.92;   12.2;   81.42;   18.5;    8.2;    5.5;eor
       2712;20181026;   10;   9.6;   2.5;    3;   5.5;   6;    4.083;   0;   7.1;   9.7;  959.37;   10.9;   75.88;   16.3;    7.1;    5.4;eor
       2712;20181027;   10;   9.2;   2.4;    3;  16.9;   6;    0.000;   0;   7.7;   8.3;  955.70;    6.0;   88.42;    8.9;    3.6;    3.3;eor
       2712;20181028;   10;  13.9;   3.9;    3;   0.6;   6;    0.000;   0;   7.6;   6.8;  952.13;    3.2;   87.83;    3.7;    2.8;    2.4;eor
       2712;20181029;   10;  10.0;   2.9;    3;   6.0;   6;    0.000;   0;   7.8;   7.9;  943.92;    5.3;   88.38;    7.9;    3.2;    3.3;eor
       2712;20181030;   10;  15.2;   4.0;    3;   1.9;   6;    0.100;   0;   5.9;   7.5;  948.35;    5.2;   83.96;   10.9;    2.4;    0.0;eor
       2712;20181031;   10;   4.6;   1.8;    3;   0.0;   0;    1.083;   0;   7.3;   7.9;  961.48;    5.3;   88.92;    8.8;    1.4;   -0.1;eor
       2712;20181101;   10;   7.7;   2.3;    3;   0.0;   6;    5.667;   0;   4.6;   8.7;  961.07;    8.4;   80.04;   14.1;    4.7;    3.1;eor
       2712;20181102;   10;   5.3;   1.6;    3;   0.0;   0;    1.567;   0;   8.0;   9.7;  969.48;    9.0;   84.54;   12.9;    5.7;    3.5;eor
       2712;20181103;   10;   8.5;   2.3;    3;   0.0;   0;    3.267;   0;   7.3;   9.6;  971.26;   10.7;   74.63;   14.8;    9.4;    8.8;eor
       2712;20181104;   10;   4.3;   1.1;    3;   0.0;   0;    0.000;   0;   8.0;  10.4;  963.54;    9.2;   89.21;   10.0;    7.2;    5.5;eor
       2712;20181105;   10;   4.4;   1.3;    3;   0.0;   0;    2.367;   0;   6.0;  10.2;  957.60;    8.5;   92.25;   12.1;    5.8;    4.6;eor
       2712;20181106;   10;  13.4;   2.8;    3;   0.0;   0;    0.750;   0;   7.8;   9.7;  956.55;    9.0;   85.17;   13.0;    5.0;    3.3;eor
       2712;20181107;   10;   6.6;   1.6;    3;   0.2;   6;    7.000;   0;   5.9;   9.8;  960.91;    9.5;   83.75;   15.5;    5.4;    3.6;eor
       2712;20181108;   10;   5.6;   1.6;    3;   0.0;   0;    0.850;   0;   8.0;  10.8;  967.54;   10.7;   84.17;   14.3;    8.8;    8.4;eor
       2712;20181109;   10;   3.8;   1.2;    3;   0.0;   0;    2.500;   0;   7.1;  10.6;  963.60;   10.1;   86.08;   12.8;    7.2;    4.7;eor
       2712;20181110;   10;   5.0;   1.3;    3;   0.5;   6;    1.900;   0;   7.9;   9.9;  959.22;    8.4;   90.29;   11.3;    7.4;    6.1;eor
       2712;20181111;   10;   5.7;   1.6;    3;   1.0;   6;    4.683;   0;   6.0;  11.2;  962.56;    9.8;   92.25;   14.4;    7.6;    6.0;eor
       2712;20181112;   10;   8.0;   1.4;    3;   0.1;   6;    4.883;   0;   7.0;  10.6;  966.92;    9.5;   90.21;   16.0;    6.8;    5.6;eor
       2712;20181113;   10;   6.2;   1.7;    3;   1.2;   6;    0.000;   0;   7.2;  10.3;  975.37;    7.8;   97.21;   10.4;    6.1;    4.3;eor
       2712;20181114;   10;   4.2;   1.3;    3;   0.0;   6;    0.000;   0;   8.0;   9.4;  976.54;    6.8;   94.63;    7.7;    5.4;    5.6;eor
       2712;20181115;   10;   4.9;   1.4;    3;   0.0;   6;    0.000;   0;   8.0;   8.7;  973.97;    6.3;   90.71;    7.2;    4.5;    4.7;eor
       2712;20181116;   10;   9.0;   2.5;    3;   0.0;   0;    0.333;   0;   6.5;   7.0;  973.43;    4.5;   83.08;    7.0;    2.6;    1.1;eor
       2712;20181117;   10;  11.8;   3.6;    3;   0.0;   0;    5.417;   0;   3.9;   5.8;  971.34;    4.5;   69.13;    8.4;    1.4;    0.0;eor
       2712;20181118;   10;   8.7;   2.5;    3;   0.0;   6;    3.333;   0;   4.6;   5.1;  967.96;    1.6;   74.75;    4.8;   -0.2;   -2.2;eor
       2712;20181119;   10;  15.2;   4.1;    3;   0.0;   8;    0.000;   0;   7.3;   5.2;  956.82;    1.3;   77.08;    2.7;   -0.1;   -1.4;eor
       2712;20181120;   10;   7.0;   1.7;    3;   0.0;   0;    0.000;   0;   4.0;   5.0;  953.33;    0.0;   82.29;    2.4;   -1.9;   -3.9;eor
       2712;20181121;   10;   4.0;   1.4;    3;   0.0;   6;    0.000;   0;   6.7;   5.5;  961.11;    0.3;   87.88;    1.4;   -2.7;   -4.3;eor
       2712;20181122;   10;   4.2;   1.6;    3;   0.0;   0;    5.383;   0;   5.8;   6.4;  966.43;    2.6;   87.54;    5.9;    1.0;    0.8;eor
       2712;20181123;   10;   5.5;   1.5;    3;   0.5;   6;    0.000;   0;   7.9;   6.6;  964.69;    1.8;   94.63;    3.0;    0.9;    1.1;eor
       2712;20181124;   10;   8.4;   1.8;    3;   0.0;   6;    3.217;   0;   6.8;   7.9;  961.48;    5.3;   88.96;   10.3;    2.5;    1.0;eor
       2712;20181125;   10;   6.0;   1.7;    3;   0.0;   6;    0.250;   0;   7.7;   7.1;  955.92;    3.0;   93.17;    5.7;    2.0;    1.3;eor
       2712;20181126;   10;   5.0;   1.4;    3;   6.0;   6;    0.000;   0;   7.9;   7.0;  954.55;    3.8;   87.54;    5.2;    2.5;    2.5;eor
       2712;20181127;   10;   3.0;   1.3;    3;   1.1;   6;    0.000;   0;   7.9;   6.9;  965.36;    2.8;   92.54;    3.7;    1.8;    1.6;eor
       2712;20181128;   10;   5.0;   1.2;    3;   0.0;   0;    0.000;   0;   7.8;   6.9;  970.76;    3.3;   88.58;    4.6;    2.0;   -0.3;eor
       2712;20181129;   10;   4.6;   1.3;    3;   0.0;   0;    1.333;   0;   7.9;   7.1;  967.31;    3.7;   89.00;    5.6;    1.9;    0.9;eor
       2712;20181130;   10;   5.6;   1.0;    3;   2.8;   6;    0.000;   0;   7.8;   7.8;  964.19;    4.4;   93.71;    6.3;    2.1;   -0.1;eor
       2712;20181201;   10;   4.9;   1.4;    3;   0.1;   6;    3.167;   0;   7.8;   8.4;  965.38;    6.6;   85.92;    9.8;    4.9;    2.5;eor
       2712;20181202;   10;  12.6;   2.0;    3;  10.2;   6;    0.017;   0;   7.6;   8.9;  959.53;    7.7;   84.38;   10.0;    5.2;    3.8;eor
       2712;20181203;   10;  18.5;   5.8;    3;   6.2;   6;    0.367;   0;   7.6;  11.4;  958.26;   11.5;   84.29;   13.7;    9.6;    7.9;eor
       2712;20181204;   10;  11.5;   3.3;    3;   2.4;   6;    1.100;   0;   7.5;   9.6;  967.73;    8.5;   86.79;   11.5;    6.4;    6.0;eor
       2712;20181205;   10;   4.0;   1.1;    3;   3.2;   6;    0.033;   0;   7.8;   9.0;  971.27;    6.6;   92.54;    7.8;    5.7;    5.4;eor
       2712;20181206;   10;   8.7;   2.2;    3;   0.1;   6;    0.433;   0;   7.8;   9.9;  969.28;    8.7;   88.29;   11.1;    6.1;    5.7;eor
       2712;20181207;   10;  17.2;   4.2;    3;   4.4;   6;    1.183;   0;   7.5;   9.6;  963.60;   10.0;   78.08;   12.7;    6.2;    5.2;eor
       2712;20181208;   10;  19.6;   6.8;    3;   7.4;   6;    1.450;   0;   7.3;   6.9;  963.08;    6.4;   71.67;    8.3;    4.6;    3.5;eor
       2712;20181209;   10;  21.8;   7.5;    3;   3.9;   6;    2.583;   0;   6.9;   8.0;  957.30;    7.0;   80.42;    8.8;    4.9;    3.4;eor
       2712;20181210;   10;  10.4;   3.6;    3;   2.8;   6;    1.100;   0;   7.1;   6.8;  969.47;    4.5;   80.96;    6.8;    2.0;    0.7;eor
       2712;20181211;   10;   6.4;   2.1;    3;   0.0;   0;    2.083;   0;   4.1;   5.4;  970.89;    1.9;   78.08;    5.1;   -1.7;   -3.5;eor
       2712;20181212;   10;   9.5;   2.2;    3;   0.0;   0;    6.267;   0;   3.1;   4.9;  968.44;    0.0;   81.29;    3.8;   -3.4;   -4.6;eor
       2712;20181213;   10;   8.8;   2.8;    3;   0.0;   0;    1.983;   0;   7.1;   4.7;  961.60;    0.3;   74.67;    1.8;   -1.6;   -2.6;eor
       2712;20181214;   10;   6.8;   2.2;    3;   0.0;   0;    1.417;   0;   6.7;   4.0;  965.33;   -1.2;   71.17;    0.2;   -2.6;   -5.1;eor
       2712;20181215;   10;   6.3;   1.8;    3;   4.9;   8;    0.000;   0;   7.0;   3.7;  969.12;   -2.0;   70.67;   -0.4;   -4.1;   -6.3;eor
       2712;20181216;   10;   4.7;   1.3;    3;   1.0;   8;    1.767;   4;   7.2;   5.8;  962.26;    0.3;   91.58;    4.5;   -3.7;   -5.3;eor
       2712;20181217;   10;   7.4;   1.5;    3;   0.0;   6;    0.017;   1;   7.8;   6.8;  970.28;    2.4;   93.13;    4.3;    0.5;    0.1;eor
       2712;20181218;   10;   4.9;   1.5;    3;   0.0;   0;    1.883;   0;   7.8;   6.2;  971.57;    1.1;   93.71;    3.8;   -0.4;   -1.9;eor
       2712;20181219;   10;   6.1;   1.4;    3;   1.4;   6;    0.217;   0;   7.8;   6.1;  965.51;    1.4;   90.38;    3.5;   -0.7;   -0.9;eor
       2712;20181220;   10;   9.4;   2.8;    3;   0.0;   6;    4.317;   0;   7.4;   7.1;  966.95;    5.5;   78.75;    8.8;    3.0;    2.0;eor
       2712;20181221;   10;  17.9;   4.1;    3;  11.1;   6;    0.000;   0;   7.8;   8.1;  965.33;    6.7;   82.04;   10.6;    4.9;    2.7;eor
       2712;20181222;   10;  21.4;   6.8;    3;   1.8;   6;    0.150;   0;   7.8;   9.7;  967.59;   10.2;   78.04;   11.6;    8.1;    6.6;eor
       2712;20181223;   10;  16.6;   4.3;    3;   7.1;   6;    0.000;   0;   7.6;   9.8;  970.66;    9.0;   85.13;   10.8;    7.9;    6.4;eor
       2712;20181224;   10;  18.0;   3.5;    3;   0.6;   6;    1.500;   0;   6.4;   8.1;  973.47;    6.4;   83.13;   11.3;    1.1;   -1.9;eor
       2712;20181225;   10;   4.0;   1.4;    3;   0.0;   0;    0.000;   0;   6.3;   5.9;  981.27;    0.9;   90.50;    2.1;   -0.6;   -2.2;eor
       2712;20181226;   10;   3.9;   1.3;    3;   0.0;   0;    1.400;   0;   8.0;   5.1;  979.28;   -0.3;   85.54;    1.6;   -1.8;   -1.5;eor
       2712;20181227;   10;   3.9;   1.3;    3;   0.0;   0;    0.000;   0;   8.0;   5.0;  975.15;   -1.2;   90.08;   -0.3;   -2.1;   -1.8;eor
       2712;20181228;   10;   4.2;   1.3;    3;   0.0;   0;    0.000;   0;   8.0;   5.6;  975.80;    0.4;   89.42;    2.0;   -0.8;   -0.8;eor
       2712;20181229;   10;   8.9;   1.9;    3;   0.0;   6;    0.067;   0;   8.0;   5.4;  979.92;    0.6;   84.67;    1.7;    0.0;    0.1;eor
       2712;20181230;   10;  10.3;   3.2;    3;   3.4;   6;    0.000;   0;   7.8;   6.4;  980.93;    2.8;   85.21;    4.0;    1.2;    1.0;eor
       2712;20181231;   10;   4.3;   1.1;    3;   0.7;   6;    0.000;   0;   7.8;   7.9;  980.98;    4.1;   96.04;    5.4;    2.8;    2.5;eor
       2712;20190101;   10;  10.7;   3.4;    3;   0.4;   6;    0.067;   0;   7.8;   7.2;  977.97;    4.1;   88.79;    5.3;    2.7;    2.9;eor
       2712;20190102;   10;  11.2;   3.5;    3;   0.4;   8;    0.733;   0;   6.2;   5.2;  978.76;    2.0;   72.25;    4.3;   -1.8;   -3.7;eor
       2712;20190103;   10;   5.9;   1.9;    3;   0.1;   7;    2.400;   1;   5.8;   4.2;  982.98;   -1.3;   75.75;    0.6;   -3.2;   -5.3;eor
       2712;20190104;   10;   6.1;   1.3;    3;   0.0;   8;    2.583;   1;   8.0;   4.9;  982.07;   -0.1;   80.63;    2.4;   -2.3;   -4.3;eor
       2712;20190105;   10;  10.7;   4.4;    3;   5.8;   8;    0.000;   0;   7.5;   5.5;  978.01;    0.6;   86.25;    1.9;   -0.5;   -0.6;eor
       2712;20190106;   10;   9.1;   3.1;    3;   3.0;   8;    0.000;   0;   7.6;   6.5;  978.11;    2.0;   91.50;    2.5;    1.7;    0.1;eor
       2712;20190107;   10;   9.6;   1.9;    3;   1.2;   8;    0.000;   0;   8.0;   6.5;  979.07;    2.3;   90.13;    3.8;    1.6;    0.7;eor
       2712;20190108;   10;  14.0;   5.7;    3;   2.2;   8;    1.050;   0;   7.3;   6.3;  968.14;    2.6;   85.42;    4.8;    0.7;    0.2;eor
       2712;20190109;   10;  10.6;   3.5;    3;   1.7;   8;    0.017;   0;   7.6;   5.5;  962.17;    1.2;   82.08;    2.3;   -0.9;   -1.7;eor
       2712;20190110;   10;   4.9;   1.9;    3;   4.1;   8;    0.000;   1;   7.6;   5.3;  968.33;   -0.5;   89.38;    0.5;   -1.3;   -2.3;eor
       2712;20190111;   10;   8.2;   2.1;    3;   2.3;   8;    0.867;   4;   7.7;   4.8;  972.42;   -1.0;   83.71;    0.6;   -1.8;   -2.2;eor
       2712;20190112;   10;  13.9;   4.6;    3;   2.4;   8;    0.000;   3;   7.7;   5.8;  970.88;    1.2;   86.38;    3.2;   -0.7;   -0.9;eor
       2712;20190113;   10;  18.8;   6.9;    3;   6.2;   6;    0.000;   0;   7.4;   7.1;  960.08;    3.6;   88.33;    6.9;    1.8;    1.3;eor
       2712;20190114;   10;  14.3;   4.2;    3;   2.8;   8;    1.217;   0;   7.3;   7.0;  960.68;    4.0;   86.25;    6.6;    1.3;   -0.1;eor
       2712;20190115;   10;   7.9;   2.3;    3;   0.0;   0;    2.850;   0;   6.6;   5.8;  969.91;    2.2;   81.21;    6.0;   -0.7;   -3.0;eor
       2712;20190116;   10;   4.8;   1.3;    3;   0.0;   0;    3.350;   0;   6.7;   5.5;  962.92;   -0.2;   91.42;    3.1;   -2.8;   -3.5;eor
       2712;20190117;   10;  13.1;   4.3;    3;   3.6;   8;    0.333;   0;   5.7;   6.3;  958.25;    4.2;   76.04;    6.5;    1.5;   -1.5;eor
       2712;20190118;   10;  12.0;   2.3;    3;   0.0;   0;    5.400;   3;   7.2;   4.6;  964.86;    0.3;   75.13;    3.9;   -2.1;   -9.3;eor
       2712;20190119;   10;   5.1;   1.5;    3;   0.0;   0;    0.750;   0;   7.5;   4.2;  962.21;   -2.2;   80.46;    1.0;   -3.8;   -6.0;eor
       2712;20190120;   10;   2.9;   1.0;    3;   0.0;   0;    0.917;   0;   8.0;   4.7;  961.53;   -1.7;   87.00;    0.5;   -4.2;   -5.1;eor
       2712;20190121;   10;   5.0;   1.4;    3;   0.0;   0;    0.633;   0;   7.8;   4.8;  965.51;   -0.5;   80.71;    1.6;   -1.7;   -2.7;eor
       2712;20190122;   10;   5.4;   1.7;    3;   0.0;   0;    0.000;   0;   8.0;   4.4;  957.31;   -1.4;   79.29;   -0.3;   -2.7;   -2.5;eor
       2712;20190123;   10;   4.7;   1.6;    3;   0.0;   8;    0.433;   0;   8.0;   4.1;  945.88;   -2.3;   78.92;   -0.1;   -4.1;   -4.9;eor
       2712;20190124;   10;   5.3;   1.6;    3;   0.2;   7;    0.000;   1;   7.8;   4.0;  955.18;   -2.0;   75.71;   -1.0;   -2.9;   -3.0;eor
       2712;20190125;   10;   5.8;   2.2;    3;   0.0;   8;    3.150;   1;   7.5;   3.5;  963.70;   -2.1;   66.67;    0.7;   -4.0;   -6.1;eor
       2712;20190126;   10;  10.8;   3.2;    3;   0.2;   8;    0.000;   1;   7.7;   5.0;  961.00;    1.4;   73.00;    3.6;   -1.2;   -1.5;eor
       2712;20190127;   10;  15.5;   3.0;    3;   2.0;   8;    1.633;   0;   7.5;   6.4;  944.88;    3.9;   79.21;    7.9;    1.3;   -1.1;eor
       2712;20190128;   10;  16.9;   6.1;    3;   0.1;   8;    2.733;   0;   7.6;   5.2;  949.34;    1.5;   76.88;    3.4;    0.7;    0.1;eor
       2712;20190129;   10;   7.5;   2.5;    3;   0.0;   7;    5.183;   0;   7.3;   4.7;  953.19;    1.1;   72.33;    4.7;   -2.1;   -4.0;eor
       2712;20190130;   10;  19.4;   4.0;    3;   0.0;   8;    2.383;   0;   6.9;   4.2;  945.34;    0.8;   65.79;    4.3;   -2.0;   -5.2;eor
       2712;20190131;   10;   6.3;   1.7;    3;   0.0;   8;    0.567;   0;   6.3;   4.7;  945.12;   -0.7;   79.58;    2.1;   -3.9;   -6.1;eor
       2712;20190201;   10;   6.4;   1.7;    3;   1.5;   6;    0.000;   0;   7.8;   5.8;  939.37;    2.1;   81.75;    4.1;   -0.1;   -1.2;eor
       2712;20190202;   10;   5.6;   1.6;    3;   6.5;   6;    0.350;   0;   7.8;   6.8;  944.59;    2.4;   93.83;    5.3;    0.8;   -0.6;eor
       2712;20190203;   10;   6.8;   1.9;    3;   6.9;   8;    0.000;   0;   7.4;   6.3;  961.88;    1.3;   93.58;    3.7;   -0.4;   -0.9;eor
       2712;20190204;   10;   4.4;   1.3;    3;   0.0;   0;    5.350;   2;   6.2;   5.1;  974.81;    0.0;   84.42;    3.9;   -3.5;   -5.8;eor
       2712;20190205;   10;   3.4;   1.1;    3;   0.0;   0;    0.267;   0;   7.8;   5.0;  975.49;   -0.8;   86.13;    1.4;   -2.4;   -3.0;eor
       2712;20190206;   10;   3.8;   1.4;    3;   0.0;   0;    0.000;   0;   8.0;   4.8;  973.51;   -1.8;   89.25;   -0.8;   -4.1;   -3.4;eor
       2712;20190207;   10;   7.5;   1.5;    3;   3.2;   6;    0.000;   0;   7.8;   5.4;  966.50;   -0.4;   89.96;    3.5;   -3.9;   -3.2;eor
       2712;20190208;   10;  10.6;   1.8;    3;   0.7;   6;    8.017;   0;   6.4;   6.3;  966.40;    3.6;   80.21;    8.9;    0.4;   -2.0;eor
       2712;20190209;   10;  17.0;   4.0;    3;   0.1;   6;    2.800;   0;   7.6;   6.9;  962.85;    6.8;   69.67;   11.4;    0.5;   -1.5;eor
       2712;20190210;   10;  21.8;   4.2;    3;  10.2;   8;    0.850;   0;   7.6;   6.8;  955.20;    6.7;   70.25;   11.4;    1.9;    0.6;eor
       2712;20190211;   10;  12.1;   4.1;    3;   1.7;   8;    0.983;   0;   7.6;   6.1;  967.32;    2.8;   81.79;    5.2;    0.5;   -0.2;eor
       2712;20190212;   10;   7.7;   2.4;    3;   0.0;   0;    4.550;   0;   7.1;   5.3;  980.94;    2.5;   73.88;    6.1;   -0.7;   -3.2;eor
       2712;20190213;   10;   4.0;   1.5;    3;   0.0;   0;    9.683;   0;   3.3;   4.9;  983.07;    1.9;   71.54;    8.4;   -2.4;   -4.2;eor
       2712;20190214;   10;   4.1;   1.3;    3;   0.0;   0;    8.717;   0;   5.0;   5.7;  982.87;    2.7;   77.67;   10.2;   -1.9;   -3.8;eor
       2712;20190215;   10;   3.4;   1.3;    3;   0.0;   0;    9.833;   0;   0.0;   5.8;  979.50;    3.2;   76.67;   10.4;   -1.8;   -4.0;eor
       2712;20190216;   10;   3.0;   1.2;    3;   0.0;   0;    6.917;   0;   1.5;   5.8;  976.76;    3.1;   78.67;   11.2;   -1.6;   -4.3;eor
       2712;20190217;   10;   3.5;   1.5;    3;   0.0;   0;    9.650;   0;   2.1;   5.7;  973.40;    3.5;   75.50;   13.2;   -2.7;   -4.7;eor
       2712;20190218;   10;   3.4;   1.5;    3;   0.0;   0;    9.817;   0;   0.5;   5.6;  969.05;    4.0;   71.46;   11.3;   -1.2;   -4.3;eor
       2712;20190219;   10;   5.5;   1.5;    3;   0.0;   0;    8.400;   0;   5.5;   6.5;  969.08;    5.9;   71.33;   12.4;   -0.2;   -2.5;eor
       2712;20190220;   10;   3.0;   1.4;    3;   0.0;   0;    8.250;   0;   6.5;   7.4;  971.87;    6.4;   77.92;   12.2;    2.4;   -0.4;eor
       2712;20190221;   10;   4.3;   1.4;    3;   0.0;   6;    8.867;   0;   4.3;   6.7;  975.96;    5.9;   74.04;   13.3;    0.0;   -2.3;eor
       2712;20190222;   10;   6.2;   1.5;    3;   0.0;   0;    1.017;   0;   6.6;   8.0;  980.38;    6.9;   80.13;   12.3;    4.5;   -0.2;eor
       2712;20190223;   10;  11.8;   3.9;    3;   0.0;   0;    9.117;   0;   4.7;   5.1;  981.85;    5.5;   58.08;   10.9;    1.8;   -0.5;eor
       2712;20190224;   10;   5.9;   1.7;    3;   0.0;   0;    9.433;   0;   3.3;   4.0;  982.28;    3.5;   51.63;   10.3;   -1.4;   -4.6;eor
       2712;20190225;   10;   7.2;   1.7;    3;   0.0;   0;   10.400;   0;   3.3;   5.7;  981.93;    6.6;   58.42;   15.5;   -0.6;   -4.0;eor
       2712;20190226;   10;   3.9;   1.4;    3;   0.0;   0;    9.217;   0;   6.2;   6.8;  980.12;    6.9;   70.17;   15.2;    1.5;   -2.7;eor
       2712;20190227;   10;   3.7;   1.4;    3;   0.0;   0;   10.583;   0;   2.2;   6.3;  974.50;    8.0;   62.88;   17.3;    1.3;   -2.0;eor
       2712;20190228;   10;  14.4;   3.7;    3;   0.0;   6;   10.367;   0;   2.0;   6.8;  968.45;   10.2;   59.13;   18.5;    1.4;   -2.2;eor
       2712;20190301;   10;  15.7;   4.8;    3;   3.4;   6;    0.000;   0;   7.6;   8.2;  965.11;    7.6;   78.38;    9.6;    5.8;    4.8;eor
       2712;20190302;   10;  10.3;   2.5;    3;   0.0;   6;    0.917;   0;   7.8;   7.8;  966.87;    7.3;   76.00;    9.9;    5.6;    3.0;eor
       2712;20190303;   10;  12.9;   3.1;    3;   0.0;   0;    7.533;   0;   7.8;   7.2;  963.69;   10.1;   59.83;   14.6;    5.6;    1.9;eor
       2712;20190304;   10;  25.0;   6.1;    3;   1.3;   6;    3.317;   0;   6.9;   6.4;  954.31;    7.5;   62.79;   13.3;    3.2;    0.6;eor
       2712;20190305;   10;  16.3;   4.3;    3;   0.0;   0;    4.633;   0;   6.1;   6.0;  960.46;    7.1;   61.33;   11.0;    2.4;   -0.1;eor
       2712;20190306;   10;   5.5;   1.8;    3;   0.0;   0;    5.467;   0;   7.9;   6.2;  955.71;    6.9;   63.58;   12.3;    1.1;   -2.2;eor
       2712;20190307;   10;  16.9;   4.0;    3;   0.5;   6;    3.700;   0;   5.9;   7.2;  953.50;    7.9;   68.04;   12.3;    3.7;    0.5;eor
       2712;20190308;   10;  12.0;   3.7;    3;   0.5;   6;    2.817;   0;   6.1;   7.1;  964.88;    7.2;   69.46;   10.4;    4.6;   -0.2;eor
       2712;20190309;   10;  19.2;   6.2;    3;   1.9;   6;    1.067;   0;   7.9;   8.2;  968.02;    9.1;   70.88;   12.3;    6.0;    4.3;eor
       2712;20190310;   10;  24.6;   6.8;    3;  10.7;   6;    2.883;   0;   6.7;   9.6;  963.39;   10.3;   76.21;   14.7;    6.2;    4.2;eor
       2712;20190311;   10;  16.9;   5.1;    3;   3.1;   8;    2.600;   0;   5.0;   5.6;  970.15;    3.5;   71.29;    6.7;    0.1;   -0.3;eor
       2712;20190312;   10;  19.1;   2.8;    3;   0.0;   6;    7.500;   0;   6.1;   4.7;  968.59;    5.3;   55.21;    9.5;    1.0;   -1.2;eor
       2712;20190313;   10;  17.5;   6.0;    3;   2.0;   8;    4.917;   0;   6.7;   6.1;  962.02;    5.7;   66.83;    9.7;    3.2;    2.3;eor
       2712;20190314;   10;  17.7;   6.3;    3;  10.6;   6;    0.000;   0;   7.5;   7.0;  960.60;    4.1;   85.00;    5.1;    3.0;    1.9;eor
       2712;20190315;   10;  19.4;   6.2;    3;   5.0;   6;    0.017;   0;   7.8;   9.3;  961.78;    8.0;   86.38;   10.3;    4.6;    3.5;eor
       2712;20190316;   10;  16.0;   5.3;    3;   0.0;   0;    9.283;   0;   5.6;   8.0;  963.09;   12.0;   58.88;   17.5;    6.5;    2.5;eor
       2712;20190317;   10;  16.4;   4.0;    3;   3.4;   8;    3.533;   0;   6.9;   6.7;  957.89;    8.7;   63.29;   15.6;    2.8;    0.9;eor
       2712;20190318;   10;  13.4;   3.2;    3;   0.8;   6;    2.700;   0;   6.4;   6.1;  967.52;    4.3;   74.50;    9.2;    0.5;   -1.8;eor
       2712;20190319;   10;   6.4;   1.3;    3;   0.0;   6;    3.800;   0;   5.4;   5.8;  974.08;    3.2;   78.38;    9.7;   -0.7;   -2.0;eor
       2712;20190320;   10;   8.0;   2.1;    3;   0.0;   0;   11.633;   0;   0.1;   5.2;  979.28;    5.1;   62.71;   11.7;   -1.1;   -3.3;eor
       2712;20190321;   10;   9.7;   2.8;    3;   0.0;   0;   11.783;   0;   3.5;   5.0;  977.85;    7.9;   48.13;   15.4;    2.7;    0.0;eor
       2712;20190322;   10;   4.0;   1.6;    3;   0.0;   0;   10.783;   0;   3.5;   6.2;  976.57;    7.6;   61.38;   15.5;    0.8;   -2.7;eor
       2712;20190323;   10;   5.5;   1.3;    3;   0.0;   0;   11.567;   0;   1.0;   6.9;  974.51;    9.6;   61.50;   19.0;    1.7;   -1.4;eor
       2712;20190324;   10;   8.0;   1.9;    3;   0.0;   0;   11.567;   0;   2.1;   7.1;  970.58;   10.9;   58.50;   19.6;    3.3;   -0.2;eor
       2712;20190325;   10;  19.0;   3.3;    3;   1.8;   8;    6.000;   0;   6.4;   6.3;  969.77;    7.0;   65.17;   11.3;    2.0;    0.1;eor
       2712;20190326;   10;   6.6;   1.9;    3;   0.0;   0;    5.383;   0;   6.6;   5.3;  975.55;    5.5;   60.33;    9.5;    2.3;    0.5;eor
       2712;20190327;   10;  10.6;   2.4;    3;   0.0;   0;   10.267;   0;   4.0;   6.0;  977.38;    6.7;   61.75;   11.9;    2.3;   -1.0;eor
       2712;20190328;   10;  12.4;   4.1;    3;   0.0;   0;   12.083;   0;   0.5;   6.3;  977.62;    9.2;   56.08;   15.3;    2.9;   -0.6;eor
       2712;20190329;   10;  10.6;   2.1;    3;   0.0;   0;   12.250;   0;   0.0;   6.7;  975.21;   10.0;   57.29;   16.9;    4.7;    0.9;eor
       2712;20190330;   10;   3.8;   1.4;    3;   0.0;   0;   12.083;   0;   0.0;   6.3;  971.10;   10.6;   54.04;   19.2;    2.7;   -0.7;eor
       2712;20190331;   10;   8.3;   1.8;    3;   0.0;   0;   12.067;   0;   1.0;   6.5;  966.76;   11.5;   51.08;   20.8;    3.3;   -0.4;eor
       2712;20190401;   10;   8.5;   2.0;    3;   0.0;   0;   11.617;   0;   1.8;   8.1;  964.07;   12.0;   58.63;   18.6;    6.3;    2.9;eor
       2712;20190402;   10;  11.6;   1.5;    3;   0.0;   0;    8.583;   0;   7.7;   8.2;  958.50;   12.3;   60.50;   19.6;    4.5;    1.0;eor
       2712;20190403;   10;  15.2;   2.5;    3;   0.0;   6;    9.067;   0;   7.8;   7.4;  951.00;   10.7;   58.58;   17.6;    5.2;    4.3;eor
       2712;20190404;   10;   8.6;   2.8;    3;   9.7;   8;    0.000;   0;   7.3;   6.7;  948.43;    3.6;   84.92;    5.8;    2.0;    1.5;eor
       2712;20190405;   10;   5.1;   1.4;    3;   0.0;   0;    4.567;   0;   6.5;   6.8;  952.35;    5.5;   75.79;   11.0;    2.3;    0.4;eor
       2712;20190406;   10;   4.4;   1.5;    3;   0.0;   0;    5.100;   0;   5.3;   7.9;  951.15;    8.1;   75.42;   16.5;    0.9;   -1.3;eor
       2712;20190407;   10;   8.2;   2.8;    3;   0.1;   6;    4.083;   0;   7.9;   8.7;  953.15;    9.9;   72.29;   15.2;    6.0;    2.7;eor
       2712;20190408;   10;   7.2;   2.4;    3;   1.6;   6;    4.817;   0;   7.9;   8.7;  958.24;   10.2;   70.33;   15.5;    8.0;    6.7;eor
       2712;20190409;   10;   3.7;   1.1;    3;   2.6;   6;    0.933;   0;   7.9;  10.2;  957.49;    9.7;   85.50;   13.5;    7.5;    5.2;eor
       2712;20190410;   10;   4.6;   1.6;    3;   6.0;   6;    0.000;   0;   7.8;  10.2;  957.60;    8.4;   92.29;   10.1;    6.9;    6.5;eor
       2712;20190411;   10;   7.7;   2.6;    3;   0.0;   6;    0.217;   0;   7.8;   7.7;  962.65;    7.9;   72.42;   11.1;    6.0;    4.0;eor
       2712;20190412;   10;   5.8;   1.9;    3;   0.0;   0;    7.067;   0;   6.7;   6.2;  965.18;    6.9;   63.00;   11.8;    2.1;   -0.4;eor
       2712;20190413;   10;   7.4;   2.4;    3;   2.9;   8;    4.700;   0;   7.3;   6.3;  964.80;    6.0;   67.13;   11.3;    3.3;    2.6;eor
       2712;20190414;   10;   5.3;   1.8;    3;   2.4;   8;    0.000;   0;   7.5;   7.1;  965.93;    3.5;   89.58;    4.9;    1.4;    0.7;eor
       2712;20190415;   10;   9.6;   2.1;    3;   0.0;   0;   11.633;   0;   1.8;   7.6;  966.86;    9.1;   68.38;   17.0;    1.8;   -1.1;eor
       2712;20190416;   10;   8.5;   1.9;    3;   0.5;   6;    9.067;   0;   5.8;   8.1;  965.54;   11.2;   63.54;   18.4;    3.5;    0.8;eor
       2712;20190417;   10;   7.6;   1.7;    3;   0.0;   0;    8.567;   0;   4.5;   9.3;  968.35;   13.4;   62.33;   20.0;    8.9;    6.5;eor
       2712;20190418;   10;   6.4;   1.9;    3;   0.0;   0;   13.100;   0;   2.0;   7.6;  969.11;   14.2;   47.33;   22.3;    6.4;    3.2;eor
       2712;20190419;   10;   4.1;   1.5;    3;   0.0;   0;   12.967;   0;   0.2;   7.7;  973.14;   15.7;   46.67;   23.3;    7.6;    4.5;eor
       2712;20190420;   10;   7.5;   2.1;    3;   0.0;   0;   13.400;   0;   0.0;   7.8;  972.53;   16.0;   45.58;   24.1;    7.9;    4.4;eor
       2712;20190421;   10;   6.6;   1.5;    3;   0.0;   0;    8.917;   0;   7.1;   7.2;  965.38;   16.0;   41.04;   23.6;    9.2;    6.4;eor
       2712;20190422;   10;   6.9;   2.1;    3;   0.0;   0;    8.983;   0;   6.7;   8.0;  954.50;   16.1;   45.04;   24.6;    8.1;    5.4;eor
       2712;20190423;   10;   7.8;   2.0;    3;   0.0;   0;    8.167;   0;   6.5;   8.7;  947.17;   16.5;   47.54;   22.2;   11.4;    8.7;eor
       2712;20190424;   10;  16.5;   3.2;    3;   0.0;   0;    9.617;   0;   6.2;   8.9;  952.30;   15.8;   53.50;   25.1;    8.2;    5.4;eor
       2712;20190425;   10;  10.7;   2.6;    3;   0.4;   6;    8.817;   0;   4.4;   8.2;  956.70;   14.8;   53.88;   24.1;    6.5;    4.8;eor
       2712;20190426;   10;  11.6;   3.1;    3;   9.7;   6;    0.083;   0;   7.1;   8.6;  964.00;    7.5;   83.75;    9.4;    5.3;    4.1;eor
       2712;20190427;   10;  15.1;   3.2;    3;   2.6;   6;    1.400;   0;   7.1;   8.6;  966.45;    7.9;   80.96;   14.6;    4.3;    1.9;eor
       2712;20190428;   10;  10.9;   3.0;    3;   0.3;   6;    5.750;   0;   6.5;   7.1;  968.04;    6.7;   72.25;   11.5;    4.1;    2.0;eor
       2712;20190429;   10;   5.5;   1.8;    3;   0.6;   6;    0.433;   0;   7.9;   8.1;  968.91;    7.4;   78.17;   10.6;    4.5;    3.4;eor
       2712;20190430;   10;   5.1;   1.9;    3;   0.5;   6;    0.783;   0;   7.3;   9.7;  967.23;    8.2;   88.92;   11.7;    6.1;    3.9;eor
       2712;20190501;    3;   5.5;   1.6;    3;   0.0;   0;   10.967;-999;   2.6;   8.2;  963.62;   11.5;   65.96;   19.2;    5.4;    3.9;eor
       2712;20190502;    3;  16.0;   2.8;    3;  10.5;   6;    8.533;-999;   5.9;   9.4;  959.41;   11.4;   72.38;   20.0;    4.9;    2.4;eor
       2712;20190503;    3;   6.6;   2.1;    3;   2.3;   6;    0.017;-999;   7.5;  10.1;  959.48;    9.0;   88.08;   11.3;    7.4;    5.4;eor
       2712;20190504;    3;  16.9;   3.1;    3;   9.7;   8;    0.617;-999;   7.1;   8.3;  956.56;    6.6;   84.54;   11.4;    2.3;    2.1;eor
       2712;20190505;    3;   9.7;   2.4;    3;   0.0;   6;    0.983;-999;   7.9;   6.1;  963.71;    4.9;   71.71;    9.4;    2.4;    1.1;eor
       2712;20190506;    3;   5.1;   1.6;    3;   0.0;   6;    2.933;-999;   7.7;   5.9;  967.77;    6.4;   62.21;   10.4;    1.6;   -0.6;eor
       2712;20190507;    3;   5.8;   1.7;    3;   0.0;   6;   11.950;-999;   6.9;   6.2;  964.87;    8.7;   58.83;   14.9;    1.9;   -0.5;eor
       2712;20190508;    3;  15.1;   2.3;    3;   9.8;   6;    0.000;-999;   7.9;  10.0;  955.53;    9.3;   84.88;   11.8;    6.6;    5.1;eor
       2712;20190509;    3;  19.6;   4.2;    3;   2.1;   6;    8.200;-999;   5.7;   9.4;  953.40;   10.7;   74.79;   16.6;    5.5;    3.2;eor
       2712;20190510;    3;   8.4;   2.7;    3;   4.2;   6;    3.650;-999;   7.4;  10.3;  960.20;   12.0;   74.29;   17.1;    8.5;    7.7;eor
       2712;20190511;    3;  19.4;   3.8;    3;   8.7;   6;    0.633;-999;   7.8;  10.9;  961.60;   10.7;   84.25;   14.5;    7.6;    6.7;eor
       2712;20190512;    3;  11.3;   2.5;    3;   0.0;   6;    2.083;-999;   7.9;   8.1;  975.37;    8.5;   73.58;   13.3;    6.8;    5.6;eor
       2712;20190513;    3;  12.4;   3.7;    3;   0.0;   6;    6.817;-999;   4.7;   7.2;  978.25;    9.6;   62.25;   14.5;    5.2;    3.6;eor
       2712;20190514;    3;  12.9;   4.5;    3;   0.0;   6;    9.950;-999;   4.0;   5.7;  973.60;    9.9;   47.63;   14.9;    5.9;    4.3;eor
       2712;20190515;    3;  10.5;   3.2;    3;   0.0;   0;    3.000;-999;   5.9;   6.8;  968.41;    8.5;   61.79;   12.7;    4.6;    2.7;eor
       2712;20190516;    3;   7.2;   2.2;    3;   0.0;   0;    7.367;-999;   3.5;   8.0;  961.29;    9.2;   68.92;   15.0;    4.7;    3.0;eor
       2712;20190517;    3;   7.5;   1.7;    3;   0.0;   0;   13.000;-999;   5.5;   9.3;  954.29;   13.4;   64.38;   22.1;    5.3;    2.5;eor
       2712;20190518;    3;   5.9;   1.6;    3;  13.6;   6;    6.167;-999;   7.8;  11.3;  953.27;   14.7;   69.21;   20.4;   10.1;    8.0;eor
       2712;20190519;    3;   8.2;   2.0;    3;   7.1;   6;    7.100;-999;   7.6;  12.6;  952.72;   14.3;   79.63;   21.2;   11.0;   10.5;eor
       2712;20190520;    3;  12.3;   3.2;    3;  34.4;   6;    0.000;-999;   7.6;  13.2;  954.13;   11.8;   94.92;   12.5;   10.9;   10.3;eor
       2712;20190521;    3;  13.3;   4.4;    3;  19.1;   6;    0.000;-999;   7.8;  12.2;  961.05;   11.0;   92.71;   11.9;   10.0;    9.3;eor
       2712;20190522;    3;   5.3;   2.0;    3;   0.0;   6;    7.583;-999;   7.5;  11.6;  966.57;   13.5;   76.00;   17.6;   10.9;    9.1;eor
       2712;20190523;    3;   4.7;   1.5;    3;   0.0;   0;   14.450;-999;   5.6;   9.9;  966.13;   15.3;   60.63;   21.9;    8.5;    6.5;eor
       2712;20190524;    3;   6.3;   1.5;    3;   0.0;   0;   14.133;-999;   5.1;  10.8;  962.92;   16.4;   61.46;   23.9;    8.8;    6.6;eor
       2712;20190525;    3;   7.9;   1.7;    3;   3.0;   6;    2.850;-999;   7.9;  13.2;  963.98;   14.0;   83.17;   20.3;   11.1;    9.6;eor
       2712;20190526;    3;   5.4;   1.4;    3;   0.0;   0;    9.183;-999;   3.8;  11.8;  964.17;   15.9;   69.04;   22.8;   11.5;   11.0;eor
       2712;20190527;    3;   5.0;   1.5;    3;   2.6;   6;    5.333;-999;   7.7;  13.4;  958.83;   16.5;   72.13;   21.6;   11.3;    9.4;eor
       2712;20190528;    3;  10.6;   3.1;    3;   6.4;   6;    0.083;-999;   7.9;  11.9;  958.30;   12.7;   80.58;   15.0;    9.4;    8.8;eor
       2712;20190529;    3;   5.4;   1.9;    3;   0.2;   6;    1.567;-999;   7.1;  11.0;  967.86;   11.3;   82.58;   16.3;    8.5;    6.7;eor
       2712;20190530;    3;   4.9;   1.5;    3;   0.0;   0;    9.267;-999;   5.4;   9.9;  973.83;   13.8;   67.00;   20.6;    7.9;    6.4;eor
       2712;20190531;    3;   5.3;   1.5;    3;   0.0;   0;   10.367;-999;   5.1;  11.6;  973.36;   17.7;   59.25;   24.3;   12.7;   12.0;eor
       2712;20190601;    3;   4.6;   1.5;    3;   0.0;   0;   15.067;-999;   5.3;  12.8;  970.05;   19.9;   58.75;   27.7;   11.8;    9.8;eor
       2712;20190602;    3;   4.5;   1.6;    3;   0.0;   0;   15.117;-999;   1.9;  13.8;  966.11;   21.1;   58.75;   29.0;   12.9;   10.3;eor
       2712;20190603;    3;  16.9;   1.9;    3;   0.0;   6;   13.683;-999;   3.5;  15.3;  964.31;   21.4;   62.46;   30.6;   14.1;   11.9;eor
       2712;20190604;    3;   4.6;   1.6;    3;   0.0;   0;   14.433;-999;   2.2;  14.3;  959.99;   23.2;   54.58;   31.3;   15.6;   13.3;eor
       2712;20190605;    3;  14.6;   2.1;    3;   0.0;   6;   13.133;-999;   2.7;  15.2;  955.23;   24.0;   52.96;   31.3;   16.7;   13.7;eor
       2712;20190606;    3;  15.3;   3.6;    3;   0.0;   6;    1.883;-999;   5.8;  11.7;  962.03;   14.7;   70.25;   20.3;   10.6;    9.3;eor
       2712;20190607;    3;  13.7;   2.8;    3;   0.0;   6;   10.500;-999;   3.6;  12.0;  961.26;   17.2;   63.75;   28.0;    9.5;    7.4;eor
       2712;20190608;    3;   8.9;   2.2;    3;   0.0;   0;   11.083;-999;   5.1;   9.5;  971.35;   17.2;   49.88;   23.0;   13.4;   10.9;eor
       2712;20190609;    3;   7.1;   1.7;    3;   0.3;   6;    4.000;-999;   7.8;  11.6;  969.34;   15.2;   67.13;   19.1;   11.7;    9.0;eor
       2712;20190610;    1;   8.2;   1.8;    1;  33.1;   6;    0.750;-999;   7.8;  15.5;  963.06;   14.5;   93.29;   17.7;   12.6;   11.3;eor
       2712;20190611;    1;   6.5;   2.4;    1;  15.8;   6;    4.300;-999;   6.6;  14.2;  959.42;   15.1;   83.38;   17.7;   11.5;   10.7;eor
       2712;20190612;    1;  14.3;   2.3;    1;   4.3;   6;    6.483;-999;   5.5;  13.8;  959.73;   15.2;   80.54;   19.8;   11.5;   11.0;eor
       2712;20190613;    1;   7.5;   1.5;    1;   0.0;   0;   12.800;-999;   2.7;  13.0;  963.57;   18.2;   65.33;   24.5;   12.9;   11.8;eor
       2712;20190614;    1;   6.6;   2.3;    1;   1.6;   6;   10.000;-999;   5.1;  14.8;  963.02;   19.8;   66.13;   27.4;   12.0;   10.2;eor
       2712;20190615;    1;  24.4;   3.6;    1;  27.3;   8;    8.167;-999;   7.7;  15.1;  963.58;   19.6;   67.92;   25.5;   12.2;   12.5;eor
       2712;20190616;    1;   7.4;   1.9;    1;   0.3;   6;    7.733;-999;   4.6;  14.3;  969.53;   17.1;   75.67;   22.7;   13.6;   12.7;eor
       2712;20190617;    1;   7.5;   2.1;    1;   0.0;   0;   13.900;-999;   1.3;  15.7;  966.63;   20.2;   67.75;   26.9;   13.0;   11.1;eor
       2712;20190618;    1;  10.3;   1.8;    1;   0.1;   6;   11.800;-999;   4.0;  16.6;  963.76;   21.6;   66.63;   29.6;   14.8;   12.7;eor
       2712;20190619;    1;  12.1;   1.7;    1;   0.4;   6;   13.750;-999;   5.0;  16.2;  960.69;   22.8;   61.00;   30.5;   15.9;   14.3;eor
       2712;20190620;    1;   7.4;   1.8;    1;   0.8;   6;    3.750;-999;   6.9;  16.5;  963.42;   18.6;   77.00;   21.9;   15.8;   14.2;eor
       2712;20190621;    1;   7.3;   1.6;    1;   0.9;   6;    7.800;-999;   7.3;  16.5;  965.76;   19.4;   74.29;   23.5;   15.0;   13.5;eor
       2712;20190622;    1;   8.9;   2.0;    1;   0.0;   6;    1.250;-999;   7.9;  17.1;  964.80;   18.5;   80.46;   21.8;   16.4;   15.3;eor
       2712;20190623;    1;   4.9;   1.9;    1;   0.0;   0;   10.267;-999;   5.3;  17.2;  965.91;   20.6;   72.38;   26.7;   15.1;   13.6;eor
       2712;20190624;    1;   4.5;   1.5;    1;   0.0;   0;   14.817;-999;   5.2;  18.7;  967.26;   23.7;   66.17;   31.6;   16.0;   14.5;eor
       2712;20190625;    1;   3.8;   1.6;    1;   0.0;   0;   14.633;-999;   3.6;  18.7;  968.66;   25.2;   61.17;   33.4;   17.8;   15.9;eor
       2712;20190626;    1;   3.6;   1.4;    1;   0.0;   0;   14.383;-999;   0.4;  20.7;  971.23;   26.9;   61.50;   35.0;   19.3;   17.3;eor
       2712;20190627;    1;   5.7;   1.6;    1;   0.0;   0;   14.317;-999;   1.6;  22.4;  970.53;   27.8;   62.25;   34.9;   20.4;   18.3;eor
       2712;20190628;    1;   7.3;   2.0;    1;   0.0;   0;   15.283;-999;   0.9;  12.8;  969.60;   25.6;   40.63;   31.7;   19.4;   17.3;eor
       2712;20190629;    1;   5.8;   1.8;    1;   0.0;   0;   15.317;-999;   0.0;  14.7;  966.84;   25.5;   47.54;   33.4;   17.4;   14.5;eor
       2712;20190630;    1;   8.7;   1.8;    1;   0.0;   0;   14.933;-999;   2.0;  18.4;  965.93;   27.0;   55.54;   35.7;   18.4;   16.4;eor
       2712;20190701;    1;   9.5;   2.5;    1;  30.6;   8;   12.167;-999;   6.2;  19.6;  965.75;   27.2;   57.29;   34.0;   19.9;   19.2;eor
       2712;20190702;    1;  22.5;   2.1;    1;   0.0;   0;   10.950;-999;   5.0;  17.9;  967.37;   22.3;   68.46;   27.5;   15.7;   15.7;eor
       2712;20190703;    1;   7.2;   2.2;    1;   0.0;   0;   11.933;-999;   6.4;  13.2;  967.82;   21.7;   51.33;   27.1;   17.6;   15.7;eor
       2712;20190704;    1;   5.8;   1.8;    1;   0.0;   0;   15.117;-999;   1.5;  11.7;  968.25;   22.1;   45.46;   28.9;   15.4;   12.6;eor
       2712;20190705;    1;   7.4;   1.8;    1;   0.0;   0;   14.883;-999;   0.9;  13.5;  965.86;   23.7;   49.96;   31.3;   16.3;   14.0;eor
       2712;20190706;    1;  16.8;   2.4;    1;   7.2;   6;   10.817;-999;   4.8;  15.8;  962.09;   22.0;   60.67;   28.6;   16.1;   13.6;eor
       2712;20190707;    1;  14.6;   2.4;    1;   3.8;   6;    6.050;-999;   7.3;  17.3;  961.38;   20.0;   74.25;   26.9;   16.0;   15.4;eor
       2712;20190708;    1;   5.2;   1.6;    1;   0.0;   6;    1.183;-999;   7.5;  15.2;  964.92;   17.9;   74.21;   20.7;   15.3;   13.5;eor
       2712;20190709;    1;   7.3;   2.1;    1;   0.0;   0;    8.867;-999;   4.9;  11.0;  965.50;   18.2;   53.17;   23.9;   14.1;   12.6;eor
