STATIONS_ID;MESS_DATUM;QN_3;  FX;  FM;QN_4; RSK;RSKF; SDK;SHK_TAG;  NM; VPM;  PM; TMK; UPM; TXK; TNK; TGK;eor
       3552;20180106;   10;   6.9;   2.2;    3;   0.0;   4;    3.950;-999;   5.1;   7.3; 1002.96;    4.2;   88.71;    6.1;    2.8;   -0.7;eor
       3552;20180107;   10;  10.9;   3.7;    3;   0.0;   0;    0.767;-999;   4.9;   5.1; 1023.35;    0.5;   79.88;    3.1;   -2.9;   -4.7;eor
       3552;20180108;   10;  12.8;   3.7;    3;   0.0;   0;    6.567;-999;   0.0;   3.9; 1028.27;   -1.9;   74.50;    0.8;   -4.3;   -5.6;eor
       3552;20180109;   10;  15.1;   5.6;    3;   0.6;   4;    0.000;-999;   2.3;   4.0; 1014.70;    1.6;   57.88;    3.9;   -1.3;   -2.7;eor
       3552;20180110;   10;   5.7;   2.0;    3;   0.0;   0;    0.000;-999;  -999;   6.7; 1007.84;    1.8;   96.63;    2.7;    0.4;    0.0;eor
       3552;20180111;   10;   5.3;   1.2;    3;   3.0;   4;    0.000;-999;   7.7;   6.5; 1011.98;    1.2;   97.25;    2.2;   -0.2;   -0.6;eor
       3552;20180112;   10;   8.8;   3.6;    3;   0.1;   4;    0.000;-999;   8.0;   6.5; 1022.89;    1.3;   96.33;    1.7;    0.6;    0.5;eor
       3552;20180113;   10;  11.1;   5.3;    3;   0.0;   4;    0.000;-999;   8.0;   5.0; 1026.59;    0.2;   81.33;    0.7;   -0.5;   -0.6;eor
       3552;20180114;   10;   9.5;   4.7;    3;   0.0;   0;    3.600;-999;   3.4;   4.3; 1023.66;   -1.4;   78.21;    0.1;   -2.7;   -4.1;eor
       3552;20180115;   10;  17.8;   7.8;    3;   3.2;   4;    2.833;-999;   6.3;   4.9; 1008.04;    0.6;   76.83;    2.7;   -2.1;   -2.7;eor
       3552;20180116;   10;  17.6;   4.9;    3;   2.5;   4;    0.767;-999;   7.7;   6.7;  984.91;    2.3;   92.58;    4.3;    0.5;   -0.1;eor
       3552;20180117;   10;   9.7;   2.9;    3;   1.1;   4;    0.000;-999;   7.7;   6.0;  988.69;    1.1;   90.29;    1.9;    0.0;   -1.5;eor
       3552;20180118;   10;  16.5;   5.6;    3;   7.5;   4;    0.000;-999;   7.6;   6.4;  987.16;    2.0;   90.04;    4.5;    0.3;   -0.1;eor
       3552;20180119;   10;   7.6;   2.2;    3;   0.5;   4;    0.000;-999;   7.8;   6.4;  999.21;    1.9;   91.29;    3.1;    0.8;   -0.6;eor
       3552;20180120;   10;   5.6;   2.0;    3;   0.0;   4;    0.550;-999;   7.6;   6.2; 1000.19;    1.1;   92.83;    3.0;   -0.5;   -2.0;eor
       3552;20180121;   10;   6.5;   1.7;    3;   0.0;   4;    0.000;-999;   7.9;   5.7; 1007.41;   -0.2;   95.17;    1.6;   -1.0;   -1.0;eor
       3552;20180122;   10;   9.6;   4.5;    3;   0.0;   4;    0.000;-999;   7.8;   5.4; 1006.65;    0.3;   86.50;    1.7;   -1.1;   -0.7;eor
       3552;20180123;   10;   8.0;   2.6;    3;   1.5;   4;    0.000;-999;   7.8;   6.5; 1014.35;    1.6;   94.04;    4.5;   -0.6;   -1.6;eor
       3552;20180124;   10;  13.5;   4.7;    3;   0.2;   4;    0.250;-999;   7.5;   9.4; 1009.45;    7.5;   90.25;    9.3;    4.3;    4.0;eor
       3552;20180125;   10;  10.8;   2.7;    3;   2.9;   4;    0.000;-999;   7.5;   9.2; 1007.14;    7.6;   88.17;   10.5;    5.4;    4.1;eor
       3552;20180126;   10;   3.7;   1.0;    3;   1.1;   4;    0.000;-999;   7.8;   9.0; 1012.44;    6.1;   96.00;    7.5;    4.7;    3.8;eor
       3552;20180127;   10;  10.3;   2.3;    3;   1.5;   4;    0.167;-999;   8.0;   7.9; 1022.92;    4.7;   92.33;    6.2;    4.0;    2.6;eor
       3552;20180128;   10;  14.1;   4.7;    3;   2.2;   4;    1.167;-999;   7.8;   8.9; 1016.98;    7.2;   86.96;    9.3;    4.5;    4.0;eor
       3552;20180129;   10;  18.1;   5.8;    3;   4.3;   4;    0.000;-999;   7.8;   9.8; 1011.99;    8.9;   85.42;   10.2;    4.9;    3.9;eor
       3552;20180130;   10;  14.6;   4.2;    3;   0.0;   4;    0.083;-999;   5.5;   6.5; 1017.47;    4.2;   79.29;    6.2;    0.1;   -2.2;eor
       3552;20180131;   10;  14.8;   4.3;    3;   8.2;   4;    0.000;-999;   6.8;   7.7; 1000.99;    4.3;   91.13;    8.3;   -0.2;   -2.5;eor
       3552;20180201;   10;  10.7;   3.2;    3;   0.0;   4;    5.517;-999;   4.8;   6.2;  993.73;    3.1;   81.38;    5.8;    0.8;   -1.3;eor
       3552;20180202;   10;   9.7;   3.3;    3;   4.0;   4;    1.667;-999;   6.6;   6.2;  996.47;    2.3;   85.54;    4.0;    0.0;   -2.1;eor
       3552;20180203;   10;   7.1;   1.8;    3;   0.4;   4;    0.000;-999;   7.7;   5.5;  999.58;    0.0;   89.13;    2.2;   -1.2;   -1.6;eor
       3552;20180204;   10;   6.9;   1.8;    3;   0.1;   4;    1.100;-999;   7.2;   5.2; 1013.18;   -0.7;   89.54;    0.7;   -2.2;   -3.7;eor
       3552;20180205;   10;   7.2;   2.5;    3;   0.0;   0;    7.067;-999;   4.0;   4.6; 1023.28;   -1.0;   80.79;    2.2;   -4.6;   -6.5;eor
       3552;20180206;   10;   6.5;   1.5;    3;   0.0;   0;    8.367;-999;   2.2;   3.8; 1014.39;   -3.3;   79.33;    0.1;   -6.7;   -8.3;eor
       3552;20180207;   10;   5.6;   2.3;    3;   0.0;   0;    8.183;-999;   2.5;   3.8; 1011.82;   -2.4;   75.21;    1.9;   -5.2;   -7.7;eor
       3552;20180208;   10;   4.2;   0.8;    3;   0.0;   0;    8.650;-999;   0.0;   3.5; 1015.35;   -4.3;   78.71;    1.2;   -8.5;  -10.4;eor
       3552;20180209;   10;   5.9;   2.0;    3;   0.0;   4;    7.350;-999;   2.3;   3.9; 1012.46;   -3.5;   82.88;    0.5;   -8.0;   -9.8;eor
       3552;20180210;   10;   6.9;   2.3;    3;   0.0;   4;    2.133;-999;   7.0;   5.2; 1009.85;    0.4;   82.21;    3.9;   -1.4;   -1.7;eor
       3552;20180211;   10;  12.3;   4.2;    3;   0.7;   4;    0.683;-999;   5.1;   5.8;  998.20;    0.7;   90.54;    2.6;   -1.1;   -3.6;eor
       3552;20180212;   10;  10.8;   2.8;    3;   0.0;   4;    2.133;-999;   3.7;   5.4; 1003.36;    0.6;   85.33;    4.2;   -1.5;   -4.5;eor
       3552;20180213;   10;   5.7;   1.5;    3;   0.0;   0;    8.517;-999;   1.2;   4.9; 1010.45;   -0.6;   83.92;    5.3;   -4.2;   -6.6;eor
       3552;20180214;   10;   6.5;   1.7;    3;   0.0;   0;    8.883;-999;   0.5;   4.5; 1015.53;   -1.4;   82.63;    5.0;   -6.1;   -8.3;eor
       3552;20180215;   10;  12.6;   5.1;    3;   0.6;   4;    1.617;-999;   7.7;   4.9; 1013.33;   -0.7;   84.50;    2.1;   -3.4;   -3.2;eor
       3552;20180216;   10;  11.5;   2.6;    3;   0.0;   4;    5.683;-999;   4.9;   6.1; 1016.08;    2.3;   84.92;    6.4;   -0.4;   -2.9;eor
       3552;20180217;   10;   4.5;   1.2;    3;   0.0;   0;    0.000;-999;   7.9;   5.9; 1019.60;    2.1;   82.63;    4.3;    0.5;   -0.3;eor
       3552;20180218;   10;   5.9;   2.0;    3;   0.0;   0;    0.067;-999;   7.9;   5.8; 1022.65;    1.4;   85.63;    3.2;   -0.6;   -3.2;eor
       3552;20180219;   10;   5.8;   2.0;    3;   0.0;   0;    4.200;-999;   5.3;   5.1; 1016.37;    0.7;   79.46;    4.8;   -1.7;   -3.6;eor
       3552;20180220;   10;   8.8;   3.1;    3;   0.0;   0;    8.350;-999;   2.7;   4.5; 1015.74;    0.1;   73.33;    4.0;   -2.4;   -4.0;eor
       3552;20180221;   10;   5.5;   2.4;    3;   0.0;   0;    5.150;-999;   3.8;   4.3; 1020.52;   -0.2;   72.71;    4.0;   -4.1;   -5.9;eor
       3552;20180222;   10;   5.0;   1.8;    3;   0.0;   4;    1.517;-999;   6.0;   4.8; 1020.95;   -1.1;   85.71;    1.4;   -4.1;   -6.0;eor
       3552;20180223;   10;   8.5;   3.0;    3;   0.0;   4;    9.467;-999;   0.4;   3.3; 1021.69;   -2.9;   68.63;   -0.1;   -5.7;   -7.9;eor
       3552;20180224;   10;  12.2;   3.9;    3;   0.0;   4;    8.333;-999;   3.3;   3.2; 1025.46;   -2.3;   62.92;    0.8;   -6.3;   -8.6;eor
       3552;20180225;   10;   6.0;   1.7;    3;   0.0;   4;    4.867;-999;   2.4;   3.1; 1026.89;   -5.4;   75.00;   -2.0;   -8.8;  -10.4;eor
       3552;20180226;   10;  10.6;   3.8;    3;   0.0;   4;    4.867;-999;   3.3;   2.9; 1023.80;   -5.9;   73.50;   -2.7;   -9.1;  -10.4;eor
       3552;20180227;   10;   9.3;   2.5;    3;   0.0;   4;    1.850;-999;   5.3;   2.7; 1018.65;   -7.8;   78.54;   -4.5;  -11.1;  -12.6;eor
       3552;20180228;   10;   9.8;   3.8;    3;   0.0;   0;    9.283;-999;   0.7;   2.0; 1022.50;   -9.3;   65.58;   -5.4;  -13.2;  -14.3;eor
       3552;20180301;   10;  11.3;   4.3;    3;   0.0;   0;   10.167;-999;   0.0;   2.2; 1014.78;   -8.0;   66.42;   -3.8;  -11.0;  -12.4;eor
       3552;20180302;   10;  10.0;   4.1;    3;   0.0;   0;   10.050;-999;   0.0;   2.1; 1003.11;   -8.0;   63.25;   -3.5;  -12.2;  -13.1;eor
       3552;20180303;   10;  10.5;   3.9;    3;   0.0;   0;   10.100;-999;   0.0;   2.4; 1001.39;   -6.5;   65.04;   -1.7;  -11.2;  -12.4;eor
       3552;20180304;   10;  10.6;   4.5;    3;   0.0;   4;    7.583;-999;   1.3;   2.9;  998.97;   -2.9;   59.58;    3.0;   -8.5;  -10.2;eor
       3552;20180305;   10;   7.1;   2.8;    3;   0.0;   4;    4.750;-999;   4.4;   5.0;  993.18;    1.7;   70.13;    7.9;   -3.0;   -4.6;eor
       3552;20180306;   10;   6.4;   2.3;    3;   2.9;   4;    3.400;-999;   2.3;   5.4;  989.75;    1.3;   81.08;    5.2;   -2.8;   -5.1;eor
       3552;20180307;   10;   7.2;   1.7;    3;   2.2;   4;    0.000;-999;   7.9;   6.2;  988.59;    1.0;   94.17;    2.5;    0.2;   -0.1;eor
       3552;20180308;   10;  11.6;   2.6;    3;   2.3;   4;    2.583;-999;  -999;   6.8;  994.72;    3.5;   87.46;    9.1;    0.3;    0.0;eor
       3552;20180309;   10;  13.8;   3.4;    3;   0.0;   0;    3.400;-999;   5.1;   6.2;  999.17;    4.1;   76.63;    9.2;   -1.8;   -3.7;eor
       3552;20180310;   10;   5.4;   2.0;    3;   0.6;   4;    0.100;-999;   7.8;   7.4;  999.40;    3.6;   92.08;    7.8;   -1.4;   -2.0;eor
       3552;20180311;   10;   8.9;   2.2;    3;   0.0;   0;    7.933;-999;  -999;   9.0;  993.92;    7.5;   86.21;   12.6;    1.0;   -1.0;eor
       3552;20180312;   10;   8.9;   1.5;    3;   7.3;   4;    0.000;-999;   7.4;   9.5;  986.45;    7.1;   93.54;    8.9;    3.8;    1.4;eor
       3552;20180313;   10;   9.9;   2.9;    3;   1.1;   4;    0.083;-999;   7.8;   9.6;  992.97;    7.9;   90.42;   10.1;    3.8;    3.3;eor
       3552;20180314;   10;   6.8;   2.7;    3;   0.0;   4;    0.000;-999;   7.8;   6.7; 1005.42;    3.7;   84.96;    5.6;    1.9;    1.5;eor
       3552;20180315;   10;  14.7;   5.7;    3;   0.0;   0;    0.150;-999;   8.0;   6.1; 1004.56;    2.5;   83.33;    4.6;    1.2;    0.7;eor
       3552;20180316;   10;  17.2;   7.2;    3;   0.0;   4;    0.000;-999;   7.8;   4.0; 1004.55;   -0.1;   64.92;    1.3;   -3.1;   -3.3;eor
       3552;20180317;   10;  18.3;   7.5;    3;   0.0;   0;    6.750;-999;   5.8;   2.3; 1010.37;   -2.9;   47.00;   -0.6;   -5.1;   -5.7;eor
       3552;20180318;   10;  17.6;   6.6;    3;   0.0;   0;   11.600;-999;   0.0;   2.2; 1013.25;   -2.2;   43.63;    1.2;   -5.3;   -6.6;eor
       3552;20180319;   10;   8.4;   2.7;    3;   0.0;   4;   11.733;-999;   0.0;   2.6; 1010.67;   -1.5;   49.83;    4.3;   -6.1;   -8.3;eor
       3552;20180320;   10;  12.4;   2.8;    3;   2.7;   4;    1.417;-999;   3.9;   4.4; 1010.80;   -1.3;   78.08;    3.6;   -5.9;   -8.4;eor
       3552;20180321;   10;   9.5;   2.2;    3;   0.3;   4;    9.667;-999;   3.0;   4.6; 1019.40;    1.0;   71.79;    7.0;   -6.0;   -8.1;eor
       3552;20180322;   10;  10.4;   2.7;    3;   5.6;   4;    0.000;-999;   7.7;   6.7; 1006.19;    2.4;   92.08;    4.2;    0.5;   -0.1;eor
       3552;20180323;   10;   5.6;   1.3;    3;   0.0;   4;    0.000;-999;   8.0;   6.7; 1002.10;    2.1;   93.63;    2.9;    0.7;   -1.2;eor
       3552;20180324;   10;   5.8;   1.9;    3;   0.0;   0;   10.500;-999;   1.9;   5.7; 1001.00;    2.3;   80.00;    7.4;   -2.1;   -3.8;eor
       3552;20180325;   10;   4.8;   1.1;    3;   0.0;   4;   10.000;-999;   3.0;   5.8; 1002.90;    4.4;   72.08;   11.0;   -2.6;   -4.0;eor
       3552;20180326;   10;   8.8;   2.3;    3;   0.1;   4;    4.450;-999;   5.9;   6.6; 1007.80;    4.1;   80.08;    8.4;   -1.1;   -3.6;eor
       3552;20180327;   10;   6.1;   1.6;    3;   0.0;   4;    3.167;-999;   7.2;   5.8; 1009.21;    3.4;   76.38;    9.1;   -0.9;   -1.7;eor
       3552;20180328;   10;  12.9;   5.4;    3;   3.8;   4;    0.000;-999;   7.8;   6.0; 1000.60;    1.7;   87.00;    2.3;    0.9;    0.0;eor
       3552;20180329;   10;  13.7;   4.2;    3;   2.3;   4;    0.983;-999;   6.4;   6.8;  996.53;    3.4;   87.04;    5.9;    1.3;   -1.7;eor
       3552;20180330;   10;   9.7;   2.8;    3;   0.0;   0;   11.117;-999;   3.0;   5.8; 1002.63;    4.1;   71.67;    9.5;   -1.0;   -3.3;eor
       3552;20180331;   10;  11.4;   4.1;    3;   5.2;   4;    0.000;-999;   6.6;   6.1;  994.95;    1.7;   88.29;    3.1;    0.8;   -0.3;eor
       3552;20180401;   10;  10.7;   4.0;    3;   4.2;   4;    0.000;-999;   7.4;   6.1;  997.52;    1.0;   93.46;    1.6;    0.5;   -0.7;eor
       3552;20180402;   10;   8.3;   2.8;    3;   1.1;   4;    6.583;-999;   6.0;   5.9; 1004.02;    4.2;   73.13;    9.3;   -0.5;   -1.4;eor
       3552;20180403;   10;   9.6;   3.5;    3;   0.0;   4;    4.233;-999;   6.8;   9.4;  997.93;   10.9;   73.04;   18.1;    4.9;    4.1;eor
       3552;20180404;   10;  19.7;   2.7;    3;   8.3;   4;   11.083;-999;   3.5;   9.7;  997.48;   12.8;   67.75;   18.1;    7.6;    3.6;eor
       3552;20180405;   10;  17.0;   4.3;    3;   0.2;   4;    4.517;-999;   4.9;   8.8; 1002.11;    9.1;   76.25;   14.2;    2.6;    0.9;eor
       3552;20180406;   10;   7.5;   2.4;    3;   0.0;   0;   12.483;-999;   0.4;   6.1; 1018.01;    6.1;   66.96;   12.2;    0.7;   -1.0;eor
       3552;20180407;   10;  10.8;   4.6;    3;   0.0;   0;   12.750;-999;   0.0;   6.2; 1012.19;   10.9;   49.17;   18.1;    3.2;    0.0;eor
       3552;20180408;   10;  10.4;   3.9;    3;   0.0;   0;   12.500;-999;   0.0;   8.8; 1005.80;   12.4;   62.88;   18.4;    6.0;    3.3;eor
       3552;20180409;   10;   6.2;   1.4;    3;   0.0;   0;   10.567;-999;   0.0;   9.8; 1001.68;   13.5;   66.08;   22.2;    3.8;    1.2;eor
       3552;20180410;   10;  12.4;   4.7;    3;   0.0;   4;   11.600;-999;   0.4;  10.4; 1001.42;   13.9;   67.04;   22.1;    7.8;    6.9;eor
       3552;20180411;   10;  11.6;   5.1;    3;   0.0;   4;    8.717;-999;   3.6;   9.8; 1005.43;   10.1;   79.04;   15.4;    7.4;    6.3;eor
       3552;20180412;   10;  15.7;   5.5;    3;   0.0;   4;    7.883;-999;   0.9;  11.1; 1001.33;   14.3;   69.46;   20.6;    7.9;    6.5;eor
       3552;20180413;   10;  13.2;   4.9;    3;   8.9;   4;    2.000;-999;   6.3;  13.2; 1001.40;   14.8;   78.67;   19.2;   10.0;    7.2;eor
       3552;20180414;   10;  11.0;   3.1;    3;   9.5;   4;    3.000;-999;   4.9;  11.4; 1010.48;   11.0;   87.46;   14.7;    6.2;    4.3;eor
       3552;20180415;   10;   8.4;   2.1;    3;   0.2;   4;    8.250;-999;   3.1;  11.1; 1008.90;   12.9;   76.42;   21.3;    5.6;    3.2;eor
       3552;20180416;   10;   4.3;   1.1;    3;   1.1;   4;    0.317;-999;   7.3;  11.2; 1008.58;   10.8;   85.88;   14.6;    8.5;    7.2;eor
       3552;20180417;   10;   8.4;   1.6;    3;   0.0;   0;   11.183;-999;   1.8;  10.0; 1020.12;   12.5;   71.79;   18.9;    6.7;    4.1;eor
       3552;20180418;   10;   6.0;   1.0;    3;   0.0;   0;   12.683;-999;   0.0;  11.2; 1026.08;   14.7;   70.29;   23.3;    6.1;    3.1;eor
       3552;20180419;   10;   4.5;   1.0;    3;   0.0;   0;   13.050;-999;   0.0;  13.0; 1025.50;   16.8;   70.13;   24.3;    8.5;    5.4;eor
       3552;20180420;   10;   7.0;   2.0;    3;   0.0;   0;   13.067;-999;   0.0;  13.7; 1017.67;   18.8;   66.42;   27.3;   11.4;    8.0;eor
       3552;20180421;   10;   8.0;   2.3;    3;   0.0;   0;   13.167;-999;   0.2;  10.0; 1014.26;   15.6;   59.17;   21.0;    8.3;    4.9;eor
       3552;20180422;   10;   5.9;   1.4;    3;   0.0;   0;   12.967;-999;   0.8;  11.4; 1009.88;   15.4;   67.17;   22.4;    6.9;    3.3;eor
       3552;20180423;   10;  13.3;   2.7;    3;   0.0;   4;    7.683;-999;   4.3;  12.2; 1005.95;   16.4;   66.21;   21.7;   10.8;    8.0;eor
       3552;20180424;   10;  11.0;   2.4;    3;   0.8;   4;    1.100;-999;   6.8;  10.5; 1008.10;   11.9;   75.25;   14.7;    8.1;    4.8;eor
       3552;20180425;   10;  19.6;   3.6;    3;   1.8;   4;    3.583;-999;   6.9;  10.8; 1001.94;   12.1;   76.67;   17.9;    7.3;    4.2;eor
       3552;20180426;   10;  14.6;   2.6;    3;   5.2;   4;    4.600;-999;   5.7;   9.0; 1007.35;    8.3;   82.88;   13.3;    4.6;    2.4;eor
       3552;20180427;   10;   6.5;   2.2;    3;   0.0;   0;   10.033;-999;   3.1;   8.6; 1009.03;   10.5;   70.42;   15.6;    3.7;    1.0;eor
       3552;20180428;   10;   6.6;   1.5;    3;   0.0;   4;    9.833;-999;   3.8;  10.1; 1005.24;   14.0;   65.50;   21.5;    6.7;    3.3;eor
       3552;20180429;   10;   9.4;   1.8;    3;   0.0;   0;   11.067;-999;   2.0;  11.9; 1004.51;   16.8;   63.83;   23.0;   11.2;    9.8;eor
       3552;20180430;   10;  11.5;   3.6;    3;   0.5;   4;    8.583;-999;   2.8;  12.1;  995.96;   15.4;   69.33;   22.2;    9.2;    5.2;eor
       3552;20180501;   10;  16.5;   3.9;    3;   0.0;   0;    8.350;-999;   3.5;   7.8; 1003.87;   11.1;   59.96;   14.2;    4.5;    0.9;eor
       3552;20180502;   10;   7.4;   2.0;    3;   0.0;   0;    2.750;-999;   5.3;   8.0; 1009.59;   10.0;   66.17;   14.8;    1.6;   -1.5;eor
       3552;20180503;   10;  10.3;   2.6;    3;   0.0;   0;   11.417;-999;   2.8;   8.4; 1010.15;   12.2;   62.00;   18.3;    4.6;    1.6;eor
       3552;20180504;   10;   6.4;   1.7;    3;   0.0;   0;   13.617;-999;   0.0;   7.2; 1018.89;   11.2;   59.04;   17.7;    2.7;   -0.2;eor
       3552;20180505;   10;   8.5;   2.5;    3;   0.0;   0;   14.350;-999;   0.0;   8.2; 1022.43;   12.9;   58.25;   19.3;    4.4;    1.2;eor
       3552;20180506;   10;   7.9;   2.2;    3;   0.0;   0;   14.383;-999;   0.0;  10.2; 1021.60;   15.2;   60.29;   21.6;    7.9;    5.2;eor
       3552;20180507;   10;   8.0;   2.0;    3;   0.0;   0;   14.483;-999;   0.0;  11.3; 1017.48;   17.3;   59.63;   23.9;    8.5;    4.2;eor
       3552;20180508;   10;  10.6;   3.0;    3;   0.0;   0;   14.483;-999;   0.1;  11.3; 1010.59;   18.7;   55.63;   24.4;   11.1;    6.7;eor
       3552;20180509;   10;  11.5;   2.7;    3;   0.0;   0;   12.633;-999;   1.0;  13.0; 1004.98;   20.0;   57.21;   26.3;   13.2;    9.0;eor
       3552;20180510;   10;  11.9;   3.4;    3;   0.1;   4;    7.050;-999;   5.3;  15.2; 1003.74;   19.4;   68.71;   25.2;   13.7;   10.8;eor
       3552;20180511;   10;   8.1;   2.1;    3;   0.0;   0;    1.017;-999;   6.0;  13.2; 1013.79;   14.2;   82.00;   17.6;    9.7;    6.0;eor
       3552;20180512;   10;   7.9;   1.9;    3;   0.0;   0;   11.033;-999;   2.1;  13.7; 1012.75;   16.1;   76.58;   22.0;    8.7;    4.9;eor
       3552;20180513;   10;  12.3;   3.9;    3;   0.0;   0;   14.467;-999;   0.0;  12.1; 1008.23;   19.7;   56.63;   25.2;   13.0;   10.5;eor
       3552;20180514;   10;  13.4;   3.5;    3;   0.0;   0;   14.783;-999;   0.1;  10.5; 1009.50;   19.2;   48.79;   24.3;   12.5;    7.3;eor
       3552;20180515;   10;  16.6;   2.8;    3;   1.6;   4;    6.283;-999;   3.6;  12.0; 1009.71;   15.5;   69.96;   22.4;   11.2;    6.7;eor
       3552;20180516;   10;   9.0;   2.8;    3;   0.0;   4;    5.133;-999;   5.2;  13.7; 1007.40;   16.5;   74.58;   22.4;   11.0;    9.8;eor
       3552;20180517;   10;  10.0;   3.5;    3;   0.0;   0;   13.350;-999;   1.9;  12.1; 1008.61;   15.9;   68.33;   22.3;    9.9;    8.6;eor
       3552;20180518;   10;   7.7;   1.9;    3;   0.0;   4;    0.000;-999;   6.8;  11.7; 1013.82;   11.9;   84.04;   14.0;    8.2;    6.0;eor
       3552;20180519;   10;   9.0;   2.4;    3;   0.0;   0;   13.367;-999;   2.3;   9.7; 1017.07;   16.0;   56.54;   21.5;   10.5;    8.3;eor
       3552;20180520;   10;   9.1;   3.1;    3;   0.0;   0;   15.367;-999;   0.0;   8.0; 1020.07;   15.6;   47.88;   21.6;    7.6;    5.6;eor
       3552;20180521;   10;  13.0;   3.5;    3;   0.0;   0;   14.817;-999;   0.3;   9.9; 1015.87;   17.2;   52.96;   23.1;    9.6;    6.8;eor
       3552;20180522;   10;   8.6;   2.7;    3;   0.0;   0;   14.433;-999;   0.9;   9.8; 1010.98;   18.4;   48.58;   24.2;   11.5;    8.2;eor
       3552;20180523;   10;  11.5;   3.3;    3;   0.0;   0;   14.250;-999;   0.0;  10.4; 1016.43;   18.6;   51.29;   24.8;   11.7;    9.8;eor
       3552;20180524;   10;  15.1;   4.1;    3;   0.0;   0;   15.000;-999;   0.2;  11.8; 1017.91;   19.4;   53.83;   24.9;   13.0;   10.8;eor
       3552;20180525;   10;  10.5;   3.0;    3;   0.0;   0;   14.500;-999;   0.9;  11.6; 1016.40;   20.0;   51.13;   26.2;   14.2;   11.7;eor
       3552;20180526;   10;   7.7;   1.6;    3;   1.9;   4;   10.967;-999;   1.9;  14.1; 1017.04;   19.0;   65.71;   25.4;   12.1;   10.1;eor
       3552;20180527;   10;   9.3;   2.5;    3;   0.2;   4;    7.217;-999;   4.0;  15.3; 1016.00;   19.2;   70.83;   27.4;   12.3;   11.3;eor
       3552;20180528;   10;  10.3;   3.3;    3;   0.0;   0;   13.300;-999;   0.6;  16.2; 1014.56;   23.7;   58.08;   29.7;   16.3;   14.0;eor
       3552;20180529;   10;  12.1;   3.8;    3;   0.0;   0;   15.433;-999;   0.0;  13.1; 1010.95;   24.7;   44.33;   29.7;   18.8;   16.0;eor
       3552;20180530;   10;  11.2;   2.8;    3;   0.0;   0;   12.767;-999;   1.0;  15.8; 1009.44;   24.0;   54.25;   30.3;   17.7;   14.8;eor
       3552;20180531;   10;   9.0;   2.5;    3;   0.0;   0;   14.517;-999;   0.6;  16.5; 1009.93;   24.2;   57.17;   29.9;   16.4;   13.3;eor
       3552;20180601;   10;  12.9;   2.7;    3;   6.2;   4;    9.317;-999;   3.0;  18.5; 1009.03;   24.2;   62.92;   30.1;   19.2;   17.7;eor
       3552;20180602;   10;   9.4;   2.0;    3;   8.5;   4;    0.633;-999;   7.5;  20.4; 1009.94;   20.1;   86.46;   23.0;   18.0;   17.3;eor
       3552;20180603;   10;   6.8;   1.9;    3;   4.4;   4;    3.800;-999;   5.6;  18.9; 1011.61;   19.3;   84.96;   23.3;   16.0;   14.2;eor
       3552;20180604;   10;   7.9;   2.2;    3;   0.0;   0;   13.767;-999;   0.8;  16.7; 1007.09;   19.6;   74.92;   25.0;   14.2;   12.6;eor
       3552;20180605;   10;   8.6;   2.4;    3;   0.0;   0;    5.850;-999;   4.8;  13.8; 1007.92;   18.1;   67.17;   23.9;   13.0;   10.3;eor
       3552;20180606;   10;  11.1;   3.9;    3;   0.0;   0;   15.983;-999;   0.0;   9.7; 1012.70;   17.6;   50.46;   22.9;   11.2;    8.9;eor
       3552;20180607;   10;   9.2;   3.6;    3;   0.0;   0;   15.400;-999;   0.1;  10.9; 1011.81;   19.9;   47.42;   26.2;   11.8;    9.4;eor
       3552;20180608;   10;   7.9;   2.2;    3;   0.0;   0;   14.267;-999;   0.0;  12.2; 1008.66;   23.0;   45.04;   29.4;   14.6;   12.0;eor
       3552;20180609;   10;   7.3;   2.0;    3;   0.0;   0;   14.433;-999;   0.8;  12.5; 1007.12;   24.3;   43.63;   30.8;   16.8;   13.9;eor
       3552;20180610;   10;   9.4;   1.6;    3;   1.5;   4;    7.167;-999;   3.6;  18.0; 1004.52;   21.5;   70.83;   29.0;   16.5;   14.4;eor
       3552;20180611;   10;   8.0;   2.3;    3;   0.0;   0;   11.250;-999;   2.1;  13.8; 1005.35;   19.2;   64.08;   23.8;   14.3;   12.3;eor
       3552;20180612;   10;   7.9;   2.3;    3;   0.0;   4;    3.567;-999;   6.1;  11.1; 1004.90;   15.7;   63.38;   19.7;   10.8;    8.2;eor
       3552;20180613;   10;   7.5;   2.1;    3;   0.0;   4;    0.000;-999;   8.0;  11.9; 1006.72;   14.9;   70.38;   16.5;   12.8;   12.3;eor
       3552;20180614;   10;   6.9;   1.4;    3;   0.0;   4;   10.450;-999;   4.2;  10.4; 1009.54;   17.2;   54.42;   22.7;   12.6;   10.1;eor
       3552;20180615;   10;   6.5;   1.3;    3;   0.0;   4;    3.900;-999;   7.5;  14.4; 1011.26;   18.9;   66.79;   23.5;   14.9;   13.6;eor
       3552;20180616;   10;   9.1;   2.0;    3;   0.0;   0;    4.750;-999;   7.2;  15.8; 1010.31;   20.7;   65.46;   24.9;   16.2;   13.6;eor
       3552;20180617;   10;  10.6;   2.3;    3;   0.0;   0;    9.850;-999;   4.8;  13.5; 1009.75;   19.8;   60.25;   24.7;   15.2;   12.3;eor
       3552;20180618;   10;   7.5;   1.8;    3;   0.0;   4;    4.583;-999;   6.7;  13.4; 1013.67;   19.0;   62.63;   23.3;   12.8;   11.1;eor
       3552;20180619;   10;   9.7;   2.5;    3;   0.0;   0;    6.067;-999;   5.5;  15.7; 1015.37;   20.0;   67.88;   23.9;   16.6;   13.8;eor
       3552;20180620;   10;   7.5;   1.7;    3;   0.0;   0;    5.467;-999;   5.2;  15.6; 1014.66;   20.9;   63.92;   27.0;   15.1;   12.3;eor
       3552;20180621;   10;  17.6;   3.4;    3;   3.4;   4;    8.017;-999;   3.2;  12.9; 1007.18;   15.3;   73.88;   24.2;    8.8;    7.2;eor
       3552;20180622;   10;  12.0;   3.7;    3;   0.7;   4;    4.950;-999;   6.3;  10.0; 1011.29;   13.5;   65.75;   19.4;    8.6;    7.1;eor
       3552;20180623;   10;  11.9;   3.4;    3;   2.4;   4;    0.600;-999;   7.6;  12.0; 1013.40;   13.4;   78.25;   17.7;   10.3;    9.3;eor
       3552;20180624;   10;   9.0;   2.2;    3;   0.3;   4;    0.000;-999;   7.9;  13.7; 1013.01;   13.3;   89.29;   15.4;   11.7;   10.8;eor
       3552;20180625;   10;   8.4;   2.4;    3;   0.0;   4;    2.983;-999;   6.6;  13.9; 1014.99;   15.6;   79.63;   20.7;   11.6;   10.7;eor
       3552;20180626;   10;   7.8;   2.3;    3;   0.0;   4;    4.583;-999;   4.5;  14.1; 1017.75;   17.2;   73.63;   24.5;   11.5;    8.4;eor
       3552;20180627;   10;   8.7;   3.1;    3;   0.0;   0;   11.917;-999;   2.3;  13.8; 1019.85;   19.1;   65.17;   24.8;   13.1;   11.2;eor
       3552;20180628;   10;  10.9;   3.7;    3;   0.0;   0;   14.300;-999;   0.5;  14.6; 1016.56;   20.8;   62.04;   26.7;   14.6;   11.9;eor
       3552;20180629;   10;  10.9;   3.5;    3;   0.0;   0;   15.267;-999;   0.0;  13.0; 1011.45;   20.2;   57.17;   28.0;   13.1;   10.7;eor
       3552;20180630;   10;   9.8;   2.8;    3;   0.0;   0;   11.817;-999;   2.0;  10.2; 1015.03;   16.8;   55.33;   21.8;   11.4;    8.9;eor
       3552;20180701;   10;  10.3;   3.0;    3;   0.0;   0;   12.367;-999;   2.2;   9.7; 1016.07;   16.1;   54.92;   21.9;   10.4;    6.8;eor
       3552;20180702;   10;   8.3;   2.2;    3;   0.0;   0;   12.867;-999;   2.2;   9.9; 1012.93;   17.1;   55.50;   24.4;    7.4;    4.7;eor
       3552;20180703;   10;  11.4;   2.0;    3;   0.0;   0;   15.600;-999;   0.5;  10.1; 1010.57;   19.9;   48.17;   27.8;    9.4;    6.3;eor
       3552;20180704;   10;   7.2;   1.4;    3;   0.0;   0;   15.833;-999;   0.0;  11.7; 1008.32;   21.7;   50.79;   30.0;   11.1;    9.4;eor
       3552;20180705;   10;   9.9;   2.4;    3;   0.0;   0;   13.983;-999;   1.8;  14.3; 1005.84;   22.5;   54.75;   29.3;   15.6;   13.5;eor
       3552;20180706;   10;  10.7;   2.8;    3;   0.0;   0;    5.400;-999;   4.8;  12.7; 1010.27;   18.5;   60.67;   24.4;   13.7;   11.8;eor
       3552;20180707;   10;  11.1;   2.8;    3;   0.0;   0;   13.667;-999;   2.0;  11.3; 1013.68;   18.3;   57.38;   25.4;    9.7;    7.3;eor
       3552;20180708;   10;   8.1;   2.5;    3;   0.0;   0;    7.967;-999;   5.2;  14.5; 1014.59;   19.8;   64.08;   26.7;   13.4;   12.5;eor
       3552;20180709;   10;   9.5;   2.6;    3;   0.0;   4;    6.300;-999;   4.8;  12.7; 1012.84;   17.9;   62.83;   23.6;   14.1;   11.5;eor
       3552;20180710;   10;   6.0;   1.7;    3;  12.9;   4;    4.433;-999;   7.1;  12.2; 1010.40;   16.8;   64.67;   21.8;   11.8;    9.9;eor
       3552;20180711;   10;   7.1;   1.7;    3;  13.0;   4;    5.833;-999;   6.3;  15.8; 1008.90;   17.8;   78.67;   23.4;   13.6;   12.4;eor
       3552;20180712;   10;   9.2;   2.6;    3;   1.8;   4;    0.200;-999;   7.8;  17.3; 1008.27;   18.3;   82.46;   21.5;   16.1;   14.2;eor
       3552;20180713;   10;  10.3;   2.4;    3;  21.8;   4;    6.550;-999;   4.7;  16.8; 1011.73;   18.8;   79.00;   27.4;   14.2;   11.9;eor
       3552;20180714;   10;   8.4;   2.6;    3;   0.0;   0;    9.050;-999;   3.2;  14.5; 1013.66;   16.9;   76.71;   21.4;   12.0;   10.5;eor
       3552;20180715;   10;   5.6;   1.5;    3;   0.0;   0;    8.683;-999;   3.2;  13.9; 1012.08;   18.3;   68.79;   24.7;   10.6;    9.0;eor
       3552;20180716;   10;   4.5;   1.0;    3;   0.0;   0;   14.767;-999;   0.3;  15.3; 1008.75;   21.4;   63.25;   28.2;   12.8;   11.3;eor
       3552;20180717;   10;   7.9;   2.0;    3;   0.0;   0;    9.483;-999;   3.0;  16.0; 1006.62;   22.3;   62.25;   28.7;   15.3;   13.4;eor
       3552;20180718;   10;   9.4;   3.2;    3;   0.0;   0;   10.667;-999;   1.6;  15.6; 1009.07;   21.6;   61.79;   26.2;   18.0;   16.7;eor
       3552;20180719;   10;   9.3;   2.8;    3;   0.0;   0;   12.250;-999;   1.4;  14.1; 1011.18;   20.6;   60.38;   26.0;   13.8;   12.0;eor
       3552;20180720;   10;   9.6;   1.5;    3;   0.0;   0;   11.233;-999;   1.4;  12.7; 1009.42;   19.7;   58.92;   26.8;   11.6;   10.1;eor
       3552;20180721;   10;   4.4;   0.7;    3;   0.0;   0;   10.767;-999;   1.3;  13.9; 1007.31;   20.8;   59.33;   27.1;   12.4;   10.6;eor
       3552;20180722;   10;   7.7;   0.9;    3;   1.2;   4;    1.500;-999;   6.2;  17.2; 1007.75;   20.6;   71.25;   26.0;   16.9;   14.8;eor
       3552;20180723;   10;   7.8;   2.1;    3;   0.0;   0;   14.300;-999;   0.5;  16.1; 1010.45;   21.2;   66.67;   27.2;   15.7;   14.0;eor
       3552;20180724;   10;   5.0;   0.6;    3;   0.0;   0;   14.250;-999;   1.0;  18.0; 1010.32;   23.5;   64.75;   30.5;   14.8;   13.5;eor
       3552;20180725;   10;   6.7;   1.4;    3;   0.0;   0;   14.667;-999;   1.0;  19.1; 1010.16;   25.8;   60.63;   32.2;   18.6;   16.4;eor
       3552;20180726;   10;   9.5;   2.4;    3;   0.0;   0;   14.200;-999;   0.5;  17.5; 1011.74;   25.7;   55.46;   32.2;   17.8;   15.6;eor
       3552;20180727;   10;  13.0;   2.8;    3;   0.0;   4;   12.183;-999;   1.5;  19.6; 1009.94;   25.3;   62.71;   31.1;   18.8;   17.2;eor
       3552;20180728;   10;  13.4;   3.1;    3;  20.4;   4;   12.367;-999;   2.1;  20.6; 1004.74;   24.0;   71.75;   30.2;   19.5;   18.5;eor
       3552;20180729;   10;   5.5;   1.7;    3;   0.0;   4;   13.850;-999;   3.3;  19.2; 1010.13;   22.5;   71.96;   26.9;   18.7;   17.7;eor
       3552;20180730;   10;   8.8;   2.8;    3;   0.0;   0;   11.583;-999;   3.6;  18.7; 1011.26;   25.6;   58.54;   30.8;   20.7;   18.9;eor
       3552;20180731;   10;   8.3;   2.4;    3;   4.2;   4;   11.900;-999;   0.8;  17.8; 1010.94;   27.0;   51.50;   33.0;   20.2;   17.2;eor
       3552;20180801;   10;  10.8;   2.5;    3;  30.4;   4;    6.500;-999;   4.8;  20.2; 1014.14;   24.7;   66.25;   29.8;   20.4;   19.1;eor
       3552;20180802;   10;   9.4;   2.4;    3;   0.2;   4;    6.133;-999;   4.7;  20.1; 1017.41;   22.8;   73.92;   28.1;   18.8;   17.0;eor
       3552;20180803;   10;   4.7;   0.7;    3;   0.0;   0;   13.667;-999;   1.0;  18.4; 1016.19;   24.7;   62.54;   31.6;   18.0;   15.9;eor
       3552;20180804;   10;   7.6;   1.8;    3;   0.0;   0;   10.783;-999;   1.9;  18.5; 1012.00;   24.7;   61.13;   30.6;   18.3;   15.7;eor
       3552;20180805;   10;   9.4;   2.8;    3;   0.0;   0;   11.417;-999;   3.0;  15.1; 1014.21;   20.5;   63.58;   24.3;   16.2;   13.3;eor
       3552;20180806;   10;   4.5;   1.0;    3;   0.0;   0;   14.233;-999;   0.0;  15.2; 1012.90;   20.4;   65.83;   27.1;   13.4;   11.2;eor
       3552;20180807;   10;   6.5;   2.2;    3;   0.0;   0;   14.000;-999;   0.4;  15.2; 1007.04;   25.0;   51.71;   32.9;   15.4;   12.4;eor
       3552;20180808;   10;-999;-999;    3;  -999;-999;   11.200;-999;  -999;  -999;    -999;   27.8;-999;   35.5;   21.7;   18.6;eor
       3552;20180809;   10;  14.5;-999;    3;  11.5;   4;   12.200;-999;  -999;  -999;    -999;   24.8;-999;   32.0;   19.5;   17.0;eor
       3552;20180810;   10;  12.8;   2.8;    3;   0.0;   0;    7.967;-999;   2.7;  14.5; 1013.65;   19.3;   65.42;   22.9;   14.6;   11.8;eor
       3552;20180811;   10;  13.3;   3.1;    3;   0.1;   4;    5.667;-999;   4.9;  11.9; 1014.07;   17.3;   61.42;   21.2;   12.7;    9.7;eor
       3552;20180812;   10;   9.2;   1.5;    3;   0.0;   0;   11.917;-999;   0.5;  11.8; 1011.05;   18.1;   60.46;   25.1;   10.4;    7.8;eor
       3552;20180813;   10;  11.7;   1.6;    3;   0.0;   4;    8.933;-999;   2.1;  14.0; 1002.57;   21.0;   58.83;   29.9;   12.8;   10.0;eor
       3552;20180814;   10;   9.8;   2.6;    3;   2.6;   4;    4.983;-999;   5.5;  17.4; 1004.70;   19.3;   78.13;   22.8;   16.2;   14.6;eor
       3552;20180815;   10;   8.1;   1.9;    3;   0.0;   4;    5.467;-999;   5.2;  16.3; 1012.27;   18.8;   76.13;   23.3;   14.8;   12.9;eor
       3552;20180816;   10;   8.7;   2.1;    3;   0.0;   0;   13.283;-999;   0.0;  16.2; 1011.62;   20.9;   68.58;   27.4;   13.9;   11.8;eor
       3552;20180817;   10;   9.9;   2.1;    3;   0.0;   0;   12.450;-999;   1.4;  16.4; 1009.93;   21.9;   64.46;   29.1;   15.4;   12.9;eor
       3552;20180818;   10;   9.0;   1.2;    3;   0.0;   0;    9.750;-999;   2.3;  14.2; 1015.30;   19.8;   65.33;   25.8;   14.2;   12.1;eor
       3552;20180819;   10;   8.0;   1.1;    3;   0.0;   0;   12.950;-999;   0.0;  14.8; 1013.70;   20.1;   65.75;   27.5;   12.5;   10.6;eor
       3552;20180820;   10;   9.6;   2.0;    3;   0.1;   4;    0.867;-999;   6.0;  16.7; 1011.27;   19.9;   71.88;   23.6;   15.4;   12.7;eor
       3552;20180821;   10;   6.5;   1.9;    3;   0.0;   0;   11.850;-999;   2.0;  13.0; 1015.95;   17.9;   65.04;   23.2;   12.6;   10.1;eor
       3552;20180822;   10;   6.3;   1.6;    3;   0.0;   0;   13.183;-999;   0.0;  13.7; 1013.59;   19.3;   64.00;   26.2;   12.2;   10.1;eor
       3552;20180823;   10;   9.0;   1.8;    3;   2.6;   4;   11.683;-999;   2.6;  16.1; 1005.66;   23.2;   59.25;   32.1;   14.1;   11.4;eor
       3552;20180824;   10;  11.0;   2.1;    3;   0.2;   4;    5.267;-999;   5.6;  15.2; 1003.13;   18.6;   70.71;   21.7;   13.5;   11.4;eor
       3552;20180825;   10;  11.6;   2.3;    3;   0.0;   4;    3.867;-999;   4.6;  10.7; 1004.03;   15.0;   64.17;   19.7;    9.9;    7.1;eor
       3552;20180826;   10;   8.9;   2.1;    3;   0.0;   4;   12.183;-999;   1.4;  10.1; 1009.34;   13.8;   67.04;   20.1;    8.3;    6.1;eor
       3552;20180827;   10;  14.8;   3.6;    3;   2.4;   4;    0.750;-999;   7.7;  13.0; 1006.99;   16.4;   69.00;   20.3;   13.7;   10.4;eor
       3552;20180828;   10;   7.1;   1.3;    3;   0.0;   0;    6.600;-999;   4.5;  14.3; 1013.64;   16.7;   77.04;   21.4;   12.4;    9.2;eor
       3552;20180829;   10;  10.5;   2.9;    3;   0.1;   4;   12.350;-999;   0.0;  12.8; 1010.43;   18.7;   62.67;   25.3;   10.3;    7.7;eor
       3552;20180830;   10;   9.7;   2.2;    3;   6.2;   4;    0.000;-999;   7.2;  15.4; 1008.26;   16.6;   81.38;   18.1;   14.3;   13.2;eor
       3552;20180831;   10;   8.0;   2.1;    3;   0.0;   0;    6.117;-999;   5.8;  12.4; 1014.71;   14.9;   74.08;   20.2;   11.1;    8.6;eor
       3552;20180901;   10;   7.8;   1.8;    3;   0.0;   0;    9.267;-999;   3.5;  12.8; 1019.54;   15.6;   73.96;   22.8;    8.8;    6.7;eor
       3552;20180902;   10;   8.0;   3.0;    3;   0.0;   4;    2.667;-999;   5.5;  15.4; 1019.77;   17.7;   76.71;   22.7;   12.0;    9.9;eor
       3552;20180903;   10;   9.9;   3.2;    3;   0.0;   0;    9.833;-999;   2.8;  16.9; 1013.45;   21.7;   66.38;   27.2;   17.1;   15.3;eor
       3552;20180904;   10;   6.3;   2.5;    3;   0.0;   0;   11.750;-999;   0.4;  15.6; 1011.73;   19.3;   71.79;   24.9;   14.8;   12.8;eor
       3552;20180905;   10;   6.9;   2.5;    3;   0.0;   0;    7.317;-999;   3.7;  16.2; 1013.13;   19.5;   73.17;   25.0;   15.3;   12.7;eor
       3552;20180906;   10;   8.0;   2.4;    3;   0.8;   4;    8.200;-999;   2.1;  15.7; 1008.51;   18.7;   74.75;   24.2;   14.2;   12.4;eor
       3552;20180907;   10;   8.9;   1.6;    3;   0.2;   4;    3.583;-999;   6.0;  14.9; 1006.56;   17.4;   75.17;   22.2;   11.6;    8.3;eor
       3552;20180908;   10;   9.6;   1.9;    3;   0.0;   0;    9.900;-999;   3.4;  11.1; 1013.90;   15.0;   66.58;   20.8;    8.5;    5.3;eor
       3552;20180909;   10;   6.4;   0.9;    3;   0.0;   0;    7.867;-999;   4.4;  12.1; 1015.44;   17.4;   63.96;   24.4;   12.3;    9.6;eor
       3552;20180910;   10;   7.8;   1.2;    3;   0.1;   4;    1.650;-999;   6.4;  13.2; 1014.95;   17.8;   67.75;   24.2;   11.6;    9.0;eor
       3552;20180911;   10;  10.8;   2.4;    3;   0.0;   0;    7.817;-999;   4.6;  13.9; 1013.84;   20.1;   61.08;   25.8;   14.7;   13.1;eor
       3552;20180912;   10;  10.4;   2.4;    3;   2.4;   4;    4.617;-999;   4.7;  14.6; 1013.70;   17.9;   72.04;   23.8;   13.8;   11.3;eor
       3552;20180913;   10;   5.0;   0.9;    3;   0.7;   4;    0.267;-999;   7.8;  13.9; 1015.93;   14.1;   86.54;   16.6;   12.8;   11.9;eor
       3552;20180914;   10;   4.8;   0.7;    3;   0.0;   0;    6.267;-999;   5.3;  12.7; 1014.61;   14.9;   77.08;   20.0;   11.1;    8.7;eor
       3552;20180915;   10;   9.9;   2.2;    3;   0.0;   4;    6.550;-999;   4.4;  11.6; 1015.61;   14.4;   72.29;   20.2;    9.4;    6.5;eor
       3552;20180916;   10;   7.3;   1.2;    3;   0.0;   0;    9.867;-999;   1.8;  12.3; 1017.83;   14.8;   75.33;   21.5;    9.0;    5.9;eor
       3552;20180917;   10;   6.3;   0.8;    3;   0.0;   0;   11.167;-999;   0.7;  12.2; 1013.84;   16.5;   68.92;   25.3;    8.7;    5.7;eor
       3552;20180918;   10;   9.1;   1.7;    3;   0.0;   0;   11.617;-999;   0.0;  12.9; 1009.34;   18.9;   63.38;   28.5;   10.3;    7.3;eor
       3552;20180919;   10;   8.4;   1.5;    3;   0.0;   0;   10.983;-999;   0.0;  15.3; 1011.45;   19.6;   68.71;   26.8;   12.9;    9.8;eor
       3552;20180920;   10;   8.7;   1.5;    3;   0.0;   0;    8.450;-999;   0.5;  14.9; 1010.54;   19.4;   68.54;   26.8;   14.0;   10.5;eor
       3552;20180921;   10;  18.2;   3.6;    3;   6.7;   4;    4.450;-999;   2.4;  14.2; 1002.26;   17.3;   74.13;   27.2;   10.3;    8.5;eor
       3552;20180922;   10;  13.1;   3.2;    3;   0.7;   4;    4.433;-999;   5.5;  10.1; 1010.12;   12.5;   71.17;   17.1;    9.6;    7.7;eor
       3552;20180923;   10;   8.2;   1.6;    3;  10.5;   4;    0.217;-999;   6.8;  10.9; 1006.83;   10.2;   87.79;   13.3;    8.0;    6.3;eor
       3552;20180924;   10;  15.0;   3.6;    3;   2.2;   4;    7.483;-999;   1.9;   8.3; 1017.78;    9.1;   72.33;   13.3;    6.2;    3.8;eor
       3552;20180925;   10;   9.6;   2.2;    3;   0.0;   0;   10.283;-999;   1.3;   7.5; 1030.32;    8.5;   69.92;   14.8;    3.9;    1.5;eor
       3552;20180926;   10;  11.8;   2.9;    3;   0.0;   0;    5.217;-999;   5.0;   7.8; 1025.55;   11.7;   60.04;   17.0;    4.0;    1.2;eor
       3552;20180927;   10;   8.1;   2.3;    3;   0.0;   0;    7.783;-999;   3.9;  13.1; 1018.82;   16.8;   68.42;   22.2;   12.4;    8.1;eor
       3552;20180928;   10;  11.2;   3.2;    3;   0.0;   4;    6.000;-999;   3.0;   8.9; 1016.85;   11.7;   65.58;   15.3;    5.9;    2.5;eor
       3552;20180929;   10;   6.9;   1.6;    3;   0.0;   0;    9.433;-999;   1.5;   8.1; 1022.03;    8.7;   73.63;   15.1;    3.4;    0.8;eor
       3552;20180930;   10;   6.7;   1.4;    3;   0.0;   0;   10.833;-999;   0.0;   8.0; 1011.80;    9.1;   72.46;   17.4;    2.9;    0.2;eor
       3552;20181001;   10;  11.6;   1.6;    3;   0.0;   4;    1.783;-999;   5.4;   8.5; 1007.14;    8.0;   80.00;   14.3;    2.9;    0.7;eor
       3552;20181002;   10;  14.2;   3.4;    3;   4.6;   4;    0.617;-999;   5.5;   9.2; 1007.61;    7.4;   89.04;   10.4;    3.5;    1.6;eor
       3552;20181003;   10;  14.5;   4.2;    3;   0.1;   4;    5.550;-999;   4.4;   8.9; 1011.28;   10.6;   71.00;   14.5;    7.3;    4.9;eor
       3552;20181004;   10;   8.5;   1.9;    3;   0.0;   4;    0.450;-999;   6.9;  11.4; 1019.35;   11.4;   84.21;   15.5;    7.6;    5.3;eor
       3552;20181005;   10;   8.7;   2.1;    3;   0.0;   0;   10.333;-999;   2.2;  11.7; 1015.33;   13.6;   76.75;   18.9;    8.0;    4.6;eor
       3552;20181006;   10;   6.0;   1.5;    3;   0.3;   4;    9.350;-999;   1.6;  12.1; 1005.09;   13.5;   79.58;   20.7;    7.7;    3.9;eor
       3552;20181007;   10;  11.5;   2.5;    3;   0.0;   4;    1.433;-999;   4.2;  10.0; 1011.26;    9.8;   82.04;   13.5;    2.5;    0.1;eor
       3552;20181008;   10;   6.8;   1.3;    3;   0.0;   0;    9.617;-999;   0.5;   8.5; 1017.48;    7.5;   83.17;   14.2;    2.2;   -0.5;eor
       3552;20181009;   10;   4.4;   0.8;    3;   0.0;   0;    5.450;-999;   1.3;  10.7; 1017.27;   10.1;   86.29;   16.7;    4.1;    1.8;eor
       3552;20181010;   10;   7.9;   2.2;    3;   0.0;   0;    9.883;-999;   0.1;  13.1; 1017.18;   14.5;   80.04;   21.4;    7.4;    4.0;eor
       3552;20181011;   10;  11.9;   3.8;    3;   0.0;   0;   10.117;-999;   0.0;  12.4; 1012.78;   16.7;   66.46;   22.1;   12.3;    9.8;eor
       3552;20181012;   10;   5.7;   2.0;    3;   0.0;   0;   10.067;-999;   0.0;  12.8; 1016.35;   15.9;   71.79;   22.3;   11.2;    7.1;eor
       3552;20181013;   10;   6.3;   2.2;    3;   0.0;   0;    9.950;-999;   0.0;  12.5; 1017.54;   16.3;   70.00;   23.7;    9.6;    6.2;eor
       3552;20181014;   10;   9.1;   3.5;    3;   0.0;   0;    9.750;-999;   0.0;  11.4; 1010.44;   15.8;   64.33;   21.2;   11.8;    7.3;eor
       3552;20181015;   10;   7.5;   2.5;    3;   0.0;   0;    9.517;-999;   0.9;  10.2; 1010.03;   14.7;   61.75;   20.7;    8.7;    5.4;eor
       3552;20181016;   10;   3.5;   0.6;    3;   0.0;   0;    8.667;-999;   1.3;  10.8; 1012.91;   12.7;   75.92;   21.4;    6.5;    3.6;eor
       3552;20181017;   10;   2.5;   0.3;    3;   0.0;   0;    9.350;-999;   0.0;  11.4; 1013.96;   12.1;   82.29;   20.4;    6.7;    3.6;eor
       3552;20181018;   10;   7.6;   1.7;    3;   0.3;   4;    1.017;-999;   5.2;  11.8; 1016.17;   10.5;   91.50;   14.9;    5.2;    3.2;eor
       3552;20181019;   10;   5.2;   1.2;    3;   0.0;   0;    8.433;-999;   2.1;   8.5; 1020.21;    7.3;   84.46;   13.1;    2.3;   -0.2;eor
       3552;20181020;   10;   7.3;   1.2;    3;   0.0;   0;    2.883;-999;   7.0;   8.2; 1022.63;    8.2;   76.71;   12.1;    2.4;    1.2;eor
       3552;20181021;   10;   5.4;   0.9;    3;   0.0;   0;    7.617;-999;   1.4;   9.0; 1022.70;    8.2;   83.13;   14.9;    2.2;    0.0;eor
       3552;20181022;   10;  11.7;   2.0;    3;   2.0;   4;    3.317;-999;   4.9;   8.8; 1021.41;    7.9;   82.25;   13.1;    3.9;    0.4;eor
       3552;20181023;   10;  17.0;   4.8;    3;   7.3;   4;    0.000;-999;   7.0;  10.1; 1007.26;    9.2;   85.21;   12.4;    4.4;    2.7;eor
       3552;20181024;   10;  17.5;   4.8;    3;   1.0;   4;    7.400;-999;   4.1;   7.8; 1008.26;    9.0;   68.29;   11.9;    4.8;    0.9;eor
       3552;20181025;   10;  17.4;   4.0;    3;   0.1;   4;    0.150;-999;   7.8;  10.4; 1005.34;   11.2;   78.92;   12.9;    9.4;    8.2;eor
       3552;20181026;   10;   9.2;   2.6;    3;   1.8;   4;    0.033;-999;   7.8;  10.3;  999.95;    9.8;   84.71;   12.4;    7.6;    6.2;eor
       3552;20181027;   10;  12.2;   3.2;    3;   0.0;   4;    0.650;-999;   6.6;   7.7; 1000.02;    6.9;   77.21;    8.6;    2.3;    0.1;eor
       3552;20181028;   10;   9.8;   3.4;    3;   0.0;   4;    1.083;-999;   7.3;   7.3; 1010.17;    5.4;   82.38;    8.0;    1.4;   -0.4;eor
       3552;20181029;   10;  11.7;   4.4;    3;   0.0;   4;    0.000;-999;   8.0;   7.4; 1002.92;    5.2;   84.25;    6.3;    4.3;    3.7;eor
       3552;20181030;   10;  20.9;   5.7;    3;   0.9;   4;    6.317;-999;   6.0;  10.3;  989.68;   11.9;   75.04;   19.2;    5.7;    5.3;eor
       3552;20181031;   10;  17.7;   4.0;    3;   0.0;   0;    7.800;-999;   2.6;   8.0; 1010.37;    9.0;   69.58;   12.7;    5.4;    2.1;eor
       3552;20181101;   10;   4.8;   1.6;    3;   0.0;   0;    2.367;-999;   1.2;   8.7; 1008.35;    6.9;   86.83;   10.8;    3.8;    0.7;eor
       3552;20181102;   10;   9.2;   1.9;    3;   0.0;   0;    7.383;-999;   1.7;   8.9; 1015.60;    7.8;   84.63;   14.2;    3.6;    0.3;eor
       3552;20181103;   10;   3.9;   0.5;    3;   0.0;   0;    0.733;-999;   5.6;   8.1; 1023.73;    5.4;   90.42;    8.9;    2.0;    0.2;eor
       3552;20181104;   10;   6.4;   2.5;    3;   0.0;   0;    0.000;-999;   7.7;  10.2; 1015.60;    8.1;   92.79;   10.3;    4.4;    1.7;eor
       3552;20181105;   10;   7.4;   3.2;    3;   0.0;   0;    2.583;-999;   3.9;  11.7; 1007.70;   10.9;   89.54;   13.5;    9.1;    5.4;eor
       3552;20181106;   10;   4.5;   2.0;    3;   0.0;   0;    8.067;-999;   0.0;  10.7; 1005.25;   10.6;   84.08;   15.4;    5.9;    2.3;eor
       3552;20181107;   10;   4.4;   1.3;    3;   0.0;   0;    7.917;-999;   0.3;  10.6; 1006.49;    9.0;   92.17;   13.0;    4.9;    1.6;eor
       3552;20181108;   10;   5.6;   0.6;    3;   0.1;   4;    2.150;-999;  -999;   9.8; 1014.65;    7.8;   91.96;   13.2;    3.9;    1.5;eor
       3552;20181109;   10;   6.2;   2.2;    3;   0.0;   4;    0.750;-999;   7.5;  10.5; 1012.32;    8.3;   95.58;   11.1;    4.0;    1.4;eor
       3552;20181110;   10;   8.8;   3.1;    3;   0.4;   4;    2.400;-999;   6.0;  10.3; 1005.20;    9.0;   89.92;   11.5;    5.9;    3.8;eor
       3552;20181111;   10;   7.0;   3.0;    3;   4.4;   4;    1.533;-999;   6.2;  10.8; 1006.01;    9.2;   92.13;   10.9;    8.0;    6.4;eor
       3552;20181112;   10;   8.7;   2.8;    3;   1.0;   4;    1.967;-999;   6.1;  11.5; 1010.75;   10.8;   88.92;   13.4;    8.9;    7.0;eor
       3552;20181113;   10;   8.9;   1.7;    3;   4.9;   4;    0.283;-999;   6.1;  11.3; 1016.05;   10.0;   91.17;   11.9;    7.2;    4.5;eor
       3552;20181114;   10;   6.4;   1.6;    3;   0.0;   0;    0.000;-999;   6.3;   9.5; 1023.50;    7.0;   94.25;    9.2;    5.2;    2.1;eor
       3552;20181115;   10;   5.8;   2.3;    3;   0.0;   0;    0.367;-999;   4.7;   9.1; 1024.84;    6.8;   91.88;    9.4;    5.2;    3.2;eor
       3552;20181116;   10;  10.3;   3.9;    3;   0.0;   0;    7.867;-999;   1.5;   7.3; 1029.58;    5.5;   80.46;    9.1;    2.4;    0.6;eor
       3552;20181117;   10;   7.8;   3.6;    3;   0.0;   0;    7.333;-999;   0.2;   6.0; 1032.70;    2.8;   80.63;    6.4;   -0.3;   -3.4;eor
       3552;20181118;   10;   8.7;   2.6;    3;   0.2;   4;    1.100;-999;   5.0;   6.4; 1026.11;    1.9;   88.38;    5.9;   -3.3;   -5.6;eor
       3552;20181119;   10;  12.8;   4.6;    3;   0.6;   4;    0.983;-999;   7.1;   7.1; 1018.56;    4.4;   84.21;    5.7;    3.4;    1.3;eor
       3552;20181120;   10;  15.5;   7.2;    3;   0.0;   4;    0.000;-999;   7.8;   6.0; 1014.32;    3.0;   78.58;    4.4;    2.3;    1.7;eor
       3552;20181121;   10;  10.4;   4.6;    3;   0.0;   4;    0.000;-999;   8.0;   5.5; 1017.13;    1.5;   80.04;    2.5;    0.7;    0.1;eor
       3552;20181122;   10;   8.2;   4.2;    3;   0.0;   0;    0.000;-999;   8.0;   5.7; 1019.52;    1.3;   84.21;    1.9;    0.6;    0.2;eor
       3552;20181123;   10;   7.1;   2.8;    3;   0.0;   4;    0.000;-999;   8.0;   6.4; 1016.49;    1.8;   92.00;    3.0;    0.6;    0.1;eor
       3552;20181124;   10;   5.9;   1.9;    3;   1.8;   4;    0.000;-999;  -999;   6.4; 1009.37;    1.8;   92.17;    3.2;   -1.3;   -1.6;eor
       3552;20181125;   10;   7.2;   2.5;    3;   0.2;   4;    0.000;-999;   7.4;   7.5; 1007.71;    3.9;   93.38;    4.6;    1.9;   -0.1;eor
       3552;20181126;   10;   8.0;   2.8;    3;   0.0;   0;    0.217;-999;   5.5;   6.1; 1009.65;    1.6;   89.21;    3.7;   -0.9;   -2.4;eor
       3552;20181127;   10;   4.8;   1.6;    3;   0.0;   0;    0.000;-999;   6.7;   5.3; 1017.39;    0.3;   85.00;    1.6;   -1.5;   -3.3;eor
       3552;20181128;   10;  10.3;   3.3;    3;   0.0;   0;    6.900;-999;   1.9;   4.9; 1022.43;    0.5;   76.92;    3.0;   -1.9;   -3.4;eor
       3552;20181129;   10;  11.9;   5.8;    3;   0.0;   0;    1.283;-999;   5.6;   4.2; 1015.66;    1.7;   61.79;    3.5;   -0.3;   -1.5;eor
       3552;20181130;   10;  11.4;   5.5;    3;   2.2;   4;    0.000;-999;   7.6;   5.1; 1009.44;    2.0;   72.88;    2.9;    1.4;    0.7;eor
       3552;20181201;   10;   7.0;   2.9;    3;   0.0;   4;    2.350;-999;   6.3;   7.6; 1007.94;    4.0;   93.21;    8.0;    1.6;    0.3;eor
       3552;20181202;   10;   9.5;   4.5;    3;   3.6;   4;    0.000;-999;   7.8;   9.1;  996.48;    6.8;   90.71;   10.6;    4.2;    2.7;eor
       3552;20181203;   10;  10.0;   2.6;    3;   2.3;   4;    0.583;-999;   6.4;  11.0;  993.42;    9.5;   91.92;   12.6;    5.9;    1.8;eor
       3552;20181204;   10;  13.8;   3.7;    3;   0.0;   0;    4.600;-999;   3.8;   7.4; 1007.68;    5.8;   79.00;    9.5;    0.8;   -1.7;eor
       3552;20181205;   10;   8.8;   2.7;    3;   0.0;   4;    6.833;-999;   1.6;   6.1; 1020.33;    2.1;   86.54;    5.6;   -0.6;   -3.9;eor
       3552;20181206;   10;   9.7;   3.6;    3;   1.7;   4;    0.000;-999;   7.9;   7.4; 1010.15;    5.1;   82.67;    9.1;    2.8;    1.7;eor
       3552;20181207;   10;  15.2;   3.6;    3;  13.9;   4;    0.000;-999;   7.8;  11.5;  998.39;   10.0;   93.79;   11.4;    8.7;    7.5;eor
       3552;20181208;   10;  17.0;   5.2;    3;   4.2;   4;    0.217;-999;   6.9;   7.9;  992.63;    6.8;   80.04;    8.9;    4.9;    2.6;eor
       3552;20181209;   10;  15.4;   4.8;    3;   2.5;   4;    0.000;-999;   7.8;   8.4;  986.52;    7.0;   84.38;    7.7;    6.1;    4.9;eor
       3552;20181210;   10;  16.7;   5.3;    3;   0.1;   4;    1.883;-999;   7.1;   6.7; 1002.52;    4.5;   79.04;    6.2;    3.2;    1.7;eor
       3552;20181211;   10;  12.6;   4.1;    3;   0.8;   4;    0.000;-999;   7.0;   6.9; 1008.91;    4.0;   84.88;    5.1;    1.7;   -0.2;eor
       3552;20181212;   10;   7.0;   2.7;    3;   0.2;   4;    0.000;-999;   7.4;   6.8; 1018.81;    2.6;   91.75;    4.2;    1.5;   -0.3;eor
       3552;20181213;   10;   6.4;   2.6;    3;   0.0;   4;    0.000;-999;   8.0;   6.3; 1019.28;    1.9;   90.00;    3.0;    0.6;   -0.6;eor
       3552;20181214;   10;   5.3;   2.1;    3;   0.0;   4;    0.000;-999;   8.0;   5.4; 1021.29;    0.4;   86.63;    0.8;   -0.1;   -0.8;eor
       3552;20181215;   10;   5.9;   2.2;    3;   0.0;   4;    0.000;-999;   8.0;   5.1; 1022.93;    0.1;   83.08;    1.2;   -0.5;   -1.0;eor
       3552;20181216;   10;  10.5;   4.0;    3;   0.0;   4;    0.000;-999;   7.7;   4.6; 1011.55;   -0.2;   76.79;    0.6;   -1.6;   -3.3;eor
       3552;20181217;   10;   4.2;   1.8;    3;   0.1;   4;    0.000;-999;   7.9;   5.7; 1014.78;    0.6;   89.63;    2.4;   -0.9;   -1.4;eor
       3552;20181218;   10;   6.2;   2.0;    3;   0.0;   4;    0.117;-999;   5.5;   7.4; 1018.85;    3.4;   94.21;    5.5;    1.3;   -0.7;eor
       3552;20181219;   10;   9.2;   3.7;    3;   0.0;   4;    0.000;-999;   5.4;   6.3; 1011.62;    2.2;   87.67;    3.6;    0.2;   -1.2;eor
       3552;20181220;   10;   4.9;   2.4;    3;   1.1;   4;    0.017;-999;   7.4;   7.4; 1008.62;    3.9;   90.96;    5.0;    2.3;    0.8;eor
       3552;20181221;   10;  16.2;   4.4;    3;   6.5;   4;    0.000;-999;   7.6;   8.9;  999.17;    6.3;   92.29;   10.2;    4.4;    2.2;eor
       3552;20181222;   10;  17.9;   3.6;    3;   3.1;   4;    0.000;-999;   7.8;   7.6; 1001.69;    5.8;   82.79;    9.7;    2.5;    0.4;eor
       3552;20181223;   10;   9.6;   2.5;    3;   1.7;   4;    0.033;-999;   7.8;   8.6; 1009.06;    6.0;   91.54;    7.7;    3.0;    0.5;eor
       3552;20181224;   10;  11.4;   3.6;    3;   0.3;   4;    0.000;-999;   8.0;   6.0; 1017.88;    2.0;   84.00;    5.1;    0.3;   -0.3;eor
       3552;20181225;   10;  11.4;   3.8;    3;   0.2;   4;    0.000;-999;   7.8;   7.2; 1022.07;    4.6;   84.50;    5.8;    3.0;    2.0;eor
       3552;20181226;   10;   9.5;   3.5;    3;   0.6;   4;    0.000;-999;   7.9;   8.6; 1020.46;    6.0;   91.42;    7.5;    5.0;    4.4;eor
       3552;20181227;   10;   8.6;   3.0;    3;   0.6;   4;    0.000;-999;   8.0;   8.4; 1018.24;    5.2;   94.88;    6.2;    3.9;    3.4;eor
       3552;20181228;   10;  10.1;   2.8;    3;   1.5;   4;    0.000;-999;   7.8;   8.7; 1018.78;    6.3;   91.13;    7.4;    5.8;    4.8;eor
       3552;20181229;   10;  12.0;   3.1;    3;   6.2;   4;    0.000;-999;   8.0;   8.8; 1018.12;    6.0;   93.63;    6.6;    5.4;    4.7;eor
       3552;20181230;   10;  15.4;   4.3;    3;   0.0;   4;    0.133;-999;   6.5;   7.9; 1017.15;    6.2;   82.54;    8.0;    3.0;   -1.1;eor
       3552;20181231;   10;  10.1;   2.1;    3;   0.7;   4;    0.000;-999;   7.7;   8.7; 1023.53;    5.7;   94.04;    8.1;    3.2;    0.7;eor
       3552;20190101;   10;  18.0;   6.1;    3;   2.6;   4;    1.167;-999;   7.0;   7.7; 1010.98;    6.3;   79.13;    8.1;    3.0;    1.4;eor
       3552;20190102;   10;  18.6;   6.1;    3;   0.0;   4;    1.833;-999;   2.9;   4.2; 1018.79;    2.2;   58.79;    4.0;   -1.5;   -3.8;eor
       3552;20190103;   10;   7.8;   2.7;    3;   0.0;   4;    1.017;-999;   4.1;   4.9; 1027.49;    0.0;   80.04;    3.1;   -1.6;   -4.6;eor
       3552;20190104;   10;   9.7;   2.8;    3;   1.8;   4;    0.000;-999;   7.8;   6.6; 1021.52;    1.9;   93.54;    5.4;   -1.0;   -2.2;eor
       3552;20190105;   10;   9.1;   3.5;    3;   0.1;   4;    1.433;-999;   6.9;   8.4; 1014.84;    6.1;   89.33;    8.3;    1.5;   -1.1;eor
       3552;20190106;   10;   5.9;   1.5;    3;   1.0;   4;    0.550;-999;   7.3;   6.0; 1022.43;    0.9;   90.96;    2.5;   -0.1;   -2.1;eor
       3552;20190107;   10;  10.3;   2.2;    3;   6.5;   4;    0.000;-999;   7.7;   7.7; 1018.71;    3.8;   95.04;    5.9;    0.7;    0.4;eor
       3552;20190108;   10;  16.1;   5.1;    3;   5.2;   4;    0.000;-999;   7.8;   7.8;  995.17;    4.9;   88.92;    6.9;    2.2;    1.4;eor
       3552;20190109;   10;  14.2;   6.3;    3;   0.7;   4;    0.000;-999;   7.7;   6.2; 1002.70;    1.7;   89.83;    2.3;    1.1;    0.3;eor
       3552;20190110;   10;   9.9;   3.1;    3;   0.4;   4;    0.433;-999;   7.8;   5.2; 1017.13;    0.7;   80.50;    1.6;    0.0;   -0.9;eor
       3552;20190111;   10;   8.9;   2.9;    3;   0.8;   4;    0.000;-999;   7.7;   7.0; 1010.55;    2.8;   92.21;    6.0;    0.0;   -0.6;eor
       3552;20190112;   10;  11.1;   3.5;    3;   4.1;   4;    0.000;-999;   7.8;   7.7; 1003.81;    4.9;   88.92;    5.8;    3.8;    2.8;eor
       3552;20190113;   10;  19.7;   4.7;    3;   7.1;   4;    0.000;-999;   7.4;   8.6;  989.13;    6.2;   90.54;    8.0;    5.1;    3.8;eor
       3552;20190114;   10;  17.5;   6.2;    3;   0.1;   4;    3.933;-999;   4.3;   4.7;  995.45;    2.3;   64.67;    5.3;    0.4;   -1.5;eor
       3552;20190115;   10;  13.4;   5.2;    3;   2.2;   4;    0.000;-999;   7.3;   7.1; 1002.79;    4.0;   85.08;    6.8;    0.9;   -1.3;eor
       3552;20190116;   10;  13.5;   4.2;    3;   0.1;   4;    0.000;-999;   7.8;   8.1;  999.83;    6.4;   83.79;    7.4;    2.9;    1.2;eor
       3552;20190117;   10;  13.1;   4.0;    3;   1.2;   4;    0.333;-999;   7.5;   6.5;  993.25;    4.3;   78.92;    6.2;    0.7;   -0.3;eor
       3552;20190118;   10;  10.5;   3.0;    3;   0.0;   0;    6.517;-999;   5.4;   5.1; 1009.55;    0.1;   81.75;    1.6;   -2.4;   -4.2;eor
       3552;20190119;   10;   5.0;   0.9;    3;   0.0;   0;    4.417;-999;   2.6;   5.0; 1014.47;   -1.3;   89.46;    1.6;   -4.7;   -6.7;eor
       3552;20190120;   10;   4.7;   1.3;    3;   0.0;   4;    0.417;-999;   5.0;   4.3; 1014.90;   -4.0;   93.25;   -2.7;   -5.6;   -8.1;eor
       3552;20190121;   10;   6.3;   2.0;    3;   0.3;   4;    0.767;-999;   7.8;   4.4; 1015.76;   -3.2;   90.96;   -1.1;   -5.3;   -4.8;eor
       3552;20190122;   10;   6.7;   2.5;    3;   0.0;   0;    5.733;-999;   4.0;   4.3; 1006.26;   -2.1;   82.33;    0.4;   -4.7;   -6.7;eor
       3552;20190123;   10;  11.6;   5.0;    3;   0.0;   0;    5.467;-999;   5.3;   3.6; 1000.64;   -4.8;   84.04;   -2.1;   -6.5;   -7.3;eor
       3552;20190124;   10;   7.8;   3.2;    3;   0.0;   4;    0.000;-999;   8.0;   3.6; 1007.45;   -3.7;   76.67;   -2.8;   -4.9;   -4.9;eor
       3552;20190125;   10;   6.7;   1.7;    3;   1.4;   4;    0.000;-999;   7.8;   3.8; 1008.55;   -3.7;   80.71;   -2.6;   -4.7;   -4.7;eor
       3552;20190126;   10;   6.3;   2.1;    3;   3.4;   4;    0.000;-999;   8.0;   6.2;  996.35;    0.6;   95.88;    3.4;   -3.1;   -3.0;eor
       3552;20190127;   10;   8.8;   4.0;    3;   3.3;   4;    0.000;-999;   7.9;   7.4;  983.68;    3.5;   93.92;    4.5;    2.6;    1.1;eor
       3552;20190128;   10;   8.1;   2.3;    3;   0.7;   4;    4.200;-999;   6.6;   6.8;  985.59;    3.1;   89.38;    5.8;    1.3;   -0.6;eor
       3552;20190129;   10;   9.1;   2.6;    3;   0.0;   4;    0.083;-999;   7.5;   5.9;  996.87;    0.9;   89.79;    2.5;   -2.4;   -4.6;eor
       3552;20190130;   10;  12.9;   4.6;    3;   0.0;   0;    6.167;-999;   1.7;   5.0;  994.94;    0.4;   79.96;    3.1;   -1.8;   -3.4;eor
       3552;20190131;   10;   7.3;   2.9;    3;   0.0;   0;    3.967;-999;   4.8;   5.2;  994.62;    0.5;   81.92;    3.7;   -1.6;   -3.4;eor
       3552;20190201;   10;   8.2;   3.3;    3;   2.3;   4;    0.000;-999;   4.8;   4.9;  991.38;   -1.0;   87.00;    0.8;   -2.9;   -4.3;eor
       3552;20190202;   10;   6.6;   2.1;    3;   1.2;   4;    0.000;-999;   8.0;   5.9;  992.29;    0.5;   93.08;    0.9;    0.2;   -0.5;eor
       3552;20190203;   10;   7.2;   2.5;    3;   0.0;   4;    0.000;-999;  -999;   6.0; 1008.50;    0.9;   92.25;    1.8;   -2.3;   -4.6;eor
       3552;20190204;   10;   8.4;   2.9;    3;   0.0;   4;    6.233;-999;   2.5;   5.5; 1020.38;    0.7;   84.96;    5.1;   -2.8;   -5.2;eor
       3552;20190205;   10;   8.7;   2.9;    3;   0.0;   0;    0.267;-999;   7.8;   6.0; 1019.70;    2.5;   81.50;    4.5;    1.2;   -0.4;eor
       3552;20190206;   10;  10.8;   3.3;    3;   0.0;   4;    2.550;-999;   6.8;   6.3; 1018.20;    3.0;   83.42;    6.0;    1.2;   -0.8;eor
       3552;20190207;   10;   9.4;   3.9;    3;   0.5;   4;    1.250;-999;   6.6;   5.9; 1006.34;    3.0;   78.08;    5.7;    1.2;   -0.2;eor
       3552;20190208;   10;  11.7;   4.6;    3;   0.2;   4;    1.833;-999;   6.8;   7.0; 1006.29;    5.0;   80.08;    7.9;    2.0;   -1.4;eor
       3552;20190209;   10;  17.5;   5.1;    3;   2.5;   4;    2.717;-999;   6.5;   7.2;  997.82;    6.5;   74.96;   10.6;    4.8;    1.8;eor
       3552;20190210;   10;  13.8;   5.2;    3;  11.7;   4;    0.000;-999;   7.0;   8.0;  990.94;    5.7;   87.25;    7.7;    3.8;    1.2;eor
       3552;20190211;   10;  17.9;   5.3;    3;   0.1;   4;    2.100;-999;   4.9;   5.9; 1000.85;    4.3;   72.13;    6.6;    1.4;   -0.2;eor
       3552;20190212;   10;  12.0;   3.4;    3;   0.1;   4;    5.883;-999;   4.8;   5.3; 1021.32;    3.0;   70.08;    5.7;    0.7;   -2.8;eor
       3552;20190213;   10;  11.5;   3.2;    3;   0.4;   4;    0.000;-999;   7.8;   8.5; 1025.55;    6.1;   89.92;    7.9;    3.4;    1.7;eor
       3552;20190214;   10;   6.9;   1.8;    3;   0.0;   0;    7.433;-999;   3.1;   7.7; 1029.04;    6.0;   82.54;   10.5;   -0.5;   -3.2;eor
       3552;20190215;   10;   3.9;   0.9;    3;   0.0;   0;    9.317;-999;   0.0;   5.8; 1027.44;    3.4;   76.92;   12.2;   -2.3;   -4.5;eor
       3552;20190216;   10;   7.1;   1.4;    3;   0.0;   0;    9.317;-999;   0.0;   5.9; 1020.23;    4.7;   72.79;   14.6;   -1.9;   -4.3;eor
       3552;20190217;   10;   4.2;   1.1;    3;   0.0;   0;    8.167;-999;   0.3;   6.4; 1018.37;    4.0;   79.33;   11.9;   -1.3;   -3.4;eor
       3552;20190218;   10;   4.7;   1.0;    3;   0.0;   0;    9.200;-999;   0.0;   6.3; 1013.15;    3.7;   80.13;   12.2;   -2.1;   -4.3;eor
       3552;20190219;   10;  13.1;   2.7;    3;   1.3;   4;    0.500;-999;   4.9;   7.0; 1008.94;    4.9;   80.83;    9.6;   -0.8;   -3.3;eor
       3552;20190220;   10;   9.0;   2.5;    3;   0.5;   4;    3.883;-999;   6.9;   7.8; 1014.87;    7.1;   77.75;   10.6;    4.6;    2.2;eor
       3552;20190221;   10;   9.9;   2.7;    3;   3.9;   4;    0.617;-999;   7.7;   8.9; 1017.32;    8.1;   82.38;   10.9;    5.9;    4.5;eor
       3552;20190222;   10;  10.9;   3.8;    3;   0.0;   0;    6.783;-999;   3.4;   5.7; 1031.78;    3.1;   72.83;    8.1;   -2.1;   -4.3;eor
       3552;20190223;   10;   6.1;   2.3;    3;   0.0;   0;    8.517;-999;   0.1;   3.6; 1037.83;    0.2;   60.04;    5.7;   -3.7;   -5.4;eor
       3552;20190224;   10;   4.1;   0.8;    3;   0.0;   0;    8.317;-999;   1.3;   4.7; 1033.30;    2.7;   66.04;   11.6;   -3.6;   -5.2;eor
       3552;20190225;   10;   6.7;   1.3;    3;   0.0;   0;    9.083;-999;   0.7;   6.5; 1030.90;    5.0;   73.33;   13.9;   -2.5;   -5.0;eor
       3552;20190226;   10;   5.7;   1.6;    3;   0.0;   0;    4.800;-999;   2.8;   7.1; 1027.30;    5.4;   78.92;   13.2;   -0.2;   -3.0;eor
       3552;20190227;   10;   5.9;   1.3;    3;   0.0;   0;    9.550;-999;  -999;   5.7; 1019.22;    6.1;   66.21;   16.6;   -1.6;   -3.4;eor
       3552;20190228;   10;   8.9;   2.8;    3;   0.0;   0;    6.983;-999;   1.6;   7.1; 1006.03;    6.3;   73.46;   10.8;    3.7;   -0.7;eor
       3552;20190301;   10;   8.1;   1.5;    3;   0.0;   0;    0.017;-999;   7.7;   6.3; 1006.75;    3.7;   79.58;    5.9;    2.0;   -1.1;eor
       3552;20190302;   10;   7.0;   1.8;    3;   0.3;   4;    0.000;-999;   7.3;   6.0; 1008.75;    3.4;   77.38;    5.7;    1.9;   -1.4;eor
       3552;20190303;   10;  11.5;   3.8;    3;   2.8;   4;    0.000;-999;   7.7;   9.7;  999.03;    8.1;   89.29;   10.2;    3.7;    2.7;eor
       3552;20190304;   10;  22.9;   5.8;    3;   2.0;   4;    1.833;-999;   6.5;   8.2;  986.39;    8.6;   73.96;   12.9;    6.6;    4.5;eor
       3552;20190305;   10;  14.7;   4.6;    3;   0.6;   4;    2.367;-999;   5.2;   6.8;  995.83;    5.8;   74.08;    9.2;    0.6;   -2.3;eor
       3552;20190306;   10;  13.1;   5.0;    3;   2.8;   4;    4.133;-999;   5.0;   6.9; 1001.32;    5.5;   76.58;   10.1;   -1.1;   -4.0;eor
       3552;20190307;   10;  15.9;   5.0;    3;   1.3;   4;    2.400;-999;   5.5;   8.4;  990.53;    9.0;   74.54;   15.9;    5.9;    2.1;eor
       3552;20190308;   10;  19.0;   5.3;    3;   4.5;   4;    3.517;-999;   5.3;   6.9;  998.99;    6.9;   69.13;   10.2;    3.3;   -0.7;eor
       3552;20190309;   10;  19.3;   5.4;    3;   3.8;   4;    2.567;-999;   6.3;   7.6;  998.75;    6.7;   77.79;   10.6;    3.7;    1.5;eor
       3552;20190310;   10;  16.0;   3.6;    3;   9.1;   4;    1.317;-999;   5.5;   6.9;  997.15;    4.7;   80.71;    7.9;    1.5;    0.9;eor
       3552;20190311;   10;  13.8;   3.9;    3;   3.3;   4;    0.583;-999;   6.3;   6.5; 1004.43;    2.8;   87.17;    5.7;    0.7;   -1.8;eor
       3552;20190312;   10;  15.2;   4.6;    3;   0.0;   4;    2.183;-999;   7.4;   6.5; 1008.59;    5.0;   75.92;    8.9;    1.2;    0.2;eor
       3552;20190313;   10;  17.8;   5.7;    3;   4.9;   4;    0.533;-999;   7.4;   6.7;  994.47;    6.7;   68.42;    9.1;    4.9;    3.4;eor
       3552;20190314;   10;  13.8;   4.6;    3;   7.4;   4;    0.050;-999;   7.5;   7.9;  991.18;    5.5;   87.75;    7.9;    4.2;    2.7;eor
       3552;20190315;   10;  19.3;   5.6;    3;   2.1;   4;    0.800;-999;   7.1;   7.9;  991.62;    7.1;   77.75;    9.5;    5.6;    4.3;eor
       3552;20190316;   10;  15.1;   4.5;    3;   6.2;   4;    0.967;-999;   6.8;   7.7;  998.00;    6.4;   80.00;    8.5;    4.6;    2.3;eor
       3552;20190317;   10;  14.0;   4.3;    3;   2.6;   4;    1.450;-999;   5.8;   8.0;  994.46;    7.4;   77.54;   12.3;    3.1;    0.5;eor
       3552;20190318;   10;  18.0;   4.9;    3;   0.4;   4;    4.033;-999;   5.3;   6.5; 1004.81;    5.3;   73.79;    9.2;    2.6;    0.4;eor
       3552;20190319;   10;  10.6;   2.8;    3;   0.0;   4;    6.033;-999;   4.4;   6.1; 1019.24;    4.5;   73.54;    8.9;   -0.5;   -3.2;eor
       3552;20190320;   10;  10.7;   2.4;    3;   0.0;   4;    7.400;-999;   4.0;   7.1; 1026.45;    6.6;   73.29;   12.9;   -2.0;   -4.5;eor
       3552;20190321;   10;   7.5;   2.2;    3;   0.0;   0;    0.950;-999;   7.6;  10.2; 1027.63;   10.6;   80.50;   14.0;    8.3;    6.7;eor
       3552;20190322;   10;   5.2;   1.9;    3;   0.0;   0;    0.467;-999;   6.0;   9.9; 1026.47;    8.8;   86.92;   10.5;    4.4;    1.2;eor
       3552;20190323;   10;   7.9;   2.0;    3;   0.0;   0;    1.183;-999;  -999;   8.9; 1021.75;    7.6;   85.88;   12.7;    3.8;    1.2;eor
       3552;20190324;   10;   5.7;   1.6;    3;   1.5;   4;    4.967;-999;   4.5;   6.2; 1019.53;    5.5;   70.38;   10.8;    0.4;   -2.5;eor
       3552;20190325;   10;  11.1;   3.4;    3;   0.4;   4;    3.600;-999;   5.6;   6.6; 1010.27;    4.6;   77.96;    8.7;    1.7;   -1.4;eor
       3552;20190326;   10;  17.9;   3.9;    3;   0.6;   4;    3.233;-999;   5.5;   6.5; 1018.30;    5.0;   75.25;    9.2;    1.2;   -2.0;eor
       3552;20190327;   10;  11.1;   3.0;    3;   2.1;   4;    0.017;-999;   7.7;   9.0; 1023.37;    7.4;   86.33;   10.4;    4.7;    2.9;eor
       3552;20190328;   10;   6.9;   2.3;    3;   0.0;   4;    0.000;-999;   7.9;  10.6; 1026.88;    8.9;   92.25;   10.1;    8.0;    7.4;eor
       3552;20190329;   10;   6.4;   1.6;    3;   0.0;   0;    0.283;-999;   5.9;   9.9; 1025.83;    9.3;   84.75;   13.0;    4.3;    0.6;eor
       3552;20190330;   10;   9.3;   1.6;    3;   0.0;   0;   11.383;-999;   1.3;   8.6; 1016.52;   10.5;   70.67;   18.4;    1.8;   -1.2;eor
       3552;20190331;   10;   9.7;   3.3;    3;   0.0;   0;    9.200;-999;   2.0;   6.3; 1017.80;    7.7;   60.38;   11.9;    0.4;   -4.1;eor
       3552;20190401;   10;   9.4;   2.8;    3;   0.0;   0;   12.533;-999;   0.0;   5.0; 1021.09;    5.0;   60.46;   11.2;   -2.1;   -5.2;eor
       3552;20190402;   10;   9.8;   4.4;    3;   0.0;   0;   10.117;-999;   1.0;   5.8; 1007.74;    8.2;   53.13;   13.7;    1.5;   -1.4;eor
       3552;20190403;   10;   7.0;   2.2;    3;   0.0;   0;    6.000;-999;   4.0;   8.6;  998.31;   12.2;   61.71;   18.0;    6.4;    3.1;eor
       3552;20190404;   10;   8.9;   3.3;    3;   0.0;   0;   11.483;-999;   0.4;   8.6;  993.90;   13.2;   58.38;   19.2;    6.6;    2.7;eor
       3552;20190405;   10;   8.5;   2.4;    3;   0.0;   0;    8.133;-999;   2.1;   9.5;  999.96;   10.4;   75.38;   13.9;    7.4;    4.0;eor
       3552;20190406;   10;   9.1;   3.0;    3;   0.0;   0;   10.733;-999;   2.5;   9.1; 1002.40;   14.3;   58.17;   20.6;    8.4;    4.2;eor
       3552;20190407;   10;   8.5;   2.8;    3;   0.0;   0;   12.400;-999;   0.0;   7.3; 1003.29;   13.6;   49.08;   19.5;    6.7;    2.9;eor
       3552;20190408;   10;-999;-999;-999;-999;-999;-999;-999;-999;-999;-999;-999;-999;-999;-999;-999;eor
