STATIONS_ID;MESS_DATUM;QN_3;  FX;  FM;QN_4; RSK;RSKF; SDK;SHK_TAG;  NM; VPM;  PM; TMK; UPM; TXK; TNK; TGK;eor
       3660;20180106;   10;   6.1;   2.2;    3;   2.2;   6;    0.000;-999;   7.6;   7.7;  950.08;    4.0;   94.21;    5.8;    2.8;    1.2;eor
       3660;20180107;   10;  10.7;   4.8;    3;   0.0;   6;    0.000;-999;   7.8;   6.7;  961.82;    2.1;   93.96;    3.2;    1.1;    1.0;eor
       3660;20180108;   10;  11.1;   4.4;    3;   0.0;   0;    0.000;-999;   8.0;   6.5;  962.19;    1.7;   93.79;    2.8;    0.9;    0.9;eor
       3660;20180109;   10;   9.2;   3.5;    3;   0.2;   6;    0.550;-999;   7.9;   7.2;  953.59;    4.1;   88.04;    6.7;    2.4;    1.8;eor
       3660;20180110;   10;   8.0;   3.0;    3;   0.8;   6;    2.167;   0;   7.6;   7.7;  952.15;    5.1;   87.25;    6.9;    4.1;    3.1;eor
       3660;20180111;   10;   4.2;   1.5;    3;   1.6;   6;    0.000;   0;   7.6;   8.0;  957.94;    4.5;   95.29;    5.8;    2.9;    1.4;eor
       3660;20180112;   10;   4.7;   1.8;    3;   0.0;   6;    0.067;-999;   7.3;   7.6;  966.24;    3.7;   95.50;    5.0;    2.6;    1.7;eor
       3660;20180113;   10;   9.8;   3.1;    3;   0.0;   0;    0.000;-999;   7.7;   6.1;  964.95;    2.2;   85.46;    3.6;    1.0;    0.0;eor
       3660;20180114;   10;   9.1;   3.6;    3;   0.0;   0;    0.000;-999;   7.4;   5.5;  961.50;    0.3;   87.33;    1.6;   -1.1;   -2.5;eor
       3660;20180115;   10;  15.7;   5.0;    3;   6.4;   8;    0.000;-999;   7.7;   6.4;  950.07;    2.1;   88.92;    4.8;   -0.9;   -1.7;eor
       3660;20180116;   10;  17.7;   6.5;    3;   3.4;   8;    2.767;-999;   7.2;   6.2;  938.09;    3.4;   80.00;    5.0;    0.1;   -0.1;eor
       3660;20180117;   10;  15.4;   6.6;    3;   3.8;   8;    0.200;-999;   7.4;   5.2;  944.53;    0.2;   84.50;    1.6;   -1.0;   -2.3;eor
       3660;20180118;   10;  28.4;   7.5;    3;   4.7;   8;    3.817;-999;   6.4;   6.1;  943.45;    2.9;   82.38;    7.9;    0.3;   -0.1;eor
       3660;20180119;   10;  10.6;   4.0;    3;   1.5;   8;    3.050;-999;  -999;   5.6;  950.46;    0.6;   87.54;    2.4;   -0.4;   -2.0;eor
       3660;20180120;   10;   8.8;   3.1;    3;   6.2;   8;    0.000;   0;   7.4;   5.7;  946.41;    0.1;   92.67;    0.7;   -0.4;   -1.8;eor
       3660;20180121;   10;  10.2;   3.2;    3;   2.0;   8;    1.633;   4;   7.4;   5.5;  954.65;   -0.2;   91.88;    1.6;   -1.5;   -2.9;eor
       3660;20180122;   10;   8.9;   2.7;    3;   0.9;   6;    0.000;   0;   7.7;   6.8;  952.73;    2.2;   94.17;    4.1;   -0.4;   -0.6;eor
       3660;20180123;   10;  11.8;   4.1;    3;   0.0;   6;    0.517;   0;   7.7;   7.5;  963.94;    4.4;   89.38;    6.7;    2.6;    1.8;eor
       3660;20180124;   10;  14.5;   5.7;    3;   3.4;   6;    0.000;   0;   7.8;   9.7;  959.85;    8.4;   87.96;    9.8;    6.8;    5.9;eor
       3660;20180125;   10;  11.2;   3.2;    3;   6.7;   6;    0.000;   0;   7.4;   9.0;  955.46;    6.3;   93.92;    8.0;    4.3;    3.6;eor
       3660;20180126;   10;   3.5;   1.8;    3;   0.0;   6;    0.950;-999;   7.9;   7.4;  960.50;    3.9;   90.79;    6.1;   -0.5;   -1.5;eor
       3660;20180127;   10;  11.5;   2.4;    3;   0.0;   6;    2.467;   0;   7.1;   6.3;  971.19;    1.2;   94.21;    5.5;   -1.1;   -1.7;eor
       3660;20180128;   10;  11.2;   4.9;    3;   0.1;   6;    0.283;   0;   7.8;   7.8;  973.19;    4.6;   91.67;    7.0;    1.9;    1.3;eor
       3660;20180129;   10;  15.0;   5.9;    3;   1.2;   6;    0.017;   0;   7.5;   8.5;  969.76;    6.7;   87.04;    7.5;    3.9;    2.4;eor
       3660;20180130;   10;   9.3;   2.7;    3;   0.7;   6;    6.767;   0;   7.4;   6.6;  969.16;    3.6;   83.08;    6.1;    0.6;   -1.1;eor
       3660;20180131;   10;  16.8;   5.8;    3;   6.4;   8;    0.000;   0;   7.5;   8.0;  951.36;    4.8;   92.67;    6.7;    0.4;   -0.2;eor
       3660;20180201;   10;  10.8;   4.1;    3;   1.1;   8;    0.567;   0;   7.0;   5.4;  944.16;    0.1;   87.71;    1.9;   -1.2;   -2.8;eor
       3660;20180202;   10;  11.0;   4.1;    3;   1.6;   8;    0.017;   1;   7.3;   5.8;  946.37;    0.4;   92.08;    1.5;   -1.2;   -2.8;eor
       3660;20180203;   10;   6.8;   2.3;    3;   1.5;   8;    0.583;   0;   7.6;   5.4;  948.81;    0.2;   87.17;    2.5;   -1.1;   -2.0;eor
       3660;20180204;   10;   9.8;   3.7;    3;   0.4;   8;    0.867;   0;   7.8;   4.4;  958.02;   -3.0;   88.29;   -0.7;   -4.5;   -4.7;eor
       3660;20180205;   10;  11.7;   4.4;    3;   0.0;   8;    6.033;   2;   5.4;   4.0;  963.36;   -2.7;   79.88;    0.0;   -4.9;   -7.0;eor
       3660;20180206;   10;   6.6;   2.4;    3;   4.7;   8;    0.000;   0;   7.4;   4.1;  954.34;   -3.7;   87.92;   -2.2;   -4.9;   -6.8;eor
       3660;20180207;   10;   5.9;   2.8;    3;   0.0;   0;    0.000;   5;   6.4;   4.3;  955.84;   -4.0;   93.96;   -3.3;   -6.5;  -10.6;eor
       3660;20180208;   10;   3.0;   1.2;    3;   0.0;   0;    8.183;   3;  -999;   3.1;  960.24;   -5.5;   77.50;    2.2;   -9.6;  -12.8;eor
       3660;20180209;   10;   9.9;   3.2;    3;   0.1;   8;    0.000;   3;   6.3;   3.8;  955.90;   -4.7;   88.00;   -1.8;   -9.4;  -13.2;eor
       3660;20180210;   10;   9.6;   3.2;    3;   1.2;   8;    0.017;   3;   7.8;   5.0;  956.39;   -0.8;   86.58;    1.0;   -1.8;   -2.9;eor
       3660;20180211;   10;  13.6;   4.7;    3;   3.5;   8;    0.033;   6;   7.7;   5.4;  946.96;    0.1;   87.96;    2.4;   -1.6;   -4.8;eor
       3660;20180212;   10;  10.7;   3.7;    3;   0.2;   8;    3.533;   6;  -999;   4.5;  955.03;   -1.3;   80.54;    0.9;   -3.5;   -7.9;eor
       3660;20180213;   10;  10.6;   3.7;    3;   0.0;   0;    7.183;   4;   5.0;   3.8;  954.58;   -2.0;   73.38;    1.3;   -4.6;   -7.8;eor
       3660;20180214;   10;  12.1;   3.8;    3;   1.6;   7;    8.833;   4;   3.1;   3.3;  956.35;   -1.9;   62.33;    1.8;   -6.9;  -12.4;eor
       3660;20180215;   10;  10.8;   3.8;    3;   1.0;   8;    0.000;   8;   7.7;   5.9;  955.77;    0.9;   89.63;    3.2;   -2.1;   -3.1;eor
       3660;20180216;   10;   5.0;   1.9;    3;   0.0;   0;    8.450;   2;   4.7;   5.5;  966.06;    1.3;   82.54;    5.3;   -2.6;   -7.3;eor
       3660;20180217;   10;   7.4;   2.5;    3;   0.0;   0;    0.900;   1;   6.9;   4.9;  963.66;   -0.2;   82.38;    2.3;   -3.6;   -8.9;eor
       3660;20180218;   10;   6.4;   2.1;    3;   0.0;   0;    9.000;   0;   1.7;   4.3;  966.50;   -1.2;   77.25;    3.6;   -6.9;   -9.9;eor
       3660;20180219;   10;   6.1;   2.0;    3;   0.0;   0;    2.033;   1;   7.5;   4.3;  960.47;   -1.8;   81.00;    1.0;   -4.4;   -8.0;eor
       3660;20180220;   10;   6.4;   1.8;    3;   0.0;   0;    6.217;   0;   3.7;   4.3;  958.62;   -1.7;   80.83;    2.8;   -5.3;   -9.6;eor
       3660;20180221;   10;   8.9;   3.0;    3;   0.0;   0;    8.233;   0;   5.7;   4.0;  962.89;   -2.2;   77.38;    1.7;   -6.2;   -9.6;eor
       3660;20180222;   10;  14.3;   5.1;    3;   0.0;   0;    9.200;   0;  -999;   3.2;  961.41;   -2.7;   65.29;    0.9;   -5.7;   -8.4;eor
       3660;20180223;   10;  11.8;   5.3;    3;   0.0;   0;    9.600;   0;  -999;   2.5;  959.97;   -3.7;   53.88;   -0.6;   -6.2;   -8.7;eor
       3660;20180224;   10;  14.9;   6.7;    3;   0.0;   0;    9.250;   0;  -999;   2.4;  962.14;   -4.1;   53.92;    1.1;   -7.9;  -10.1;eor
       3660;20180225;   10;  13.6;   5.7;    3;   0.0;   0;    9.650;   0;  -999;   1.8;  965.70;   -6.1;   47.71;   -2.7;   -9.3;  -11.0;eor
       3660;20180226;   10;  14.0;   5.3;    3;   0.2;   7;    1.150;   0;  -999;   2.2;  965.03;   -7.7;   65.75;   -4.9;  -10.6;  -12.2;eor
       3660;20180227;   10;  11.7;   4.6;    3;   0.0;   0;    9.217;   3;  -999;   1.8;  959.37;   -8.8;   59.08;   -5.4;  -12.2;  -16.2;eor
       3660;20180228;   10;  15.7;   5.5;    3;   0.0;   0;    9.150;   2;  -999;   1.7;  956.76;  -10.1;   60.83;   -6.9;  -13.0;  -15.1;eor
       3660;20180301;   10;  15.3;   6.0;    3;   0.0;   0;    7.067;   1;   7.8;   2.0;  945.84;   -6.6;   53.13;   -2.2;  -10.5;  -11.2;eor
       3660;20180302;   10;  11.1;   4.2;    3;   3.6;   8;    0.000;   1;   7.9;   2.6;  938.52;   -6.0;   66.96;   -4.1;   -7.7;   -7.1;eor
       3660;20180303;   10;   6.4;   2.3;    3;   0.2;   8;    4.117;   6;   7.6;   4.6;  938.80;   -2.1;   87.79;    3.0;   -5.7;   -6.8;eor
       3660;20180304;   10;  11.0;   3.8;    3;   0.2;   6;    4.833;   3;   6.7;   6.6;  939.01;    3.6;   84.79;    8.1;   -0.9;   -1.2;eor
       3660;20180305;   10;   8.2;   3.3;    3;   0.0;   0;    4.333;   2;   7.8;   6.9;  937.94;    5.3;   78.25;    9.2;    3.0;    0.9;eor
       3660;20180306;   10;   7.4;   2.4;    3;   0.0;   6;    8.300;   0;   7.9;   6.9;  934.78;    6.2;   73.29;   11.5;    1.0;   -0.7;eor
       3660;20180307;   10;  13.0;   3.7;    3;   0.2;   6;    0.150;   0;   7.7;   6.6;  938.44;    2.8;   88.33;    5.3;   -0.7;   -1.9;eor
       3660;20180308;   10;  14.1;   4.9;    3;   6.0;   8;    0.067;   0;   7.5;   6.4;  945.02;    2.5;   86.75;    6.3;    0.6;   -0.6;eor
       3660;20180309;   10;   7.8;   3.2;    3;   3.1;   6;    0.000;   0;   7.6;   7.6;  949.03;    4.0;   91.96;    7.0;    0.8;   -1.1;eor
       3660;20180310;   10;   8.9;   3.4;    3;   0.2;   6;    1.350;   0;   7.9;  10.2;  945.46;    8.6;   90.63;   11.6;    6.3;    4.1;eor
       3660;20180311;   10;  11.1;   3.4;    3;   0.2;   6;    0.000;   0;   7.8;  10.3;  939.64;    9.7;   85.67;   11.6;    7.1;    5.3;eor
       3660;20180312;   10;  11.9;   4.1;    3;   2.7;   6;    0.633;   0;   7.7;   9.0;  937.81;    7.8;   84.71;   10.0;    6.0;    5.2;eor
       3660;20180313;   10;  14.4;   5.5;    3;   0.5;   6;    0.000;   0;   7.4;   7.3;  946.25;    4.3;   87.04;    6.0;    2.1;    1.9;eor
       3660;20180314;   10;   8.8;   2.8;    3;   0.0;   0;    7.150;   0;  -999;   6.3;  952.27;    4.8;   74.04;   10.5;    1.5;   -0.3;eor
       3660;20180315;   10;  14.2;   5.0;    3;   2.4;   6;    0.867;   0;   7.7;   6.5;  940.60;    4.3;   78.17;    7.8;    1.3;    0.0;eor
       3660;20180316;   10;   8.2;   2.6;    3;   3.1;   8;    0.050;   0;   7.7;   8.5;  943.61;    5.8;   92.04;    8.5;    1.9;    2.2;eor
       3660;20180317;   10;  10.9;   5.0;    3;   0.0;   8;    0.000;   0;   7.9;   4.2;  944.45;   -3.6;   86.58;    1.9;   -5.7;   -5.3;eor
       3660;20180318;   10;  13.2;   6.0;    3;   0.0;   7;    0.033;   0;   7.7;   3.1;  947.53;   -5.2;   73.83;   -3.8;   -6.2;   -5.9;eor
       3660;20180319;   10;   9.1;   3.7;    3;   0.0;   0;    4.067;   0;  -999;   2.9;  951.96;   -3.9;   63.58;    0.1;   -6.1;   -8.1;eor
       3660;20180320;   10;  14.8;   4.0;    3;   0.3;   8;    4.417;   0;   4.7;   3.2;  960.18;   -1.8;   61.29;    4.2;   -7.1;  -10.0;eor
       3660;20180321;   10;   7.9;   2.2;    3;   0.0;   0;   11.150;   0;   6.0;   3.8;  968.45;   -0.6;   66.83;    4.9;   -4.7;   -8.0;eor
       3660;20180322;   10;   7.9;   3.2;    3;   2.0;   8;    0.000;   0;   7.7;   6.0;  958.95;    1.3;   88.63;    3.6;   -1.6;   -2.5;eor
       3660;20180323;   10;   8.1;   2.9;    3;   0.2;   6;    0.550;   0;   7.8;   6.7;  949.63;    3.0;   88.25;    5.4;    1.5;    1.1;eor
       3660;20180324;   10;  10.6;   2.8;    3;   0.0;   0;    9.567;   0;  -999;   5.7;  944.65;    4.2;   70.71;    9.3;   -0.3;   -2.6;eor
       3660;20180325;   10;   6.9;   2.1;    3;   0.0;   0;   10.850;   0;   6.5;   5.3;  949.67;    4.5;   65.17;   10.3;   -2.7;   -4.5;eor
       3660;20180326;   10;   9.4;   2.9;    3;   0.0;   6;    3.050;   0;   7.5;   5.6;  957.06;    4.7;   66.58;    7.7;    2.0;    0.1;eor
       3660;20180327;   10;  11.9;   3.1;    3;   4.5;   6;    1.217;   0;   6.9;   6.6;  953.66;    3.6;   84.21;    8.3;   -1.1;   -3.0;eor
       3660;20180328;   10;  17.6;   4.8;    3;   5.3;   8;    0.167;   0;   7.5;   8.2;  945.35;    5.3;   90.88;    7.6;    1.1;    0.7;eor
       3660;20180329;   10;  10.4;   3.4;    3;   0.4;   8;    3.850;   0;   6.9;   5.7;  948.45;    3.8;   73.29;    9.2;    0.8;   -0.3;eor
       3660;20180330;   10;  10.7;   3.9;    3;   0.6;   6;    5.267;   0;   7.7;   6.6;  943.94;    5.9;   72.00;    9.9;    2.1;    0.0;eor
       3660;20180331;   10;   8.7;   2.4;    3;   0.2;   6;    5.867;   0;   7.7;   6.6;  943.05;    5.4;   74.92;   10.6;    0.6;   -1.5;eor
       3660;20180401;   10;  11.7;   4.2;    3;   0.4;   6;    1.250;   0;   7.5;   6.6;  950.88;    4.0;   81.63;    7.7;    2.0;    0.3;eor
       3660;20180402;   10;  10.1;   3.3;    3;   0.3;   6;    2.717;   0;   7.8;   6.3;  950.08;    6.9;   65.71;   12.4;    0.6;   -0.8;eor
       3660;20180403;   10;  15.8;   4.3;    3;   0.0;   6;    4.383;   0;   7.6;   8.5;  946.02;   10.3;   68.58;   15.1;    7.0;    5.4;eor
       3660;20180404;   10;  15.2;   4.5;    3;   2.4;   6;    1.867;   0;   7.2;   9.3;  945.63;    8.4;   84.08;   10.4;    5.8;    4.6;eor
       3660;20180405;   10;  15.4;   4.6;    3;   0.4;   6;    1.217;   0;   7.7;   6.9;  955.47;    5.0;   78.25;    7.2;    0.1;   -2.2;eor
       3660;20180406;   10;  12.6;   4.3;    3;   0.0;   0;   11.883;   0;   4.5;   5.5;  960.68;    6.5;   59.54;   12.5;   -0.4;   -2.6;eor
       3660;20180407;   10;  10.7;   3.3;    3;   0.0;   0;   12.033;   0;   5.5;   7.1;  954.51;   13.8;   46.29;   20.9;    5.9;    2.0;eor
       3660;20180408;   10;   7.0;   2.0;    3;   0.0;   0;    4.933;   0;   7.8;   8.1;  951.37;   16.4;   44.83;   22.2;    8.9;    7.0;eor
       3660;20180409;   10;  10.0;   2.4;    3;   0.0;   0;    1.750;   0;   7.7;   9.2;  947.85;   13.3;   60.92;   18.0;    8.9;    6.5;eor
       3660;20180410;   10;   9.2;   2.7;    3;   1.8;   6;    1.233;   0;   7.9;   9.5;  947.27;   11.3;   72.33;   16.2;    6.5;    6.2;eor
       3660;20180411;   10;   7.2;   2.0;    3;   0.7;   6;    4.750;   0;   5.3;   9.5;  949.10;    8.8;   84.71;   13.8;    6.3;    3.6;eor
       3660;20180412;   10;   8.2;   2.2;    3;   0.0;   6;    3.883;   0;   7.0;   9.9;  944.44;   10.3;   80.42;   17.0;    4.2;    2.6;eor
       3660;20180413;   10;   7.3;   2.0;    3;   0.0;   0;    0.000;   0;   7.8;   9.0;  951.50;    9.3;   77.29;   12.8;    4.3;    1.9;eor
       3660;20180414;   10;   7.6;   2.4;    3;   6.8;   6;    7.433;   0;   4.7;   9.0;  960.02;   12.4;   64.25;   18.0;    6.4;    3.0;eor
       3660;20180415;   10;   6.5;   2.1;    3;   0.0;   6;    3.567;   0;   7.7;  10.3;  956.36;   12.0;   74.71;   16.6;    8.7;    6.3;eor
       3660;20180416;   10;   7.5;   1.9;    3;   0.0;   0;    6.017;   0;   5.7;   9.5;  958.59;   11.4;   71.67;   16.9;    6.2;    3.8;eor
       3660;20180417;   10;   6.5;   1.8;    3;   0.0;   0;   12.833;-999;  -999;   8.4;  967.78;   12.9;   60.38;   20.3;    4.8;    1.7;eor
       3660;20180418;   10;   9.8;   2.3;    3;   0.0;   0;   13.000;   0;   2.8;   9.1;  972.79;   16.0;   52.58;   22.5;    6.1;    3.7;eor
       3660;20180419;   10;  10.3;   3.7;    3;   0.0;   0;   13.050;-999;   2.3;   8.6;  970.12;   19.9;   37.75;   24.7;   14.5;   10.9;eor
       3660;20180420;   10;   7.3;   1.8;    3;   0.0;   0;   12.467;   0;   7.0;   9.9;  966.58;   19.0;   46.38;   25.6;   11.2;    7.5;eor
       3660;20180421;   10;   7.2;   2.0;    3;   0.0;   0;   11.267;   0;  -999;  11.5;  963.51;   17.4;   58.92;   22.6;   11.2;    8.3;eor
       3660;20180422;   10;  13.6;   3.6;    3;   0.0;   6;   10.467;   0;   6.2;  11.5;  957.27;   19.3;   53.13;   25.5;   11.6;    8.9;eor
       3660;20180423;   10;  12.1;   3.8;    3;   0.0;   6;    7.867;-999;   7.4;  10.5;  958.77;   14.6;   63.29;   18.4;    9.1;    6.7;eor
       3660;20180424;   10;   8.7;   3.8;    3;   0.0;   0;    7.117;-999;   7.3;   9.0;  959.20;   11.9;   65.42;   18.0;    6.6;    5.0;eor
       3660;20180425;   10;  14.8;   4.9;    3;   0.7;   6;    2.267;-999;   6.0;   8.9;  955.19;   10.9;   68.33;   14.9;    5.5;    3.2;eor
       3660;20180426;   10;  12.2;   4.3;    3;   0.0;   6;    3.867;-999;   6.6;   6.6;  959.49;    7.5;   64.58;   12.1;    4.5;    1.5;eor
       3660;20180427;   10;   9.2;   2.9;    3;   0.0;   0;   10.783;-999;   6.9;   6.8;  954.45;   10.4;   56.46;   16.9;    2.0;    0.2;eor
       3660;20180428;   10;  11.1;   3.5;    3;   0.5;   6;    3.350;-999;   7.0;   8.1;  954.42;   10.4;   65.54;   14.8;    6.4;    4.2;eor
       3660;20180429;   10;  11.6;   3.1;    3;  10.0;   6;    4.150;-999;   7.6;  11.6;  948.95;   12.0;   82.25;   19.1;    2.8;    2.1;eor
       3660;20180430;   10;  20.0;   6.1;    3;   3.5;   6;    0.900;-999;   7.7;   9.1;  944.48;    8.0;   83.13;   11.4;    3.5;    2.8;eor
       3660;20180501;   10;  13.2;   4.7;    3;   0.0;   0;    3.333;-999;   5.9;   6.3;  954.18;    6.0;   67.79;   10.5;    2.7;    0.1;eor
       3660;20180502;   10;   7.4;   2.3;    3;   0.0;   6;    7.500;-999;   5.5;   7.0;  955.27;    8.6;   64.04;   14.4;    0.3;   -1.2;eor
       3660;20180503;   10;   9.9;   3.5;    3;   0.0;   6;    8.850;-999;   7.7;   7.2;  959.51;    9.0;   64.13;   13.0;    5.4;    2.7;eor
       3660;20180504;   10;  10.7;   3.2;    3;   0.0;   0;   13.850;-999;  -999;   7.4;  963.90;   11.0;   57.50;   17.5;    3.2;    0.9;eor
       3660;20180505;   10;  11.2;   3.6;    3;   0.0;   0;   13.933;-999;   0.8;   8.4;  965.68;   14.0;   53.58;   20.8;    6.0;    3.1;eor
       3660;20180506;   10;  10.0;   3.9;    3;   0.0;   0;   14.017;-999;   0.1;   8.0;  965.15;   16.8;   44.21;   22.7;    9.6;    5.9;eor
       3660;20180507;   10;   8.9;   3.5;    3;   0.0;   0;   14.050;-999;   0.0;   9.2;  961.41;   16.8;   49.17;   22.1;   10.3;    6.4;eor
       3660;20180508;   10;   9.4;   2.8;    3;   0.0;   0;   14.100;-999;   0.3;   9.2;  954.83;   18.2;   45.46;   24.6;    9.8;    6.8;eor
       3660;20180509;   10;   7.8;   2.0;    3;   0.0;   0;    9.833;-999;   2.7;  10.3;  951.06;   17.7;   52.67;   24.0;    9.2;    7.2;eor
       3660;20180510;   10;   9.9;   2.8;    3;   0.0;   6;    0.350;-999;   7.5;  10.5;  955.80;   11.9;   75.42;   15.8;    9.3;    8.3;eor
       3660;20180511;   10;   7.9;   2.9;    3;   0.0;   0;    6.300;-999;  -999;   9.3;  961.35;   12.7;   65.33;   17.7;    7.3;    6.9;eor
       3660;20180512;   10;   8.1;   2.4;    3;   4.3;   6;   11.933;-999;   7.6;  10.2;  957.31;   15.8;   58.88;   20.6;    7.8;    5.2;eor
       3660;20180513;   10;  10.6;   3.7;    3;   9.9;   6;    0.000;-999;   7.8;  12.9;  954.83;   11.8;   92.79;   17.2;    9.5;    9.5;eor
       3660;20180514;   10;   9.0;   3.6;    3;   0.0;   6;    1.367;-999;   5.8;  13.7;  954.58;   13.2;   90.46;   19.7;    9.3;    8.7;eor
       3660;20180515;   10;  10.3;   2.9;    3;   2.5;   6;    9.950;-999;   4.9;  10.1;  957.54;   14.8;   62.13;   19.6;    9.6;    6.2;eor
       3660;20180516;   10;  10.8;   3.8;    3;   2.8;   6;    4.783;-999;   7.6;  11.8;  959.05;   12.5;   81.63;   16.9;    9.6;    9.4;eor
       3660;20180517;   10;  11.2;   5.4;    3;   0.0;   0;   10.217;-999;   4.7;   8.7;  963.04;    9.6;   74.04;   14.6;    5.7;    4.3;eor
       3660;20180518;   10;   9.0;   3.5;    3;   0.0;   0;    9.683;-999;   7.5;   7.9;  963.94;    8.8;   71.04;   13.8;    4.7;    5.0;eor
       3660;20180519;   10;   7.5;   2.5;    3;   0.0;   0;    7.717;-999;   5.2;   8.8;  964.07;    9.9;   74.00;   15.2;    4.5;    3.0;eor
       3660;20180520;   10;  12.0;   2.4;    3;   3.6;   8;    8.267;-999;   4.1;  11.1;  963.66;   11.9;   80.38;   20.0;    4.3;    2.2;eor
       3660;20180521;   10;  10.7;   3.4;    3;   0.0;   6;    9.333;-999;   7.0;  11.7;  957.99;   15.7;   67.04;   21.5;    9.7;    9.0;eor
       3660;20180522;   10;  10.1;   2.1;    3;   1.4;   6;    3.150;-999;   7.7;  13.5;  956.60;   15.2;   79.13;   21.3;   11.0;    8.8;eor
       3660;20180523;   10;  10.1;   2.5;    3;   0.1;   6;    6.100;-999;   7.3;  14.5;  961.37;   16.2;   80.25;   21.0;   12.4;   10.9;eor
       3660;20180524;   10;   7.8;   2.4;    3;   0.0;   6;    2.917;-999;   7.0;  14.8;  961.37;   15.7;   82.92;   19.3;   11.6;    9.8;eor
       3660;20180525;   10;   6.1;   1.9;    3;   0.0;   0;    7.167;-999;   7.0;  14.1;  961.61;   17.7;   72.50;   23.9;   12.2;   10.8;eor
       3660;20180526;   10;   8.4;   2.4;    3;   0.0;   0;   12.333;-999;   6.8;  14.6;  963.22;   19.7;   65.25;   25.4;   12.2;   10.1;eor
       3660;20180527;   10;  19.2;   2.1;    3;  31.6;   8;    6.200;-999;   7.1;  15.9;  962.07;   18.4;   76.63;   25.7;   13.9;   11.9;eor
       3660;20180528;   10;   8.3;   2.4;    3;   0.0;   0;   11.567;-999;   7.6;  16.5;  960.83;   20.0;   72.54;   26.1;   13.3;   11.9;eor
       3660;20180529;   10;   9.5;   2.0;    3;   0.0;   6;    7.533;-999;   6.7;  17.2;  957.35;   20.1;   73.63;   26.3;   15.3;   13.6;eor
       3660;20180530;   10;   6.9;   2.0;    3;   3.8;   6;   12.417;-999;   3.4;  14.8;  958.22;   20.4;   64.17;   26.1;   13.8;   11.3;eor
       3660;20180531;   10;   7.2;   1.8;    3;  22.7;   6;    5.467;-999;   7.1;  16.5;  958.78;   19.3;   75.25;   25.0;   14.3;   14.0;eor
       3660;20180601;   10;  19.5;   2.9;    3;  21.5;   6;    0.200;-999;   7.3;  15.8;  960.55;   15.3;   90.75;   18.3;   13.0;   12.2;eor
       3660;20180602;   10;   6.9;   2.4;    3;   0.0;   0;    2.433;-999;   5.0;  14.2;  962.42;   15.9;   79.54;   20.5;   12.0;   10.0;eor
       3660;20180603;   10;   7.0;   1.9;    3;   0.0;   0;   11.950;-999;   3.4;  14.0;  961.57;   16.6;   75.79;   22.4;    9.8;    8.7;eor
       3660;20180604;   10;   8.5;   2.5;    3;   0.0;   0;   12.150;-999;   3.8;  15.1;  956.87;   18.3;   73.96;   23.9;   11.5;   10.4;eor
       3660;20180605;   10;   7.5;   3.0;    3;   0.0;   6;    8.700;-999;   3.3;  15.4;  956.49;   16.2;   84.71;   21.5;   13.2;   11.6;eor
       3660;20180606;   10;   6.4;   1.6;    3;   0.0;   0;   10.100;-999;   4.1;  15.2;  956.70;   19.1;   71.29;   25.9;    9.7;    9.0;eor
       3660;20180607;   10;   6.7;   2.1;    3;  13.0;   8;    4.000;-999;   6.9;  16.7;  958.81;   18.8;   77.67;   22.6;   15.7;   14.0;eor
       3660;20180608;   10;   7.0;   2.5;    3;  11.4;   8;    2.317;-999;   7.3;  17.6;  957.86;   17.1;   90.17;   21.0;   15.0;   14.6;eor
       3660;20180609;   10;   6.5;   2.3;    3;   6.3;   6;    2.750;-999;   7.3;  18.5;  957.10;   18.5;   87.13;   24.0;   15.4;   14.5;eor
       3660;20180610;   10;   8.4;   2.1;    3;   0.0;   6;    8.217;-999;   6.5;  17.4;  956.17;   18.8;   80.88;   23.5;   14.5;   13.8;eor
       3660;20180611;   10;   6.8;   2.4;    3;  25.7;   6;    0.000;-999;   7.5;  17.1;  955.05;   15.9;   94.21;   18.0;   13.2;   13.0;eor
       3660;20180612;   10;   8.8;   3.2;    3;   1.3;   6;    0.000;-999;   7.7;  13.6;  955.45;   12.9;   91.38;   14.5;   11.1;    9.9;eor
       3660;20180613;   10;   8.4;   3.3;    3;   0.0;   6;    0.117;-999;   7.5;  11.0;  959.16;   11.1;   83.08;   13.8;    7.8;    5.8;eor
       3660;20180614;   10;   7.6;   2.4;    3;   3.1;   6;    6.683;-999;   7.0;  11.3;  959.71;   12.7;   78.38;   18.4;    6.1;    4.2;eor
       3660;20180615;   10;   4.8;   1.7;    3;   0.0;   0;    4.117;-999;   6.9;  13.7;  960.17;   16.0;   76.25;   21.4;   12.4;   11.7;eor
       3660;20180616;   10;   7.3;   2.2;    3;   8.0;   6;    5.150;-999;   7.2;  13.7;  959.34;   16.9;   73.54;   22.9;   11.9;   10.1;eor
       3660;20180617;   10;   9.3;   2.9;    3;   0.0;   6;    3.900;-999;   7.3;  11.9;  961.80;   14.2;   74.04;   18.3;   11.0;    9.5;eor
       3660;20180618;   10;   8.7;   3.2;    3;   0.0;   6;    2.267;-999;   7.2;  13.4;  964.77;   15.7;   75.08;   19.5;   12.0;   11.0;eor
       3660;20180619;   10;   6.7;   2.3;    3;   0.0;   6;    0.450;-999;   6.5;  15.3;  967.33;   16.6;   81.21;   20.8;   12.6;   10.9;eor
       3660;20180620;   10;   5.8;   1.7;    3;   0.0;   0;   12.383;-999;   3.5;  15.7;  964.73;   20.5;   67.25;   26.7;   14.9;   13.3;eor
       3660;20180621;   10;  14.5;   4.2;    3;   0.3;   6;    8.583;-999;   5.4;  11.2;  962.81;   14.2;   67.58;   17.9;    6.5;    4.8;eor
       3660;20180622;   10;  12.7;   4.0;    3;   0.0;   0;    2.250;-999;   5.6;   8.6;  968.10;    9.8;   71.58;   13.7;    6.0;    4.4;eor
       3660;20180623;   10;   8.9;   3.0;    3;   0.1;   6;    3.450;-999;   7.7;   9.7;  968.80;   10.5;   76.79;   14.2;    7.4;    5.6;eor
       3660;20180624;   10;   8.6;   2.8;    3;   0.2;   6;    5.517;-999;   7.7;  10.9;  965.42;   13.0;   74.13;   16.8;    9.8;    9.2;eor
       3660;20180625;   10;   7.4;   3.1;    3;   0.0;   6;    1.617;-999;   6.4;  12.6;  966.85;   13.2;   83.63;   17.8;   10.6;   10.0;eor
       3660;20180626;   10;   7.5;   2.8;    3;   0.0;   0;   10.183;-999;   3.9;  12.4;  967.28;   14.3;   77.58;   20.0;   10.1;    7.9;eor
       3660;20180627;   10;   9.6;   2.6;    3;   0.0;   0;   13.200;-999;  -999;  11.9;  966.43;   16.9;   64.58;   23.6;    8.7;    7.5;eor
       3660;20180628;   10;   9.7;   3.3;    3;   0.0;   0;   12.500;-999;   4.4;  11.7;  964.66;   18.7;   55.50;   24.0;   11.2;    8.8;eor
       3660;20180629;   10;   8.5;   2.9;    3;   0.0;   0;   15.100;-999;   2.1;  12.6;  961.36;   20.5;   53.54;   25.8;   14.8;   13.5;eor
       3660;20180630;   10;  11.2;   3.0;    3;   0.0;   0;   13.967;-999;   1.3;  12.1;  958.76;   20.6;   50.50;   26.8;   13.7;   11.1;eor
       3660;20180701;   10;  11.5;   4.5;    3;   0.0;   0;   15.283;-999;   0.4;   8.3;  959.37;   18.3;   39.83;   23.3;   13.5;   12.0;eor
       3660;20180702;   10;   9.6;   3.6;    3;   0.0;   4;   15.250;-999;   0.2;   8.4;  959.09;   18.8;   39.83;   24.6;   12.3;    9.5;eor
       3660;20180703;   10;   6.5;   1.6;    3;   0.0;   0;   12.483;-999;  -999;   9.8;  960.15;   20.1;   43.71;   27.2;   10.8;    8.6;eor
       3660;20180704;   10;   9.2;   1.7;    3;  24.0;   8;    2.683;-999;   7.5;  15.7;  958.77;   17.7;   77.42;   24.6;   13.7;   12.3;eor
       3660;20180705;   10;   8.3;   1.6;    3;   2.3;   6;    3.050;-999;   7.5;  16.8;  958.28;   17.2;   86.00;   21.9;   12.9;   12.2;eor
       3660;20180706;   10;   9.9;   2.8;    3;   0.0;   0;    7.483;-999;   5.4;  14.2;  963.55;   17.2;   73.54;   22.4;   12.5;   10.7;eor
       3660;20180707;   10;  11.8;   3.1;    3;   0.0;   0;   12.350;-999;   5.1;  12.7;  966.31;   18.3;   62.21;   22.9;   13.4;   11.2;eor
       3660;20180708;   10;   9.3;   3.2;    3;   0.0;   0;   15.083;-999;   1.0;  10.9;  966.79;   16.8;   58.33;   21.7;   11.7;    8.6;eor
       3660;20180709;   10;   9.5;   3.3;    3;   0.0;   6;    7.533;-999;   5.3;  12.6;  965.45;   16.6;   67.54;   20.7;   11.7;    9.6;eor
       3660;20180710;   10;  10.4;   3.6;    3;   0.6;   6;    0.483;-999;   7.7;  11.8;  960.96;   12.9;   79.04;   15.5;   10.5;   10.0;eor
       3660;20180711;   10;   9.2;   3.1;    3;   0.9;   6;    2.483;-999;   7.1;  11.9;  960.41;   14.0;   75.58;   18.8;    9.6;    7.9;eor
       3660;20180712;   10;   7.1;   2.4;    3;   0.0;   0;    6.067;-999;   6.6;  14.6;  961.98;   17.1;   76.33;   21.7;   13.6;   12.8;eor
       3660;20180713;   10;   7.2;   1.4;    3;   1.9;   6;    8.150;-999;   4.6;  14.9;  963.83;   17.6;   74.13;   22.6;   13.3;   11.3;eor
       3660;20180714;   10;   6.1;   1.7;    3;   0.0;   6;   10.167;-999;  -999;  13.7;  962.82;   19.2;   63.71;   25.3;   12.6;   11.2;eor
       3660;20180715;   10;   7.9;   1.9;    3;   0.0;   0;   12.467;-999;  -999;  11.7;  960.02;   19.9;   52.75;   25.4;   12.7;   10.5;eor
       3660;20180716;   10;   7.8;   1.9;    3;   0.0;   0;   13.883;-999;   4.3;   9.7;  957.45;   20.8;   42.00;   26.9;   12.2;   11.4;eor
       3660;20180717;   10;  13.4;   2.3;    3;   1.9;   8;    9.933;-999;   5.4;  12.5;  959.48;   20.0;   53.63;   26.0;   13.3;   11.9;eor
       3660;20180718;   10;   7.8;   1.9;    3;   0.0;   0;   11.050;-999;  -999;  11.3;  962.12;   18.0;   56.46;   23.5;   11.5;    8.7;eor
       3660;20180719;   10;   7.2;   1.5;    3;   0.0;   0;   11.533;-999;  -999;  11.3;  961.51;   19.1;   53.54;   25.5;   11.2;    8.8;eor
       3660;20180720;   10;   9.2;   1.7;    3;   0.0;   6;    7.217;-999;   7.8;  12.6;  957.59;   19.9;   56.54;   28.0;   12.7;   10.7;eor
       3660;20180721;   10;   7.1;   1.7;    3;   2.3;   6;    4.367;-999;   7.3;  14.7;  956.00;   18.0;   71.96;   25.3;   14.1;   13.0;eor
       3660;20180722;   10;   8.7;   2.4;    3;   0.0;   0;   10.983;-999;  -999;  13.6;  959.00;   19.5;   62.00;   24.6;   15.3;   13.6;eor
       3660;20180723;   10;   6.0;   1.5;    3;   0.0;   0;    6.883;-999;  -999;  14.5;  961.56;   20.2;   62.00;   25.6;   13.6;   11.7;eor
       3660;20180724;   10;   5.8;   1.4;    3;   0.0;   0;   14.017;-999;  -999;  14.3;  959.30;   23.2;   53.25;   30.3;   15.4;   12.9;eor
       3660;20180725;   10;   8.3;   1.8;    3;   0.0;   6;    9.117;-999;   3.2;  14.5;  959.50;   24.1;   50.08;   31.2;   16.3;   14.3;eor
       3660;20180726;   10;   7.9;   1.9;    3;   0.0;   0;    8.967;-999;   4.8;  15.2;  959.45;   25.3;   50.13;   32.6;   16.9;   15.6;eor
       3660;20180727;   10;   8.0;   2.2;    3;   0.0;   6;   13.867;-999;  -999;  12.2;  956.74;   26.2;   37.33;   32.3;   17.9;   15.3;eor
       3660;20180728;   10;  11.2;   2.8;    3;   0.4;   6;    5.867;-999;   6.9;  14.5;  954.37;   22.0;   55.50;   27.0;   16.2;   14.6;eor
       3660;20180729;   10;  10.8;   2.8;    3;   0.0;   0;    5.950;-999;   6.4;  11.9;  958.19;   21.2;   49.17;   27.6;   13.6;   12.0;eor
       3660;20180730;   10;   8.1;   2.1;    3;   0.0;   0;    9.517;-999;   6.3;  14.1;  960.02;   23.8;   49.50;   30.3;   15.5;   14.0;eor
       3660;20180731;   10;  10.2;   2.3;    3;   0.0;   0;   10.900;-999;   6.3;  14.6;  961.52;   23.4;   52.71;   30.3;   16.2;   14.0;eor
       3660;20180801;   10;   5.0;   1.4;    3;   0.2;   6;    4.717;-999;   6.8;  16.3;  964.67;   19.9;   70.13;   24.9;   16.2;   14.0;eor
       3660;20180802;   10;   7.8;   2.1;    3;   0.0;   0;   12.000;-999;   2.2;  14.7;  966.04;   22.8;   57.17;   30.1;   14.2;   12.2;eor
       3660;20180803;   10;   6.4;   1.9;    3;   0.0;   0;   13.000;-999;  -999;  14.7;  964.88;   25.5;   46.63;   32.5;   17.2;   15.3;eor
       3660;20180804;   10;   9.3;   3.2;    3;   0.0;   0;   11.000;-999;   4.7;  14.9;  963.30;   24.7;   49.50;   30.3;   18.6;   16.9;eor
       3660;20180805;   10;   8.5;   3.4;    3;   0.0;   0;   12.000;-999;   5.1;  14.6;  964.98;   20.6;   62.38;   25.6;   16.5;   13.0;eor
       3660;20180806;   10;   6.8;   1.8;    3;   0.0;   0;   14.200;-999;   0.3;  11.2;  960.22;   24.0;   41.29;   32.1;   14.0;   11.7;eor
       3660;20180807;   10;  11.4;   2.4;    3;  11.8;   6;   13.000;-999;   1.7;  11.8;  955.25;   26.2;   37.38;   34.2;   16.6;   14.2;eor
       3660;20180808;   10;  14.3;   3.5;    3;   0.0;   6;-999;-999;  -999;  16.5;  957.08;   20.4;   69.50;   24.5;   15.7;   13.9;eor
       3660;20180809;   10;  15.2;   3.8;    3;   5.6;   6;-999;-999;   6.7;  15.7;  956.91;   18.6;   74.17;   26.7;   12.7;   12.2;eor
       3660;20180810;   10;  10.8;   4.0;    3;   0.0;   0;-999;-999;   3.7;   9.9;  965.19;   15.4;   59.25;   20.5;   11.1;    9.8;eor
       3660;20180811;   10;   9.1;   3.3;    3;   0.0;   0;-999;-999;   6.5;   9.3;  965.53;   16.0;   52.96;   21.5;   10.5;    8.2;eor
       3660;20180812;   10;   7.1;   1.9;    3;   1.1;   6;-999;-999;   7.3;   9.2;  959.55;   17.5;   49.63;   25.1;    7.5;    5.6;eor
       3660;20180813;   10;  12.3;   3.0;    3;   8.5;   8;-999;-999;   6.7;  14.3;  952.85;   16.6;   76.42;   20.7;   12.9;   12.9;eor
       3660;20180814;   10;   8.9;   2.9;    3;   0.2;   6;-999;-999;   7.3;  15.3;  959.06;   16.2;   83.21;   20.6;   13.7;   12.5;eor
       3660;20180815;   10;   5.2;   1.6;    3;   0.0;   0;-999;-999;   6.9;  13.8;  963.31;   17.4;   71.17;   21.7;   13.0;   11.7;eor
       3660;20180816;   10;   7.1;   1.8;    3;   0.0;   0;-999;-999;   4.2;  13.4;  960.12;   19.9;   61.83;   27.6;   11.5;    9.5;eor
       3660;20180817;   10;   9.0;   3.3;    3;   1.3;   6;-999;-999;   6.7;  14.5;  961.44;   16.2;   78.63;   20.2;   12.0;    9.5;eor
       3660;20180818;   10;   6.2;   1.8;    3;   0.0;   0;-999;-999;   6.5;  11.0;  965.71;   17.2;   60.13;   24.7;    9.4;    7.4;eor
       3660;20180819;   10;   8.1;   2.3;    3;   0.0;   0;-999;-999;  -999;  13.0;  964.71;   19.1;   61.13;   26.5;   10.9;    9.9;eor
       3660;20180820;   10;   6.4;   2.0;    3;   0.0;   0;-999;-999;   6.9;  15.9;  963.78;   18.6;   74.63;   22.4;   14.3;   13.2;eor
       3660;20180821;   10;   5.6;   1.3;    3;   0.0;   0;-999;-999;   7.7;  15.7;  963.80;   19.7;   70.42;   24.9;   14.3;   12.9;eor
       3660;20180822;   10;   8.1;   2.0;    3;   0.0;   0;-999;-999;  -999;  15.1;  961.04;   21.3;   62.88;   29.8;   13.9;   11.7;eor
       3660;20180823;   10;   9.4;   2.5;    3;   0.3;   6;-999;-999;   4.5;  15.9;  957.54;   20.5;   68.54;   27.5;   14.0;   11.6;eor
       3660;20180824;   10;  11.4;   3.7;    3;   1.3;   6;-999;-999;   7.4;  10.8;  956.31;   15.0;   63.92;   18.3;   10.1;    9.1;eor
       3660;20180825;   10;  11.1;   3.8;    3;   1.5;   6;-999;-999;   6.6;   9.5;  956.14;   10.9;   74.38;   16.5;    7.1;    4.9;eor
       3660;20180826;   10;   9.4;   2.4;    3;   0.2;   6;-999;-999;   6.3;   8.0;  959.10;   12.3;   60.04;   18.4;    4.4;    2.8;eor
       3660;20180827;   10;  12.2;   4.1;    3;   0.0;   6;-999;-999;   7.4;  11.9;  957.29;   14.9;   70.42;   19.6;   11.3;   10.8;eor
       3660;20180828;   10;   6.9;   2.0;    3;   0.0;   0;-999;-999;   5.6;  10.6;  962.05;   17.3;   55.25;   23.1;   12.8;   11.9;eor
       3660;20180829;   10;  10.3;   2.2;    3;   4.3;   6;    6.134;-999;   6.8;  13.6;  957.54;   17.4;   69.25;   26.1;   11.0;    8.7;eor
       3660;20180830;   10;   9.0;   3.1;    3;   0.0;   6;    3.117;-999;   7.6;  11.4;  963.64;   13.8;   73.50;   18.0;    9.1;    7.6;eor
       3660;20180831;   10;   7.5;   2.3;    3;   0.0;   0;    4.133;-999;   7.8;   9.6;  965.22;   12.3;   68.38;   17.1;    7.6;    6.0;eor
       3660;20180901;   10;  10.3;   2.4;    3;   0.0;   0;   11.267;-999;  -999;   8.5;  968.19;   12.3;   61.83;   18.4;    6.0;    3.6;eor
       3660;20180902;   10;  10.3;   2.4;    3;   0.0;   0;    4.717;-999;  -999;  10.3;  966.41;   13.7;   66.13;   19.3;    6.9;    3.9;eor
       3660;20180903;   10;   5.3;   1.9;    3;   0.0;   6;    0.033;-999;   7.9;  13.9;  961.13;   15.5;   79.29;   18.6;   13.2;   13.0;eor
       3660;20180904;   10;   5.4;   1.3;    3;   0.0;   0;    4.550;-999;   6.9;  15.3;  960.24;   18.4;   74.04;   24.4;   14.4;   14.2;eor
       3660;20180905;   10;   6.2;   1.5;    3;   4.2;   6;    2.833;-999;   7.6;  16.4;  960.27;   18.0;   81.50;   25.3;   14.0;   12.5;eor
       3660;20180906;   10;   8.3;   1.8;    3;   0.8;   6;    0.750;-999;   7.5;  16.3;  956.63;   15.8;   90.79;   19.3;   13.3;   12.1;eor
       3660;20180907;   10;   9.4;   2.7;    3;   0.2;   6;    4.883;-999;   6.0;  12.0;  958.41;   12.7;   81.33;   16.7;    7.7;    5.2;eor
       3660;20180908;   10;   8.6;   2.6;    3;   0.0;   0;   10.033;-999;  -999;   9.1;  963.34;   12.9;   63.25;   19.5;    6.5;    4.0;eor
       3660;20180909;   10;   6.4;   1.7;    3;   0.0;   0;    6.300;-999;   7.9;  10.6;  964.54;   16.0;   60.46;   23.0;    7.7;    7.1;eor
       3660;20180910;   10;  10.4;   2.6;    3;   0.0;   0;    7.267;-999;   7.8;  11.3;  965.55;   17.7;   57.67;   24.5;   11.1;    9.4;eor
       3660;20180911;   10;  11.0;   3.7;    3;   0.0;   0;   11.000;-999;  -999;  12.1;  966.59;   18.2;   60.79;   25.5;   12.1;   10.3;eor
       3660;20180912;   10;  10.2;   2.7;    3;   0.1;   6;   10.500;-999;   3.3;  12.7;  964.23;   18.3;   63.21;   26.5;   12.7;    9.5;eor
       3660;20180913;   10;   5.5;   2.3;    3;   0.1;   6;    0.000;-999;   7.7;  13.6;  963.52;   12.4;   94.13;   13.5;   11.3;    9.6;eor
       3660;20180914;   10;   6.7;   1.7;    3;   0.0;   0;    2.467;-999;  -999;  10.7;  963.91;   13.6;   70.63;   19.1;   10.0;    8.7;eor
       3660;20180915;   10;   9.1;   2.0;    3;   0.0;   0;    4.933;-999;  -999;   9.8;  967.19;   12.9;   67.04;   18.6;    8.3;    6.1;eor
       3660;20180916;   10;   6.3;   1.7;    3;   0.0;   0;   10.583;-999;   7.4;   9.3;  965.47;   14.9;   58.96;   22.4;    6.0;    4.0;eor
       3660;20180917;   10;   6.3;   1.8;    3;   0.0;   0;   10.550;-999;   7.0;   9.1;  962.48;   17.2;   51.13;   25.4;    7.1;    5.2;eor
       3660;20180918;   10;  11.5;   3.2;    3;   0.0;   0;   10.617;-999;   2.7;  12.2;  959.12;   21.7;   47.88;   28.2;   16.2;   13.2;eor
       3660;20180919;   10;  11.5;   3.4;    3;   0.0;   0;   10.550;-999;  -999;  14.7;  962.32;   19.8;   65.04;   25.9;   13.2;   11.3;eor
       3660;20180920;   10;  10.7;   3.2;    3;   0.0;   0;   10.617;-999;   6.5;  12.5;  960.74;   18.4;   61.21;   24.4;   11.6;    9.6;eor
       3660;20180921;   10;  14.8;   5.6;    3;   0.7;   6;    1.617;-999;  -999;  10.9;  954.97;   14.4;   64.63;   19.4;    9.3;    7.6;eor
       3660;20180922;   10;  11.1;   3.3;    3;   6.4;   6;    1.383;-999;   7.5;   9.2;  962.98;   10.1;   75.50;   14.8;    7.2;    5.7;eor
       3660;20180923;   10;  19.0;   4.2;    3;  15.0;   6;    0.000;-999;   7.6;  12.3;  956.01;   10.3;   95.54;   18.2;    5.6;    4.2;eor
       3660;20180924;   10;   9.1;   2.7;    3;   0.0;   6;    5.583;-999;   6.7;   8.2;  974.58;    7.2;   81.79;   12.1;    4.3;    1.7;eor
       3660;20180925;   10;   7.0;   2.0;    3;   0.0;   0;   10.050;-999;  -999;   7.1;  979.23;    7.5;   70.33;   12.6;    1.9;   -0.2;eor
       3660;20180926;   10;   4.7;   1.3;    3;   0.0;   0;    9.617;-999;   5.7;   6.3;  975.75;   11.0;   50.92;   19.7;    3.6;    0.4;eor
       3660;20180927;   10;   7.5;   1.9;    3;   0.0;   0;   11.200;-999;  -999;   7.9;  970.10;   13.5;   53.96;   23.0;    4.6;    2.2;eor
       3660;20180928;   10;   8.7;   2.5;    3;   0.0;   6;    2.800;-999;  -999;   9.8;  967.54;    8.5;   87.67;   12.6;    4.4;    2.5;eor
       3660;20180929;   10;   8.2;   2.6;    3;   0.0;   0;   10.983;-999;  -999;   6.6;  968.81;    7.2;   67.88;   13.4;    2.3;   -0.2;eor
       3660;20180930;   10;   6.0;   1.6;    3;   0.0;   6;   10.917;-999;  -999;   6.8;  960.13;    8.5;   63.25;   17.9;    1.5;   -1.4;eor
       3660;20181001;   10;  14.4;   3.0;    3;   1.5;   6;    2.167;-999;  -999;   8.1;  961.27;    6.9;   81.71;   11.4;    4.5;    2.9;eor
       3660;20181002;   10;  11.3;   3.8;    3;   0.0;   6;    0.000;-999;  -999;   9.1;  962.83;    7.0;   89.46;   10.4;    4.1;    3.4;eor
       3660;20181003;   10;   8.8;   3.0;    3;   0.0;   0;    4.483;-999;  -999;   9.2;  967.44;   10.3;   74.00;   13.6;    5.6;    3.3;eor
       3660;20181004;   10;   4.7;   1.8;    3;   0.0;   0;    5.350;   0;  -999;   9.4;  969.02;    9.9;   77.88;   16.5;    3.8;    2.1;eor
       3660;20181005;   10;   7.5;   2.1;    3;   0.0;   0;   10.350;   0;  -999;   9.9;  961.84;   13.1;   68.17;   20.4;    5.1;    2.7;eor
       3660;20181006;   10;   9.1;   2.4;    3;   0.6;   6;    9.317;   0;  -999;  11.8;  954.25;   15.2;   69.96;   21.7;    8.7;    6.2;eor
       3660;20181007;   10;   9.1;   2.8;    3;   0.1;   6;    0.300;   0;  -999;  11.3;  960.02;    9.8;   92.71;   15.0;    5.5;    3.4;eor
       3660;20181008;   10;   5.1;   1.4;    3;   0.0;   0;    9.817;   0;  -999;   9.4;  964.25;    9.2;   81.92;   17.3;    2.2;    1.2;eor
       3660;20181009;   10;   6.5;   1.8;    3;   0.0;   0;    7.967;   0;  -999;  11.7;  964.60;   13.4;   77.54;   21.5;    5.8;    3.8;eor
       3660;20181010;   10;  10.5;   2.8;    3;   0.0;   0;   10.150;   0;  -999;  12.3;  960.21;   14.9;   73.79;   20.2;    8.7;    6.4;eor
       3660;20181011;   10;   8.4;   2.8;    3;   0.0;   0;    4.683;   0;  -999;  12.3;  957.35;   16.1;   68.21;   20.7;   10.2;    8.0;eor
       3660;20181012;   10;   9.0;   3.2;    3;   0.0;   0;    7.900;   0;  -999;  13.5;  963.70;   17.7;   67.13;   22.5;   13.3;   10.9;eor
       3660;20181013;   10;  10.1;   3.3;    3;   0.0;   0;    9.933;   0;  -999;  12.6;  962.84;   19.1;   58.25;   24.0;   14.3;   10.9;eor
       3660;20181014;   10;  11.3;   3.4;    3;   0.0;   0;    9.667;   0;  -999;  11.7;  955.42;   17.7;   58.46;   23.1;   13.1;   11.1;eor
       3660;20181015;   10;   6.5;   2.1;    3;   0.0;   0;    9.633;   0;  -999;   9.3;  957.55;   17.6;   47.54;   23.4;   11.5;    8.1;eor
       3660;20181016;   10;   6.1;   1.4;    3;   0.0;   0;    8.450;   0;  -999;  10.2;  962.30;   15.3;   60.63;   23.1;    8.5;    6.3;eor
       3660;20181017;   10;   4.7;   1.7;    3;   0.0;   0;    8.217;   0;  -999;  11.0;  962.58;   14.6;   68.63;   21.7;    8.5;    6.6;eor
       3660;20181018;   10;   7.4;   2.9;    3;   0.0;   6;    0.283;   0;  -999;  12.5;  965.15;   11.5;   91.75;   13.5;    8.0;    5.8;eor
       3660;20181019;   10;   4.3;   1.5;    3;   0.0;   0;    3.533;   0;  -999;  10.6;  966.56;    9.5;   89.79;   15.1;    6.5;    6.0;eor
       3660;20181020;   10;   5.9;   1.8;    3;   0.0;   0;    4.283;   0;  -999;   9.0;  971.53;    8.1;   84.67;   12.8;    3.7;    1.1;eor
       3660;20181021;   10;   6.8;   1.6;    3;   0.0;   0;    9.517;   0;  -999;   7.5;  970.25;    7.5;   75.04;   14.9;   -0.7;   -1.7;eor
       3660;20181022;   10;   9.0;   2.0;    3;   0.8;   6;    0.000;   0;  -999;   9.1;  972.11;    7.0;   89.88;   10.0;    2.1;    1.0;eor
       3660;20181023;   10;  12.3;   4.3;    3;   0.0;   6;    2.083;   0;  -999;   8.2;  968.67;    7.2;   81.42;   12.0;    1.9;    0.5;eor
       3660;20181024;   10;  13.8;   4.0;    3;   2.4;   6;    0.017;   0;  -999;  12.3;  966.30;   10.8;   94.54;   11.8;    9.0;    8.5;eor
       3660;20181025;   10;   9.4;   2.9;    3;   0.0;   6;    0.983;   0;  -999;   9.8;  962.15;    9.4;   82.54;   12.4;    6.9;    6.7;eor
       3660;20181026;   10;  10.3;   3.2;    3;   2.2;   6;    0.000;   0;  -999;   8.1;  952.34;    6.3;   84.08;    7.7;    3.5;    2.5;eor
       3660;20181027;   10;   7.1;   2.3;    3;   0.0;   6;    0.317;   0;  -999;   6.9;  951.08;    3.3;   89.29;    5.6;    0.6;    0.0;eor
       3660;20181028;   10;  11.4;   4.6;    3;   0.3;   6;    0.250;   0;  -999;   6.1;  953.46;    1.8;   87.50;    3.7;    0.8;    0.2;eor
       3660;20181029;   10;   9.8;   4.1;    3;   7.6;   6;    0.000;   0;  -999;   6.9;  943.06;    2.1;   96.46;    2.7;    1.6;    1.4;eor
       3660;20181030;   10;  16.5;   5.7;    3;   5.6;   8;    0.000;   0;  -999;   7.1;  935.99;    3.0;   93.79;    5.6;    0.2;   -0.2;eor
       3660;20181031;   10;  11.7;   3.3;    3;   0.0;   6;    0.000;   0;  -999;   7.3;  955.23;    5.9;   79.00;    9.1;    1.8;    0.9;eor
       3660;20181101;   10;   9.1;   2.3;    3;   1.4;   6;    0.050;   0;  -999;   8.4;  953.99;    6.9;   83.58;    9.1;    3.5;    1.7;eor
       3660;20181102;   10;   9.2;   2.0;    3;   0.0;   6;    0.450;   0;  -999;   8.1;  964.38;    5.9;   86.83;    7.9;    0.6;   -1.5;eor
       3660;20181103;   10;   4.9;   1.4;    3;   0.0;   0;    8.183;   0;  -999;   5.8;  968.80;    2.6;   80.63;    8.0;   -2.0;   -3.5;eor
       3660;20181104;   10;   6.4;   2.0;    3;   0.0;   0;    1.033;   0;  -999;   8.8;  958.53;    6.9;   88.50;   10.1;    1.8;    0.1;eor
       3660;20181105;   10;   7.0;   2.3;    3;   0.0;   6;    0.283;   0;  -999;   9.9;  951.74;    7.6;   94.46;    9.8;    5.5;    3.8;eor
       3660;20181106;   10;   7.2;   1.9;    3;   0.0;   0;    5.100;   0;  -999;   9.6;  950.82;   10.4;   77.83;   17.7;    5.3;    3.5;eor
       3660;20181107;   10;  13.7;   3.8;    3;   0.0;   6;    3.983;   0;  -999;   9.2;  953.05;    9.9;   76.17;   13.5;    7.1;    4.9;eor
       3660;20181108;   10;   8.7;   2.4;    3;   0.0;   0;    4.617;   0;  -999;   8.6;  961.59;    8.7;   76.50;   11.7;    6.3;    3.9;eor
       3660;20181109;   10;   8.7;   3.3;    3;   0.0;   6;    5.467;   0;  -999;   9.7;  956.01;    9.5;   81.92;   13.2;    6.2;    4.4;eor
       3660;20181110;   10;  13.7;   4.6;    3;   5.5;   6;    0.000;   0;  -999;  11.0;  948.48;   10.4;   86.88;   11.3;    9.3;    7.9;eor
       3660;20181111;   10;  14.6;   4.2;    3;  10.5;   6;    0.967;   0;  -999;  10.3;  951.80;    9.3;   88.00;   11.7;    7.8;    7.2;eor
       3660;20181112;   10;  13.0;   3.5;    3;   1.4;   4;    4.233;   0;  -999;  11.5;  957.45;   11.6;   84.83;   16.6;    8.1;    7.6;eor
       3660;20181113;   10;  13.1;   4.0;    3;   0.0;   4;    2.617;   0;  -999;   9.2;  967.12;    8.3;   84.33;   10.8;    5.1;    2.7;eor
       3660;20181114;   10;   5.4;   1.9;    3;   0.0;   0;    4.783;   0;  -999;   7.9;  970.12;    5.0;   91.33;   10.4;    0.9;   -0.4;eor
       3660;20181115;   10;   5.9;   2.3;    3;   0.0;   0;    3.017;   0;  -999;   7.1;  967.83;    2.6;   96.13;    6.0;    1.1;   -1.4;eor
       3660;20181116;   10;   8.2;   2.7;    3;   0.0;   0;    7.350;   0;  -999;   6.6;  969.25;    4.1;   81.25;    8.8;    1.7;   -1.4;eor
       3660;20181117;   10;  11.2;   3.5;    3;   0.0;   0;    7.633;   0;  -999;   5.3;  969.92;    2.9;   71.29;    7.0;   -0.2;   -2.7;eor
       3660;20181118;   10;  10.0;   3.8;    3;   0.0;   0;    7.617;   0;  -999;   3.9;  967.03;    1.6;   57.63;    6.6;   -2.3;   -5.4;eor
       3660;20181119;   10;  13.8;   4.6;    3;   0.6;   8;    0.000;   0;  -999;   4.9;  957.27;   -0.2;   79.96;    1.7;   -2.9;   -5.2;eor
       3660;20181120;   10;  15.0;   5.5;    3;   0.0;   8;    0.000;   0;  -999;   4.9;  949.37;    0.0;   80.58;    0.9;   -0.9;   -1.3;eor
       3660;20181121;   10;  10.9;   2.9;    3;   0.0;   0;    0.000;   0;  -999;   5.5;  956.34;   -0.1;   90.04;    0.9;   -0.7;   -2.0;eor
       3660;20181122;   10;   6.9;   2.2;    3;   0.0;   0;    2.883;   0;  -999;   5.6;  960.22;    0.5;   88.00;    4.0;   -2.0;   -4.3;eor
       3660;20181123;   10;   5.3;   1.3;    3;   0.6;   6;    7.317;   0;  -999;   6.2;  958.52;    2.4;   85.13;    9.3;   -2.7;   -4.5;eor
       3660;20181124;   10;  11.0;   2.8;    3;   0.7;   6;    0.000;   0;  -999;   7.0;  952.81;    2.8;   93.29;    5.3;   -0.3;   -0.8;eor
       3660;20181125;   10;   6.0;   1.7;    3;   0.0;   6;    0.000;   0;   7.9;   7.5;  951.44;    3.1;   97.63;    4.4;   -0.3;   -1.6;eor
       3660;20181126;   10;   6.8;   2.5;    3;   0.0;   6;    0.000;   0;   7.7;   7.1;  952.27;    3.5;   91.00;    4.2;    2.5;    2.3;eor
       3660;20181127;   10;   6.7;   1.8;    3;   0.0;   0;    0.000;   0;   7.7;   5.9;  960.17;    1.8;   84.83;    3.3;    0.0;   -1.5;eor
       3660;20181128;   10;  10.2;   3.5;    3;   1.7;   6;    0.000;   0;   7.9;   6.8;  961.77;    2.6;   92.38;    4.8;    0.7;   -0.7;eor
       3660;20181129;   10;-999;-999;-999;-999;-999;-999;   0;  -999;  -999;    -999;   -999;-999;-999;-999;-999;eor
       3660;20190106;-999;-999;-999;    3;   1.0;   4;    0.000;-999;-999;-999;-999;-999;-999;    4.0;    2.0;    1.0;eor
       3660;20190107;   10;  12.3;-999;    3;   5.0;   4;    0.300;-999;  -999;  -999;    -999;    3.0;-999;    4.6;    1.0;    0.0;eor
       3660;20190108;   10;-999;-999;    3;   2.0;   4;    0.283;-999;  -999;  -999;    -999;    3.4;-999;    5.8;    1.0;    0.0;eor
       3660;20190109;   10;  15.9;-999;    3;   1.5;   4;    1.100;-999;  -999;  -999;    -999;    1.0;-999;    2.0;   -1.3;   -2.0;eor
       3660;20190110;   10;   8.5;   3.4;    3;   0.3;   8;    0.000;   0;   7.8;   4.6;  965.77;   -1.7;   84.79;   -1.0;   -2.1;   -2.7;eor
       3660;20190111;   10;  10.5;   3.1;    3;   0.9;   6;    0.000;   0;   7.7;   6.4;  965.33;    0.9;   96.08;    3.9;   -1.8;   -2.5;eor
       3660;20190112;   10;  13.0;   4.3;    3;   2.3;   6;    0.000;   0;   7.7;   7.1;  961.10;    3.1;   92.71;    4.3;    1.9;    1.1;eor
       3660;20190113;   10;  16.3;   5.5;    3;   8.2;   6;    0.000;   0;   7.6;   8.3;  950.38;    5.4;   92.08;    6.9;    3.1;    2.0;eor
       3660;20190114;   10;  12.7;   4.6;    3;   2.8;   8;    0.683;   0;   7.5;   6.2;  955.24;    1.7;   89.46;    3.9;   -0.3;   -1.5;eor
       3660;20190115;   10;  10.8;   3.7;    3;   0.2;   8;    0.000;   0;   7.7;   6.3;  961.23;    2.0;   88.63;    3.6;    0.0;   -0.8;eor
       3660;20190116;   10;  13.4;   4.8;    3;   0.0;   6;    1.033;   0;   7.9;   6.0;  952.78;    2.2;   83.67;    3.4;    1.2;    0.0;eor
       3660;20190117;   10;  12.7;   4.9;    3;   2.7;   8;    0.150;   0;   7.4;   6.0;  947.92;    1.1;   90.58;    3.6;   -1.5;   -3.4;eor
       3660;20190118;   10;   6.6;   1.7;    3;   0.0;   8;    4.967;   0;   7.5;   4.4;  959.53;   -1.7;   81.96;    0.7;   -3.7;   -6.8;eor
       3660;20190119;   10;   7.2;   2.8;    3;   0.0;   0;    7.250;   0;   7.4;   3.7;  956.68;   -2.8;   74.33;    0.0;   -4.9;   -9.1;eor
       3660;20190120;   10;   5.5;   1.8;    3;   0.0;   0;    7.467;   0;  -999;   3.4;  957.00;   -5.1;   81.17;   -1.9;   -8.2;  -11.6;eor
       3660;20190121;   10;   3.5;   1.2;    3;   0.0;   0;    7.483;   0;   2.0;   3.0;  961.60;   -5.8;   75.79;    0.0;  -11.2;  -13.5;eor
       3660;20190122;   10;   9.4;   3.1;    3;   0.2;   8;    3.867;   0;   7.1;   3.4;  949.46;   -5.7;   84.13;   -4.3;   -8.0;   -9.7;eor
       3660;20190123;   10;   6.8;   3.0;    3;   0.0;   7;    0.000;   2;   7.9;   3.8;  941.05;   -4.6;   86.29;   -3.7;   -5.4;   -5.5;eor
       3660;20190124;   10;   6.6;   2.2;    3;   0.1;   8;    0.050;   2;   8.0;   3.3;  950.72;   -5.6;   81.00;   -4.2;   -6.7;   -7.6;eor
       3660;20190125;   10;   9.8;   3.2;    3;   0.6;   8;    0.100;   2;   7.9;   4.7;  955.34;   -2.1;   88.50;   -0.2;   -4.3;   -4.3;eor
       3660;20190126;   10;  12.6;   4.8;    3;   1.1;   6;    0.000;   2;   7.8;   6.8;  949.41;    2.1;   95.21;    3.7;   -0.2;   -0.5;eor
       3660;20190127;   10;  15.1;   4.9;    3;   3.4;   8;    0.200;   0;   7.4;   6.7;  932.64;    2.7;   90.42;    4.4;   -0.1;   -0.8;eor
       3660;20190128;   10;  15.2;   5.4;    3;   2.0;   8;    0.133;   4;   7.8;   5.6;  938.87;   -0.1;   92.25;    0.8;   -0.8;   -1.8;eor
       3660;20190129;   10;-999;-999;    3;   0.0;   4;    3.300;   6;  -999;  -999;    -999;   -1.1;-999;    0.3;   -1.8;   -3.1;eor
       3660;20190130;   10;-999;-999;    3;   7.0;   4;    0.000;-999;  -999;  -999;    -999;   -2.0;-999;   -1.5;   -3.4;   -1.5;eor
       3660;20190131;   10;  12.0;   2.1;    3;   2.8;   8;    2.150;  14;   7.3;   4.3;  937.17;   -3.0;   87.46;    1.6;   -5.0;   -1.5;eor
       3660;20190201;   10;  13.0;   3.1;    3;   8.9;   8;    4.000;  16;   7.6;   5.8;  932.26;    0.7;   90.71;    3.9;   -2.7;   -1.1;eor
       3660;20190202;   10;  10.7;   1.8;    3;   0.0;   8;    0.000;  16;   7.5;   6.0;  939.58;    0.2;   96.79;    2.4;   -1.4;   -0.3;eor
       3660;20190203;   10;  10.9;   4.4;    3;   0.0;   8;    0.567;   9;   7.3;   5.2;  959.88;   -1.1;   92.50;    0.0;   -3.2;   -1.7;eor
       3660;20190204;   10;  10.0;   3.3;    3;   0.0;   8;    2.450;   8;   7.6;   4.5;  967.73;   -1.0;   80.00;    1.4;   -3.7;   -1.8;eor
       3660;20190205;   10;   7.8;   2.5;    3;   0.0;   6;    0.267;   8;   7.7;   5.3;  968.20;    1.2;   79.08;    3.5;   -0.7;   -1.1;eor
       3660;20190206;   10;  11.0;   3.0;    3;   0.0;   6;    4.117;   6;   7.9;   4.9;  964.93;    1.8;   70.17;    5.8;   -0.9;   -2.0;eor
       3660;20190207;   10;  10.1;   3.9;    3;   0.6;   6;    1.800;   5;   7.7;   6.3;  955.21;    3.3;   81.67;    5.7;    1.7;   -0.2;eor
       3660;20190208;   10;  14.1;   5.1;    3;   3.6;   6;    0.000;   0;   7.6;   7.2;  954.21;    3.7;   89.79;    5.0;    2.5;    0.7;eor
       3660;20190209;   10;  18.7;   6.5;    3;   3.1;   6;    1.017;   0;   7.4;   7.1;  950.14;    4.9;   81.83;    7.1;    3.4;    1.9;eor
       3660;20190210;   10;  19.2;   6.6;    3;  16.4;   8;    0.017;   0;   7.5;   7.7;  941.00;    4.5;   90.58;    6.7;    0.5;   -0.2;eor
       3660;20190211;   10;  13.1;   4.7;    3;   0.0;   6;    0.867;   0;   7.0;   6.0;  960.37;    1.8;   86.21;    4.3;    0.1;   -1.7;eor
       3660;20190212;   10;   6.1;   2.6;    3;   0.0;   0;    2.683;   0;   7.0;   5.4;  974.80;    0.8;   83.83;    4.3;   -1.6;   -3.5;eor
       3660;20190213;   10;   5.0;   1.7;    3;   0.0;   0;    6.367;   0;   7.5;   5.1;  977.05;    0.6;   80.67;    6.1;   -4.1;   -5.2;eor
       3660;20190214;   10;   5.7;   1.6;    3;   0.0;   0;    9.050;   0;   5.2;   3.6;  976.57;    5.2;   44.71;   13.7;   -2.2;   -5.0;eor
       3660;20190215;   10;   6.9;   2.3;    3;   0.0;   0;    9.250;   0;   0.9;   4.6;  973.06;    8.4;   43.17;   15.7;    0.6;   -2.8;eor
       3660;20190216;   10;   6.6;   2.4;    3;   0.0;   0;    9.250;   0;   4.3;   5.7;  968.65;    7.9;   55.04;   15.3;    2.6;   -1.9;eor
       3660;20190217;   10;   7.1;   2.3;    3;   0.0;   0;    9.150;   0;   7.3;   5.7;  964.88;    7.9;   55.79;   15.2;    1.3;   -1.7;eor
       3660;20190218;   10;  10.8;   2.7;    3;   0.1;   6;    9.150;   0;   3.3;   5.7;  961.22;    7.3;   57.25;   12.6;    1.2;   -1.8;eor
       3660;20190219;   10;   8.4;   3.2;    3;   0.1;   6;    6.000;   0;   5.5;   6.0;  961.63;    5.6;   67.54;    9.4;    1.5;   -1.4;eor
       3660;20190220;   10;   8.4;   2.5;    3;   0.0;   0;    5.433;   0;   7.3;   6.5;  965.46;    3.9;   81.21;    8.7;   -0.7;   -3.0;eor
       3660;20190221;   10;   7.8;   2.3;    3;   0.2;   6;    2.517;   0;   6.0;   7.9;  969.52;    6.5;   81.63;   11.1;    1.1;   -1.3;eor
       3660;20190222;   10;   5.3;   2.1;    3;   0.6;   6;    0.950;   0;   6.6;   9.2;  976.32;    7.2;   90.13;    9.6;    4.1;    1.1;eor
       3660;20190223;   10;   8.8;   2.6;    3;   0.0;   0;    7.467;   0;   5.6;   5.5;  978.53;    4.5;   66.67;    8.8;    0.7;   -2.7;eor
       3660;20190224;   10;   6.3;   1.9;    3;   0.0;   0;    9.633;   0;   1.3;   2.9;  978.50;    6.6;   32.25;   14.5;   -1.0;   -3.3;eor
       3660;20190225;   10;   7.8;   1.8;    3;   0.0;   0;    9.700;   0;   3.0;   4.7;  978.66;    8.9;   40.08;   16.1;   -0.1;   -2.0;eor
       3660;20190226;   10;   5.4;   1.4;    3;   0.0;   0;    9.483;   0;   4.5;   6.2;  975.87;    9.5;   54.54;   18.3;    1.2;   -2.1;eor
       3660;20190227;   10;   5.6;   2.2;    3;   0.0;   0;    9.867;   0;   0.8;   5.8;  968.61;   10.9;   47.88;   18.9;    3.1;   -0.8;eor
       3660;20190228;   10;  13.8;   3.9;    3;   3.0;   6;    6.567;   0;   3.9;   7.7;  959.88;    8.3;   71.00;   15.0;    3.8;   -0.6;eor
       3660;20190301;   10;   9.4;   3.5;    3;   1.0;   6;    0.000;   0;   8.0;   8.1;  957.42;    5.0;   92.21;    6.4;    2.8;    1.9;eor
       3660;20190302;   10;  10.9;   3.5;    3;   0.0;   6;    0.033;   0;   7.6;   7.8;  957.89;    5.4;   86.67;    8.2;    2.7;    2.0;eor
       3660;20190303;   10;  15.5;   6.2;    3;   1.4;   6;    0.000;   0;   7.7;   9.0;  951.67;    7.4;   86.67;    9.4;    6.1;    4.8;eor
       3660;20190304;   10;  22.1;   7.4;    3;   5.3;   6;    1.500;   0;   7.2;   7.6;  941.00;    5.7;   81.88;    9.4;    2.4;    1.1;eor
       3660;20190305;   10;  14.4;   5.3;    3;   0.7;   8;    1.567;   0;   6.9;   6.5;  949.78;    3.8;   81.25;    7.4;    1.6;    0.6;eor
       3660;20190306;   10;  14.4;   4.3;    3;   1.7;   6;    0.700;   0;   7.6;   8.0;  945.47;    7.4;   78.75;   11.2;    4.2;    2.8;eor
       3660;20190307;   10;  18.4;   6.7;    3;   3.3;   6;    4.367;   0;   5.8;   7.9;  940.85;    6.3;   82.00;    8.4;    3.5;    3.0;eor
       3660;20190308;   10;  16.8;   5.5;    3;   3.4;   6;    2.217;   0;   7.4;   6.8;  954.23;    4.7;   80.08;    7.4;    2.9;    2.6;eor
       3660;20190309;   10;  21.1;   7.4;    3;   2.7;   8;    1.250;   0;   7.3;   7.7;  955.41;    7.0;   76.67;   10.0;    4.1;    3.5;eor
       3660;20190310;   10;-999;-999;    3;   4.0;   4;    3.000;   0;  -999;   7.2;  951.20;    6.6;   75.25;   11.5;    0.6;   -0.2;eor
       3660;20190311;   10;-999;   7.1;    3;   0.2;   8;    2.267;   0;  -999;  -999;    -999;    2.0;-999;    4.5;   -0.7;   -1.9;eor
       3660;20190312;   10;  17.9;   5.0;    3;   0.2;   8;    0.450;   0;   7.4;   5.2;  957.08;    3.4;   68.79;    7.1;   -0.5;   -2.4;eor
       3660;20190313;   10;  17.0;   6.4;    3;  10.0;   8;    0.067;   0;   7.5;   6.3;  950.04;    2.6;   86.08;    3.7;    0.7;   -0.2;eor
       3660;20190314;   10;  16.5;   5.7;    3;   7.1;   6;    0.750;   0;   6.9;   7.2;  948.02;    4.0;   88.08;    7.6;    1.1;    0.2;eor
       3660;20190315;   10;  16.3;   6.1;    3;   5.3;   6;    0.000;   0;   7.6;   9.2;  950.15;    7.3;   88.75;    9.9;    4.0;    2.2;eor
       3660;20190316;   10;  16.2;   6.3;    3;   1.2;   6;    0.017;   0;   7.5;   8.9;  951.74;    7.4;   86.21;    8.4;    6.2;    5.3;eor
       3660;20190317;   10;  19.0;   5.8;    3;   3.9;   8;    2.917;   0;   6.2;   6.9;  947.82;    4.3;   83.04;    9.0;   -0.6;   -2.3;eor
       3660;20190318;   10;  12.7;   3.8;    3;   0.6;   8;    3.967;   0;   4.9;   5.8;  959.90;    2.2;   82.17;    7.2;   -0.3;   -2.4;eor
       3660;20190319;   10;   6.1;   1.6;    3;   0.0;   0;   10.900;   0;   1.8;   5.1;  969.40;    2.6;   71.50;    8.7;   -2.4;   -4.3;eor
       3660;20190320;   10;   5.1;   1.6;    3;   0.0;   0;    9.700;   0;   4.6;   5.8;  974.93;    4.9;   68.54;   11.0;   -2.2;   -4.0;eor
       3660;20190321;   10;   5.7;   1.5;    3;   0.0;   0;   11.500;   0;   3.8;   6.3;  975.10;    7.6;   63.79;   14.6;    0.3;   -2.0;eor
       3660;20190322;   10;   7.1;   1.9;    3;   0.0;   0;   11.600;   0;   4.5;   6.1;  971.30;   10.1;   53.63;   17.1;    1.7;   -1.1;eor
       3660;20190323;   10;   8.5;   2.2;    3;   0.0;   4;    0.317;   0;   7.5;   7.3;  970.75;    5.2;   82.46;    8.3;    0.4;   -1.2;eor
       3660;20190324;   10;   8.3;   2.2;    3;   0.0;   8;    2.467;   0;   5.0;   7.4;  967.79;    5.4;   82.50;    9.6;    0.8;   -1.9;eor
       3660;20190325;   10;  15.8;   5.2;    3;   4.3;   8;    2.917;   0;   5.8;   6.1;  965.04;    2.9;   81.50;    5.6;    0.3;   -1.8;eor
       3660;20190326;   10;   8.3;   2.9;    3;   0.0;   6;    0.333;   0;   7.8;   6.0;  971.97;    3.5;   76.58;    5.6;    1.7;    0.7;eor
       3660;20190327;   10;   5.5;   1.7;    3;   0.0;   0;    2.867;   0;   7.5;   6.2;  974.05;    4.5;   74.54;    8.9;    0.6;   -1.7;eor
       3660;20190328;   10;   6.1;   1.7;    3;   0.0;   0;    2.017;   0;   5.4;   7.0;  975.64;    5.4;   77.88;    9.6;    0.5;   -1.6;eor
       3660;20190329;   10;   8.3;   2.5;    3;   0.0;   0;   11.317;   0;   0.1;   7.7;  971.65;    8.6;   70.63;   13.9;    1.5;   -1.1;eor
       3660;20190330;   10;  10.8;   2.6;    3;   0.0;   0;    9.783;   0;   2.0;   7.2;  964.93;   11.1;   56.54;   17.5;    5.3;    0.6;eor
       3660;20190331;   10;   9.5;   2.8;    3;   0.0;   0;    7.933;   0;   3.3;   7.9;  963.98;    8.6;   71.25;   14.7;    3.6;    0.8;eor
       3660;20190401;   10;   7.0;   2.6;    3;   0.0;   0;   11.650;   0;   1.4;   7.1;  961.62;    8.2;   67.42;   14.5;    1.8;   -1.3;eor
       3660;20190402;   10;  15.6;   3.3;    3;   1.9;   6;    2.300;-999;   7.1;   8.0;  950.75;    9.4;   67.67;   13.7;    4.8;    1.8;eor
       3660;20190403;   10;   8.0;   2.4;    3;   0.1;   6;    0.000;-999;   7.1;   7.1;  944.78;    4.5;   84.00;    6.3;    2.8;    1.9;eor
       3660;20190404;   10;   5.0;   1.3;    3;   1.2;   6;    0.050;   0;   7.0;   6.7;  943.52;    3.3;   85.83;    4.9;    1.5;    0.2;eor
       3660;20190405;   10;   6.7;   2.1;    3;   0.0;   6;    0.867;   0;   7.5;   7.3;  947.80;    4.1;   89.42;    7.1;    0.6;   -0.4;eor
       3660;20190406;   10;   8.6;   2.4;    3;   0.0;   0;    7.700;   0;   7.5;   8.2;  947.32;    8.1;   77.46;   13.3;    4.3;    3.7;eor
       3660;20190407;   10;   9.6;   2.5;    3;   0.0;   6;   11.900;   0;   3.3;   8.3;  948.32;   11.2;   65.38;   16.3;    4.8;    2.3;eor
       3660;20190408;   10;  10.9;   1.7;    3;   2.7;   6;    2.117;   0;   7.4;   9.9;  952.46;   10.7;   78.50;   15.4;    8.1;    7.0;eor
       3660;20190409;   10;   8.3;   1.7;    3;   0.8;   6;    0.000;   0;   6.5;  10.4;  953.19;    9.3;   88.88;   12.6;    7.2;    6.0;eor
       3660;20190410;   10;   9.1;   3.5;    3;   0.0;   0;   10.683;   0;   5.0;   7.0;  955.98;    7.1;   69.54;   11.3;    1.6;   -2.0;eor
       3660;20190411;   10;  12.2;   3.1;    3;   0.0;   0;   12.600;   0;   0.0;   4.6;  962.15;    3.7;   60.29;    8.9;   -1.2;   -4.0;eor
       3660;20190412;   10;   8.9;   3.0;    3;   0.0;   7;    0.183;   0;   6.9;   4.0;  964.21;    1.0;   61.67;    3.8;   -1.5;   -4.7;eor
       3660;20190413;   10;  11.3;   3.0;    3;   1.2;   8;    2.367;   0;   6.0;   4.8;  963.47;   -0.2;   80.46;    3.3;   -2.6;   -4.8;eor
       3660;20190414;   10;   8.8;   2.9;    3;   1.3;   7;    4.333;   1;   5.5;   5.3;  964.00;    2.3;   76.04;    8.2;   -2.4;   -4.1;eor
       3660;20190415;   10;  10.6;   3.5;    3;   0.0;   0;    8.400;   0;   3.5;   6.6;  963.90;    7.2;   67.46;   14.6;    0.1;   -2.9;eor
       3660;20190416;   10;  10.3;   2.9;    3;   2.0;   6;    7.800;   0;   5.6;   7.5;  959.71;    9.2;   64.67;   15.7;    3.2;   -0.4;eor
       3660;20190417;   10;  10.0;   2.9;    3;   0.0;   6;    2.483;   0;   6.3;   9.7;  963.71;   10.0;   79.96;   15.3;    7.4;    6.5;eor
       3660;20190418;   10;  11.8;   4.3;    3;   0.0;   0;   12.933;   0;   2.7;   7.2;  966.47;   13.4;   47.17;   18.0;    8.3;    4.0;eor
       3660;20190419;   10;   9.4;   3.5;    3;   0.0;   0;   13.083;   0;   1.2;   6.8;  969.76;   15.2;   40.38;   20.5;    8.6;    5.6;eor
       3660;20190420;   10;   9.6;   2.5;    3;   0.0;   0;   13.150;   0;   0.0;   6.7;  969.89;   15.3;   40.29;   21.2;    7.0;    3.2;eor
       3660;20190421;   10;   7.9;   2.7;    3;   0.0;   0;   13.183;   0;   0.0;   6.7;  962.64;   15.9;   38.67;   21.0;    8.9;    4.3;eor
       3660;20190422;   10;  12.8;   4.0;    3;   0.0;   0;   10.733;   0;   3.7;   6.7;  952.17;   15.4;   39.38;   21.3;    9.7;    4.9;eor
       3660;20190423;   10;  11.0;   4.2;    3;   0.0;   0;    6.033;   0;   7.9;   8.2;  943.13;   13.2;   53.75;   18.2;    8.6;    5.9;eor
       3660;20190424;   10;  17.7;   3.7;    3;  12.9;   6;    6.883;   0;   5.9;   9.6;  945.90;   13.9;   63.50;   22.0;    6.3;    4.4;eor
       3660;20190425;   10;  14.3;   4.0;    3;   0.1;   6;    3.067;   0;   6.6;   8.7;  950.84;   10.8;   68.92;   17.5;    5.8;    3.4;eor
       3660;20190426;   10;   7.6;   2.7;    3;   2.6;   6;    1.900;   0;   7.3;   8.7;  956.43;    9.0;   76.63;   14.4;    6.6;    5.5;eor
       3660;20190427;   10;  15.8;   4.0;    3;   1.5;   6;    1.550;   0;   6.8;   8.1;  956.57;    6.4;   83.96;    9.7;    4.2;    2.8;eor
       3660;20190428;   10;   7.7;   2.6;    3;   1.0;   6;    2.333;   0;   6.0;   7.3;  960.84;    5.2;   83.08;    9.6;    1.2;    0.3;eor
       3660;20190429;   10;  10.7;   3.0;    3;   0.0;   6;    5.717;   0;   7.1;   7.3;  965.15;    6.5;   76.75;   12.2;   -1.0;   -0.9;eor
       3660;20190430;   10;   9.3;   3.8;    3;   0.0;   0;    9.633;   0;   3.1;   8.6;  963.45;    9.6;   73.92;   14.4;    6.2;    3.4;eor
       3660;20190501;    3;   8.0;   1.8;    3;   0.0;   0;    8.000;-999;   3.3;   9.1;  959.10;    9.6;   78.96;   17.0;    3.4;    2.1;eor
       3660;20190502;    3;  12.1;   1.9;    3;   1.2;   6;    3.667;-999;   6.7;   8.6;  953.91;    8.3;   81.29;   14.8;    2.5;    1.5;eor
       3660;20190503;    3;  10.3;   2.9;    3;   6.3;   8;    2.133;-999;   7.5;   8.0;  954.39;    6.8;   81.58;   11.5;    5.1;    4.4;eor
       3660;20190504;    3;  13.2;   3.6;    3;   0.5;   8;    4.267;-999;   7.0;   6.2;  952.80;    2.2;   87.58;    6.4;   -0.5;   -1.4;eor
       3660;20190505;    3;  12.7;   2.7;    3;   2.0;   8;    3.867;-999;   5.3;   6.3;  961.14;    2.6;   86.17;    7.3;   -1.0;   -3.1;eor
       3660;20190506;    3;   7.0;   2.1;    3;   0.1;   6;    3.950;-999;   5.8;   6.2;  962.80;    4.4;   74.54;    8.6;    0.4;   -1.8;eor
       3660;20190507;    3;   7.5;   1.7;    3;   0.0;   6;    0.717;-999;   7.7;   6.3;  959.10;    6.7;   65.96;   11.0;    2.7;    1.7;eor
       3660;20190508;    3;   9.7;   3.5;    3;  10.3;   6;    0.000;-999;   7.5;   8.7;  945.54;    7.7;   81.92;   10.2;    5.3;    3.5;eor
       3660;20190509;    3;  13.6;   3.2;    3;   4.0;   6;    0.833;-999;   7.3;   9.8;  943.14;    8.2;   89.63;   13.1;    5.4;    4.4;eor
       3660;20190510;    3;  10.0;   3.0;    3;  14.4;   6;    4.617;-999;   6.1;   8.0;  952.48;    9.5;   69.83;   14.6;    5.4;    3.9;eor
       3660;20190511;    3;  11.1;   3.9;    3;   5.7;   6;    2.167;-999;   6.1;   9.3;  956.52;    7.2;   91.04;   10.5;    4.1;    2.0;eor
       3660;20190512;    3;  12.1;   4.0;    3;   0.0;   0;    6.400;-999;   4.3;   6.3;  973.52;    6.2;   67.63;   10.7;    2.2;    0.3;eor
       3660;20190513;    3;  10.7;   3.5;    3;   0.0;   0;   14.217;-999;   2.6;   5.4;  977.72;    7.4;   55.42;   13.1;    1.8;   -1.6;eor
       3660;20190514;    3;  10.4;   3.1;    3;   0.0;   0;   10.983;-999;   3.0;   5.8;  972.59;    7.8;   55.29;   13.4;    1.9;   -1.2;eor
       3660;20190515;    3;  10.8;   2.9;    3;   0.0;   6;   14.417;-999;   0.5;   5.1;  966.44;    8.3;   48.58;   13.6;    1.2;   -1.4;eor
       3660;20190516;    3;   8.9;   2.8;    3;   2.3;   6;    5.683;-999;   6.8;   7.3;  958.50;    7.9;   68.33;   13.5;    2.4;    0.2;eor
       3660;20190517;    3;   7.4;   2.4;    3;   2.3;   6;    0.900;-999;   7.5;  10.0;  950.15;    9.3;   85.92;   14.1;    5.6;    5.6;eor
       3660;20190518;    3;   8.3;   1.7;    3;   1.9;   6;    2.317;-999;   7.8;  11.6;  949.52;   12.4;   80.83;   17.2;    8.5;    7.2;eor
       3660;20190519;    3;   8.5;   1.6;    3;   0.3;   6;    2.517;-999;   7.3;  12.0;  949.02;   13.1;   80.67;   16.7;    9.6;    8.2;eor
       3660;20190520;    3;  10.9;   3.2;    3;   3.7;   6;    0.000;-999;   6.9;  12.3;  950.85;   10.7;   95.29;   12.4;    8.9;    6.7;eor
       3660;20190521;    3;  10.3;   3.7;    3;   4.4;   6;    0.000;-999;   7.8;  11.5;  956.04;    9.5;   96.58;   10.4;    8.8;    8.4;eor
       3660;20190522;    3;   8.2;   2.7;    3;   0.0;   0;    6.283;-999;   6.5;   9.7;  962.05;   10.8;   76.50;   16.0;    6.7;    6.3;eor
       3660;20190523;    3;   5.7;   1.7;    3;   0.0;   0;    7.567;-999;   6.7;   9.4;  961.51;   13.8;   62.54;   20.5;    6.5;    4.7;eor
       3660;20190524;    3;   7.9;   1.9;    3;   0.0;   0;    9.283;-999;   7.1;   9.6;  958.75;   15.1;   57.42;   20.7;    8.7;    6.1;eor
       3660;20190525;    3;  10.7;   2.4;    3;   0.0;   0;    6.767;-999;   5.2;   9.4;  959.98;   12.1;   66.25;   17.1;    6.7;    4.1;eor
       3660;20190526;    3;   8.0;   2.8;    3;   0.2;   6;    6.733;-999;   5.9;  11.0;  958.18;   14.0;   70.25;   18.6;    7.9;    6.1;eor
       3660;20190527;    3;   7.0;   2.3;    3;   0.8;   6;    0.833;-999;   7.9;  12.5;  953.19;   12.7;   85.38;   15.3;   11.1;   10.0;eor
       3660;20190528;    3;  15.6;   3.2;    3;   0.0;   6;    2.967;-999;   7.2;   9.7;  952.73;   10.6;   76.54;   15.4;    8.1;    7.4;eor
       3660;20190529;    3;   5.5;   2.0;    3;   0.0;   6;    9.017;-999;   4.1;   8.4;  963.31;   11.7;   63.92;   17.2;    6.5;    5.5;eor
       3660;20190530;    3;   9.4;   3.0;    3;   0.0;   6;    1.067;-999;   7.5;  11.8;  967.03;   13.6;   74.75;   17.7;    9.8;    8.1;eor
       3660;20190531;    3;   7.0;   2.3;    3;   0.0;   0;    8.233;-999;   4.4;  12.6;  968.16;   16.1;   70.83;   21.4;   10.9;    8.8;eor
       3660;20190601;    3;   5.5;   1.4;    3;   0.0;   0;   14.733;-999;   5.6;  12.3;  965.29;   18.6;   61.50;   26.1;    9.3;    6.7;eor
       3660;20190602;    3;  11.8;   2.8;    3;   0.0;   0;   14.717;-999;   3.0;  12.9;  959.59;   22.0;   50.96;   28.1;   13.1;   10.0;eor
       3660;20190603;    3;  13.4;   2.7;    3;   0.5;   6;    7.150;-999;   6.4;  14.2;  957.56;   20.4;   60.96;   25.5;   14.6;   13.5;eor
       3660;20190604;    3;  14.7;   3.0;    3;   0.0;   6;   10.667;-999;   6.5;  15.6;  953.75;   20.1;   69.25;   26.6;   13.3;   12.9;eor
       3660;20190605;    3;  15.2;   2.3;    3;  10.7;   6;    8.650;-999;   5.9;  15.1;  950.75;   20.3;   64.17;   26.4;   14.0;   13.3;eor
       3660;20190606;    3;  12.3;   2.9;    3;   0.0;   6;    3.067;-999;   5.8;  11.1;  956.00;   11.5;   82.13;   15.2;    7.7;    6.0;eor
       3660;20190607;    3;  18.9;   4.6;    3;   0.1;   6;   10.567;-999;   5.5;  10.5;  954.69;   13.3;   69.75;   21.2;    6.9;    5.2;eor
       3660;20190608;    3;  16.8;   5.9;    3;   0.5;   6;    4.533;-999;   6.0;   9.2;  962.37;   11.7;   67.63;   16.0;    8.9;    7.0;eor
       3660;20190609;    3;   7.3;   2.0;    3;   0.0;   0;    9.233;-999;   7.4;  10.6;  964.30;   14.4;   65.83;   19.5;    6.7;    5.4;eor
       3660;20190610;    1;   9.4;   2.3;    1;   0.0;   6;    2.883;-999;   7.5;  12.9;  956.29;   15.7;   72.50;   20.2;   12.0;   11.0;eor
       3660;20190611;    1;   5.3;   1.9;    1;   0.0;   6;    3.967;-999;   6.7;  11.6;  955.08;   13.9;   73.42;   17.3;   11.1;   10.2;eor
       3660;20190612;    1;  10.3;   2.6;    1;   6.0;   6;    4.467;-999;   5.1;  11.6;  953.50;   13.4;   75.96;   17.6;   10.9;    8.6;eor
       3660;20190613;    1;  12.1;   3.4;    1;   0.6;   6;    9.800;-999;   4.3;  10.6;  956.97;   13.2;   71.75;   19.4;    8.5;    7.1;eor
       3660;20190614;    1;  12.4;   2.7;    1;   1.2;   6;   10.267;-999;   5.3;  11.6;  957.57;   18.2;   57.46;   23.9;   10.2;    7.8;eor
       3660;20190615;    1;  11.1;   3.3;    1;   0.0;   6;    7.017;-999;   6.4;  13.6;  957.68;   17.1;   71.33;   21.8;   13.0;   12.2;eor
       3660;20190616;    1;   7.8;   2.3;    1;   0.0;   6;    6.833;-999;   4.6;  11.8;  963.98;   16.1;   65.00;   20.0;   11.3;    9.2;eor
       3660;20190617;    1;   7.7;   1.6;    1;   0.0;   0;   11.550;-999;   3.4;  12.0;  963.33;   17.5;   62.75;   23.8;    9.6;    7.3;eor
       3660;20190618;    1;   8.7;   1.8;    1;   0.0;   0;   10.950;-999;   6.7;  13.9;  958.39;   20.4;   59.63;   26.1;   11.5;   10.0;eor
       3660;20190619;    1;  13.0;   2.7;    1;   0.2;   6;    8.317;-999;   4.3;  14.8;  953.76;   20.5;   62.75;   26.2;   15.1;   13.1;eor
       3660;20190620;    1;  10.6;   2.2;    1;  11.0;   6;    2.550;-999;   6.6;  14.7;  956.82;   15.6;   82.79;   21.0;   12.9;   11.5;eor
       3660;20190621;    1;   8.8;   2.3;    1;   0.0;   0;   11.300;-999;   3.3;  10.3;  962.50;   14.8;   62.71;   20.0;   10.7;    9.1;eor
       3660;20190622;    1;   7.8;   2.5;    1;   0.0;   0;   13.317;-999;   3.2;  12.7;  962.92;   16.8;   67.58;   23.1;    9.2;    6.6;eor
       3660;20190623;    1;  11.0;   2.9;    1;   0.0;   0;   10.367;-999;   3.7;  15.1;  962.30;   20.3;   65.00;   25.8;   12.3;   11.2;eor
       3660;20190624;    1;  10.6;   3.5;    1;   0.0;   0;   14.083;-999;   5.2;  16.7;  962.89;   23.6;   58.58;   29.2;   18.1;   16.4;eor
       3660;20190625;    1;  11.7;   3.1;    1;   0.0;   0;   12.650;-999;   6.1;  16.4;  962.98;   26.5;   49.29;   33.0;   20.3;   18.6;eor
       3660;20190626;    1;   8.2;   2.7;    1;   0.0;   0;   14.683;-999;   0.5;  19.4;  967.57;   24.7;   63.46;   30.7;   19.0;   17.3;eor
       3660;20190627;    1;   9.1;   3.8;    1;   0.0;   0;   12.883;-999;   0.9;  13.0;  969.35;   19.6;   59.83;   25.1;   14.4;   11.4;eor
       3660;20190628;    1;   7.0;   2.4;    1;   0.0;   0;   15.333;-999;   0.0;  11.2;  967.19;   19.2;   54.17;   25.7;   11.1;    9.2;eor
       3660;20190629;    1;   7.9;   2.3;    1;   0.0;   0;   15.333;-999;   0.4;  10.4;  962.92;   23.7;   38.96;   31.1;   13.0;   10.7;eor
       3660;20190630;    1;  10.6;   2.7;    1;   1.0;   6;   12.383;-999;   2.3;  15.8;  959.52;   25.5;   49.83;   33.8;   17.9;   15.0;eor
       3660;20190701;    1;   9.1;   2.9;    1;   0.3;   6;    8.317;-999;   5.7;  13.4;  962.05;   18.3;   64.79;   22.9;   12.8;   11.1;eor
       3660;20190702;    1;   8.6;   2.8;    1;   0.0;   0;   11.267;-999;   2.0;  10.3;  965.36;   15.5;   59.88;   20.9;   10.0;    7.7;eor
       3660;20190703;    1;   9.2;   2.9;    1;   0.0;   0;   13.767;-999;   0.6;   9.2;  966.58;   14.8;   56.21;   20.2;    9.0;    6.3;eor
       3660;20190704;    1;   6.8;   2.1;    1;   0.0;   0;   14.333;-999;   2.8;   8.7;  965.92;   16.1;   50.33;   23.1;    8.1;    6.2;eor
       3660;20190705;    1;   8.3;   2.1;    1;   0.0;   0;   10.050;-999;   6.3;  10.1;  961.35;   19.2;   47.25;   26.7;   11.6;    9.8;eor
       3660;20190706;    1;  10.9;   3.1;    1;   2.2;   6;    7.100;-999;   6.2;  11.3;  956.21;   18.6;   56.46;   26.7;   13.1;   11.1;eor
       3660;20190707;    1;   8.6;   3.2;    1;   0.0;   6;    5.100;-999;   5.8;  10.6;  957.92;   13.8;   69.04;   18.8;    9.5;    7.0;eor
       3660;20190708;    1;   7.5;   2.4;    1;   0.0;   0;    2.933;-999;   5.5;   9.2;  962.23;   11.5;   68.75;   15.1;    7.4;    4.8;eor
       3660;20190709;    1;   9.8;   2.7;    1;   0.0;   0;    9.617;-999;   6.0;   8.7;  963.38;   12.6;   62.38;   18.7;    7.0;    5.0;eor
