STATIONS_ID;MESS_DATUM;QN_3;  FX;  FM;QN_4; RSK;RSKF; SDK;SHK_TAG;  NM; VPM;  PM; TMK; UPM; TXK; TNK; TGK;eor
      15000;20180106;   10;   9.2;   3.5;    3;   0.2;   6;    0.000;   0;   7.6;   7.8;  980.05;    4.9;   90.63;    6.3;    3.3;    1.2;eor
      15000;20180107;   10;  13.8;   6.9;    3;   0.0;   0;    0.000;   0;   7.8;   6.8;  993.10;    2.6;   91.88;    4.2;    1.5;    1.4;eor
      15000;20180108;   10;  14.3;   7.8;    3;   0.0;   0;    0.000;   0;   7.8;   6.8;  992.24;    3.1;   89.75;    4.5;    1.2;   -0.1;eor
      15000;20180109;   10;  10.2;   3.7;    3;   0.0;   6;    0.267;   0;   7.4;   7.6;  982.53;    4.6;   89.25;    8.2;    0.8;   -1.7;eor
      15000;20180110;   10;  13.0;   4.6;    3;   0.8;   6;    0.650;   0;   7.5;   8.3;  981.22;    6.9;   83.63;    8.3;    4.3;    1.0;eor
      15000;20180111;   10;   4.1;   1.8;    3;   0.0;   0;    0.000;   0;   7.3;   8.5;  988.35;    5.4;   94.71;    7.2;    3.6;   -0.1;eor
      15000;20180112;   10;   4.0;   1.7;    3;   0.0;   6;    0.000;   0;   7.7;   8.2;  997.21;    4.2;   98.92;    5.2;    3.3;   -0.9;eor
      15000;20180113;   10;   9.7;   3.4;    3;   0.0;   0;    3.467;   0;   6.0;   6.7;  995.18;    3.2;   87.25;    5.4;    0.5;   -3.1;eor
      15000;20180114;   10;  10.8;   4.3;    3;   0.0;   0;    6.950;   0;   1.6;   6.2;  991.01;    2.8;   83.38;    5.5;    0.4;   -2.0;eor
      15000;20180115;   10;  21.6;   9.2;    3;  13.2;   6;    0.000;   0;   7.6;   7.4;  977.83;    5.0;   84.00;    6.9;    3.0;    2.1;eor
      15000;20180116;   10;  20.7;   9.1;    3;   2.7;   8;    1.600;   0;   6.9;   7.2;  966.88;    4.7;   83.50;    6.2;    1.6;    0.4;eor
      15000;20180117;   10;  19.3;   9.5;    3;   2.9;   8;    0.317;   0;   7.3;   6.1;  974.24;    2.1;   86.92;    3.9;   -0.2;   -0.7;eor
      15000;20180118;   10;  30.5;  10.3;    3;   5.3;   8;    0.583;   0;   7.4;   7.1;  972.30;    4.6;   83.50;    9.7;    0.1;    0.1;eor
      15000;20180119;   10;  14.9;   6.3;    3;   0.0;   8;    0.917;   0;   7.1;   6.4;  980.38;    2.3;   89.13;    4.3;    0.7;    0.3;eor
      15000;20180120;   10;  11.5;   4.5;    3;   7.8;   8;    0.000;   0;   7.7;   6.5;  976.28;    1.5;   95.21;    2.7;    0.1;    0.1;eor
      15000;20180121;   10;  10.4;   4.3;    3;   3.7;   4;    2.917;   0;   7.0;   6.4;  985.06;    1.6;   93.00;    4.0;   -0.1;   -1.1;eor
      15000;20180122;   10;  12.7;   5.7;    3;   0.2;   6;    0.017;   0;   7.8;   8.9;  982.30;    6.2;   92.92;    8.1;    2.9;    2.1;eor
      15000;20180123;   10;  16.1;   7.1;    3;   0.3;   6;    1.700;   0;   7.3;   8.7;  992.89;    7.1;   85.88;    9.6;    4.7;    3.7;eor
      15000;20180124;   10;  20.0;  10.5;    3;   2.6;   6;    0.383;   0;   7.3;  11.0;  987.59;   11.1;   83.54;   12.7;    9.4;    9.0;eor
      15000;20180125;   10;  15.7;   4.7;    3;   3.9;   6;    0.000;   0;   7.8;   9.3;  984.79;    7.0;   92.50;   10.4;    5.7;    5.0;eor
      15000;20180126;   10;   6.1;   3.0;    3;   0.0;   6;    0.183;   0;   7.5;   8.4;  990.75;    5.6;   92.29;    6.9;    4.7;    3.5;eor
      15000;20180127;   10;  17.1;   5.0;    3;   0.4;   8;    6.350;   0;   6.0;   7.5; 1001.07;    5.3;   84.42;    7.6;    3.8;    2.7;eor
      15000;20180128;   10;  16.4;   8.5;    3;   0.1;   6;    0.050;   0;   7.5;   9.6; 1002.66;    6.9;   95.88;    9.5;    4.0;    3.7;eor
      15000;20180129;   10;  17.4;   8.9;    3;   2.2;   6;    0.000;   0;   7.5;   9.6;  999.52;    8.4;   87.79;    9.2;    4.7;    4.0;eor
      15000;20180130;   10;  12.0;   4.0;    3;   0.7;   6;    3.583;   0;   6.3;   7.7;  999.36;    4.8;   89.38;    8.0;    1.5;   -0.9;eor
      15000;20180131;   10;  19.1;   8.9;    3;  11.2;   8;    0.000;   0;   7.7;   9.2;  979.91;    6.6;   93.29;    8.8;    2.5;    1.2;eor
      15000;20180201;   10;  15.4;   6.8;    3;   1.0;   8;    2.433;   0;   3.5;   6.2;  973.46;    1.7;   89.50;    3.5;    0.9;   -0.4;eor
      15000;20180202;   10;  12.5;   5.7;    3;   6.8;   8;    0.000;   0;   7.8;   6.8;  976.36;    1.8;   97.75;    3.1;    0.5;    0.1;eor
      15000;20180203;   10;   8.3;   3.3;    3;   1.3;   8;    0.083;   0;   7.4;   6.7;  979.27;    1.7;   96.25;    3.2;    0.7;   -0.8;eor
      15000;20180204;   10;   8.4;   3.7;    3;   0.6;   7;    0.217;   0;   7.2;   5.1;  990.13;   -1.1;   90.38;    1.5;   -2.4;   -3.4;eor
      15000;20180205;   10;  10.2;   5.5;    3;   0.0;   0;    6.350;   1;   2.4;   4.6;  994.92;   -1.3;   82.50;    2.1;   -3.4;   -4.6;eor
      15000;20180206;   10;   8.9;   4.9;    3;   1.5;   7;    0.000;   0;   6.6;   4.7;  985.65;   -2.6;   92.33;   -1.6;   -3.7;   -4.7;eor
      15000;20180207;   10;   4.8;   2.0;    3;   0.0;   0;    2.533;   4;   4.1;   4.1;  987.79;   -3.8;   89.54;   -1.8;   -6.4;  -16.9;eor
      15000;20180208;   10;   5.6;   2.3;    3;   0.0;   0;    6.867;   4;   2.1;   3.7;  991.53;   -3.6;   78.96;    0.1;   -8.3;  -16.7;eor
      15000;20180209;   10;  13.0;   5.7;    3;   0.2;   8;    6.833;   3;   5.5;   4.5;  985.65;   -1.3;   81.21;    0.5;   -3.7;   -5.3;eor
      15000;20180210;   10;  12.7;   5.5;    3;   2.0;   8;    1.250;   3;   7.5;   5.9;  986.23;    0.8;   91.79;    2.4;    0.0;   -0.6;eor
      15000;20180211;   10;  19.9;   8.8;    3;   0.7;   8;    0.017;   0;   7.4;   6.3;  975.57;    2.4;   86.96;    4.9;    0.0;   -0.4;eor
      15000;20180212;   10;  12.2;   6.5;    3;   0.0;   8;    2.667;   1;   5.4;   5.5;  985.42;    0.9;   84.29;    3.4;   -0.3;   -1.5;eor
      15000;20180213;   10;  12.1;   5.3;    3;   0.0;   0;    8.883;   0;   0.5;   4.6;  984.13;    0.8;   70.71;    3.8;   -1.7;   -4.3;eor
      15000;20180214;   10;  13.8;   4.4;    3;   3.4;   8;    8.733;   0;   2.9;   4.0;  985.82;    1.2;   60.42;    4.5;   -2.8;   -5.6;eor
      15000;20180215;   10;  16.8;   6.3;    3;   2.6;   6;    0.000;   0;   7.2;   7.5;  984.49;    4.1;   89.46;    7.2;    0.9;   -0.6;eor
      15000;20180216;   10;   6.9;   3.2;    3;   0.0;   0;    7.850;   0;   2.2;   6.2;  996.63;    3.0;   82.21;    6.6;   -1.1;   -4.1;eor
      15000;20180217;   10;   6.9;   3.8;    3;   0.0;   0;    3.767;   0;   5.5;   5.6;  994.58;    1.0;   85.21;    4.1;   -1.1;   -3.7;eor
      15000;20180218;   10;   7.7;   3.3;    3;   0.0;   0;    7.917;   0;   1.7;   5.3;  996.75;    2.5;   73.29;    7.0;   -0.9;   -5.0;eor
      15000;20180219;   10;   3.9;   1.6;    3;   0.0;   0;    0.750;   0;   7.3;   5.0;  991.07;    0.6;   78.83;    3.9;   -2.4;   -7.1;eor
      15000;20180220;   10;   6.0;   2.5;    3;   0.0;   0;    2.017;   0;   6.5;   5.2;  989.94;    1.0;   79.71;    4.0;   -1.7;   -4.8;eor
      15000;20180221;   10;   7.7;   3.5;    3;   0.0;   0;    8.633;   0;   1.1;   4.6;  994.86;   -0.7;   79.54;    3.0;   -4.1;   -6.5;eor
      15000;20180222;   10;  11.6;   5.9;    3;   0.0;   0;    8.950;   0;   0.7;   4.2;  993.34;   -1.0;   75.42;    3.1;   -4.2;   -6.5;eor
      15000;20180223;   10;  14.6;   6.9;    3;   0.0;   0;    9.583;   0;   0.0;   3.4;  991.71;   -1.6;   64.08;    1.7;   -4.6;   -6.6;eor
      15000;20180224;   10;  17.8;   9.2;    3;   0.0;   0;    8.533;   0;   1.8;   3.0;  993.66;   -1.7;   54.92;    3.8;   -5.6;   -7.3;eor
      15000;20180225;   10;  14.4;   8.0;    3;   0.0;   0;    9.733;   0;   1.2;   2.4;  997.91;   -3.7;   52.21;   -0.3;   -6.4;   -7.8;eor
      15000;20180226;   10;  13.2;   5.9;    3;   0.1;   4;    2.617;   0;   5.2;   2.9;  998.10;   -5.4;   72.08;   -2.6;   -7.3;   -9.1;eor
      15000;20180227;   10;  12.6;   5.1;    3;   0.0;   0;    9.517;   0;   2.0;   2.5;  992.11;   -6.0;   64.71;   -2.4;   -9.1;  -14.5;eor
      15000;20180228;   10;  17.7;   7.8;    3;   0.0;   0;    9.667;   0;   2.3;   2.0;  988.56;   -7.5;   59.38;   -3.8;  -10.8;  -13.1;eor
      15000;20180301;   10;  19.7;  12.4;    3;   0.0;   0;    6.783;   0;   7.4;   2.1;  975.94;   -4.5;   49.08;   -0.4;   -7.7;   -8.1;eor
      15000;20180302;   10;  18.1;   9.4;    3;   1.8;   8;    0.000;   0;   8.0;   3.0;  967.96;   -3.7;   64.38;   -1.6;   -5.0;   -4.5;eor
      15000;20180303;   10;   8.4;   4.0;    3;   0.1;   6;    5.550;   2;   6.7;   5.3;  967.93;   -0.5;   89.46;    3.4;   -3.9;   -4.6;eor
      15000;20180304;   10;  14.7;   4.7;    3;   0.0;   6;    5.583;   0;   5.8;   7.4;  967.28;    7.0;   74.08;   12.6;    1.0;   -0.8;eor
      15000;20180305;   10;  12.2;   4.9;    3;   0.0;   0;    4.667;   0;   5.8;   7.6;  966.55;    6.9;   76.33;   11.0;    3.5;   -1.3;eor
      15000;20180306;   10;   8.2;   3.8;    3;   0.0;   0;    0.850;   0;   6.5;   7.8;  963.82;    7.3;   76.08;   10.6;    3.9;    0.0;eor
      15000;20180307;   10;  15.3;   4.7;    3;   3.4;   8;    0.250;   0;   6.9;   7.4;  967.46;    4.8;   86.29;    7.4;    2.0;   -1.8;eor
      15000;20180308;   10;  16.6;   8.0;    3;   5.8;   6;    2.850;   0;   4.0;   7.1;  973.65;    4.1;   86.71;    7.8;    2.2;    0.8;eor
      15000;20180309;   10;   9.6;   4.5;    3;   2.5;   6;    0.000;   0;   7.6;   8.3;  978.03;    6.0;   87.29;    9.7;    2.5;    1.1;eor
      15000;20180310;   10;  12.4;   6.0;    3;   0.3;   6;    0.733;   0;   7.1;  11.2;  973.32;   11.4;   83.13;   14.3;    9.5;    7.9;eor
      15000;20180311;   10;  13.7;   5.4;    3;   0.1;   6;    0.733;   0;   6.8;  11.2;  967.46;   11.5;   83.04;   13.8;    8.2;    7.2;eor
      15000;20180312;   10;  15.6;   6.7;    3;   3.3;   6;    3.150;   0;   7.0;   9.8;  965.87;   10.1;   79.79;   12.8;    7.6;    6.9;eor
      15000;20180313;   10;  16.0;   7.5;    3;  12.9;   6;    0.000;   0;   7.8;   8.5;  975.89;    5.1;   96.79;    7.7;    3.3;    3.2;eor
      15000;20180314;   10;   9.2;   3.7;    3;   0.0;   0;    4.933;   0;   4.7;   7.6;  981.78;    6.1;   81.63;   10.8;    1.3;   -1.8;eor
      15000;20180315;   10;  12.1;   5.5;    3;   4.7;   6;    1.217;   0;   7.7;   7.4;  969.23;    6.8;   75.79;   10.7;    3.4;    1.5;eor
      15000;20180316;   10;   8.7;   3.9;    3;   4.6;   8;    0.133;   0;   7.8;   9.0;  973.39;    6.0;   95.42;    9.6;    0.2;    0.5;eor
      15000;20180317;   10;  15.6;   8.2;    3;   0.1;   7;    0.000;   0;   7.8;   4.7;  975.48;   -2.0;   87.42;    0.3;   -3.5;   -4.0;eor
      15000;20180318;   10;  13.8;   8.1;    3;   0.0;   7;    0.150;   0;   7.8;   3.6;  978.82;   -2.5;   70.67;   -0.5;   -4.3;   -4.0;eor
      15000;20180319;   10;  10.3;   5.6;    3;   0.0;   7;    5.283;   0;   5.6;   3.2;  983.56;   -1.6;   59.33;    1.7;   -3.6;   -6.0;eor
      15000;20180320;   10;  12.4;   4.4;    3;   0.5;   7;    7.600;   0;   3.3;   3.9;  992.39;    0.4;   62.83;    6.7;   -5.4;   -7.8;eor
      15000;20180321;   10;   6.1;   2.7;    3;   0.0;   8;    3.133;   0;   6.0;   5.0; 1000.20;   -0.2;   83.63;    4.8;   -3.8;   -8.2;eor
      15000;20180322;   10;  10.4;   5.1;    3;   5.5;   8;    0.000;   0;   7.8;   7.4;  989.40;    3.2;   95.58;    5.8;    0.2;    0.1;eor
      15000;20180323;   10;  13.0;   5.1;    3;   0.0;   6;    0.117;   0;   7.8;   7.4;  979.36;    4.2;   89.29;    5.6;    3.3;    3.0;eor
      15000;20180324;   10;   8.4;   3.0;    3;   0.0;   0;    8.367;   0;   5.1;   6.8;  974.16;    6.5;   71.50;   12.6;    2.9;   -1.3;eor
      15000;20180325;   10;   6.9;   2.7;    3;   0.0;   0;    7.317;   0;   5.7;   6.6;  979.84;    7.7;   63.21;   11.9;    1.9;   -1.4;eor
      15000;20180326;   10;  10.9;   2.6;    3;   0.1;   6;    4.717;   0;   6.0;   7.1;  987.81;    5.8;   78.33;    9.9;    1.7;   -2.7;eor
      15000;20180327;   10;  12.3;   5.0;    3;   6.2;   6;    0.883;   0;   5.9;   7.6;  982.86;    5.3;   84.67;   10.5;    0.7;   -3.0;eor
      15000;20180328;   10;  22.2;   6.9;    3;   5.7;   6;    0.217;   0;   7.8;   9.3;  974.60;    6.6;   94.88;    9.7;    2.6;    2.5;eor
      15000;20180329;   10;  12.7;   5.1;    3;   0.0;   6;    5.600;   0;   6.2;   6.6;  977.88;    5.8;   73.08;   10.3;    2.2;    0.9;eor
      15000;20180330;   10;  10.5;   5.1;    3;   0.7;   6;    4.000;   0;   7.7;   7.4;  972.62;    8.6;   67.21;   13.1;    4.9;    3.3;eor
      15000;20180331;   10;  11.4;   3.6;    3;   6.2;   6;    5.433;   0;   6.9;   7.8;  972.42;    7.0;   78.50;   11.2;    3.3;    1.3;eor
      15000;20180401;   10;  11.0;   4.9;    3;   0.5;   6;    0.117;   0;   7.3;   7.9;  980.98;    5.0;   90.71;    7.8;    3.4;    1.8;eor
      15000;20180402;   10;  13.4;   5.5;    3;   1.3;   6;    0.183;   0;   7.9;   7.7;  978.54;    8.6;   69.96;   13.2;    2.4;   -0.5;eor
      15000;20180403;   10;  16.9;   7.6;    3;   0.1;   4;    2.967;   0;   7.8;  10.1;  973.67;   11.6;   74.00;   15.9;    9.0;    7.7;eor
      15000;20180404;   10;  16.3;   7.0;    3;   0.4;   6;    2.817;   0;   6.5;   9.8;  973.66;   10.4;   77.58;   12.8;    5.9;    3.7;eor
      15000;20180405;   10;  17.9;   6.6;    3;   0.8;   6;    2.917;   0;   6.4;   7.6;  985.29;    6.2;   78.92;    9.1;    1.3;   -3.0;eor
      15000;20180406;   10;  11.8;   5.3;    3;   0.0;   0;   10.917;   0;   5.1;   6.3;  989.53;    8.8;   58.71;   15.9;    0.5;   -2.2;eor
      15000;20180407;   10;  11.3;   4.3;    3;   0.0;   0;   11.717;   0;   4.4;   8.9;  982.60;   15.5;   50.71;   21.8;    6.0;    2.2;eor
      15000;20180408;   10;   8.3;   2.8;    3;   0.0;   0;    5.433;   0;   6.2;  10.1;  979.79;   17.4;   51.33;   22.4;   11.7;    6.0;eor
      15000;20180409;   10;   7.7;   2.8;    3;   0.0;   0;    0.233;   0;   7.3;  12.2;  976.90;   13.2;   80.25;   16.3;    9.2;    6.8;eor
      15000;20180410;   10;  11.6;   3.8;    3;   3.8;   6;    1.617;   0;   7.6;  11.3;  976.13;   13.1;   75.33;   17.1;    8.9;    8.1;eor
      15000;20180411;   10;   7.0;   2.7;    3;   3.3;   6;    3.483;   0;   5.9;  10.8;  978.55;    9.8;   88.67;   13.0;    7.2;    4.6;eor
      15000;20180412;   10;   7.6;   3.1;    3;   0.0;   6;    2.250;   0;   6.0;  11.7;  973.70;   10.7;   90.42;   16.3;    4.7;    2.0;eor
      15000;20180413;   10;   8.0;   3.1;    3;   0.0;   0;    0.000;   0;   6.2;  10.4;  980.78;   11.1;   78.46;   14.1;    6.6;    0.3;eor
      15000;20180414;   10;   7.4;   2.8;    3;   3.3;   6;    7.117;   0;   5.9;  11.7;  989.28;   12.5;   80.67;   17.3;    7.6;    5.1;eor
      15000;20180415;   10;   8.1;   3.3;    3;   0.2;   6;    5.067;   0;   7.0;  12.2;  985.40;   13.2;   80.92;   17.3;    9.8;    7.1;eor
      15000;20180416;   10;   8.8;   3.4;    3;   0.0;   0;    9.067;   0;   4.0;  10.7;  988.39;   12.3;   75.63;   16.5;    8.2;    3.3;eor
      15000;20180417;   10;   7.1;   2.3;    3;   0.0;   0;   12.900;   0;   3.8;  10.8;  997.20;   14.3;   68.00;   20.9;    5.5;    1.3;eor
      15000;20180418;   10;   9.2;   3.1;    3;   0.0;   0;   13.017;   0;   2.5;  11.4; 1001.88;   17.6;   57.58;   23.5;    9.7;    3.4;eor
      15000;20180419;   10;  11.5;   4.2;    3;   0.0;   0;   13.217;   0;   3.3;  11.2;  998.43;   20.6;   47.04;   26.6;   13.2;    4.9;eor
      15000;20180420;   10;   6.6;   2.6;    3;   0.0;   0;   12.650;   0;   3.3;  13.3;  995.51;   20.7;   55.00;   25.9;   14.5;    7.5;eor
      15000;20180421;   10;   6.5;   2.3;    3;   0.0;   0;   11.733;   0;   3.0;  13.3;  992.95;   17.0;   69.63;   22.5;   10.9;    6.4;eor
      15000;20180422;   10;  19.0;   4.5;    3;   7.2;   8;    9.467;   0;   5.6;  14.0;  985.22;   19.7;   61.42;   25.4;   12.4;    9.1;eor
      15000;20180423;   10;  11.5;   5.5;    3;   0.0;   0;    7.617;   0;   6.6;  11.9;  988.23;   13.6;   76.42;   17.5;    8.1;    7.0;eor
      15000;20180424;   10;  11.6;   5.7;    3;   0.4;   6;    2.650;   0;   7.7;  11.0;  988.36;   11.5;   80.21;   15.5;    6.9;    6.0;eor
      15000;20180425;   10;  16.4;   7.1;    3;   1.1;   6;    4.183;   0;   5.5;  10.1;  984.23;   12.0;   71.50;   15.5;    6.7;    5.6;eor
      15000;20180426;   10;  15.1;   6.5;    3;   0.0;   6;    5.183;   0;   6.9;   8.1;  988.78;    9.0;   70.75;   13.9;    5.1;    2.4;eor
      15000;20180427;   10;  10.8;   3.7;    3;   0.0;   0;    9.217;   0;   7.3;   8.0;  983.38;   11.8;   59.46;   18.1;    4.4;    0.4;eor
      15000;20180428;   10;  10.7;   5.0;    3;   0.0;   6;    1.467;   0;   7.2;   9.3;  983.20;   12.2;   65.63;   16.0;    7.9;    5.5;eor
      15000;20180429;   10;-999;   3.2;    3;  63.3;   8;    4.067;   0;   6.5;  12.3;  978.23;   12.4;   84.04;   19.9;    5.2;    1.2;eor
      15000;20180430;   10;  21.4;-999;    3;   6.6;   8;    1.083;   0;   7.8;  10.2;  972.47;    9.4;   85.33;   12.2;    3.8;    3.6;eor
      15000;20180501;   10;  16.2;   6.5;    3;   0.0;   0;    6.433;-999;   7.0;   7.8;  983.28;    7.3;   77.67;   11.8;    3.8;    2.4;eor
      15000;20180502;   10;  10.4;   4.5;    3;   0.0;   6;   12.517;-999;   4.1;   8.2;  984.28;   10.9;   63.58;   16.7;    3.9;    2.2;eor
      15000;20180503;   10;   9.6;   3.1;    3;   0.0;   0;   10.333;-999;   6.3;   8.8;  989.94;   10.7;   69.88;   14.4;    7.2;    3.3;eor
      15000;20180504;   10;   9.0;   3.1;    3;   0.0;   0;   13.817;-999;   0.2;   8.5;  994.51;   11.9;   63.13;   17.5;    4.4;   -0.7;eor
      15000;20180505;   10;  10.5;   4.0;    3;   0.0;   0;   14.033;-999;   0.3;   9.9;  995.69;   13.8;   64.67;   20.9;    5.5;    0.8;eor
      15000;20180506;   10;  10.6;   4.4;    3;   0.0;   0;   14.117;-999;   0.1;  10.9;  994.20;   16.6;   59.88;   23.6;    7.3;    3.7;eor
      15000;20180507;   10;  10.8;   4.0;    3;   0.0;   0;   14.183;-999;   0.0;  11.4;  990.35;   17.5;   58.21;   23.1;   10.1;    7.8;eor
      15000;20180508;   10;   9.3;   4.1;    3;   0.0;   0;   14.150;-999;   0.4;  12.2;  983.08;   18.5;   59.13;   24.9;   10.6;    8.2;eor
      15000;20180509;   10;   8.4;   2.8;    3;   0.0;   6;   10.050;-999;   3.2;  12.6;  979.80;   18.9;   59.29;   25.3;   10.1;    6.0;eor
      15000;20180510;   10;  10.4;   4.7;    3;   0.1;   6;    0.483;-999;   7.3;  11.8;  985.73;   12.3;   82.13;   16.2;    8.5;    6.6;eor
      15000;20180511;   10;   7.5;   2.8;    3;   0.0;   0;    7.550;-999;   4.9;  10.7;  990.85;   12.6;   74.04;   19.1;    5.3;    1.1;eor
      15000;20180512;   10;  11.2;   3.5;    3;   3.6;   6;   12.050;-999;   8.0;  12.0;  986.00;   16.6;   64.92;   22.4;    9.3;    5.6;eor
      15000;20180513;   10;  13.3;   4.0;    3;   5.7;   6;    0.000;-999;   7.6;  13.6;  984.88;   12.5;   93.79;   15.8;   10.6;   10.4;eor
      15000;20180514;   10;   7.6;   3.1;    3;   0.1;   4;    4.067;-999;   6.1;  14.6;  984.95;   14.7;   88.13;   22.7;   10.0;   10.1;eor
      15000;20180515;   10;   8.9;   2.7;    3;   0.1;   6;   10.633;   0;   4.9;  12.2;  987.47;   16.5;   68.33;   22.0;   11.1;    8.7;eor
      15000;20180516;   10;   8.4;   2.7;    3;   6.9;   8;    4.500;   0;   6.1;  13.4;  989.25;   14.6;   80.50;   19.4;   10.7;    8.8;eor
      15000;20180517;   10;   8.6;   4.1;    3;   0.0;   0;   10.833;   0;   4.8;   9.5;  994.09;   11.1;   73.75;   16.6;    6.4;    4.4;eor
      15000;20180518;   10;   9.4;   2.8;    3;   0.0;   0;    8.333;   0;   7.3;   9.0;  994.72;   10.2;   73.00;   15.3;    6.6;    5.3;eor
      15000;20180519;   10;   6.2;   2.2;    3;   0.0;   0;    9.033;   0;   3.5;   9.2;  994.72;   10.1;   75.50;   14.6;    4.7;    1.3;eor
      15000;20180520;   10;  10.7;   2.7;    3;   0.0;   6;   11.283;   0;   2.5;  12.2;  993.35;   14.1;   77.17;   21.6;    5.6;    2.1;eor
      15000;20180521;   10;  12.6;   3.9;    3;   5.0;   6;    6.650;   0;   7.0;  13.8;  987.06;   16.5;   75.38;   23.1;   12.0;   10.6;eor
      15000;20180522;   10;   6.4;   2.1;    3;  13.5;   6;    5.467;   0;   6.5;  15.8;  985.76;   15.5;   90.29;   22.1;   10.6;    9.2;eor
      15000;20180523;   10;   9.2;   2.7;    3;   1.3;   6;    5.133;   0;   7.2;  16.0;  990.86;   16.6;   85.50;   21.3;   13.0;   11.1;eor
      15000;20180524;   10;   9.1;   3.2;    3;   0.0;   6;    8.417;   0;   5.5;  16.1;  990.39;   17.3;   81.38;   21.7;   12.1;    9.8;eor
      15000;20180525;   10;   6.3;   1.9;    3;   0.0;   6;   12.917;   0;   5.3;  16.9;  990.49;   19.2;   77.25;   25.1;   12.5;    9.4;eor
      15000;20180526;   10;   9.9;   3.9;    3;   0.0;   0;   14.083;   0;   5.2;  18.0;  991.65;   20.6;   75.00;   26.1;   14.0;   11.1;eor
      15000;20180527;   10;  16.6;   3.3;    3;  25.4;   8;    4.383;   0;   6.7;  18.3;  990.33;   19.5;   81.08;   25.9;   14.8;   12.7;eor
      15000;20180528;   10;   7.5;   2.6;    3;   0.0;   0;   10.583;   0;   6.4;  18.3;  989.71;   21.6;   71.42;   26.8;   14.7;   12.6;eor
      15000;20180529;   10;-999;-999;    3;  17.5;   8;    6.333;   0;   6.8;  20.1;  986.04;   19.7;   87.50;   24.9;   16.4;   13.8;eor
      15000;20180530;   10;   9.0;   2.0;    3;   3.2;   8;   10.267;   0;   3.5;  18.7;  986.70;   20.5;   77.88;   25.5;   15.2;   13.3;eor
      15000;20180531;   10;  12.6;   2.2;    3;  11.3;   6;    7.133;-999;   6.4;  18.9;  987.46;   20.4;   79.50;   26.2;   15.8;   14.8;eor
      15000;20180601;   10;  10.6;   4.1;    3;  11.6;   6;    0.000;-999;   7.6;  18.5;  989.85;   16.3;   99.25;   18.6;   15.3;   15.3;eor
      15000;20180602;   10;   7.8;   3.5;    3;   0.0;   6;    0.767;-999;   7.2;  16.8;  991.66;   16.1;   91.96;   18.6;   13.7;   11.8;eor
      15000;20180603;   10;   5.9;   2.1;    3;   0.0;   0;   11.183;-999;   3.7;  16.5;  990.82;   18.2;   79.92;   23.0;   12.0;    9.3;eor
      15000;20180604;   10;   7.7;   3.1;    3;   0.0;   6;   12.650;-999;   4.1;  17.7;  986.18;   19.3;   79.88;   24.7;   13.6;   10.2;eor
      15000;20180605;   10;   6.3;   2.9;    3;   0.0;   6;    3.550;-999;   5.2;  16.2;  986.21;   16.0;   89.46;   19.0;   12.6;   10.1;eor
      15000;20180606;   10;   8.2;   3.0;    3;   0.0;   0;   13.317;-999;   2.6;  16.4;  985.47;   20.1;   72.17;   26.4;   11.2;    8.9;eor
      15000;20180607;   10;  10.5;   3.1;    3;  13.8;   6;    4.817;-999;   7.6;  18.5;  987.60;   19.9;   79.75;   24.2;   16.2;   15.6;eor
      15000;20180608;   10;   6.0;   2.4;    3;   0.0;   6;    2.267;-999;   6.9;  19.7;  987.18;   18.8;   90.83;   21.8;   16.8;   15.0;eor
      15000;20180609;   10;   6.5;   2.1;    3;   0.0;   0;    3.683;-999;   6.8;  20.0;  986.20;   19.4;   88.96;   23.6;   16.4;   14.7;eor
      15000;20180610;   10;   5.6;   2.2;    3;   0.0;   0;    2.500;-999;   6.7;  18.6;  985.24;   18.9;   85.58;   22.7;   14.6;   13.3;eor
      15000;20180611;   10;   9.3;   3.3;    3;   1.4;   6;    2.733;-999;   6.9;  16.1;  984.45;   17.0;   84.04;   21.9;   14.2;   13.7;eor
      15000;20180612;   10;   7.5;   3.1;    3;   2.5;   6;    0.217;-999;   7.7;  14.6;  985.48;   14.3;   89.33;   15.9;   12.2;   11.7;eor
      15000;20180613;   10;   8.4;   2.7;    3;   0.0;   6;    0.500;-999;   7.7;  12.1;  989.28;   12.9;   82.21;   16.7;    9.3;    5.9;eor
      15000;20180614;   10;  10.4;   4.1;    3;   2.3;   6;    5.200;-999;   7.1;  13.5;  988.57;   14.6;   81.75;   19.9;    9.0;    5.7;eor
      15000;20180615;   10;   9.3;   2.7;    3;   0.0;   0;    9.917;-999;   6.7;  14.9;  989.14;   17.4;   77.17;   22.1;   13.8;   11.5;eor
      15000;20180616;   10;   9.3;   3.5;    3;   0.9;   6;    5.800;-999;   6.7;  15.0;  988.23;   17.0;   77.88;   22.4;   12.3;   10.7;eor
      15000;20180617;   10;  10.1;   4.3;    3;   0.0;   6;    0.517;-999;   7.1;  12.9;  991.01;   14.6;   77.38;   16.7;   11.2;    9.6;eor
      15000;20180618;   10;  10.8;   4.7;    3;   0.0;   6;    2.733;-999;   6.4;  15.4;  993.39;   17.1;   78.58;   21.0;   13.8;   12.8;eor
      15000;20180619;   10;   9.4;   3.5;    3;   0.0;   6;    0.067;-999;   6.9;  17.3;  996.53;   16.9;   89.13;   20.4;   13.1;   12.0;eor
      15000;20180620;   10;   7.2;   3.2;    3;   0.0;   6;   14.383;-999;  -999;  18.0;  993.65;   20.9;   74.08;   26.1;   15.9;   13.9;eor
      15000;20180621;   10;  13.7;   6.1;    3;   0.0;   6;    6.050;-999;   4.7;  12.3;  992.96;   14.4;   74.54;   17.4;    7.5;    6.4;eor
      15000;20180622;   10;  11.5;   5.3;    3;   0.0;   6;    5.000;-999;   4.8;  10.2;  998.75;   11.1;   77.92;   15.2;    7.1;    5.5;eor
      15000;20180623;   10;   7.7;   2.7;    3;   0.4;   6;    4.017;-999;   6.0;  11.3;  999.11;   11.9;   81.96;   16.9;    6.5;    4.9;eor
      15000;20180624;   10;   8.8;   2.8;    3;   0.7;   6;    2.083;-999;   7.8;  12.9;  995.66;   14.1;   81.63;   18.1;   10.8;    9.6;eor
      15000;20180625;   10;   7.2;   2.5;    3;   0.1;   6;    5.200;-999;   5.3;  13.8;  996.91;   15.7;   79.08;   20.7;   12.3;    9.9;eor
      15000;20180626;   10;   7.7;   2.6;    3;   0.0;   0;    9.617;-999;   4.0;  13.1;  997.45;   14.6;   80.88;   21.2;   10.0;    6.2;eor
      15000;20180627;   10;  10.5;   3.3;    3;   0.0;   0;   14.800;-999;   2.6;  13.5;  996.04;   18.5;   66.92;   26.2;    9.9;    5.9;eor
      15000;20180628;   10;  10.9;   3.8;    3;   0.0;   0;   14.833;-999;   1.4;  12.6;  994.28;   20.5;   55.25;   27.0;   11.6;    7.6;eor
      15000;20180629;   10;  10.4;   3.5;    3;   0.0;   0;   15.567;-999;   0.3;  13.4;  990.89;   21.4;   54.92;   27.6;   14.1;   10.7;eor
      15000;20180630;   10;  11.2;   3.7;    3;   0.0;   0;   15.450;-999;   0.3;  14.4;  987.51;   21.7;   57.96;   28.6;   12.5;    9.7;eor
      15000;20180701;   10;  11.8;   6.0;    3;   0.0;   6;   15.567;-999;   0.5;   9.2;  987.82;   20.5;   39.17;   26.6;   13.5;   11.1;eor
      15000;20180702;   10;  10.4;   4.8;    3;   0.0;   6;   15.550;-999;   0.0;   9.5;  988.03;   19.8;   43.50;   26.7;   11.0;    9.4;eor
      15000;20180703;   10;   5.6;   2.2;    3;   0.0;   6;   11.217;-999;   4.1;  11.2;  988.77;   21.4;   46.50;   28.5;   10.6;    7.2;eor
      15000;20180704;   10;   7.0;   2.1;    3;   0.0;   6;    5.567;-999;   7.4;  17.3;  986.96;   22.1;   64.17;   26.2;   15.6;   12.7;eor
      15000;20180705;   10;   8.0;   3.0;    3;   0.0;   0;    7.483;-999;   6.5;  16.3;  987.09;   20.6;   69.04;   25.8;   15.7;   13.4;eor
      15000;20180706;   10;   7.2;   2.2;    3;   0.0;   0;    8.583;-999;   4.8;  15.3;  993.00;   19.2;   71.04;   25.1;   11.9;    9.4;eor
      15000;20180707;   10;  10.6;   3.0;    3;   0.0;   0;   13.267;-999;   5.3;  13.6;  995.88;   20.4;   58.33;   25.4;   14.7;   10.9;eor
      15000;20180708;   10;   8.7;   3.3;    3;   0.0;   0;   15.150;-999;   1.2;  12.3;  996.73;   18.6;   58.42;   24.2;   12.5;    8.5;eor
      15000;20180709;   10;   8.1;   3.2;    3;   0.0;   6;    8.350;-999;   4.4;  14.3;  995.44;   18.1;   70.33;   23.6;   11.3;    7.8;eor
      15000;20180710;   10;  11.0;   5.3;    3;   0.3;   6;    0.433;-999;   7.5;  13.3;  991.10;   14.5;   80.75;   16.8;   11.8;    9.8;eor
      15000;20180711;   10;   9.2;   3.1;    3;   0.0;   6;    5.567;-999;   5.2;  12.9;  990.36;   16.1;   72.25;   21.9;    9.2;    7.6;eor
      15000;20180712;   10;   6.3;   2.6;    3;   0.0;   0;    4.433;-999;   6.0;  15.4;  991.51;   19.1;   71.33;   25.0;   15.0;   14.1;eor
      15000;20180713;   10;   6.7;   2.2;    3;   0.0;   0;   14.783;-999;   2.3;  14.4;  993.13;   20.2;   63.88;   26.3;   13.5;    9.1;eor
      15000;20180714;   10;   7.2;   2.2;    3;   0.0;   0;   14.450;-999;  -999;  14.3;  992.11;   20.5;   61.46;   26.7;   12.7;   10.0;eor
      15000;20180715;   10;   8.9;   3.1;    3;   0.0;   0;   13.850;-999;   1.0;  11.9;  989.05;   21.6;   48.96;   28.6;   13.6;    9.0;eor
      15000;20180716;   10;   7.5;   2.4;    3;   0.0;   6;   14.567;-999;   2.4;  10.9;  986.33;   22.9;   41.29;   29.1;   15.8;    9.5;eor
      15000;20180717;   10;  10.3;   4.2;    3;   0.0;   0;    9.600;-999;   5.5;  13.9;  988.45;   21.5;   55.17;   27.4;   15.0;    9.5;eor
      15000;20180718;   10;   7.9;   2.2;    3;   0.0;   0;   13.317;-999;   2.2;  12.0;  991.25;   20.0;   53.46;   25.8;   12.2;    7.5;eor
      15000;20180719;   10;   6.8;   2.3;    3;   0.0;   0;   14.050;-999;   1.3;  13.5;  990.49;   20.8;   57.58;   27.4;   12.8;   10.1;eor
      15000;20180720;   10;   6.8;   2.0;    3;   0.0;   6;    9.467;-999;   6.4;  12.8;  986.60;   21.2;   52.08;   27.5;   14.4;   10.8;eor
      15000;20180721;   10;   9.9;   2.6;    3;   0.0;   0;    9.650;-999;   4.2;  14.1;  984.80;   21.5;   56.13;   27.8;   15.2;   13.7;eor
      15000;20180722;   10;   7.3;   2.7;    3;   0.0;   0;   10.600;-999;  -999;  13.5;  988.26;   20.8;   56.42;   27.1;   13.7;   13.2;eor
      15000;20180723;   10;   6.5;   2.1;    3;   0.0;   0;    3.433;-999;   5.2;  16.5;  990.15;   22.6;   61.33;   28.2;   15.8;   13.1;eor
      15000;20180724;   10;   6.7;   1.9;    3;   0.0;   0;   11.267;-999;   2.4;  16.5;  987.65;   25.4;   52.83;   31.3;   18.0;   14.2;eor
      15000;20180725;   10;  14.2;   2.5;    3;   8.0;   8;   10.350;-999;   3.1;  18.0;  988.17;   25.5;   58.04;   33.3;   18.7;   14.9;eor
      15000;20180726;   10;  10.0;   2.5;    3;   0.4;   6;    6.983;-999;   4.5;  18.9;  987.31;   26.0;   58.83;   33.8;   18.3;   16.8;eor
      15000;20180727;   10;  10.2;   4.0;    3;   0.1;   6;   13.833;-999;   4.5;  13.5;  984.18;   28.6;   36.75;   35.1;   21.1;   17.1;eor
      15000;20180728;   10;  14.1;   4.2;    3;   0.0;   6;    7.550;-999;   5.8;  16.8;  982.73;   22.4;   61.96;   27.4;   17.4;   13.4;eor
      15000;20180729;   10;  11.9;   4.5;    3;   0.0;   0;    4.117;-999;   7.6;  12.6;  986.17;   22.6;   47.13;   29.9;   14.8;   12.1;eor
      15000;20180730;   10;  12.2;   3.2;    3;   0.0;   6;   11.950;-999;   5.7;  15.7;  988.05;   25.3;   50.42;   32.0;   19.2;   17.2;eor
      15000;20180731;   10;  10.5;   3.8;    3;   0.0;   0;   11.917;-999;   5.8;  17.1;  990.17;   23.9;   59.67;   29.1;   18.1;   15.0;eor
      15000;20180801;   10;   6.2;   2.1;    3;   0.0;   0;    7.800;-999;   5.7;  15.9;  993.41;   22.6;   59.46;   28.7;   15.8;   12.8;eor
      15000;20180802;   10;   7.5;   2.3;    3;   0.0;   0;   13.933;-999;   1.5;  16.5;  995.05;   24.5;   56.42;   31.1;   17.0;   14.5;eor
      15000;20180803;   10;   9.3;   2.4;    3;   0.0;   0;   12.767;-999;   1.0;  16.9;  993.75;   26.1;   52.71;   33.5;   17.0;   14.4;eor
      15000;20180804;   10;  11.2;   3.1;    3;   0.0;   0;   10.383;-999;   5.5;  17.0;  992.59;   24.8;   56.25;   31.2;   18.6;   16.6;eor
      15000;20180805;   10;   8.3;   3.3;    3;   0.0;   0;    9.400;-999;   3.6;  15.7;  994.53;   21.4;   64.50;   26.9;   16.2;   12.3;eor
      15000;20180806;   10;   7.2;   2.4;    3;   0.0;   0;   14.267;-999;   2.0;  13.6;  988.38;   25.1;   45.92;   32.8;   14.3;   11.6;eor
      15000;20180807;   10;   9.7;   2.7;    3;   7.0;   8;   12.517;-999;   2.1;  12.8;  982.71;   27.9;   35.79;   35.0;   20.0;   14.5;eor
      15000;20180808;   10;-999;-999;    3;   0.0;   0;    3.650;-999;   7.0;  17.4;  985.41;   20.6;   71.88;   26.6;   15.3;   12.1;eor
      15000;20180809;   10;-999;-999;    3;   6.5;   4;    3.683;-999;   6.3;  17.2;  984.90;   18.7;   79.04;   24.4;   13.7;   11.6;eor
      15000;20180810;   10;  13.4;-999;    3;   0.2;   6;   10.067;-999;   4.5;  11.7;  993.79;   17.1;   62.46;   22.1;   12.4;   11.6;eor
      15000;20180811;   10;  11.0;   4.3;    3;   0.0;   0;   10.583;-999;   6.2;  11.3;  994.81;   16.5;   62.08;   21.5;   12.2;    8.7;eor
      15000;20180812;   10;   8.6;   3.7;    3;   3.1;   6;   11.417;-999;   6.3;  10.8;  987.75;   20.2;   47.46;   27.3;   11.5;    8.1;eor
      15000;20180813;   10;  14.9;   5.5;    3;   8.1;   8;    4.083;-999;   6.5;  16.3;  980.82;   18.4;   78.00;   22.7;   15.7;   14.7;eor
      15000;20180814;   10;  11.1;   4.5;    3;   0.5;   6;    0.183;-999;   7.4;  17.6;  987.96;   17.3;   88.67;   20.3;   15.1;   13.5;eor
      15000;20180815;   10;   9.2;   4.4;    3;   0.0;   0;    3.717;-999;   5.8;  16.6;  992.21;   17.9;   81.42;   22.9;   14.0;   12.9;eor
      15000;20180816;   10;   7.1;   3.0;    3;  11.9;   6;   11.750;-999;   4.8;  16.3;  988.93;   20.2;   70.75;   27.3;   13.7;   10.7;eor
      15000;20180817;   10;   8.4;   2.7;    3;   1.3;   6;    4.000;-999;   6.7;  15.9;  991.13;   17.4;   81.29;   21.7;   13.9;   11.5;eor
      15000;20180818;   10;   8.0;   3.2;    3;   0.0;   0;   13.017;-999;  -999;  13.9;  995.15;   17.3;   71.88;   23.1;   11.9;    8.8;eor
      15000;20180819;   10;  10.0;   4.3;    3;   0.0;   0;    9.583;-999;   3.3;  15.9;  993.69;   19.2;   72.50;   25.3;   13.6;   12.2;eor
      15000;20180820;   10;   7.9;   3.1;    3;   0.1;   6;    0.017;   0;   7.8;  19.2;  992.85;   19.4;   85.67;   22.2;   17.3;   17.0;eor
      15000;20180821;   10;   5.3;   1.4;    3;   0.0;   6;    5.183;   0;   7.0;  17.6;  992.83;   21.1;   71.79;   25.8;   17.7;   15.1;eor
      15000;20180822;   10;   7.7;   2.7;    3;   0.0;   0;   12.033;   0;   3.4;  16.9;  990.06;   21.2;   68.00;   26.6;   16.2;   13.5;eor
      15000;20180823;   10;  11.0;   3.8;    3;   1.1;   6;   11.833;   0;   3.0;  17.0;  986.32;   19.9;   73.88;   24.4;   15.1;   11.1;eor
      15000;20180824;   10;  12.7;   5.7;    3;   7.0;   6;    3.183;   0;   7.0;  11.5;  985.31;   16.0;   64.21;   19.7;   13.2;   12.6;eor
      15000;20180825;   10;  13.2;   5.7;    3;   0.8;   6;    3.433;   0;   6.5;  10.6;  985.32;   12.4;   74.54;   16.7;    9.3;    7.3;eor
      15000;20180826;   10;  14.3;   4.7;    3;   2.5;   6;    7.283;   0;   5.6;   9.4;  987.80;   14.2;   60.54;   19.4;    8.1;    6.8;eor
      15000;20180827;   10;  16.2;   7.5;    3;   0.0;   6;    3.133;   0;   7.1;  13.3;  985.53;   16.2;   72.46;   20.7;   12.6;   11.4;eor
      15000;20180828;   10;   6.0;   2.4;    3;   0.0;   0;    7.533;   0;   3.9;  12.3;  991.02;   17.4;   63.58;   23.6;   11.8;    8.0;eor
      15000;20180829;   10;  13.1;   3.3;    3;   1.1;   6;    4.317;   0;   6.7;  15.1;  986.12;   18.4;   71.79;   23.9;   13.3;   10.1;eor
      15000;20180830;   10;  10.2;   3.8;    3;   0.0;   6;    6.267;   0;   7.1;  12.2;  993.57;   15.4;   71.21;   19.4;   11.3;    8.9;eor
      15000;20180831;   10;   9.1;   2.4;    3;   0.0;   0;    7.467;   0;   6.2;  10.2;  995.38;   14.1;   65.00;   19.3;   10.0;    5.6;eor
      15000;20180901;   10;   9.4;   2.5;    3;   0.0;   0;   11.617;   0;   0.7;   9.3;  998.33;   14.6;   58.88;   20.1;    8.1;    3.3;eor
      15000;20180902;   10;  12.0;   3.7;    3;   0.0;   0;    8.067;   0;   1.7;  10.8;  996.09;   16.8;   57.83;   22.8;    9.0;    4.4;eor
      15000;20180903;   10;   5.2;   1.9;    3;   2.8;   6;    0.217;   0;   7.3;  14.3;  990.70;   17.4;   71.46;   20.1;   13.7;   10.9;eor
      15000;20180904;   10;   8.8;   1.8;    3;   0.0;   6;    3.650;   0;   7.0;  17.4;  989.45;   19.2;   79.71;   24.2;   14.7;   13.0;eor
      15000;20180905;   10;   6.0;   1.9;    3;   3.7;   6;    2.883;-999;   6.8;  17.2;  989.23;   20.0;   75.08;   25.5;   16.4;   12.9;eor
      15000;20180906;   10;  10.3;   2.6;    3;   0.3;   6;    0.967;-999;   6.9;  17.1;  985.92;   16.6;   90.63;   20.2;   12.5;   11.0;eor
      15000;20180907;   10;  11.3;   4.4;    3;   0.9;   6;    3.867;-999;   5.0;  11.8;  987.46;   13.6;   76.29;   17.4;    9.7;    7.4;eor
      15000;20180908;   10;  10.8;   4.2;    3;   0.0;   0;    7.250;-999;   5.6;  10.4;  992.47;   14.1;   65.79;   19.9;    9.3;    7.9;eor
      15000;20180909;   10;   8.8;   3.5;    3;   0.0;   0;    7.083;-999;   7.3;  11.4;  993.22;   18.2;   55.58;   23.3;   12.7;    9.3;eor
      15000;20180910;   10;  12.5;   4.2;    3;   0.0;   0;    4.200;-999;   7.8;  13.1;  994.71;   17.9;   64.38;   22.3;   14.6;   13.4;eor
      15000;20180911;   10;  13.0;   6.1;    3;   0.0;   0;   11.500;-999;  -999;  13.2;  994.89;   19.5;   60.17;   26.1;   14.0;   13.1;eor
      15000;20180912;   10;  10.4;   4.2;    3;   2.5;   6;    7.800;-999;   4.2;  14.5;  993.64;   17.3;   73.63;   23.8;   13.4;   13.2;eor
      15000;20180913;   10;   6.1;   2.3;    3;   1.3;   6;    0.167;-999;   6.6;  13.5;  993.50;   13.9;   85.38;   16.6;   11.4;    7.3;eor
      15000;20180914;   10;   9.0;   2.9;    3;   0.0;   0;    8.500;-999;   3.6;  10.3;  993.53;   13.9;   66.33;   19.3;    8.7;    4.1;eor
      15000;20180915;   10;  10.4;   3.6;    3;   0.0;   0;    5.250;-999;   6.8;  11.1;  996.57;   14.4;   68.63;   19.7;   10.5;    7.7;eor
      15000;20180916;   10;   6.8;   2.6;    3;   0.0;   0;    9.000;-999;   6.5;  10.5;  994.40;   16.8;   56.58;   23.7;    9.9;    6.0;eor
      15000;20180917;   10;   9.0;   2.8;    3;   0.0;   0;   11.300;-999;   6.9;   9.9;  990.92;   19.3;   47.04;   25.9;   11.8;    7.1;eor
      15000;20180918;   10;  14.1;   6.4;    3;   0.0;   0;   11.317;-999;   2.0;  12.6;  986.62;   23.4;   45.04;   30.1;   15.8;   12.1;eor
      15000;20180919;   10;  15.3;   5.5;    3;   0.0;   0;    9.700;-999;   5.1;  14.7;  990.42;   20.5;   62.38;   26.8;   14.2;   11.2;eor
      15000;20180920;   10;  15.5;   6.4;    3;   0.0;   0;    9.167;-999;   7.0;  13.3;  988.55;   20.4;   56.21;   25.4;   16.3;   14.8;eor
      15000;20180921;   10;  21.9;   8.9;    3;   3.3;   6;    3.233;-999;   5.3;  11.2;  982.96;   16.0;   61.17;   20.9;   11.2;   10.1;eor
      15000;20180922;   10;  13.4;   4.7;    3;  12.1;   8;    2.283;-999;   7.5;  10.5;  992.15;   10.9;   80.96;   15.6;    9.2;    8.4;eor
      15000;20180923;   10;  12.4;   3.8;    3;  19.5;   6;    0.000;-999;   7.5;  11.7;  986.38;   10.0;   94.67;   12.4;    7.4;    7.1;eor
      15000;20180924;   10;  10.8;   3.4;    3;   1.7;   6;    4.817;-999;   3.6;   9.3; 1005.37;    8.6;   83.54;   14.4;    5.7;    2.2;eor
      15000;20180925;   10;   6.2;   2.4;    3;   0.0;   0;    9.783;-999;   3.4;   8.2; 1009.66;    9.3;   71.04;   13.9;    3.7;    0.3;eor
      15000;20180926;   10;   5.3;   2.0;    3;   0.0;   0;    9.100;-999;   3.8;   7.5; 1005.66;   11.9;   56.33;   18.9;    5.1;    1.0;eor
      15000;20180927;   10;   6.9;   2.7;    3;   0.0;   0;   11.067;-999;   0.0;   9.1;  999.32;   15.4;   52.88;   22.3;    8.3;    3.5;eor
      15000;20180928;   10;   7.3;   2.8;    3;   1.4;   6;    0.700;-999;   4.1;   9.9;  998.07;   10.6;   77.38;   12.9;    6.0;    1.7;eor
      15000;20180929;   10;   9.0;   3.6;    3;   0.0;   0;   10.850;-999;   6.2;   7.6;  999.24;    8.3;   71.29;   13.8;    3.1;   -0.9;eor
      15000;20180930;   10;   7.4;   2.4;    3;   0.0;   6;   10.383;-999;   2.2;   7.5;  990.08;   10.7;   58.67;   15.9;    5.5;   -0.9;eor
      15000;20181001;   10;  17.2;   4.4;    3;   4.5;   6;    3.200;-999;   7.0;   9.2;  991.95;    8.7;   82.21;   11.9;    6.0;    5.2;eor
      15000;20181002;   10;  14.9;   6.5;    3;   1.1;   6;    0.050;   0;   7.5;  10.8;  991.94;    9.7;   87.83;   13.1;    6.5;    6.1;eor
      15000;20181003;   10;  10.2;   4.5;    3;   0.0;   0;    5.900;   0;   5.0;  10.5;  997.48;   11.6;   77.63;   15.3;    7.4;    5.2;eor
      15000;20181004;   10;   6.6;   2.7;    3;   0.0;   0;    3.717;   0;   4.7;  10.9;  998.45;   12.5;   75.46;   17.3;    7.4;    5.4;eor
      15000;20181005;   10;   7.5;   2.6;    3;   0.0;   0;   10.567;   0;   1.4;  11.2;  990.40;   15.6;   64.54;   22.0;    8.9;    4.0;eor
      15000;20181006;   10;  11.4;   4.6;    3;  13.4;   6;   10.100;   0;   3.2;  12.2;  982.13;   18.1;   59.33;   24.1;   13.2;   11.5;eor
      15000;20181007;   10;   9.1;   3.4;    3;   0.7;   6;    3.733;   0;   7.1;  10.8;  990.45;   11.2;   80.75;   13.8;    6.5;    3.8;eor
      15000;20181008;   10;   3.7;   1.4;    3;   0.0;   0;    9.900;   0;   7.1;   9.1;  994.27;   10.3;   73.54;   15.3;    4.6;    1.1;eor
      15000;20181009;   10;   4.1;   1.7;    3;   0.0;   0;    9.467;   0;   6.9;  12.2;  993.66;   13.7;   77.25;   20.2;    7.7;    3.3;eor
      15000;20181010;   10;  10.5;   4.6;    3;   0.0;   0;   10.233;   0;   0.1;  13.2;  988.58;   16.1;   73.00;   21.3;   10.0;    6.8;eor
      15000;20181011;   10;  12.3;   5.1;    3;   0.0;   0;    4.517;   0;   4.5;  13.1;  984.98;   18.8;   60.67;   22.8;   14.5;    9.6;eor
      15000;20181012;   10;  12.2;   6.1;    3;   0.0;   0;    8.217;   0;   6.0;  14.4;  991.38;   19.7;   63.17;   24.0;   15.8;   14.3;eor
      15000;20181013;   10;  13.0;   5.4;    3;   0.0;   0;    9.933;   0;   3.3;  13.6;  990.35;   21.0;   55.38;   26.5;   16.6;   11.5;eor
      15000;20181014;   10;  15.7;   5.4;    3;   0.0;   0;    7.383;   0;   4.5;  11.7;  982.76;   19.4;   52.88;   24.5;   15.4;   11.6;eor
      15000;20181015;   10;   9.7;   4.0;    3;   0.0;   0;    7.633;   0;   3.8;  10.6;  985.68;   19.2;   47.92;   23.7;   13.6;    7.6;eor
      15000;20181016;   10;   6.7;   2.5;    3;   0.0;   0;    6.983;   0;   4.6;  11.1;  990.89;   17.9;   54.67;   24.0;   12.1;    7.0;eor
      15000;20181017;   10;   7.8;   2.7;    3;   0.0;   0;    8.233;   0;   6.9;  12.2;  991.82;   16.2;   67.00;   20.4;   11.5;    8.0;eor
      15000;20181018;   10;   8.9;   3.2;    3;   0.0;   0;    2.617;   0;   6.9;  12.9;  995.48;   12.9;   86.83;   16.5;   11.3;    9.6;eor
      15000;20181019;   10;   6.3;   3.0;    3;   0.0;   0;    6.300;   0;   4.8;  11.6;  996.73;   12.2;   82.08;   15.2;    7.6;    3.0;eor
      15000;20181020;   10;   4.4;   1.5;    3;   0.0;   0;    7.100;   0;   4.7;   9.3; 1002.09;    9.0;   82.17;   13.4;    3.2;    0.0;eor
      15000;20181021;   10;   4.1;   1.7;    3;   0.0;   6;    9.417;   0;   2.7;   8.7; 1000.22;   10.3;   70.92;   15.6;    4.9;    0.2;eor
      15000;20181022;   10;  10.2;   2.6;    3;   1.8;   6;    1.200;   0;   6.5;   9.6; 1002.84;   10.2;   77.67;   13.5;    4.7;    1.7;eor
      15000;20181023;   10;  15.8;   6.8;    3;   0.1;   6;    1.950;   0;   6.8;   9.2;  999.06;    9.0;   79.67;   12.0;    4.4;    1.5;eor
      15000;20181024;   10;  12.3;   5.8;    3;   2.8;   6;    0.017;   0;   7.8;  13.4;  996.81;   12.3;   93.25;   14.1;   10.8;   10.8;eor
      15000;20181025;   10;  10.0;   4.3;    3;   0.0;   6;    0.017;   0;   7.8;  10.9;  992.01;   10.8;   83.58;   11.9;    9.1;    8.9;eor
      15000;20181026;   10;  12.6;   5.0;    3;   4.4;   6;    0.033;   0;   7.8;   9.2;  981.77;    8.1;   84.96;    9.9;    4.8;    4.1;eor
      15000;20181027;   10;   7.9;   3.3;    3;   0.0;   6;    2.983;   0;   6.5;   7.7;  981.26;    5.0;   87.67;    8.1;    2.9;   -1.0;eor
      15000;20181028;   10;  11.9;   5.1;    3;   0.0;   6;    0.917;   0;   7.6;   6.5;  985.23;    3.5;   82.58;    4.9;    1.6;    0.9;eor
      15000;20181029;   10;  12.8;   5.1;    3;  11.3;   6;    0.000;   0;   7.9;   7.0;  974.07;    3.9;   86.83;    4.8;    3.2;    3.0;eor
      15000;20181030;   10;  22.1;   7.5;    3;   8.7;   8;    0.017;   0;   7.6;   7.8;  964.11;    5.0;   88.58;    7.7;    2.2;    1.9;eor
      15000;20181031;   10;  13.9;   4.6;    3;   0.0;   6;    0.000;   0;   6.1;   8.4;  984.05;    7.3;   81.29;   11.2;    3.1;    0.1;eor
      15000;20181101;   10;  12.5;   4.2;    3;   3.0;   6;    0.000;   0;   7.9;   9.2;  982.53;    9.0;   79.83;   11.8;    5.1;    3.5;eor
      15000;20181102;   10;  12.6;   4.1;    3;   0.0;   0;    4.350;   0;   4.6;   8.0;  994.39;    7.1;   78.79;    9.6;    2.3;   -1.8;eor
      15000;20181103;   10;   5.4;   2.7;    3;   0.0;   0;    7.800;   0;   5.4;   6.8;  999.11;    4.5;   80.58;    9.3;    1.2;   -2.9;eor
      15000;20181104;   10;   5.0;   2.4;    3;   0.0;   0;    8.517;   0;   1.9;   8.5;  987.65;    7.3;   83.42;   14.3;    1.5;   -1.9;eor
      15000;20181105;   10;   5.6;   2.1;    3;   0.0;   6;    7.350;   0;   6.8;   9.3;  980.24;    8.7;   83.13;   13.9;    3.4;    1.8;eor
      15000;20181106;   10;  10.4;   3.2;    3;   0.0;   0;    5.483;   0;   7.9;  10.5;  978.97;   13.7;   67.13;   17.4;    9.3;    6.4;eor
      15000;20181107;   10;  12.2;   5.6;    3;   0.6;   6;    1.717;   0;   7.0;   9.9;  981.13;   11.2;   74.08;   13.6;    9.5;    8.0;eor
      15000;20181108;   10;  10.0;   3.7;    3;   0.0;   6;    7.717;   0;   7.0;   9.3;  991.07;    9.3;   79.71;   13.3;    5.0;    1.1;eor
      15000;20181109;   10;  11.9;   4.1;    3;   0.6;   6;    2.617;   0;   7.5;   9.8;  984.42;   10.8;   75.75;   14.1;    5.7;    4.0;eor
      15000;20181110;   10;  15.5;   7.3;    3;   0.9;   6;    0.000;   0;   7.9;  11.5;  975.81;   12.5;   78.83;   13.9;   11.2;   10.0;eor
      15000;20181111;   10;  16.3;   7.6;    3;   6.7;   6;    1.883;   0;   7.1;  10.6;  979.46;   11.3;   78.88;   13.1;   10.2;    9.0;eor
      15000;20181112;   10;   9.3;   3.8;    3;   0.5;   6;    1.150;   0;   7.9;  11.5;  986.44;   10.4;   91.33;   12.5;    9.0;    8.3;eor
      15000;20181113;   10;  16.3;   6.3;    3;   0.0;   6;    2.683;   0;   5.2;   9.6;  996.27;    9.7;   79.96;   11.9;    7.8;    6.5;eor
      15000;20181114;   10;   7.2;   3.1;    3;   0.0;   0;    8.050;   0;   7.0;   8.8;  999.50;    8.4;   80.00;   13.5;    4.2;    0.2;eor
      15000;20181115;   10;   4.8;   2.7;    3;   0.0;   0;    8.000;   0;   3.3;   7.8;  996.75;    5.8;   84.71;   11.8;    0.4;   -2.4;eor
      15000;20181116;   10;   7.5;   2.8;    3;   0.0;   0;    7.917;   0;   0.0;   6.7;  998.59;    3.7;   83.79;   10.1;   -0.5;   -4.2;eor
      15000;20181117;   10;  12.0;   5.8;    3;   0.0;   0;    7.900;   0;   0.2;   5.8; 1000.17;    3.7;   73.63;    7.8;    0.3;   -4.5;eor
      15000;20181118;   10;   9.4;   5.2;    3;   0.0;   0;    7.150;   0;   1.3;   4.7;  998.35;    1.4;   69.21;    5.1;   -1.5;   -3.2;eor
      15000;20181119;   10;  15.1;   6.2;    3;   0.0;   8;    0.233;   0;   6.5;   5.8;  988.93;    2.3;   80.50;    5.1;   -1.7;   -3.5;eor
      15000;20181120;   10;  15.7;   7.9;    3;   0.0;   6;    0.233;   0;   6.5;   5.2;  979.56;    2.0;   72.75;    3.6;    0.5;   -1.2;eor
      15000;20181121;   10;   9.2;   3.6;    3;   0.0;   0;    0.867;   0;   7.8;   6.0;  986.48;    2.1;   84.00;    4.5;   -0.9;   -2.9;eor
      15000;20181122;   10;   4.8;   1.9;    3;   0.0;   0;    6.417;   0;   4.3;   5.8;  990.20;    1.6;   84.21;    5.6;   -2.5;   -6.1;eor
      15000;20181123;   10;   5.8;   3.1;    3;   0.0;   6;    6.767;   0;   3.8;   7.0;  987.93;    4.4;   83.71;   10.6;   -0.3;   -3.5;eor
      15000;20181124;   10;   6.0;   2.8;    3;   6.9;   6;    0.000;   0;   7.9;   7.5;  982.42;    3.6;   94.25;    5.7;    1.1;    0.1;eor
      15000;20181125;   10;   6.9;   3.0;    3;   0.4;   4;    0.000;   0;   8.0;   7.7;  981.82;    3.2;   99.54;    4.7;    2.7;    3.0;eor
      15000;20181126;   10;   5.3;   2.9;    3;   0.4;   6;    0.000;   0;   7.9;   7.8;  983.07;    3.9;   97.17;    4.8;    2.6;    2.6;eor
      15000;20181127;   10;   8.4;   2.1;    3;   0.0;   6;    0.000;   0;   6.7;   6.9;  990.56;    2.7;   93.29;    4.2;    1.6;   -1.0;eor
      15000;20181128;   10;  13.3;   6.3;    3;   1.1;   6;    0.000;   0;   8.0;   7.7;  989.65;    6.3;   79.88;    9.0;    3.1;    1.3;eor
      15000;20181129;   10;  16.3;   7.1;    3;   0.2;   6;    0.000;   0;   7.8;   8.8;  984.67;    9.9;   72.08;   11.4;    8.7;    8.1;eor
      15000;20181130;   10;  10.8;   6.0;    3;   0.0;   6;    1.233;   0;   6.3;   9.4;  983.92;    9.1;   80.96;   10.8;    6.7;    5.5;eor
      15000;20181201;   10;  17.7;   7.4;    3;   8.4;   6;    0.883;   0;   6.8;   8.5;  983.53;    7.5;   81.92;    9.5;    5.8;    4.7;eor
      15000;20181202;   10;  16.8;   8.2;    3;  23.9;   6;    0.000;   0;   7.8;  12.1;  974.08;   11.4;   89.29;   13.4;    8.6;    8.2;eor
      15000;20181203;   10;  17.1;   7.7;    3;   6.0;   6;    0.167;   0;   7.0;  12.1;  974.68;   11.5;   88.96;   12.5;    8.9;    8.5;eor
      15000;20181204;   10;  11.8;   3.5;    3;   0.1;   6;    2.983;   0;   6.8;   8.1;  991.75;    5.6;   89.08;    8.9;    1.3;   -1.8;eor
      15000;20181205;   10;  14.2;   4.6;    3;   0.5;   6;    0.917;   0;   7.7;   7.7;  992.79;    6.6;   79.00;    9.8;    1.2;   -0.9;eor
      15000;20181206;   10;  13.7;   6.9;    3;   0.3;   6;    0.000;   0;   7.6;  11.4;  988.35;   10.5;   89.42;   11.5;    8.6;    8.0;eor
      15000;20181207;   10;  24.6;   9.7;    3;   7.8;   6;    0.550;   0;   7.1;  10.2;  979.88;    9.4;   85.88;   12.0;    5.5;    4.4;eor
      15000;20181208;   10;  22.2;  11.1;    3;   7.6;   6;    0.000;   0;   7.6;   8.6;  976.08;    7.4;   83.04;    9.7;    5.3;    4.5;eor
      15000;20181209;   10;  21.3;   9.6;    3;  13.3;   8;    0.000;   0;   7.6;   8.5;  976.39;    6.7;   86.67;    8.6;    2.6;    2.0;eor
      15000;20181210;   10;  13.7;   6.1;    3;   2.6;   6;    0.683;   0;   6.3;   7.2;  993.89;    3.7;   89.79;    6.1;    1.9;    0.8;eor
      15000;20181211;   10;   8.0;   3.5;    3;   0.4;   6;    1.500;   0;   7.1;   6.8;  996.19;    3.0;   88.75;    5.3;    1.2;   -1.5;eor
      15000;20181212;   10;   6.0;   2.3;    3;   0.0;   0;    0.150;   0;   4.8;   6.1;  996.05;    1.1;   92.92;    2.7;   -0.4;   -4.2;eor
      15000;20181213;   10;  13.0;   5.3;    3;   0.0;   0;    6.050;   0;   2.7;   4.8;  991.57;   -0.3;   80.88;    0.9;   -1.6;   -4.6;eor
      15000;20181214;   10;  10.5;   4.3;    3;   0.0;   0;    0.050;   0;   7.7;   4.0;  993.73;   -0.3;   67.54;    0.5;   -0.9;   -2.4;eor
      15000;20181215;   10;   9.3;   4.2;    3;   3.2;   8;    1.500;   0;   7.5;   3.8;  993.11;   -0.9;   65.58;    0.3;   -2.0;   -3.8;eor
      15000;20181216;   10;  11.6;   5.1;    3;   0.9;   6;    0.217;   1;   6.8;   6.2;  983.10;    1.7;   88.67;    4.3;   -1.4;   -1.4;eor
      15000;20181217;   10;  12.7;   6.5;    3;   1.0;   6;    0.733;   0;   6.0;   7.7;  990.71;    5.2;   86.58;    7.3;    3.5;    1.7;eor
      15000;20181218;   10;  15.3;   5.1;    3;   0.0;   6;    5.150;   0;   5.9;   6.8;  991.26;    5.9;   73.42;    8.1;    4.0;    0.6;eor
      15000;20181219;   10;  13.6;   6.6;    3;   0.9;   6;    2.317;   0;   7.1;   8.1;  983.58;    7.4;   78.58;    9.0;    6.2;    4.9;eor
      15000;20181220;   10;  15.1;   7.5;    3;   5.0;   6;    0.033;   0;   7.6;   8.3;  984.07;    6.8;   83.79;    7.5;    5.9;    4.9;eor
      15000;20181221;   10;  23.6;  11.3;    3;   7.5;   6;    0.017;   0;   7.8;   9.9;  977.84;    9.9;   80.25;   13.1;    7.3;    6.5;eor
      15000;20181222;   10;  20.6;   8.4;    3;   3.2;   6;    0.567;   0;   7.4;   9.6;  986.66;    8.8;   84.71;   10.2;    6.8;    5.9;eor
      15000;20181223;   10;  15.0;   6.5;    3;  22.0;   6;    0.000;   0;   7.5;  10.2;  990.00;    8.2;   92.71;   10.9;    5.3;    5.1;eor
      15000;20181224;   10;   9.9;   2.9;    3;   0.0;   6;    1.333;   0;   5.6;   7.2; 1001.21;    4.0;   87.96;    6.2;    0.5;   -4.3;eor
      15000;20181225;   10;   5.9;   2.7;    3;   0.0;   0;    3.867;   0;   4.7;   5.6; 1007.10;    1.4;   83.25;    4.0;   -2.3;   -5.1;eor
      15000;20181226;   10;   5.5;   2.3;    3;   0.0;   0;    6.317;   0;   7.4;   4.7; 1003.57;    0.9;   72.08;    4.7;   -2.4;   -5.5;eor
      15000;20181227;   10;   5.5;   1.6;    3;   0.0;   0;    1.600;   0;   8.0;   4.9;  998.52;    4.2;   59.83;    7.1;    1.2;   -4.0;eor
      15000;20181228;   10;   6.9;   3.1;    3;   0.1;   6;    6.050;   0;   4.0;   5.5; 1000.99;    1.4;   81.67;    3.5;   -1.5;   -3.8;eor
      15000;20181229;   10;  15.1;   6.2;    3;   1.1;   6;    0.000;   0;   7.7;   7.8; 1002.90;    4.3;   93.17;    7.4;    2.1;    2.1;eor
      15000;20181230;   10;  10.7;   5.0;    3;   6.5;   6;    0.183;   0;   7.7;   8.6; 1004.89;    6.2;   90.67;    7.3;    4.6;    3.8;eor
      15000;20181231;   10;   8.0;   3.6;    3;   0.9;   6;    0.000;   0;   7.8;  10.3; 1005.48;    7.6;   98.42;    8.1;    6.8;    6.6;eor
      15000;20190101;   10;  12.8;   6.7;    3;   2.7;   6;    0.000;   0;   7.5;   8.3; 1002.38;    5.5;   91.04;    6.8;    3.4;    3.0;eor
      15000;20190102;   10;   9.7;   4.1;    3;   0.0;   6;    0.367;   0;   5.2;   5.8; 1007.65;    2.3;   81.04;    4.5;   -0.3;   -3.3;eor
      15000;20190103;   10;   6.4;   2.6;    3;   0.4;   8;    0.017;   0;   7.5;   6.4; 1010.30;    2.1;   89.92;    3.5;    0.1;   -2.6;eor
      15000;20190104;   10;   9.9;   4.0;    3;   1.7;   8;    0.000;   0;   7.8;   6.6; 1008.82;    1.7;   95.71;    2.9;    0.6;    0.1;eor
      15000;20190105;   10;  11.5;   6.0;    3;   2.8;   6;    0.000;   0;   7.6;   8.0; 1004.15;    4.2;   96.83;    5.1;    2.1;    2.1;eor
      15000;20190106;   10;   8.7;   3.9;    3;   0.0;   6;    0.000;   0;   7.8;   7.5; 1005.13;    3.4;   96.67;    4.1;    2.6;    2.0;eor
      15000;20190107;   10;  16.1;   5.1;    3;   9.3;   6;    0.000;   0;   7.8;   8.0; 1002.45;    4.3;   95.54;    7.3;    2.4;    1.7;eor
      15000;20190108;   10;-999;-999;    3;   6.2;   6;    0.083;   0;   7.3;   7.7;  990.51;    5.1;   86.92;    7.7;    3.4;    2.4;eor
      15000;20190109;   10;-999;-999;    3;   0.3;   8;    2.117;   0;   7.0;   6.0;  991.42;    2.6;   81.13;    4.9;    0.7;    0.1;eor
      15000;20190110;   10;   8.4;   2.1;    3;   0.1;   8;    0.000;   0;   7.7;   5.5;  997.85;   -0.1;   90.42;    1.0;   -1.2;   -2.4;eor
      15000;20190111;   10;   9.0;   4.6;    3;   2.2;   8;    0.000;   0;   7.8;   7.4;  996.68;    2.9;   97.58;    5.6;   -0.1;   -0.3;eor
      15000;20190112;   10;  15.6;   7.4;    3;   5.4;   6;    0.000;   0;   7.5;   8.3;  991.48;    5.2;   93.63;    6.3;    4.0;    3.6;eor
      15000;20190113;   10;-999;-999;    3;  13.9;   6;    0.000;   0;   7.7;   9.5;  980.55;    6.9;   94.96;    8.0;    5.6;    4.9;eor
      15000;20190114;   10;-999;-999;    3;   5.4;   8;    0.783;   0;  -999;   7.1;  986.60;    3.8;   87.96;    6.1;    0.7;   -0.7;eor
      15000;20190115;   10;  15.7;   6.6;    3;   0.0;   6;    0.317;   0;   7.7;   7.2;  991.15;    4.3;   86.33;    6.0;    1.3;    0.3;eor
      15000;20190116;   10;  16.5;   7.7;    3;   4.2;   8;    0.233;   0;   7.8;   6.7;  981.97;    4.3;   80.46;    4.9;    3.5;    2.6;eor
      15000;20190117;   10;  18.0;   7.6;    3;   4.6;   8;    0.000;   0;   7.2;   6.8;  977.85;    2.5;   92.71;    4.6;    0.0;   -0.4;eor
      15000;20190118;   10;   8.4;   3.0;    3;   0.0;   0;    4.500;   0;   7.3;   5.3;  990.44;    0.1;   86.71;    1.7;   -2.3;   -3.9;eor
      15000;20190119;   10;   8.7;   3.6;    3;   0.0;   0;    6.400;   0;   6.7;   4.2;  987.07;   -1.1;   74.50;    2.0;   -3.6;   -7.3;eor
      15000;20190120;   10;   8.0;   3.4;    3;   0.0;   0;    7.600;   0;   0.4;   3.8;  988.05;   -3.3;   80.25;   -0.4;   -6.2;  -10.3;eor
      15000;20190121;   10;   6.0;   2.1;    3;   0.0;   0;    7.650;   0;   0.9;   3.7;  992.88;   -3.1;   77.00;    0.7;   -7.1;  -11.1;eor
      15000;20190122;   10;  12.9;   5.6;    3;   2.2;   8;    1.967;   0;   7.2;   3.6;  978.64;   -2.0;   67.58;   -0.7;   -3.4;   -6.3;eor
      15000;20190123;   10;   7.5;   3.7;    3;   0.0;   0;    0.717;   1;   7.8;   4.1;  971.65;   -3.0;   84.42;   -1.3;   -6.6;  -10.6;eor
      15000;20190124;   10;   5.3;   2.2;    3;   0.2;   8;    0.017;   1;   8.0;   3.9;  982.24;   -3.5;   82.17;   -1.4;   -4.7;   -4.7;eor
      15000;20190125;   10;  12.5;   5.7;    3;   1.1;   8;    2.033;   1;   7.9;   5.6;  985.65;    0.1;   90.13;    2.7;   -1.4;   -2.3;eor
      15000;20190126;   10;  15.7;   7.6;    3;  10.0;   6;    0.000;   1;   7.7;   8.1;  978.27;    4.7;   94.67;    6.1;    2.5;    2.2;eor
      15000;20190127;   10;  16.3;   8.3;    3;  11.1;   8;    0.267;   0;   7.5;   7.5;  961.24;    4.3;   90.17;    6.1;    1.7;    1.4;eor
      15000;20190128;   10;  20.4;   8.7;    3;   6.5;   8;    0.683;   0;   7.3;   6.2;  969.05;    1.4;   91.00;    4.4;    0.0;   -0.1;eor
      15000;20190129;   10;  10.8;   5.0;    3;   0.0;   7;    5.500;   0;   7.7;   5.2;  975.54;    0.8;   81.29;    2.7;   -0.6;   -1.7;eor
      15000;20190130;   10;  14.4;   4.5;    3;   6.8;   7;    0.000;   1;   7.4;   5.1;  965.40;   -1.1;   91.00;    0.4;   -2.2;   -3.6;eor
      15000;20190131;   10;   9.6;   3.2;    3;   0.7;   8;    6.683;   5;   5.2;   4.2;  967.15;   -3.0;   85.38;    1.9;   -6.1;  -10.9;eor
      15000;20190201;   10;  11.5;   4.7;    3;   3.6;   6;    5.450;   4;   6.7;   6.0;  961.07;    2.3;   83.50;    5.6;   -0.9;   -3.5;eor
      15000;20190202;   10;   6.1;   2.9;    3;   1.9;   8;    0.000;   0;   7.9;   6.2;  970.40;    0.5;   98.42;    2.1;   -0.2;   -0.2;eor
      15000;20190203;   10;   7.6;   3.3;    3;   0.0;   0;    4.617;   0;   5.4;   5.7;  991.62;    1.1;   87.00;    4.2;   -0.4;   -3.1;eor
      15000;20190204;   10;  16.3;   7.4;    3;   0.0;   6;    0.717;   0;   6.3;   4.9;  997.24;    1.6;   72.58;    3.1;   -0.6;   -1.6;eor
      15000;20190205;   10;   9.6;   4.6;    3;   0.0;   6;    0.000;   0;   7.5;   6.4;  998.51;    2.6;   87.38;    4.5;    1.1;   -3.3;eor
      15000;20190206;   10;  13.3;   6.1;    3;   1.5;   6;    0.733;   0;   8.0;   6.4;  993.65;    5.8;   68.33;    8.8;    2.4;    0.4;eor
      15000;20190207;   10;  17.7;   8.5;    3;   1.2;   6;    3.033;   0;   7.0;   7.6;  983.48;    6.4;   78.75;    8.8;    3.9;    2.9;eor
      15000;20190208;   10;  21.0;   9.8;    3;   3.1;   6;    0.250;   0;   7.6;   7.8;  982.07;    6.9;   77.88;    8.4;    4.2;    3.1;eor
      15000;20190209;   10;  19.8;  10.5;    3;   4.5;   6;    0.733;   0;   7.7;   7.6;  978.24;    7.4;   74.04;    8.7;    6.2;    4.8;eor
      15000;20190210;   10;  19.6;  10.0;    3;  21.9;   8;    0.000;   0;   7.4;   8.4;  969.19;    6.3;   88.00;    9.0;    2.1;    1.9;eor
      15000;20190211;   10;  12.8;   5.9;    3;   0.1;   6;    0.900;   0;   5.6;   6.7;  991.53;    3.0;   88.42;    5.9;    0.0;   -2.3;eor
      15000;20190212;   10;   8.3;   4.3;    3;   0.0;   0;    2.067;   0;   6.0;   6.2; 1005.77;    2.0;   88.33;    5.9;   -0.6;   -2.4;eor
      15000;20190213;   10;   9.0;   3.2;    3;   0.0;   0;    6.083;   0;   6.5;   5.8; 1007.53;    3.5;   74.25;    7.3;    0.8;   -3.2;eor
      15000;20190214;   10;   5.0;   2.2;    3;   0.0;   0;    9.133;   0;   4.6;   4.6; 1006.32;    8.4;   42.25;   14.8;    1.5;   -4.4;eor
      15000;20190215;   10;  10.6;   2.2;    3;   0.0;   0;    9.200;   0;   0.0;   5.5; 1002.17;   10.5;   41.88;   17.2;    4.1;   -2.8;eor
      15000;20190216;   10;   9.9;   4.6;    3;   0.0;   0;    9.067;   0;   3.7;   6.3;  997.83;   10.5;   49.42;   14.8;    7.2;   -0.5;eor
      15000;20190217;   10;  10.5;   4.6;    3;   0.0;   0;    9.033;   0;   6.5;   6.1;  993.48;   11.4;   46.38;   18.0;    3.9;   -1.9;eor
      15000;20190218;   10;  11.4;   5.0;    3;   0.6;   6;    9.183;   0;   2.7;   6.1;  989.94;   11.1;   46.83;   15.9;    6.8;    2.9;eor
      15000;20190219;   10;  12.8;   5.7;    3;   0.0;   0;    5.050;   0;   5.5;   7.5;  991.62;    6.7;   76.04;    9.5;    3.8;    1.5;eor
      15000;20190220;   10;   9.7;   4.5;    3;   0.0;   0;    4.300;   0;   6.7;   7.3;  995.21;    6.3;   76.04;   11.1;    3.4;    1.8;eor
      15000;20190221;   10;  10.8;   4.5;    3;   0.4;   6;    1.683;   0;   7.6;   8.9;  999.49;    8.9;   78.29;   12.3;    4.6;    2.6;eor
      15000;20190222;   10;   5.8;   2.6;    3;   0.8;   6;    0.400;   0;   7.2;  10.1; 1007.09;    8.3;   91.88;   11.0;    4.1;   -0.2;eor
      15000;20190223;   10;   8.7;   3.9;    3;   0.0;   0;    9.400;   0;   3.6;   7.0; 1008.40;    5.6;   77.63;   11.3;    1.1;   -3.1;eor
      15000;20190224;   10;   6.9;   2.9;    3;   0.0;   0;    9.750;   0;   1.9;   4.7; 1008.36;    7.3;   47.58;   14.9;    0.4;   -3.5;eor
      15000;20190225;   10;   5.3;   2.7;    3;   0.0;   0;    9.833;   0;   2.7;   6.2; 1008.50;   10.1;   50.38;   16.2;    2.1;   -1.4;eor
      15000;20190226;   10;   7.5;   2.9;    3;   0.0;   0;    9.850;   0;  -999;   7.6; 1005.61;   11.1;   57.58;   17.4;    5.8;   -2.2;eor
      15000;20190227;   10;   5.8;   2.4;    3;   0.0;   0;    9.933;   0;   0.0;   7.4;  997.85;   13.0;   50.50;   19.8;    7.1;   -1.6;eor
      15000;20190228;   10;  16.3;   6.1;    3;   6.8;   6;    2.250;   0;   5.0;   8.9;  989.31;    8.4;   80.50;   12.3;    5.8;    3.7;eor
      15000;20190301;   10;  11.1;   4.9;    3;   1.3;   6;    0.000;   0;   7.6;   8.9;  987.75;    5.9;   95.08;    8.3;    4.2;    3.9;eor
      15000;20190302;   10;  14.9;   5.7;    3;   0.3;   6;    0.150;   0;   7.6;   9.0;  987.09;    7.2;   88.58;    9.4;    4.6;    4.3;eor
      15000;20190303;   10;  21.8;  10.8;    3;   3.4;   6;    0.000;   0;   7.8;   9.7;  979.28;    9.7;   80.13;   12.1;    7.9;    7.0;eor
      15000;20190304;   10;  27.2;  11.7;    3;   5.9;   8;    2.900;   0;   7.5;   7.6;  968.62;    8.0;   70.38;   12.4;    3.6;    3.3;eor
      15000;20190305;   10;  17.7;   7.8;    3;   2.7;   8;    2.133;   0;   7.3;   7.2;  978.80;    5.5;   79.21;    9.1;    2.7;    2.2;eor
      15000;20190306;   10;  15.3;   7.9;    3;   1.0;   6;    0.200;   0;   7.5;   8.5;  972.82;    9.9;   70.04;   12.1;    7.5;    6.4;eor
      15000;20190307;   10;  23.8;  10.0;    3;   9.2;   6;    2.700;   0;   6.2;   8.4;  968.54;    7.7;   79.29;   11.5;    5.1;    4.3;eor
      15000;20190308;   10;  18.0;   7.9;    3;   4.5;   6;    3.517;   0;   7.3;   7.5;  983.29;    6.7;   77.13;    9.5;    4.6;    4.3;eor
      15000;20190309;   10;  24.9;   9.9;    3;   5.8;   6;    0.783;   0;   7.5;   8.9;  984.39;    8.4;   80.71;   10.8;    6.3;    5.6;eor
      15000;20190310;   10;  29.4;  10.3;    3;  12.0;   8;    0.967;   0;   7.0;   8.0;  980.59;    7.1;   79.25;   11.4;    2.3;    1.4;eor
      15000;20190311;   10;  19.0;   8.4;    3;   4.3;   8;    2.250;   0;   6.5;   6.1;  991.41;    2.8;   82.50;    6.4;    0.0;    0.0;eor
      15000;20190312;   10;  22.8;   9.2;    3;   0.5;   8;    0.600;   0;   7.5;   5.8;  985.38;    5.6;   65.67;    9.4;    1.1;   -0.8;eor
      15000;20190313;   10;  20.4;   9.6;    3;  13.6;   8;    0.050;   0;   7.4;   7.2;  978.88;    4.7;   84.08;    7.1;    3.1;    2.3;eor
      15000;20190314;   10;  20.8;   9.0;    3;  16.4;   6;    0.300;   0;   7.4;   8.0;  977.03;    6.4;   83.58;   10.3;    4.6;    4.2;eor
      15000;20190315;   10;  21.8;  10.4;    3;  30.7;   6;    0.000;   0;   7.4;  10.3;  979.09;    8.6;   90.83;   10.6;    5.6;    4.6;eor
      15000;20190316;   10;  19.1;   9.1;    3;   2.0;   6;    0.117;   0;   7.0;   9.5;  980.29;    8.8;   83.83;   10.1;    6.8;    6.9;eor
      15000;20190317;   10;  17.7;   8.3;    3;   5.2;   8;    1.917;   0;   7.0;   7.3;  976.81;    5.8;   78.67;    9.5;    1.3;    0.6;eor
      15000;20190318;   10;  11.7;   4.9;    3;   0.1;   6;    2.483;   0;   4.1;   6.0;  990.32;    3.9;   75.17;    7.8;    0.7;   -4.6;eor
      15000;20190319;   10;   7.3;   2.2;    3;   0.0;   0;    6.817;   0;   3.0;   5.9; 1000.13;    4.4;   71.42;    9.6;   -1.1;   -5.6;eor
      15000;20190320;   10;   8.0;   3.7;    3;   0.0;   6;    0.967;   0;   6.5;   7.6; 1005.27;    7.6;   71.71;   11.6;    2.6;   -2.2;eor
      15000;20190321;   10;   5.3;   1.8;    3;   0.0;   0;   11.183;   0;   4.3;   8.3; 1005.44;   10.1;   68.50;   15.3;    3.9;   -1.5;eor
      15000;20190322;   10;   5.5;   2.2;    3;   0.0;   6;   11.383;   0;   4.3;   8.4; 1000.96;   12.0;   62.13;   19.0;    4.6;   -1.2;eor
      15000;20190323;   10;   5.3;   2.3;    3;   0.0;   6;    0.000;   0;   7.9;   9.0; 1001.58;    7.7;   85.38;    9.6;    4.8;    0.4;eor
      15000;20190324;   10;   7.3;   3.1;    3;   0.0;   6;    5.383;   0;   4.6;   7.6;  998.89;    6.9;   76.63;   10.8;    1.7;   -1.6;eor
      15000;20190325;   10;  16.9;   7.1;    3;   0.5;   6;    4.350;   0;   6.2;   6.8;  996.52;    5.4;   75.96;    9.2;    2.4;    0.9;eor
      15000;20190326;   10;   6.6;   2.8;    3;   0.0;   0;    0.650;   0;   7.8;   6.9; 1003.23;    5.5;   76.04;    7.8;    3.6;   -0.4;eor
      15000;20190327;   10;   3.6;   1.5;    3;   0.0;   0;    2.367;   0;   6.9;   7.1; 1005.15;    6.3;   75.50;   10.1;    2.6;   -1.5;eor
      15000;20190328;   10;   4.4;   1.6;    3;   0.0;   0;    0.517;   0;   6.2;   8.0; 1006.53;    7.9;   75.46;   11.2;    4.5;   -0.9;eor
      15000;20190329;   10;  10.4;   3.4;    3;   0.0;   0;   11.833;   0;   0.0;   8.6; 1001.47;   10.0;   71.08;   16.5;    2.7;   -1.2;eor
      15000;20190330;   10;  10.1;   4.1;    3;   0.0;   0;   11.750;   0;   1.0;   8.3;  994.28;   12.5;   58.00;   17.0;    8.0;    1.0;eor
      15000;20190331;   10;  10.2;   4.4;    3;   0.0;   0;   10.717;   0;   3.0;   8.4;  994.50;    8.7;   74.67;   12.0;    4.3;    0.3;eor
      15000;20190401;   10;   8.9;   4.7;    3;   0.0;   0;   11.833;   0;   0.0;   7.3;  991.54;    8.0;   68.42;   15.0;    0.8;   -0.4;eor
      15000;20190402;   10;  14.5;   5.6;    3;   6.8;   6;    2.517;-999;   6.5;   9.0;  979.26;   10.2;   72.29;   14.3;    5.9;    5.2;eor
      15000;20190403;   10;   9.1;   3.3;    3;   0.3;   6;    0.000;-999;   7.5;   7.5;  974.09;    5.7;   81.83;    8.0;    3.6;    2.2;eor
      15000;20190404;   10;   8.1;   2.7;    3;   0.0;   6;    1.300;   0;   7.4;   7.1;  973.20;    5.1;   80.96;    8.7;    2.4;   -2.1;eor
      15000;20190405;   10;   7.8;   3.3;    3;   0.0;   0;    5.200;   0;   7.0;   7.6;  977.80;    6.1;   81.13;   10.3;    1.3;   -3.5;eor
      15000;20190406;   10;  10.4;   3.1;    3;   0.0;   0;    7.533;   0;   7.9;   8.9;  976.74;    9.8;   75.63;   15.6;    5.3;    2.8;eor
      15000;20190407;   10;  10.7;   3.2;    3;   0.0;   0;   11.783;   0;   3.6;   9.5;  977.60;   12.5;   68.25;   18.2;    5.8;    0.9;eor
      15000;20190408;   10;   6.3;   2.9;    3;   0.9;   6;    3.300;   0;   6.7;  11.6;  982.44;   10.9;   89.71;   14.4;    9.3;    9.2;eor
      15000;20190409;   10;   6.9;   2.5;    3;   0.1;   6;    0.000;   0;   7.3;  10.6;  983.25;   10.6;   83.83;   13.6;    7.9;    6.3;eor
      15000;20190410;   10;   9.6;   4.3;    3;   0.0;   0;   11.667;   0;   5.0;   6.5;  986.99;    7.2;   64.67;   11.9;    2.8;   -0.2;eor
      15000;20190411;   10;   8.8;   3.5;    3;   0.0;   0;   11.567;   0;   0.5;   5.1;  993.60;    5.0;   59.83;   10.3;   -0.5;   -4.0;eor
      15000;20190412;   10;  10.4;   3.9;    3;   0.0;   0;    1.917;   0;   7.0;   4.7;  995.73;    3.2;   61.71;    7.1;   -0.3;   -3.3;eor
      15000;20190413;   10;  11.6;   3.4;    3;   0.2;   7;    5.883;   0;   3.9;   5.0;  995.39;    1.7;   74.00;    5.8;   -1.9;   -4.0;eor
      15000;20190414;   10;   9.9;   3.8;    3;   0.1;   8;    5.267;   0;   4.9;   5.8;  995.53;    4.2;   73.08;    9.8;    0.3;   -2.8;eor
      15000;20190415;   10;  12.2;   4.4;    3;   0.0;   0;   10.267;   0;   1.5;   7.1;  993.98;    7.7;   69.25;   16.0;   -0.8;   -5.6;eor
      15000;20190416;   10;  11.1;   4.8;    3;   0.7;   6;    8.083;   0;   5.9;   8.3;  988.65;   11.2;   62.75;   18.3;    3.4;    1.0;eor
      15000;20190417;   10;   5.8;   2.6;    3;   0.2;   6;    2.133;   0;   6.3;  11.0;  993.21;   11.2;   83.46;   15.4;    8.4;    5.7;eor
      15000;20190418;   10;  12.9;   5.2;    3;   0.0;   0;   12.867;   0;   1.5;   8.3;  995.87;   14.3;   53.04;   20.0;    7.4;    5.0;eor
      15000;20190419;   10;   9.9;   4.7;    3;   0.0;   0;   12.967;   0;   1.1;   7.9;  999.15;   15.4;   47.63;   22.3;    7.6;    2.3;eor
      15000;20190420;   10;   9.6;   3.3;    3;   0.0;   0;   13.050;   0;   0.0;   8.1;  999.57;   16.3;   44.96;   22.7;    9.1;    2.5;eor
      15000;20190421;   10;  10.7;   3.5;    3;   0.0;   0;   13.117;   0;   0.0;   7.9;  991.85;   15.4;   48.33;   22.1;    7.4;    2.7;eor
      15000;20190422;   10;  12.1;   5.0;    3;   0.0;   0;   12.217;   0;   3.0;   7.8;  980.70;   16.2;   44.17;   22.9;    7.9;    3.4;eor
      15000;20190423;   10;  13.7;   5.8;    3;   0.0;   0;    5.583;   0;   7.2;   9.1;  971.40;   14.3;   55.29;   19.4;    9.6;    8.2;eor
      15000;20190424;   10;  17.9;   6.6;    3;  11.3;   6;    6.700;   0;   6.0;  10.8;  973.37;   15.7;   62.71;   23.4;    8.7;    7.5;eor
      15000;20190425;   10;  17.8;   6.7;    3;   4.2;   6;    2.883;   0;   6.1;   9.7;  979.06;   11.8;   70.88;   17.6;    8.6;    7.5;eor
      15000;20190426;   10;  15.2;   3.8;    3;   2.3;   6;    4.300;-999;   6.6;   9.4;  985.60;   10.7;   74.42;   15.9;    6.7;    4.5;eor
      15000;20190427;   10;  17.6;   6.0;    3;   3.3;   6;    3.100;-999;   6.3;   8.7;  985.55;    8.7;   77.00;   11.6;    6.2;    6.2;eor
      15000;20190428;   10;   9.2;   3.6;    3;   0.5;   6;    1.817;-999;   6.2;   8.2;  990.64;    7.1;   81.21;   11.4;    3.3;   -0.6;eor
      15000;20190429;   10;   8.0;   2.6;    3;   0.0;   0;    6.650;-999;   4.3;   8.3;  995.84;    9.3;   72.38;   14.7;    1.8;   -2.1;eor
      15000;20190430;   10;   8.2;   3.0;    3;   0.0;   0;    8.100;-999;   4.0;   9.5;  994.29;   10.6;   75.54;   15.5;    5.4;    1.6;eor
      15000;20190501;    3;   5.7;   1.7;    3;   0.0;   0;    6.367;-999;   4.5;   9.6;  989.43;    9.2;   83.42;   15.1;    3.5;    0.2;eor
      15000;20190502;    3;  12.9;   3.6;    3;   1.9;   6;    2.867;-999;   6.6;   9.9;  984.04;    8.9;   87.42;   15.1;    4.1;    0.4;eor
      15000;20190503;    3;   7.9;   3.0;    3;  13.4;   8;    0.833;-999;   7.7;   8.7;  984.71;    7.9;   82.33;   11.8;    5.1;    5.2;eor
      15000;20190504;    3;  12.7;   3.4;    3;   3.0;   8;    4.150;-999;   5.6;   6.7;  983.97;    3.8;   84.04;    8.9;    0.4;   -1.6;eor
      15000;20190505;    3;  12.3;   3.2;    3;   0.9;   8;    2.467;-999;   5.3;   6.7;  992.35;    4.4;   80.54;    9.8;    0.2;   -1.7;eor
      15000;20190506;    3;  11.1;   3.5;    3;   0.3;   6;    1.167;-999;   6.9;   7.1;  993.21;    5.3;   79.71;   11.1;    0.9;   -1.7;eor
      15000;20190507;    3;   8.1;   2.4;    3;   0.1;   6;    4.083;-999;   7.4;   7.2;  988.96;    8.0;   69.25;   12.7;    3.5;    1.7;eor
      15000;20190508;    3;  12.4;   4.9;    3;   4.6;   6;    0.000;-999;   7.8;   9.5;  973.72;    9.5;   79.17;   12.1;    7.0;    6.1;eor
      15000;20190509;    3;  15.0;   4.6;    3;   2.3;   6;    4.883;-999;   6.6;  10.2;  971.71;   10.5;   80.54;   15.6;    7.2;    6.1;eor
      15000;20190510;    3;  11.1;   4.4;    3;   9.7;   6;    4.567;-999;   6.9;   9.9;  981.67;   10.4;   79.71;   15.5;    7.8;    7.4;eor
      15000;20190511;    3;  12.4;   4.1;    3;   0.6;   6;    4.133;-999;   6.0;   9.5;  987.42;    9.8;   79.50;   14.6;    4.8;    1.9;eor
      15000;20190512;    3;   7.7;   2.9;    3;   0.0;   6;    6.833;-999;   4.5;   7.1; 1005.00;    8.0;   67.54;   12.9;    2.7;   -0.9;eor
      15000;20190513;    3;  11.0;   3.6;    3;   0.0;   0;   14.183;-999;   2.9;   6.2; 1009.20;    8.9;   57.33;   14.3;    2.2;    0.6;eor
      15000;20190514;    3;  10.6;   4.0;    3;   0.0;   0;   13.867;-999;   3.0;   6.9; 1003.82;    9.3;   60.21;   14.4;    3.9;    0.1;eor
      15000;20190515;    3;  10.3;   3.4;    3;   0.0;   0;   14.350;-999;   0.4;   5.9;  997.21;    9.8;   51.50;   15.0;    3.1;   -1.7;eor
      15000;20190516;    3;   8.5;   3.4;    3;   2.9;   6;    8.467;-999;   5.0;   7.9;  989.00;    9.8;   66.00;   15.3;    3.9;   -0.7;eor
      15000;20190517;    3;   6.3;   2.9;    3;   1.8;   6;    0.000;-999;   7.6;  11.4;  979.74;    9.5;   95.88;   11.5;    7.4;    7.6;eor
      15000;20190518;    3;   7.7;   1.5;    3;  17.1;   8;    2.733;-999;   7.4;  12.9;  978.65;   12.3;   90.00;   18.4;    7.5;    6.1;eor
      15000;20190519;    3;   6.7;   2.3;    3;   2.9;   6;    2.583;-999;   7.6;  14.1;  978.42;   14.1;   88.08;   18.8;   11.1;    9.9;eor
      15000;20190520;    3;   9.5;   4.4;    3;   0.6;   6;    0.000;-999;   7.8;  13.1;  981.10;   12.0;   93.58;   13.8;   10.6;   10.2;eor
      15000;20190521;    3;  10.6;   5.3;    3;   6.3;   6;    0.150;-999;   7.8;  12.0;  986.70;   10.6;   94.08;   13.5;    9.3;    9.2;eor
      15000;20190522;    3;   6.7;   2.8;    3;   0.0;   0;    6.317;-999;   6.6;  10.2;  992.04;   12.3;   72.92;   18.2;    8.4;    5.4;eor
      15000;20190523;    3;   8.4;   2.8;    3;   0.0;   0;   12.817;-999;   6.6;  10.0;  990.68;   14.8;   60.96;   20.8;    7.1;    3.5;eor
      15000;20190524;    3;  10.1;   3.4;    3;   0.0;   0;    8.700;-999;   7.2;  10.3;  988.05;   15.9;   57.71;   21.6;    8.3;    4.7;eor
      15000;20190525;    3;   9.0;   2.1;    3;   0.0;   4;    7.533;-999;   4.0;  10.4;  989.89;   12.3;   72.83;   18.2;    6.2;    2.9;eor
      15000;20190526;    3;  11.4;   4.8;    3;   7.1;   6;    5.617;-999;   7.3;  12.8;  986.95;   14.8;   76.67;   19.3;    9.4;    8.1;eor
      15000;20190527;    3;   9.6;   3.5;    3;   0.0;   0;    3.217;-999;   7.5;  12.4;  982.42;   14.0;   78.71;   17.7;   10.7;    9.1;eor
      15000;20190528;    3;  14.1;   3.3;    3;  11.8;   6;    1.167;-999;   6.9;  11.1;  982.70;   10.4;   87.50;   13.3;    7.6;    4.6;eor
      15000;20190529;    3;   8.0;   2.0;    3;   0.0;   0;   13.983;-999;   1.4;   9.6;  993.16;   12.3;   68.63;   18.6;    4.0;    1.6;eor
      15000;20190530;    3;  10.2;   4.7;    3;   0.0;   0;    1.967;-999;   7.1;  13.3;  995.78;   15.1;   76.96;   19.0;   12.7;   12.0;eor
      15000;20190531;    3;   9.4;   4.0;    3;   0.0;   0;    8.783;-999;   4.8;  13.3;  997.42;   16.1;   73.25;   20.7;   10.9;    7.6;eor
      15000;20190601;    3;   5.7;   2.5;    3;   0.0;   0;   14.000;-999;   6.3;  14.6;  994.14;   18.8;   68.92;   25.7;   10.4;    7.2;eor
      15000;20190602;    3;  10.1;   4.5;    3;  10.8;   8;   14.800;-999;   1.3;  15.4;  987.14;   23.1;   56.63;   28.7;   15.2;   13.0;eor
      15000;20190603;    3;  13.1;   3.1;    3;   0.0;   6;    2.750;-999;   7.2;  16.7;  986.43;   18.2;   79.46;   20.9;   14.8;   13.9;eor
      15000;20190604;    3;  20.6;   4.0;    3;   0.1;   6;    6.850;-999;   6.8;  16.3;  981.79;   19.7;   72.67;   26.7;   11.5;    9.6;eor
      15000;20190605;    3;  10.1;   3.2;    3;  25.5;   8;    7.933;-999;   6.2;  16.5;  979.77;   18.5;   77.96;   21.8;   14.7;   14.5;eor
      15000;20190606;    3;  13.4;   4.3;    3;   0.0;   0;    6.317;-999;   5.0;  11.5;  984.99;   12.9;   78.25;   17.4;    8.5;    7.2;eor
      15000;20190607;    3;  20.1;   6.6;    3;   0.2;   6;    8.450;-999;   6.1;  11.1;  982.43;   14.7;   67.67;   23.4;    7.7;    5.9;eor
      15000;20190608;    3;  22.7;   9.2;    3;   0.1;   6;    5.467;-999;   5.0;  10.0;  990.05;   13.5;   64.71;   17.8;   10.6;    9.2;eor
      15000;20190609;    3;   8.1;   2.8;    3;   0.0;   0;    5.833;-999;   6.7;  10.9;  993.85;   15.0;   64.79;   19.5;    9.2;    7.8;eor
      15000;20190610;    1;  13.4;   2.2;    1;  22.4;   8;    4.150;-999;   7.2;  13.7;  985.11;   15.3;   78.79;   22.0;   10.5;    8.0;eor
      15000;20190611;    1;   6.9;   2.3;    1;   0.5;   6;    5.183;-999;   6.6;  12.4;  984.57;   14.6;   75.75;   18.5;   10.7;   10.4;eor
      15000;20190612;    1;  11.0;   3.6;    1;   7.7;   6;    5.033;-999;   5.3;  12.7;  982.33;   14.2;   79.33;   18.7;   10.2;    8.7;eor
      15000;20190613;    1;  17.5;   5.8;    1;   0.5;   6;    9.350;-999;   5.1;  11.3;  985.03;   14.6;   68.25;   19.4;   10.3;    9.0;eor
      15000;20190614;    1;   7.4;   2.5;    1;   9.8;   6;   10.483;-999;   6.5;  13.5;  986.24;   18.3;   64.88;   24.9;   10.3;    7.6;eor
      15000;20190615;    1;  12.4;   4.2;    1;   0.0;   0;    8.050;-999;   6.0;  15.4;  986.55;   17.4;   78.88;   21.8;   14.4;   12.9;eor
      15000;20190616;    1;  10.1;   3.4;    1;   0.0;   4;    9.283;-999;   3.7;  13.3;  992.99;   16.4;   71.88;   21.1;   12.3;    9.6;eor
      15000;20190617;    1;   5.7;   2.3;    1;   0.0;   0;   13.433;-999;   2.8;  13.7;  992.00;   19.1;   64.29;   25.7;   10.8;    8.9;eor
      15000;20190618;    1;   5.3;   2.0;    1;   0.0;   0;   11.533;-999;   6.7;  15.3;  986.81;   21.3;   61.25;   26.0;   13.7;   10.7;eor
      15000;20190619;    1;  11.4;   4.4;    1;   2.1;   6;    8.017;-999;   4.0;  16.8;  981.46;   20.5;   70.92;   27.2;   14.8;   13.0;eor
      15000;20190620;    1;   8.5;   3.6;    1;   0.7;   6;    1.833;-999;   6.5;  15.3;  985.71;   16.2;   83.08;   20.1;   12.5;   10.7;eor
      15000;20190621;    1;   8.7;   3.4;    1;   0.0;   0;    9.933;-999;   3.6;  11.4;  992.19;   15.0;   68.08;   20.2;    9.0;    7.4;eor
      15000;20190622;    1;   7.7;   2.9;    1;   0.0;   0;   13.517;-999;   2.0;  13.2;  992.70;   17.4;   67.38;   23.1;    9.6;    6.5;eor
      15000;20190623;    1;  13.4;   3.7;    1;   0.0;   0;   10.983;-999;   3.3;  16.9;  990.75;   21.2;   68.25;   27.7;   13.9;   11.0;eor
      15000;20190624;    1;   9.0;   3.0;    1;   0.0;   0;   12.450;-999;   6.0;  18.8;  990.78;   24.4;   63.63;   31.5;   16.5;   14.1;eor
      15000;20190625;    1;   9.1;   3.6;    1;   0.0;   0;   11.483;-999;   5.0;  20.8;  990.56;   26.3;   62.38;   32.9;   18.3;   17.3;eor
      15000;20190626;    1;   6.9;   2.9;    1;   0.0;   0;   13.683;-999;   0.7;  21.2;  996.81;   23.2;   74.96;   27.6;   18.0;   17.3;eor
      15000;20190627;    1;   7.8;   3.4;    1;   0.0;   0;   11.383;-999;   1.3;  14.1;  999.37;   18.8;   67.58;   24.3;   13.9;   11.6;eor
      15000;20190628;    1;   7.3;   3.1;    1;   0.0;   0;   15.067;-999;   0.0;  12.8;  996.76;   18.3;   63.50;   25.2;   11.5;   10.0;eor
      15000;20190629;    1;   7.7;   2.9;    1;   0.0;   0;   15.067;-999;   0.3;  13.8;  990.84;   23.4;   51.29;   31.9;   12.5;    9.7;eor
      15000;20190630;    1;  10.1;   4.4;    1;   0.0;   0;   11.183;-999;   3.6;  17.5;  987.87;   23.6;   59.42;   27.4;   16.6;   14.7;eor
      15000;20190701;    1;  10.7;   4.1;    1;   0.0;   0;   10.267;-999;   5.3;  13.8;  991.47;   18.5;   65.96;   23.3;   13.7;   12.5;eor
      15000;20190702;    1;   6.0;   2.1;    1;   0.0;   0;    7.233;-999;   2.8;  11.6;  995.17;   16.4;   63.75;   21.8;    9.9;    7.1;eor
      15000;20190703;    1;   8.0;   3.0;    1;   0.0;   0;   10.650;-999;   2.7;  10.7;  996.87;   15.7;   61.25;   20.8;   11.2;    8.7;eor
      15000;20190704;    1;   6.0;   2.1;    1;   0.0;   0;   14.250;-999;   2.9;  10.1;  995.90;   15.7;   59.04;   22.4;    7.6;    4.7;eor
      15000;20190705;    1;   9.6;   3.0;    1;   0.0;   0;   10.267;-999;   5.9;  13.0;  990.60;   18.8;   61.17;   25.3;   12.6;   10.9;eor
      15000;20190706;    1;  11.3;   3.7;    1;   0.1;   6;    9.567;-999;   6.7;  13.6;  985.15;   19.3;   63.33;   27.0;   13.0;   11.4;eor
      15000;20190707;    1;   8.3;   3.1;    1;   0.0;   0;    6.667;-999;   5.7;  11.1;  987.84;   15.2;   65.33;   19.9;    9.6;    5.6;eor
      15000;20190708;    1;   8.0;   2.9;    1;   0.0;   0;    1.983;-999;   6.5;  10.3;  992.25;   12.9;   70.67;   17.0;    7.2;    3.7;eor
      15000;20190709;    1;   6.7;   2.2;    1;   0.0;   0;   11.200;-999;   5.6;   9.4;  993.40;   14.0;   61.29;   20.0;    5.9;    2.9;eor
