STATIONS_ID;MESS_DATUM;QN_3;  FX;  FM;QN_4; RSK;RSKF; SDK;SHK_TAG;  NM; VPM;  PM; TMK; UPM; TXK; TNK; TGK;eor
       4336;20180106;   10;   9.4;   2.7;    3;   6.2;   6;    0.000;   0;   7.9;   9.4;  969.33;    7.0;   93.29;    7.9;    5.9;    4.9;eor
       4336;20180107;   10;  14.9;   7.6;    3;   0.0;   0;    0.000;   0;   8.0;   7.8;  978.82;    4.6;   92.08;    5.9;    3.5;    3.4;eor
       4336;20180108;   10;  14.4;   7.0;    3;   0.0;   0;    0.000;   0;   7.5;   7.4;  980.03;    4.9;   84.79;    6.0;    3.6;    3.5;eor
       4336;20180109;   10;  12.7;   3.4;    3;   5.2;   6;    1.250;   0;   7.2;   7.8;  974.11;    5.6;   85.46;    7.7;    2.1;    0.8;eor
       4336;20180110;   10;  11.8;   3.5;    3;   1.8;   6;    1.633;   0;   7.6;   8.3;  973.25;    5.9;   89.50;    7.8;    4.9;    3.1;eor
       4336;20180111;   10;   4.6;   1.4;    3;   0.0;   0;    0.350;   0;   7.2;   8.6;  977.50;    5.8;   93.00;    8.0;    3.4;    1.3;eor
       4336;20180112;   10;   6.7;   2.1;    3;   0.0;   0;    2.850;   0;   5.6;   7.7;  985.71;    4.7;   89.42;    7.5;    1.0;   -0.9;eor
       4336;20180113;   10;  11.1;   4.8;    3;   0.0;   0;    0.000;   0;   6.3;   6.1;  984.48;    2.9;   80.29;    4.1;    0.6;   -0.9;eor
       4336;20180114;   10;   8.7;   4.2;    3;   0.0;   0;    7.400;   0;   0.8;   5.5;  981.88;    0.6;   85.50;    3.9;   -2.7;   -4.4;eor
       4336;20180115;   10;  19.2;   6.0;    3;  19.0;   6;    0.000;   0;   6.6;   6.5;  973.55;    2.8;   85.92;    5.9;   -2.7;   -4.4;eor
       4336;20180116;   10;  21.3;   8.1;    3;   4.0;   8;    0.300;   0;   7.3;   7.5;  961.22;    5.0;   86.08;    6.8;    2.2;    1.4;eor
       4336;20180117;   10;  18.3;   8.7;    3;   8.6;   8;    1.117;   0;   6.9;   5.9;  967.76;    2.6;   79.63;    4.6;   -0.1;   -0.1;eor
       4336;20180118;   10;  21.1;   8.2;    3;   7.7;   6;    1.067;   0;   6.5;   7.4;  967.26;    4.9;   85.46;    8.6;    1.5;    0.6;eor
       4336;20180119;   10;  14.2;   5.5;    3;   3.5;   8;    0.033;   0;   7.1;   6.5;  972.56;    2.8;   86.88;    4.4;    1.5;    1.1;eor
       4336;20180120;   10;  10.3;   3.8;    3;  12.2;   8;    0.000;   0;   7.9;   6.5;  967.67;    1.5;   95.29;    2.3;    0.2;   -0.1;eor
       4336;20180121;   10;   9.3;   3.3;    3;   6.7;   8;    3.567;   0;   6.6;   5.9;  975.68;    1.9;   84.75;    3.8;    0.5;   -0.7;eor
       4336;20180122;   10;   9.3;   2.8;    3;   4.2;   6;    0.000;   0;   7.6;   9.2;  973.56;    6.3;   94.17;    9.9;    1.3;    1.1;eor
       4336;20180123;   10;  10.3;   4.2;    3;   0.7;   6;    0.017;   0;   7.7;   8.1;  986.25;    6.3;   84.79;    7.4;    5.1;    3.9;eor
       4336;20180124;   10;  12.3;   5.8;    3;   0.6;   6;    0.017;   0;   6.9;   9.6;  982.97;    8.4;   87.08;   10.5;    7.0;    5.2;eor
       4336;20180125;   10;  13.4;   4.6;    3;   8.9;   6;    0.000;   0;   7.9;   9.5;  976.95;    8.1;   88.29;    9.5;    6.1;    5.7;eor
       4336;20180126;   10;   5.7;   1.4;    3;   0.5;   6;    0.017;   0;   8.0;   8.7;  980.54;    5.5;   95.92;    7.1;    3.8;    2.5;eor
       4336;20180127;   10;   8.7;   1.8;    3;   0.3;   6;    0.050;   0;   6.7;   7.3;  992.35;    2.8;   96.83;    4.8;   -1.5;   -2.6;eor
       4336;20180128;   10;  11.8;   6.0;    3;   1.7;   6;    0.000;   0;   8.0;   8.3;  996.43;    5.0;   94.58;    6.4;    3.1;    2.3;eor
       4336;20180129;   10;  14.6;   6.8;    3;   0.8;   6;    0.000;   0;   8.0;   9.3;  992.85;    7.0;   92.96;    7.9;    6.0;    5.7;eor
       4336;20180130;   10;   8.7;   2.6;    3;   1.1;   6;    0.117;   0;   7.2;   9.2;  990.15;    7.1;   91.08;    9.2;    4.5;    2.6;eor
       4336;20180131;   10;  16.3;   7.1;    3;  18.2;   6;    0.000;   0;   8.0;   8.8;  974.68;    6.1;   93.21;    7.1;    2.7;    2.4;eor
       4336;20180201;   10;  12.9;   5.0;    3;   0.4;   8;    2.100;   0;   6.3;   6.3;  966.04;    2.2;   87.63;    4.7;   -0.4;   -2.4;eor
       4336;20180202;   10;  10.3;   4.4;    3;   1.9;   8;    0.000;   0;   7.8;   6.2;  968.76;    1.0;   94.38;    2.7;   -0.5;   -1.2;eor
       4336;20180203;   10;   6.2;   2.4;    3;   2.6;   8;    0.400;   0;   7.4;   6.0;  969.52;    1.2;   90.08;    3.3;    0.2;   -1.1;eor
       4336;20180204;   10;   7.9;   2.2;    3;   2.5;   7;    0.000;   1;   7.9;   5.3;  977.21;   -0.6;   89.25;    0.7;   -1.9;   -2.5;eor
       4336;20180205;   10;  13.0;   6.2;    3;   0.0;   7;    2.250;   4;   6.5;   4.9;  981.60;   -0.5;   84.17;    1.3;   -1.7;   -2.5;eor
       4336;20180206;   10;   9.9;   4.2;    3;   0.0;   7;    1.850;   2;   6.7;   4.7;  973.61;   -0.7;   80.96;    1.9;   -2.5;   -4.2;eor
       4336;20180207;   10;   6.2;   1.7;    3;   0.0;   0;    7.283;   0;   3.0;   4.5;  974.95;   -1.5;   82.67;    2.7;   -5.1;   -7.1;eor
       4336;20180208;   10;   5.1;   1.4;    3;   0.0;   0;    1.183;   0;   7.5;   4.8;  980.43;   -0.4;   81.92;    1.8;   -1.8;   -2.3;eor
       4336;20180209;   10;   6.7;   2.8;    3;   0.1;   8;    0.000;   0;   8.0;   5.0;  977.40;   -0.4;   84.08;    0.8;   -1.7;   -2.4;eor
       4336;20180210;   10;   8.2;   3.5;    3;   0.2;   8;    0.000;   1;   7.7;   5.6;  978.41;    0.1;   90.25;    1.8;   -0.6;   -2.0;eor
       4336;20180211;   10;  14.1;   6.0;    3;   1.4;   8;    0.000;   0;   7.8;   5.9;  970.05;    0.8;   91.00;    2.6;   -0.8;   -1.1;eor
       4336;20180212;   10;  10.6;   4.4;    3;   0.0;   7;    3.433;   0;   4.9;   4.7;  976.87;    0.2;   76.67;    3.3;   -3.8;   -7.1;eor
       4336;20180213;   10;   9.9;   2.8;    3;   0.0;   0;    9.367;   0;   1.9;   3.9;  975.61;   -0.9;   69.92;    3.7;   -4.6;   -7.2;eor
       4336;20180214;   10;   7.5;   3.2;    3;   0.0;   7;    9.333;   0;   2.0;   3.7;  977.14;   -1.0;   66.79;    4.4;   -5.8;   -9.0;eor
       4336;20180215;   10;   7.4;   2.9;    3;   6.6;   8;    0.000;   0;   8.0;   6.6;  977.43;    2.6;   88.33;    5.0;   -0.4;   -0.7;eor
       4336;20180216;   10;   6.7;   2.1;    3;   0.1;   8;    5.633;   0;   6.1;   6.6;  986.35;    4.2;   80.08;    8.5;   -0.6;   -3.0;eor
       4336;20180217;   10;   9.8;   3.9;    3;   3.8;   8;    0.000;   0;   7.0;   5.7;  982.69;    0.4;   91.21;    1.6;   -3.3;   -5.2;eor
       4336;20180218;   10;   7.7;   2.5;    3;   0.0;   0;    7.950;   1;   2.3;   4.8;  987.11;   -1.4;   87.83;    3.1;   -5.1;   -7.9;eor
       4336;20180219;   10;   6.0;   1.3;    3;   0.0;   0;    0.000;   0;   7.5;   4.6;  980.99;   -0.2;   77.13;    1.1;   -1.1;   -2.1;eor
       4336;20180220;   10;   8.2;   2.4;    3;   0.0;   0;    3.133;   0;   6.0;   4.4;  978.25;   -0.1;   73.21;    3.0;   -2.7;   -5.0;eor
       4336;20180221;   10;  12.2;   5.2;    3;   0.0;   0;    9.400;   0;   2.6;   4.0;  981.23;    0.4;   64.92;    4.7;   -3.1;   -5.3;eor
       4336;20180222;   10;  16.1;   7.2;    3;   0.0;   0;    7.517;   0;   1.6;   3.4;  979.00;   -1.1;   60.13;    2.8;   -3.5;   -4.9;eor
       4336;20180223;   10;  13.2;   6.9;    3;   0.0;   0;    9.917;   0;   0.3;   3.0;  977.81;   -1.8;   56.13;    1.8;   -4.8;   -6.1;eor
       4336;20180224;   10;  16.3;   8.4;    3;   0.0;   0;   10.067;   0;   0.5;   2.7;  979.36;   -1.5;   51.71;    4.3;   -5.7;   -6.7;eor
       4336;20180225;   10;  16.1;   7.0;    3;   0.0;   0;   10.267;   0;   1.3;   2.0;  983.96;   -4.1;   44.46;   -0.6;   -7.2;   -8.3;eor
       4336;20180226;   10;  14.9;   6.7;    3;   0.0;   7;    7.050;   0;   2.5;   1.9;  983.71;   -6.7;   52.21;   -3.6;   -9.8;  -12.3;eor
       4336;20180227;   10;  11.3;   4.0;    3;   0.1;   7;    8.117;   0;   4.5;   1.9;  978.88;   -8.2;   57.96;   -4.7;  -11.4;  -14.1;eor
       4336;20180228;   10;  18.0;   7.0;    3;   0.0;   0;    9.900;   0;   2.8;   1.8;  975.46;   -7.9;   54.33;   -3.2;  -12.4;  -14.3;eor
       4336;20180301;   10;  15.9;   8.0;    3;   0.0;   8;    1.633;   0;   7.3;   2.2;  964.48;   -4.2;   48.50;   -0.8;   -7.9;   -8.4;eor
       4336;20180302;   10;  14.9;   5.6;    3;   3.8;   8;    0.050;   0;   7.9;   3.2;  957.95;   -3.5;   68.88;   -1.9;   -4.6;   -4.7;eor
       4336;20180303;   10;   8.7;   3.1;    3;   1.5;   8;    0.000;   3;   8.0;   5.3;  958.98;   -1.3;   94.42;    1.3;   -3.7;   -3.8;eor
       4336;20180304;   10;   9.8;   3.4;    3;   3.7;   6;    3.750;   0;   7.1;   7.3;  959.63;    4.7;   86.25;   10.4;   -0.7;   -1.5;eor
       4336;20180305;   10;   9.3;   3.4;    3;   0.0;   0;    8.983;   0;   5.5;   7.2;  957.66;    6.5;   76.58;   12.3;    2.6;    0.1;eor
       4336;20180306;   10;   6.2;   2.7;    3;   0.6;   6;    1.183;   0;   6.2;   7.1;  954.73;    4.8;   83.00;   10.1;    1.5;   -2.3;eor
       4336;20180307;   10;  14.9;   4.8;    3;   2.4;   8;    0.583;   0;   6.7;   7.1;  959.99;    3.9;   88.46;    6.8;    0.2;   -2.5;eor
       4336;20180308;   10;  15.9;   6.0;    3;   0.9;   6;    3.383;   0;   6.8;   6.9;  967.25;    5.3;   79.54;   11.2;    1.5;    0.4;eor
       4336;20180309;   10;   7.2;   2.3;    3;   4.6;   6;    0.000;   0;   8.0;   8.7;  969.90;    6.4;   89.42;    9.9;    3.0;    1.8;eor
       4336;20180310;   10;   9.3;   3.5;    3;   0.9;   6;    0.000;   0;   6.9;  10.7;  966.26;   10.4;   85.04;   11.0;    9.5;    5.4;eor
       4336;20180311;   10;  11.3;   2.7;    3;   9.9;   6;    0.000;   0;   7.6;  10.9;  959.76;    9.8;   89.54;   11.5;    6.6;    4.3;eor
       4336;20180312;   10;  15.3;   5.3;    3;   5.8;   6;    1.683;   0;   7.3;   9.8;  959.21;    8.9;   86.08;   11.6;    7.3;    6.2;eor
       4336;20180313;   10;  15.3;   6.4;    3;   2.6;   6;    0.000;   0;   7.8;   8.3;  968.34;    5.9;   89.29;    7.7;    4.7;    4.0;eor
       4336;20180314;   10;   9.8;   3.1;    3;   0.0;   0;    9.283;   0;   3.1;   7.0;  972.42;    6.4;   73.54;   11.2;    1.7;   -1.3;eor
       4336;20180315;   10;  10.3;   4.1;    3;   4.7;   6;    0.000;   0;   6.7;   7.4;  960.22;    5.1;   83.50;    7.2;    2.4;    1.0;eor
       4336;20180316;   10;   9.8;   3.5;    3;   1.2;   6;    3.150;   0;   5.1;   8.4;  963.80;    6.8;   85.58;   11.9;    2.1;   -1.8;eor
       4336;20180317;   10;  14.9;   6.7;    3;   0.1;   7;    0.000;   0;   7.5;   5.4;  962.12;   -0.2;   87.13;    4.3;   -3.7;   -3.8;eor
       4336;20180318;   10;  13.7;   7.1;    3;   0.0;   7;    0.000;   0;   7.8;   3.7;  965.23;   -3.2;   76.46;   -2.1;   -4.3;   -4.6;eor
       4336;20180319;   10;  10.6;   5.0;    3;   0.0;   0;    5.667;   0;   6.4;   3.7;  970.75;   -1.3;   67.29;    3.0;   -3.7;   -4.8;eor
       4336;20180320;   10;  10.6;   3.2;    3;   0.0;   7;    5.467;   0;   3.0;   3.8;  979.55;   -1.3;   67.29;    3.6;   -6.5;   -9.4;eor
       4336;20180321;   10;   9.3;   2.5;    3;   0.0;   0;   11.533;   0;   2.6;   3.3;  988.32;    0.3;   57.42;    6.1;   -5.3;   -8.8;eor
       4336;20180322;   10;   8.2;   2.7;    3;   4.7;   8;    0.000;   0;   6.5;   5.2;  980.85;   -0.3;   85.25;    1.7;   -3.6;   -7.0;eor
       4336;20180323;   10;   6.9;   2.0;    3;   0.0;   6;    0.000;   0;   7.6;   7.1;  970.46;    3.2;   92.96;    5.7;    0.0;   -2.0;eor
       4336;20180324;   10;   8.7;   3.8;    3;   0.0;   0;    9.183;   0;   2.0;   6.0;  963.61;    4.6;   74.04;   11.3;   -0.5;   -1.5;eor
       4336;20180325;   10;   6.2;   2.2;    3;   0.0;   0;    9.083;   0;   3.5;   5.7;  968.70;    6.5;   60.54;   12.6;   -1.3;   -5.2;eor
       4336;20180326;   10;   8.4;   1.5;    3;   0.2;   6;    1.183;   0;   6.6;   6.5;  976.40;    6.3;   68.79;   12.7;    2.0;   -1.7;eor
       4336;20180327;   10;  14.9;   4.0;    3;   3.2;   6;    0.883;   0;   7.5;   7.2;  975.03;    5.2;   82.50;   10.3;    1.8;   -0.4;eor
       4336;20180328;   10;  17.1;   6.2;    3;  18.6;   6;    0.650;   0;   7.7;   8.9;  967.20;    7.4;   85.83;    9.6;    4.6;    3.9;eor
       4336;20180329;   10;   8.9;   3.7;    3;   0.0;   6;    4.150;   0;   6.0;   6.5;  969.57;    5.4;   73.63;    9.8;    2.8;    0.0;eor
       4336;20180330;   10;  11.8;   3.0;    3;   6.1;   6;    3.267;   0;   6.9;   7.5;  964.07;    5.3;   83.92;   10.8;    0.2;   -1.8;eor
       4336;20180331;   10;  11.1;   1.9;    3;   0.0;   6;    6.217;   0;   6.5;   7.1;  963.07;    5.8;   79.29;   12.0;    0.7;   -1.4;eor
       4336;20180401;   10;  13.9;   5.5;    3;   3.5;   6;    1.267;   0;   7.4;   7.4;  972.19;    5.7;   80.67;    8.3;    2.7;   -0.8;eor
       4336;20180402;   10;  12.3;   3.1;    3;   0.0;   6;    4.483;   0;   6.2;   6.7;  970.90;    8.2;   64.54;   13.4;    0.2;   -1.8;eor
       4336;20180403;   10;  13.5;   5.0;    3;   0.1;   6;    1.983;   0;   7.0;   7.5;  966.97;   13.0;   50.50;   17.8;    9.8;    7.4;eor
       4336;20180404;   10;  14.1;   4.3;    3;  12.9;   6;    1.567;   0;   7.2;   9.8;  967.15;   10.1;   79.92;   12.0;    7.6;    6.9;eor
       4336;20180405;   10;  16.1;   5.7;    3;   2.2;   6;    0.883;   0;   6.3;   8.0;  976.67;    7.0;   79.42;    9.7;    1.0;   -1.0;eor
       4336;20180406;   10;  12.3;   5.2;    3;   0.0;   0;   12.117;   0;   1.1;   6.7;  980.19;    8.0;   65.04;   15.1;    0.7;   -1.0;eor
       4336;20180407;   10;  13.2;   3.9;    3;   0.0;   6;   12.233;   0;   1.8;   7.6;  974.20;   13.9;   51.29;   22.8;    4.1;    1.3;eor
       4336;20180408;   10;   8.2;   3.0;    3;   0.0;   0;   10.567;   0;   4.2;   8.9;  969.91;   16.6;   48.58;   24.3;    9.4;    5.8;eor
       4336;20180409;   10;   9.1;   3.7;    3;   0.7;   6;    3.783;   0;   6.3;  10.5;  966.88;   13.6;   67.50;   18.4;   10.3;    5.6;eor
       4336;20180410;   10;  11.3;   2.5;    3;   4.8;   6;    0.200;   0;   7.3;  10.6;  967.36;    9.4;   89.83;   13.6;    4.2;    2.4;eor
       4336;20180411;   10;  10.3;   2.7;    3;   0.0;   0;   10.683;   0;   2.3;   8.4;  967.67;   10.6;   68.88;   17.6;    1.9;   -0.1;eor
       4336;20180412;   10;  11.1;   4.0;    3;   0.0;   0;    8.017;   0;   5.3;   9.8;  962.80;   12.5;   68.75;   18.2;    7.9;    4.1;eor
       4336;20180413;   10;   9.3;   2.7;    3;   0.5;   6;    0.200;   0;   5.7;   9.4;  971.57;    9.9;   77.75;   13.3;    6.3;    2.8;eor
       4336;20180414;   10;   9.6;   1.8;    3;   0.3;   6;    8.583;   0;   5.4;   9.5;  980.15;   13.2;   64.17;   18.7;    7.5;    3.8;eor
       4336;20180415;   10;   7.0;   1.7;    3;   0.0;   0;    5.417;   0;   6.8;  11.2;  975.85;   13.7;   72.88;   18.6;    9.8;    7.0;eor
       4336;20180416;   10;   9.3;   2.2;    3;   0.0;   0;    9.283;   0;   3.2;   9.4;  978.13;   12.5;   67.67;   19.2;    6.5;    3.0;eor
       4336;20180417;   10;   6.0;   1.3;    3;   0.0;   0;   13.117;   0;   3.0;   9.1;  987.21;   13.9;   61.13;   21.8;    4.7;    1.1;eor
       4336;20180418;   10;  11.1;   3.8;    3;   0.0;   0;   13.200;   0;   3.1;   9.6;  991.29;   17.2;   51.96;   24.6;    9.7;    5.4;eor
       4336;20180419;   10;  11.0;   3.1;    3;   0.0;   0;   13.350;   0;   0.8;  10.0;  988.61;   18.8;   48.63;   26.6;   10.0;    6.4;eor
       4336;20180420;   10;   5.7;   2.0;    3;   0.0;   0;   12.217;   0;   2.5;  10.1;  985.20;   19.4;   47.67;   27.7;   12.4;    7.1;eor
       4336;20180421;   10;   6.2;   1.4;    3;   0.0;   0;   13.017;   0;   1.9;  11.6;  981.65;   19.0;   56.54;   26.8;   10.1;    6.8;eor
       4336;20180422;   10;  10.8;   3.4;    3;   0.8;   6;   10.667;   0;   4.4;  12.5;  977.26;   19.4;   57.58;   26.1;   11.2;    7.6;eor
       4336;20180423;   10;  11.8;   3.6;    3;   0.1;   6;    4.550;   0;   6.0;  13.5;  979.01;   15.6;   76.33;   20.1;    8.7;    5.6;eor
       4336;20180424;   10;  10.5;   2.9;    3;   0.0;   0;    9.917;   0;   6.0;  10.8;  980.06;   13.4;   72.58;   19.1;    7.9;    4.5;eor
       4336;20180425;   10;  13.7;   5.2;    3;   1.3;   6;    4.200;   0;   4.7;  11.4;  976.48;   12.2;   80.46;   16.9;    8.2;    5.3;eor
       4336;20180426;   10;  12.7;   4.3;    3;   0.0;   0;    6.367;   0;   3.9;   7.7;  980.83;    8.7;   70.46;   14.1;    5.0;    1.6;eor
       4336;20180427;   10;  10.6;   3.6;    3;   0.0;   0;   11.417;   0;   4.6;   7.9;  974.27;   12.2;   59.13;   19.6;    2.9;   -0.4;eor
       4336;20180428;   10;   9.9;   3.6;    3;   1.6;   6;    6.750;   0;   5.1;   9.4;  975.02;   11.4;   70.54;   15.7;    7.4;    4.3;eor
       4336;20180429;   10;  15.6;   3.9;    3;   3.0;   6;    8.367;   0;   6.2;  12.8;  967.41;   14.8;   76.38;   22.1;    6.6;    3.7;eor
       4336;20180430;   10;  21.8;   7.9;    3;   1.5;   6;    2.117;   0;   6.5;   9.4;  967.39;    9.9;   76.67;   14.4;    3.9;    1.8;eor
       4336;20180501;   10;  10.8;   4.0;    3;   0.0;   0;    4.483;   0;   5.5;   6.8;  975.75;    7.1;   69.08;   12.6;    2.9;   -0.4;eor
       4336;20180502;   10;   5.8;   1.7;    3;   0.0;   0;    1.633;   0;   6.3;   7.6;  975.01;    9.0;   68.13;   15.0;    1.7;   -1.7;eor
       4336;20180503;   10;   9.3;   2.8;    3;   0.0;   0;    5.433;   0;   6.3;   8.9;  977.70;   12.1;   64.58;   17.8;    6.1;    3.6;eor
       4336;20180504;   10;  12.5;   5.6;    3;   0.0;   0;   13.600;   0;   1.0;   8.9;  981.02;   14.6;   53.46;   20.7;    7.9;    6.4;eor
       4336;20180505;   10;  13.9;   6.0;    3;   0.0;   0;   13.767;   0;   0.1;  10.0;  982.86;   16.4;   53.96;   22.8;    9.7;    8.4;eor
       4336;20180506;   10;  11.3;   5.0;    3;   0.0;   0;   14.350;   0;   0.0;   9.4;  982.83;   17.5;   49.21;   24.3;   11.0;    8.2;eor
       4336;20180507;   10;  11.7;   4.8;    3;   0.0;   0;   14.433;   0;   0.3;   9.7;  979.11;   17.7;   50.00;   24.5;   10.9;    8.9;eor
       4336;20180508;   10;  12.5;   4.2;    3;   0.0;   0;   14.467;   0;   0.0;   9.3;  972.60;   19.0;   45.17;   25.3;   10.8;    8.6;eor
       4336;20180509;   10;   7.9;   2.8;    3;   0.2;   6;    9.750;   0;   2.5;  11.4;  969.44;   18.4;   55.33;   25.3;   12.5;    8.8;eor
       4336;20180510;   10;  10.3;   3.3;    3;   3.8;   6;    0.233;   0;   6.4;  11.8;  975.16;   12.3;   82.29;   15.0;    8.8;    6.1;eor
       4336;20180511;   10;   7.5;   2.4;    3;   0.0;   0;   10.050;   0;   3.3;  10.9;  980.30;   13.9;   70.83;   20.0;    7.9;    6.5;eor
       4336;20180512;   10;   7.9;   2.4;    3;   1.0;   6;   12.250;   0;   6.0;  12.6;  975.94;   17.2;   66.25;   24.5;    8.5;    4.0;eor
       4336;20180513;   10;   9.3;   3.1;    3;  10.3;   6;    0.000;   0;   7.8;  13.5;  973.40;   12.5;   93.17;   16.1;   10.8;   11.6;eor
       4336;20180514;   10;   7.9;   2.8;    3;   2.4;   6;    1.333;   0;   7.4;  15.1;  972.23;   14.6;   90.79;   17.9;   11.7;    9.6;eor
       4336;20180515;   10;  10.8;   3.2;    3;   4.5;   6;   12.550;   0;   4.2;  11.1;  975.28;   15.5;   65.25;   20.8;    8.2;    4.8;eor
       4336;20180516;   10;  11.8;   3.0;    3;   2.8;   6;    5.283;   0;   6.5;  12.0;  977.27;   14.2;   75.67;   19.2;   10.9;    8.0;eor
       4336;20180517;   10;   6.9;   2.2;    3;   0.0;   0;   11.417;   0;   4.5;  11.0;  980.90;   14.6;   68.92;   20.6;    7.6;    4.2;eor
       4336;20180518;   10;   8.2;   2.2;    3;   0.0;   0;   13.900;   0;   3.5;   9.4;  982.30;   12.6;   66.83;   19.4;    5.3;    1.7;eor
       4336;20180519;   10;   8.6;   3.5;    3;   0.0;   0;   12.817;   0;   3.0;   9.2;  982.23;   13.2;   63.29;   19.4;    6.8;    3.8;eor
       4336;20180520;   10;  11.7;   4.4;    3;   4.0;   6;    1.917;   0;   6.1;  11.7;  981.48;   13.1;   76.79;   16.3;    9.4;    7.5;eor
       4336;20180521;   10;   8.1;   3.0;    3;   0.0;   6;   12.217;   0;   4.7;  12.9;  976.18;   16.9;   68.50;   23.3;   10.2;    8.3;eor
       4336;20180522;   10;   9.1;   1.8;    3;   5.1;   6;    9.083;   0;   5.4;  14.3;  975.15;   17.1;   76.33;   25.6;   10.4;    7.1;eor
       4336;20180523;   10;  11.1;   2.2;    3;   1.3;   6;    2.567;   0;   6.9;  15.5;  979.65;   16.4;   83.67;   21.5;   12.9;   11.5;eor
       4336;20180524;   10;  11.1;   2.2;    3;  25.4;   6;    4.050;   0;   5.8;  15.4;  980.15;   16.2;   84.88;   22.6;   11.4;    9.1;eor
       4336;20180525;   10;   5.5;   1.5;    3;   0.0;   0;   11.683;   0;   5.2;  14.4;  980.52;   17.6;   75.00;   25.3;    9.2;    7.4;eor
       4336;20180526;   10;   8.1;   3.2;    3;   0.0;   0;   13.000;   0;   5.7;  16.2;  981.43;   21.1;   67.13;   28.4;   14.6;   13.1;eor
       4336;20180527;   10;   8.6;   2.5;    3;   0.0;   6;    7.267;   0;   6.2;  16.9;  980.30;   20.7;   69.58;   25.0;   16.3;   13.1;eor
       4336;20180528;   10;   9.8;   2.6;    3;   0.0;   6;    6.517;   0;   6.7;  17.0;  978.60;   20.7;   71.71;   28.2;   15.0;   12.5;eor
       4336;20180529;   10;   9.1;   2.9;    3;   0.1;   6;    3.433;   0;   5.3;  16.8;  977.20;   17.8;   83.17;   21.9;   13.9;   10.6;eor
       4336;20180530;   10;  12.2;   2.3;    3;  23.0;   6;   13.083;   0;   3.1;  15.8;  977.27;   20.7;   68.54;   28.0;   13.3;   10.4;eor
       4336;20180531;   10;  14.4;   2.8;    3;  66.1;   6;   10.517;   0;   5.5;  17.4;  977.78;   19.6;   78.33;   25.9;   14.0;   14.0;eor
       4336;20180601;   10;  10.3;   3.4;    3;   5.0;   6;    2.133;   0;   6.5;  17.0;  980.95;   16.7;   89.67;   21.0;   13.1;   11.0;eor
       4336;20180602;   10;   5.7;   1.8;    3;   0.0;   0;    5.850;   0;   4.0;  15.7;  981.94;   17.0;   82.38;   22.3;   12.5;   10.2;eor
       4336;20180603;   10;   7.2;   2.3;    3;   0.0;   0;   14.600;   0;   2.7;  14.7;  979.70;   19.6;   67.29;   25.9;   11.5;    8.6;eor
       4336;20180604;   10;   8.7;   3.5;    3;   0.0;   6;   12.433;   0;   5.0;  16.1;  974.11;   22.0;   61.88;   27.5;   15.6;   13.4;eor
       4336;20180605;   10;   9.6;   4.1;    3;   0.0;   0;   14.500;   0;   2.7;  16.4;  973.35;   22.1;   62.88;   27.3;   16.8;   15.8;eor
       4336;20180606;   10;   8.9;   3.0;    3;   6.2;   6;   10.867;   0;   4.6;  17.1;  974.97;   21.2;   68.75;   27.4;   16.3;   15.6;eor
       4336;20180607;   10;   5.8;   1.6;    3;  16.2;   6;    5.367;   0;   7.0;  17.9;  977.88;   18.6;   84.50;   23.9;   15.8;   15.3;eor
       4336;20180608;   10;   8.2;   1.6;    3;   0.3;   6;    5.567;   0;   6.3;  19.1;  975.74;   20.1;   82.29;   25.7;   15.2;   13.3;eor
       4336;20180609;   10;   8.1;   1.6;    3;  13.8;   6;    5.783;   0;   6.2;  19.1;  975.47;   19.2;   86.58;   26.7;   15.1;   12.8;eor
       4336;20180610;   10;   6.5;   1.6;    3;   0.0;   6;    8.083;   0;   5.7;  18.7;  974.70;   20.2;   80.29;   27.2;   14.5;   14.0;eor
       4336;20180611;   10;   9.8;   2.3;    3;   8.5;   6;    3.050;   0;   6.4;  19.1;  972.86;   18.8;   88.63;   25.6;   15.3;   13.7;eor
       4336;20180612;   10;  11.7;   3.5;    3;  10.8;   6;    0.350;   0;   7.5;  16.1;  972.89;   15.6;   90.46;   18.0;   13.6;   13.4;eor
       4336;20180613;   10;   7.7;   2.9;    3;   0.0;   0;    1.383;   0;   7.0;  11.6;  977.97;   13.9;   73.71;   15.6;   11.3;   10.5;eor
       4336;20180614;   10;   9.1;   1.8;    3;   0.5;   6;    5.750;   0;   6.9;  12.1;  979.42;   15.3;   71.46;   20.6;   10.3;    8.8;eor
       4336;20180615;   10;   4.1;   1.1;    3;   0.0;   0;    1.550;   0;   7.1;  15.1;  979.70;   16.9;   79.71;   20.8;   13.5;   10.9;eor
       4336;20180616;   10;   9.3;   2.1;    3;   0.0;   0;   10.550;   0;   5.0;  15.0;  978.65;   19.3;   69.04;   25.1;   13.4;   10.7;eor
       4336;20180617;   10;  10.3;   2.9;    3;   0.0;   0;    4.300;   0;   5.7;  13.3;  981.65;   16.4;   72.04;   20.7;   11.4;    8.9;eor
       4336;20180618;   10;   7.0;   2.4;    3;   0.0;   0;    5.050;   0;   5.6;  14.2;  985.20;   17.0;   73.50;   21.1;   11.6;    9.2;eor
       4336;20180619;   10;   5.7;   1.9;    3;   0.0;   0;    5.533;   0;   4.3;  15.9;  987.02;   17.7;   79.21;   22.9;   12.3;    9.4;eor
       4336;20180620;   10;   5.7;-999;    3;   0.0;   0;   15.100;   0;   0.7;  17.2;  983.47;   22.0;   69.00;   29.3;   13.3;   10.1;eor
       4336;20180621;   10;  13.2;   4.7;    3;   0.0;   0;   13.017;   0;   3.3;  13.0;  981.80;   17.8;   63.21;   22.5;    8.7;    6.5;eor
       4336;20180622;   10;  11.3;   3.5;    3;   0.0;   0;    8.117;   0;   2.8;   9.0;  988.12;   11.9;   65.46;   17.0;    6.0;    3.2;eor
       4336;20180623;   10;   8.2;-999;    3;   0.0;   0;   12.500;   0;   3.3;   9.8;  987.98;   13.0;   67.58;   19.8;    5.5;    2.6;eor
       4336;20180624;   10;-999;-999;    3;   0.0;   0;    6.400;   0;   6.5;  11.2;  984.29;   15.3;   66.54;   20.5;    7.9;    5.6;eor
       4336;20180625;   10;-999;   2.2;    3;   0.0;   0;    5.200;   0;   5.0;  12.4;  985.55;   16.2;   68.58;   21.1;   11.5;    8.2;eor
       4336;20180626;   10;   7.2;   2.3;    3;   0.0;   0;   14.783;   0;   1.8;  13.0;  985.30;   18.3;   64.50;   25.4;    9.7;    6.9;eor
       4336;20180627;   10;   9.9;   4.1;    3;   0.0;   0;   14.167;   0;   1.8;  12.4;  984.29;   19.7;   56.00;   25.5;   13.0;   11.2;eor
       4336;20180628;   10;  12.5;   4.4;    3;   0.0;   0;   12.683;   0;   3.8;  12.6;  981.98;   20.0;   54.75;   26.2;   13.6;   12.1;eor
       4336;20180629;   10;  11.7;   3.7;    3;   0.0;   0;   12.833;   0;   3.6;  15.1;  978.75;   22.4;   56.71;   27.6;   16.9;   12.9;eor
       4336;20180630;   10;   7.9;   3.7;    3;   0.0;   0;   15.417;   0;   0.3;  14.3;  976.33;   23.2;   51.54;   29.3;   16.9;   14.4;eor
       4336;20180701;   10;  11.1;   5.7;    3;   0.0;   0;   15.683;   0;   0.5;   9.5;  976.82;   20.6;   39.92;   26.4;   14.6;   13.4;eor
       4336;20180702;   10;  12.5;   4.9;    3;   0.0;   0;   15.450;   0;   0.5;   9.6;  976.61;   20.7;   40.21;   27.1;   14.1;   13.0;eor
       4336;20180703;   10;   8.6;   3.0;    3;   0.0;   0;   13.500;   0;   3.4;  10.6;  978.55;   21.5;   42.50;   27.8;   15.0;   11.8;eor
       4336;20180704;   10;  11.8;   2.5;    3;  28.4;   6;    8.383;   0;   6.1;  16.2;  977.85;   19.9;   70.63;   28.6;   14.5;   11.7;eor
       4336;20180705;   10;   9.3;   2.2;    3;  14.0;   6;    0.433;   0;   6.9;  18.0;  977.83;   17.4;   90.38;   21.1;   14.1;   12.6;eor
       4336;20180706;   10;   7.7;   2.2;    3;   7.3;   6;    8.483;   0;   4.8;  16.6;  982.04;   19.6;   75.00;   25.2;   14.3;   12.0;eor
       4336;20180707;   10;   7.5;   2.4;    3;   0.0;   0;   10.783;   0;   4.5;  14.9;  984.87;   20.4;   64.00;   26.4;   13.8;   11.2;eor
       4336;20180708;   10;   7.5;   2.5;    3;   0.0;   0;   14.967;   0;   0.8;  11.7;  984.83;   19.9;   52.79;   26.0;   12.3;    9.1;eor
       4336;20180709;   10;   8.1;   2.4;    3;   0.0;   0;   13.000;   0;   3.3;  12.5;  983.28;   19.3;   57.54;   25.2;   11.7;    8.2;eor
       4336;20180710;   10;   9.8;   3.3;    3;   0.0;   0;    6.117;   0;   5.3;  12.2;  980.20;   16.0;   67.50;   18.9;   13.7;   11.0;eor
       4336;20180711;   10;   8.2;   2.4;    3;   0.0;   6;    6.967;   0;   4.0;  12.2;  979.61;   15.6;   70.38;   20.9;   10.8;    8.8;eor
       4336;20180712;   10;   7.9;   1.8;    3;   0.0;   0;    6.633;   0;   4.5;  13.9;  980.67;   18.3;   67.33;   24.4;   13.9;   11.1;eor
       4336;20180713;   10;   7.2;   1.9;    3;   0.0;   0;   12.783;   0;   1.4;  14.2;  982.00;   20.4;   61.88;   27.3;   12.2;    9.5;eor
       4336;20180714;   10;   6.7;   2.4;    3;   0.0;   0;   13.283;   0;   2.3;  14.1;  980.85;   22.1;   55.08;   28.5;   14.8;   11.1;eor
       4336;20180715;   10;  13.4;   2.7;    3;   5.1;   6;    9.983;   0;   4.7;  15.1;  978.46;   19.8;   67.58;   28.2;   14.8;   12.6;eor
       4336;20180716;   10;   7.0;   1.5;    3;   0.0;   6;   13.600;   0;   3.7;  15.4;  976.35;   20.4;   67.17;   27.6;   13.3;   11.0;eor
       4336;20180717;   10;  15.1;   2.3;    3;   0.5;   6;   12.250;   0;   3.6;  15.1;  978.17;   21.1;   62.54;   27.8;   13.8;   11.0;eor
       4336;20180718;   10;   6.7;   2.2;    3;   0.0;   0;   12.317;   0;   3.5;  13.2;  980.46;   21.2;   55.04;   26.9;   14.9;   11.4;eor
       4336;20180719;   10;   6.7;   2.4;    3;   0.0;   0;   12.917;   0;   3.5;  12.8;  979.77;   21.1;   53.33;   27.7;   13.9;   10.4;eor
       4336;20180720;   10;  11.0;   2.1;    3;   0.8;   6;   10.433;   0;   4.9;  13.7;  976.05;   22.0;   53.71;   29.0;   15.2;   10.7;eor
       4336;20180721;   10;   8.6;   3.2;    3;   0.0;   0;    3.667;   0;   6.7;  16.9;  975.31;   19.6;   74.83;   24.4;   15.7;   13.3;eor
       4336;20180722;   10;   7.7;   2.3;    3;   0.0;   0;    9.050;   0;   6.1;  16.1;  977.55;   20.6;   68.08;   26.6;   15.6;   13.3;eor
       4336;20180723;   10;   6.2;   1.7;    3;   0.0;   0;   12.083;   0;   1.1;  15.6;  979.99;   21.6;   63.29;   27.7;   13.9;   11.0;eor
       4336;20180724;   10;   7.2;   2.2;    3;   0.0;   0;   13.933;   0;   0.4;  15.6;  977.48;   23.8;   55.71;   30.7;   17.0;   12.4;eor
       4336;20180725;   10;   7.5;   1.7;    3;   0.0;   0;   13.000;   0;   1.4;  15.1;  977.47;   25.4;   50.13;   32.6;   16.4;   13.3;eor
       4336;20180726;   10;   8.1;   2.7;    3;   0.0;   0;   14.350;   0;   1.4;  15.4;  977.28;   26.7;   46.33;   33.4;   19.1;   14.6;eor
       4336;20180727;   10;   7.4;   1.9;    3;   0.0;   6;   14.383;   0;   1.8;  14.0;  974.94;   26.2;   44.00;   32.9;   17.5;   13.5;eor
       4336;20180728;   10;  13.2;   3.9;    3;   0.2;   6;    6.900;   0;   5.3;  16.5;  973.90;   22.6;   60.63;   28.5;   17.0;   14.3;eor
       4336;20180729;   10;   8.7;   2.3;    3;   0.0;   0;   10.067;   0;   4.6;  15.6;  977.46;   22.9;   59.46;   30.1;   15.7;   13.5;eor
       4336;20180730;   10;   9.8;   1.6;    3;   0.0;   0;   13.300;   0;   2.9;  16.3;  978.72;   24.5;   56.63;   32.1;   15.8;   13.0;eor
       4336;20180731;   10;   8.4;   2.5;    3;   0.5;   6;   13.467;   0;   1.8;  16.7;  979.94;   24.8;   56.29;   31.9;   16.9;   14.0;eor
       4336;20180801;   10;  10.6;   2.3;    3;  10.5;   6;    3.183;   0;   6.7;  19.2;  983.19;   19.8;   83.71;   24.3;   15.8;   13.9;eor
       4336;20180802;   10;   5.7;   1.5;    3;   0.0;   0;   12.867;   0;   1.3;  17.8;  984.28;   22.7;   68.92;   30.6;   14.4;   13.0;eor
       4336;20180803;   10;   7.7;   2.8;    3;   0.0;   0;   13.483;   0;   0.5;  18.0;  982.49;   26.1;   55.21;   33.3;   18.8;   15.0;eor
       4336;20180804;   10;   7.4;   1.8;    3;   0.0;   0;   10.350;   0;   2.2;  17.4;  980.54;   26.7;   51.96;   33.9;   17.9;   14.8;eor
       4336;20180805;   10;   8.7;   3.7;    3;   0.0;   0;   13.050;   0;   2.8;  15.9;  982.05;   25.0;   51.58;   30.2;   19.5;   16.6;eor
       4336;20180806;   10;  12.5;   3.5;    3;   0.0;   0;   14.233;   0;   1.4;  13.8;  978.47;   24.9;   45.96;   32.8;   17.4;   16.0;eor
       4336;20180807;   10;  13.4;   3.5;    3;   0.0;   6;   11.533;   0;   3.4;  16.8;  974.30;   26.9;   48.00;   34.7;   19.0;   16.1;eor
       4336;20180808;   10;  20.7;   3.9;    3;   0.9;   6;    5.700;   0;   6.1;  17.5;  976.54;   22.7;   63.79;   25.7;   17.9;   15.2;eor
       4336;20180809;   10;  19.2;   5.2;    3;  11.8;   6;    5.300;   0;   5.8;  17.5;  976.83;   20.7;   72.63;   29.2;   14.2;   13.1;eor
       4336;20180810;   10;  11.0;   4.0;    3;   0.0;   6;    9.567;   0;   3.7;  12.0;  985.75;   17.1;   64.25;   23.3;   11.8;    8.6;eor
       4336;20180811;   10;  10.8;   2.9;    3;   0.0;   0;    9.483;   0;   4.5;  11.1;  985.69;   16.8;   59.71;   23.0;   11.9;    8.1;eor
       4336;20180812;   10;   8.2;   2.0;    3;   3.8;   6;   14.067;   0;   2.8;  11.0;  978.63;   19.6;   51.83;   28.1;   10.2;    6.6;eor
       4336;20180813;   10;  13.7;   3.9;    3;  19.4;   6;    2.133;   0;   5.8;  16.6;  973.03;   18.0;   80.25;   22.6;   14.5;   12.0;eor
       4336;20180814;   10;   9.6;   3.1;    3;   0.0;   0;    7.567;   0;   3.5;  15.6;  979.19;   17.4;   79.67;   22.1;   12.8;    9.5;eor
       4336;20180815;   10;   6.7;   1.8;    3;   0.0;   0;    5.267;   0;   4.5;  15.3;  982.85;   17.9;   76.25;   23.3;   12.7;   10.3;eor
       4336;20180816;   10;   5.1;   1.4;    3;   0.0;   0;   13.650;   0;   2.0;  15.1;  979.00;   20.8;   64.33;   28.6;   11.9;    9.2;eor
       4336;20180817;   10;  10.3;   2.7;    3;   0.3;   6;   11.867;   0;   4.1;  16.5;  978.88;   21.1;   67.33;   27.6;   15.1;   12.1;eor
       4336;20180818;   10;   7.0;   2.1;    3;   0.0;   0;   13.450;   0;   2.0;  12.5;  984.60;   19.3;   59.29;   25.7;   13.4;   10.3;eor
       4336;20180819;   10;   8.2;   2.1;    3;   0.0;   0;   13.283;   0;   1.7;  13.2;  984.02;   19.7;   60.33;   27.8;   10.9;    8.2;eor
       4336;20180820;   10;   7.2;   2.3;    3;   0.0;   0;   10.983;   0;   2.7;  16.2;  982.74;   20.2;   69.71;   26.7;   13.8;   11.1;eor
       4336;20180821;   10;  10.3;   1.7;    3;   0.0;   0;   10.400;   0;   3.3;  16.4;  982.00;   21.9;   64.75;   28.7;   16.1;   13.5;eor
       4336;20180822;   10;   6.9;   2.1;    3;   0.0;   0;   13.117;   0;   1.2;  15.6;  979.57;   23.4;   56.92;   31.4;   15.6;   12.2;eor
       4336;20180823;   10;  14.4;   2.2;    3;   2.9;   6;    8.450;   0;   3.5;  17.5;  976.64;   21.4;   71.54;   30.1;   15.7;   12.9;eor
       4336;20180824;   10;  10.5;   3.9;    3;   2.8;   6;    1.767;   0;   6.2;  13.7;  976.64;   15.6;   77.08;   18.7;   11.9;    7.6;eor
       4336;20180825;   10;   9.8;   4.0;    3;   1.4;   6;    4.850;   0;   4.3;  10.3;  976.60;   12.7;   71.25;   17.6;    6.6;    3.6;eor
       4336;20180826;   10;  11.8;   1.9;    3;   2.4;   6;   10.367;   0;   3.9;   8.8;  979.39;   13.7;   60.21;   20.5;    5.1;    2.3;eor
       4336;20180827;   10;  10.3;   3.5;    3;   1.3;   6;    0.017;   0;   7.0;  14.5;  978.32;   15.0;   83.96;   18.4;   11.3;   10.1;eor
       4336;20180828;   10;   5.0;   1.6;    3;   0.0;   0;   11.367;   0;   3.8;  13.8;  981.16;   16.5;   75.71;   23.9;    9.4;    7.5;eor
       4336;20180829;   10;  13.7;   3.5;    3;   2.3;   6;    5.600;   0;   5.5;  15.7;  976.95;   18.3;   74.63;   24.6;   11.8;    8.6;eor
       4336;20180830;   10;   9.4;   2.7;    3;   3.1;   6;    0.850;   0;   7.4;  15.4;  983.02;   15.5;   87.50;   18.8;   13.4;   12.0;eor
       4336;20180831;   10;   7.7;   2.4;    3;   0.0;   6;    1.367;   0;   7.0;  11.2;  983.56;   15.0;   66.54;   18.7;   11.3;    8.4;eor
       4336;20180901;   10;   9.4;   3.8;    3;   0.0;   0;   11.283;   0;   1.5;   9.3;  986.25;   15.0;   55.88;   20.8;    8.9;    4.9;eor
       4336;20180902;   10;  11.8;   4.2;    3;   0.0;   0;    2.417;   0;   5.1;  11.4;  984.28;   15.2;   65.21;   18.2;   10.1;    6.0;eor
       4336;20180903;   10;   6.2;   2.0;    3;   0.0;   0;    1.950;   0;   7.0;  14.5;  979.61;   16.8;   76.25;   21.9;   14.0;   11.3;eor
       4336;20180904;   10;   4.6;   1.2;    3;   0.0;   0;    7.483;   0;   4.3;  15.1;  978.90;   18.4;   74.08;   24.6;   11.9;    9.1;eor
       4336;20180905;   10;   5.7;   1.7;    3;   0.0;   0;    9.017;   0;   1.6;  15.9;  978.52;   19.9;   71.25;   26.6;   13.4;   10.1;eor
       4336;20180906;   10;   7.7;   2.1;    3;   0.0;   6;    5.933;   0;   5.8;  16.7;  975.06;   18.2;   80.58;   23.7;   13.4;   10.7;eor
       4336;20180907;   10;   9.8;   3.7;    3;   0.3;   6;    1.500;   0;   5.9;  14.4;  978.53;   15.0;   84.63;   18.7;    8.0;    4.4;eor
       4336;20180908;   10;   8.1;   1.5;    3;   0.0;   0;   12.467;   0;   2.3;  10.5;  983.38;   13.6;   71.08;   21.1;    5.7;    2.2;eor
       4336;20180909;   10;   5.8;   1.4;    3;   0.0;   0;   12.200;   0;   4.6;  10.8;  984.09;   16.8;   60.88;   25.0;    8.2;    4.5;eor
       4336;20180910;   10;  10.3;   2.6;    3;   0.0;   0;   11.000;   0;   5.9;  12.4;  985.22;   18.8;   59.25;   27.1;   11.2;    7.2;eor
       4336;20180911;   10;   9.9;   2.0;    3;   0.0;   0;   12.483;   0;   3.0;  12.0;  986.84;   18.5;   60.71;   27.1;   10.2;    6.6;eor
       4336;20180912;   10;   9.3;   2.2;    3;   0.0;   0;   12.033;   0;   1.7;  12.9;  983.21;   20.8;   54.96;   29.2;   12.9;    8.8;eor
       4336;20180913;   10;-999;   1.9;    3;   0.6;   6;    0.017;   0;   6.9;  16.4;  981.72;   16.8;   85.58;   20.3;   14.6;   13.2;eor
       4336;20180914;   10;   5.7;-999;    3;   0.0;   0;    2.100;   0;   6.5;  14.1;  982.89;   16.0;   77.71;   21.1;   10.3;    5.8;eor
       4336;20180915;   10;   7.2;   2.1;    3;   0.0;   0;   10.217;   0;   2.0;  10.4;  986.70;   13.6;   69.96;   21.0;    7.0;    3.6;eor
       4336;20180916;   10;   7.2;   2.4;    3;   0.0;   0;   11.367;   0;   3.6;  10.9;  984.37;   16.3;   61.46;   25.0;    8.5;    5.1;eor
       4336;20180917;   10;   6.9;   1.9;    3;   0.0;   0;   12.067;   0;   3.8;  11.6;  981.71;   18.5;   59.63;   27.9;    9.5;    5.6;eor
       4336;20180918;   10;  12.2;   3.3;    3;   1.7;   6;   10.767;   0;   2.1;  15.0;  979.03;   21.2;   60.33;   29.7;   14.1;    9.1;eor
       4336;20180919;   10;  11.1;   2.1;    3;   0.0;   0;   10.600;   0;   2.1;  15.6;  982.15;   20.5;   67.42;   28.6;   13.3;   10.5;eor
       4336;20180920;   10;   9.8;   2.4;    3;   0.0;   0;   11.100;   0;   2.9;  15.1;  980.87;   19.6;   69.13;   26.9;   12.2;    9.1;eor
       4336;20180921;   10;  15.9;   5.3;    3;   1.6;   6;    1.483;   0;   6.2;  12.9;  976.60;   15.9;   70.96;   22.8;   10.1;    7.1;eor
       4336;20180922;   10;   9.6;   3.3;    3;   2.1;   6;    4.150;   0;   7.1;   9.5;  984.05;   12.1;   68.54;   17.3;    7.3;    3.8;eor
       4336;20180923;   10;  25.9;   6.3;    3;  18.5;   6;    0.000;   0;   7.6;  14.9;  976.83;   13.9;   91.13;   18.6;    8.6;    7.8;eor
       4336;20180924;   10;   7.4;   2.8;    3;   0.0;   0;    8.150;   0;   2.5;   8.4;  994.57;    9.4;   73.04;   15.4;    4.4;    1.3;eor
       4336;20180925;   10;  10.1;   4.0;    3;   0.0;   0;   11.500;   0;   2.2;   7.4;  998.39;    8.7;   68.58;   14.9;    3.1;   -0.3;eor
       4336;20180926;   10;   7.7;   2.2;    3;   0.0;   0;   11.600;   0;   4.0;   7.1;  995.43;   10.3;   59.00;   19.4;    2.2;   -1.2;eor
       4336;20180927;   10;   5.1;   1.5;    3;   0.0;   0;   11.550;   0;   0.1;   9.6;  989.93;   13.4;   66.33;   23.5;    3.9;    0.3;eor
       4336;20180928;   10;  14.1;   3.1;    3;   0.0;   6;    9.733;   0;   3.3;  10.0;  985.56;   13.0;   70.42;   20.8;    6.2;    2.4;eor
       4336;20180929;   10;  12.2;   5.4;    3;   0.0;   0;   11.233;   0;   4.3;   6.9;  986.83;   10.5;   56.38;   16.0;    5.8;    3.9;eor
       4336;20180930;   10;   5.7;   2.5;    3;   0.0;   6;   11.083;   0;   0.8;   8.3;  979.23;   11.2;   62.88;   19.2;    3.7;    0.8;eor
       4336;20181001;   10;  11.8;   3.3;    3;   0.4;   6;    2.983;   0;   5.4;   8.4;  981.10;    8.7;   75.08;   14.6;    3.7;   -0.2;eor
       4336;20181002;   10;  13.9;   4.6;    3;   2.1;   6;    0.000;   0;   6.8;   8.8;  985.23;    7.2;   86.21;   10.1;    2.4;   -1.0;eor
       4336;20181003;   10;   7.5;   3.2;    3;   0.0;   6;    3.950;   0;   5.8;  11.6;  987.76;   11.3;   87.21;   16.7;    5.5;    1.9;eor
       4336;20181004;   10;   7.7;   2.1;    3;   0.0;   0;   10.983;   0;   0.3;   9.3;  988.39;   10.7;   74.63;   18.6;    3.5;    0.2;eor
       4336;20181005;   10;   6.2;   2.5;    3;   0.0;   0;   11.050;   0;   0.5;  10.8;  981.42;   13.7;   70.54;   22.2;    5.7;    2.2;eor
       4336;20181006;   10;   8.7;   2.9;    3;   0.0;   6;    5.383;   0;   4.2;  12.2;  974.33;   15.2;   71.08;   20.6;    9.0;    5.3;eor
       4336;20181007;   10;   8.7;   2.7;    3;   0.0;   0;    4.750;   0;   3.7;  12.6;  977.91;   13.9;   79.75;   19.6;    8.9;    6.3;eor
       4336;20181008;   10;   6.7;   2.6;    3;   0.0;   0;   10.117;   0;   1.8;  11.6;  982.93;   13.1;   77.63;   20.5;    7.5;    6.1;eor
       4336;20181009;   10;   7.2;   2.5;    3;   0.0;   0;    8.400;   0;   3.6;  12.7;  983.48;   13.8;   81.54;   20.6;    8.5;    4.2;eor
       4336;20181010;   10;  10.3;   3.9;    3;   0.0;   0;   10.033;   0;   0.3;  13.1;  978.63;   14.5;   80.29;   19.7;   10.0;    6.8;eor
       4336;20181011;   10;   6.3;   2.3;    3;   0.0;   6;    6.050;   0;   3.7;  12.8;  977.07;   14.9;   76.33;   21.3;    8.9;    4.8;eor
       4336;20181012;   10;   9.8;   3.1;    3;   0.0;   0;    9.367;   0;   5.0;  14.1;  983.82;   18.7;   67.21;   25.0;   13.8;    9.3;eor
       4336;20181013;   10;   4.6;   1.8;    3;   0.0;   0;   10.433;   0;   0.9;  13.0;  982.31;   18.0;   65.29;   25.3;   12.4;    8.1;eor
       4336;20181014;   10;   7.7;   2.0;    3;   0.0;   0;   10.267;   0;   1.5;  12.9;  975.23;   17.7;   65.46;   24.7;   12.1;    7.7;eor
       4336;20181015;   10;   6.5;   2.1;    3;   0.0;   0;   10.033;   0;   1.0;  11.2;  976.48;   16.3;   63.04;   23.6;    9.8;    6.2;eor
       4336;20181016;   10;   8.1;   2.0;    3;   0.0;   0;    8.333;   0;   2.1;  11.0;  980.78;   15.1;   66.00;   23.3;    8.5;    3.2;eor
       4336;20181017;   10;   5.7;   2.5;    3;   0.0;   0;    9.500;   0;   5.2;  11.5;  981.08;   15.1;   68.71;   22.5;    8.4;    4.4;eor
       4336;20181018;   10;  10.3;   4.2;    3;   0.0;   0;    9.317;   0;   3.2;  12.1;  982.56;   14.5;   73.50;   20.3;   10.3;    5.7;eor
       4336;20181019;   10;   9.1;   4.0;    3;   0.0;   0;    9.467;   0;   2.3;  11.4;  984.82;   12.6;   78.83;   18.3;    9.0;    4.9;eor
       4336;20181020;   10;   7.9;   2.7;    3;   0.0;   0;    8.100;   0;   3.8;  10.3;  990.02;   11.4;   77.42;   17.5;    5.7;    1.5;eor
       4336;20181021;   10;   9.1;   3.6;    3;   0.0;   0;    9.967;   0;   0.9;   8.0;  989.07;    9.5;   70.00;   16.4;    4.8;    2.0;eor
       4336;20181022;   10;   8.7;   3.8;    3;   0.0;   0;    6.017;   0;   3.4;   8.5;  990.75;   10.1;   69.71;   16.1;    4.9;   -0.3;eor
       4336;20181023;   10;  12.7;   4.1;    3;   0.0;   0;    3.500;   0;   5.3;   7.8;  990.21;    7.4;   77.54;   13.1;    1.2;   -2.1;eor
       4336;20181024;   10;  10.3;   4.4;    3;   0.7;   6;    0.000;   0;   7.8;  11.6;  987.38;   10.7;   89.50;   12.5;    8.5;    7.8;eor
       4336;20181025;   10;   7.9;   3.4;    3;   0.2;   6;    0.817;   0;   7.2;  11.3;  982.49;   11.0;   85.21;   13.5;    5.6;    1.6;eor
       4336;20181026;   10;  10.8;   4.3;    3;   0.1;   6;    0.000;   0;   7.3;   9.0;  973.41;    8.4;   82.17;   10.0;    6.4;    5.0;eor
       4336;20181027;   10;   7.7;   3.0;    3;   0.0;   6;    1.333;   0;   7.4;   7.0;  970.90;    5.8;   75.63;    8.0;    3.7;    1.3;eor
       4336;20181028;   10;  15.6;   6.6;    3;   0.1;   6;    0.083;   0;   7.8;   6.6;  970.16;    4.6;   77.67;    6.1;    3.5;    3.0;eor
       4336;20181029;   10;  17.0;   5.8;    3;   3.2;   6;    0.000;   0;   8.0;   7.2;  960.07;    4.3;   87.04;    5.3;    3.4;    3.0;eor
       4336;20181030;   10;  18.3;   7.7;    3;   4.5;   8;    0.000;   0;   6.5;   7.2;  959.32;    3.8;   88.71;    5.6;    1.5;    0.6;eor
       4336;20181031;   10;   9.1;   3.4;    3;   0.0;   6;    0.067;   0;   5.3;   7.5;  975.04;    5.6;   82.92;    9.6;    0.0;   -2.2;eor
       4336;20181101;   10;   9.9;   2.7;    3;   2.7;   6;    2.050;   0;   6.8;   8.9;  974.64;    7.0;   88.21;   10.6;    3.4;    0.8;eor
       4336;20181102;   10;   9.4;   2.5;    3;   0.0;   0;    6.200;   0;   5.0;   9.0;  984.47;    7.9;   84.75;   12.9;    3.7;   -0.1;eor
       4336;20181103;   10;   8.2;   3.6;    3;   0.0;   0;    8.250;   0;   5.8;   7.6;  987.69;    7.0;   76.50;   11.8;    2.8;   -0.3;eor
       4336;20181104;   10;   9.1;   3.6;    3;   0.0;   0;    6.150;   0;   6.4;   9.6;  977.65;    9.6;   80.42;   13.3;    7.6;    7.2;eor
       4336;20181105;   10;   9.3;   2.5;    3;   0.0;   0;    5.000;   0;   5.3;  10.3;  971.17;    9.7;   85.50;   14.2;    5.6;    2.4;eor
       4336;20181106;   10;   6.7;   2.5;    3;   0.0;   0;    4.317;   0;   6.7;  10.1;  970.51;    9.4;   85.63;   14.1;    5.5;    3.9;eor
       4336;20181107;   10;  13.4;   3.8;    3;   2.6;   6;    3.567;   0;   6.3;   9.9;  974.10;   12.0;   71.75;   16.9;    9.4;    5.3;eor
       4336;20181108;   10;   8.6;   3.0;    3;   0.1;   6;    1.700;   0;   7.2;   9.9;  981.66;    9.6;   82.46;   12.3;    7.4;    5.1;eor
       4336;20181109;   10;   7.2;   2.5;    3;   0.4;   6;    0.200;   0;   6.5;  10.3;  976.34;   10.8;   79.88;   14.7;    6.9;    4.0;eor
       4336;20181110;   10;  13.7;   4.6;    3;  17.6;   6;    0.000;   0;   7.8;  11.7;  970.20;   12.2;   82.63;   13.7;   10.6;    9.9;eor
       4336;20181111;   10;  11.3;   4.4;    3;   0.0;   6;    4.800;   0;   5.6;  11.5;  973.38;   12.3;   80.79;   16.1;    9.0;    7.8;eor
       4336;20181112;   10;  12.9;   3.8;    3;  16.8;   6;    1.417;   0;   7.0;  12.6;  978.34;   14.6;   76.75;   19.0;   11.3;    9.5;eor
       4336;20181113;   10;  11.3;   3.7;    3;   1.6;   6;    2.117;   0;   5.0;  10.6;  988.70;    9.2;   90.33;   11.9;    3.6;    0.0;eor
       4336;20181114;   10;   6.9;   2.5;    3;   0.0;   6;    8.667;   0;   3.9;   8.5;  990.20;    6.0;   91.29;   12.4;    2.1;   -0.3;eor
       4336;20181115;   10;   7.7;   3.8;    3;   0.0;   6;    0.000;   0;   8.0;   8.3;  988.12;    4.4;   99.63;    5.1;    3.5;    3.7;eor
       4336;20181116;   10;   9.3;   4.4;    3;   0.0;   0;    5.567;   0;   3.8;   7.3;  988.48;    5.2;   83.42;   10.0;    2.0;    0.7;eor
       4336;20181117;   10;  13.9;   5.9;    3;   0.0;   0;    8.517;   0;   0.1;   5.7;  987.63;    4.1;   70.46;    8.6;    0.5;   -0.7;eor
       4336;20181118;   10;  11.8;   5.4;    3;   0.0;   0;    8.567;   0;   0.7;   4.4;  984.58;    2.6;   60.25;    6.7;   -0.2;   -1.5;eor
       4336;20181119;   10;  13.0;   5.9;    3;   0.3;   8;    0.000;   0;   5.7;   5.1;  974.43;    0.9;   77.08;    2.5;   -1.7;   -2.9;eor
       4336;20181120;   10;  15.8;   6.0;    3;   0.0;   0;    3.717;   0;   6.0;   5.0;  967.92;    1.9;   72.00;    3.7;    0.2;   -1.0;eor
       4336;20181121;   10;   8.2;   3.8;    3;   0.0;   0;    0.033;   0;   7.2;   5.6;  975.91;    0.9;   86.33;    2.2;   -0.6;   -2.2;eor
       4336;20181122;   10;   6.7;   3.2;    3;   0.0;   0;    4.333;   0;   4.0;   5.7;  980.55;    1.4;   83.92;    5.4;   -1.4;   -3.2;eor
       4336;20181123;   10;   8.9;   4.0;    3;   2.8;   6;    5.850;   0;   3.8;   5.9;  978.19;    1.7;   85.92;    6.7;   -2.1;   -4.3;eor
       4336;20181124;   10;   9.8;   3.5;    3;   2.1;   6;    0.217;   0;   7.4;   8.3;  973.78;    5.4;   91.71;    8.4;    1.3;    1.1;eor
       4336;20181125;   10;   8.7;   3.3;    3;   0.0;   6;    0.000;   0;   7.4;   8.4;  970.25;    5.4;   93.38;    6.7;    3.8;    1.9;eor
       4336;20181126;   10;   9.1;   3.4;    3;   0.9;   6;    0.000;   0;   8.0;   7.2;  970.81;    4.5;   85.71;    5.5;    3.3;    2.5;eor
       4336;20181127;   10;   4.8;   1.4;    3;   0.0;   6;    0.150;   0;   7.8;   6.9;  980.45;    3.3;   88.83;    4.6;    2.6;    2.0;eor
       4336;20181128;   10;   5.7;   2.8;    3;   2.1;   6;    0.000;   0;   7.7;   7.6;  983.47;    4.0;   92.92;    5.6;    2.5;    1.8;eor
       4336;20181129;   10;   9.8;   3.0;    3;   0.1;   6;    0.183;   0;   7.1;   7.9;  978.92;    5.9;   85.79;    8.5;    3.3;    1.5;eor
       4336;20181130;   10;   7.9;   3.6;    3;   1.7;   6;    0.000;   0;   7.8;   9.0;  976.65;    7.4;   87.42;    8.4;    6.3;    4.7;eor
       4336;20181201;   10;  10.8;   4.4;    3;  11.5;   6;    0.783;   0;   7.8;   8.9;  977.53;    6.8;   89.46;    9.7;    5.8;    5.3;eor
       4336;20181202;   10;  15.3;   7.5;    3;  19.5;   6;    0.000;   0;   8.0;  11.1;  968.85;    8.9;   96.63;   10.9;    6.2;    5.9;eor
       4336;20181203;   10;  17.8;   7.3;    3;  26.5;   6;    0.000;   0;   7.8;  12.6;  968.55;   11.2;   94.17;   12.4;    9.3;    8.6;eor
       4336;20181204;   10;  14.1;   3.8;    3;   0.0;   6;    1.283;   0;   5.5;   8.6;  981.72;    6.3;   88.71;    9.5;    1.6;   -1.4;eor
       4336;20181205;   10;   7.2;   2.4;    3;   5.9;   6;    0.467;   0;   7.5;   8.0;  984.62;    4.5;   93.92;    6.4;    2.3;    1.5;eor
       4336;20181206;   10;  11.0;   4.5;    3;   3.5;   6;    0.000;   0;   8.0;  11.3;  981.32;    9.2;   96.50;   10.8;    5.6;    5.3;eor
       4336;20181207;   10;  19.9;   8.0;    3;   3.3;   6;    0.000;   0;   8.0;  10.1;  975.01;    9.1;   86.75;   10.7;    6.1;    5.2;eor
       4336;20181208;   10;  21.6;   9.1;    3;   9.1;   6;    0.000;   0;   8.0;   8.4;  972.52;    6.4;   87.08;    9.6;    4.8;    3.9;eor
       4336;20181209;   10;  22.1;   9.0;    3;   9.3;   6;    0.000;   0;   7.5;   8.5;  969.36;    6.8;   86.29;    9.6;    4.5;    3.1;eor
       4336;20181210;   10;  11.5;   4.9;    3;   0.1;   6;    2.850;   0;   4.5;   6.9;  984.23;    4.1;   83.88;    5.8;    0.7;   -1.1;eor
       4336;20181211;   10;   6.9;   2.3;    3;   0.0;   0;    0.733;   0;   4.5;   5.8;  986.07;    0.1;   95.04;    2.1;   -1.9;   -4.2;eor
       4336;20181212;   10;   8.1;   2.4;    3;   0.0;   0;    5.300;   0;   6.0;   5.7;  984.36;    0.5;   90.13;    3.7;   -1.8;   -1.8;eor
       4336;20181213;   10;  11.3;   5.2;    3;   0.0;   0;    1.317;   0;   5.0;   4.4;  978.70;   -0.8;   76.88;    0.8;   -2.1;   -3.8;eor
       4336;20181214;   10;  10.1;   4.1;    3;   0.0;   7;    0.000;   0;   7.9;   3.9;  981.43;   -0.8;   67.63;   -0.3;   -1.4;   -1.8;eor
       4336;20181215;   10;   8.7;   3.5;    3;   4.5;   8;    2.483;   0;   7.4;   3.7;  983.65;   -1.8;   69.83;   -0.6;   -3.4;   -5.2;eor
       4336;20181216;   10;   8.6;   2.4;    3;   0.4;   8;    0.000;   4;   8.0;   6.1;  975.06;    0.3;   96.54;    2.8;   -2.8;   -2.8;eor
       4336;20181217;   10;   7.2;   2.9;    3;   1.0;   8;    0.133;   0;   7.3;   7.6;  983.27;    3.6;   96.04;    6.2;    0.8;   -1.2;eor
       4336;20181218;   10;   7.2;   3.1;    3;   1.5;   6;    6.350;   0;   7.0;   6.7;  983.98;    3.8;   84.13;    6.1;    1.4;   -0.7;eor
       4336;20181219;   10;  10.1;   3.4;    3;   1.6;   6;    0.033;   0;   7.8;   8.5;  976.67;    6.4;   87.88;    8.6;    3.6;    2.1;eor
       4336;20181220;   10;  12.5;   5.6;    3;  10.8;   6;    0.000;   0;   7.5;   8.5;  977.99;    5.7;   92.71;    6.7;    5.0;    4.4;eor
       4336;20181221;   10;  21.8;   9.2;    3;  17.7;   6;    0.000;   0;   7.8;   9.9;  974.10;    7.6;   94.38;    9.4;    5.5;    4.5;eor
       4336;20181222;   10;  17.7;   7.2;    3;  23.0;   6;    0.100;   0;   7.6;  10.6;  979.69;    9.1;   91.75;   10.4;    7.7;    6.8;eor
       4336;20181223;   10;  15.9;   6.1;    3;  19.9;   6;    0.000;   0;   7.6;  10.8;  982.51;    8.8;   94.58;   11.7;    6.8;    5.8;eor
       4336;20181224;   10;  16.3;   3.8;    3;   0.0;   6;    1.100;   0;   5.5;   7.4;  989.31;    5.1;   82.08;   11.7;   -1.5;   -4.2;eor
       4336;20181225;   10;   5.1;   1.7;    3;   0.0;   0;    7.150;   0;   1.2;   4.9;  996.51;   -0.9;   86.54;    3.3;   -4.2;   -7.1;eor
       4336;20181226;   10;   3.1;   1.2;    3;   0.0;   7;    0.000;   0;   6.3;   4.4;  993.69;   -3.7;   95.67;   -2.4;   -5.8;   -9.0;eor
       4336;20181227;   10;   3.1;   0.9;    3;   0.0;   0;    0.000;   0;   6.1;   4.6;  989.00;   -3.3;   94.67;   -1.9;   -5.5;   -7.2;eor
       4336;20181228;   10;   3.6;   1.5;    3;   0.0;   6;    0.000;   0;   7.9;   5.1;  991.15;   -2.0;   97.21;   -1.5;   -3.0;   -3.0;eor
       4336;20181229;   10;  10.6;   2.4;    3;   0.5;   6;    0.000;   0;   8.0;   5.8;  994.76;   -0.3;   97.63;    2.3;   -2.0;   -1.8;eor
       4336;20181230;   10;   8.7;   3.6;    3;   0.9;   6;    0.000;   0;   7.9;   7.9;  995.39;    4.1;   95.79;    5.6;    2.2;    1.9;eor
       4336;20181231;   10;   5.1;   1.8;    3;   0.5;   6;    0.000;   0;   7.9;   9.1;  995.40;    5.7;   99.21;    7.0;    4.6;    4.3;eor
       4336;20190101;   10;  10.1;   4.1;    3;   1.3;   6;    0.000;   0;   7.5;   8.3;  992.42;    4.9;   95.54;    5.9;    3.3;    1.8;eor
       4336;20190102;   10;  11.7;   3.6;    3;   0.0;   8;    0.717;   0;   5.4;   5.3;  995.66;    2.0;   75.50;    4.1;   -3.4;   -5.4;eor
       4336;20190103;   10;   4.1;   1.8;    3;   0.0;   7;    0.000;   0;   5.5;   5.3;  998.73;   -0.7;   90.92;    1.7;   -4.9;   -7.7;eor
       4336;20190104;   10;   7.0;   2.2;    3;   2.6;   8;    3.017;   0;   6.1;   5.6;  997.51;    0.5;   87.92;    2.9;   -2.9;   -5.6;eor
       4336;20190105;   10;   8.2;   4.3;    3;   0.4;   8;    0.000;   2;   8.0;   6.8;  993.19;    2.2;   95.00;    4.6;    0.0;   -0.1;eor
       4336;20190106;   10;   8.7;   3.3;    3;   0.7;   6;    0.000;   0;   7.8;   6.9;  993.95;    2.9;   91.54;    3.4;    2.4;    1.6;eor
       4336;20190107;   10;  11.3;   3.0;    3;   4.9;   6;    0.017;   0;   7.8;   6.7;  993.75;    2.8;   89.50;    4.5;    1.9;    0.9;eor
       4336;20190108;   10;  13.9;   6.4;    3;   3.1;   8;    0.750;   0;   7.4;   7.4;  981.40;    4.3;   89.17;    5.6;    2.5;    1.9;eor
       4336;20190109;   10;  12.9;   4.0;    3;   1.3;   8;    2.017;   0;   6.4;   5.8;  978.75;    1.7;   84.71;    3.6;   -0.2;   -0.8;eor
       4336;20190110;   10;   7.2;   2.4;    3;   0.0;   7;    0.267;   0;   7.3;   4.6;  985.48;    0.0;   75.21;    1.1;   -2.5;   -4.3;eor
       4336;20190111;   10;   6.2;   2.8;    3;   2.6;   8;    0.000;   0;   7.9;   5.3;  987.00;   -0.8;   92.04;    0.6;   -2.6;   -4.2;eor
       4336;20190112;   10;  11.8;   5.1;    3;   9.7;   6;    0.000;   0;   8.0;   7.4;  983.49;    3.3;   95.67;    5.6;    0.6;    0.4;eor
       4336;20190113;   10;  16.5;   7.5;    3;  11.2;   6;    0.000;   0;   7.9;   9.3;  972.43;    6.7;   94.79;    8.1;    5.3;    4.8;eor
       4336;20190114;   10;  12.9;   4.5;    3;   0.4;   8;    0.500;   0;   5.1;   6.9;  976.09;    3.8;   85.08;    6.4;   -0.5;   -2.4;eor
       4336;20190115;   10;  10.5;   4.0;    3;   0.0;   6;    0.000;   0;   7.4;   6.5;  983.38;    3.1;   84.75;    4.9;    0.2;   -1.0;eor
       4336;20190116;   10;  10.1;   4.4;    3;   2.4;   6;    5.050;   0;   7.4;   5.7;  975.11;    3.5;   72.04;    5.0;    1.6;    1.0;eor
       4336;20190117;   10;  18.0;   6.6;    3;   3.3;   8;    0.767;   0;   6.5;   6.6;  970.23;    3.4;   84.63;    5.6;   -0.5;   -1.9;eor
       4336;20190118;   10;   7.7;   2.4;    3;   0.0;   0;    4.100;   0;   5.2;   4.6;  980.12;   -0.7;   79.83;    2.8;   -3.9;   -5.8;eor
       4336;20190119;   10;   6.2;   3.0;    3;   0.0;   0;    6.883;   0;   2.8;   3.9;  976.67;   -2.4;   77.13;    1.7;   -4.9;   -6.5;eor
       4336;20190120;   10;   7.9;   3.4;    3;   0.0;   0;    1.633;   0;   6.2;   3.7;  976.58;   -3.6;   79.71;   -0.9;   -5.7;   -6.4;eor
       4336;20190121;   10;   8.6;   2.7;    3;   0.0;   0;    5.000;   0;   1.7;   3.4;  981.84;   -4.9;   81.25;   -0.6;   -8.2;  -11.3;eor
       4336;20190122;   10;   6.2;   1.9;    3;   0.4;   8;    0.000;   0;   7.3;   3.9;  971.30;   -4.1;   85.63;   -2.2;   -8.8;  -11.3;eor
       4336;20190123;   10;   7.4;   3.1;    3;   0.0;   6;    0.000;   1;   8.0;   4.2;  960.66;   -2.6;   83.58;   -1.3;   -3.8;   -3.8;eor
       4336;20190124;   10;   6.2;   2.2;    3;   0.2;   7;    0.117;   0;   7.8;   3.4;  971.27;   -3.6;   71.75;   -2.9;   -4.4;   -4.7;eor
       4336;20190125;   10;  10.6;   3.7;    3;   0.2;   8;    0.000;   1;   8.0;   4.2;  977.65;   -2.1;   81.29;   -0.5;   -4.4;   -4.4;eor
       4336;20190126;   10;  13.2;   5.9;    3;   2.5;   6;    0.000;   0;   8.0;   6.4;  972.55;    1.3;   94.33;    4.0;   -1.1;   -1.3;eor
       4336;20190127;   10;  16.5;   7.9;    3;   8.6;   8;    0.000;   0;   8.0;   7.1;  955.31;    3.8;   87.88;    5.6;    0.9;    0.1;eor
       4336;20190128;   10;  12.3;   6.3;    3;   4.1;   8;    0.000;   2;   7.8;   5.8;  961.74;    0.8;   90.17;    1.8;    0.1;   -0.5;eor
       4336;20190129;   10;   7.4;   3.2;    3;   1.5;   7;    1.400;   4;   6.8;   5.0;  966.73;    0.3;   80.58;    3.3;   -2.4;   -4.9;eor
       4336;20190130;   10;  14.9;   5.7;    3;   9.2;   7;    0.000;   5;   7.5;   5.0;  956.17;   -0.8;   86.54;    0.6;   -2.9;   -8.2;eor
       4336;20190131;   10;   9.1;   3.4;    3;   4.3;   8;    1.833;  18;   7.4;   5.0;  957.37;   -0.9;   86.71;    2.1;   -3.5;   -5.9;eor
       4336;20190201;   10;   7.2;   3.0;    3;   1.3;   6;    0.000;  16;   8.0;   6.7;  952.13;    2.0;   94.71;    3.3;    0.0;   -0.1;eor
       4336;20190202;   10;   4.6;   2.0;    3;   0.5;   8;    0.100;   8;   7.8;   6.9;  959.04;    2.6;   93.88;    4.8;    0.9;    0.6;eor
       4336;20190203;   10;   9.9;   3.3;    3;   0.0;   7;    1.483;   4;   7.0;   5.2;  979.45;    1.2;   78.46;    2.9;   -1.6;   -4.2;eor
       4336;20190204;   10;   6.2;   1.4;    3;   0.0;   0;    6.200;   3;   4.7;   4.5;  989.47;   -0.5;   77.17;    4.1;   -5.2;   -8.0;eor
       4336;20190205;   10;   3.1;   1.1;    3;   0.0;   0;    9.083;   0;   2.2;   4.7;  989.45;    0.5;   74.63;    6.6;   -3.8;   -6.9;eor
       4336;20190206;   10;   4.1;   1.5;    3;   0.0;   6;    7.683;   0;   5.0;   4.5;  986.43;    0.6;   72.71;    8.1;   -4.6;   -7.6;eor
       4336;20190207;   10;  11.3;   5.0;    3;   2.1;   6;    0.817;   0;   7.5;   6.9;  977.68;    3.3;   87.58;    6.1;    0.9;   -1.3;eor
       4336;20190208;   10;  13.7;   5.9;    3;   7.7;   6;    0.000;   0;   7.6;   7.0;  977.59;    5.0;   80.79;    7.3;    2.9;    1.6;eor
       4336;20190209;   10;  16.8;   7.1;    3;   5.6;   6;    0.483;   0;   7.5;   7.6;  973.55;    6.3;   79.79;    8.9;    4.7;    2.5;eor
       4336;20190210;   10;  26.2;   8.5;    3;  11.0;   8;    0.000;   0;   7.8;   7.7;  964.75;    6.2;   80.92;    9.6;    3.3;    2.2;eor
       4336;20190211;   10;  12.2;   5.3;    3;   0.0;   6;    0.700;   0;   5.7;   6.1;  981.86;    3.1;   80.46;    5.3;    0.5;   -2.7;eor
       4336;20190212;   10;   5.5;   1.9;    3;   0.0;   0;    3.833;   0;   3.6;   5.5;  996.18;    0.5;   87.04;    5.3;   -2.9;   -5.6;eor
       4336;20190213;   10;   5.1;   1.4;    3;   0.0;   0;    9.317;   0;   3.1;   5.3;  997.67;    2.0;   76.29;    9.1;   -4.1;   -6.5;eor
       4336;20190214;   10;   6.7;   2.5;    3;   0.0;   0;    9.567;   0;   2.0;   5.2;  996.68;    4.5;   64.08;   12.3;   -1.7;   -4.9;eor
       4336;20190215;   10;   8.4;   3.5;    3;   0.0;   0;    9.833;   0;   0.0;   5.4;  993.04;    6.1;   59.08;   14.6;    0.9;   -2.9;eor
       4336;20190216;   10;   5.1;   1.8;    3;   0.0;   0;    9.800;   0;   0.8;   5.9;  989.32;    6.2;   65.21;   14.8;   -1.3;   -4.9;eor
       4336;20190217;   10;  13.2;   2.7;    3;   0.0;   0;    9.950;   0;   2.8;   5.0;  985.57;    8.0;   48.96;   16.5;    0.1;   -3.4;eor
       4336;20190218;   10;   9.6;   3.2;    3;   0.0;   0;    9.367;   0;   1.9;   5.6;  982.14;    8.7;   51.17;   15.3;    4.7;   -2.4;eor
       4336;20190219;   10;   7.5;   3.3;    3;   0.2;   6;    0.850;   0;   6.0;   6.7;  982.84;    5.8;   73.42;    9.0;    0.8;   -2.5;eor
       4336;20190220;   10;   5.3;   1.1;    3;   0.0;   0;    7.350;   0;   5.4;   6.7;  986.20;    4.1;   82.42;   11.6;   -2.3;   -4.6;eor
       4336;20190221;   10;   8.1;   1.8;    3;   0.0;   6;    7.350;   0;   4.3;   7.7;  990.05;    7.3;   77.17;   13.8;    0.3;   -2.6;eor
       4336;20190222;   10;   7.9;   2.3;    3;   0.0;   6;    2.467;   0;   5.5;   8.3;  995.83;    8.4;   75.42;   13.3;    3.8;    0.9;eor
       4336;20190223;   10;  10.6;   5.5;    3;   0.0;   0;    8.517;   0;   4.2;   5.5;  997.55;    5.3;   63.88;   11.3;    1.7;    0.4;eor
       4336;20190224;   10;  11.0;   5.0;    3;   0.0;   0;   10.367;   0;   1.3;   2.9;  997.61;    6.0;   32.25;   13.6;    0.3;   -1.1;eor
       4336;20190225;   10;  12.0;   5.0;    3;   0.0;   0;   10.350;   0;   2.5;   4.7;  997.49;    8.7;   40.33;   16.8;    2.8;    0.1;eor
       4336;20190226;   10;   8.9;   3.7;    3;   0.0;   0;   10.050;   0;   2.3;   5.7;  994.80;   10.4;   47.38;   19.0;    4.1;    0.6;eor
       4336;20190227;   10;   4.6;   2.1;    3;   0.0;   0;   10.483;   0;   0.5;   5.5;  988.35;   11.3;   44.83;   20.5;    4.2;   -1.6;eor
       4336;20190228;   10;  15.1;   4.4;    3;   4.7;   6;    7.233;   0;   3.5;   7.5;  981.44;    8.7;   66.88;   16.4;    1.8;   -2.5;eor
       4336;20190301;   10;  15.3;   4.5;    3;   4.1;   6;    0.000;   0;   7.8;   8.9;  978.43;    6.8;   89.13;    7.9;    5.2;    4.4;eor
       4336;20190302;   10;  11.0;   4.4;    3;   1.5;   6;    0.317;   0;   7.8;   8.7;  979.59;    6.8;   87.38;   10.1;    4.8;    4.1;eor
       4336;20190303;   10;  15.4;   7.3;    3;   0.6;   6;    0.000;   0;   7.5;   8.8;  974.82;    8.6;   78.88;   10.2;    6.8;    5.9;eor
       4336;20190304;   10;  25.7;   8.4;    3;   5.8;   8;    0.267;   0;   6.8;   7.6;  964.62;    7.7;   72.75;   10.8;    4.0;    2.4;eor
       4336;20190305;   10;  16.6;   5.8;    3;  12.4;   6;    0.250;   0;   7.6;   7.6;  972.43;    4.8;   87.46;    5.8;    3.3;    2.3;eor
       4336;20190306;   10;  14.6;   4.1;    3;   1.6;   6;    5.333;   0;   6.9;   7.7;  966.89;    9.2;   67.46;   14.9;    3.6;    0.7;eor
       4336;20190307;   10;  20.2;   8.0;    3;   4.4;   6;    2.650;   0;   6.5;   8.0;  964.05;    8.8;   71.38;   13.0;    4.8;    3.6;eor
       4336;20190308;   10;  14.1;   6.8;    3;   2.9;   6;    2.283;   0;   7.0;   6.9;  976.85;    6.8;   71.00;   10.7;    5.2;    3.9;eor
       4336;20190309;   10;  17.0;   8.1;    3;  11.3;   6;    0.017;   0;   7.7;   8.8;  979.18;    8.0;   81.96;   10.1;    5.5;    5.0;eor
       4336;20190310;   10;  28.3;   9.7;    3;   8.3;   6;    2.300;   0;   5.8;   8.5;  974.86;    9.0;   73.46;   13.4;    4.3;    2.5;eor
       4336;20190311;   10;  17.1;   7.7;    3;   0.0;   8;    4.850;   0;   4.8;   5.1;  983.32;    4.4;   61.21;    6.8;    1.1;   -1.2;eor
       4336;20190312;   10;  18.5;   5.9;    3;   0.7;   6;    6.050;   0;   6.8;   4.9;  979.93;    5.4;   58.04;    9.9;   -0.3;   -2.8;eor
       4336;20190313;   10;  18.5;   8.5;    3;   5.7;   8;    1.050;   0;   7.5;   6.8;  973.72;    4.5;   80.54;    7.3;    3.1;    2.2;eor
       4336;20190314;   10;  18.2;   8.0;    3;  17.5;   6;    0.000;   0;   7.0;   7.6;  971.17;    5.0;   86.96;    7.5;    3.9;    3.3;eor
       4336;20190315;   10;  18.2;   8.5;    3;   7.6;   6;    0.000;   0;   7.6;  10.3;  973.19;    8.6;   91.08;   10.3;    6.0;    4.3;eor
       4336;20190316;   10;  17.1;   8.0;    3;   0.2;   6;    0.983;   0;   6.0;   9.3;  974.88;    9.0;   80.75;   10.5;    7.3;    4.1;eor
       4336;20190317;   10;  15.9;   6.1;    3;   5.0;   6;    1.617;   0;   4.7;   7.3;  970.26;    5.8;   78.50;    8.9;    1.2;   -1.4;eor
       4336;20190318;   10;  12.2;   3.7;    3;   1.4;   8;    3.717;   0;   6.0;   6.3;  981.29;    3.6;   81.04;    9.0;    0.8;   -1.1;eor
       4336;20190319;   10;   5.7;   1.7;    3;   0.0;   0;   10.267;   0;   2.0;   5.3;  989.25;    4.5;   66.08;   10.5;   -1.2;   -3.7;eor
       4336;20190320;   10;   6.5;   2.0;    3;   0.0;   0;   11.667;   0;   3.0;   5.0;  994.92;    5.5;   58.50;   12.3;   -1.8;   -4.9;eor
       4336;20190321;   10;  10.8;   3.9;    3;   0.0;   0;   11.750;   0;   3.5;   5.0;  994.10;    8.0;   49.29;   15.7;    1.0;   -1.8;eor
       4336;20190322;   10;   5.7;   2.1;    3;   0.0;   0;   11.817;   0;   3.3;   5.8;  990.73;    9.9;   50.08;   18.2;    2.4;   -1.7;eor
       4336;20190323;   10;  10.5;   2.1;    3;   0.0;   0;   11.283;   0;   3.3;   6.8;  989.34;    9.4;   60.54;   18.1;    1.8;   -2.4;eor
       4336;20190324;   10;   8.4;   2.8;    3;   0.0;   0;    7.117;   0;   2.8;   7.7;  986.67;    8.1;   71.58;   14.7;    3.2;   -1.3;eor
       4336;20190325;   10;  15.4;   4.5;    3;   0.5;   6;    6.967;   0;   4.0;   5.9;  985.80;    5.0;   69.13;   10.7;   -0.3;   -4.4;eor
       4336;20190326;   10;-999;-999;    3;   0.0;   0;    5.317;   0;   3.5;   5.5;  991.74;    5.2;   63.58;    9.5;   -0.8;   -4.1;eor
       4336;20190327;   10;   8.2;   2.6;    3;   0.0;   0;    7.333;   0;   3.9;   5.8;  993.57;    6.1;   63.71;   11.8;    0.6;   -3.2;eor
       4336;20190328;   10;   8.9;   3.8;    3;   0.0;   0;   11.300;   0;   2.2;   6.5;  994.44;    8.2;   61.96;   14.7;    0.9;   -2.5;eor
       4336;20190329;   10;  10.3;   4.2;    3;   0.0;   0;   12.117;   0;   0.4;   7.8;  990.48;   10.2;   64.75;   16.4;    4.3;    2.6;eor
       4336;20190330;   10;   7.2;   2.1;    3;   0.0;   0;   10.350;   0;   1.1;   6.8;  984.97;   11.2;   54.38;   20.0;    3.4;   -0.4;eor
       4336;20190331;   10;  13.0;   3.7;    3;   0.0;   0;   10.533;   0;   0.8;   6.9;  981.95;   12.4;   50.54;   20.0;    4.5;   -0.3;eor
       4336;20190401;   10;  11.1;   5.3;    3;   0.0;   0;   11.800;   0;   0.7;   7.8;  979.79;   10.5;   62.46;   17.7;    4.7;    3.8;eor
       4336;20190402;   10;  15.6;   3.9;    3;   3.3;   6;    5.750;   0;   6.5;   8.6;  971.29;   10.9;   66.67;   16.8;    5.8;    2.7;eor
       4336;20190403;   10;  12.9;   3.4;    3;   5.2;   6;    0.000;   0;   8.0;   7.9;  965.43;    5.7;   85.96;    8.5;    3.8;    3.3;eor
       4336;20190404;   10;   4.6;   1.5;    3;   7.0;   6;    0.233;   0;   7.5;   7.2;  963.42;    3.8;   89.29;    6.4;    1.4;   -0.8;eor
       4336;20190405;   10;   6.2;   2.1;    3;   0.0;   6;    2.633;   0;   6.5;   7.3;  966.98;    5.2;   83.71;    9.2;    0.7;   -1.7;eor
       4336;20190406;   10;   8.9;   3.3;    3;   0.0;   0;    9.533;   0;   4.4;   7.9;  965.90;    8.3;   74.75;   15.6;    1.6;   -0.7;eor
       4336;20190407;   10;   7.7;   1.9;    3;   0.0;   6;    0.533;   0;   5.8;   9.1;  967.72;    9.0;   79.92;   14.8;    4.1;    0.1;eor
       4336;20190408;   10;   5.7;   2.5;    3;   0.0;   6;    0.000;   0;   7.5;  10.2;  972.41;    8.8;   90.08;   11.7;    5.7;    2.8;eor
       4336;20190409;   10;   4.6;   1.3;    3;   6.7;   6;    0.000;   0;   7.9;  10.6;  972.53;    8.6;   94.83;   10.6;    6.7;    4.5;eor
       4336;20190410;   10;  11.7;   3.9;    3;   1.5;   6;    0.267;   0;   7.8;   8.8;  974.01;    8.5;   79.08;   10.8;    5.6;    4.2;eor
       4336;20190411;   10;  11.3;   5.2;    3;   0.0;   0;   12.817;   0;   1.0;   4.8;  980.32;    6.1;   52.50;   10.7;    1.8;   -0.1;eor
       4336;20190412;   10;  10.1;   5.4;    3;   0.0;   0;    8.383;   0;   3.4;   4.5;  982.48;    4.3;   54.71;    9.0;   -0.1;   -1.1;eor
       4336;20190413;   10;   9.1;   4.1;    3;   0.0;   7;    1.867;   0;   6.6;   4.8;  982.42;    2.6;   66.21;    5.5;   -1.6;   -4.6;eor
       4336;20190414;   10;   9.1;   3.1;    3;   0.0;   0;    3.083;   0;   4.6;   5.3;  982.96;    3.6;   69.50;    9.9;   -2.5;   -5.2;eor
       4336;20190415;   10;  14.1;   5.0;    3;   0.0;   0;   12.583;   0;   0.9;   6.9;  982.46;    8.2;   64.58;   15.7;   -0.6;   -2.4;eor
       4336;20190416;   10;   9.8;   3.5;    3;   6.8;   6;    5.733;   0;   6.0;   8.5;  979.60;    9.9;   69.96;   16.0;    4.0;    0.4;eor
       4336;20190417;   10;   8.2;   3.0;    3;   0.0;   0;    5.583;   0;   6.1;  10.3;  982.97;   12.3;   73.88;   16.8;    8.0;    7.3;eor
       4336;20190418;   10;  12.5;   5.4;    3;   0.0;   0;   13.300;   0;   0.7;   7.5;  984.22;   14.4;   47.13;   20.8;    6.8;    4.1;eor
       4336;20190419;   10;   8.2;   4.0;    3;   0.0;   0;   13.267;   0;   0.7;   7.9;  987.86;   15.8;   45.04;   23.0;    9.6;    6.7;eor
       4336;20190420;   10;  10.3;   4.6;    3;   0.0;   0;   13.567;   0;   0.0;   6.7;  987.82;   16.5;   37.50;   23.1;   10.0;    7.1;eor
       4336;20190421;   10;  11.8;   4.4;    3;   0.0;   0;   12.483;   0;   1.7;   6.7;  980.59;   16.4;   38.08;   23.3;    9.3;    6.6;eor
       4336;20190422;   10;  13.0;   5.3;    3;   0.0;   0;   13.050;   0;   3.5;   6.8;  969.36;   17.2;   35.42;   23.5;    8.7;    4.0;eor
       4336;20190423;   10;  10.5;   4.1;    3;   0.0;   0;    4.183;   0;   5.7;   9.0;  961.25;   14.8;   53.38;   20.3;   10.5;    6.5;eor
       4336;20190424;   10;  17.3;   3.1;    3;  22.9;   8;    4.800;   0;   5.5;  10.5;  966.18;   12.5;   75.13;   22.3;    6.2;    3.5;eor
       4336;20190425;   10;  13.2;   3.8;    3;   2.5;   6;    3.200;   0;   6.4;   9.7;  971.25;   10.7;   75.96;   19.4;    5.7;    3.0;eor
       4336;20190426;   10;   9.8;   3.5;    3;   0.6;   6;    2.167;   0;   6.9;   9.5;  977.25;    9.1;   82.29;   13.5;    6.8;    4.7;eor
       4336;20190427;   10;  18.0;   5.2;    3;   6.2;   6;    1.667;   0;   6.8;   8.7;  978.46;    7.5;   83.46;   10.5;    4.6;    2.9;eor
       4336;20190428;   10;   9.8;   3.0;    3;   1.0;   6;    2.367;   0;   6.0;   7.8;  981.93;    5.9;   83.96;   10.6;    1.8;   -0.6;eor
       4336;20190429;   10;   6.2;   1.5;    3;   1.1;   6;    3.317;   0;   6.3;   7.9;  984.60;    7.1;   80.17;   13.4;    0.4;   -1.4;eor
       4336;20190430;   10;   7.4;   1.8;    3;   0.0;   0;    7.333;   0;   4.2;   8.8;  981.98;   11.2;   68.63;   17.5;    7.0;    3.5;eor
       4336;20190501;    3;   5.7;   2.2;    3;   0.0;   0;   12.900;   0;   1.1;   8.4;  977.93;   13.0;   59.21;   19.5;    5.8;    2.4;eor
       4336;20190502;    3;  10.1;   2.7;    3;   0.6;   6;    6.050;   0;   5.6;   9.6;  973.38;   10.8;   76.04;   17.6;    5.4;    3.0;eor
       4336;20190503;    3;   7.9;   2.8;    3;   0.2;   6;    4.800;   0;   5.8;   8.9;  974.02;    9.9;   73.92;   14.5;    6.5;    5.0;eor
       4336;20190504;    3;  12.7;   3.3;    3;   4.5;   8;    1.567;   0;   6.3;   7.1;  972.35;    4.4;   83.17;    7.8;    0.4;   -1.9;eor
       4336;20190505;    3;  11.1;   2.7;    3;   2.8;   6;    5.533;   0;   4.6;   6.3;  980.65;    4.0;   78.00;    9.6;   -1.5;   -3.6;eor
       4336;20190506;    3;   6.5;   1.9;    3;   0.0;   6;    4.017;   0;   5.7;   6.2;  982.92;    5.9;   69.79;   11.3;    0.8;   -1.0;eor
       4336;20190507;    3;   6.0;   1.6;    3;   1.2;   6;    6.483;   0;   6.5;   6.5;  979.05;    7.8;   64.33;   13.4;    1.8;   -0.2;eor
       4336;20190508;    3;  14.2;   4.2;    3;  11.9;   6;    0.000;   0;   7.6;  10.0;  966.51;    9.0;   86.42;   11.6;    6.5;    5.4;eor
       4336;20190509;    3;  15.9;   6.2;    3;  14.4;   6;    0.533;   0;   7.5;  10.6;  963.95;    9.3;   89.92;   13.6;    6.6;    5.1;eor
       4336;20190510;    3;   9.3;   3.1;    3;   5.9;   6;    4.217;   0;   6.8;  10.0;  973.01;   11.1;   76.79;   15.7;    7.4;    5.4;eor
       4336;20190511;    3;  17.1;   4.9;    3;   4.7;   6;    0.833;   0;   7.2;  10.9;  974.90;   10.2;   87.67;   14.3;    5.5;    2.4;eor
       4336;20190512;    3;   9.6;   3.7;    3;   0.0;   0;   11.233;   0;   2.5;   6.8;  992.40;    8.6;   62.75;   13.6;    3.9;    0.7;eor
       4336;20190513;    3;  13.4;   5.4;    3;   0.0;   0;   14.667;   0;   2.1;   5.4;  995.87;    9.7;   47.50;   14.9;    3.7;    2.2;eor
       4336;20190514;    3;  14.6;   5.2;    3;   0.0;   0;   14.517;   0;   2.0;   5.7;  990.85;    9.9;   47.54;   14.8;    4.7;    3.0;eor
       4336;20190515;    3;  12.2;   4.7;    3;   0.0;   0;   14.850;   0;   1.2;   5.4;  985.03;    9.4;   48.33;   14.3;    2.7;    0.4;eor
       4336;20190516;    3;   8.7;   3.4;    3;   0.0;   0;   11.450;   0;   3.4;   7.1;  976.81;   10.2;   57.79;   16.7;    2.8;   -0.6;eor
       4336;20190517;    3;  11.1;   3.2;    3;   0.5;   6;    6.833;   0;   4.8;   9.7;  968.75;   12.6;   68.83;   19.6;    5.3;    4.0;eor
       4336;20190518;    3;  10.3;   2.2;    3;   2.9;   6;    3.483;   0;   7.0;  12.3;  968.42;   13.2;   81.50;   18.7;    9.3;    7.7;eor
       4336;20190519;    3;   5.7;   2.0;    3;   0.0;   6;    4.767;   0;   6.4;  12.7;  967.77;   14.4;   79.13;   19.2;   10.9;    9.7;eor
       4336;20190520;    3;  11.0;   3.6;    3;   5.5;   6;    4.583;   0;   7.3;  13.1;  969.28;   13.7;   84.42;   18.3;   10.8;    8.9;eor
       4336;20190521;    3;  10.3;   4.5;    3;   9.0;   6;    0.000;   0;   7.8;  12.3;  975.68;   11.4;   90.92;   12.8;    8.2;    5.5;eor
       4336;20190522;    3;   8.1;   2.2;    3;   0.0;   0;    9.267;   0;   3.4;   9.4;  981.50;   12.0;   70.21;   18.8;    5.3;    2.0;eor
       4336;20190523;    3;   7.0;   2.0;    3;   0.0;   0;   13.000;   0;   4.2;   9.6;  980.92;   14.6;   60.75;   20.7;    7.1;    4.4;eor
       4336;20190524;    3;   5.7;   1.6;    3;   0.0;   0;   12.083;   0;   5.2;  10.2;  977.54;   16.7;   56.13;   23.3;    9.6;    7.0;eor
       4336;20190525;    3;   9.9;   2.7;    3;   0.0;   0;    9.200;   0;   4.4;  10.3;  978.63;   14.7;   64.17;   20.6;    8.7;    5.1;eor
       4336;20190526;    3;   8.4;   2.5;    3;   0.0;   0;   11.667;   0;   4.6;  10.6;  978.37;   14.6;   66.58;   21.1;    7.0;    3.5;eor
       4336;20190527;    3;   7.4;   2.8;    3;   3.4;   6;    2.033;   0;   6.8;  13.2;  973.23;   14.4;   80.54;   19.4;   10.5;    6.9;eor
       4336;20190528;    3;  15.6;   3.8;    3;   2.3;   6;    6.767;   0;   5.5;  10.6;  972.49;   12.0;   75.29;   15.9;    8.0;    5.1;eor
       4336;20190529;    3;   6.5;   2.0;    3;   1.3;   6;    4.250;   0;   4.2;  10.1;  982.88;   11.4;   76.33;   17.3;    6.0;    3.2;eor
       4336;20190530;    3;   8.7;   2.2;    3;   0.0;   6;    1.933;   0;   6.3;  11.8;  987.63;   13.8;   74.67;   18.8;    6.8;    3.2;eor
       4336;20190531;    3;   9.6;   1.7;    3;   0.0;   0;   10.633;   0;   4.1;  13.7;  987.67;   17.5;   70.71;   23.5;   11.7;    8.7;eor
       4336;20190601;    3;   4.6;   1.2;    3;   0.0;   0;   15.067;   0;   3.7;  14.0;  984.29;   19.9;   63.38;   26.6;   11.0;    7.4;eor
       4336;20190602;    3;   9.8;   2.5;    3;   0.0;   0;   15.167;   0;   1.4;  14.6;  978.96;   22.8;   55.08;   29.3;   14.1;   10.0;eor
       4336;20190603;    3;  12.5;   3.3;    3;   0.4;   6;    8.417;   0;   4.2;  15.3;  977.47;   20.4;   64.33;   25.5;   14.1;   10.0;eor
       4336;20190604;    3;  10.3;   3.5;    3;   0.0;   6;   13.300;   0;   3.8;  15.7;  972.57;   22.1;   63.17;   29.7;   12.8;    8.9;eor
       4336;20190605;    3;  21.6;   3.1;    3;  11.1;   6;   10.733;   0;   4.2;  14.4;  969.15;   21.2;   59.00;   26.4;   15.1;   11.4;eor
       4336;20190606;    3;  15.1;   4.0;    3;   0.0;   0;    3.233;   0;   5.8;  11.0;  976.48;   11.9;   79.46;   15.5;    7.9;    6.6;eor
       4336;20190607;    3;  19.5;   5.6;    3;   0.0;   6;    9.617;   0;   3.6;  10.5;  975.01;   14.7;   64.79;   25.0;    7.3;    6.3;eor
       4336;20190608;    3;  15.6;   6.2;    3;   0.0;   0;    7.717;   0;   5.1;   9.3;  984.56;   13.7;   60.38;   19.1;    8.7;    4.3;eor
       4336;20190609;    3;   9.6;   2.8;    3;   0.0;   0;    8.683;   0;   6.6;  11.1;  983.05;   16.0;   62.29;   21.9;    7.4;    4.0;eor
       4336;20190610;    1;   7.7;   3.4;    1;   1.6;   6;    1.467;   0;   7.3;  14.4;  976.39;   16.3;   78.29;   19.5;   13.1;   12.9;eor
       4336;20190611;    1;   6.3;   1.9;    1;   0.9;   6;    3.267;   0;   6.9;  12.7;  974.43;   14.8;   76.13;   18.4;   11.7;   11.5;eor
       4336;20190612;    1;  10.3;   3.6;    1;   4.2;   6;    6.867;   0;   4.9;  11.9;  973.75;   14.3;   74.92;   20.0;   10.5;    6.3;eor
       4336;20190613;    1;  11.5;   4.0;    1;   0.0;   0;   13.900;   0;   2.0;  10.4;  977.07;   15.9;   60.17;   22.0;    9.0;    5.8;eor
       4336;20190614;    1;   6.0;   2.4;    1;   0.8;   6;    2.350;   0;   6.2;  13.4;  976.81;   17.2;   68.67;   21.4;   13.4;    9.1;eor
       4336;20190615;    1;  10.6;   4.1;    1;   3.0;   6;    6.683;   0;   6.1;  14.9;  977.69;   17.8;   74.63;   22.8;   13.7;   11.2;eor
       4336;20190616;    1;   7.2;   2.2;    1;   0.0;   0;    7.583;   0;   4.3;  13.3;  983.75;   16.9;   71.38;   21.8;   11.8;    8.0;eor
       4336;20190617;    1;   8.9;   2.7;    1;   0.0;   0;   15.150;   0;   2.1;  12.9;  981.75;   18.9;   61.88;   25.5;   10.7;    6.7;eor
       4336;20190618;    1;   7.5;   2.1;    1;   0.0;   0;   12.867;   0;   5.4;  15.6;  977.01;   21.9;   61.21;   27.9;   14.2;   10.0;eor
       4336;20190619;    1;  14.1;   3.6;    1;   4.3;   8;   12.817;   0;   4.7;  15.0;  973.28;   22.4;   57.50;   28.9;   15.5;   11.9;eor
       4336;20190620;    1;  12.7;   3.7;    1;   0.0;   6;    5.517;   0;   6.2;  15.6;  976.57;   18.1;   76.17;   23.7;   14.8;   12.2;eor
       4336;20190621;    1;   8.6;   2.5;    1;   0.0;   6;   14.000;   0;   2.8;  11.5;  981.06;   17.9;   59.00;   22.8;   12.1;    8.3;eor
       4336;20190622;    1;   8.9;   3.1;    1;   0.1;   6;    0.017;   0;   6.4;  14.2;  980.62;   17.5;   70.25;   22.1;   13.6;   10.0;eor
       4336;20190623;    1;  11.5;   3.8;    1;   0.0;   0;   13.383;   0;   3.3;  16.3;  980.43;   19.7;   72.92;   26.1;   12.0;    8.8;eor
       4336;20190624;    1;   7.7;   3.5;    1;   0.0;   0;   15.233;   0;   4.5;  18.2;  980.95;   23.5;   65.17;   29.7;   16.4;   12.7;eor
       4336;20190625;    1;  10.3;   3.0;    1;   0.0;   0;   13.900;   0;   5.1;  17.8;  981.85;   25.8;   56.33;   33.3;   18.6;   15.5;eor
       4336;20190626;    1;   8.7;   1.8;    1;   0.0;   0;   14.833;   0;   0.6;  19.0;  985.02;   27.4;   55.00;   35.2;   17.9;   14.0;eor
       4336;20190627;    1;  10.1;   4.8;    1;   0.0;   0;   15.133;   0;   0.0;  17.0;  986.08;   26.0;   51.54;   31.4;   18.8;   17.1;eor
       4336;20190628;    1;   8.2;   4.1;    1;   0.0;   0;   15.733;   0;   0.0;  11.5;  984.87;   22.4;   43.79;   29.5;   15.7;   12.0;eor
       4336;20190629;    1;   9.8;   4.1;    1;   0.0;   0;   15.783;   0;   0.2;  12.0;  981.01;   23.8;   43.67;   31.8;   14.7;   12.8;eor
       4336;20190630;    1;  10.6;   3.3;    1;   0.2;   6;   14.867;   0;   0.3;  17.7;  978.45;   26.8;   52.13;   34.8;   16.2;   11.6;eor
       4336;20190701;    1;  10.6;   3.8;    1;   0.0;   6;    9.700;   0;   4.5;  14.6;  980.65;   22.3;   55.71;   27.4;   15.9;   11.2;eor
       4336;20190702;    1;   8.6;   3.2;    1;   0.0;   0;   15.300;   0;   0.5;  10.9;  983.28;   19.8;   49.21;   25.9;   13.5;   10.2;eor
       4336;20190703;    1;  10.3;   4.7;    1;   0.0;   0;   15.133;   0;   2.3;   9.4;  983.95;   19.5;   42.88;   25.0;   13.0;   11.6;eor
       4336;20190704;    1;  10.5;   3.7;    1;   0.0;   0;   15.283;   0;   1.1;   9.6;  983.83;   19.5;   44.21;   26.6;   12.5;    9.6;eor
       4336;20190705;    1;   8.4;   1.9;    1;   0.0;   0;   11.333;   0;   3.0;  10.3;  980.13;   20.6;   45.92;   29.7;   12.5;    7.1;eor
       4336;20190706;    1;  10.6;   2.9;    1;   0.2;   6;   13.917;   0;   2.2;  11.2;  974.94;   22.4;   45.29;   30.6;   11.5;    6.5;eor
       4336;20190707;    1;   7.9;   2.6;    1;   0.7;   6;    2.083;   0;   6.7;  14.0;  976.44;   17.1;   71.71;   20.0;   13.7;   12.4;eor
       4336;20190708;    1;   8.6;   3.2;    1;   0.0;   0;   11.883;   0;   4.8;   9.3;  980.44;   16.0;   52.71;   22.2;   11.2;    6.8;eor
       4336;20190709;    1;   9.1;   3.5;    1;   0.0;   0;   14.567;   0;   4.1;   8.8;  981.94;   14.9;   54.58;   20.7;    7.7;    3.7;eor
