STATIONS_ID;MESS_DATUM;QN_3;  FX;  FM;QN_4; RSK;RSKF; SDK;SHK_TAG;  NM; VPM;  PM; TMK; UPM; TXK; TNK; TGK;eor
       1262;20180106;   10;   6.7;   2.1;    3;   0.0;   0;    6.717;   0;   6.0;   8.5;  955.85;    6.2;   90.00;   10.0;    2.5;   -0.1;eor
       1262;20180107;   10;   9.9;   3.3;    3;   0.0;   0;    0.000;   0;   8.0;   7.5;  964.85;    3.5;   95.33;    6.7;    1.0;    1.3;eor
       1262;20180108;   10;  12.9;   6.5;    3;   0.0;   0;    0.000;   0;   8.0;   7.7;  968.15;    5.1;   87.75;    6.2;    3.8;    3.8;eor
       1262;20180109;   10;  11.7;   3.9;    3;   0.0;   0;    3.400;   0;   6.2;   7.1;  961.20;    5.4;   80.25;   12.5;   -1.2;   -2.6;eor
       1262;20180110;   10;   4.6;   1.7;    3;   0.0;   0;    6.383;   0;   6.0;   6.8;  960.41;    2.9;   90.29;    8.5;   -0.9;   -3.1;eor
       1262;20180111;   10;   4.8;   1.8;    3;   0.0;   6;    0.000;   0;   8.0;   6.7;  963.15;    1.8;   95.83;    3.5;    0.0;    0.3;eor
       1262;20180112;   10;   5.1;   1.8;    3;   0.0;   6;    0.950;   0;   7.8;   6.4;  970.87;    2.8;   85.88;    4.4;    1.9;    1.8;eor
       1262;20180113;   10;   9.3;   4.2;    3;   0.0;   8;    0.000;   0;   8.0;   6.0;  970.63;    1.7;   87.04;    2.9;   -0.2;   -0.3;eor
       1262;20180114;   10;   6.7;   2.3;    3;   0.0;   8;    0.017;   0;   8.0;   5.4;  968.25;    0.1;   87.96;    1.4;   -0.6;   -0.9;eor
       1262;20180115;   10;   9.9;   2.3;    3;   1.2;   8;    2.817;   0;   7.0;   5.4;  963.75;    0.3;   86.29;    4.1;   -2.8;   -4.5;eor
       1262;20180116;   10;  24.0;   7.8;    3;   8.9;   8;    0.767;   0;   7.5;   6.8;  948.14;    4.9;   78.92;    8.8;    0.6;    0.1;eor
       1262;20180117;   10;  19.9;   8.0;    3;   2.6;   8;    1.850;   0;   7.1;   5.7;  951.28;    1.5;   82.67;    3.6;   -0.2;   -1.2;eor
       1262;20180118;   10;  27.6;  11.3;    3;   4.0;   8;    1.783;   0;   7.4;   6.5;  953.66;    4.3;   78.67;    8.9;    0.0;   -0.6;eor
       1262;20180119;   10;  18.3;   6.0;    3;   1.8;   8;    4.183;   0;   6.5;   6.0;  957.04;    3.0;   79.42;    5.7;   -0.5;   -2.4;eor
       1262;20180120;   10;  16.5;   4.9;    3;   5.6;   8;    1.100;   0;   7.6;   5.9;  954.99;    1.5;   86.17;    3.5;    0.0;   -0.3;eor
       1262;20180121;   10;  14.4;   4.7;    3;   2.5;   8;    0.717;   0;   6.6;   5.4;  958.74;    0.2;   86.71;    1.7;   -4.6;   -6.5;eor
       1262;20180122;   10;   5.5;   2.2;    3;   7.1;   8;    0.000;   4;   8.0;   6.2;  959.56;    0.7;   94.33;    4.8;   -3.4;   -3.9;eor
       1262;20180123;   10;   8.2;   3.4;    3;   0.0;   6;    0.000;   0;   7.7;   6.8;  971.88;    3.8;   85.00;    5.5;    0.1;   -2.8;eor
       1262;20180124;   10;   5.5;   2.0;    3;   0.0;   0;    6.467;   0;   6.9;   6.6;  971.17;    5.2;   75.38;   11.8;   -1.8;   -3.4;eor
       1262;20180125;   10;   6.2;   1.0;    3;   0.0;   0;    5.383;   0;   7.0;   6.5;  965.21;    4.2;   80.75;   13.0;   -2.1;   -4.1;eor
       1262;20180126;   10;   6.0;   1.6;    3;   0.0;   0;    4.833;   0;   6.8;   6.2;  964.89;    1.7;   89.58;    6.3;   -1.4;   -3.1;eor
       1262;20180127;   10;   3.6;   1.4;    3;   0.0;   0;    0.000;   0;   8.0;   6.7;  976.82;    2.3;   92.63;    4.1;   -0.6;   -1.4;eor
       1262;20180128;   10;  11.5;   5.0;    3;   0.2;   6;    0.317;   0;   7.1;   7.5;  980.75;    6.3;   78.38;    9.3;    3.4;    1.6;eor
       1262;20180129;   10;  15.4;   4.6;    3;   0.0;   6;    6.100;   0;   5.3;   7.9;  976.89;    6.7;   80.17;   11.5;    1.1;   -1.0;eor
       1262;20180130;   10;  14.9;   3.9;    3;   0.2;   6;    0.083;   0;   7.1;   7.5;  975.22;    4.9;   86.54;    7.5;   -0.8;   -2.5;eor
       1262;20180131;   10;  11.3;   3.4;    3;   1.2;   6;    5.483;   0;   6.5;   6.9;  962.31;    7.0;   70.71;   11.1;    2.4;    2.1;eor
       1262;20180201;   10;  14.2;   4.6;    3;   4.8;   8;    0.000;   0;   8.0;   6.6;  952.11;    3.2;   86.17;    7.3;    0.3;   -0.3;eor
       1262;20180202;   10;  11.8;   4.3;    3;   0.1;   7;    4.233;   0;   7.0;   5.0;  954.78;    1.8;   72.83;    4.5;   -0.4;   -1.8;eor
       1262;20180203;   10;   7.2;   3.0;    3;   0.2;   7;    0.033;   0;   7.8;   5.3;  954.05;    1.0;   80.83;    2.6;   -0.8;   -1.6;eor
       1262;20180204;   10;   6.2;   1.8;    3;   0.1;   7;    0.667;   0;   6.2;   5.3;  961.67;   -0.5;   90.17;    2.0;   -4.2;   -6.5;eor
       1262;20180205;   10;  12.5;   3.9;    3;   0.0;   0;    6.900;   0;   4.3;   4.5;  967.60;   -1.1;   81.04;    1.9;   -3.8;   -4.9;eor
       1262;20180206;   10;   7.9;   3.1;    3;   0.0;   0;    6.733;   0;   6.1;   4.2;  960.10;   -1.7;   78.04;    2.2;   -4.2;   -7.1;eor
       1262;20180207;   10;   5.3;   1.7;    3;   4.2;   7;    0.000;   0;   7.8;   4.7;  958.20;   -2.0;   89.21;   -1.0;   -4.3;   -7.1;eor
       1262;20180208;   10;   3.4;   1.5;    3;   0.3;   7;    0.000;   7;   8.0;   4.9;  964.32;   -1.3;   88.42;   -0.1;   -2.4;   -2.8;eor
       1262;20180209;   10;   5.5;   1.4;    3;   0.0;   0;    0.000;   5;   7.9;   4.7;  963.19;   -0.9;   82.79;    0.6;   -2.4;   -3.6;eor
       1262;20180210;   10;   5.1;   1.8;    3;   0.0;   7;    0.000;   2;   8.0;   4.9;  963.36;   -0.2;   81.25;    1.7;   -3.8;   -8.1;eor
       1262;20180211;   10;  10.3;   3.5;    3;   1.5;   8;    2.183;   0;   7.0;   5.3;  956.84;    0.2;   84.92;    3.1;   -7.0;  -10.6;eor
       1262;20180212;   10;  11.1;   3.8;    3;   0.0;   7;    2.367;   0;   6.8;   5.0;  960.79;    0.7;   78.38;    3.2;   -2.1;   -3.4;eor
       1262;20180213;   10;   8.6;   2.2;    3;   0.0;   0;    7.717;   0;   3.0;   4.0;  962.61;   -2.1;   77.75;    1.6;   -6.3;   -8.3;eor
       1262;20180214;   10;   5.7;   1.5;    3;   0.0;   7;    7.850;   0;   1.0;   3.7;  964.12;   -4.1;   82.04;    1.1;   -9.5;  -11.3;eor
       1262;20180215;   10;   6.2;   2.0;    3;   6.9;   8;    0.017;   0;   6.6;   4.3;  966.17;   -2.7;   83.96;    1.0;   -8.3;  -11.2;eor
       1262;20180216;   10;   5.1;   2.0;    3;   1.4;   6;    0.000;   0;   7.8;   6.9;  971.21;    2.3;   94.79;    5.0;    0.2;   -1.3;eor
       1262;20180217;   10;   7.2;   2.8;    3;  10.7;   7;    0.000;   0;   8.0;   5.8;  967.04;   -0.3;   96.71;    1.3;   -1.2;   -1.2;eor
       1262;20180218;   10;   7.5;   1.9;    3;   0.0;   7;    0.367;   9;   5.9;   5.0;  971.60;   -1.2;   89.83;    1.0;   -5.9;  -12.7;eor
       1262;20180219;   10;   5.1;   1.5;    3;   0.0;   7;    0.000;   5;   6.1;   3.8;  965.82;   -4.6;   86.92;   -1.7;  -12.4;  -16.7;eor
       1262;20180220;   10;   3.1;   1.2;    3;   0.2;   7;    0.000;   5;   8.0;   4.3;  962.17;   -3.2;   89.21;   -1.5;   -5.2;  -11.6;eor
       1262;20180221;   10;   5.7;   1.8;    3;   0.0;   0;    7.050;   7;   6.0;   4.1;  964.47;   -2.2;   79.04;    0.8;   -6.9;  -14.3;eor
       1262;20180222;   10;  12.5;   5.4;    3;   0.0;   7;    1.117;   6;   7.8;   3.7;  962.71;   -2.6;   74.00;   -1.1;   -4.4;   -6.6;eor
       1262;20180223;   10;  12.3;   5.2;    3;   0.0;   0;    0.000;   4;   8.0;   3.7;  962.52;   -2.5;   72.21;   -0.6;   -3.8;   -4.1;eor
       1262;20180224;   10;  14.1;   6.2;    3;   0.0;   0;   10.050;   4;   3.4;   2.9;  965.81;   -3.2;   59.92;    0.1;   -7.3;   -8.8;eor
       1262;20180225;   10;  11.3;   4.9;    3;   0.0;   0;   10.367;   4;   0.7;   1.9;  968.67;   -8.0;   57.08;   -4.8;  -11.0;  -17.3;eor
       1262;20180226;   10;   8.7;   3.4;    3;   0.0;   7;    5.433;   4;   4.7;   1.8;  966.49;  -10.7;   65.04;   -8.4;  -13.9;  -17.1;eor
       1262;20180227;   10;   5.1;   2.3;    3;   0.0;   0;    5.617;   4;   6.7;   1.7;  962.03;  -10.6;   64.46;   -7.5;  -13.8;  -18.5;eor
       1262;20180228;   10;  12.3;   4.9;    3;   0.0;   0;    9.400;   4;   2.6;   1.8;  963.01;  -10.9;   66.54;   -7.5;  -16.3;  -20.2;eor
       1262;20180301;   10;  12.2;   6.7;    3;   0.0;   0;    3.950;   4;   6.5;   2.2;  953.56;   -8.0;   64.42;   -3.7;  -11.4;  -12.5;eor
       1262;20180302;   10;  10.3;   4.2;    3;   0.2;   7;    2.667;   3;   6.6;   3.0;  945.11;   -5.7;   74.29;   -2.4;   -9.2;  -10.2;eor
       1262;20180303;   10;   7.5;   2.5;    3;   0.3;   8;    2.433;   4;   7.0;   4.8;  946.10;   -1.2;   85.75;    2.0;   -6.1;  -11.4;eor
       1262;20180304;   10;   9.6;   3.3;    3;   0.0;   6;    9.200;   3;   4.9;   5.6;  948.41;    1.9;   80.88;    7.9;   -2.0;   -4.1;eor
       1262;20180305;   10;   7.5;   2.5;    3;   0.0;   6;    4.183;   1;   7.6;   5.9;  945.02;    2.1;   82.88;    6.8;   -2.1;   -3.6;eor
       1262;20180306;   10;   5.7;   2.1;    3;   0.1;   6;    0.000;   0;   7.9;   5.6;  940.05;    0.8;   85.92;    3.8;   -1.5;   -2.5;eor
       1262;20180307;   10;  12.9;   5.7;    3;   0.0;   6;    3.417;   0;   6.5;   6.6;  946.14;    5.1;   75.42;    9.7;    1.9;    0.2;eor
       1262;20180308;   10;  11.7;   5.1;    3;   0.0;   0;    7.000;   0;   5.8;   5.5;  954.58;    5.7;   61.83;   10.5;    2.1;   -0.2;eor
       1262;20180309;   10;   9.8;   2.6;    3;   0.0;   6;    0.583;   0;   7.5;   6.5;  957.25;    7.1;   65.29;   12.5;    0.4;   -0.9;eor
       1262;20180310;   10;   4.6;   1.4;    3;   0.5;   6;    0.117;   0;   7.4;   8.3;  955.20;    8.2;   77.00;   13.9;    1.4;   -1.0;eor
       1262;20180311;   10;  10.5;   2.4;    3;   7.2;   6;    2.867;   0;   5.9;   8.5;  947.48;    8.3;   78.67;   15.8;    0.0;   -2.2;eor
       1262;20180312;   10;  17.0;   6.3;    3;   1.6;   6;    1.833;   0;   6.3;   8.9;  945.73;    9.0;   78.33;   12.8;    4.5;    1.2;eor
       1262;20180313;   10;  18.0;   9.3;    3;   0.4;   6;    6.267;   0;   6.2;   7.0;  954.10;    7.5;   68.13;   11.4;    3.7;    0.4;eor
       1262;20180314;   10;   8.6;   2.9;    3;   0.1;   6;    2.517;   0;   5.6;   6.9;  958.84;    4.6;   82.13;    8.3;   -0.4;   -4.7;eor
       1262;20180315;   10;  12.9;   4.8;    3;   1.6;   6;    4.667;   0;   5.9;   6.9;  948.62;    4.8;   81.54;   11.1;   -1.5;   -6.2;eor
       1262;20180316;   10;  12.9;   3.4;    3;   0.4;   8;    4.167;   0;   6.1;   7.8;  949.69;    6.6;   80.96;   11.1;   -0.9;   -3.3;eor
       1262;20180317;   10;  11.3;   3.4;    3;   2.3;   7;    0.000;   0;   7.4;   6.1;  946.09;    1.1;   92.04;    4.2;   -1.8;   -4.0;eor
       1262;20180318;   10;  12.7;   6.0;    3;   0.8;   7;    0.000;   0;   8.0;   3.8;  950.18;   -2.8;   76.79;   -0.9;   -4.6;   -4.3;eor
       1262;20180319;   10;   6.2;   2.1;    3;   1.1;   7;    0.000;   0;   8.0;   3.6;  955.53;   -4.2;   80.58;   -2.3;   -5.5;   -6.4;eor
       1262;20180320;   10;   7.0;   2.5;    3;   0.7;   7;    6.617;   2;   6.9;   3.4;  961.66;   -2.7;   68.58;    0.9;   -7.9;  -11.0;eor
       1262;20180321;   10;   6.7;   2.3;    3;   0.0;   7;    5.433;   0;   4.9;   3.9;  971.03;   -0.6;   67.42;    2.9;   -5.9;   -8.0;eor
       1262;20180322;   10;  10.8;   3.9;    3;   0.7;   8;    7.433;   0;   5.8;   4.1;  965.48;   -0.8;   73.21;    4.6;   -7.0;   -8.9;eor
       1262;20180323;   10;   7.7;   3.5;    3;   0.1;   8;    0.267;   0;   7.9;   6.2;  955.81;    2.3;   85.38;    5.6;    0.0;   -0.1;eor
       1262;20180324;   10;  12.9;   3.5;    3;   0.0;   0;    9.333;   0;   4.5;   5.7;  950.18;    3.0;   77.67;    8.4;   -3.0;   -6.3;eor
       1262;20180325;   10;   7.7;   1.4;    3;   0.0;   0;   11.583;   0;   2.5;   5.3;  953.71;    3.6;   71.25;   12.5;   -4.6;   -7.7;eor
       1262;20180326;   10;   5.7;   1.9;    3;   0.3;   6;    1.083;   0;   7.1;   6.2;  959.69;    4.7;   73.13;    9.3;   -2.3;   -4.2;eor
       1262;20180327;   10;  11.5;   3.3;    3;   1.8;   6;    5.317;   0;   6.6;   6.2;  961.42;    5.2;   71.63;    9.4;    2.4;   -0.5;eor
       1262;20180328;   10;  15.4;   6.2;    3;   6.0;   6;    1.500;   0;   7.8;   8.8;  953.93;    8.3;   81.00;   12.6;    3.4;    3.0;eor
       1262;20180329;   10;  13.4;   4.6;    3;   0.0;   6;    4.000;   0;   6.3;   6.8;  955.25;    6.5;   70.96;    9.7;    0.6;   -2.4;eor
       1262;20180330;   10;  13.5;   3.7;    3;   0.2;   6;    6.000;   0;   4.9;   7.3;  951.20;    6.5;   77.50;   13.8;   -2.4;   -4.5;eor
       1262;20180331;   10;  10.1;   4.4;    3;   0.8;   6;    0.200;   0;   7.0;   7.4;  947.15;    6.5;   76.88;    9.4;    4.0;    2.5;eor
       1262;20180401;   10;  19.4;   7.6;    3;   0.9;   8;    2.517;   0;   6.3;   6.8;  955.72;    5.6;   75.17;    8.8;    3.6;    2.2;eor
       1262;20180402;   10;   8.7;   3.0;    3;   0.0;   6;   10.800;   0;   4.9;   6.2;  959.08;    7.8;   61.08;   14.8;   -0.3;   -2.9;eor
       1262;20180403;   10;   6.7;   2.5;    3;   0.0;   0;    7.917;   0;   6.9;   7.7;  955.06;   13.7;   51.63;   20.7;    4.9;    2.1;eor
       1262;20180404;   10;  17.8;   3.6;    3;   0.0;   6;    9.217;   0;   5.9;   7.9;  954.35;   13.3;   55.79;   22.5;    5.2;    1.9;eor
       1262;20180405;   10;  16.8;   5.9;    3;   2.4;   8;    6.717;   0;   4.8;   7.6;  961.83;    9.3;   65.67;   15.2;    4.8;    0.7;eor
       1262;20180406;   10;  10.8;   3.8;    3;   0.0;   0;   12.667;   0;   3.0;   6.3;  968.33;    6.9;   64.67;   12.6;   -1.6;   -4.1;eor
       1262;20180407;   10;  12.0;   3.0;    3;   0.0;   0;   12.800;   0;   0.6;   6.9;  962.32;   10.3;   57.58;   18.7;    0.4;   -5.1;eor
       1262;20180408;   10;   6.2;   2.2;    3;   0.0;   0;   12.283;   0;   0.3;   8.4;  957.35;   10.7;   68.17;   19.8;    0.1;   -3.6;eor
       1262;20180409;   10;   5.8;   1.7;    3;   0.0;   0;    5.233;   0;   6.0;   8.1;  953.02;   11.6;   64.54;   20.6;    1.9;   -0.3;eor
       1262;20180410;   10;  11.5;   2.5;    3;   0.0;   6;    3.217;   0;   6.5;   9.1;  951.26;   11.8;   65.54;   17.6;    2.7;   -0.2;eor
       1262;20180411;   10;   9.3;   3.1;    3;   0.0;   0;    9.617;   0;   5.3;   9.4;  953.55;   12.9;   65.58;   18.3;    6.4;    2.4;eor
       1262;20180412;   10;  12.5;   4.9;    3;   0.0;   0;    5.600;   0;   6.6;   8.8;  948.89;   15.8;   50.08;   22.1;    8.1;    5.3;eor
       1262;20180413;   10;  19.5;   4.6;    3;   0.0;   6;    8.233;   0;   5.6;   8.1;  956.55;   11.4;   62.83;   18.3;    3.1;   -0.8;eor
       1262;20180414;   10;   7.5;   1.9;    3;   0.0;   0;   11.883;   0;   4.1;   7.7;  966.62;   10.9;   63.83;   19.1;   -0.2;   -2.6;eor
       1262;20180415;   10;   6.2;   1.9;    3;   0.2;   6;    3.983;   0;   7.2;   9.2;  960.12;   12.1;   66.58;   19.0;    2.6;    0.3;eor
       1262;20180416;   10;   8.2;   3.2;    3;   2.5;   6;    0.450;   0;   7.6;  12.1;  962.67;   12.3;   84.50;   16.0;    6.9;    4.8;eor
       1262;20180417;   10;   6.7;   1.4;    3;   0.0;   0;   11.400;   0;   3.0;  10.3;  972.67;   12.8;   72.38;   19.7;    4.4;    1.4;eor
       1262;20180418;   10;   9.3;   2.4;    3;   0.0;   0;   13.033;   0;   0.8;   9.2;  978.24;   13.2;   66.00;   21.2;    2.2;   -0.1;eor
       1262;20180419;   10;   9.9;   3.3;    3;   0.0;   0;   13.150;   0;   1.5;   9.3;  975.80;   14.1;   63.17;   23.2;    3.0;    0.1;eor
       1262;20180420;   10;  12.0;   3.0;    3;   0.0;   0;   13.283;   0;   4.2;  10.2;  971.18;   15.9;   60.54;   25.9;    5.2;    1.3;eor
       1262;20180421;   10;   9.3;   2.0;    3;   0.0;   0;   13.183;   0;   2.3;  10.6;  966.96;   16.4;   61.25;   26.0;    4.7;    1.9;eor
       1262;20180422;   10;   7.2;   1.5;    3;   0.0;   6;   12.067;   0;   2.6;  10.6;  963.80;   16.8;   61.00;   26.4;    5.8;    3.9;eor
       1262;20180423;   10;  13.2;   4.7;    3;   0.8;   6;    5.700;   0;   7.1;  11.6;  964.32;   16.7;   62.58;   23.6;    9.9;    6.9;eor
       1262;20180424;   10;  11.8;   3.8;    3;   0.0;   0;   10.517;   0;   5.7;  11.4;  965.66;   15.4;   67.83;   21.2;    6.9;    4.8;eor
       1262;20180425;   10;  21.1;   5.7;    3;   0.5;   6;    9.450;   0;   4.9;  10.1;  961.41;   16.1;   58.75;   24.0;    5.0;    2.6;eor
       1262;20180426;   10;  10.3;   3.8;    3;   0.0;   6;    1.833;   0;   7.4;   8.4;  965.56;   11.5;   62.21;   14.5;    4.4;    1.5;eor
       1262;20180427;   10;  10.5;   3.0;    3;   0.0;   0;   13.350;   0;   4.4;   9.1;  960.97;   12.1;   66.29;   19.9;    1.2;   -1.6;eor
       1262;20180428;   10;   7.7;   2.1;    3;   0.0;   0;   13.150;   0;   3.2;  10.3;  959.81;   15.4;   62.25;   23.0;    5.6;    3.0;eor
       1262;20180429;   10;  10.3;   3.5;    3;   0.0;   6;   13.067;   0;   3.5;  10.6;  954.82;   17.2;   57.29;   25.3;    6.2;    3.2;eor
       1262;20180430;   10;  19.2;   3.9;    3;   1.2;   6;    5.717;   0;   5.6;   9.3;  953.86;   14.5;   57.04;   18.5;    9.8;    9.2;eor
       1262;20180501;   10;   8.6;   2.4;    3;   0.0;   0;    4.283;   0;   6.9;   8.8;  960.18;   11.8;   64.38;   16.4;    7.7;    6.4;eor
       1262;20180502;   10;   7.7;   2.5;    3;   0.0;   6;    3.883;-999;   6.9;   9.6;  958.09;   13.6;   61.54;   18.9;    8.5;    6.9;eor
       1262;20180503;   10;   7.5;   3.0;    3;   0.0;   0;    5.550;-999;   6.5;  11.2;  959.93;   14.6;   67.46;   19.7;    9.4;    7.7;eor
       1262;20180504;   10;  10.5;   3.5;    3;   0.0;   6;    3.000;   0;   6.4;  12.3;  964.40;   15.2;   71.42;   20.9;   11.1;    9.4;eor
       1262;20180505;   10;  11.3;   4.7;    3;   0.0;   0;   10.083;   0;   3.4;  12.4;  967.71;   15.9;   68.71;   21.5;   10.8;    8.9;eor
       1262;20180506;   10;   9.8;   3.8;    3;   0.0;   0;   13.750;   0;   0.7;   9.3;  968.38;   16.1;   54.04;   22.3;   10.2;    5.9;eor
       1262;20180507;   10;  12.7;   4.3;    3;   0.0;   0;   13.833;   0;   1.5;   9.0;  964.89;   15.6;   52.83;   22.8;    7.1;    1.6;eor
       1262;20180508;   10;  12.3;   4.7;    3;   0.0;   0;   13.767;   0;   2.1;   8.9;  958.90;   16.8;   48.21;   22.8;    8.4;    1.9;eor
       1262;20180509;   10;   9.3;   2.7;    3;   0.0;   0;   12.583;   0;   2.4;  10.0;  955.23;   14.8;   61.88;   22.5;    5.2;    1.9;eor
       1262;20180510;   10;  12.9;   4.1;    3;   0.3;   6;    9.867;   0;   4.9;  10.9;  959.22;   15.5;   64.00;   22.4;    8.2;    3.9;eor
       1262;20180511;   10;   9.1;   3.0;    3;   0.0;   0;    8.533;   0;   4.3;  11.4;  965.87;   14.1;   72.21;   21.0;    8.6;    5.9;eor
       1262;20180512;   10;  11.3;   2.2;    3;   0.0;   0;   12.733;-999;   3.3;  12.3;  961.97;   17.6;   64.63;   25.5;    6.4;    4.8;eor
       1262;20180513;   10;   9.3;   2.5;    3;   7.7;   6;   11.300;   0;   4.3;  12.9;  955.87;   17.3;   68.83;   26.1;    7.6;    5.1;eor
       1262;20180514;   10;  11.5;   2.9;    3;   0.0;   0;    3.917;   0;   7.0;  13.5;  955.25;   16.5;   72.67;   22.3;   12.8;    8.9;eor
       1262;20180515;   10;  11.8;   2.9;    3;  13.6;   6;    7.483;   0;   5.4;  10.9;  958.64;   12.5;   75.54;   17.2;    9.4;    6.8;eor
       1262;20180516;   10;   9.3;   4.2;    3;  17.6;   6;    0.600;   0;   8.0;  11.6;  960.97;   10.9;   88.83;   14.4;    9.5;    8.5;eor
       1262;20180517;   10;   8.7;   4.2;    3;   1.9;   6;    0.667;   0;   7.4;  12.6;  964.02;   12.6;   86.58;   16.5;   10.1;    9.3;eor
       1262;20180518;   10;   5.1;   2.0;    3;   0.0;   0;   10.100;   0;   3.7;  11.5;  966.34;   14.3;   73.00;   20.0;    7.6;    6.0;eor
       1262;20180519;   10;  10.3;   2.7;    3;  17.3;   6;    8.017;   0;   5.9;  11.8;  966.27;   13.3;   79.08;   20.6;    5.8;    3.2;eor
       1262;20180520;   10;  13.4;   4.6;    3;   0.0;   6;    7.283;   0;   6.8;  11.5;  966.32;   15.7;   66.92;   21.1;   11.5;   10.6;eor
       1262;20180521;   10;  10.1;   3.2;    3;   1.0;   6;   12.350;   0;   2.3;  11.9;  962.09;   17.0;   62.58;   23.4;    9.8;    6.0;eor
       1262;20180522;   10;  10.3;   2.5;    3;   0.0;   6;   11.083;   0;   5.5;  13.0;  960.51;   16.3;   72.04;   24.2;    7.7;    5.5;eor
       1262;20180523;   10;   7.0;   1.9;    3;   2.3;   6;    8.367;   0;   6.5;  14.5;  964.21;   18.0;   72.71;   24.0;   11.8;    9.9;eor
       1262;20180524;   10;   6.7;   1.8;    3;  29.4;   8;    2.683;   0;   7.3;  15.9;  965.88;   16.7;   84.21;   21.3;   13.0;   10.3;eor
       1262;20180525;   10;  11.1;   1.9;    3;   0.0;   0;    9.767;   0;   3.3;  14.3;  966.63;   16.5;   78.08;   23.9;    9.2;    8.4;eor
       1262;20180526;   10;   7.4;   2.1;    3;   0.0;   0;   10.317;   0;   6.0;  15.3;  968.26;   17.8;   77.71;   24.8;   10.3;    8.5;eor
       1262;20180527;   10;   7.4;   1.6;    3;   0.0;   0;   12.017;   0;   5.5;  14.7;  966.64;   19.3;   69.33;   26.2;   10.5;    8.9;eor
       1262;20180528;   10;   7.7;   2.3;    3;   0.0;   0;   13.000;   0;   4.3;  14.9;  964.52;   20.7;   64.50;   27.8;   11.3;    9.0;eor
       1262;20180529;   10;   7.9;   2.0;    3;   2.4;   6;   11.017;   0;   6.2;  16.0;  961.85;   21.1;   66.21;   27.7;   11.9;   10.4;eor
       1262;20180530;   10;   9.6;   2.4;    3;   0.2;   6;    8.850;   0;   4.8;  17.2;  963.13;   21.0;   71.29;   26.1;   15.8;   15.2;eor
       1262;20180531;   10;  18.0;   2.3;    3;  16.7;   6;   10.800;   0;   4.4;  17.4;  962.41;   20.7;   73.13;   29.0;   13.7;   12.0;eor
       1262;20180601;   10;   9.3;   2.9;    3;   0.0;   6;    6.017;   0;   5.7;  15.6;  966.25;   18.9;   72.88;   23.8;   15.2;   13.6;eor
       1262;20180602;   10;   6.3;   2.1;    3;   0.0;   0;    9.100;   0;   4.8;  15.2;  966.78;   19.0;   70.88;   24.4;   13.9;   12.0;eor
       1262;20180603;   10;   6.7;   1.5;    3;   0.0;   0;   14.317;   0;   2.8;  14.7;  964.85;   19.7;   67.33;   26.2;   11.7;    9.7;eor
       1262;20180604;   10;   9.3;   2.9;    3;   0.0;   0;   15.067;   0;   1.5;  14.1;  959.02;   20.9;   60.75;   27.6;   10.9;    8.8;eor
       1262;20180605;   10;   6.7;   2.0;    3;   0.0;   0;   13.650;   0;   1.3;  13.5;  958.36;   21.4;   56.25;   28.2;   12.0;   10.0;eor
       1262;20180606;   10;  14.7;   3.3;    3;   5.7;   6;   10.333;   0;   3.8;  16.0;  960.43;   20.0;   71.04;   27.6;   14.5;   10.5;eor
       1262;20180607;   10;   6.7;   1.7;    3;   0.2;   6;    6.717;   0;   6.3;  17.2;  962.95;   18.8;   80.67;   25.6;   12.5;   11.4;eor
       1262;20180608;   10;  10.1;   2.2;    3;   0.2;   6;    7.650;   0;   5.2;  17.8;  960.25;   20.6;   74.92;   27.1;   15.2;   14.1;eor
       1262;20180609;   10;   9.3;   3.0;    3;  19.3;   6;    8.367;   0;   4.5;  17.9;  960.26;   19.9;   77.79;   26.9;   14.9;   14.0;eor
       1262;20180610;   10;   9.4;   2.3;    3;   0.0;   6;   11.567;   0;   3.8;  17.8;  960.49;   21.0;   73.17;   26.5;   15.2;   13.4;eor
       1262;20180611;   10;  13.2;   2.0;    3;   0.0;   6;   10.400;   0;   4.7;  17.3;  958.04;   21.3;   71.04;   28.9;   13.2;   12.0;eor
       1262;20180612;   10;   8.7;   2.4;    3;  38.3;   6;    2.817;   0;   7.6;  17.1;  957.07;   18.5;   81.25;   23.9;   15.2;   15.3;eor
       1262;20180613;   10;   8.6;   3.1;    3;   1.4;   6;    0.000;   0;   8.0;  13.5;  959.37;   14.1;   83.79;   15.6;   12.7;   12.1;eor
       1262;20180614;   10;   5.7;   1.7;    3;   0.0;   0;    4.333;   0;   5.8;  10.5;  964.59;   13.9;   67.71;   17.7;    8.4;    6.8;eor
       1262;20180615;   10;   6.2;   1.4;    3;   0.0;   0;   10.600;   0;   4.3;  11.3;  965.05;   15.7;   66.54;   21.8;    8.5;    7.1;eor
       1262;20180616;   10;   7.5;   1.3;    3;   0.0;   0;   14.583;   0;   1.3;  11.8;  964.02;   17.1;   65.17;   24.5;    7.4;    6.0;eor
       1262;20180617;   10;   8.4;   2.8;    3;   1.0;   6;    6.883;   0;   5.8;  14.6;  965.63;   17.9;   73.04;   23.3;    9.7;    7.8;eor
       1262;20180618;   10;   8.2;   2.7;    3;   0.0;   0;    8.700;   0;   5.0;  13.8;  970.03;   17.9;   69.00;   22.8;   11.1;    9.3;eor
       1262;20180619;   10;   7.7;   1.9;    3;   0.0;   0;    6.500;   0;   4.7;  14.6;  972.03;   18.1;   72.50;   24.3;   10.0;    8.1;eor
       1262;20180620;   10;  10.6;   1.7;    3;   0.0;   0;   15.117;   0;   1.3;  15.3;  969.13;   20.5;   66.92;   26.9;   11.7;   10.6;eor
       1262;20180621;   10;  13.2;   4.0;    3;   0.0;   0;   10.233;   0;   3.8;  14.9;  964.19;   20.6;   63.00;   28.5;   12.0;   10.6;eor
       1262;20180622;   10;  13.5;   5.0;    3;   0.0;   0;   11.033;   0;   3.0;   7.8;  970.50;   13.0;   52.33;   16.8;    6.3;    4.0;eor
       1262;20180623;   10;  10.3;   3.3;    3;   0.0;   6;    7.817;   0;   4.5;   9.1;  971.45;   13.0;   62.17;   18.2;    4.9;    2.5;eor
       1262;20180624;   10;   6.2;   2.1;    3;   1.6;   6;    4.517;   0;   7.2;  10.7;  968.30;   15.3;   62.88;   19.2;   11.1;   11.1;eor
       1262;20180625;   10;   5.7;   1.8;    3;   0.0;   0;    4.117;   0;   7.0;  11.4;  969.30;   14.8;   69.46;   19.7;    9.5;    7.9;eor
       1262;20180626;   10;   7.9;   2.0;    3;   0.0;   0;    9.450;   0;   3.2;  11.7;  969.85;   16.4;   65.17;   22.2;    6.9;    4.2;eor
       1262;20180627;   10;  12.9;   2.7;    3;   0.5;   6;    8.600;   0;   3.8;  11.1;  968.87;   15.7;   64.75;   22.2;    8.5;    6.3;eor
       1262;20180628;   10;  10.5;   2.3;    3;  25.0;   6;    0.000;   0;   7.8;  14.5;  966.08;   13.7;   91.46;   15.6;    9.0;    7.6;eor
       1262;20180629;   10;   8.7;   2.1;    3;  23.1;   6;    5.350;   0;   6.9;  17.3;  963.43;   18.4;   82.42;   24.1;   14.6;   13.6;eor
       1262;20180630;   10;   8.7;   2.6;    3;   0.0;   0;   13.600;   0;   1.6;  14.3;  962.47;   19.2;   65.83;   24.9;   12.6;    9.6;eor
       1262;20180701;   10;   8.7;   3.3;    3;   0.0;   0;   15.450;   0;   0.0;   9.4;  964.50;   16.4;   52.58;   21.8;   10.4;    7.4;eor
       1262;20180702;   10;   7.2;   2.4;    3;   0.0;   0;   15.333;   0;   0.0;   9.7;  963.68;   16.2;   55.96;   23.2;    7.7;    4.4;eor
       1262;20180703;   10;   8.2;   1.8;    3;   0.0;   0;   15.000;   0;   2.8;  11.9;  964.65;   18.1;   62.46;   26.5;    5.7;    3.7;eor
       1262;20180704;   10;  10.1;   2.3;    3;   0.0;   6;    7.750;   0;   5.3;  15.9;  964.36;   19.3;   73.08;   26.9;   11.7;    9.4;eor
       1262;20180705;   10;  17.3;   2.9;    3;   3.7;   6;   11.233;   0;   5.0;  15.2;  962.53;   19.3;   70.29;   27.6;   10.2;    8.3;eor
       1262;20180706;   10;   9.3;   3.3;    3;  22.4;   6;    0.233;   0;   7.5;  17.1;  965.73;   17.1;   88.13;   20.4;   15.0;   14.2;eor
       1262;20180707;   10;   8.7;   3.5;    3;   0.0;   0;   13.900;   0;   3.0;  13.0;  969.38;   18.5;   65.08;   24.3;   12.4;   10.3;eor
       1262;20180708;   10;   9.3;   2.5;    3;   0.0;   0;   13.533;   0;   3.0;  12.5;  968.45;   18.9;   60.71;   24.8;   10.4;    8.8;eor
       1262;20180709;   10;   8.1;   1.2;    3;   0.0;   0;   10.267;   0;   4.0;  13.6;  966.92;   19.1;   63.71;   25.5;    9.6;    8.0;eor
       1262;20180710;   10;  10.6;   2.3;    3;   3.2;   6;    2.817;   0;   7.2;  14.0;  963.42;   17.3;   72.00;   23.7;   13.4;   12.5;eor
       1262;20180711;   10;   8.6;   2.6;    3;   0.0;   6;    6.517;   0;   4.6;  11.9;  963.79;   15.0;   71.08;   19.2;    8.4;    6.9;eor
       1262;20180712;   10;   8.2;   2.4;    3;   0.0;   0;    9.667;   0;   3.0;  11.9;  965.51;   15.7;   69.13;   22.8;    7.4;    6.2;eor
       1262;20180713;   10;   5.3;   1.5;    3;   0.0;   0;   14.183;   0;   1.5;  12.9;  967.17;   18.7;   63.75;   26.6;    8.3;    7.0;eor
       1262;20180714;   10;  11.7;   1.6;    3;   0.0;   6;   10.067;   0;   3.0;  14.7;  966.42;   18.8;   70.63;   26.0;   10.3;    9.0;eor
       1262;20180715;   10;  14.2;   1.9;    3;  20.7;   8;   10.283;   0;   5.2;  14.4;  964.38;   18.0;   73.83;   27.5;   10.8;    9.6;eor
       1262;20180716;   10;   7.7;   1.6;    3;   2.4;   6;    6.700;   0;   5.2;  15.0;  962.25;   17.7;   76.75;   23.8;   11.2;   10.2;eor
       1262;20180717;   10;  13.0;   4.0;    3;   0.0;   6;   11.617;   0;   3.0;  14.1;  963.27;   18.8;   68.46;   26.7;   10.7;    9.5;eor
       1262;20180718;   10;   7.2;   2.9;    3;   0.0;   0;   11.017;   0;   2.3;  14.1;  964.79;   20.9;   59.46;   27.3;   13.1;   10.8;eor
       1262;20180719;   10;   6.7;   1.6;    3;   0.0;   0;   13.683;   0;   1.6;  12.9;  964.75;   19.7;   60.79;   27.6;   10.3;    8.9;eor
       1262;20180720;   10;   9.1;   1.7;    3;   0.9;   6;   13.033;-999;   3.5;  13.8;  961.98;   21.1;   59.67;   28.8;    9.9;    8.5;eor
       1262;20180721;   10;   8.2;   3.0;    3;  22.0;   6;    0.133;-999;   7.9;  17.7;  960.99;   17.7;   87.17;   20.3;   16.2;   16.3;eor
       1262;20180722;   10;   7.0;   2.2;    3;  24.6;   6;    0.050;   0;   7.7;  18.0;  962.43;   17.1;   92.25;   18.8;   16.0;   15.4;eor
       1262;20180723;   10;   9.4;   2.4;    3;   3.0;   6;    6.500;   0;   6.4;  17.6;  965.26;   19.4;   80.08;   25.7;   14.6;   13.2;eor
       1262;20180724;   10;   7.0;   1.3;    3;   0.0;   0;   13.500;   0;   0.6;  16.4;  963.83;   20.7;   70.88;   28.2;   13.1;   11.4;eor
       1262;20180725;   10;   7.0;   1.8;    3;   0.0;   0;   11.117;   0;   2.6;  16.4;  963.18;   21.8;   66.88;   30.3;   13.1;   11.8;eor
       1262;20180726;   10;   7.7;   1.7;    3;   0.0;   0;   13.217;   0;   1.8;  16.0;  963.82;   21.7;   65.38;   28.6;   12.8;   11.8;eor
       1262;20180727;   10;   7.2;   1.8;    3;   0.0;   6;   10.483;   0;   2.8;  16.9;  961.81;   22.2;   66.33;   29.5;   15.0;   13.3;eor
       1262;20180728;   10;  11.1;   2.9;    3;   0.9;   6;   10.533;   0;   4.0;  16.8;  960.35;   22.1;   65.92;   28.9;   13.1;   11.9;eor
       1262;20180729;   10;   6.2;   1.9;    3;   0.0;   0;   11.950;   0;   5.4;  17.0;  964.11;   22.9;   63.21;   29.4;   16.0;   15.1;eor
       1262;20180730;   10;   5.7;   1.1;    3;   0.0;   0;   13.900;   0;   1.5;  16.7;  964.95;   23.4;   63.25;   31.6;   14.2;   12.8;eor
       1262;20180731;   10;   6.5;   1.1;    3;   0.0;   0;   14.117;   0;   0.7;  16.9;  965.27;   24.4;   60.71;   33.6;   14.5;   13.2;eor
       1262;20180801;   10;  12.2;   1.8;    3;   0.0;   6;   10.417;   0;   3.0;  17.3;  965.92;   25.4;   57.00;   33.4;   15.8;   14.8;eor
       1262;20180802;   10;  14.4;   3.2;    3;   0.0;   6;   11.900;   0;   3.5;  18.8;  968.76;   23.1;   67.54;   30.0;   17.9;   17.0;eor
       1262;20180803;   10;   6.7;   1.5;    3;   0.0;   0;   11.417;   0;   3.0;  19.7;  967.93;   23.6;   70.75;   31.6;   15.8;   15.2;eor
       1262;20180804;   10;   9.4;   1.4;    3;   0.0;   0;   12.217;   0;   3.0;  18.2;  965.80;   24.0;   66.29;   32.5;   15.9;   14.7;eor
       1262;20180805;   10;   7.9;   2.0;    3;   0.0;   0;   12.700;   0;   2.5;  18.2;  966.11;   23.5;   65.88;   30.1;   15.9;   13.9;eor
       1262;20180806;   10;   7.7;   2.3;    3;   0.0;   0;   13.300;   0;   4.2;  16.1;  965.39;   22.9;   60.58;   30.2;   14.6;   12.6;eor
       1262;20180807;   10;   8.4;   2.1;    3;   0.0;   6;    7.983;   0;   4.6;  16.9;  962.74;   23.6;   60.46;   31.7;   15.4;   14.0;eor
       1262;20180808;   10;  12.3;   2.6;    3;   0.0;   0;   12.400;   0;   3.3;  16.5;  963.17;   23.1;   61.42;   29.2;   14.2;   12.9;eor
       1262;20180809;   10;  15.8;   2.8;    3;   8.6;   6;   12.083;   0;   3.4;  16.4;  963.19;   23.7;   60.92;   33.5;   14.5;   12.7;eor
       1262;20180810;   10;   8.9;   2.6;    3;   6.4;   6;    0.350;   0;   6.6;  15.2;  971.88;   15.6;   85.25;   18.9;   10.3;    8.7;eor
       1262;20180811;   10;  11.3;   2.3;    3;   0.0;   0;   12.883;   0;   3.2;  11.9;  970.96;   16.3;   69.00;   24.1;    8.3;    7.5;eor
       1262;20180812;   10;  10.5;   1.7;    3;   0.0;   0;   13.733;   0;   1.9;  13.3;  965.21;   18.4;   67.29;   27.9;    7.5;    5.9;eor
       1262;20180813;   10;  18.7;   2.5;    3;   9.2;   6;    8.567;   0;   4.7;  16.4;  959.87;   20.1;   74.29;   29.6;   12.2;   10.2;eor
       1262;20180814;   10;  10.8;   3.7;    3;   0.0;   6;    6.483;   0;   6.1;  14.9;  963.65;   19.8;   66.54;   24.5;   14.9;   13.8;eor
       1262;20180815;   10;   7.2;   2.0;    3;   0.0;   0;   11.350;   0;   3.3;  14.6;  967.96;   19.5;   66.08;   25.3;   13.6;   11.6;eor
       1262;20180816;   10;   7.5;   1.9;    3;   0.0;   0;   13.400;   0;   0.8;  14.3;  965.56;   19.7;   66.79;   26.6;   10.9;    9.6;eor
       1262;20180817;   10;   7.4;   1.0;    3;   0.0;   0;   13.133;   0;   1.9;  13.7;  964.00;   19.7;   64.96;   28.4;    9.7;    8.1;eor
       1262;20180818;   10;   8.2;   2.6;    3;   0.0;   0;   11.383;   0;   2.9;  16.0;  968.11;   20.5;   68.38;   27.2;   14.4;   12.6;eor
       1262;20180819;   10;   6.2;   1.4;    3;   0.0;   0;   12.483;   0;   1.6;  15.0;  968.19;   21.4;   63.88;   30.1;   13.0;   10.9;eor
       1262;20180820;   10;   6.9;   2.2;    3;   0.0;   0;   12.917;   0;   1.2;  14.4;  967.10;   22.1;   58.25;   29.7;   14.4;   12.3;eor
       1262;20180821;   10;   6.5;   1.5;    3;   0.0;   0;   12.483;-999;   1.2;  15.3;  967.19;   21.5;   63.88;   29.7;   12.7;   11.4;eor
       1262;20180822;   10;   7.2;   1.2;    3;   0.0;   0;   13.017;-999;   1.0;  15.2;  965.45;   22.0;   63.08;   31.2;   11.9;   10.6;eor
       1262;20180823;   10;  12.5;   2.7;    3;   0.0;   6;    8.850;-999;   5.4;  16.7;  962.64;   21.8;   67.17;   30.3;   13.7;   12.5;eor
       1262;20180824;   10;  11.0;   3.7;    3;   4.9;   6;    1.000;   0;   6.4;  16.5;  961.52;   17.2;   83.83;   21.6;   13.7;   12.4;eor
       1262;20180825;   10;  10.1;   3.7;    3;   1.8;   6;    0.000;   0;   7.8;  12.2;  962.49;   13.8;   77.63;   17.2;   10.1;    9.7;eor
       1262;20180826;   10;   7.7;   2.2;    3;   0.0;   0;    8.167;   0;   5.7;   9.9;  965.39;   12.7;   69.46;   17.8;    7.2;    4.4;eor
       1262;20180827;   10;   9.6;   2.6;    3;   0.0;   0;    9.817;   0;   4.0;  10.1;  964.92;   16.1;   59.54;   24.9;    3.6;    1.4;eor
       1262;20180828;   10;   6.5;   1.4;    3;   0.0;   0;    8.283;   0;   3.8;  14.5;  967.12;   18.8;   69.13;   25.2;   11.3;    8.5;eor
       1262;20180829;   10;  19.4;   2.0;    3;  12.8;   6;   11.033;   0;   3.7;  14.9;  963.41;   18.6;   73.04;   28.0;    8.3;    6.8;eor
       1262;20180830;   10;   8.2;   3.3;    3;   2.8;   6;    0.050;   0;   7.0;  15.8;  967.18;   17.0;   81.83;   19.9;   11.8;   10.2;eor
       1262;20180831;   10;   4.6;   1.7;    3;  15.7;   6;    0.017;   0;   7.5;  14.6;  967.52;   13.7;   92.83;   15.2;   10.9;    9.7;eor
       1262;20180901;   10;   6.2;   2.4;    3;   3.3;   6;    0.000;   0;   8.0;  13.2;  969.39;   12.2;   92.50;   13.3;   11.6;   11.5;eor
       1262;20180902;   10;   5.3;   1.7;    3;   0.2;   6;    0.200;   0;   7.8;  14.2;  968.10;   13.9;   89.58;   16.7;   11.7;   11.8;eor
       1262;20180903;   10;   6.0;   1.6;    3;   4.3;   6;    1.733;   0;   7.4;  15.4;  964.06;   16.5;   83.04;   19.7;   13.7;   13.7;eor
       1262;20180904;   10;   6.2;   2.6;    3;  10.4;   6;    1.100;   0;   7.3;  16.9;  963.97;   16.5;   90.25;   19.9;   14.7;   13.1;eor
       1262;20180905;   10;   6.7;   1.7;    3;   0.1;   6;   11.067;   0;   1.4;  15.9;  965.07;   16.9;   83.79;   22.8;    9.8;    8.8;eor
       1262;20180906;   10;   7.9;   1.9;    3;   0.6;   6;    8.717;   0;   4.3;  14.4;  960.87;   17.1;   77.42;   25.0;   10.4;    9.5;eor
       1262;20180907;   10;  10.6;   2.8;    3;   2.7;   6;    3.600;   0;   7.4;  16.1;  963.07;   17.5;   81.46;   21.8;   15.1;   14.0;eor
       1262;20180908;   10;   4.1;   1.3;    3;   0.0;   0;    6.950;   0;   3.5;  13.3;  968.98;   15.6;   76.79;   21.2;    8.9;    7.3;eor
       1262;20180909;   10;   5.5;   1.1;    3;   0.0;   0;   12.267;   0;   4.3;  12.9;  970.09;   15.5;   76.67;   23.9;    6.7;    5.2;eor
       1262;20180910;   10;   6.7;   1.5;    3;   0.0;   0;    9.883;   0;   3.8;  13.2;  971.35;   16.8;   72.17;   25.1;    7.2;    5.8;eor
       1262;20180911;   10;   8.1;   2.2;    3;   0.0;   0;   11.517;   0;   6.2;  13.8;  972.68;   18.1;   69.67;   26.3;    9.6;    7.7;eor
       1262;20180912;   10;   7.2;   1.3;    3;   0.0;   0;   12.000;   0;   1.6;  13.9;  969.77;   18.8;   69.13;   28.2;    8.7;    6.7;eor
       1262;20180913;   10;   9.1;   2.0;    3;  11.9;   6;    3.133;   0;   6.0;  15.8;  966.15;   18.0;   77.67;   24.1;   10.8;    9.3;eor
       1262;20180914;   10;   5.1;   1.5;    3;   1.6;   6;    3.317;   0;   6.0;  15.2;  967.73;   16.3;   82.92;   21.0;   10.9;    9.7;eor
       1262;20180915;   10;   7.2;   1.9;    3;   0.0;   0;    5.633;   0;   4.9;  13.5;  970.95;   15.1;   80.08;   20.9;    7.4;    5.3;eor
       1262;20180916;   10;   7.9;   1.6;    3;   0.9;   6;   10.583;   0;   4.4;  13.0;  970.74;   14.6;   79.58;   22.5;    5.2;    3.7;eor
       1262;20180917;   10;   5.7;   1.1;    3;   0.0;   0;   10.017;   0;   2.8;  15.4;  968.65;   17.7;   79.67;   25.7;   11.1;   10.0;eor
       1262;20180918;   10;   9.3;   2.0;    3;   1.5;   6;   10.600;   0;   2.5;  15.1;  966.38;   18.7;   73.29;   27.0;    9.8;    8.7;eor
       1262;20180919;   10;   6.5;   1.6;    3;   0.0;   6;    8.150;   0;   3.1;  15.2;  969.35;   18.2;   75.17;   25.6;   11.6;    9.5;eor
       1262;20180920;   10;   5.7;   1.3;    3;   0.0;   0;   11.667;   0;   0.4;  14.8;  967.97;   17.9;   75.88;   26.6;   10.0;    8.6;eor
       1262;20180921;   10;  18.9;   4.2;    3;   0.6;   6;    8.867;   0;   4.8;  13.2;  962.83;   18.0;   68.46;   28.2;    8.2;    6.9;eor
       1262;20180922;   10;   7.7;   3.3;    3;   8.6;   6;    7.933;   0;   7.0;   9.9;  970.07;   13.2;   66.38;   17.1;    9.3;    6.8;eor
       1262;20180923;   10;  25.9;   6.4;    3;  14.5;   6;    5.067;   0;   6.3;  14.5;  962.63;   16.4;   79.08;   25.3;   10.1;    9.1;eor
       1262;20180924;   10;  12.3;   4.6;    3;   0.0;   0;    5.650;   0;   4.0;   7.6;  977.08;    8.9;   67.38;   13.3;    3.6;    1.7;eor
       1262;20180925;   10;   6.0;   1.9;    3;   0.0;   0;   10.150;   0;   2.0;   6.4;  983.95;    6.1;   71.54;   11.9;   -0.5;   -2.5;eor
       1262;20180926;   10;   6.7;   1.5;    3;   0.0;   0;   10.500;   0;   3.7;   7.2;  981.53;    7.4;   72.46;   16.7;   -1.1;   -3.5;eor
       1262;20180927;   10;   6.2;   1.1;    3;   0.0;   0;   11.517;   0;   0.5;   9.3;  976.23;   10.7;   75.46;   20.7;    0.8;   -0.2;eor
       1262;20180928;   10;   9.6;   2.4;    3;   0.0;   6;   10.500;   0;   2.3;  10.3;  969.41;   12.8;   72.17;   20.8;    3.1;    1.5;eor
       1262;20180929;   10;   9.1;   3.5;    3;   0.0;   0;    8.233;   0;   4.8;   7.9;  972.17;   10.2;   64.08;   15.1;    4.3;   -0.3;eor
       1262;20180930;   10;   5.1;   1.3;    3;   9.8;   6;   11.100;   0;   0.9;   9.0;  964.96;    9.2;   76.13;   18.8;   -1.2;   -3.4;eor
       1262;20181001;   10;  11.0;   3.4;    3;   4.8;   6;    0.700;   0;   7.5;   9.9;  962.74;   10.1;   80.21;   13.4;    7.3;    6.3;eor
       1262;20181002;   10;  13.4;   5.4;    3;   0.0;   6;    4.100;   0;   7.0;   7.6;  969.51;    8.8;   67.92;   11.5;    4.4;    3.2;eor
       1262;20181003;   10;  12.1;   5.0;    3;   0.0;   6;    0.283;   0;   6.9;  10.0;  972.30;   10.5;   79.04;   13.6;    4.3;    2.2;eor
       1262;20181004;   10;   5.9;   1.4;    3;   0.0;   0;    8.233;   0;   1.9;   9.1;  974.33;    8.7;   83.25;   16.4;    1.8;    0.2;eor
       1262;20181005;   10;   7.7;   1.7;    3;   0.0;   0;   10.950;   0;   2.3;   9.4;  968.89;    9.3;   81.50;   19.0;    0.4;   -1.2;eor
       1262;20181006;   10;   4.1;   1.1;    3;   0.7;   6;    8.133;   0;   6.1;  11.7;  962.00;   12.5;   81.46;   22.2;    3.0;    1.7;eor
       1262;20181007;   10;   5.7;   1.8;    3;   0.0;   6;    0.583;   0;   6.3;  14.1;  962.97;   14.3;   87.29;   18.8;    9.8;    6.7;eor
       1262;20181008;   10;   6.2;   2.1;    3;   0.0;   0;    3.983;   0;   4.9;  13.2;  968.29;   12.3;   92.08;   17.8;    6.2;    5.4;eor
       1262;20181009;   10;   6.2;   1.5;    3;   0.1;   6;    2.633;   0;   4.7;  11.9;  969.88;   10.6;   92.46;   17.2;    5.1;    3.9;eor
       1262;20181010;   10;  11.0;   3.1;    3;   0.0;   6;    6.533;   0;   3.5;  12.2;  966.64;   13.1;   82.75;   21.3;    5.8;    5.7;eor
       1262;20181011;   10;   6.9;   2.0;    3;   0.0;   6;   10.017;   0;   1.6;  10.7;  964.31;   13.8;   70.50;   23.4;    4.5;    1.0;eor
       1262;20181012;   10;   5.1;   1.3;    3;   0.0;   0;   10.367;   0;   1.5;  12.4;  971.15;   14.9;   76.25;   24.0;    7.3;    4.7;eor
       1262;20181013;   10;   8.2;   2.1;    3;   0.0;   0;   10.300;   0;   0.0;  10.6;  969.55;   12.2;   77.71;   21.9;    4.0;    2.6;eor
       1262;20181014;   10;   8.4;   2.2;    3;   0.0;   0;   10.433;   0;   0.2;  10.2;  963.10;   12.0;   76.33;   22.8;    2.4;    0.8;eor
       1262;20181015;   10;   6.2;   1.6;    3;   0.0;   0;    9.933;   0;   1.0;   9.6;  963.17;   11.3;   75.92;   22.1;    3.1;    0.3;eor
       1262;20181016;   10;   3.1;   0.7;    3;   0.0;   0;   10.117;   0;   1.8;   9.6;  966.53;   10.9;   77.58;   21.3;    1.9;    0.3;eor
       1262;20181017;   10;   4.1;   0.9;    3;   0.0;   0;    9.983;   0;   1.0;   9.5;  966.84;   10.3;   79.00;   20.2;    2.2;    0.8;eor
       1262;20181018;   10;   3.8;   0.8;    3;   0.0;   0;    8.667;   0;   2.3;   9.6;  967.33;    9.1;   84.04;   18.9;    1.6;    0.8;eor
       1262;20181019;   10;   5.9;   1.2;    3;   0.0;   0;    5.800;   0;   1.9;   9.5;  969.72;    8.0;   88.75;   17.4;    1.4;    0.6;eor
       1262;20181020;   10;   4.6;   1.4;    3;   0.0;   0;    1.433;   0;   5.1;   9.3;  974.55;    8.3;   85.96;   15.2;    2.6;    1.8;eor
       1262;20181021;   10;   9.8;   1.9;    3;   0.0;   0;    7.267;   0;   3.2;   7.6;  974.70;    7.6;   74.88;   13.7;   -0.5;   -3.4;eor
       1262;20181022;   10;   6.2;   1.6;    3;   0.0;   6;    9.750;   0;   2.5;   7.0;  974.65;    6.5;   74.38;   13.5;   -2.8;   -4.8;eor
       1262;20181023;   10;  16.7;   5.6;    3;   0.1;   6;    0.050;-999;   7.8;   8.7;  972.62;   10.4;   70.50;   13.0;    7.5;    7.4;eor
       1262;20181024;   10;  18.0;   8.0;    3;   3.2;   6;    0.000;-999;   7.9;  10.4;  968.30;   11.0;   79.25;   12.5;    9.2;    7.7;eor
       1262;20181025;   10;  10.6;   4.3;    3;   0.0;   0;    2.133;-999;   6.9;  11.0;  966.73;   11.5;   80.63;   14.1;    9.3;    8.2;eor
       1262;20181026;   10;   5.5;   2.0;    3;   0.2;   6;    7.233;   0;   5.5;   9.0;  958.55;   10.7;   71.04;   16.0;    5.2;    2.3;eor
       1262;20181027;   10;   7.4;   2.3;    3;  25.4;   6;    0.000;   0;   8.0;   8.2;  955.89;    5.6;   89.54;    8.2;    4.1;    4.1;eor
       1262;20181028;   10;   8.4;   3.1;    3;   3.1;   6;    0.000;   0;   8.0;   7.3;  952.76;    3.3;   94.71;    4.4;    1.9;    1.6;eor
       1262;20181029;   10;  15.1;   4.0;    3;   0.5;   6;    0.717;   0;   7.7;   9.6;  945.14;    7.3;   92.54;   14.0;    3.2;    3.4;eor
       1262;20181030;   10;  19.9;   5.9;    3;   0.0;   0;    3.200;   0;   3.7;   7.0;  948.02;    8.4;   64.92;   14.7;   -1.6;   -4.0;eor
       1262;20181031;   10;   8.7;   2.3;    3;   0.0;   0;    5.617;   0;   4.8;   6.9;  963.71;    4.7;   81.17;   12.1;   -3.1;   -5.2;eor
       1262;20181101;   10;   5.5;   1.9;    3;   0.0;   0;    1.183;   0;   5.3;   8.3;  960.84;    7.3;   81.29;   12.4;    2.0;   -0.3;eor
       1262;20181102;   10;   3.1;   1.2;    3;   0.3;   6;    0.483;   0;   7.3;   8.8;  969.54;    6.3;   91.38;   10.5;    1.0;   -0.5;eor
       1262;20181103;   10;   7.7;   2.1;    3;   0.0;   6;    0.000;   0;   8.0;  10.4;  972.01;    8.9;   90.67;   10.7;    6.9;    6.6;eor
       1262;20181104;   10;   8.2;   3.0;    3;   0.0;   6;    0.000;   0;   8.0;  11.2;  964.45;    9.5;   94.04;   10.0;    9.1;    8.8;eor
       1262;20181105;   10;   6.7;   2.3;    3;   0.0;   0;    4.900;   0;   4.9;  11.2;  958.12;   10.6;   88.50;   17.9;    3.1;    0.1;eor
       1262;20181106;   10;   6.7;   2.0;    3;   0.0;   0;    6.733;   0;   4.2;  10.1;  957.38;    9.4;   85.96;   17.7;    0.2;   -1.7;eor
       1262;20181107;   10;   6.7;   2.2;    3;   0.0;   0;    7.717;   0;   3.5;   9.9;  960.63;    8.4;   89.54;   15.3;    2.0;    0.0;eor
       1262;20181108;   10;   5.9;   1.7;    3;   0.0;   0;    2.767;   0;   5.2;   9.7;  967.71;    7.8;   91.42;   13.4;    1.7;   -0.1;eor
       1262;20181109;   10;   6.9;   2.2;    3;   0.0;   0;    0.000;   0;   8.0;   9.8;  964.22;    7.9;   92.21;    8.9;    6.8;    6.9;eor
       1262;20181110;   10;   7.5;   2.9;    3;   0.0;   6;    3.217;   0;   6.7;   9.6;  959.63;    7.3;   93.83;   10.5;    5.6;    1.2;eor
       1262;20181111;   10;   7.7;   2.1;    3;   0.0;   6;    3.167;   0;   5.2;   9.5;  963.02;    7.3;   92.96;   13.4;    1.3;   -0.4;eor
       1262;20181112;   10;   5.9;   1.9;    3;   0.0;   0;    7.100;   0;   4.0;   8.5;  967.57;    5.6;   93.04;   12.6;    1.1;    0.2;eor
       1262;20181113;   10;   8.9;   2.4;    3;   0.2;   6;    1.733;   0;   6.1;   8.7;  974.50;    6.2;   91.17;   11.8;   -1.0;   -2.3;eor
       1262;20181114;   10;   5.7;   2.1;    3;   0.0;   6;    0.000;   0;   6.8;   7.5;  977.43;    2.9;   97.54;    5.6;   -1.9;   -3.0;eor
       1262;20181115;   10;   6.0;   2.0;    3;   0.0;   6;    0.567;   0;   5.5;   7.2;  974.55;    2.8;   95.75;    5.4;   -2.1;   -3.3;eor
       1262;20181116;   10;  11.1;   2.4;    3;   0.0;   0;    4.850;   0;   1.6;   5.6;  975.03;    0.7;   87.50;    6.8;   -5.2;   -6.3;eor
       1262;20181117;   10;  12.9;   5.0;    3;   0.0;   0;    8.667;   0;   0.1;   5.3;  973.77;    2.8;   71.46;    7.4;   -1.1;   -4.2;eor
       1262;20181118;   10;  10.3;   3.6;    3;   0.1;   7;    8.517;   0;   2.3;   5.0;  969.06;    1.4;   74.13;    5.6;   -2.5;   -5.5;eor
       1262;20181119;   10;  13.4;   5.7;    3;   0.0;   7;    0.000;   0;   7.9;   5.1;  959.27;    0.0;   84.21;    0.8;   -1.0;   -2.1;eor
       1262;20181120;   10;  15.4;   5.3;    3;   0.0;   7;    7.000;   0;   3.9;   5.5;  954.25;    1.6;   80.04;    5.5;   -1.9;   -6.0;eor
       1262;20181121;   10;   7.2;   2.9;    3;   0.0;   6;    0.000;   0;   8.0;   6.0;  961.72;    0.6;   94.08;    1.8;   -0.7;   -0.5;eor
       1262;20181122;   10;   5.1;   1.4;    3;   0.0;   0;    0.000;   0;   7.6;   6.2;  966.88;    1.2;   92.54;    3.0;   -2.0;   -3.9;eor
       1262;20181123;   10;   8.5;   3.2;    3;   0.0;   6;    0.000;   0;   8.0;   6.8;  966.08;    1.9;   97.00;    3.5;    1.1;    1.4;eor
       1262;20181124;   10;   7.2;   2.2;    3;   1.2;   6;    0.283;   0;   6.9;   7.5;  961.22;    3.6;   94.67;    7.4;   -0.9;   -2.6;eor
       1262;20181125;   10;   6.7;   2.5;    3;   0.7;   6;    0.000;   0;   8.0;   7.1;  956.61;    2.2;   98.88;    4.4;    0.1;    0.0;eor
       1262;20181126;   10;   5.1;   1.8;    3;  18.0;   8;    0.000;   0;   8.0;   6.7;  954.31;    1.7;   96.58;    3.0;    0.0;    0.0;eor
       1262;20181127;   10;   3.1;   1.2;    3;   2.1;   7;    0.000;   4;   8.0;   6.1;  964.68;    0.7;   94.58;    1.6;   -0.2;   -1.1;eor
       1262;20181128;   10;  11.0;   3.4;    3;   0.0;   0;    0.000;   0;   8.0;   5.4;  972.34;   -0.9;   95.21;    1.0;   -1.9;   -1.6;eor
       1262;20181129;   10;   6.9;   3.6;    3;   0.0;   6;    5.200;   0;   7.6;   4.7;  968.91;   -1.8;   87.21;   -0.1;   -3.9;   -3.5;eor
       1262;20181130;   10;   5.3;   2.0;    3;   4.4;   6;    0.000;   0;   8.0;   5.2;  963.90;   -0.8;   89.50;    0.6;   -2.2;   -2.1;eor
       1262;20181201;   10;   5.5;   2.0;    3;   0.0;   6;    1.500;   0;   6.6;   7.3;  965.00;    3.3;   94.33;    8.2;   -1.4;   -3.6;eor
       1262;20181202;   10;  14.9;   4.3;    3;  11.0;   6;    0.000;   0;   7.3;   8.4;  957.89;    5.5;   90.33;   11.4;   -2.0;   -4.3;eor
       1262;20181203;   10;  21.9;   7.8;    3;   5.4;   6;    1.100;   0;   7.5;  11.0;  955.82;   11.6;   80.50;   14.3;    8.6;    8.0;eor
       1262;20181204;   10;  14.4;   5.0;    3;   1.1;   6;    0.817;   0;   6.5;   8.5;  965.89;    7.2;   83.13;    9.8;    2.9;    1.6;eor
       1262;20181205;   10;   8.2;   2.6;    3;   0.1;   6;    0.000;   0;   6.9;   6.6;  972.43;    2.3;   91.58;    4.6;   -0.8;   -2.8;eor
       1262;20181206;   10;   7.5;   2.6;    3;   0.5;   6;    0.600;   0;   7.6;   8.7;  968.06;    6.2;   90.17;   10.4;    1.9;    1.7;eor
       1262;20181207;   10;  16.8;   5.6;    3;   0.4;   6;    1.033;   0;   6.9;   9.5;  961.53;   10.3;   76.21;   13.5;    7.7;    4.4;eor
       1262;20181208;   10;  21.8;  11.2;    3;   3.7;   6;    3.633;   0;   5.6;   6.5;  959.49;    6.6;   67.29;    8.3;    3.7;    2.5;eor
       1262;20181209;   10;  22.8;  10.6;    3;   4.2;   6;    0.100;   0;   7.9;   7.9;  953.23;    6.3;   82.58;    9.3;    4.7;    3.7;eor
       1262;20181210;   10;  14.4;   6.6;    3;   3.4;   8;    0.917;   0;   7.3;   6.5;  965.47;    3.0;   86.21;    5.3;    0.8;   -0.2;eor
       1262;20181211;   10;  13.4;   7.0;    3;   0.4;   7;    0.283;   0;   7.4;   5.8;  968.09;    1.4;   85.00;    2.8;    0.4;   -0.5;eor
       1262;20181212;   10;   7.7;   3.1;    3;   0.0;   8;    0.033;   0;   8.0;   5.8;  968.16;    0.5;   92.13;    1.9;   -1.4;   -2.5;eor
       1262;20181213;   10;  11.1;   5.1;    3;   0.0;   7;    0.000;   0;   8.0;   4.7;  963.40;   -0.9;   81.75;   -0.1;   -2.2;   -2.1;eor
       1262;20181214;   10;   7.7;   3.2;    3;   0.0;   7;    0.000;   0;   8.0;   4.1;  966.06;   -2.2;   79.63;   -1.8;   -3.0;   -2.7;eor
       1262;20181215;   10;   7.4;   2.3;    3;   0.0;   7;    0.000;   1;   7.0;   3.9;  970.01;   -2.3;   75.58;   -1.6;   -5.2;   -9.0;eor
       1262;20181216;   10;   5.7;   1.7;    3;   0.3;   8;    0.000;   1;   6.8;   4.4;  962.44;   -3.0;   89.42;    0.3;   -6.6;  -10.8;eor
       1262;20181217;   10;   6.7;   1.8;    3;   0.4;   6;    0.000;   1;   7.5;   5.8;  969.42;    0.0;   94.29;    3.3;   -3.4;   -6.6;eor
       1262;20181218;   10;  11.3;   2.7;    3;   0.0;   0;    6.467;   0;   6.0;   6.2;  972.30;    1.7;   89.58;    5.3;   -1.8;   -3.0;eor
       1262;20181219;   10;   6.2;   1.8;    3;   1.0;   6;    0.000;   0;   7.8;   5.5;  965.13;    0.0;   90.00;    1.7;   -2.1;   -2.3;eor
       1262;20181220;   10;  13.1;   4.0;    3;   0.0;   6;    4.200;   0;   6.9;   6.5;  965.79;    4.2;   79.58;    8.0;    0.3;   -1.0;eor
       1262;20181221;   10;  22.3;   7.8;    3;   7.7;   6;    0.000;   0;   7.7;   7.5;  963.06;    7.0;   74.38;   10.7;    3.4;    1.3;eor
       1262;20181222;   10;  21.1;   9.3;    3;   6.5;   6;    0.017;   0;   7.5;   9.5;  964.04;    9.4;   80.58;   11.5;    6.6;    5.9;eor
       1262;20181223;   10;  18.3;   5.8;    3;  18.5;   6;    0.000;   0;   7.8;   9.2;  967.98;    7.6;   87.71;   10.9;    5.2;    3.8;eor
       1262;20181224;   10;  21.6;   6.5;    3;   1.2;   6;    0.883;   0;   7.3;   7.7;  970.44;    5.0;   86.67;   10.9;    1.8;    0.6;eor
       1262;20181225;   10;   7.2;   3.2;    3;   0.0;   0;    0.367;   0;   6.3;   5.4;  980.61;    0.4;   86.42;    2.5;   -4.1;   -6.0;eor
       1262;20181226;   10;   6.2;   2.0;    3;   0.0;   7;    2.083;   0;   6.5;   4.7;  978.73;   -2.8;   94.29;   -1.0;   -4.2;   -6.2;eor
       1262;20181227;   10;   3.1;   0.9;    3;   0.0;   0;    2.933;   1;   6.4;   4.8;  974.67;   -2.9;   96.42;   -0.4;   -4.8;   -5.3;eor
       1262;20181228;   10;   5.7;   2.1;    3;   0.0;   0;    6.967;   0;   3.9;   4.9;  974.46;   -0.5;   84.04;    4.4;   -5.2;   -6.8;eor
       1262;20181229;   10;  10.1;   3.7;    3;   1.4;   8;    0.000;   0;   7.5;   5.2;  977.89;   -0.8;   90.13;    1.6;   -5.3;   -6.9;eor
       1262;20181230;   10;  13.2;   7.2;    3;   0.7;   6;    0.000;-999;   8.0;   6.8;  976.71;    2.9;   89.75;    4.4;    0.2;    0.0;eor
       1262;20181231;   10;   8.2;   4.3;    3;   3.8;   6;    0.000;-999;   8.0;   7.5;  979.02;    3.5;   95.63;    4.9;    2.4;    2.2;eor
       1262;20190101;   10;  16.5;   7.2;    3;   2.6;   8;    0.000;-999;   7.8;   7.3;  974.33;    4.2;   88.17;    5.4;    2.4;    1.7;eor
       1262;20190102;   10;  15.8;   6.5;    3;   1.0;   7;    1.167;-999;   6.3;   4.9;  974.28;    0.3;   77.38;    3.3;   -3.0;   -5.9;eor
       1262;20190103;   10;  10.5;   5.0;    3;   0.0;   7;    4.333;   1;   6.6;   3.9;  980.36;   -1.6;   71.75;   -0.7;   -2.7;   -5.3;eor
       1262;20190104;   10;  14.4;   5.9;    3;   1.0;   8;    0.000;   1;   8.0;   5.0;  979.34;   -1.0;   87.25;    0.1;   -1.9;   -3.3;eor
       1262;20190105;   10;  15.7;   9.2;    3;   6.7;   8;    0.000;   4;   8.0;   5.9;  972.41;    0.2;   95.04;    1.4;   -0.7;   -0.3;eor
       1262;20190106;   10;  10.3;   5.0;    3;   3.3;   8;    0.000;   7;   8.0;   6.4;  974.33;    1.4;   94.29;    2.6;    0.4;   -0.1;eor
       1262;20190107;   10;   8.9;   4.8;    3;   2.2;   8;    0.000;   3;   7.9;   6.3;  976.66;    1.6;   92.67;    2.5;    0.6;   -0.3;eor
       1262;20190108;   10;  18.5;  10.1;    3;   2.4;   8;    0.683;   0;   7.5;   6.3;  962.52;    2.0;   88.79;    4.1;    0.5;    0.0;eor
       1262;20190109;   10;  16.8;   6.4;    3;   2.5;   7;    0.000;   0;   7.9;   5.5;  957.53;    0.1;   89.67;    1.7;   -1.2;   -1.2;eor
       1262;20190110;   10;   8.2;   3.9;    3;   0.2;   7;    0.017;   7;   7.4;   4.9;  965.87;   -1.1;   86.75;    0.1;   -3.5;   -1.5;eor
       1262;20190111;   10;  14.4;   5.8;    3;   1.0;   7;    0.533;   5;   7.7;   4.1;  970.28;   -2.8;   81.46;   -1.1;   -5.2;   -1.9;eor
       1262;20190112;   10;  16.3;   9.3;    3;   5.9;   8;    0.000;   6;   7.9;   5.7;  966.84;    1.0;   87.42;    2.8;   -1.3;   -0.7;eor
       1262;20190113;   10;  21.9;  10.4;    3;   5.7;   8;    0.000;   1;   8.0;   6.8;  955.22;    2.7;   90.96;    5.4;    0.6;    0.0;eor
       1262;20190114;   10;  13.4;   5.9;    3;   8.2;   8;    0.033;   0;   7.1;   6.4;  956.10;    2.4;   87.46;    5.0;   -0.1;   -1.5;eor
       1262;20190115;   10;  13.6;   7.0;    3;   0.0;   0;    0.150;   0;   7.4;   5.3;  967.11;    1.6;   76.83;    3.1;   -0.2;   -0.5;eor
       1262;20190116;   10;   8.2;   3.1;    3;   0.0;   0;    7.967;   0;   6.2;   5.2;  961.87;    1.2;   78.00;    5.0;   -3.0;   -4.8;eor
       1262;20190117;   10;  15.6;   6.5;    3;   0.2;   8;    1.250;   0;   6.6;   6.0;  955.94;    3.7;   75.17;    7.9;   -3.1;   -5.1;eor
       1262;20190118;   10;  10.6;   3.8;    3;   0.0;   7;    3.283;   0;   5.2;   4.7;  964.59;   -0.5;   79.46;    2.4;   -3.9;   -6.6;eor
       1262;20190119;   10;   9.6;   2.3;    3;   0.0;   0;    4.117;   0;   5.8;   3.8;  962.71;   -4.4;   85.88;   -1.4;   -8.9;  -10.7;eor
       1262;20190120;   10;   4.6;   1.5;    3;   0.0;   7;    3.883;   0;   5.3;   3.4;  962.19;   -6.2;   87.67;   -2.7;  -10.7;  -12.1;eor
       1262;20190121;   10;   4.6;   1.6;    3;   0.0;   0;    0.000;   1;   7.2;   3.9;  965.90;   -3.5;   83.75;   -2.0;   -5.1;   -6.3;eor
       1262;20190122;   10;   7.2;   2.4;    3;   0.0;   7;    0.000;   1;   8.0;   4.0;  957.88;   -4.0;   88.92;   -2.9;   -5.3;   -4.8;eor
       1262;20190123;   10;   6.5;   2.2;    3;   0.0;   7;    0.000;   1;   8.0;   3.7;  946.38;   -4.7;   85.71;   -3.8;   -6.0;   -5.4;eor
       1262;20190124;   10;   6.0;   1.7;    3;   0.0;   7;    2.150;   1;   7.7;   3.8;  954.53;   -2.8;   77.46;   -0.3;   -4.2;   -4.3;eor
       1262;20190125;   10;   8.2;   3.7;    3;   0.5;   7;    0.183;   1;   7.8;   3.6;  962.43;   -4.0;   78.46;   -2.5;   -5.4;   -6.3;eor
       1262;20190126;   10;  16.3;   7.1;    3;   0.9;   8;    0.250;   1;   7.5;   5.6;  958.14;    1.2;   81.63;    4.5;   -3.4;   -3.8;eor
       1262;20190127;   10;  15.2;   4.2;    3;   1.0;   8;    0.583;   1;   6.8;   6.1;  944.06;    3.7;   76.58;    6.9;    1.2;   -1.0;eor
       1262;20190128;   10;  17.2;   9.1;    3;   0.0;   8;    0.350;   0;   7.8;   5.2;  946.18;    1.6;   75.79;    3.7;    0.0;   -0.2;eor
       1262;20190129;   10;  12.9;   4.4;    3;   0.0;   7;    1.767;   0;   5.5;   4.8;  953.13;   -0.2;   78.96;    2.6;   -3.3;   -5.5;eor
       1262;20190130;   10;  12.9;   3.9;    3;   0.0;   0;    0.683;   0;   5.8;   4.1;  945.55;   -1.4;   74.63;    3.9;   -5.7;   -8.2;eor
       1262;20190131;   10;   7.9;   2.0;    3;   0.0;   6;    7.250;   0;   4.5;   3.9;  946.14;   -1.5;   71.21;    3.9;   -7.8;  -10.7;eor
       1262;20190201;   10;   6.2;   2.6;    3;   1.7;   6;    0.300;   0;   7.6;   4.5;  939.85;    0.1;   73.96;    2.4;   -1.8;   -3.2;eor
       1262;20190202;   10;   5.1;   1.7;    3;  13.4;   8;    0.083;   0;   7.5;   6.5;  944.51;    1.7;   93.46;    5.4;   -0.5;   -2.1;eor
       1262;20190203;   10;   9.8;   3.8;    3;  13.0;   7;    0.000;   3;   8.0;   5.8;  958.90;   -0.1;   95.54;    1.4;   -1.4;    0.0;eor
       1262;20190204;   10;   7.2;   1.9;    3;   0.0;   7;    7.967;  15;   4.9;   4.4;  975.28;   -3.0;   89.25;    2.8;  -11.2;   -0.8;eor
       1262;20190205;   10;   4.8;   1.4;    3;   0.0;   7;    0.000;  13;   7.9;   4.2;  975.69;   -4.2;   93.83;   -2.1;   -5.8;   -0.8;eor
       1262;20190206;   10;   5.1;   2.0;    3;   0.0;   7;    0.000;  12;   7.9;   4.1;  973.84;   -4.8;   95.50;   -3.7;   -5.9;   -1.7;eor
       1262;20190207;   10;   7.2;   1.7;    3;   3.4;   8;    0.150;  12;   8.0;   4.6;  965.16;   -3.3;   93.17;    3.6;   -7.3;   -1.4;eor
       1262;20190208;   10;   7.2;   2.5;    3;   0.0;   0;    8.000;   8;   6.2;   5.4;  966.14;    2.2;   77.54;    8.1;   -4.2;   -2.2;eor
       1262;20190209;   10;  13.9;   4.9;    3;   0.2;   6;    5.100;   7;   7.1;   5.9;  961.85;    3.6;   74.67;    8.0;   -5.9;   -3.6;eor
       1262;20190210;   10;  21.8;   3.8;    3;   1.4;   8;    2.683;   1;   7.3;   6.2;  953.93;    4.9;   71.54;    8.5;    0.6;   -2.8;eor
       1262;20190211;   10;  19.4;   7.9;    3;   2.7;   8;    0.167;   0;   7.2;   5.9;  962.92;    2.3;   82.75;    4.4;    0.0;   -1.1;eor
       1262;20190212;   10;  12.7;   4.9;    3;   0.0;   7;    0.000;   0;   7.1;   5.0;  978.92;    1.3;   75.29;    2.9;   -0.6;   -2.1;eor
       1262;20190213;   10;   5.1;   2.3;    3;   0.0;   0;    8.183;   0;   5.0;   4.8;  983.38;    1.4;   72.88;    6.5;   -3.1;   -5.6;eor
       1262;20190214;   10;   4.1;   1.3;    3;   0.0;   0;    8.100;   0;   4.0;   5.3;  983.10;    1.1;   80.79;    8.8;   -4.7;   -6.2;eor
       1262;20190215;   10;   6.2;   1.6;    3;   0.0;   0;    9.867;   0;   1.3;   5.4;  980.52;    1.2;   82.33;   10.6;   -4.8;   -7.2;eor
       1262;20190216;   10;   4.6;   1.2;    3;   0.0;   0;    9.700;   0;   2.0;   5.3;  976.32;    2.0;   77.79;   13.1;   -5.9;   -7.8;eor
       1262;20190217;   10;   5.1;   1.2;    3;   0.0;   0;   10.033;   0;   0.8;   5.2;  973.16;    2.5;   76.08;   14.0;   -6.3;   -7.6;eor
       1262;20190218;   10;   4.6;   0.9;    3;   0.0;   0;   10.050;   0;   0.5;   5.0;  968.64;    1.5;   77.04;   11.6;   -6.1;   -9.0;eor
       1262;20190219;   10;   9.8;   3.2;    3;   0.0;   6;    6.950;   0;   4.8;   6.1;  967.92;    4.9;   70.08;   12.7;   -4.9;   -6.6;eor
       1262;20190220;   10;   6.2;   1.5;    3;   0.0;   0;    1.300;   0;   7.4;   7.2;  971.56;    6.0;   78.08;   10.3;    1.2;   -0.1;eor
       1262;20190221;   10;   8.2;   2.7;    3;   1.4;   6;    4.633;   0;   6.5;   7.5;  974.82;    6.9;   76.17;   12.5;   -0.3;   -2.8;eor
       1262;20190222;   10;   8.2;   3.7;    3;   0.2;   6;    0.117;   0;   7.4;   8.4;  979.36;    7.0;   83.75;    9.9;    1.5;   -0.8;eor
       1262;20190223;   10;  10.3;   4.2;    3;   0.0;   0;    9.817;   0;   2.9;   3.5;  985.19;    0.2;   56.88;    4.8;   -4.5;   -7.8;eor
       1262;20190224;   10;   5.9;   2.1;    3;   0.0;   0;    6.633;   0;   2.6;   3.2;  984.32;    0.0;   53.58;    5.9;   -6.8;   -9.5;eor
       1262;20190225;   10;   6.9;   1.4;    3;   0.0;   0;    9.917;   0;   2.5;   5.1;  983.60;    2.7;   69.25;   12.7;   -5.2;   -7.1;eor
       1262;20190226;   10;   5.7;   1.5;    3;   0.0;   0;    9.333;   0;   5.3;   6.2;  980.14;    5.5;   72.13;   15.7;   -3.9;   -5.8;eor
       1262;20190227;   10;   4.1;   1.4;    3;   0.0;   0;   10.500;   0;   1.5;   6.2;  974.31;    6.5;   68.21;   16.3;   -1.5;   -4.2;eor
       1262;20190228;   10;  17.3;   5.7;    3;   0.7;   6;    9.767;   0;   1.7;   6.3;  965.23;    8.8;   59.00;   17.6;   -3.6;   -5.1;eor
       1262;20190301;   10;  13.7;   6.0;    3;   5.9;   6;    0.000;   0;   7.7;   8.6;  962.64;    7.0;   85.71;    8.6;    5.8;    5.2;eor
       1262;20190302;   10;  10.1;   4.9;    3;   0.0;   6;    0.033;   0;   7.4;   7.9;  965.15;    6.3;   82.17;    8.6;    5.1;    2.9;eor
       1262;20190303;   10;  15.6;   6.2;    3;   0.0;   0;    4.667;   0;   7.3;   7.5;  962.28;    9.4;   64.00;   13.5;    5.5;    3.0;eor
       1262;20190304;   10;  24.9;   7.3;    3;   1.7;   6;    3.517;   0;   6.3;   6.3;  952.16;    8.1;   60.29;   16.1;    2.3;   -2.1;eor
       1262;20190305;   10;  19.5;   8.8;    3;   4.4;   6;    2.100;   0;   6.8;   6.4;  959.05;    5.7;   71.21;    9.6;    2.9;    1.4;eor
       1262;20190306;   10;  11.8;   3.2;    3;   0.0;   0;    6.633;   0;   6.0;   7.5;  957.15;    5.9;   82.00;   12.3;    0.8;   -2.3;eor
       1262;20190307;   10;  18.0;   5.2;    3;   1.4;   6;    3.050;   0;   6.0;   7.4;  952.58;    6.6;   76.92;   13.2;    1.5;   -1.3;eor
       1262;20190308;   10;  17.7;   7.0;    3;   0.0;   6;    4.450;   0;   5.0;   6.4;  963.08;    7.1;   64.38;   11.2;    2.6;   -0.9;eor
       1262;20190309;   10;  22.4;  10.0;    3;   0.9;   6;    0.200;   0;   6.9;   7.6;  964.85;    8.6;   67.33;   10.7;    4.3;    2.2;eor
       1262;20190310;   10;  30.0;  10.5;    3;   9.9;   6;    2.167;   0;   6.3;   8.7;  959.59;    9.7;   72.00;   14.4;    5.1;    3.3;eor
       1262;20190311;   10;  21.4;   8.3;    3;   0.6;   7;    1.483;   0;   5.8;   5.3;  966.38;    2.7;   71.88;    5.6;   -0.1;   -0.5;eor
       1262;20190312;   10;  14.4;   5.2;    3;   0.0;   6;    6.683;   0;   6.0;   4.8;  967.59;    4.3;   59.67;    8.9;    1.3;   -0.6;eor
       1262;20190313;   10;  20.9;   8.8;    3;   0.4;   8;    5.850;   0;   5.6;   5.7;  959.03;    6.0;   61.00;    9.4;    3.5;    2.1;eor
       1262;20190314;   10;  23.0;  11.3;    3;   2.8;   6;    0.050;   0;   7.6;   6.7;  956.84;    4.4;   80.83;    6.6;    2.8;    1.8;eor
       1262;20190315;   10;  23.3;   9.7;    3;  10.3;   6;    0.000;   0;   7.7;   8.8;  957.48;    6.9;   87.08;   10.2;    3.6;    2.1;eor
       1262;20190316;   10;  20.8;   9.9;    3;   0.0;   6;    4.650;   0;   6.2;   8.4;  959.78;   10.1;   68.21;   14.9;    1.4;   -2.8;eor
       1262;20190317;   10;  20.1;   5.9;    3;   1.8;   6;    9.733;   0;   5.3;   6.0;  955.82;    8.6;   59.25;   18.6;   -1.0;   -4.8;eor
       1262;20190318;   10;  14.6;   5.7;    3;   0.4;   8;    3.167;   0;   6.0;   5.8;  965.97;    3.6;   74.04;    7.2;   -1.0;   -3.5;eor
       1262;20190319;   10;   6.7;   2.0;    3;   0.0;   6;    5.533;   0;   3.8;   5.1;  973.63;    2.2;   72.83;    7.8;   -3.3;   -5.7;eor
       1262;20190320;   10;   8.2;   1.3;    3;   0.0;   0;   11.183;   0;   1.6;   4.4;  980.01;    2.1;   66.38;    9.1;   -5.4;   -7.8;eor
       1262;20190321;   10;  10.5;   2.9;    3;   0.0;   0;   11.717;   0;   2.8;   4.7;  979.56;    3.8;   63.75;   12.5;   -5.3;   -7.4;eor
       1262;20190322;   10;  10.6;   2.1;    3;   0.0;   0;   10.933;   0;   3.9;   5.8;  976.62;    5.6;   67.54;   16.1;   -3.6;   -6.3;eor
       1262;20190323;   10;   5.7;   1.6;    3;   0.0;   0;   11.633;   0;   0.8;   6.2;  974.08;    7.4;   65.50;   18.4;   -3.6;   -5.8;eor
       1262;20190324;   10;   9.3;   2.1;    3;   0.0;   6;   10.767;   0;   1.8;   7.2;  969.60;    8.5;   67.96;   17.7;   -2.1;   -4.5;eor
       1262;20190325;   10;  15.1;   5.6;    3;   3.2;   8;    5.783;   0;   6.4;   6.4;  967.40;    5.4;   72.21;    9.4;    1.0;   -0.7;eor
       1262;20190326;   10;   9.3;   3.0;    3;   1.1;   8;    3.083;   0;   6.5;   5.5;  974.60;    4.1;   68.67;    8.3;   -1.1;   -2.6;eor
       1262;20190327;   10;   7.7;   1.9;    3;   0.0;   6;    0.250;   0;   7.6;   6.7;  977.81;    4.7;   78.58;    7.3;    1.7;    1.4;eor
       1262;20190328;   10;   6.2;   1.8;    3;   0.0;   0;    3.233;   0;   7.3;   7.4;  979.21;    7.5;   73.08;   12.9;    2.7;    1.1;eor
       1262;20190329;   10;  10.8;   3.5;    3;   0.0;   0;   11.667;   0;   2.2;   7.4;  976.63;    7.7;   73.92;   14.1;   -0.5;   -3.6;eor
       1262;20190330;   10;   4.6;   1.1;    3;   0.0;   0;   11.817;   0;   2.5;   6.7;  970.99;    7.4;   69.42;   17.7;   -2.7;   -4.9;eor
       1262;20190331;   10;   9.1;   1.9;    3;   0.0;   0;   11.667;   0;   0.9;   6.6;  967.38;    8.9;   62.08;   17.8;   -2.0;   -4.0;eor
       1262;20190401;   10;  12.1;   4.5;    3;   0.0;   0;   10.750;   0;   1.1;   8.0;  965.37;    9.8;   66.88;   15.3;    4.2;    0.7;eor
       1262;20190402;   10;   7.7;   2.1;    3;   0.0;   0;   10.133;   0;   5.6;   7.1;  958.56;   10.7;   59.04;   19.7;   -1.2;   -4.0;eor
       1262;20190403;   10;  14.7;   3.6;    3;   0.0;   0;    8.250;   0;   5.8;   6.9;  950.15;   12.3;   50.96;   20.0;    4.6;    2.2;eor
       1262;20190404;   10;  15.6;   4.7;    3;   0.0;   0;    7.033;   0;   6.2;   7.1;  946.37;    7.1;   71.08;   14.0;    1.9;   -0.6;eor
       1262;20190405;   10;   6.2;   2.3;    3;   0.0;   0;    1.167;   0;   6.9;   7.1;  952.11;    5.5;   79.29;    9.0;    3.1;    0.5;eor
       1262;20190406;   10;  10.6;   3.7;    3;   0.0;   0;    9.233;   0;   5.8;   8.1;  951.67;    9.6;   69.04;   15.5;    2.1;   -0.2;eor
       1262;20190407;   10;   6.2;   2.0;    3;   0.0;   0;    7.783;   0;   5.3;   7.8;  952.05;    9.0;   69.04;   15.6;    0.7;   -2.2;eor
       1262;20190408;   10;   8.0;   4.1;    3;   2.0;   6;    0.017;   0;   7.2;   9.4;  957.19;    9.4;   79.96;   11.8;    3.5;    0.7;eor
       1262;20190409;   10;  10.6;   2.4;    3;   0.0;   6;    4.900;   0;   6.8;   9.9;  956.45;   11.3;   75.71;   16.3;    6.0;    3.3;eor
       1262;20190410;   10;   6.7;   2.3;    3;   0.6;   6;    1.217;   0;   7.2;   8.9;  957.15;    9.5;   75.54;   12.6;    5.9;    3.9;eor
       1262;20190411;   10;   7.2;   3.2;    3;   0.0;   0;    0.533;   0;   7.2;   6.6;  963.25;    6.7;   66.71;   10.0;    4.1;    2.2;eor
       1262;20190412;   10;   8.7;   3.3;    3;   0.0;   0;    3.100;   0;   7.1;   4.9;  966.06;    4.8;   57.58;    8.0;    0.6;   -0.5;eor
       1262;20190413;   10;   9.3;   3.3;    3;   0.0;   0;    7.800;   0;   6.0;   4.8;  964.97;    5.6;   53.75;   10.2;    2.1;    1.5;eor
       1262;20190414;   10;   9.1;   3.2;    3;   1.0;   6;    3.000;   0;   7.5;   5.6;  965.47;    5.8;   61.25;    9.2;    2.2;    1.6;eor
       1262;20190415;   10;  11.8;   3.2;    3;   0.0;   0;    9.483;   0;   3.1;   7.1;  968.61;    8.2;   67.92;   13.8;    2.8;   -1.8;eor
       1262;20190416;   10;   6.5;   2.1;    3;   0.0;   0;   12.783;   0;   2.6;   6.3;  965.34;    9.2;   56.79;   18.1;   -1.0;   -4.4;eor
       1262;20190417;   10;  13.4;   3.5;    3;   0.0;   0;   12.933;   0;   3.8;   5.8;  969.44;   10.6;   49.83;   17.5;    1.0;   -1.3;eor
       1262;20190418;   10;  12.9;   5.3;    3;   0.0;   0;   13.217;   0;   1.2;   7.5;  971.05;   12.8;   52.42;   18.9;    5.6;    2.4;eor
       1262;20190419;   10;  10.8;   3.8;    3;   0.0;   0;   13.350;   0;   0.0;   6.5;  974.31;   13.8;   44.33;   20.9;    6.1;   -0.3;eor
       1262;20190420;   10;   9.5;   2.9;    3;   0.0;   0;   13.383;   0;   0.0;   5.9;  973.63;   12.5;   46.63;   21.1;    1.1;   -2.2;eor
       1262;20190421;   10;  10.3;   3.1;    3;   0.0;   0;   13.433;   0;   0.8;   5.7;  967.04;   12.1;   46.13;   21.3;   -1.4;   -4.1;eor
       1262;20190422;   10;  13.2;   5.1;    3;   0.0;   0;   12.683;   0;   3.4;   6.6;  956.96;   14.4;   42.71;   22.0;    1.3;   -2.0;eor
       1262;20190423;   10;  13.7;   5.6;    3;   0.0;   0;    3.950;   0;   6.6;   9.1;  949.28;   14.2;   56.83;   20.4;    8.3;    4.7;eor
       1262;20190424;   10;  13.7;   4.2;    3;   0.0;   0;   10.083;   0;   4.9;   8.3;  952.70;   16.7;   49.08;   26.1;    5.0;    0.6;eor
       1262;20190425;   10;  12.3;   3.9;    3;   0.0;   0;   11.217;   0;   3.3;   8.0;  958.23;   15.9;   51.04;   25.4;    2.8;    0.0;eor
       1262;20190426;   10;  12.7;   5.2;    3;   2.4;   6;    3.233;   0;   6.0;   8.5;  961.39;    9.6;   72.08;   16.2;    6.5;    3.2;eor
       1262;20190427;   10;  17.5;   5.1;    3;   4.2;   6;    3.300;   0;   6.6;   8.7;  964.55;    9.1;   76.71;   14.8;    5.2;    4.4;eor
       1262;20190428;   10;  10.0;   3.9;    3;   0.0;   6;    7.733;   0;   6.3;   6.5;  966.86;    7.4;   65.58;   11.5;    3.4;    2.5;eor
       1262;20190429;   10;  11.6;   3.9;    3;   4.9;   6;    0.617;   0;   7.8;   7.9;  966.88;    6.9;   79.50;   11.5;    3.2;    1.6;eor
       1262;20190430;   10;  10.3;   4.9;    3;   0.2;   6;    3.483;   0;   6.7;   9.1;  964.86;    9.6;   77.38;   14.1;    5.2;    2.1;eor
       1262;20190501;    3;   6.9;   2.0;    3;   0.0;   0;   10.533;   0;   1.6;   8.3;  963.10;   10.4;   69.88;   17.3;    2.8;   -1.2;eor
       1262;20190502;    3;  13.9;   3.9;    3;   2.4;   6;   11.667;   0;   3.7;   8.2;  957.65;   12.2;   62.42;   20.3;    0.8;   -1.9;eor
       1262;20190503;    3;  10.6;   4.5;    3;   2.6;   6;    0.400;   0;   7.5;  10.1;  957.87;    9.4;   85.79;   12.2;    4.9;    1.4;eor
       1262;20190504;    3;  15.1;   4.4;    3;   0.8;   6;    3.467;   0;   6.0;   7.8;  955.04;    6.0;   83.08;   13.7;    0.6;   -1.0;eor
       1262;20190505;    3;   8.7;   2.8;    3;   0.5;   6;    1.500;   0;   7.8;   6.1;  962.54;    4.6;   72.25;    7.9;    2.0;   -1.2;eor
       1262;20190506;    3;  10.1;   2.7;    3;   0.0;   6;    3.550;   0;   6.7;   5.4;  966.41;    5.5;   61.67;    9.6;   -0.1;   -2.3;eor
       1262;20190507;    3;   7.7;   1.8;    3;   0.0;   0;   10.517;   0;   3.6;   5.7;  965.15;    7.0;   61.00;   13.3;   -2.5;   -4.9;eor
       1262;20190508;    3;  10.5;   2.5;    3;   1.3;   6;    1.733;   0;   7.6;   8.2;  955.24;   10.5;   65.67;   15.7;    1.6;   -1.6;eor
       1262;20190509;    3;  17.2;   5.6;    3;   0.2;   6;    6.700;   0;   5.8;   9.0;  952.29;   12.0;   66.00;   17.7;    5.8;    4.0;eor
       1262;20190510;    3;  11.5;   4.2;    3;   6.6;   6;    4.033;   0;   5.8;   9.8;  959.55;   10.9;   75.63;   15.4;    6.4;    4.2;eor
       1262;20190511;    3;  13.7;   4.8;    3;   8.6;   6;    0.383;   0;   7.4;  10.2;  960.35;   11.0;   78.63;   15.8;    7.4;    6.4;eor
       1262;20190512;    3;  11.1;   3.5;    3;   5.0;   6;    0.000;   0;   8.0;   8.9;  973.16;    7.3;   86.92;    8.8;    5.7;    5.5;eor
       1262;20190513;    3;   9.6;   3.0;    3;   0.0;   0;    7.200;-999;   5.1;   6.9;  978.89;    9.4;   60.83;   14.2;    3.7;   -0.1;eor
       1262;20190514;    3;  13.2;   3.3;    3;   0.0;   6;    9.350;   0;   4.4;   6.1;  974.12;    7.0;   61.92;   12.0;    1.1;   -2.1;eor
       1262;20190515;    3;   7.5;   2.4;    3;   0.1;   6;    0.467;   0;   7.3;   6.8;  968.68;    6.7;   69.79;    9.5;    4.3;    3.9;eor
       1262;20190516;    3;   5.1;   1.7;    3;   0.0;   0;    0.017;   0;   7.6;   8.5;  961.97;    7.7;   80.92;   10.9;    4.5;    2.5;eor
       1262;20190517;    3;  10.0;   3.3;    3;   0.0;   0;   13.400;   0;   2.0;   9.5;  955.14;   12.3;   69.42;   19.7;    1.4;   -1.0;eor
       1262;20190518;    3;   8.4;   2.0;    3;   0.0;   0;   12.267;-999;   3.7;   9.6;  952.81;   13.6;   64.88;   21.0;    3.4;    0.4;eor
       1262;20190519;    3;  12.3;   3.0;    3;   0.2;   6;   12.800;-999;   4.2;  10.8;  950.95;   14.8;   67.33;   22.4;    3.3;    1.0;eor
       1262;20190520;    3;  14.6;   3.7;    3;  52.3;   6;    0.000;-999;   7.7;  13.5;  950.33;   13.0;   89.92;   16.0;   11.3;   11.1;eor
       1262;20190521;    3;  15.4;   7.9;    3;  17.3;   6;    0.000;   0;   8.0;  12.7;  956.22;   11.5;   93.46;   12.4;   10.8;   10.6;eor
       1262;20190522;    3;   9.5;   4.4;    3;   0.0;   6;    0.283;   0;   6.9;  11.9;  965.11;   11.3;   88.71;   13.5;    6.5;    3.4;eor
       1262;20190523;    3;   5.7;   1.3;    3;   0.0;   0;   13.800;   0;   3.4;   9.1;  966.68;   11.7;   69.67;   18.2;    3.7;    2.0;eor
       1262;20190524;    3;   6.5;   1.0;    3;   0.0;   0;   13.833;-999;   3.5;  10.1;  963.04;   13.8;   67.79;   21.0;    3.3;    1.5;eor
       1262;20190525;    3;   7.0;   1.9;    3;   0.1;   6;    7.117;-999;   6.5;  11.4;  962.73;   15.8;   66.71;   21.4;    7.7;    6.3;eor
       1262;20190526;    3;   6.2;   2.6;    3;   0.0;   0;    8.383;   0;   4.5;  12.2;  963.43;   15.8;   70.58;   21.5;    9.1;    7.0;eor
       1262;20190527;    3;   8.0;   2.1;    3;  13.4;   6;    6.117;   0;   5.9;  12.5;  958.47;   14.9;   76.46;   21.0;    8.1;    5.1;eor
       1262;20190528;    3;  12.0;   3.7;    3;   3.1;   6;    0.000;   0;   8.0;  13.0;  956.24;   12.8;   88.29;   15.1;    9.6;    9.3;eor
       1262;20190529;    3;   7.9;   3.0;    3;   1.6;   6;    1.600;   0;   7.5;  10.9;  966.56;   11.2;   82.67;   14.4;    9.4;    8.7;eor
       1262;20190530;    3;   6.4;   1.6;    3;   0.0;   0;    9.483;   0;   3.8;   9.4;  973.15;   12.7;   67.29;   18.9;    4.6;    2.4;eor
       1262;20190531;    3;   6.2;   1.9;    3;   0.0;   6;    1.633;   0;   6.2;  12.4;  973.41;   14.6;   75.50;   19.8;    9.5;    6.8;eor
       1262;20190601;    3;   7.5;   1.4;    3;   0.0;   0;   14.800;-999;   3.2;  13.2;  970.68;   17.1;   71.04;   24.7;    6.9;    5.2;eor
       1262;20190602;    3;  10.6;   2.3;    3;   0.0;   0;   15.317;-999;   2.2;  14.1;  966.66;   19.0;   68.50;   25.9;    9.6;    7.5;eor
       1262;20190603;    3;  16.1;   2.3;    3;   0.0;   6;   14.033;-999;   2.1;  13.6;  963.98;   20.2;   62.04;   28.5;    8.8;    6.2;eor
       1262;20190604;    3;   7.9;   2.2;    3;   0.0;   0;   14.800;-999;   2.0;  14.9;  961.13;   20.5;   65.13;   27.3;   11.6;    9.6;eor
       1262;20190605;    3;   9.6;   2.3;    3;   0.0;   0;   14.817;   0;   0.9;  14.3;  955.96;   21.1;   60.96;   28.0;   10.0;    7.7;eor
       1262;20190606;    3;  14.9;   4.3;    3;   0.7;   6;    6.150;-999;   5.0;  13.2;  959.84;   17.4;   66.92;   21.7;   11.6;   11.3;eor
       1262;20190607;    3;  16.5;   4.1;    3;   0.0;   0;   14.883;   0;   1.1;  13.7;  961.12;   18.0;   67.75;   26.0;    8.1;    6.1;eor
       1262;20190608;    3;   9.6;   3.1;    3;   0.0;   0;    7.933;   0;   5.1;   9.8;  971.38;   15.9;   55.96;   21.6;    9.9;    7.4;eor
       1262;20190609;    3;   9.6;   2.6;    3;   0.2;   6;   10.433;   0;   4.5;  12.5;  969.07;   17.8;   63.25;   25.7;    6.9;    4.6;eor
       1262;20190610;    1;  32.9;   2.7;    1;   8.2;   8;    6.083;   0;   6.3;  16.6;  961.56;   17.7;   82.79;   25.8;   11.6;   10.5;eor
       1262;20190611;    1;  14.1;   3.6;    1;   3.3;   6;    5.000;   0;   7.2;  16.9;  958.25;   17.8;   83.29;   23.8;   14.2;   14.0;eor
       1262;20190612;    1;  15.1;   3.4;    1;   0.0;   6;    1.567;   0;   6.3;  15.1;  958.58;   15.4;   85.88;   20.2;   11.8;   10.9;eor
       1262;20190613;    1;   5.9;   1.7;    1;   0.0;   0;   13.383;   0;   2.3;  13.6;  963.26;   17.5;   70.63;   24.2;    9.4;    7.1;eor
       1262;20190614;    1;  11.8;   2.9;    1;   0.0;   0;   11.950;   0;   3.3;  16.8;  963.24;   21.1;   69.58;   29.3;    9.6;    7.4;eor
       1262;20190615;    1;  18.3;   3.2;    1;   6.4;   6;   10.100;   0;   6.0;  16.3;  961.81;   21.6;   64.67;   26.0;   15.2;   13.4;eor
       1262;20190616;    1;  12.2;   3.7;    1;   0.2;   6;    2.417;   0;   6.2;  15.3;  968.70;   16.4;   82.50;   20.9;   11.0;    8.8;eor
       1262;20190617;    1;   9.8;   2.7;    1;   0.0;   0;   12.683;   0;   3.6;  14.8;  967.41;   18.2;   73.08;   24.3;    8.5;    7.4;eor
       1262;20190618;    1;   9.3;   1.6;    1;   0.0;   0;   14.000;   0;   2.3;  15.7;  963.52;   20.6;   67.54;   27.9;   11.8;    9.2;eor
       1262;20190619;    1;   6.9;   1.8;    1;   0.0;   6;   10.683;   0;   4.1;  14.6;  960.39;   22.0;   58.58;   29.4;   13.9;   12.2;eor
       1262;20190620;    1;  16.5;   2.4;    1;  11.8;   6;    4.717;   0;   6.2;  16.4;  962.53;   18.3;   78.92;   23.6;   12.6;   11.2;eor
       1262;20190621;    1;  10.3;   1.7;    1;   6.8;   6;    8.567;   0;   5.2;  16.3;  965.82;   18.2;   79.71;   24.5;   10.6;    9.9;eor
       1262;20190622;    1;  11.3;   3.1;    1;  12.9;   6;    7.700;   0;   6.8;  17.2;  964.65;   18.1;   83.71;   24.1;   13.3;   12.4;eor
       1262;20190623;    1;   6.7;   1.7;    1;   0.2;   6;    4.617;   0;   6.1;  17.9;  966.51;   18.3;   85.71;   23.2;   13.6;   12.5;eor
       1262;20190624;    1;  11.0;   4.2;    1;   0.0;   0;   15.033;   0;   2.0;  17.5;  968.91;   21.5;   70.63;   26.6;   13.2;   11.7;eor
       1262;20190625;    1;   5.9;   1.9;    1;   0.0;   0;   14.767;   0;   3.3;  19.8;  969.27;   23.2;   71.33;   30.6;   13.3;   11.1;eor
       1262;20190626;    1;   4.1;   1.0;    1;   0.0;   0;   14.500;   0;   1.0;  21.7;  971.17;   24.9;   72.67;   32.7;   14.7;   13.3;eor
       1262;20190627;    1;   8.2;   2.3;    1;   0.0;   0;   14.600;-999;   0.5;  20.1;  970.00;   25.5;   63.08;   32.0;   15.3;   11.1;eor
       1262;20190628;    1;   5.7;   1.5;    1;   0.0;   0;   15.467;-999;   0.0;  11.9;  969.93;   20.4;   53.79;   27.8;   10.5;    8.1;eor
       1262;20190629;    1;   8.7;   2.5;    1;   0.0;   0;   15.450;-999;   0.0;  13.6;  968.16;   20.4;   61.50;   28.6;    9.9;    7.4;eor
       1262;20190630;    1;  10.5;   2.0;    1;   0.0;   0;   15.133;-999;   0.5;  15.9;  965.45;   23.7;   59.75;   34.1;    9.5;    7.0;eor
       1262;20190701;    1;  20.6;   3.7;    1;  12.5;   6;    6.783;-999;   4.9;  18.2;  965.42;   21.9;   70.83;   32.1;   15.4;   14.2;eor
       1262;20190702;    1;   9.5;   2.2;    1;   0.0;   0;   11.300;   0;   4.1;  15.2;  967.16;   20.6;   64.58;   25.7;   12.4;    9.9;eor
       1262;20190703;    1;   5.5;   1.6;    1;   0.0;   0;   14.117;   0;   4.0;  12.4;  968.25;   18.1;   62.17;   24.3;   11.1;    8.4;eor
       1262;20190704;    1;   5.3;   1.7;    1;   0.0;   0;   15.283;   0;   0.9;  11.0;  968.33;   18.3;   55.67;   26.0;    9.2;    6.3;eor
       1262;20190705;    1;   8.9;   2.2;    1;   0.0;   0;   12.000;   0;   4.3;  11.9;  965.41;   19.7;   56.71;   27.4;    8.7;    6.4;eor
       1262;20190706;    1;  16.3;   3.1;    1;   2.7;   6;    8.283;   0;   4.2;  14.5;  960.68;   21.5;   61.25;   30.1;   11.4;    8.4;eor
       1262;20190707;    1;  12.5;   3.4;    1;   7.3;   6;    3.833;   0;   6.6;  16.1;  960.70;   18.4;   76.58;   23.6;   14.3;   13.1;eor
       1262;20190708;    1;   8.0;   3.1;    1;   0.0;   6;    3.367;   0;   6.5;  13.5;  964.55;   16.3;   74.21;   20.1;   12.4;    9.7;eor
       1262;20190709;    1;   8.5;   2.3;    1;   0.0;   0;    7.767;   0;   5.1;   9.5;  965.49;   15.5;   55.13;   20.7;   10.6;    6.7;eor
