STATIONS_ID;MESS_DATUM;QN_3;  FX;  FM;QN_4; RSK;RSKF; SDK;SHK_TAG;  NM; VPM;  PM; TMK; UPM; TXK; TNK; TGK;eor
       1270;20180106;   10;   9.3;   2.9;    3;   7.8;   8;    0.550;   0;   7.6;   8.4;  970.35;    5.9;   90.42;    7.8;    3.7;    0.2;eor
       1270;20180107;   10;  11.2;   5.1;    3;   0.5;   8;    0.000;   0;   8.0;   6.7;  985.27;    1.3;   99.33;    3.8;    0.1;    0.1;eor
       1270;20180108;   10;  10.5;   4.8;    3;   0.0;   0;    0.000;   0;   8.0;   5.9;  988.04;   -0.4;   99.38;    0.2;   -1.1;   -0.8;eor
       1270;20180109;   10;   8.5;   3.6;    3;   0.3;   6;    0.000;   0;   7.1;   6.2;  976.77;    0.4;   98.63;    2.3;   -0.9;   -2.1;eor
       1270;20180110;   10;   7.2;   3.2;    3;   0.0;   6;    2.100;   0;   4.8;   7.4;  974.00;    4.6;   86.88;    8.2;   -0.4;   -2.1;eor
       1270;20180111;   10;   4.4;   1.7;    3;   0.1;   6;    0.033;   0;   6.8;   7.2;  977.80;    3.0;   95.33;    4.6;    1.1;   -1.6;eor
       1270;20180112;   10;   4.4;   1.9;    3;   0.1;   6;    0.000;   0;   8.0;   7.4;  986.60;    2.7;   99.63;    3.4;    2.1;    2.2;eor
       1270;20180113;   10;   8.4;   3.2;    3;   0.0;   7;    0.000;   0;   8.0;   6.3;  988.13;    0.6;   98.63;    2.1;   -1.4;   -1.7;eor
       1270;20180114;   10;   9.1;   3.9;    3;   0.0;   0;    1.233;   0;   7.1;   4.8;  985.47;   -0.4;   80.25;    1.5;   -1.9;   -3.4;eor
       1270;20180115;   10;  17.6;   7.8;    3;   0.2;   6;    3.417;   0;   4.9;   5.3;  973.23;    1.0;   80.17;    3.8;   -1.8;   -5.6;eor
       1270;20180116;   10;  20.6;   8.5;    3;   1.5;   8;    1.467;   0;   5.8;   6.6;  955.25;    2.9;   87.25;    6.2;    0.2;   -1.2;eor
       1270;20180117;   10;  18.6;   9.1;    3;   0.6;   8;    1.400;   1;   6.9;   5.8;  959.83;    0.5;   91.00;    1.4;   -0.4;   -2.1;eor
       1270;20180118;   10;  36.1;  11.8;    3;   0.3;   8;    1.950;   2;   6.0;   6.1;  959.55;    3.0;   80.33;    8.5;    0.9;   -0.7;eor
       1270;20180119;   10;   8.5;   3.8;    3;   4.5;   7;    0.117;   0;   6.7;   5.8;  968.17;    0.6;   90.25;    1.6;   -1.0;   -3.8;eor
       1270;20180120;   10;   9.5;   3.7;    3;   7.2;   7;    1.367;   2;   7.1;   5.6;  966.92;    0.7;   86.75;    1.7;   -1.1;   -3.2;eor
       1270;20180121;   10;   7.3;   3.3;    3;   2.1;   7;    0.200;  12;   6.9;   5.6;  972.94;   -0.8;   96.96;    0.3;   -3.0;  -11.0;eor
       1270;20180122;   10;  11.2;   5.4;    3;   0.7;   8;    0.000;  14;   7.8;   6.0;  971.65;    0.8;   91.75;    2.5;   -1.9;   -3.3;eor
       1270;20180123;   10;  14.9;   5.9;    3;   0.3;   6;    0.033;   6;   7.3;   7.2;  982.50;    3.7;   89.96;    6.0;    1.9;    0.8;eor
       1270;20180124;   10;  17.1;   8.7;    3;   0.0;   6;    1.650;   0;   7.1;   9.3;  979.69;    8.2;   85.33;   10.7;    5.8;    5.0;eor
       1270;20180125;   10;  16.0;   6.7;    3;   3.0;   6;    0.000;   0;   7.7;   9.4;  975.34;    8.4;   85.54;   10.0;    6.9;    5.1;eor
       1270;20180126;   10;   5.5;   2.4;    3;   0.5;   6;    0.000;   0;   7.8;   8.5;  979.42;    5.7;   92.96;    7.3;    3.9;    1.4;eor
       1270;20180127;   10;  15.4;   3.2;    3;   0.0;   6;    3.617;   0;   6.0;   7.4;  990.52;    3.8;   92.13;    7.0;    0.3;   -1.6;eor
       1270;20180128;   10;  19.2;   9.9;    3;   0.0;   6;    0.017;   0;   7.7;   8.0;  989.49;    6.1;   84.04;    7.9;    4.5;    3.8;eor
       1270;20180129;   10;  20.9;  10.8;    3;   0.3;   6;    0.583;   0;   6.8;   8.7;  984.93;    8.0;   80.67;    9.5;    5.1;    3.3;eor
       1270;20180130;   10;  15.0;   5.5;    3;   0.0;   6;    6.383;   0;   4.5;   6.0;  987.77;    3.0;   79.42;    5.9;    0.6;   -3.5;eor
       1270;20180131;   10;  16.8;   7.5;    3;   0.8;   6;    0.550;   0;   7.5;   7.8;  970.51;    5.8;   84.38;    8.2;    1.7;    0.5;eor
       1270;20180201;   10;  13.4;   5.9;    3;   0.1;   7;    3.817;   0;   5.5;   5.7;  962.92;    2.3;   79.50;    4.7;   -0.7;   -2.6;eor
       1270;20180202;   10;  12.3;   6.2;    3;   0.0;   7;    1.350;   0;   5.4;   5.7;  965.07;    1.1;   85.25;    3.5;   -1.5;   -3.8;eor
       1270;20180203;   10;   8.2;   3.8;    3;   2.4;   7;    0.300;   0;   7.1;   5.5;  967.03;    0.9;   84.00;    2.0;   -0.9;   -2.6;eor
       1270;20180204;   10;   7.6;   3.7;    3;   0.6;   7;    0.000;   3;   7.3;   4.9;  977.83;   -2.1;   92.58;    0.1;   -4.8;  -12.1;eor
       1270;20180205;   10;   7.9;   2.5;    3;   0.1;   7;    0.200;   3;   5.4;   4.3;  986.88;   -4.1;   94.75;   -2.0;   -6.6;  -13.6;eor
       1270;20180206;   10;   5.2;   1.9;    3;   0.0;   0;    2.600;   3;   4.9;   3.7;  977.55;   -6.0;   94.67;   -3.3;  -10.0;  -14.8;eor
       1270;20180207;   10;   4.4;   1.6;    3;   0.0;   0;    6.667;   2;   3.4;   4.1;  976.03;   -4.1;   90.88;   -1.2;   -8.4;  -11.7;eor
       1270;20180208;   10;   3.1;   1.4;    3;   0.0;   0;    3.417;   2;   6.3;   4.4;  980.20;   -2.6;   86.83;   -0.9;   -4.5;  -10.3;eor
       1270;20180209;   10;   5.1;   2.4;    3;   0.0;   7;    1.917;   2;   5.1;   4.2;  977.37;   -4.3;   93.04;   -0.5;  -11.1;  -12.6;eor
       1270;20180210;   10;   8.6;   3.8;    3;   0.0;   7;    2.450;   2;   6.9;   5.3;  976.43;    0.3;   84.33;    2.2;   -1.4;   -1.8;eor
       1270;20180211;   10;  15.9;   7.1;    3;   0.2;   7;    0.117;   0;   6.0;   5.5;  966.68;    1.1;   82.92;    2.6;   -0.4;   -1.7;eor
       1270;20180212;   10;  11.4;   5.1;    3;   0.5;   7;    0.983;   0;   5.6;   5.3;  972.76;   -0.5;   89.42;    2.8;   -3.9;   -6.6;eor
       1270;20180213;   10;   7.0;   3.8;    3;   0.0;   0;    8.383;   1;   2.1;   4.1;  976.88;   -1.2;   74.67;    3.1;   -4.6;   -8.0;eor
       1270;20180214;   10;   7.1;   3.0;    3;   0.0;   0;    8.800;   0;   0.1;   3.7;  979.81;   -2.3;   73.38;    3.1;   -7.4;  -11.0;eor
       1270;20180215;   10;  13.9;   5.9;    3;   0.1;   8;    0.000;   0;   6.5;   4.6;  977.90;    0.0;   74.96;    2.3;   -3.3;   -5.0;eor
       1270;20180216;   10;  12.0;   4.9;    3;   0.0;   0;    6.083;   0;   3.1;   5.9;  985.10;    1.3;   87.79;    5.3;   -2.5;   -6.4;eor
       1270;20180217;   10;   6.0;   2.4;    3;   0.0;   0;    0.000;   0;   6.9;   5.2;  985.13;   -1.1;   93.00;    1.2;   -3.5;   -7.0;eor
       1270;20180218;   10;   6.0;   2.3;    3;   0.0;   0;    3.467;   0;   6.4;   5.0;  987.88;    0.3;   80.25;    4.0;   -2.4;   -5.7;eor
       1270;20180219;   10;   5.7;   2.5;    3;   0.0;   0;    0.850;   0;   5.5;   4.6;  981.62;   -1.3;   82.04;    1.4;   -3.9;   -6.3;eor
       1270;20180220;   10;   5.4;   1.7;    3;   0.0;   7;    0.417;   0;   6.2;   4.6;  979.24;   -2.5;   89.67;   -1.3;   -5.1;   -7.8;eor
       1270;20180221;   10;   7.5;   3.0;    3;   0.0;   0;    6.267;   0;   3.5;   4.2;  984.18;   -2.7;   83.58;    0.5;   -5.9;  -10.3;eor
       1270;20180222;   10;  12.3;   4.1;    3;   0.0;   0;    6.283;   0;   3.0;   3.6;  983.85;   -2.9;   74.71;    1.1;   -5.7;   -7.9;eor
       1270;20180223;   10;  10.7;   4.1;    3;   0.0;   0;    9.083;   0;   0.3;   3.1;  983.77;   -5.3;   76.00;   -1.7;   -8.1;  -12.2;eor
       1270;20180224;   10;  12.7;   4.4;    3;   0.0;   0;    4.633;   0;   2.3;   2.7;  987.21;   -5.7;   70.13;   -0.8;   -9.5;  -13.5;eor
       1270;20180225;   10;  10.8;   3.9;    3;   0.0;   7;    8.417;   0;   2.1;   2.2;  989.30;   -8.0;   66.83;   -4.4;  -11.2;  -14.0;eor
       1270;20180226;   10;  11.3;   4.1;    3;   0.0;   7;    1.200;   0;   6.3;   2.6;  986.20;   -8.2;   80.25;   -6.1;  -10.4;  -14.8;eor
       1270;20180227;   10;   9.6;   3.7;    3;   0.0;   0;    9.600;   0;   1.3;   1.9;  981.24;   -9.9;   65.83;   -5.3;  -14.6;  -16.7;eor
       1270;20180228;   10;  10.4;   4.3;    3;   0.0;   7;    0.533;   0;   4.4;   1.9;  982.46;  -11.0;   73.25;   -7.7;  -14.1;  -16.7;eor
       1270;20180301;   10;  12.2;   5.3;    3;   0.0;   0;    9.583;   0;   3.6;   2.0;  973.94;   -8.8;   66.50;   -4.3;  -12.8;  -14.3;eor
       1270;20180302;   10;  10.8;   4.2;    3;   0.0;   0;    5.083;   0;   3.8;   2.3;  963.61;   -8.5;   72.25;   -3.6;  -12.7;  -13.5;eor
       1270;20180303;   10;   7.7;   3.4;    3;   0.1;   7;    0.617;   0;   7.5;   2.8;  962.92;   -6.0;   70.79;   -2.7;   -8.5;   -8.8;eor
       1270;20180304;   10;   7.1;   2.6;    3;   0.0;   8;    3.350;   0;   6.1;   4.6;  962.17;   -0.8;   78.38;    6.4;   -7.5;   -9.1;eor
       1270;20180305;   10;  10.9;   3.8;    3;   0.0;   0;    6.333;   0;   5.3;   6.3;  959.11;    5.2;   71.38;    9.8;   -0.4;   -4.3;eor
       1270;20180306;   10;   5.3;   2.0;    3;   0.0;   7;    0.000;   0;   7.2;   5.3;  954.50;    0.3;   85.08;    3.2;   -3.3;   -6.5;eor
       1270;20180307;   10;  15.1;   5.3;    3;   0.3;   6;    2.433;   0;   6.6;   6.4;  956.66;    3.4;   82.46;    9.9;   -1.6;   -3.4;eor
       1270;20180308;   10;  20.7;   8.3;    3;   1.9;   6;    5.750;   0;   6.5;   6.4;  963.99;    5.3;   72.83;    8.9;    1.8;    0.2;eor
       1270;20180309;   10;  11.5;   6.0;    3;   0.3;   6;    5.250;   0;   5.0;   6.5;  969.13;    4.1;   79.83;    7.1;    0.9;   -0.7;eor
       1270;20180310;   10;  11.9;   5.5;    3;   0.0;   6;    4.717;   0;   6.8;   9.5;  966.22;    9.4;   81.29;   15.2;    4.6;    3.3;eor
       1270;20180311;   10;  10.2;   4.3;    3;   3.0;   6;    7.117;   0;   5.6;   9.7;  960.76;   12.1;   70.71;   18.3;    6.3;    1.4;eor
       1270;20180312;   10;  11.1;   4.9;    3;   3.5;   6;    0.317;   0;   7.5;  10.2;  956.29;    8.6;   90.58;   10.3;    7.0;    5.4;eor
       1270;20180313;   10;  16.4;   7.8;    3;   2.8;   6;    3.317;   0;   7.5;   8.3;  963.40;    6.9;   83.75;   10.7;    2.2;    1.8;eor
       1270;20180314;   10;   8.8;   3.6;    3;   0.2;   6;    0.083;   0;   7.2;   6.4;  972.76;    3.2;   83.83;    5.3;    0.6;   -3.0;eor
       1270;20180315;   10;  10.7;   4.3;    3;   5.1;   8;    8.283;   0;   4.5;   6.1;  965.71;    3.5;   79.38;    9.7;   -1.6;   -5.2;eor
       1270;20180316;   10;  10.3;   4.4;    3;   7.5;   8;    0.000;   1;   8.0;   5.9;  965.40;   -0.4;   99.33;    1.9;   -3.8;   -3.7;eor
       1270;20180317;   10;  13.6;   6.3;    3;   0.0;   7;    0.000;   4;   8.0;   3.6;  969.75;   -6.2;   92.67;   -3.8;   -7.4;   -7.0;eor
       1270;20180318;   10;  16.6;   7.5;    3;   0.0;   0;    5.667;   5;   7.2;   2.6;  972.30;   -6.0;   67.92;   -4.2;   -7.9;   -7.8;eor
       1270;20180319;   10;  10.9;   4.0;    3;   0.0;   0;   10.383;   4;   4.5;   2.6;  974.14;   -5.7;   64.79;   -2.3;   -9.2;  -12.3;eor
       1270;20180320;   10;  12.6;   4.6;    3;   0.8;   8;    0.000;   2;   5.0;   4.0;  977.57;   -4.6;   87.71;   -0.3;  -10.8;  -13.3;eor
       1270;20180321;   10;   5.8;   3.1;    3;   0.0;   0;   10.867;   2;   4.3;   3.8;  987.25;   -2.0;   73.42;    3.4;   -9.0;  -14.0;eor
       1270;20180322;   10;  12.6;   6.1;    3;   0.4;   8;    0.000;   0;   7.9;   5.6;  976.27;    0.7;   86.42;    2.6;   -1.9;   -3.1;eor
       1270;20180323;   10;   6.4;   3.6;    3;   0.1;   6;    0.117;   0;   7.3;   6.9;  968.88;    3.3;   89.92;    6.3;    0.6;   -0.3;eor
       1270;20180324;   10;   9.0;   2.7;    3;   0.0;   0;    8.133;   0;   4.1;   6.1;  965.86;    4.8;   72.38;    9.4;   -0.7;   -3.6;eor
       1270;20180325;   10;   6.0;   2.2;    3;   0.0;   0;   10.117;   0;   4.2;   6.0;  969.10;    4.3;   74.33;   10.4;   -3.0;   -5.9;eor
       1270;20180326;   10;   7.9;   2.7;    3;   0.6;   8;    0.733;   0;   7.5;   6.8;  974.90;    4.6;   79.33;    8.5;    1.6;   -1.5;eor
       1270;20180327;   10;   7.4;   2.2;    3;   0.6;   6;    5.267;   0;   5.7;   5.9;  974.67;    4.1;   75.00;    9.0;   -1.2;   -4.3;eor
       1270;20180328;   10;  15.1;   4.5;    3;   3.8;   6;    0.000;   0;   8.0;   8.3;  964.28;    6.3;   86.25;    9.2;    4.1;    3.0;eor
       1270;20180329;   10;  16.5;   7.0;    3;   0.8;   8;    2.550;   0;   5.2;   6.2;  967.07;    4.0;   76.46;    8.6;    0.1;   -2.8;eor
       1270;20180330;   10;  10.1;   3.7;    3;   9.9;   6;    6.883;   0;   5.0;   6.3;  966.24;    6.5;   66.88;   12.7;   -0.2;   -3.4;eor
       1270;20180331;   10;   7.9;   3.3;    3;   1.4;   6;    0.117;   0;   7.7;   7.5;  960.92;    4.0;   92.25;    6.2;    2.4;    0.9;eor
       1270;20180401;   10;  10.6;   4.8;    3;   0.4;   6;    0.883;   0;   5.6;   6.6;  967.69;    3.1;   86.33;    6.1;    0.6;   -3.1;eor
       1270;20180402;   10;  10.0;   4.5;    3;   0.1;   6;    7.667;   0;   5.7;   6.1;  971.18;    6.4;   65.38;   11.5;   -0.9;   -4.0;eor
       1270;20180403;   10;  13.1;   6.1;    3;   0.0;   6;    6.550;   0;   6.7;   8.0;  966.28;   13.4;   53.71;   19.3;    7.7;    6.2;eor
       1270;20180404;   10;  23.1;   5.6;    3;   2.2;   6;    6.267;   0;   4.1;   8.7;  965.81;   13.4;   58.46;   20.7;    7.4;    2.9;eor
       1270;20180405;   10;  16.7;   7.4;    3;   2.1;   6;    2.717;   0;   5.6;   8.0;  972.71;    7.5;   75.92;   12.2;    0.0;   -4.4;eor
       1270;20180406;   10;  10.1;   3.2;    3;   0.0;   0;   12.083;   0;   0.7;   4.8;  983.95;    5.7;   57.17;   12.7;   -2.0;   -6.3;eor
       1270;20180407;   10;   8.9;   3.2;    3;   0.0;   0;   12.133;   0;   1.3;   5.5;  976.89;   12.2;   41.38;   22.8;    2.8;   -3.8;eor
       1270;20180408;   10;   9.2;   3.5;    3;   0.0;   0;   12.167;   0;   0.3;   8.9;  971.72;   13.7;   57.92;   20.2;    8.0;    3.4;eor
       1270;20180409;   10;   7.3;   2.4;    3;   0.0;   0;    7.317;   0;   4.3;   9.6;  968.10;   12.9;   65.83;   19.5;    5.0;    1.0;eor
       1270;20180410;   10;  13.3;   3.2;    3;   0.0;   0;   12.017;   0;   2.0;   9.6;  965.86;   14.1;   62.50;   21.2;    5.8;    1.8;eor
       1270;20180411;   10;   8.3;   2.6;    3;   1.1;   6;    4.800;   0;   4.5;  10.9;  969.19;   11.8;   78.54;   15.5;    8.0;    3.7;eor
       1270;20180412;   10;   8.0;   3.3;    3;   0.0;   6;    5.533;   0;   6.3;  11.1;  965.04;   14.7;   70.25;   21.2;    8.5;    7.0;eor
       1270;20180413;   10;  15.2;   5.0;    3;   8.2;   6;    1.133;   0;   7.5;  11.7;  967.88;   12.3;   82.17;   17.0;    9.0;    8.4;eor
       1270;20180414;   10;  12.0;   5.4;    3;   0.0;   0;    9.000;   0;   5.3;  10.0;  979.49;   13.4;   66.92;   18.8;    8.8;    6.7;eor
       1270;20180415;   10;   5.4;   2.2;    3;   0.2;   6;    7.433;   0;   6.7;  10.7;  975.41;   13.9;   68.67;   18.8;    7.8;    4.8;eor
       1270;20180416;   10;   5.9;   2.1;    3;  11.3;   6;    0.467;   0;   7.2;  12.6;  976.63;   13.2;   83.04;   16.4;   10.3;    6.2;eor
       1270;20180417;   10;-999;-999;    3;   0.0;   0;    8.583;   0;   3.1;  11.5;  987.52;   13.2;   77.04;   18.6;    7.5;    4.0;eor
       1270;20180418;   10;-999;-999;    3;   0.0;   0;   12.717;   0;   2.7;  10.9;  993.19;   16.0;   62.88;   22.2;    7.7;    4.6;eor
       1270;20180419;   10;   8.3;-999;    3;   0.0;   0;   12.750;   0;   3.2;  11.2;  991.67;   17.1;   58.63;   23.6;    8.0;    4.7;eor
       1270;20180420;   10;   4.7;   2.1;    3;   0.0;   0;   12.767;   0;   1.9;  12.9;  985.75;   18.5;   62.29;   25.3;    9.7;    5.9;eor
       1270;20180421;   10;   7.2;   2.3;    3;   0.0;   0;   11.900;   0;   1.9;  12.9;  982.05;   16.8;   68.46;   22.6;   10.3;    7.2;eor
       1270;20180422;   10;   8.9;   2.5;    3;   0.2;   6;   10.167;   0;   3.7;  13.3;  977.08;   17.4;   69.50;   25.5;   10.1;    6.5;eor
       1270;20180423;   10;  11.5;   4.2;    3;   0.4;   6;    4.117;   0;   5.2;  12.9;  975.96;   15.8;   71.63;   21.1;    9.1;    5.5;eor
       1270;20180424;   10;  11.1;   5.0;    3;   0.0;   0;    4.200;   0;   6.8;   9.8;  977.29;   13.2;   66.08;   17.2;    7.2;    5.5;eor
       1270;20180425;   10;  17.8;   6.3;    3;   0.7;   6;    4.983;   0;   5.5;  10.5;  972.38;   12.7;   71.33;   17.3;    7.3;    3.7;eor
       1270;20180426;   10;  15.7;   5.5;    3;   1.7;   6;    6.317;   0;   4.6;   8.3;  977.24;    8.7;   74.08;   12.2;    5.7;    3.6;eor
       1270;20180427;   10;   9.4;   2.9;    3;   0.0;   0;   10.617;   0;   4.5;   7.3;  975.21;   10.8;   59.75;   16.9;    3.8;    0.9;eor
       1270;20180428;   10;  12.6;   4.4;    3;   2.0;   6;    9.133;   0;   4.3;   8.9;  973.58;   13.3;   59.42;   19.9;    5.0;    3.1;eor
       1270;20180429;   10;   8.5;   3.0;    3;   0.0;   0;   10.467;   0;   4.2;  12.6;  970.37;   15.8;   71.46;   21.8;    9.7;    8.6;eor
       1270;20180430;   10;  16.8;   6.7;    3;   0.0;   6;    7.600;   0;   4.3;   9.9;  964.55;   14.0;   62.50;   17.6;   10.4;    8.8;eor
       1270;20180501;   10;  17.2;   7.6;    3;   0.0;   0;   11.267;   0;   2.8;   6.4;  973.05;    9.3;   55.42;   13.4;    4.1;    0.1;eor
       1270;20180502;   10;   8.8;   2.4;    3;   0.0;   6;    1.633;   0;   5.7;   7.9;  975.47;    8.8;   69.38;   14.5;    1.1;   -1.6;eor
       1270;20180503;   10;   7.9;   3.2;    3;   0.0;   6;    3.817;   0;   5.6;   9.2;  977.51;   11.6;   67.83;   16.1;    5.7;    3.8;eor
       1270;20180504;   10;   7.8;   2.9;    3;   0.0;   0;    1.233;   0;   5.6;   7.6;  984.39;   10.9;   58.54;   14.7;    7.5;    4.2;eor
       1270;20180505;   10;  11.0;   3.4;    3;   0.0;   0;   13.783;   0;   1.0;   7.9;  987.27;   12.2;   56.67;   18.1;    5.2;    2.2;eor
       1270;20180506;   10;  10.6;   3.0;    3;   0.0;   0;   13.867;   0;   0.0;   8.6;  986.83;   14.1;   54.42;   19.7;    6.3;    3.8;eor
       1270;20180507;   10;  10.4;   3.0;    3;   0.0;   0;   13.917;   0;   0.0;   9.7;  982.73;   15.5;   56.33;   21.5;    6.7;    2.1;eor
       1270;20180508;   10;  10.1;   2.9;    3;   0.0;   0;   13.917;   0;   0.2;  10.2;  975.83;   17.0;   54.79;   23.3;    8.2;    3.7;eor
       1270;20180509;   10;   8.6;   2.9;    3;   0.0;   0;   10.533;   0;   2.5;  12.2;  971.07;   17.4;   62.25;   23.6;    9.6;    6.2;eor
       1270;20180510;   10;  10.4;   3.3;    3;   9.7;   6;    6.983;   0;   4.7;  13.0;  972.27;   15.1;   77.25;   23.0;   10.6;    7.7;eor
       1270;20180511;   10;   5.7;   2.2;    3;   0.0;   0;    3.117;   0;   6.0;  11.5;  981.37;   13.5;   74.75;   17.3;    9.6;    8.5;eor
       1270;20180512;   10;  13.1;   2.5;    3;   6.5;   8;    7.700;   0;   5.0;  14.6;  977.86;   16.2;   79.38;   22.7;   11.7;   10.4;eor
       1270;20180513;   10;  12.2;   3.1;    3;   0.0;   0;   12.300;   0;   3.2;  13.7;  972.69;   18.3;   67.08;   24.5;   12.6;   10.9;eor
       1270;20180514;   10;  13.2;   4.2;    3;   0.0;   0;   14.183;   0;   1.3;  10.1;  973.53;   17.4;   53.08;   23.5;   11.6;    8.1;eor
       1270;20180515;   10;  10.8;   3.2;    3;   9.4;   6;    4.700;   0;   6.1;  11.2;  976.10;   13.0;   75.25;   19.2;    8.8;    6.5;eor
       1270;20180516;   10;   8.2;   2.7;    3;   0.9;   6;    2.917;   0;   7.2;  13.2;  975.63;   13.7;   84.88;   16.9;   10.6;   10.2;eor
       1270;20180517;   10;  10.6;   5.6;    3;   0.0;   0;   11.183;   0;   6.9;  11.5;  978.35;   12.8;   78.29;   16.4;    8.8;    7.2;eor
       1270;20180518;   10;   7.4;   3.1;    3;   0.0;   0;    0.183;   0;   7.8;  10.1;  982.12;   10.1;   81.21;   12.5;    7.9;    6.3;eor
       1270;20180519;   10;   6.4;   1.9;    3;   0.0;   0;    5.183;   0;   6.2;  10.3;  983.48;   12.1;   74.50;   16.0;    8.6;    6.5;eor
       1270;20180520;   10;  11.0;   3.1;    3;   0.0;   0;   14.317;   0;   1.3;   9.7;  984.45;   14.8;   60.38;   20.5;    8.3;    5.4;eor
       1270;20180521;   10;  12.5;   3.6;    3;   0.0;   0;   14.483;   0;   0.9;  10.4;  979.89;   16.0;   59.08;   21.7;    9.7;    6.1;eor
       1270;20180522;   10;   8.4;   2.6;    3;   0.0;   0;   11.917;   0;   4.8;  10.8;  976.31;   17.3;   56.54;   23.3;   10.5;    7.3;eor
       1270;20180523;   10;  13.3;   3.7;    3;   0.0;   6;    8.683;   0;   5.7;  12.2;  981.08;   17.5;   61.21;   23.8;   12.0;    9.7;eor
       1270;20180524;   10;   7.3;   2.9;    3;  15.8;   6;    0.000;   0;   7.6;  14.8;  982.32;   14.8;   87.33;   16.4;   13.3;   13.0;eor
       1270;20180525;   10;   7.2;   1.8;    3;   1.6;   6;    4.350;   0;   5.9;  16.2;  981.91;   17.4;   82.29;   21.8;   13.4;   10.1;eor
       1270;20180526;   10;   7.7;   2.0;    3;   0.0;   0;   12.983;   0;   1.9;  13.7;  983.53;   19.2;   64.96;   24.9;   11.4;    8.5;eor
       1270;20180527;   10;   7.6;   2.1;    3;   0.7;   6;    7.500;   0;   5.0;  15.9;  982.10;   18.8;   73.67;   23.9;   12.9;   10.7;eor
       1270;20180528;   10;   7.7;   2.5;    3;   0.0;   0;   14.200;   0;   4.0;  16.6;  980.55;   21.5;   67.96;   27.3;   13.5;   11.0;eor
       1270;20180529;   10;  12.6;   2.8;    3;   7.1;   6;    6.783;   0;   4.3;  19.0;  976.33;   22.0;   72.58;   26.8;   16.4;   15.4;eor
       1270;20180530;   10;   5.6;   2.2;    3;   0.0;   0;    7.000;   0;   4.8;  19.7;  977.35;   20.5;   82.38;   24.4;   15.9;   15.0;eor
       1270;20180531;   10;   6.7;   1.8;    3;   0.0;   6;    8.650;   0;   5.0;  18.9;  977.19;   21.6;   74.46;   26.5;   15.1;   13.1;eor
       1270;20180601;   10;  11.0;   4.4;    3;   0.0;   6;    8.700;   0;   5.3;  17.9;  978.13;   20.3;   76.08;   24.3;   15.8;   14.5;eor
       1270;20180602;   10;   9.4;   4.2;    3;   0.1;   6;    1.983;   0;   6.3;  16.5;  980.15;   17.4;   83.00;   20.9;   14.4;   12.3;eor
       1270;20180603;   10;   5.7;   2.3;    3;   0.0;   0;   10.100;   0;   3.3;  15.7;  980.23;   18.6;   75.13;   23.8;   11.9;   10.1;eor
       1270;20180604;   10;   7.7;   2.3;    3;   0.0;   0;   13.633;   0;   2.0;  15.8;  975.34;   19.9;   70.04;   25.5;   12.8;   10.7;eor
       1270;20180605;   10;   7.2;   2.2;    3;   0.0;   6;    6.033;   0;   3.8;  15.8;  975.44;   17.4;   80.33;   22.1;   14.2;   11.0;eor
       1270;20180606;   10;   9.3;   3.0;    3;   0.0;   0;   13.967;   0;   1.5;  15.0;  977.03;   19.3;   68.79;   24.9;   12.2;    9.5;eor
       1270;20180607;   10;  11.5;   2.7;    3;   0.0;   6;    6.250;   0;   4.8;  15.1;  977.71;   19.4;   66.67;   26.5;   13.2;   11.5;eor
       1270;20180608;   10;   6.8;   2.2;    3;   0.0;   0;   10.617;   0;   5.8;  15.0;  975.60;   22.6;   57.50;   27.7;   16.9;   15.2;eor
       1270;20180609;   10;  13.5;   2.6;    3;   0.0;   6;    8.417;   0;   4.2;  15.9;  974.45;   21.2;   64.25;   28.4;   14.3;   12.0;eor
       1270;20180610;   10;   7.7;   3.3;    3;   0.0;   6;    5.600;   0;   5.9;  18.7;  973.78;   20.0;   80.58;   25.0;   16.4;   13.7;eor
       1270;20180611;   10;   5.3;   2.0;    3;   1.5;   6;    0.133;   0;   7.8;  16.9;  974.01;   17.3;   85.79;   20.4;   15.2;   13.5;eor
       1270;20180612;   10;   7.3;   2.9;    3;   0.0;   6;    0.717;   0;   7.3;  13.1;  973.32;   15.5;   74.50;   18.2;   12.8;   12.5;eor
       1270;20180613;   10;   8.7;   3.9;    3;   0.0;   0;    0.367;   0;   7.6;  11.3;  976.02;   13.2;   74.46;   14.9;   11.7;   11.2;eor
       1270;20180614;   10;  11.9;   2.9;    3;   0.0;   0;   10.000;   0;   6.3;  10.7;  978.21;   15.4;   63.00;   21.2;   11.6;   10.1;eor
       1270;20180615;   10;   5.6;   1.9;    3;   0.0;   0;    1.483;   0;   7.4;  13.5;  979.55;   16.7;   71.54;   19.7;   12.4;   10.8;eor
       1270;20180616;   10;   5.8;   2.0;    3;   0.0;   0;    2.983;   0;   6.3;  14.0;  978.27;   19.8;   61.92;   24.5;   15.7;   13.6;eor
       1270;20180617;   10;  11.1;   3.8;    3;   0.0;   0;    5.650;   0;   5.3;  13.5;  979.19;   17.7;   67.54;   22.0;   12.7;    9.8;eor
       1270;20180618;   10;  10.2;   4.3;    3;   0.0;   0;    7.417;   0;   5.2;  13.1;  983.24;   17.4;   66.96;   22.1;   13.3;   12.0;eor
       1270;20180619;   10;  10.2;   4.0;    3;   0.0;   0;    3.450;   0;   5.4;  15.4;  985.10;   18.7;   71.96;   22.2;   13.8;   12.3;eor
       1270;20180620;   10;   8.2;   2.5;    3;   0.0;   0;   12.633;   0;   2.6;  15.9;  983.09;   21.3;   65.88;   28.4;   12.7;   10.1;eor
       1270;20180621;   10;  18.2;   6.1;    3;   0.7;   6;   11.200;   0;   3.5;  12.2;  977.97;   17.0;   62.58;   25.2;    8.5;    7.4;eor
       1270;20180622;   10;  15.1;   6.7;    3;   1.2;   6;    3.200;   0;   5.5;  10.1;  983.10;   10.4;   80.29;   15.2;    6.6;    4.7;eor
       1270;20180623;   10;  11.4;   4.4;    3;   0.7;   6;    0.183;   0;   7.2;  11.0;  985.16;   10.6;   85.50;   13.2;    7.3;    5.3;eor
       1270;20180624;   10;  10.0;   4.1;    3;   0.3;   6;    2.033;   0;   7.5;  10.8;  982.88;   13.0;   72.63;   16.9;   10.3;    9.5;eor
       1270;20180625;   10;   9.9;   3.5;    3;   0.1;   6;    3.517;   0;   6.8;  12.4;  983.96;   14.9;   74.42;   19.9;   11.4;   11.2;eor
       1270;20180626;   10;   9.0;   2.5;    3;   0.3;   6;    7.417;   0;   5.7;  13.2;  985.42;   17.1;   70.67;   22.9;   12.8;   13.1;eor
       1270;20180627;   10;   9.7;   3.5;    3;   0.0;   0;   12.500;   0;   2.9;  11.9;  985.96;   17.9;   59.79;   22.4;   13.4;   11.3;eor
       1270;20180628;   10;  13.7;   3.7;    3;   0.0;   6;    7.767;   0;   5.2;  12.7;  983.05;   19.6;   57.04;   26.8;   12.8;   10.5;eor
       1270;20180629;   10;   9.4;   3.5;    3;   0.0;   0;   13.267;   0;   3.0;  11.4;  979.04;   22.5;   43.63;   29.0;   16.3;   15.4;eor
       1270;20180630;   10;  12.0;   4.1;    3;   0.0;   0;   13.250;   0;   1.0;   9.1;  980.22;   17.5;   48.42;   22.5;   12.3;    9.4;eor
       1270;20180701;   10;  11.4;   3.6;    3;   0.0;   0;   15.117;   0;   0.1;   7.6;  981.64;   16.1;   43.25;   21.3;   10.0;    6.9;eor
       1270;20180702;   10;   8.7;   2.7;    3;   0.0;   0;   15.100;   0;   0.2;   7.3;  980.05;   16.9;   40.71;   23.4;    7.0;    4.4;eor
       1270;20180703;   10;   8.3;   2.1;    3;   0.0;   0;   15.033;   0;   0.9;   7.2;  979.47;   19.3;   35.75;   26.7;    8.0;    4.4;eor
       1270;20180704;   10;   8.4;   2.7;    3;   0.0;   0;   10.933;   0;   4.1;  10.1;  976.95;   21.9;   40.96;   29.6;    9.3;    6.9;eor
       1270;20180705;   10;  13.2;   4.4;    3;   4.6;   6;   11.567;   0;   4.7;  15.3;  974.91;   21.8;   61.50;   29.9;   15.4;   12.9;eor
       1270;20180706;   10;  10.6;   4.1;    3;   0.0;   0;    9.833;   0;   3.7;  13.7;  980.16;   18.0;   67.25;   22.4;   12.5;    9.6;eor
       1270;20180707;   10;  10.9;   4.3;    3;   0.0;   0;   14.450;   0;   1.2;   9.2;  983.63;   17.7;   47.67;   24.9;    8.9;    6.1;eor
       1270;20180708;   10;   7.5;   3.0;    3;   0.0;   6;    8.983;   0;   3.8;  12.0;  983.77;   18.6;   56.71;   25.3;   10.7;    9.4;eor
       1270;20180709;   10;  11.9;   3.9;    3;   2.4;   6;   10.933;   0;   4.7;  10.7;  982.25;   18.4;   52.75;   24.5;   11.5;    9.9;eor
       1270;20180710;   10;   9.2;   2.4;    3;   7.2;   6;    1.783;   0;   7.4;  12.2;  978.00;   14.8;   73.83;   19.1;   11.5;   11.2;eor
       1270;20180711;   10;   9.6;   2.2;    3;   0.8;   6;    1.817;   0;   6.6;  13.2;  977.30;   14.5;   80.83;   18.8;   11.7;    9.8;eor
       1270;20180712;   10;  11.6;   4.5;    3;   0.4;   6;    3.017;   0;   6.2;  14.5;  978.65;   16.8;   76.79;   22.9;   11.3;    9.4;eor
       1270;20180713;   10;   9.4;   4.0;    3;   0.0;   0;   12.983;   0;   1.8;  13.2;  981.29;   20.2;   60.08;   27.2;   12.5;   11.3;eor
       1270;20180714;   10;   7.0;   2.2;    3;   0.0;   0;   12.000;   0;   1.6;  12.7;  981.36;   20.0;   57.46;   27.2;   11.8;    9.3;eor
       1270;20180715;   10;   8.4;   2.6;    3;   0.0;   0;   13.867;   0;   2.1;  12.4;  979.12;   20.2;   54.25;   26.3;   13.6;   12.0;eor
       1270;20180716;   10;   8.1;   2.7;    3;   0.0;   6;    8.800;   0;   4.2;  12.5;  976.50;   19.8;   54.67;   25.5;   13.9;   11.8;eor
       1270;20180717;   10;  12.1;   4.6;    3;   0.0;   0;   13.917;   0;   2.8;  12.1;  975.90;   22.2;   50.92;   30.0;   12.2;   10.8;eor
       1270;20180718;   10;  11.9;   4.5;    3;   0.0;   0;   12.067;   0;   2.5;  12.4;  979.20;   21.1;   51.00;   26.3;   15.5;   12.4;eor
       1270;20180719;   10;   8.2;   2.4;    3;   0.0;   0;   14.583;   0;   1.0;  10.1;  980.08;   20.0;   46.33;   27.2;   10.2;    7.8;eor
       1270;20180720;   10;   6.8;   2.0;    3;   0.0;   0;   12.300;   0;   4.0;  10.5;  976.65;   21.8;   42.83;   29.1;   10.8;    8.6;eor
       1270;20180721;   10;   8.2;   2.8;    3;   3.7;   6;    2.500;   0;   7.3;  15.1;  974.63;   19.0;   69.29;   23.6;   16.2;   14.6;eor
       1270;20180722;   10;   5.8;   3.0;    3;   0.1;   6;    1.583;   0;   7.3;  17.5;  976.96;   18.3;   83.63;   23.0;   15.8;   15.0;eor
       1270;20180723;   10;   7.7;   2.5;    3;   0.0;   0;   11.150;   0;   2.9;  15.0;  979.13;   22.1;   60.33;   29.1;   14.4;   13.1;eor
       1270;20180724;   10;   8.3;   2.1;    3;   0.0;   0;   14.383;   0;   0.5;  13.8;  978.20;   23.9;   49.83;   30.9;   14.2;   12.1;eor
       1270;20180725;   10;   9.4;   2.4;    3;   0.0;   0;   12.433;   0;   1.3;  14.8;  978.02;   25.8;   46.46;   32.5;   16.2;   13.9;eor
       1270;20180726;   10;   9.3;   2.9;    3;   0.0;   0;   14.317;   0;   1.3;  13.3;  978.95;   26.1;   41.38;   32.2;   18.1;   16.5;eor
       1270;20180727;   10;  11.9;   2.9;    3;   4.7;   6;   10.017;   0;   3.1;  15.0;  976.86;   24.2;   51.00;   31.1;   16.6;   14.8;eor
       1270;20180728;   10;  16.3;   3.2;    3;   0.6;   6;    7.850;   0;   4.3;  16.7;  972.57;   23.3;   61.79;   31.2;   16.8;   14.5;eor
       1270;20180729;   10;   7.7;   2.8;    3;   0.0;   0;    6.633;   0;   6.0;  16.0;  978.04;   22.9;   61.00;   29.8;   15.4;   13.5;eor
       1270;20180730;   10;   9.2;   2.4;    3;   0.0;   0;   12.050;   0;   2.0;  14.0;  978.56;   26.8;   43.29;   33.3;   17.4;   15.1;eor
       1270;20180731;   10;  10.4;   2.3;    3;   1.0;   6;   10.933;   0;   2.8;  14.3;  978.55;   28.0;   40.38;   36.5;   17.9;   15.5;eor
       1270;20180801;   10;   7.7;   2.8;    3;  41.3;   6;    7.833;   0;   5.0;  17.0;  982.46;   24.4;   56.67;   31.1;   19.4;   17.6;eor
       1270;20180802;   10;  22.3;   2.8;    3;   1.0;   6;    8.383;   0;   4.7;  19.3;  984.90;   22.8;   70.71;   27.1;   16.3;   16.5;eor
       1270;20180803;   10;   7.5;   2.0;    3;   0.0;   0;   13.267;   0;   0.8;  19.2;  983.72;   25.3;   61.71;   31.5;   18.2;   16.1;eor
       1270;20180804;   10;   7.3;   2.1;    3;   0.0;   0;    9.333;   0;   3.0;  18.0;  980.30;   26.0;   55.96;   32.1;   18.4;   16.4;eor
       1270;20180805;   10;   7.8;   2.8;    3;   0.0;   0;    6.200;   0;   3.5;  14.9;  982.74;   21.7;   58.17;   26.3;   16.0;   12.2;eor
       1270;20180806;   10;   6.9;   2.2;    3;   0.0;   0;   13.767;   0;   1.0;  11.7;  980.54;   22.1;   48.00;   29.5;   11.8;    9.3;eor
       1270;20180807;   10;  12.1;   3.6;    3;   0.0;   0;    9.000;   0;   3.3;  14.4;  974.82;   26.8;   42.75;   34.7;   16.0;   13.9;eor
       1270;20180808;   10;  13.4;   5.1;    3;   0.0;   0;    9.933;   0;   4.4;  15.7;  974.91;   26.1;   46.96;   32.6;   19.5;   17.3;eor
       1270;20180809;   10;  23.2;   4.5;    3;   0.0;   0;    9.117;   0;   4.0;  16.1;  976.05;   24.4;   55.21;   33.9;   18.1;   15.8;eor
       1270;20180810;   10;  12.9;   6.0;    3;   0.0;   0;    8.817;   0;   3.8;  10.8;  983.43;   19.2;   49.46;   23.6;   14.8;   12.4;eor
       1270;20180811;   10;  14.4;   5.0;    3;   0.0;   0;    7.650;   0;   4.5;   9.1;  983.52;   17.8;   45.79;   23.0;   11.6;    7.4;eor
       1270;20180812;   10;   8.3;   3.0;    3;   0.0;   0;   12.233;   0;   4.7;   8.4;  978.98;   19.0;   41.79;   27.4;    8.0;    5.9;eor
       1270;20180813;   10;  15.0;   4.8;    3;   0.7;   6;    5.667;   0;   4.9;  13.2;  971.92;   19.1;   60.00;   27.1;   11.7;    9.4;eor
       1270;20180814;   10;  12.5;   5.6;    3;   0.1;   6;    4.817;   0;   3.9;  14.6;  975.71;   17.7;   72.96;   22.4;   13.5;   10.8;eor
       1270;20180815;   10;   9.0;   3.0;    3;   0.0;   6;    5.167;   0;   4.7;  13.1;  981.78;   18.3;   63.92;   23.8;   13.0;   10.6;eor
       1270;20180816;   10;   8.1;   2.3;    3;   0.0;   0;   13.083;   0;   1.1;  12.8;  979.30;   21.2;   54.46;   29.8;   10.9;    9.1;eor
       1270;20180817;   10;  10.2;   3.1;    3;   0.3;   6;    9.283;   0;   5.4;  15.0;  978.08;   22.2;   57.79;   30.1;   14.1;   12.5;eor
       1270;20180818;   10;   6.7;   2.0;    3;   0.0;   0;    5.217;   0;   4.6;  16.0;  983.45;   20.5;   67.29;   25.6;   16.3;   14.2;eor
       1270;20180819;   10;  11.3;   3.1;    3;   0.0;   0;   12.800;   0;   1.2;  11.8;  982.38;   21.8;   48.46;   30.9;   13.1;   10.5;eor
       1270;20180820;   10;   8.5;   3.5;    3;   0.0;   0;    1.850;   0;   4.9;  14.6;  981.35;   20.1;   61.96;   24.5;   13.3;   11.0;eor
       1270;20180821;   10;   6.2;   2.4;    3;   0.0;   0;    2.617;   0;   5.6;  15.8;  983.24;   20.0;   67.96;   24.0;   16.1;   11.7;eor
       1270;20180822;   10;   6.4;   2.0;    3;   0.0;   0;    9.233;   0;   2.9;  14.1;  980.35;   21.7;   57.13;   29.6;   13.3;   10.6;eor
       1270;20180823;   10;  16.4;   4.3;    3;   1.5;   6;    8.050;   0;   3.4;  16.1;  974.78;   22.4;   60.79;   32.2;   15.1;   12.7;eor
       1270;20180824;   10;  13.7;   4.5;    3;   1.2;   6;    2.317;   0;   7.2;  15.1;  973.23;   17.5;   75.88;   22.5;   13.5;   12.5;eor
       1270;20180825;   10;  14.8;   5.3;    3;   0.0;   6;    4.250;   0;   5.6;  10.7;  973.73;   13.6;   69.21;   16.9;    7.2;    3.9;eor
       1270;20180826;   10;  10.5;   4.2;    3;   0.0;   0;    9.850;   0;   3.4;   8.2;  978.48;   12.8;   58.75;   19.7;    5.7;    3.7;eor
       1270;20180827;   10;  15.8;   6.9;    3;   0.0;   6;    2.967;   0;   5.6;  11.0;  976.17;   16.2;   58.71;   21.4;   11.0;    9.5;eor
       1270;20180828;   10;   6.9;   2.2;    3;   0.0;   0;    8.733;   0;   4.1;  11.6;  981.61;   17.9;   57.88;   22.7;   14.3;    9.7;eor
       1270;20180829;   10;   9.9;   2.6;    3;   0.5;   6;   11.750;   0;   3.4;  11.8;  976.68;   20.6;   51.63;   29.0;   11.6;    7.3;eor
       1270;20180830;   10;  11.8;   5.3;    3;   0.0;   6;    1.700;   0;   5.6;  14.2;  979.39;   16.5;   75.50;   20.1;   11.0;    8.5;eor
       1270;20180831;   10;   6.2;   2.6;    3;   0.0;   0;    3.567;   0;   5.4;   9.9;  983.75;   14.1;   64.21;   19.0;    8.8;    5.8;eor
       1270;20180901;   10;   9.8;   2.8;    3;   0.0;   6;    9.633;   0;   3.5;   9.2;  986.62;   14.2;   59.04;   20.5;    5.4;    3.3;eor
       1270;20180902;   10;   9.1;   3.1;    3;  10.9;   6;    0.000;   0;   7.9;  13.9;  985.64;   13.7;   87.71;   14.5;   12.5;   11.3;eor
       1270;20180903;   10;   5.9;   1.7;    3;   5.0;   6;    0.000;   0;   7.6;  17.4;  979.74;   15.7;   96.92;   17.7;   13.5;   12.5;eor
       1270;20180904;   10;   6.3;   2.1;    3;   0.0;   0;    9.717;   0;   5.1;  15.6;  978.75;   19.1;   73.42;   25.2;   13.4;   11.7;eor
       1270;20180905;   10;   7.6;   1.9;    3;   0.0;   0;   11.383;   0;   2.2;  13.9;  979.75;   18.8;   66.29;   24.6;   12.7;   10.4;eor
       1270;20180906;   10;  14.5;   2.0;    3;   5.3;   6;    5.617;   0;   5.8;  14.8;  974.70;   18.7;   70.50;   26.2;   13.8;   10.8;eor
       1270;20180907;   10;  13.4;   4.1;    3;   0.1;   6;    4.083;   0;   5.8;  14.7;  975.92;   16.2;   81.04;   22.6;   10.9;    8.1;eor
       1270;20180908;   10;   9.1;   2.9;    3;   0.0;   6;   11.033;   0;   3.2;   9.9;  982.48;   14.3;   63.79;   20.6;    7.4;    4.4;eor
       1270;20180909;   10;   7.5;   3.3;    3;   0.0;   0;    3.983;   0;   5.1;  11.0;  983.77;   16.8;   58.83;   23.1;   10.6;    7.8;eor
       1270;20180910;   10;  12.0;   4.2;    3;   0.0;   0;    5.100;   0;   5.4;  11.7;  983.92;   18.4;   58.08;   26.1;    9.1;    7.1;eor
       1270;20180911;   10;  12.2;   5.4;    3;   0.0;   0;   11.217;   0;   5.6;  12.2;  984.36;   19.6;   55.83;   26.3;   12.7;    9.5;eor
       1270;20180912;   10;  13.5;   5.0;    3;   0.0;   6;   11.650;   0;   1.3;  12.5;  982.46;   20.8;   54.00;   28.8;   12.7;    9.7;eor
       1270;20180913;   10;   6.6;   2.4;    3;   0.2;   6;    0.000;   0;   8.0;  13.9;  982.31;   14.1;   86.46;   15.2;   12.7;   12.4;eor
       1270;20180914;   10;   4.4;   1.9;    3;   0.2;   6;    2.967;   0;   5.9;  14.2;  982.29;   14.1;   89.13;   18.6;   10.9;    9.5;eor
       1270;20180915;   10;   9.5;   3.6;    3;   0.0;   0;    7.533;   0;   4.8;  10.1;  985.20;   14.3;   64.33;   20.6;    8.8;    5.7;eor
       1270;20180916;   10;   6.4;   2.2;    3;   0.0;   0;   10.833;   0;   5.4;   9.7;  985.38;   15.2;   59.75;   23.1;    7.0;    4.4;eor
       1270;20180917;   10;   5.4;   2.7;    3;   0.0;   0;    9.883;   0;   4.0;  10.3;  982.11;   17.4;   53.83;   25.8;    7.2;    5.2;eor
       1270;20180918;   10;  11.9;   4.6;    3;   0.0;   0;   11.183;   0;   0.9;  11.9;  978.35;   20.8;   50.46;   29.4;   10.6;    8.2;eor
       1270;20180919;   10;  12.0;   4.6;    3;   0.0;   0;    9.933;   0;   3.3;  13.6;  980.83;   22.0;   53.04;   28.5;   14.4;   11.7;eor
       1270;20180920;   10;  12.8;   4.6;    3;   0.0;   0;    9.300;   0;   5.6;  13.6;  979.67;   21.7;   54.46;   28.5;   16.0;   12.4;eor
       1270;20180921;   10;  22.0;   7.9;    3;   2.4;   6;    2.767;   0;   5.8;  12.6;  973.00;   18.3;   61.63;   26.7;   10.6;    9.0;eor
       1270;20180922;   10;  14.4;   7.2;    3;   0.9;   6;    2.917;   0;   5.3;   9.0;  981.00;   12.2;   64.71;   16.1;    9.7;    8.2;eor
       1270;20180923;   10;  14.8;   4.4;    3;  47.3;   6;    0.000;   0;   7.7;  11.3;  974.03;    9.8;   92.83;   12.3;    6.6;    5.5;eor
       1270;20180924;   10;  14.7;   6.4;    3;   0.4;   6;    5.000;   0;   5.1;   8.4;  990.02;    8.6;   76.38;   12.9;    4.8;    3.2;eor
       1270;20180925;   10;   7.3;   3.1;    3;   0.0;   0;    8.500;   0;   2.6;   7.5;  998.82;    7.6;   74.00;   13.2;    2.5;    0.6;eor
       1270;20180926;   10;   8.8;   4.3;    3;   0.0;   0;   10.067;   0;   4.7;   6.4;  995.20;   10.0;   54.50;   15.9;    2.0;    0.0;eor
       1270;20180927;   10;   7.8;   3.7;    3;   0.0;   0;    9.417;   0;   1.3;   7.2;  988.99;   14.2;   46.54;   23.5;    7.4;    4.5;eor
       1270;20180928;   10;   7.3;   3.6;    3;   0.1;   6;    2.633;   0;   4.2;   8.6;  985.41;   10.1;   69.29;   14.6;    5.2;    3.1;eor
       1270;20180929;   10;   5.8;   2.3;    3;   0.0;   0;   10.383;   0;   1.1;   7.1;  989.27;    7.3;   70.75;   13.1;    0.7;   -1.9;eor
       1270;20180930;   10;   5.4;   2.5;    3;   0.0;   0;   10.617;   0;   0.3;   7.1;  979.21;    9.4;   62.96;   16.7;    2.3;   -0.9;eor
       1270;20181001;   10;  14.4;   4.9;    3;   0.4;   6;    2.067;   0;   5.2;   7.8;  976.90;    6.9;   78.38;   13.7;    2.5;   -0.3;eor
       1270;20181002;   10;  16.8;   7.8;    3;   0.2;   6;    0.233;   0;   6.3;   8.3;  979.51;    6.8;   84.00;   10.4;    2.4;    0.4;eor
       1270;20181003;   10;  14.9;   6.2;    3;   0.0;   6;    3.600;   0;   5.7;   8.2;  983.90;   10.3;   66.00;   14.1;    5.4;    1.8;eor
       1270;20181004;   10;   5.9;   3.1;    3;   0.0;   0;    0.717;   0;   4.1;   9.1;  988.41;    9.3;   77.58;   15.1;    2.4;   -0.3;eor
       1270;20181005;   10;   7.4;   3.1;    3;   0.0;   0;   10.250;   0;   0.7;   9.8;  982.57;   12.8;   68.08;   19.9;    4.5;    2.7;eor
       1270;20181006;   10;  10.4;   4.1;    3;   0.0;   0;    6.900;   0;   4.7;  11.7;  973.87;   16.3;   64.04;   24.1;    8.9;    5.5;eor
       1270;20181007;   10;   7.7;   3.2;    3;   0.0;   6;    0.650;   0;   5.1;  11.3;  978.90;   11.2;   84.17;   15.1;    6.8;    3.3;eor
       1270;20181008;   10;   4.2;   1.8;    3;   0.0;   0;    5.217;   0;   5.9;  10.3;  983.84;    9.8;   84.92;   15.0;    5.7;    3.7;eor
       1270;20181009;   10;   4.2;   2.2;    3;   0.0;   0;    6.850;   0;   4.7;  12.4;  984.66;   12.5;   86.08;   19.6;    5.4;    4.1;eor
       1270;20181010;   10;   7.3;   2.5;    3;   0.0;   0;    9.833;   0;   0.8;  12.3;  982.30;   13.4;   81.04;   21.2;    7.1;    3.0;eor
       1270;20181011;   10;   7.7;   3.2;    3;   0.0;   6;    9.867;   0;   0.3;  10.3;  978.32;   16.4;   58.71;   24.6;    9.6;    5.1;eor
       1270;20181012;   10;   7.0;   3.1;    3;   0.0;   0;    9.767;   0;   2.0;  12.0;  984.11;   18.2;   57.67;   24.3;   12.1;    9.1;eor
       1270;20181013;   10;   7.7;   3.2;    3;   0.0;   0;    9.767;   0;   0.0;  11.8;  984.02;   17.7;   59.17;   25.3;   12.9;    8.6;eor
       1270;20181014;   10;   7.6;   3.8;    3;   0.0;   0;    9.683;   0;   0.0;  10.8;  976.73;   16.1;   59.88;   23.1;    9.2;    5.9;eor
       1270;20181015;   10;   5.5;   2.6;    3;   0.0;   0;    9.600;   0;   0.3;  10.1;  977.04;   15.0;   60.46;   22.0;    8.2;    5.1;eor
       1270;20181016;   10;   6.4;   3.4;    3;   0.0;   0;    1.567;   0;   4.6;  11.1;  980.53;   13.1;   74.13;   20.9;    7.0;    5.2;eor
       1270;20181017;   10;   4.4;   2.4;    3;   0.0;   0;    6.333;   0;   2.2;  12.4;  981.40;   13.4;   81.79;   20.4;    7.7;    5.6;eor
       1270;20181018;   10;   7.8;   2.6;    3;   0.0;   6;    0.950;   0;   5.2;  12.0;  983.62;   11.5;   88.38;   16.1;    5.9;    4.4;eor
       1270;20181019;   10;   5.4;   2.4;    3;   0.0;   0;    0.433;   0;   7.4;  10.2;  986.47;   10.8;   78.75;   12.9;    7.6;    4.2;eor
       1270;20181020;   10;   6.3;   2.4;    3;   0.0;   0;    7.667;   0;   3.6;   8.3;  990.05;    8.5;   75.83;   13.9;    3.1;   -0.5;eor
       1270;20181021;   10;   6.2;   2.6;    3;   0.0;   0;    4.200;   0;   5.0;   8.4;  990.11;    7.8;   79.67;   13.4;    3.0;    0.8;eor
       1270;20181022;   10;  11.3;   3.9;    3;   0.6;   6;    0.183;   0;   5.2;   8.7;  990.16;    6.2;   90.75;   11.5;    1.7;    0.2;eor
       1270;20181023;   10;  19.1;   8.7;    3;   3.3;   6;    0.000;   0;   6.5;   8.8;  982.43;    7.1;   86.21;   10.4;    2.0;    0.0;eor
       1270;20181024;   10;  14.8;   6.9;    3;   5.0;   6;    0.767;   0;   7.6;  11.6;  979.71;   10.6;   91.21;   12.1;    9.4;    8.8;eor
       1270;20181025;   10;  13.4;   6.8;    3;   0.0;   6;    0.083;   0;   7.1;  10.7;  978.02;   10.9;   82.38;   12.7;    9.5;    8.1;eor
       1270;20181026;   10;  14.0;   5.9;    3;   0.1;   6;    0.733;   0;   7.4;   8.8;  970.12;    9.4;   74.50;   11.3;    7.9;    6.9;eor
       1270;20181027;   10;  13.9;   4.4;    3;   0.0;   0;    0.167;   0;   7.7;   7.3;  969.48;    5.9;   78.75;    8.3;    4.1;    2.9;eor
       1270;20181028;   10;  12.4;   5.0;    3;   1.6;   6;    0.000;   0;   8.0;   7.1;  973.58;    3.0;   93.83;    4.1;    1.7;    1.7;eor
       1270;20181029;   10;  10.4;   4.8;    3;   0.2;   6;    0.000;   0;   8.0;   7.4;  965.11;    2.8;   98.92;    3.6;    2.3;    2.3;eor
       1270;20181030;   10;  19.6;   7.6;    3;   0.0;   6;    2.200;   0;   6.3;   7.9;  957.43;    6.2;   83.88;   10.7;    3.6;    3.3;eor
       1270;20181031;   10;  12.1;   4.2;    3;   0.0;   0;    5.517;   0;   4.0;   7.3;  977.51;    7.6;   70.29;   12.5;    2.7;   -1.2;eor
       1270;20181101;   10;   8.9;   2.3;    3;   0.0;   6;    2.633;   0;   4.3;   7.9;  974.78;    5.6;   86.25;    9.3;    1.4;   -1.6;eor
       1270;20181102;   10;  12.9;   4.0;    3;   0.0;   0;    4.750;   0;   5.1;   8.7;  983.52;    8.9;   76.46;   12.7;    6.1;    1.9;eor
       1270;20181103;   10;   5.8;   1.8;    3;   0.0;   6;    0.267;   0;   7.5;   8.4;  989.34;    6.8;   85.42;    8.8;    5.2;    4.2;eor
       1270;20181104;   10;   3.3;   1.8;    3;   0.0;   6;    0.000;   0;   8.0;  10.2;  980.32;    7.4;   98.29;    9.1;    6.0;    6.0;eor
       1270;20181105;   10;   4.4;   1.6;    3;   0.0;   0;    1.050;   0;   5.2;  10.6;  972.75;    8.2;   97.42;   10.9;    3.0;    0.9;eor
       1270;20181106;   10;   6.3;   2.4;    3;   0.0;   0;    6.717;   0;   4.3;   9.9;  971.66;    7.9;   92.04;   11.1;    1.7;    0.0;eor
       1270;20181107;   10;   6.6;   2.7;    3;   0.0;   6;    7.950;   0;   2.8;   9.8;  974.05;    9.3;   84.38;   15.1;    4.3;    1.9;eor
       1270;20181108;   10;   5.6;   2.6;    3;   0.2;   6;    0.733;   0;   7.1;  10.7;  982.17;    9.8;   87.92;   13.1;    5.8;    3.9;eor
       1270;20181109;   10;   7.9;   2.4;    3;   0.0;   0;    1.050;   0;   5.5;  10.5;  978.08;    8.0;   97.08;   10.0;    5.4;    3.2;eor
       1270;20181110;   10;   9.1;   4.9;    3;   0.0;   6;    4.500;   0;   6.2;   9.4;  971.80;    9.8;   78.21;   14.5;    5.9;    2.9;eor
       1270;20181111;   10;  14.9;   6.6;    3;   0.0;   6;    4.933;   0;   5.8;  10.2;  973.63;   10.9;   78.17;   13.6;    7.5;    6.3;eor
       1270;20181112;   10;  13.4;   6.3;    3;   0.9;   6;    5.117;   0;   5.2;  10.6;  978.68;   14.2;   66.21;   19.6;    9.8;    7.4;eor
       1270;20181113;   10;  14.1;   5.6;    3;   1.4;   6;    2.933;   0;   4.8;  10.5;  985.44;   10.2;   83.67;   13.2;    5.2;    1.5;eor
       1270;20181114;   10;   6.3;   3.3;    3;   0.0;   0;    7.217;   0;   3.3;   8.1;  991.13;    6.1;   86.92;   11.2;    1.1;   -1.0;eor
       1270;20181115;   10;   4.0;   1.6;    3;   0.0;   6;    3.217;   0;   6.3;   6.8;  989.62;    1.6;   99.13;    3.6;   -1.8;   -2.3;eor
       1270;20181116;   10;   6.4;   2.1;    3;   0.0;   6;    4.383;   0;   3.5;   6.7;  992.38;    1.7;   96.29;    4.7;   -1.0;   -1.6;eor
       1270;20181117;   10;   7.4;   2.5;    3;   0.0;   0;    0.000;   0;   4.0;   5.6;  994.43;   -0.8;   96.71;    1.0;   -3.0;   -4.6;eor
       1270;20181118;   10;   5.5;   2.2;    3;   2.8;   8;    2.900;   0;   5.2;   4.7;  989.81;   -2.3;   91.46;   -0.2;   -4.7;   -7.3;eor
       1270;20181119;   10;  13.5;   5.0;    3;   0.4;   8;    0.000;   0;   7.7;   6.1;  979.63;    1.1;   92.63;    2.7;   -0.9;   -1.1;eor
       1270;20181120;   10;  12.6;   5.2;    3;   1.7;   7;    0.000;   0;   7.8;   5.5;  974.24;   -0.2;   90.67;    0.0;   -0.7;   -1.2;eor
       1270;20181121;   10;   7.7;   3.6;    3;   0.5;   8;    0.000;   1;   8.0;   5.9;  979.09;   -0.1;   97.21;    0.6;   -0.5;   -0.6;eor
       1270;20181122;   10;   4.6;   1.9;    3;   0.3;   6;    0.000;   1;   8.0;   6.5;  982.47;    0.7;   99.92;    1.8;   -0.3;   -0.2;eor
       1270;20181123;   10;   4.0;   1.7;    3;   0.2;   6;    3.333;   0;   5.8;   6.3;  980.90;    0.4;   99.00;    1.5;   -3.5;   -4.8;eor
       1270;20181124;   10;   6.8;   2.2;    3;   0.2;   6;    0.000;   0;   7.1;   7.0;  974.42;    2.5;   95.88;    5.2;    0.2;    0.3;eor
       1270;20181125;   10;   7.5;   3.1;    3;   0.1;   6;    0.883;   0;   7.2;   8.2;  972.41;    4.8;   95.04;    6.6;    3.7;    1.4;eor
       1270;20181126;   10;   8.9;   4.2;    3;   0.3;   6;    0.000;   0;   8.0;   7.2;  973.06;    2.2;   99.96;    3.9;    0.6;    0.6;eor
       1270;20181127;   10;   7.1;   2.7;    3;   0.0;   0;    0.000;   0;   8.0;   5.0;  981.45;   -0.8;   86.29;    0.6;   -2.2;   -2.2;eor
       1270;20181128;   10;   9.4;   3.3;    3;   0.0;   0;    4.917;   0;   6.7;   4.8;  985.82;    0.0;   78.83;    3.6;   -2.7;   -3.3;eor
       1270;20181129;   10;  11.4;   5.4;    3;   0.0;   6;    3.583;   0;   7.3;   4.7;  980.32;    4.4;   57.67;    8.2;    0.2;   -0.4;eor
       1270;20181130;   10;  11.9;   5.0;    3;   1.1;   6;    0.000;   0;   7.6;   6.2;  975.73;    3.3;   80.17;    4.9;    1.8;   -0.4;eor
       1270;20181201;   10;  11.4;   5.2;    3;   0.0;   6;    2.350;   0;   7.3;   7.7;  976.14;    5.2;   86.96;    7.9;    2.8;    2.5;eor
       1270;20181202;   10;  14.2;   7.5;    3;   5.5;   6;    0.000;   0;   7.4;   9.7;  965.52;    8.5;   85.71;   11.7;    5.9;    5.3;eor
       1270;20181203;   10;  13.3;   5.9;    3;   6.0;   6;    2.200;   0;   6.8;  11.2;  964.13;   10.4;   88.50;   12.3;    8.6;    7.5;eor
       1270;20181204;   10;  13.0;   5.3;    3;   0.2;   8;    3.750;   0;   4.3;   7.5;  978.39;    5.1;   83.96;   10.0;   -1.7;   -3.9;eor
       1270;20181205;   10;   9.3;   4.2;    3;   0.0;   6;    5.250;   0;   5.0;   5.5;  986.38;    1.8;   80.13;    5.7;   -2.2;   -4.3;eor
       1270;20181206;   10;  11.8;   6.3;    3;   0.0;   6;    0.167;   0;   7.5;   8.4;  978.56;    6.7;   83.83;   10.2;    3.6;    2.5;eor
       1270;20181207;   10;  23.6;   8.8;    3;   2.7;   6;    0.000;   0;   7.7;  10.4;  969.43;   10.1;   83.50;   11.4;    4.5;    3.2;eor
       1270;20181208;   10;  18.9;  10.3;    3;   2.0;   6;    0.667;   0;   5.7;   7.4;  965.25;    5.7;   81.08;    8.0;    3.3;    2.0;eor
       1270;20181209;   10;  21.0;  10.3;    3;   2.8;   6;    0.733;   0;   6.7;   7.8;  960.27;    5.9;   84.25;    8.6;    2.9;    2.1;eor
       1270;20181210;   10;  16.4;   7.7;    3;   0.3;   8;    0.867;   0;   5.7;   6.3;  976.20;    2.5;   86.63;    3.9;    0.7;   -0.4;eor
       1270;20181211;   10;  13.5;   6.9;    3;   0.0;   8;    2.483;   0;   6.9;   6.3;  979.71;    2.9;   83.25;    4.1;    2.0;    0.8;eor
       1270;20181212;   10;   8.1;   3.4;    3;   0.5;   8;    0.017;   0;   7.8;   6.2;  984.36;    1.3;   92.88;    2.5;    0.0;   -0.4;eor
       1270;20181213;   10;   7.9;   3.1;    3;   0.0;   7;    0.017;   0;   7.0;   5.0;  982.84;   -1.2;   88.88;    0.0;   -1.9;   -3.6;eor
       1270;20181214;   10;   8.5;   3.3;    3;   0.0;   0;    0.000;   0;   7.0;   4.3;  983.95;   -1.2;   77.71;   -0.6;   -3.0;   -4.7;eor
       1270;20181215;   10;   6.1;   2.8;    3;   0.0;   7;    0.000;   0;   8.0;   4.3;  986.15;   -1.7;   79.58;   -1.0;   -2.7;   -3.1;eor
       1270;20181216;   10;   6.5;   2.5;    3;   0.2;   7;    0.000;   0;   7.0;   4.3;  975.60;   -2.1;   81.92;    0.0;   -4.5;   -6.8;eor
       1270;20181217;   10;   8.7;   3.9;    3;   0.0;   6;    2.450;   0;   7.2;   6.2;  981.30;    2.0;   87.29;    5.5;   -1.0;   -2.6;eor
       1270;20181218;   10;   8.6;   4.2;    3;   0.0;   0;    6.067;   0;   6.4;   6.4;  985.22;    2.9;   85.00;    6.5;   -0.2;   -3.7;eor
       1270;20181219;   10;   8.9;   4.8;    3;   0.0;   6;    0.000;   0;   7.3;   5.9;  977.20;    2.6;   80.50;    4.3;    0.1;   -3.9;eor
       1270;20181220;   10;  10.0;   4.9;    3;   0.1;   6;    0.583;   0;   6.9;   7.3;  976.04;    4.2;   88.46;    6.1;    1.2;   -0.5;eor
       1270;20181221;   10;  21.0;   9.6;    3;   1.1;   6;    0.017;   0;   6.8;   8.6;  968.60;    7.6;   81.96;   11.3;    5.0;    3.8;eor
       1270;20181222;   10;  20.3;   8.7;    3;   1.0;   6;    0.033;   0;   6.9;   8.5;  972.38;    8.0;   79.54;   10.0;    5.6;    4.7;eor
       1270;20181223;   10;  10.4;   4.8;    3;  12.6;   6;    0.000;   0;   7.4;   8.2;  978.81;    5.7;   89.29;    7.8;    2.8;    2.6;eor
       1270;20181224;   10;  11.0;   5.3;    3;   0.6;   6;    0.000;   0;   6.8;   6.3;  985.82;    1.9;   89.08;    3.8;   -0.4;   -1.5;eor
       1270;20181225;   10;   9.3;   4.9;    3;   0.0;   6;    0.000;   0;   7.2;   6.0;  993.30;    1.9;   85.17;    3.1;   -0.6;   -1.6;eor
       1270;20181226;   10;  10.8;   5.8;    3;   0.0;   6;    0.000;   0;   8.0;   6.2;  991.33;    2.0;   87.50;    2.8;    1.1;    0.3;eor
       1270;20181227;   10;   7.2;   3.9;    3;   0.0;   0;    5.700;   0;   6.3;   6.9;  987.42;    3.2;   90.13;    6.6;    0.6;   -0.6;eor
       1270;20181228;   10;   8.1;   4.2;    3;   0.0;   6;    0.433;   0;   5.6;   6.1;  988.42;    1.5;   89.92;    3.5;   -1.5;   -3.5;eor
       1270;20181229;   10;  15.4;   6.6;    3;   2.6;   6;    0.117;   0;   7.8;   6.8;  988.80;    2.6;   92.08;    4.8;    0.6;    0.5;eor
       1270;20181230;   10;  18.8;   7.1;    3;   0.0;   6;    0.133;   0;   7.6;   7.6;  988.50;    5.3;   85.25;    6.6;    4.3;    3.7;eor
       1270;20181231;   10;   8.2;   4.0;    3;   0.2;   6;    0.000;   0;   8.0;   9.1;  992.08;    5.8;   98.21;    7.3;    4.4;    3.7;eor
       1270;20190101;   10;  19.4;   8.1;    3;   3.7;   8;    0.000;   0;   7.3;   7.7;  984.76;    5.3;   86.38;    6.9;   -0.1;   -0.2;eor
       1270;20190102;   10;  15.3;   7.6;    3;   0.0;   7;    2.200;   0;   5.3;   4.8;  988.91;    1.1;   72.58;    2.8;   -1.5;   -2.5;eor
       1270;20190103;   10;   8.7;   4.9;    3;   0.0;   0;    6.550;   0;   3.9;   4.5;  995.23;   -1.4;   81.08;    1.2;   -5.0;   -6.4;eor
       1270;20190104;   10;  11.6;   5.6;    3;   0.7;   8;    0.000;   0;   8.0;   5.8;  992.13;    0.5;   90.38;    2.5;   -0.9;   -1.6;eor
       1270;20190105;   10;  14.9;   7.8;    3;   2.2;   6;    0.000;   0;   7.8;   8.4;  984.22;    5.0;   95.13;    6.8;    2.5;    2.0;eor
       1270;20190106;   10;  10.1;   3.6;    3;   0.8;   6;    0.000;   0;   8.0;   7.9;  988.84;    4.2;   96.17;    5.5;    2.6;    2.5;eor
       1270;20190107;   10;  14.4;   6.6;    3;   0.4;   6;    0.067;   0;   7.7;   7.3;  988.48;    4.0;   89.63;    4.8;    3.3;    2.5;eor
       1270;20190108;   10;  19.0;  10.0;    3;   0.5;   8;    0.067;   0;   7.4;   7.0;  969.83;    3.7;   87.67;    5.0;    0.9;    0.6;eor
       1270;20190109;   10;  16.6;   8.5;    3;   2.1;   7;    0.000;   0;   8.0;   5.5;  971.94;    0.2;   88.96;    1.7;   -0.6;   -0.8;eor
       1270;20190110;   10;   9.0;   4.0;    3;   0.3;   8;    0.000;   3;   7.7;   4.7;  983.58;   -1.4;   84.67;   -0.1;   -3.6;   -5.0;eor
       1270;20190111;   10;  11.2;   5.9;    3;   4.1;   8;    0.000;   4;   7.8;   5.7;  981.35;   -0.2;   94.21;    2.9;   -2.5;   -2.9;eor
       1270;20190112;   10;  13.9;   6.9;    3;   1.6;   6;    0.000;   1;   7.8;   7.0;  975.97;    3.3;   90.67;    4.4;    2.1;    1.3;eor
       1270;20190113;   10;  21.4;   8.8;    3;   3.2;   6;    0.000;   0;   7.3;   7.9;  963.37;    5.1;   89.46;    7.4;    3.1;    2.0;eor
       1270;20190114;   10;  17.0;   8.0;    3;   0.2;   8;    0.050;   0;   6.0;   5.5;  968.72;    2.0;   77.08;    5.2;   -0.4;   -1.6;eor
       1270;20190115;   10;  17.4;   9.4;    3;   0.0;   6;    0.000;   0;   7.3;   5.9;  976.44;    2.8;   78.50;    4.7;    0.6;   -0.3;eor
       1270;20190116;   10;  15.0;   7.2;    3;   0.0;   6;    0.167;   0;   7.2;   6.3;  971.01;    3.7;   79.00;    5.1;    0.9;   -1.9;eor
       1270;20190117;   10;  17.6;   8.2;    3;   1.5;   8;    1.167;   0;   6.5;   6.4;  964.35;    3.2;   83.00;    5.7;   -0.5;   -1.4;eor
       1270;20190118;   10;  11.6;   4.3;    3;   0.0;   0;    7.317;   0;   2.5;   4.2;  978.43;   -1.8;   77.67;    0.7;   -5.5;   -9.0;eor
       1270;20190119;   10;   4.6;   2.1;    3;   0.0;   0;    7.067;   0;   5.2;   3.5;  979.36;   -4.4;   80.38;   -1.7;   -7.1;  -10.6;eor
       1270;20190120;   10;   4.2;   1.8;    3;   0.0;   0;    7.300;   0;   2.0;   3.2;  978.72;   -5.7;   80.79;   -2.7;   -9.7;  -12.7;eor
       1270;20190121;   10;   5.1;   2.0;    3;   0.0;   0;    4.367;   0;   1.5;   3.4;  982.01;   -6.2;   87.33;   -1.6;  -10.4;  -13.1;eor
       1270;20190122;   10;   6.2;   2.8;    3;   0.0;   0;    7.383;   0;   1.8;   2.9;  971.53;   -7.0;   80.50;   -1.5;  -10.9;  -13.6;eor
       1270;20190123;   10;   6.6;   2.1;    3;   0.0;   7;    2.167;   0;   5.5;   3.0;  963.20;   -7.9;   88.17;   -4.9;  -10.6;  -14.0;eor
       1270;20190124;   10;   4.8;   1.8;    3;   0.5;   7;    0.000;   0;   8.0;   3.6;  970.85;   -5.8;   91.04;   -4.4;   -8.0;   -7.7;eor
       1270;20190125;   10;  10.8;   3.8;    3;   2.1;   7;    0.883;   2;   7.8;   3.8;  974.67;   -4.4;   85.50;   -1.1;   -5.9;   -8.1;eor
       1270;20190126;   10;  15.9;   8.1;    3;   1.3;   8;    0.000;   4;   7.6;   6.5;  966.00;    2.2;   89.33;    4.4;   -1.1;   -1.1;eor
       1270;20190127;   10;  12.5;   6.9;    3;   0.0;   8;    0.833;   0;   7.1;   6.8;  952.26;    4.1;   83.04;    6.7;    1.2;    0.5;eor
       1270;20190128;   10;  14.2;   7.4;    3;   0.1;   8;    0.583;   0;   6.9;   5.8;  954.39;    1.5;   85.67;    3.1;   -0.2;   -0.4;eor
       1270;20190129;   10;  13.1;   4.9;    3;   0.0;   7;    0.750;   0;   6.3;   5.1;  965.62;    0.0;   83.25;    2.0;   -2.4;   -4.9;eor
       1270;20190130;   10;  11.3;   4.3;    3;   0.0;   0;    0.000;   0;   5.8;   4.4;  958.09;   -0.9;   76.88;    1.8;   -4.3;   -7.1;eor
       1270;20190131;   10;   8.5;   3.7;    3;   0.0;   7;    7.367;   0;   3.2;   4.2;  959.82;   -0.3;   71.25;    3.6;   -3.7;   -7.1;eor
       1270;20190201;   10;   7.8;   2.6;    3;   1.8;   7;    0.033;   0;   7.3;   5.3;  954.76;    0.4;   84.00;    4.4;   -3.9;   -6.9;eor
       1270;20190202;   10;   3.5;   1.4;    3;   0.2;   8;    0.000;   2;   8.0;   6.0;  959.02;   -0.1;   99.42;    0.6;   -0.8;   -0.8;eor
       1270;20190203;   10;  10.1;   4.6;    3;   0.0;   7;    0.000;   0;   7.7;   5.3;  976.13;    0.0;   87.46;    0.9;   -2.5;   -5.1;eor
       1270;20190204;   10;   9.3;   4.3;    3;   0.0;   0;    7.017;   0;   4.0;   4.6;  988.25;   -0.3;   78.75;    4.3;   -4.4;   -6.6;eor
       1270;20190205;   10;  11.3;   5.1;    3;   0.0;   7;    0.467;   0;   5.5;   4.9;  988.04;    0.4;   77.88;    3.0;   -2.1;   -4.6;eor
       1270;20190206;   10;   6.4;   3.6;    3;   0.0;   0;    6.467;   0;   3.9;   5.0;  985.73;    0.9;   76.75;    7.6;   -3.0;   -5.4;eor
       1270;20190207;   10;  14.2;   5.5;    3;   0.0;   6;    0.017;   0;   5.5;   5.0;  975.13;    1.5;   73.17;    4.8;   -2.2;   -5.1;eor
       1270;20190208;   10;  15.7;   7.5;    3;   0.0;   6;    3.200;   0;   5.9;   6.5;  975.34;    4.4;   77.58;    7.1;    1.8;    0.4;eor
       1270;20190209;   10;  19.4;  10.8;    3;   0.0;   6;    4.417;   0;   5.9;   6.6;  968.75;    6.6;   67.83;    9.5;    4.2;    3.1;eor
       1270;20190210;   10;  21.2;   9.7;    3;   1.8;   6;    0.000;   0;   6.5;   7.5;  960.56;    6.1;   79.96;    8.3;    3.6;    1.7;eor
       1270;20190211;   10;  16.0;   7.8;    3;   0.2;   8;    2.633;   0;   6.0;   6.2;  973.96;    2.7;   83.42;    4.9;    0.9;   -1.0;eor
       1270;20190212;   10;  12.7;   5.3;    3;   0.2;   8;    0.450;   0;   7.3;   5.7;  991.40;    2.2;   80.38;    4.1;    0.8;   -0.5;eor
       1270;20190213;   10;  12.1;   5.3;    3;   0.0;   6;    0.200;   0;   6.7;   6.3;  995.78;    3.4;   80.71;    7.8;   -0.2;   -2.8;eor
       1270;20190214;   10;   7.9;   3.4;    3;   0.0;   0;    5.933;   0;   3.6;   5.6;  996.89;    2.7;   76.63;    9.9;   -2.4;   -4.2;eor
       1270;20190215;   10;   5.5;   3.1;    3;   0.0;   0;    8.883;   0;   0.2;   6.0;  994.57;    4.1;   74.21;   11.8;   -2.8;   -5.0;eor
       1270;20190216;   10;   7.8;   3.0;    3;   0.0;   0;    8.933;   0;   0.1;   5.4;  988.48;    7.5;   52.58;   15.7;    2.5;   -3.3;eor
       1270;20190217;   10;   8.3;   3.6;    3;   0.0;   0;    8.283;   0;   4.3;   6.1;  985.45;    6.5;   63.83;   13.9;   -1.0;   -3.6;eor
       1270;20190218;   10;   7.0;   3.4;    3;   0.0;   0;    9.067;   0;   0.6;   5.9;  981.06;    7.2;   58.67;   14.3;   -0.9;   -3.8;eor
       1270;20190219;   10;  12.1;   5.3;    3;   0.0;   6;    2.500;   0;   4.3;   6.5;  979.46;    5.2;   73.58;    9.3;    1.1;   -2.5;eor
       1270;20190220;   10;   9.5;   4.3;    3;   0.0;   0;    0.750;   0;   6.8;   6.4;  984.40;    4.5;   76.13;    8.7;   -0.4;   -3.2;eor
       1270;20190221;   10;  10.4;   4.8;    3;   0.0;   6;    1.267;   0;   7.0;   7.6;  987.37;    6.6;   78.29;   10.7;    2.7;    1.0;eor
       1270;20190222;   10;  10.6;   4.5;    3;   0.8;   6;    0.000;   0;   7.9;   8.1;  996.09;    4.8;   91.71;    8.0;   -1.9;   -3.6;eor
       1270;20190223;   10;   6.4;   2.3;    3;   0.0;   0;    7.317;   0;   5.2;   4.3; 1001.52;    0.6;   68.96;    5.8;   -3.8;   -6.3;eor
       1270;20190224;   10;   5.0;   2.3;    3;   0.0;   0;    9.400;   0;   1.9;   3.7;  999.55;    3.1;   53.71;   11.4;   -4.6;   -6.8;eor
       1270;20190225;   10;   5.5;   3.2;    3;   0.0;   0;    9.417;   0;   3.0;   5.2;  998.69;    5.6;   58.33;   15.3;   -2.9;   -4.4;eor
       1270;20190226;   10;   6.6;   3.9;    3;   0.0;   0;    9.550;   0;   3.5;   5.0;  994.95;    6.8;   55.92;   16.0;   -0.7;   -3.2;eor
       1270;20190227;   10;   6.9;   3.6;    3;   0.0;   0;    9.650;   0;   0.1;   4.6;  987.81;    7.3;   48.58;   17.2;   -2.5;   -3.9;eor
       1270;20190228;   10;  13.5;   5.5;    3;   3.0;   6;    7.200;   0;   3.9;   6.8;  976.22;    9.1;   57.71;   14.4;    3.4;    0.3;eor
       1270;20190301;   10;  11.7;   5.1;    3;   0.5;   6;    0.733;   0;   7.4;   9.0;  974.48;    7.0;   89.67;    9.6;    2.4;    2.4;eor
       1270;20190302;   10;  11.0;   3.8;    3;   0.0;   6;    0.000;   0;   7.9;   7.4;  976.88;    4.4;   87.83;    7.8;    2.2;    1.4;eor
       1270;20190303;   10;  18.7;   9.4;    3;   0.0;   6;    0.000;   0;   7.7;   8.6;  970.33;    9.2;   74.08;   10.4;    7.7;    6.7;eor
       1270;20190304;   10;  27.2;  11.4;    3;   1.7;   6;    3.667;   0;   5.2;   7.6;  958.60;    8.5;   68.92;   13.1;    3.5;    2.3;eor
       1270;20190305;   10;  18.6;   8.6;    3;   0.2;   6;    4.683;   0;   4.5;   6.5;  967.56;    4.4;   78.25;    7.2;    0.9;   -0.8;eor
       1270;20190306;   10;  13.4;   6.4;    3;   0.0;   6;    2.633;   0;   7.1;   7.4;  968.39;    7.0;   74.42;   11.7;    0.7;   -1.4;eor
       1270;20190307;   10;  21.4;   9.5;    3;   0.0;   6;    4.000;   0;   5.5;   7.4;  960.55;   10.2;   59.38;   13.8;    6.4;    5.2;eor
       1270;20190308;   10;  20.3;   9.6;    3;   0.5;   6;    4.067;   0;   5.6;   6.5;  971.25;    6.8;   65.67;    9.6;    3.6;    1.4;eor
       1270;20190309;   10;  27.0;  11.5;    3;   1.8;   6;    5.017;   0;   5.9;   7.4;  971.22;    7.2;   73.13;   11.7;    3.1;    2.3;eor
       1270;20190310;   10;  29.6;   8.7;    3;   5.5;   8;    0.983;   0;   6.8;   7.5;  967.38;    6.2;   79.04;   11.0;    1.3;    0.3;eor
       1270;20190311;   10;  16.5;   9.6;    3;   0.5;   8;    2.350;   0;   6.6;   5.9;  975.34;    2.4;   81.63;    4.4;    1.1;    0.0;eor
       1270;20190312;   10;  21.5;   7.7;    3;   0.1;   6;    5.267;   0;   7.0;   5.6;  977.25;    4.8;   66.96;    8.0;    0.6;   -0.7;eor
       1270;20190313;   10;  21.4;  10.7;    3;   0.0;   6;    2.783;   0;   6.2;   6.1;  966.38;    5.1;   69.92;    8.2;    2.2;    0.8;eor
       1270;20190314;   10;  18.4;  10.1;    3;   0.4;   6;    0.050;   0;   7.3;   6.9;  963.42;    4.9;   80.42;    6.4;    3.8;    2.6;eor
       1270;20190315;   10;  19.5;   8.7;    3;   6.9;   6;    1.017;   0;   7.6;   8.4;  965.06;    7.1;   82.17;   11.3;    4.7;    3.6;eor
       1270;20190316;   10;  19.1;   7.8;    3;   1.0;   6;    0.000;   0;   7.0;   8.3;  969.12;    7.5;   80.00;   11.4;    5.1;    4.3;eor
       1270;20190317;   10;  18.8;   7.8;    3;   0.8;   6;    1.767;   0;   6.0;   7.5;  965.29;    6.8;   75.54;   11.0;    1.7;   -0.6;eor
       1270;20190318;   10;  14.6;   6.5;    3;   0.9;   8;    4.967;   0;   4.0;   5.9;  976.81;    3.3;   76.42;    7.1;   -0.2;   -3.1;eor
       1270;20190319;   10;   8.6;   3.5;    3;   0.0;   6;    3.933;   0;   4.4;   5.3;  988.30;    2.7;   72.17;    6.7;   -1.6;   -4.6;eor
       1270;20190320;   10;   7.2;   3.2;    3;   0.0;   0;   10.950;   0;   2.3;   5.5;  994.52;    4.2;   67.75;   11.5;   -3.5;   -6.1;eor
       1270;20190321;   10;   4.6;   2.5;    3;   0.0;   0;   11.100;   0;   2.8;   7.0;  995.16;    7.8;   67.17;   15.4;   -0.9;   -2.4;eor
       1270;20190322;   10;   7.4;   2.6;    3;   0.0;   0;   10.917;   0;   3.3;   9.3;  991.92;   10.6;   73.71;   17.8;    2.8;    0.1;eor
       1270;20190323;   10;  10.7;   3.5;    3;   0.0;   6;   10.517;   0;   3.7;   8.9;  988.84;   10.0;   73.83;   17.4;    3.3;    0.5;eor
       1270;20190324;   10;   5.0;   2.6;    3;   0.0;   7;    0.000;   0;   6.6;   8.2;  986.18;    6.1;   87.13;    7.8;    1.9;   -2.3;eor
       1270;20190325;   10;  15.8;   6.7;    3;   0.4;   8;    4.833;   0;   5.0;   6.2;  980.11;    3.2;   80.96;    6.9;   -0.7;   -3.7;eor
       1270;20190326;   10;  11.4;   5.5;    3;   0.0;   6;    1.400;   0;   6.5;   6.7;  988.49;    4.4;   80.88;    7.5;   -0.8;   -2.3;eor
       1270;20190327;   10;   7.4;   3.8;    3;   0.7;   6;    1.083;   0;   6.8;   7.1;  992.44;    6.3;   76.04;    9.9;    0.2;   -1.6;eor
       1270;20190328;   10;   6.0;   2.9;    3;   0.3;   6;    0.467;   0;   7.5;   9.0;  994.87;    8.2;   83.63;   11.3;    5.4;    4.7;eor
       1270;20190329;   10;   4.6;   1.7;    3;   0.0;   0;    4.550;   0;   4.5;   8.8;  992.62;    9.1;   77.04;   14.2;    2.3;   -0.4;eor
       1270;20190330;   10;   8.3;   3.5;    3;   0.0;   0;   11.300;   0;   4.0;   7.6;  984.58;   10.2;   64.96;   18.1;    1.2;   -0.7;eor
       1270;20190331;   10;   9.1;   3.2;    3;   0.0;   0;    2.533;   0;   3.9;   7.6;  984.33;    6.9;   76.71;   10.2;    2.3;   -1.0;eor
       1270;20190401;   10;  10.1;   3.7;    3;   0.0;   0;   11.783;   0;   1.5;   5.6;  984.19;    5.5;   62.00;   10.9;   -0.5;   -3.8;eor
       1270;20190402;   10;  11.4;   3.2;    3;   0.0;   6;    8.317;   0;   4.5;   7.1;  972.33;    9.6;   60.54;   17.8;   -0.1;   -4.0;eor
       1270;20190403;   10;  15.4;   3.6;    3;   1.4;   6;    2.700;   0;   6.5;   9.6;  964.75;   10.5;   75.92;   14.7;    3.2;    2.3;eor
       1270;20190404;   10;   9.4;   3.5;    3;   0.0;   0;    0.600;   0;   7.1;   8.7;  961.25;    6.7;   89.13;   11.2;    3.0;    0.5;eor
       1270;20190405;   10;   7.4;   2.6;    3;   0.0;   6;    0.433;   0;   7.7;   9.5;  967.00;    7.1;   94.42;   10.6;    5.2;    2.8;eor
       1270;20190406;   10;   8.8;   3.0;    3;   0.0;   0;    8.367;   0;   4.0;   9.9;  968.11;   11.0;   78.13;   17.4;    6.0;    5.5;eor
       1270;20190407;   10;  10.9;   3.2;    3;   0.0;   0;    9.450;   0;   2.9;   9.3;  968.76;   12.0;   67.25;   17.4;    4.0;    0.5;eor
       1270;20190408;   10;   8.3;   2.5;    3;   0.0;   0;    5.967;   0;   5.0;   8.7;  971.46;   12.4;   61.25;   17.7;    7.2;    5.8;eor
       1270;20190409;   10;   7.5;   3.1;    3;   0.0;   0;    0.850;   0;   6.2;   7.8;  974.58;    6.2;   81.96;    9.5;    2.7;    1.0;eor
       1270;20190410;   10;  11.0;   3.6;    3;   0.0;   0;    9.700;   0;   3.3;   5.5;  977.21;    4.2;   68.58;    9.5;   -0.3;   -3.0;eor
       1270;20190411;   10;  12.5;   4.0;    3;   0.0;   0;    5.967;   0;   4.5;   4.4;  983.32;    2.7;   59.63;    7.0;   -1.9;   -6.2;eor
       1270;20190412;   10;   8.3;   3.3;    3;   0.0;   7;    0.000;   0;   7.8;   4.8;  985.01;    1.2;   72.83;    3.1;   -0.8;   -1.2;eor
       1270;20190413;   10;   6.7;   2.6;    3;   0.0;   7;    1.100;   0;   6.5;   5.6;  983.55;    0.7;   87.79;    4.3;   -1.5;   -3.0;eor
       1270;20190414;   10;   7.6;   3.0;    3;   1.5;   8;    0.100;   0;   6.6;   6.3;  984.85;    0.9;   95.00;    3.2;   -2.7;   -6.1;eor
       1270;20190415;   10;  10.6;   2.8;    3;   0.0;   0;   10.133;   0;   2.5;   6.6;  986.47;    6.7;   70.92;   12.4;    0.2;   -1.9;eor
       1270;20190416;   10;   9.9;   3.5;    3;   0.0;   0;   12.583;   0;   0.8;   6.1;  981.98;    8.4;   56.67;   15.8;   -0.1;   -2.9;eor
       1270;20190417;   10;   9.6;   3.4;    3;   0.0;   0;   12.600;   0;   1.8;   6.2;  985.88;   10.5;   51.29;   17.1;    3.1;   -0.3;eor
       1270;20190418;   10;  13.6;   3.8;    3;   0.0;   0;   12.717;   0;   1.0;   7.0;  989.15;   12.6;   50.33;   19.1;    5.3;    0.8;eor
       1270;20190419;   10;  11.7;   3.1;    3;   0.0;   0;   12.867;   0;   0.1;   7.3;  991.70;   13.8;   48.21;   21.0;    4.5;    0.4;eor
       1270;20190420;   10;   7.2;   2.2;    3;   0.0;   0;   12.900;   0;   0.3;   6.9;  990.76;   13.9;   45.04;   20.6;    3.8;    0.2;eor
       1270;20190421;   10;   8.0;   2.6;    3;   0.0;   0;   12.933;   0;   0.0;   6.8;  983.56;   13.6;   46.00;   20.6;    3.7;    0.3;eor
       1270;20190422;   10;  14.7;   4.3;    3;   0.0;   0;   12.917;   0;   2.2;   6.6;  975.35;   12.2;   47.96;   19.2;    5.0;    0.4;eor
       1270;20190423;   10;  12.6;   5.1;    3;   0.0;   6;   10.533;   0;   4.0;   8.6;  966.18;   13.1;   57.58;   19.9;    5.1;    3.0;eor
       1270;20190424;   10;  21.3;   4.4;    3;   0.2;   6;   10.967;   0;   5.3;   9.9;  966.13;   17.0;   55.25;   26.1;    8.4;    5.0;eor
       1270;20190425;   10;  10.2;   3.5;    3;   0.0;   0;   12.033;   0;   3.9;   8.2;  971.79;   16.5;   47.67;   25.1;    6.0;    1.9;eor
       1270;20190426;   10;  12.4;   5.7;    3;   4.0;   6;    4.067;   0;   6.4;   9.8;  973.66;   10.8;   76.50;   16.1;    7.7;    6.9;eor
       1270;20190427;   10;  16.7;   5.0;    3;   4.2;   6;    5.300;   0;   6.2;   9.3;  975.59;    9.5;   79.38;   16.3;    5.1;    3.7;eor
       1270;20190428;   10;   7.4;   3.0;    3;   0.2;   6;    3.333;   0;   5.9;   7.9;  980.15;    7.9;   75.75;   12.0;    3.1;    0.5;eor
       1270;20190429;   10;  12.4;   4.9;    3;   9.6;   6;    0.000;   0;   6.4;   8.8;  981.78;    6.5;   90.42;    9.5;    1.7;    0.1;eor
       1270;20190430;   10;   9.5;   3.7;    3;   0.0;   6;   13.333;   0;   1.5;   7.8;  980.64;    9.5;   67.63;   15.9;    2.8;    0.5;eor
       1270;20190501;    3;   8.8;   3.9;    3;   0.0;   0;    5.983;   0;   4.6;   9.8;  976.70;   12.0;   71.38;   17.9;    5.0;    3.5;eor
       1270;20190502;    3;  10.5;   4.3;    3;   0.1;   6;   10.017;   0;   4.9;   9.0;  970.59;   11.0;   71.04;   16.5;    4.7;    3.1;eor
       1270;20190503;    3;  10.3;   4.3;    3;   4.0;   8;    2.317;   0;   6.7;   6.9;  971.46;    7.3;   67.71;   10.5;    3.5;    1.0;eor
       1270;20190504;    3;  10.5;   3.4;    3;   4.5;   8;    3.617;   0;   6.5;   6.3;  970.01;    3.3;   82.00;    7.4;    0.0;   -1.6;eor
       1270;20190505;    3;   7.5;   3.0;    3;   0.0;   6;    5.767;   0;   5.5;   5.6;  978.45;    4.8;   67.00;    9.3;   -0.5;   -1.7;eor
       1270;20190506;    3;   8.9;   3.7;    3;   0.0;   6;    3.233;   0;   5.5;   6.0;  980.55;    5.6;   66.75;    9.1;    1.5;   -0.4;eor
       1270;20190507;    3;   6.9;   2.6;    3;   0.0;   6;    2.100;   0;   6.9;   6.7;  979.17;    7.1;   67.25;   11.0;    3.7;    2.9;eor
       1270;20190508;    3;  15.8;   4.7;    3;   6.6;   6;    0.983;   0;   7.0;   8.9;  967.52;    9.5;   74.04;   12.3;    4.3;    2.7;eor
       1270;20190509;    3;  11.5;   5.5;    3;   0.1;   6;    6.483;   0;   6.0;   9.7;  962.83;   11.1;   73.58;   15.6;    6.8;    5.3;eor
       1270;20190510;    3;  12.9;   5.4;    3;   0.8;   6;    5.817;   0;   5.8;   9.4;  971.13;   11.0;   72.13;   15.1;    7.2;    4.2;eor
       1270;20190511;    3;  12.1;   3.5;    3;  24.0;   6;    0.000;   0;   8.0;   9.8;  974.72;    7.9;   92.17;    9.4;    5.9;    5.4;eor
       1270;20190512;    3;  10.2;   4.6;    3;   0.0;   6;    8.267;   0;   4.6;   7.2;  990.47;    8.1;   68.63;   13.2;    4.0;    3.1;eor
       1270;20190513;    3;  10.4;   3.3;    3;   0.0;   0;   11.683;   0;   2.2;   5.9;  996.67;    7.7;   58.21;   13.6;    0.9;   -0.9;eor
       1270;20190514;    3;  11.3;   3.7;    3;   0.0;   6;    7.883;   0;   3.8;   6.4;  992.36;    7.1;   63.38;   12.1;    2.5;   -1.3;eor
       1270;20190515;    3;   8.9;   3.3;    3;   0.0;   6;    3.350;   0;   5.5;   5.7;  986.60;    6.1;   60.67;    9.9;    0.0;   -3.1;eor
       1270;20190516;    3;   6.0;   2.2;    3;   0.9;   6;    0.000;   0;   8.0;   8.3;  977.85;    6.5;   85.50;    7.2;    5.8;    5.3;eor
       1270;20190517;    3;   7.4;   2.7;    3;   0.0;   0;    4.217;   0;   5.5;   9.8;  971.58;   10.8;   77.13;   15.9;    5.7;    4.3;eor
       1270;20190518;    3;   6.4;   2.3;    3;   0.0;   6;   13.433;   0;   2.5;  11.0;  968.80;   13.5;   71.83;   20.3;    2.8;    1.5;eor
       1270;20190519;    3;  10.0;   3.0;    3;   0.0;   6;    8.417;   0;   4.3;  12.2;  966.95;   14.3;   76.13;   21.3;    7.1;    5.2;eor
       1270;20190520;    3;  12.1;   3.7;    3;  16.8;   6;    2.517;   0;   7.0;  14.0;  965.03;   14.4;   85.58;   21.4;    9.1;    7.6;eor
       1270;20190521;    3;  13.5;   5.0;    3;   0.2;   6;    1.617;   0;   7.5;  14.2;  968.76;   14.2;   87.88;   19.2;   12.7;   12.2;eor
       1270;20190522;    3;  11.6;   5.0;    3;   0.0;   6;    1.783;   0;   6.2;  11.3;  978.48;   11.6;   82.58;   13.8;    5.0;    3.1;eor
       1270;20190523;    3;   9.0;   2.6;    3;   0.0;   0;   13.583;   0;   5.2;  10.0;  980.53;   13.0;   68.96;   19.2;    3.9;    2.6;eor
       1270;20190524;    3;   7.9;   2.7;    3;   0.0;   0;   10.900;   0;   6.2;  11.0;  976.96;   15.3;   65.38;   20.9;    7.8;    6.8;eor
       1270;20190525;    3;   7.6;   2.8;    3;   0.0;   0;   11.533;   0;   4.2;  11.3;  977.61;   13.6;   73.21;   18.2;    7.6;    5.1;eor
       1270;20190526;    3;  11.4;   4.9;    3;   0.0;   0;   12.867;   0;   5.0;  10.8;  976.06;   14.8;   66.00;   21.1;    6.7;    5.4;eor
       1270;20190527;    3;   9.9;   3.8;    3;   0.8;   6;    2.383;   0;   7.2;  13.1;  971.15;   15.0;   77.00;   18.2;   12.6;   11.8;eor
       1270;20190528;    3;   9.6;   2.4;    3;   5.1;   6;    0.567;   0;   7.7;  12.0;  970.42;   12.3;   84.21;   16.8;    9.4;    8.8;eor
       1270;20190529;    3;   8.4;   2.9;    3;   0.0;   0;    7.300;   0;   5.0;   8.8;  982.65;   10.8;   70.25;   15.7;    6.6;    4.5;eor
       1270;20190530;    3;  10.0;   4.5;    3;   0.0;   6;    9.083;   0;   4.3;  10.2;  986.18;   14.2;   63.54;   20.1;    5.3;    3.7;eor
       1270;20190531;    3;   6.9;   3.1;    3;   0.0;   0;    7.550;   0;   6.1;  14.3;  986.31;   17.8;   70.83;   22.9;   12.5;   10.5;eor
       1270;20190601;    3;   7.9;   2.6;    3;   0.0;   0;   12.083;   0;   4.7;  14.6;  984.17;   19.3;   67.42;   25.5;   10.7;    9.2;eor
       1270;20190602;    3;   7.5;   3.4;    3;   0.0;   0;   14.867;   0;   3.0;  13.7;  979.66;   22.6;   53.13;   29.4;   14.5;   12.4;eor
       1270;20190603;    3;  19.2;   4.6;    3;   0.0;   0;   11.183;   0;   3.3;  14.0;  976.53;   22.7;   53.92;   30.6;   15.6;   13.9;eor
       1270;20190604;    3;   8.1;   2.7;    3;   0.0;   0;   14.217;   0;   2.9;  15.4;  974.47;   21.5;   63.21;   28.6;   12.2;    9.9;eor
       1270;20190605;    3;   8.7;   3.3;    3;   0.0;   0;   13.000;   0;   2.6;  14.5;  970.13;   24.9;   47.71;   31.4;   17.0;   13.2;eor
       1270;20190606;    3;  15.3;   5.2;    3;   2.0;   6;    3.483;   0;   5.0;  13.8;  973.19;   16.5;   73.50;   21.5;    9.9;    7.9;eor
       1270;20190607;    3;  21.0;   4.1;    3;   2.9;   6;   10.550;   0;   3.5;  13.8;  975.86;   15.8;   77.08;   23.4;    7.2;    5.1;eor
       1270;20190608;    3;  21.0;   7.1;    3;   0.0;   0;    9.700;   0;   3.3;   9.6;  982.73;   15.0;   57.75;   20.1;    9.4;    6.5;eor
       1270;20190609;    3;   8.8;   3.0;    3;   0.0;   6;   10.267;   0;   5.0;  10.3;  984.48;   17.2;   54.04;   23.9;    8.7;    4.8;eor
       1270;20190610;    1;   8.7;   2.8;    1;   2.5;   6;    5.350;   0;   6.9;  15.5;  975.65;   18.9;   72.96;   25.7;   14.3;   12.5;eor
       1270;20190611;    1;  12.2;   3.4;    1;   0.9;   6;    3.517;   0;   6.6;  16.0;  972.95;   18.0;   78.58;   22.9;   13.5;   12.2;eor
       1270;20190612;    1;  12.9;   2.9;    1;   0.3;   6;    1.817;   0;   5.7;  15.3;  972.59;   15.1;   88.92;   19.8;   11.8;    8.9;eor
       1270;20190613;    1;  11.9;   3.3;    1;   0.0;   6;    6.567;   0;   3.8;  12.2;  977.21;   17.2;   64.96;   23.9;   11.9;    8.3;eor
       1270;20190614;    1;  10.8;   3.8;    1;   0.0;   6;    6.950;   0;   4.5;  13.2;  978.43;   21.3;   54.92;   29.0;   12.1;    8.5;eor
       1270;20190615;    1;  14.6;   4.9;    1;   0.0;   0;   10.950;   0;   4.6;  14.9;  974.76;   21.0;   60.58;   26.2;   15.0;   12.7;eor
       1270;20190616;    1;   6.0;   2.2;    1;   0.1;   6;    0.100;   0;   6.7;  14.8;  982.72;   16.1;   81.17;   20.2;   11.9;   10.5;eor
       1270;20190617;    1;   7.2;   2.5;    1;   0.0;   0;   12.233;   0;   2.1;  13.6;  983.13;   19.2;   64.71;   25.8;   10.3;    8.7;eor
       1270;20190618;    1;   8.8;   2.1;    1;   0.0;   0;   10.817;   0;   4.5;  14.0;  978.02;   22.1;   55.13;   29.4;   14.0;   11.1;eor
       1270;20190619;    1;   9.3;   3.2;    1;   6.3;   6;   11.583;   0;   4.1;  14.6;  972.53;   24.1;   51.38;   30.7;   16.0;   14.6;eor
       1270;20190620;    1;  14.4;   3.9;    1;   7.2;   6;    6.283;   0;   5.7;  16.4;  974.36;   19.6;   72.88;   25.2;   13.8;   12.1;eor
       1270;20190621;    1;   7.0;   2.8;    1;   0.0;   0;    7.400;   0;   5.2;  14.4;  980.26;   18.3;   70.50;   23.4;   14.3;   13.1;eor
       1270;20190622;    1;  10.7;   3.4;    1;   0.0;   0;    8.650;   0;   4.8;  14.1;  982.38;   19.3;   64.08;   25.2;   13.1;   12.3;eor
       1270;20190623;    1;  10.6;   3.6;    1;   0.0;   0;   14.750;   0;   2.9;  13.2;  982.92;   21.1;   54.88;   27.0;   13.6;   12.3;eor
       1270;20190624;    1;   8.6;   2.9;    1;   0.0;   0;   14.867;   0;   2.6;  13.1;  984.49;   22.9;   49.04;   28.7;   15.4;   13.3;eor
       1270;20190625;    1;   7.6;   2.8;    1;   0.0;   0;   14.933;   0;   3.3;  15.6;  983.23;   26.1;   48.38;   34.2;   17.4;   13.6;eor
       1270;20190626;    1;   9.6;   4.1;    1;   0.0;   0;   14.500;   0;   0.5;  19.9;  984.57;   27.2;   56.08;   33.9;   19.7;   18.4;eor
       1270;20190627;    1;  11.8;   3.6;    1;   0.0;   0;   15.067;   0;   0.5;  12.3;  986.93;   20.1;   55.50;   26.0;   12.7;   11.0;eor
       1270;20190628;    1;   6.4;   2.6;    1;   0.0;   0;   11.283;   0;   2.3;  10.6;  986.60;   18.0;   54.38;   24.8;   12.4;   10.0;eor
       1270;20190629;    1;   5.6;   2.0;    1;   0.0;   0;   15.083;   0;   0.0;  10.1;  982.99;   22.2;   43.00;   31.0;   10.9;    7.7;eor
       1270;20190630;    1;  12.1;   4.8;    1;   0.1;   6;   14.833;   0;   1.1;  13.8;  977.17;   27.7;   38.83;   35.9;   16.7;   14.2;eor
       1270;20190701;    1;  11.9;   3.7;    1;   0.0;   6;    6.617;   0;   5.1;  14.5;  978.30;   22.0;   55.63;   27.3;   15.4;   13.2;eor
       1270;20190702;    1;  10.1;   4.0;    1;   0.0;   0;    8.117;   0;   3.2;  10.2;  983.15;   16.4;   55.46;   21.7;   11.4;    7.2;eor
       1270;20190703;    1;   9.4;   2.8;    1;   0.0;   0;   10.050;   0;   2.3;   8.7;  985.19;   14.9;   53.67;   21.7;    6.9;    4.3;eor
       1270;20190704;    1;   7.7;   2.2;    1;   0.0;   0;   14.200;   0;   3.5;   8.6;  984.63;   15.9;   50.25;   22.9;    6.8;    4.0;eor
       1270;20190705;    1;  12.3;   4.4;    1;   0.0;   0;    6.800;   0;   5.2;  10.5;  978.53;   18.9;   50.25;   26.1;   12.3;   10.7;eor
       1270;20190706;    1;  12.8;   4.8;    1;   0.2;   6;    8.217;   0;   5.7;  12.0;  972.85;   20.1;   53.79;   28.0;   11.4;    9.5;eor
       1270;20190707;    1;  11.0;   4.3;    1;   0.0;   0;    2.517;   0;   6.3;   9.8;  975.26;   14.7;   59.83;   18.8;   10.1;    7.1;eor
       1270;20190708;    1;  10.3;   4.1;    1;   0.0;   6;    1.950;   0;   6.4;   9.2;  979.49;   13.0;   62.21;   17.0;    9.1;    6.7;eor
       1270;20190709;    1;  11.2;   4.0;    1;   0.0;   6;    1.250;   0;   6.3;   9.7;  980.94;   13.2;   65.21;   17.3;    9.3;    7.0;eor
