STATIONS_ID;MESS_DATUM;QN_3;  FX;  FM;QN_4; RSK;RSKF; SDK;SHK_TAG;  NM; VPM;  PM; TMK; UPM; TXK; TNK; TGK;eor
       2932;20180106;   10;  10.8;   2.9;    3;   2.9;   6;    0.983;   0;   7.6;   8.2;  992.65;    6.5;   84.75;    9.0;    4.3;    0.7;eor
       2932;20180107;   10;  11.3;   5.5;    3;   0.9;   8;    0.000;   0;   8.0;   6.7; 1009.25;    2.3;   92.04;    4.4;    0.3;    0.3;eor
       2932;20180108;   10;  12.3;   6.2;    3;   0.0;   0;    1.667;   0;   6.0;   5.3; 1012.96;   -0.2;   88.29;    1.3;   -1.3;   -1.6;eor
       2932;20180109;   10;  12.7;   5.2;    3;   0.0;   0;    0.183;   0;   7.2;   6.6; 1000.30;    2.5;   88.54;    5.0;   -0.7;   -1.3;eor
       2932;20180110;   10;   6.7;   3.0;    3;   0.0;   0;    6.417;   0;   3.4;   7.4;  996.46;    4.7;   86.96;   10.3;    0.1;   -3.6;eor
       2932;20180111;   10;   4.6;   1.6;    3;   0.2;   6;    2.667;   0;   5.4;   6.6; 1000.40;    1.6;   95.29;    4.7;   -1.6;   -4.8;eor
       2932;20180112;   10;   8.2;   2.5;    3;   0.0;   6;    0.000;   0;   8.0;   7.1; 1009.99;    2.1;   99.75;    3.1;    1.4;    1.4;eor
       2932;20180113;   10;  11.3;   5.8;    3;   0.0;   0;    0.000;   0;   8.0;   5.8; 1012.44;    0.8;   88.25;    2.1;   -0.9;   -1.8;eor
       2932;20180114;   10;   9.3;   5.0;    3;   0.0;   0;    6.567;   0;   4.1;   4.9; 1010.02;   -0.9;   85.92;    1.2;   -3.2;   -4.3;eor
       2932;20180115;   10;  18.0;   7.1;    3;   1.4;   8;    4.017;   0;   5.0;   5.2;  997.42;    1.7;   75.50;    4.4;   -2.2;   -4.1;eor
       2932;20180116;   10;  18.2;   7.8;    3;   3.0;   8;    1.200;   0;   5.9;   6.9;  976.65;    3.6;   86.17;    6.9;    0.5;   -1.0;eor
       2932;20180117;   10;  15.4;   7.6;    3;   0.6;   8;    1.467;   0;   6.3;   5.8;  980.80;    1.6;   84.71;    3.3;   -0.3;   -2.3;eor
       2932;20180118;   10;  35.7;  10.6;    3;   0.9;   8;    0.250;   0;   6.8;   6.2;  980.31;    3.7;   78.71;    9.0;    0.7;   -0.4;eor
       2932;20180119;   10;   9.6;   4.7;    3;   1.9;   8;    0.400;   0;   6.5;   6.1;  989.97;    2.3;   84.71;    4.1;   -0.4;   -1.9;eor
       2932;20180120;   10;   9.8;   4.0;    3;   0.0;   7;    1.917;   1;   7.2;   5.7;  989.69;    0.6;   89.71;    3.9;   -1.8;   -3.3;eor
       2932;20180121;   10;   6.5;   2.5;    3;   0.0;   0;    4.233;   0;   6.6;   5.7;  995.68;   -0.3;   94.50;    2.6;   -2.6;   -4.6;eor
       2932;20180122;   10;   9.8;   4.6;    3;   4.0;   8;    0.017;   0;   7.9;   6.0;  994.81;    0.6;   93.13;    3.3;   -1.7;   -2.6;eor
       2932;20180123;   10;   9.8;   4.7;    3;   1.1;   6;    0.183;   0;   7.4;   7.9; 1004.42;    5.0;   90.29;    6.9;    3.0;    2.7;eor
       2932;20180124;   10;  14.4;   7.0;    3;   0.0;   0;    1.017;   0;   7.2;   9.4; 1001.65;    8.7;   83.17;   11.4;    5.6;    5.0;eor
       2932;20180125;   10;  15.8;   5.4;    3;   1.3;   6;    0.000;   0;   7.7;   9.6;  997.65;    9.4;   81.50;   11.6;    6.7;    5.8;eor
       2932;20180126;   10;   6.0;   2.5;    3;   0.3;   6;    0.000;   0;   7.8;   9.0; 1001.53;    6.5;   93.08;    7.6;    4.6;    3.0;eor
       2932;20180127;   10;  11.8;   2.6;    3;   0.0;   6;    0.083;   0;   6.5;   8.1; 1013.06;    4.9;   93.42;    7.3;    2.6;   -0.5;eor
       2932;20180128;   10;  17.5;   9.9;    3;   0.0;   6;    0.117;   0;   7.5;   8.3; 1010.55;    7.2;   81.33;    9.0;    4.7;    4.1;eor
       2932;20180129;   10;  17.7;  10.8;    3;   1.0;   6;    0.000;   0;   7.8;   9.2; 1005.68;    9.3;   78.46;   10.8;    6.2;    4.3;eor
       2932;20180130;   10;  14.9;   6.0;    3;   0.0;   0;    7.100;   0;   4.4;   6.1; 1009.47;    4.1;   75.42;    7.7;    0.3;   -2.1;eor
       2932;20180131;   10;  16.3;   7.2;    3;   0.4;   6;    0.050;   0;   7.8;   7.8;  992.71;    6.4;   80.63;    9.9;    0.8;   -0.2;eor
       2932;20180201;   10;  12.3;   5.6;    3;   0.0;   0;    3.867;   0;   5.9;   6.1;  984.88;    3.4;   78.21;    6.6;    0.9;   -0.7;eor
       2932;20180202;   10;  12.2;   6.0;    3;   0.0;   6;    2.350;   0;   5.0;   5.7;  987.29;    2.3;   79.13;    4.7;   -1.3;   -4.7;eor
       2932;20180203;   10;   8.4;   2.8;    3;   1.7;   8;    0.000;   0;   7.4;   6.0;  989.09;    1.5;   88.04;    3.1;   -0.2;   -4.0;eor
       2932;20180204;   10;   7.5;   2.9;    3;   0.1;   7;    1.133;   2;   5.9;   5.1; 1000.86;   -1.2;   91.58;    0.3;   -4.2;   -7.7;eor
       2932;20180205;   10;   6.5;   2.5;    3;   0.0;   7;    0.050;   2;   6.0;   4.8; 1010.66;   -2.2;   92.79;   -0.2;   -5.6;   -8.7;eor
       2932;20180206;   10;   7.2;   3.3;    3;   0.0;   0;    7.283;   1;   2.8;   3.9; 1001.56;   -4.2;   87.25;   -1.0;   -8.4;  -11.3;eor
       2932;20180207;   10;   6.2;   2.3;    3;   0.0;   0;    6.800;   1;   5.1;   4.5;  999.10;   -2.1;   86.63;    1.0;   -5.6;   -8.3;eor
       2932;20180208;   10;   3.6;   1.7;    3;   0.0;   0;    1.317;   0;   5.4;   4.2; 1003.60;   -3.1;   87.42;   -0.6;   -6.5;   -9.5;eor
       2932;20180209;   10;   7.2;   2.3;    3;   0.0;   7;    3.800;   0;   6.0;   4.6; 1000.80;   -1.5;   83.38;    0.4;   -5.4;   -8.6;eor
       2932;20180210;   10;   8.1;   3.1;    3;   0.0;   0;    3.000;   0;   7.5;   5.3;  999.29;    1.5;   78.83;    3.9;   -0.1;   -0.5;eor
       2932;20180211;   10;  14.2;   6.5;    3;   0.0;   8;    0.233;   0;   7.3;   5.7;  989.10;    2.3;   79.25;    4.0;    0.4;   -0.9;eor
       2932;20180212;   10;  10.5;   5.0;    3;   0.0;   8;    0.550;   0;   4.0;   5.4;  994.61;    0.5;   85.63;    3.8;   -3.0;   -5.9;eor
       2932;20180213;   10;   7.7;   3.3;    3;   0.0;   0;    7.633;   0;   2.7;   4.5;  999.93;    0.0;   75.33;    5.2;   -4.7;   -8.9;eor
       2932;20180214;   10;   5.7;   2.5;    3;   0.0;   0;    9.167;   0;   0.3;   4.1; 1003.45;   -1.6;   76.17;    4.2;   -5.1;  -10.8;eor
       2932;20180215;   10;  16.6;   5.2;    3;   0.4;   8;    0.117;   0;   6.1;   4.6; 1001.92;   -0.4;   78.54;    3.4;   -4.7;   -7.3;eor
       2932;20180216;   10;  13.7;   5.3;    3;   0.0;   0;    9.017;   0;   2.7;   5.9; 1007.05;    2.0;   84.42;    6.8;   -1.5;   -6.9;eor
       2932;20180217;   10;   4.1;   2.3;    3;   0.0;   0;    0.000;   0;   7.2;   5.6; 1008.31;    0.8;   85.88;    3.8;   -2.3;   -6.3;eor
       2932;20180218;   10;   6.0;   2.2;    3;   0.0;   0;    0.000;   0;   6.8;   5.3; 1011.26;    1.2;   80.17;    3.7;   -2.9;   -6.5;eor
       2932;20180219;   10;   5.7;   2.9;    3;   0.0;   0;    4.550;   0;   5.6;   4.7; 1004.86;   -0.2;   78.58;    3.9;   -3.5;   -6.1;eor
       2932;20180220;   10;   5.7;   2.8;    3;   0.0;   0;    2.150;   0;   4.2;   4.6; 1002.45;   -1.2;   82.71;    2.7;   -3.9;   -8.1;eor
       2932;20180221;   10;   7.0;   3.0;    3;   0.0;   0;    6.967;   0;   3.8;   4.2; 1007.67;   -2.0;   81.04;    2.7;   -6.5;  -11.3;eor
       2932;20180222;   10;  11.1;   3.7;    3;   0.0;   0;    7.350;   0;   3.3;   3.9; 1007.90;   -1.5;   72.79;    2.4;   -4.9;   -7.8;eor
       2932;20180223;   10;   9.6;   4.2;    3;   0.0;   0;    9.150;   0;   0.8;   3.3; 1008.22;   -4.2;   74.92;   -1.2;   -6.7;   -9.7;eor
       2932;20180224;   10;  13.9;   5.2;    3;   0.0;   0;    7.067;   0;   2.5;   2.8; 1011.69;   -4.3;   65.71;    0.6;   -8.6;  -10.9;eor
       2932;20180225;   10;  10.1;   3.8;    3;   0.0;   0;    9.867;   0;   1.8;   2.4; 1013.85;   -6.7;   65.25;   -3.2;  -10.2;  -12.9;eor
       2932;20180226;   10;  11.0;   4.4;    3;   0.0;   7;    2.233;   0;   5.4;   2.4; 1010.40;   -7.1;   68.50;   -3.6;  -10.4;  -13.8;eor
       2932;20180227;   10;   9.4;   3.7;    3;   0.0;   0;   10.033;   0;   1.7;   1.9; 1005.62;   -8.5;   61.38;   -4.0;  -13.2;  -16.6;eor
       2932;20180228;   10;  11.3;   6.0;    3;   0.0;   7;    7.000;   0;   2.1;   2.0; 1007.81;   -9.5;   66.63;   -5.9;  -13.0;  -14.2;eor
       2932;20180301;   10;  13.2;   6.6;    3;   0.0;   0;   10.033;   0;   1.5;   2.1;  999.51;   -8.1;   64.04;   -3.1;  -11.9;  -13.0;eor
       2932;20180302;   10;  11.7;   5.9;    3;   0.0;   0;    9.200;   0;   3.5;   2.1;  988.21;   -7.7;   64.13;   -2.9;  -12.5;  -13.4;eor
       2932;20180303;   10;  11.1;   6.1;    3;   0.0;   0;    9.383;   0;   3.7;   2.1;  987.21;   -6.5;   58.54;   -1.2;  -11.4;  -12.3;eor
       2932;20180304;   10;   9.9;   4.4;    3;   0.3;   6;    5.967;   0;   5.8;   3.5;  985.83;   -0.8;   60.29;    8.2;   -6.9;   -7.6;eor
       2932;20180305;   10;   8.2;   3.6;    3;   0.0;   0;    6.233;   0;   6.9;   5.7;  981.80;    3.6;   72.38;   10.7;   -2.6;   -4.1;eor
       2932;20180306;   10;   7.2;   2.6;    3;  13.2;   8;    0.000;   0;   7.3;   5.4;  977.17;   -0.6;   92.25;    3.3;   -3.9;   -6.7;eor
       2932;20180307;   10;   7.0;   1.8;    3;   1.3;   8;    1.233;  13;   7.3;   6.3;  978.47;    1.5;   92.38;    4.0;   -0.5;   -0.6;eor
       2932;20180308;   10;  17.1;   6.8;    3;   0.6;   6;    5.300;   7;   6.1;   6.6;  985.78;    5.6;   73.96;   10.1;    2.7;    0.8;eor
       2932;20180309;   10;  15.4;   6.5;    3;   1.0;   6;    8.400;   0;   3.5;   6.3;  990.96;    5.1;   72.54;   10.0;    1.9;    0.2;eor
       2932;20180310;   10;  10.6;   4.5;    3;   0.1;   6;    1.717;   0;   7.3;   9.5;  988.36;    9.5;   80.21;   16.4;    3.3;    1.9;eor
       2932;20180311;   10;   7.2;   3.8;    3;   0.2;   6;    5.133;   0;   6.5;  10.2;  982.95;   11.0;   79.21;   17.8;    5.4;    3.5;eor
       2932;20180312;   10;  11.3;   4.6;    3;   8.6;   6;    0.000;   0;   7.4;  10.7;  977.03;    9.2;   92.00;   11.2;    7.2;    5.1;eor
       2932;20180313;   10;  17.8;   6.8;    3;   2.3;   6;    1.183;   0;   6.9;   8.8;  984.62;    8.0;   82.50;   11.7;    3.6;    3.0;eor
       2932;20180314;   10;   7.2;   3.1;    3;   0.0;   6;    0.017;   0;   8.0;   6.7;  995.09;    4.0;   82.88;    5.8;    2.8;    1.9;eor
       2932;20180315;   10;  14.6;   6.7;    3;   0.0;   0;    4.733;   0;   6.3;   6.7;  989.90;    4.1;   82.88;    9.1;    0.0;   -1.9;eor
       2932;20180316;   10;  12.9;   6.8;    3;   9.3;   8;    0.000;   0;   8.0;   6.0;  989.02;    0.1;   96.13;    3.4;   -3.8;   -3.8;eor
       2932;20180317;   10;  18.2;   8.6;    3;   0.0;   7;    0.000;  10;   7.9;   3.7;  994.55;   -5.0;   88.33;   -3.8;   -6.6;   -6.3;eor
       2932;20180318;   10;  17.5;   9.3;    3;   0.0;   0;    9.367;  11;   6.9;   2.4;  997.46;   -4.6;   56.33;   -2.0;   -7.0;   -8.1;eor
       2932;20180319;   10;   7.7;   3.3;    3;   0.0;   0;   11.633;   8;   3.6;   2.5;  997.79;   -4.4;   56.79;    0.3;   -9.4;  -13.1;eor
       2932;20180320;   10;  10.8;   3.9;    3;   1.5;   7;    0.367;   6;   4.9;   4.1;  999.78;   -3.8;   86.00;    0.8;   -9.4;  -13.5;eor
       2932;20180321;   10;   7.7;   3.5;    3;   0.0;   0;   10.400;  12;   3.7;   3.9; 1009.81;   -2.0;   75.46;    3.1;  -10.3;  -17.3;eor
       2932;20180322;   10;  12.3;   6.4;    3;   1.2;   8;    0.000;   4;   7.9;   5.8;  998.05;    1.0;   87.50;    2.3;   -1.6;   -3.0;eor
       2932;20180323;   10;   6.3;   2.5;    3;   0.0;   0;    3.883;   0;   7.3;   6.6;  991.23;    2.9;   88.08;    6.2;   -0.1;   -3.4;eor
       2932;20180324;   10;   6.0;   2.7;    3;   0.0;   0;   10.117;   0;   4.7;   6.0;  988.90;    3.9;   75.13;    9.4;   -0.7;   -4.1;eor
       2932;20180325;   10;   5.1;   2.1;    3;   0.0;   0;   10.900;   0;   2.9;   5.8;  991.49;    4.5;   70.50;   10.6;   -1.3;   -4.8;eor
       2932;20180326;   10;   9.3;   3.0;    3;   0.0;   6;    0.050;   0;   7.2;   7.1;  996.80;    5.3;   79.08;    8.3;    1.2;   -1.2;eor
       2932;20180327;   10;   7.2;   2.5;    3;   0.5;   6;    8.650;   0;   6.3;   5.7;  997.79;    4.2;   71.21;    9.1;   -1.2;   -5.2;eor
       2932;20180328;   10;   8.4;   3.8;    3;   3.5;   6;    0.000;   0;   8.0;   8.4;  987.09;    5.8;   90.54;    8.0;    2.9;    2.3;eor
       2932;20180329;   10;  19.0;   7.6;    3;   0.4;   6;    2.283;   0;   5.8;   6.8;  988.35;    5.4;   76.08;    9.2;    0.3;   -4.4;eor
       2932;20180330;   10;  10.8;   4.5;    3;   1.6;   6;    8.083;   0;   5.0;   6.4;  989.64;    6.3;   70.42;   13.7;   -0.7;   -4.2;eor
       2932;20180331;   10;  11.1;   4.2;    3;   0.2;   6;    0.000;   0;   7.8;   6.8;  982.80;    3.4;   87.71;    5.4;    1.6;    1.1;eor
       2932;20180401;   10;  13.5;   6.1;    3;   0.0;   0;    0.417;   0;   6.8;   5.8;  989.13;    2.3;   80.92;    4.8;   -0.9;   -3.4;eor
       2932;20180402;   10;  11.1;   3.7;    3;   1.1;   6;    6.833;   0;   5.3;   6.2;  993.73;    5.8;   69.04;   12.0;   -1.6;   -6.3;eor
       2932;20180403;   10;  13.0;   5.0;    3;   0.0;   6;    6.700;   0;   7.1;   9.3;  988.18;   13.8;   60.25;   20.2;    8.6;    6.9;eor
       2932;20180404;   10;  22.6;   4.5;    3;   0.6;   6;    6.600;   0;   5.9;   9.8;  987.65;   14.1;   62.38;   21.1;    9.3;    5.6;eor
       2932;20180405;   10;  16.5;   7.9;    3;   0.2;   6;    4.383;   0;   5.0;   8.5;  993.85;    9.5;   70.71;   14.3;    2.4;    0.3;eor
       2932;20180406;   10;   7.2;   3.5;    3;   0.0;   0;   12.583;   0;   1.1;   5.4; 1007.26;    5.9;   61.08;   12.3;   -0.8;   -5.2;eor
       2932;20180407;   10;  10.6;   5.2;    3;   0.0;   0;   12.817;   0;   1.8;   6.3; 1000.17;   11.8;   48.58;   21.7;    0.4;   -1.9;eor
       2932;20180408;   10;  10.8;   4.2;    3;   0.0;   0;   12.350;   0;   0.3;   8.9;  994.54;   12.3;   63.88;   19.0;    5.6;    0.9;eor
       2932;20180409;   10;   6.9;   3.1;    3;   0.0;   0;   10.000;   0;   3.1;   9.4;  990.19;   13.0;   65.21;   20.1;    4.4;   -0.7;eor
       2932;20180410;   10;  13.2;   4.1;    3;   0.0;   0;   12.150;   0;   1.3;  10.0;  988.22;   14.8;   62.38;   23.5;    6.5;    1.5;eor
       2932;20180411;   10;  10.3;   4.0;    3;   5.2;   6;    4.550;   0;   4.5;  11.4;  991.47;   13.8;   73.00;   19.4;    8.8;    5.2;eor
       2932;20180412;   10;  12.5;   5.1;    3;   1.5;   6;    6.483;   0;   5.1;  12.7;  987.41;   15.8;   74.08;   23.5;    9.7;    8.7;eor
       2932;20180413;   10;  14.1;   5.0;    3;   6.5;   6;    2.983;   0;   6.4;  12.4;  989.36;   14.0;   78.00;   19.4;   10.5;    7.4;eor
       2932;20180414;   10;  13.2;   5.8;    3;   0.0;   0;    8.217;   0;   5.8;  10.7; 1001.05;   14.1;   68.92;   20.0;    9.3;    4.8;eor
       2932;20180415;   10;   5.1;   2.0;    3;   3.9;   6;    9.783;   0;   6.5;  11.9;  997.30;   14.1;   75.33;   19.8;    7.1;    4.0;eor
       2932;20180416;   10;   5.7;   2.5;    3;   7.3;   6;    0.000;   0;   7.5;  13.7;  998.10;   12.7;   92.88;   15.0;   10.3;    8.4;eor
       2932;20180417;   10;   5.5;   2.4;    3;   0.0;   0;    9.917;   0;   3.5;  11.9; 1009.70;   13.3;   79.46;   18.7;    9.2;    5.9;eor
       2932;20180418;   10;   4.6;   1.9;    3;   0.0;   0;   12.333;   0;   3.2;  11.6; 1015.35;   16.1;   66.00;   23.4;    8.8;    4.4;eor
       2932;20180419;   10;   9.4;   2.5;    3;   0.0;   0;   12.683;   0;   2.9;  12.3; 1014.03;   17.4;   63.63;   23.7;   10.0;    4.8;eor
       2932;20180420;   10;   7.2;   2.6;    3;   0.0;   0;   13.117;   0;   4.4;  12.6; 1007.43;   19.1;   59.92;   26.9;   11.6;    5.1;eor
       2932;20180421;   10;   7.4;   2.6;    3;   0.0;   0;   11.817;   0;   3.0;  12.9; 1003.55;   16.9;   67.75;   21.7;   11.1;    5.5;eor
       2932;20180422;   10;   8.7;   2.3;    3;   0.0;   6;   10.667;   0;   4.9;  12.5;  998.94;   17.1;   65.75;   24.4;    8.3;    4.3;eor
       2932;20180423;   10;  10.3;   3.4;    3;   2.7;   6;    3.733;   0;   5.7;  13.8;  996.99;   15.8;   76.42;   21.4;   10.4;    5.4;eor
       2932;20180424;   10;  16.5;   4.1;    3;   0.6;   6;    4.850;   0;   5.8;  11.2;  998.81;   12.8;   77.00;   17.6;    7.8;    3.2;eor
       2932;20180425;   10;  19.2;   5.7;    3;   1.0;   6;    3.783;   0;   6.4;  11.2;  993.43;   13.6;   72.75;   19.5;    8.3;    3.5;eor
       2932;20180426;   10;  17.7;   5.9;    3;   0.4;   6;    7.733;   0;   4.6;   8.8;  998.58;    9.6;   74.00;   14.5;    6.0;    1.6;eor
       2932;20180427;   10;   7.7;   3.2;    3;   0.0;   0;   11.667;   0;   4.8;   8.2;  997.77;   11.3;   64.00;   17.2;    4.8;    1.8;eor
       2932;20180428;   10;  12.9;   4.0;    3;   0.2;   6;   10.067;   0;   4.8;   9.4;  995.01;   14.4;   59.63;   21.6;    6.2;    2.0;eor
       2932;20180429;   10;   7.7;   3.0;    3;   0.4;   6;   10.233;   0;   4.0;  12.0;  992.52;   16.6;   65.50;   23.6;    8.7;    4.2;eor
       2932;20180430;   10;  18.5;   6.8;    3;   0.0;   0;   10.100;   0;   3.3;  10.9;  985.87;   16.0;   60.75;   20.0;   12.3;    7.7;eor
       2932;20180501;   10;  15.8;   6.9;    3;   0.0;   0;   11.533;   0;   3.3;   7.2;  994.77;   11.6;   52.71;   14.7;    5.1;   -1.2;eor
       2932;20180502;   10;   7.4;   2.6;    3;   0.8;   6;    1.133;   0;   6.0;   8.6;  997.63;   10.0;   70.21;   14.3;    4.0;   -2.2;eor
       2932;20180503;   10;   9.9;   3.4;    3;   0.0;   0;   11.600;   0;   4.2;   9.7;  999.13;   12.9;   66.17;   17.7;    8.1;    4.5;eor
       2932;20180504;   10;   8.1;   2.6;    3;   0.0;   0;    7.650;   0;   4.0;   7.2; 1006.77;   12.6;   50.54;   17.3;    8.5;    2.9;eor
       2932;20180505;   10;   9.6;   3.2;    3;   0.0;   0;   14.350;   0;   1.7;   7.9; 1009.90;   12.8;   55.75;   19.8;    5.1;    1.9;eor
       2932;20180506;   10;   9.3;   3.4;    3;   0.0;   0;   14.400;   0;   0.4;   9.5; 1009.30;   14.9;   58.04;   21.5;    6.4;    3.9;eor
       2932;20180507;   10;  10.1;   3.8;    3;   0.0;   0;   14.533;   0;   0.0;  10.0; 1005.24;   16.6;   54.96;   23.3;    8.3;    6.2;eor
       2932;20180508;   10;  11.1;   4.4;    3;   0.0;   0;   14.417;   0;   0.1;  10.5;  998.30;   17.9;   53.88;   24.5;   10.3;    4.4;eor
       2932;20180509;   10;  11.0;   3.8;    3;   0.0;   0;   12.633;   0;   2.5;  13.0;  992.92;   18.6;   61.17;   25.2;   10.6;    5.9;eor
       2932;20180510;   10;  12.7;   3.7;    3;   0.2;   6;    9.717;   0;   5.1;  14.1;  993.35;   18.5;   69.04;   25.4;   12.9;    8.1;eor
       2932;20180511;   10;   6.5;   2.6;    3;   0.0;   0;    3.983;   0;   5.5;  12.2; 1003.23;   14.2;   76.04;   19.2;   11.0;    6.4;eor
       2932;20180512;   10;   9.4;   3.9;    3;   0.0;   0;    8.550;   0;   3.6;  14.3; 1000.22;   16.7;   77.00;   23.8;    9.9;    7.7;eor
       2932;20180513;   10;  12.5;   5.1;    3;   0.0;   0;   14.133;   0;   1.0;  12.3;  995.17;   20.0;   56.50;   26.7;   13.3;   12.2;eor
       2932;20180514;   10;  14.2;   5.2;    3;   0.0;   0;   14.550;   0;   1.0;   9.5;  996.04;   18.6;   47.42;   25.2;   12.4;   10.9;eor
       2932;20180515;   10;  12.9;   2.6;    3;  22.0;   6;    5.150;   0;   6.3;  11.6;  997.70;   14.2;   72.88;   22.0;    9.5;    5.9;eor
       2932;20180516;   10;   9.9;   2.9;    3;   9.6;   6;    0.667;   0;   7.4;  14.0;  996.70;   13.5;   90.83;   18.4;   10.4;    9.6;eor
       2932;20180517;   10;  12.2;   4.3;    3;   0.0;   0;    3.800;   0;   6.5;  12.1;  999.20;   13.0;   80.88;   16.4;    9.1;    6.9;eor
       2932;20180518;   10;   6.5;   2.7;    3;   0.0;   0;    0.167;   0;   7.6;  10.8; 1003.93;   11.3;   80.58;   14.0;    9.4;    8.6;eor
       2932;20180519;   10;   5.1;   1.6;    3;   0.0;   0;    7.633;   0;   6.3;  11.1; 1005.72;   13.3;   73.46;   18.4;    6.9;    2.8;eor
       2932;20180520;   10;  10.5;   3.7;    3;   0.0;   0;   14.933;   0;   1.6;   9.3; 1007.11;   15.7;   54.42;   21.8;    8.9;    7.0;eor
       2932;20180521;   10;  12.9;   5.1;    3;   0.0;   0;   15.017;   0;   0.4;  10.2; 1002.85;   16.8;   56.13;   22.7;    9.9;    8.7;eor
       2932;20180522;   10;   8.2;   3.2;    3;   0.0;   0;   13.767;   0;   2.6;  10.3;  998.50;   17.8;   53.50;   24.2;   10.0;    8.5;eor
       2932;20180523;   10;  12.7;   4.0;    3;   1.3;   6;    9.133;   0;   5.4;  11.0; 1003.06;   19.3;   50.54;   25.3;   12.8;   11.4;eor
       2932;20180524;   10;  10.3;   4.0;    3;   0.0;   6;    0.583;   0;   7.6;  13.5; 1004.49;   18.7;   62.88;   22.3;   14.8;   10.9;eor
       2932;20180525;   10;  12.0;   3.7;    3;   0.0;   0;   13.100;   0;   4.1;  12.4; 1003.66;   20.1;   55.25;   25.9;   13.1;    8.6;eor
       2932;20180526;   10;   5.5;-999;    3;   0.0;   0;   14.783;   0;   1.5;  12.7; 1005.10;   20.5;   55.54;   27.2;   11.3;    7.1;eor
       2932;20180527;   10;   7.5;   2.6;    3;   0.0;   6;    9.217;   0;   4.3;  15.4; 1003.90;   20.0;   67.42;   26.9;   12.4;    8.2;eor
       2932;20180528;   10;  10.1;   3.5;    3;   0.0;   0;   14.183;   0;   3.9;  16.2; 1002.40;   23.5;   59.67;   30.5;   15.0;   11.3;eor
       2932;20180529;   10;  13.7;   5.1;    3;   0.0;   0;   13.167;   0;   3.0;  17.0;  998.17;   24.7;   57.42;   31.4;   17.8;   15.1;eor
       2932;20180530;   10;   9.8;   2.5;    3;   0.0;   0;   10.433;   0;   6.3;  18.0;  998.43;   22.3;   68.13;   27.8;   15.9;   12.6;eor
       2932;20180531;   10;   6.2;   2.1;    3;   0.0;   6;   11.483;   0;   4.6;  18.1;  998.38;   22.9;   67.71;   30.2;   14.7;   11.0;eor
       2932;20180601;   10;  14.4;   2.9;    3;  20.2;   6;    4.033;   0;   6.5;  19.5;  999.02;   20.5;   81.54;   27.1;   17.8;   14.9;eor
       2932;20180602;   10;   9.9;   4.4;    3;   2.0;   6;    1.783;   0;   6.7;  18.1; 1000.90;   18.6;   84.42;   21.5;   16.1;   14.5;eor
       2932;20180603;   10;   6.7;   2.4;    3;   0.0;   0;   10.067;   0;   5.0;  17.0; 1001.56;   20.0;   74.00;   25.1;   15.3;   12.7;eor
       2932;20180604;   10;   6.2;   1.9;    3;   0.0;   0;   10.283;   0;   3.1;  17.1;  996.55;   21.0;   70.63;   26.3;   15.2;   11.6;eor
       2932;20180605;   10;   6.5;   2.3;    3;   0.0;   0;    6.567;   0;   4.2;  15.3;  997.06;   17.8;   75.83;   23.2;   14.8;   10.8;eor
       2932;20180606;   10;  11.5;   4.9;    3;   0.0;   0;   15.350;   0;   2.3;  12.1;  999.40;   19.2;   55.83;   25.5;   12.0;   10.2;eor
       2932;20180607;   10;   9.3;   3.6;    3;   0.0;   0;   13.750;   0;   3.5;  11.8;  999.42;   21.3;   47.54;   28.9;   12.5;   11.0;eor
       2932;20180608;   10;   7.4;   2.3;    3;   0.0;   6;   13.967;   0;   5.3;  13.7;  996.79;   23.4;   50.29;   30.1;   13.4;   10.3;eor
       2932;20180609;   10;  16.8;   3.1;    3;   0.5;   6;    9.450;   0;   5.3;  16.0;  995.45;   24.1;   56.63;   31.7;   17.4;   14.1;eor
       2932;20180610;   10;   9.6;   2.4;    3;   0.0;   6;    4.617;   0;   5.4;  19.1;  994.54;   21.2;   76.33;   27.2;   17.0;   14.2;eor
       2932;20180611;   10;   6.9;   2.4;    3;   0.0;   6;    4.367;   0;   6.7;  15.0;  995.26;   19.2;   69.13;   23.9;   15.6;   13.7;eor
       2932;20180612;   10;   8.4;-999;    3;   0.0;   6;    3.700;   0;   6.8;  11.9;  994.65;   16.6;   63.50;   20.5;   13.7;   14.0;eor
       2932;20180613;   10;   9.4;   3.1;    3;   0.0;   6;    0.083;   0;   7.7;  11.7;  997.19;   14.3;   71.46;   15.8;   12.9;   11.5;eor
       2932;20180614;   10;   8.1;   2.6;    3;   0.0;   0;   11.067;   0;   5.6;  10.6;  999.61;   17.1;   56.17;   22.3;   12.8;    9.2;eor
       2932;20180615;   10;   5.7;   1.7;    3;   0.0;   0;    3.867;   0;   7.2;  13.6; 1001.06;   18.4;   65.00;   23.0;   13.2;   12.0;eor
       2932;20180616;   10;  10.6;   2.8;    3;   0.0;   0;    8.117;   0;   6.9;  13.4;  999.77;   22.0;   52.71;   27.2;   17.3;   14.2;eor
       2932;20180617;   10;  10.5;   3.3;    3;   0.0;   6;    7.967;   0;   5.0;  13.4; 1000.00;   20.3;   57.17;   25.6;   14.8;    9.7;eor
       2932;20180618;   10;   9.8;   3.4;    3;   0.0;   6;    5.650;   0;   5.5;  12.9; 1004.31;   18.8;   60.63;   24.7;   14.7;   10.6;eor
       2932;20180619;   10;  10.3;   3.5;    3;   0.0;   0;    4.100;   0;   5.4;  14.9; 1006.02;   20.5;   62.71;   25.9;   15.5;   12.0;eor
       2932;20180620;   10;   7.9;   2.1;    3;   0.0;   0;    9.733;   0;   4.8;  16.1; 1004.39;   23.3;   58.96;   29.8;   16.8;   13.3;eor
       2932;20180621;   10;  18.3;   5.4;    3;   1.6;   6;   10.117;   0;   3.3;  13.0;  998.44;   18.2;   62.50;   27.8;   10.9;    8.1;eor
       2932;20180622;   10;  14.7;   6.0;    3;   1.4;   6;    3.283;   0;   6.3;  10.0; 1003.42;   12.6;   69.71;   17.8;    8.5;    6.9;eor
       2932;20180623;   10;  11.8;   5.4;    3;   1.2;   6;    0.700;   0;   7.6;  10.8; 1005.61;   12.7;   73.54;   15.7;   10.3;    9.7;eor
       2932;20180624;   10;   9.4;   3.6;    3;   2.3;   6;    0.233;   0;   7.7;  12.0; 1004.18;   12.9;   81.08;   15.7;   11.0;   10.2;eor
       2932;20180625;   10;   9.1;   2.8;    3;   0.0;   0;    5.383;   0;   6.3;  12.9; 1005.14;   16.1;   72.92;   22.0;   11.9;   11.4;eor
       2932;20180626;   10;   9.1;   2.7;    3;   0.0;   0;    5.867;   0;   5.9;  13.1; 1006.99;   18.0;   64.92;   23.2;   13.9;   12.8;eor
       2932;20180627;   10;  11.1;   3.0;    3;   0.0;   0;    9.600;   0;   3.3;  11.7; 1007.70;   18.3;   58.50;   24.4;   10.9;    7.0;eor
       2932;20180628;   10;  13.4;   3.7;    3;   0.0;   6;    8.100;   0;   5.5;  13.4; 1004.24;   21.0;   56.38;   27.8;   13.0;    9.8;eor
       2932;20180629;   10;  12.3;   3.9;    3;   0.0;   0;   13.617;   0;   3.6;  12.0;  999.92;   23.5;   43.83;   29.6;   16.5;   14.9;eor
       2932;20180630;   10;  13.9;   4.3;    3;   0.0;   0;   15.183;   0;   1.6;   8.9; 1002.65;   17.8;   46.13;   22.6;   12.2;    8.1;eor
       2932;20180701;   10;  11.3;   3.5;    3;   0.0;   0;   15.367;   0;   1.2;   7.5; 1004.09;   16.5;   42.88;   22.7;    9.2;    4.6;eor
       2932;20180702;   10;   8.9;   2.5;    3;   0.0;   0;   15.733;   0;   0.6;   8.0; 1001.97;   17.5;   43.04;   23.8;   10.0;    6.0;eor
       2932;20180703;   10;   7.9;   2.2;    3;   0.0;   0;   15.317;   0;   1.0;   7.8; 1000.68;   20.6;   35.33;   27.8;   11.7;    5.1;eor
       2932;20180704;   10;  13.4;   2.3;    3;   0.0;   0;   14.167;   0;   2.8;   8.7;  997.85;   23.7;   33.38;   32.4;   12.9;    6.2;eor
       2932;20180705;   10;  12.9;   3.5;    3;   0.0;   6;    8.883;   0;   4.9;  13.6;  995.31;   24.2;   47.38;   31.0;   17.9;   12.0;eor
       2932;20180706;   10;  11.7;   3.7;    3;   0.0;   0;    4.300;   0;   4.9;  12.9; 1001.21;   18.6;   60.63;   24.1;   14.5;   11.3;eor
       2932;20180707;   10;  11.5;   4.1;    3;   0.0;   0;   15.350;   0;   2.3;   9.4; 1004.58;   18.7;   46.29;   25.6;   10.9;    9.0;eor
       2932;20180708;   10;-999;-999;    3;   0.0;   0;    5.300;   0;   5.1;  13.2; 1004.84;   19.1;   60.50;   26.5;   12.3;   10.7;eor
       2932;20180709;   10;  12.0;-999;    3;   3.9;   6;    9.900;   0;   5.3;  11.8; 1003.22;   19.2;   54.63;   25.2;   14.3;   12.9;eor
       2932;20180710;   10;   7.7;   2.2;    3;   0.2;   6;    2.400;   0;   5.8;  12.5;  999.85;   15.0;   74.13;   19.2;   11.5;    7.3;eor
       2932;20180711;   10;   9.1;   2.4;    3;   0.1;   6;    3.150;   0;   5.1;  13.3;  998.62;   15.0;   78.38;   21.0;    9.9;    6.1;eor
       2932;20180712;   10;  10.3;   3.7;    3;   5.4;   6;    1.900;   0;   6.7;  14.7;  998.97;   17.1;   77.04;   24.8;   10.6;    8.2;eor
       2932;20180713;   10;   9.3;   3.3;    3;   0.0;   0;   14.550;   0;   2.0;  13.4; 1002.00;   21.4;   55.54;   27.9;   15.2;   11.6;eor
       2932;20180714;   10;   9.4;   2.9;    3;   0.0;   0;   12.917;   0;   1.9;  13.5; 1002.94;   19.6;   62.67;   26.4;   12.8;   11.3;eor
       2932;20180715;   10;   7.2;   2.4;    3;   0.0;   0;   14.700;   0;   2.1;  12.4; 1000.93;   20.4;   54.71;   26.6;   13.4;    9.7;eor
       2932;20180716;   10;   6.9;   1.8;    3;   0.0;   0;   13.383;   0;   3.2;  11.8;  997.72;   21.8;   48.92;   28.5;   13.2;    8.6;eor
       2932;20180717;   10;  12.2;   3.3;    3;   0.0;   0;   14.367;   0;   2.8;  11.5;  996.17;   23.9;   43.17;   31.0;   14.2;    9.6;eor
       2932;20180718;   10;  12.3;   4.8;    3;   0.0;   0;   12.917;   0;   3.5;  12.9;  999.65;   21.8;   50.67;   26.8;   16.8;   14.1;eor
       2932;20180719;   10;   7.9;   2.8;    3;   0.0;   0;   13.867;   0;   1.5;  11.6; 1001.05;   20.7;   49.92;   27.4;   12.4;   10.8;eor
       2932;20180720;   10;   7.2;   2.1;    3;   0.0;   0;   13.050;   0;   2.1;  11.6;  998.38;   22.5;   45.54;   29.2;   14.1;    9.4;eor
       2932;20180721;   10;  11.1;   3.8;    3;   0.0;   6;    5.600;   0;   5.8;  13.5;  995.65;   22.2;   52.25;   29.4;   15.8;   14.6;eor
       2932;20180722;   10;   8.7;   2.5;    3;   1.8;   6;    0.600;   0;   7.5;  18.1;  997.71;   20.6;   75.75;   26.3;   18.0;   14.9;eor
       2932;20180723;   10;   6.7;   2.3;    3;   0.0;   0;   11.717;   0;   2.6;  15.6; 1000.23;   22.5;   60.38;   28.7;   16.0;   12.4;eor
       2932;20180724;   10;   9.3;   2.1;    3;   0.0;   0;   14.233;   0;   0.6;  14.1;  999.42;   24.9;   47.33;   31.7;   15.7;   11.2;eor
       2932;20180725;   10;   8.4;   2.4;    3;   0.0;   0;   13.883;   0;   1.3;  15.2;  999.06;   26.5;   46.46;   33.0;   18.5;   14.3;eor
       2932;20180726;   10;   9.9;   2.8;    3;   0.0;   0;   14.633;   0;   0.8;  13.9; 1000.15;   26.3;   43.96;   32.6;   18.6;   14.5;eor
       2932;20180727;   10;  23.5;   3.2;    3;  15.1;   6;   10.150;   0;   3.1;  16.9;  998.35;   23.8;   59.79;   31.8;   18.4;   15.6;eor
       2932;20180728;   10;  17.7;   3.3;    3;  11.0;   6;    9.983;   0;   4.1;  19.3;  993.88;   23.1;   71.83;   33.0;   17.8;   16.7;eor
       2932;20180729;   10;   8.2;   2.3;    3;   0.0;   0;   11.200;   0;   5.9;  16.5;  999.65;   23.0;   62.13;   29.5;   17.2;   15.8;eor
       2932;20180730;   10;   6.9;   2.3;    3;   0.0;   0;   13.833;   0;   3.0;  15.1;  999.64;   28.0;   42.71;   34.2;   20.5;   18.0;eor
       2932;20180731;   10;   9.3;   3.0;    3;   0.0;   6;   12.400;   0;   2.7;  15.2;  999.51;   29.5;   39.63;   36.6;   20.5;   18.8;eor
       2932;20180801;   10;  11.3;   3.8;    3;   0.0;   0;    5.150;   0;   6.0;  17.8; 1003.10;   25.4;   55.04;   28.7;   21.0;   20.3;eor
       2932;20180802;   10;   8.9;   3.3;    3;   0.0;   0;    7.650;   0;   4.3;  18.4; 1005.80;   25.3;   58.54;   30.2;   21.6;   20.0;eor
       2932;20180803;   10;   9.8;   2.5;    3;   0.0;   0;   12.617;   0;   2.3;  16.2; 1004.73;   26.7;   48.88;   33.0;   19.5;   18.3;eor
       2932;20180804;   10;   9.1;   2.8;    3;   0.0;   0;   11.583;   0;   2.0;  15.7; 1000.87;   27.4;   44.88;   33.5;   19.3;   17.3;eor
       2932;20180805;   10;  10.1;   4.0;    3;   0.0;   0;    8.400;   0;   4.3;  14.6; 1003.90;   22.1;   55.50;   25.5;   16.0;   11.8;eor
       2932;20180806;   10;   6.7;   2.2;    3;   0.0;   0;   14.467;   0;   0.7;  11.0; 1002.25;   22.1;   45.33;   29.7;   13.0;    9.5;eor
       2932;20180807;   10;-999;-999;    3;   0.0;   0;   12.167;   0;   2.8;  11.9;  995.97;   27.4;   35.88;   35.8;   15.6;   13.0;eor
       2932;20180808;   10;  12.9;   4.4;    3;   0.0;   6;   10.950;   0;   3.8;  15.1;  995.30;   28.4;   40.46;   34.8;   22.6;   19.4;eor
       2932;20180809;   10;  16.3;   4.4;    3;   3.4;   6;   10.367;   0;   2.8;  17.3;  996.98;   26.0;   54.96;   35.6;   20.2;   17.3;eor
       2932;20180810;   10;  13.4;   5.4;    3;   0.0;   6;    9.017;   0;   4.8;  11.5; 1004.33;   21.0;   47.08;   24.8;   16.3;   11.3;eor
       2932;20180811;   10;  13.4;   4.7;    3;   0.0;   0;    8.867;   0;   3.9;   9.2; 1004.65;   19.2;   42.75;   24.6;   12.9;    7.8;eor
       2932;20180812;   10;   7.7;   2.5;    3;   0.0;   0;   12.717;   0;   4.7;   8.6; 1000.60;   20.2;   40.50;   28.0;   11.7;    7.2;eor
       2932;20180813;   10;  13.9;   4.1;    3;   0.1;   6;    7.533;   0;   5.4;  12.8;  992.68;   21.7;   51.29;   31.3;   14.0;    9.5;eor
       2932;20180814;   10;  14.2;   5.4;    3;   0.1;   6;    6.150;   0;   5.0;  15.5;  996.28;   19.5;   69.25;   24.1;   14.9;   12.0;eor
       2932;20180815;   10;   8.4;-999;    3;   0.0;   0;    7.000;   0;   4.3;  13.6; 1002.80;   19.7;   61.71;   25.7;   13.9;   10.8;eor
       2932;20180816;   10;-999;-999;    3;   0.0;   0;   13.500;   0;   0.8;  12.9; 1000.78;   22.3;   51.96;   29.9;   13.5;    9.9;eor
       2932;20180817;   10;  10.3;   3.8;    3;   0.1;   6;   12.750;   0;   4.4;  14.6;  999.08;   23.9;   50.38;   30.3;   16.9;   13.6;eor
       2932;20180818;   10;   5.7;   1.9;    3;   0.0;   0;    5.250;   0;   5.1;  15.6; 1004.81;   21.3;   62.67;   26.5;   16.8;   13.7;eor
       2932;20180819;   10;  10.6;   2.6;    3;   0.0;   0;   12.733;   0;   2.7;  12.2; 1003.41;   23.2;   46.21;   30.8;   14.9;   11.5;eor
       2932;20180820;   10;   9.8;   3.5;    3;   0.1;   6;    3.600;   0;   4.8;  14.4; 1002.02;   21.8;   55.08;   25.2;   16.9;   12.1;eor
       2932;20180821;   10;   7.4;   2.2;    3;   0.0;   0;    6.133;   0;   5.2;  13.9; 1004.98;   20.8;   57.04;   24.9;   15.7;   13.0;eor
       2932;20180822;   10;   6.7;   2.2;    3;   0.0;   0;   13.217;   0;   1.0;  11.5; 1002.08;   22.0;   47.29;   30.0;   12.2;    9.1;eor
       2932;20180823;   10;  18.3;   3.5;    3;   1.4;   6;    9.067;   0;   3.0;  15.4;  995.64;   23.7;   56.38;   34.2;   18.1;   13.6;eor
       2932;20180824;   10;  14.6;   3.6;    3;   1.0;   6;    2.250;   0;   7.3;  16.2;  993.92;   18.8;   75.00;   23.4;   15.1;   13.7;eor
       2932;20180825;   10;  13.4;   5.0;    3;   1.5;   6;    5.467;   0;   5.4;  11.9;  994.80;   15.4;   68.79;   19.8;   10.4;    6.6;eor
       2932;20180826;   10;  14.4;   3.8;    3;   0.0;   0;   10.200;   0;   3.9;   8.5;  999.92;   14.1;   56.38;   20.8;    7.6;    4.4;eor
       2932;20180827;   10;  14.7;   6.4;    3;   0.0;   6;    4.133;   0;   5.4;  10.6;  997.62;   17.2;   54.38;   23.1;   11.1;    9.3;eor
       2932;20180828;   10;   5.7;   1.8;    3;   0.0;   0;    7.983;   0;   4.8;  11.5; 1003.30;   18.4;   56.33;   23.0;   13.6;   10.3;eor
       2932;20180829;   10;   8.7;-999;    3;   0.0;   6;   11.633;   0;   2.8;  11.3;  998.42;   20.7;   49.96;   29.2;   10.7;    8.8;eor
       2932;20180830;   10;  10.1;   4.3;    3;   5.2;   6;    0.000;   0;   7.6;  15.4;  999.87;   17.3;   78.96;   20.7;   13.8;   12.1;eor
       2932;20180831;   10;   8.1;   2.8;    3;   0.0;   0;    7.900;   0;   6.0;  10.7; 1005.39;   15.1;   64.17;   20.1;   10.4;    7.3;eor
       2932;20180901;   10;   8.6;   2.8;    3;   0.0;   6;    7.633;   0;   6.1;  10.8; 1008.39;   15.9;   61.50;   21.6;    8.7;    5.7;eor
       2932;20180902;   10;   7.4;   2.8;    3;   3.7;   6;    0.000;   0;   7.9;  15.3; 1007.43;   15.9;   84.54;   17.6;   14.5;   14.0;eor
       2932;20180903;   10;   7.4;   2.3;    3;   0.5;   6;    1.950;   0;   7.2;  17.7; 1001.11;   18.9;   81.71;   22.5;   14.5;   13.5;eor
       2932;20180904;   10;   8.7;   2.4;    3;   0.0;   0;    9.050;   0;   4.6;  14.6;  999.86;   20.4;   64.17;   27.2;   15.2;   13.6;eor
       2932;20180905;   10;   6.7;   2.0;    3;   0.0;   0;    9.917;   0;   2.5;  13.7; 1001.55;   18.7;   65.67;   24.9;   12.9;   10.4;eor
       2932;20180906;   10;   8.2;   3.1;    3;   5.5;   6;    7.950;   0;   3.7;  13.3;  996.19;   20.3;   59.13;   27.3;   11.8;    9.2;eor
       2932;20180907;   10;  11.3;   3.4;    3;   0.2;   6;    4.317;   0;   7.0;  15.4;  996.74;   18.5;   73.88;   23.6;   14.7;   13.5;eor
       2932;20180908;   10;   9.3;   3.1;    3;   0.0;   0;   11.350;   0;   4.6;   9.9; 1004.10;   15.9;   57.83;   21.2;   10.1;    7.0;eor
       2932;20180909;   10;   9.4;   3.0;    3;   0.0;   0;    5.000;   0;   5.7;  10.6; 1005.26;   18.0;   53.21;   24.0;   12.4;    9.3;eor
       2932;20180910;   10;  11.0;   3.2;    3;   0.0;   0;    4.667;   0;   6.2;  11.8; 1005.15;   19.4;   55.38;   26.4;   12.4;    8.9;eor
       2932;20180911;   10;  14.7;   5.4;    3;   0.0;   0;   10.983;   0;   6.5;  12.2; 1005.14;   21.1;   51.13;   26.7;   16.1;   14.7;eor
       2932;20180912;   10;  15.8;   5.1;    3;   0.0;   0;   12.100;   0;   1.0;  12.3; 1003.56;   21.5;   51.38;   29.7;   14.1;   12.4;eor
       2932;20180913;   10;   6.7;   2.8;    3;   0.0;   6;    0.000;   0;   8.0;  14.0; 1004.23;   15.5;   79.33;   17.5;   14.2;   13.9;eor
       2932;20180914;   10;   5.0;   1.8;    3;   0.2;   6;    0.967;   0;   7.3;  13.9; 1004.15;   15.7;   78.46;   19.4;   12.9;   11.2;eor
       2932;20180915;   10;   9.3;   3.0;    3;   0.0;   0;    5.567;   0;   5.4;  11.3; 1006.35;   15.9;   64.42;   20.5;   10.8;    8.2;eor
       2932;20180916;   10;   7.2;   2.3;    3;   0.0;   0;   10.550;   0;   6.0;  10.0; 1007.25;   16.6;   56.00;   23.4;    9.8;    5.9;eor
       2932;20180917;   10;  10.1;   2.7;    3;   0.0;   0;    9.900;   0;   5.4;  10.3; 1003.58;   19.1;   49.71;   27.0;   10.6;    6.7;eor
       2932;20180918;   10;  10.1;   4.3;    3;   0.0;   0;-999;   0;   2.7;  12.3;  999.50;   22.1;   50.17;   31.2;   13.7;   11.6;eor
       2932;20180919;   10;  12.9;   3.9;    3;   0.0;   0;-999;   0;   3.2;  13.4; 1001.87;   22.9;   49.46;   30.5;   15.9;   12.0;eor
       2932;20180920;   10;  12.0;   3.7;    3;   0.0;   0;-999;   0;   5.7;  14.0; 1000.80;   22.8;   52.42;   30.4;   16.2;   13.4;eor
       2932;20180921;   10;  19.2;   7.4;    3;   2.8;   6;-999;   0;   6.0;  13.8;  994.00;   19.7;   63.38;   28.2;   11.6;   10.5;eor
       2932;20180922;   10;  14.6;   7.4;    3;   0.0;   6;-999;   0;   5.4;   9.3; 1002.15;   13.7;   60.33;   16.8;   10.4;    9.3;eor
       2932;20180923;   10;  14.9;   5.1;    3;  21.4;   6;-999;   0;   7.8;  11.3;  995.88;   10.8;   86.96;   12.6;    8.1;    7.3;eor
       2932;20180924;   10;  16.1;   6.7;    3;   0.1;   6;-999;   0;   4.6;   8.7; 1010.39;    9.2;   75.75;   13.1;    5.0;    3.5;eor
       2932;20180925;   10;   9.4;   3.4;    3;   0.0;   0;-999;   0;   1.5;   7.3; 1020.81;    8.5;   67.29;   14.3;    2.7;    1.0;eor
       2932;20180926;   10;  10.8;   5.3;    3;   0.0;   0;-999;   0;   4.9;   7.1; 1017.19;   10.6;   58.75;   17.0;    3.5;    2.3;eor
       2932;20180927;   10;   8.6;   4.3;    3;   0.0;   0;-999;   0;   2.6;  10.6; 1010.25;   15.8;   57.25;   22.3;    9.7;    7.9;eor
       2932;20180928;   10;  11.7;   3.5;    3;   0.0;   6;-999;   0;   4.6;   8.1; 1006.81;   11.3;   60.71;   15.9;    6.4;    2.1;eor
       2932;20180929;   10;   4.8;   1.9;    3;   0.0;   0;-999;   0;   2.1;   7.4; 1011.71;    8.8;   67.46;   14.9;    3.0;   -0.1;eor
       2932;20180930;   10;   5.7;   2.5;    3;   0.0;   0;-999;   0;   0.8;   6.9; 1001.44;   10.3;   59.50;   18.2;    3.4;    2.2;eor
       2932;20181001;   10;  10.8;   3.5;    3;   0.0;   6;-999;   0;   5.5;   8.3;  997.86;    8.2;   75.63;   12.4;    3.5;    0.5;eor
       2932;20181002;   10;  17.1;   8.3;    3;   0.1;   6;-999;   0;   6.9;   8.9; 1000.41;    7.9;   83.29;   11.3;    4.3;    3.1;eor
       2932;20181003;   10;  18.0;   7.3;    3;   0.1;   6;-999;   0;   6.0;   8.8; 1004.29;   11.2;   66.38;   14.0;    7.0;    5.0;eor
       2932;20181004;   10;   8.4;   3.7;    3;   0.0;   0;-999;   0;   6.1;   9.8; 1010.24;   11.1;   73.92;   16.4;    4.9;    2.4;eor
       2932;20181005;   10;   7.2;   3.2;    3;   0.0;   0;-999;   0;   1.6;  10.1; 1004.88;   13.3;   68.96;   20.9;    6.7;    5.2;eor
       2932;20181006;   10;   9.1;   4.7;    3;   0.0;   0;-999;   0;   4.8;  11.7;  995.39;   16.6;   62.96;   24.8;   10.3;    9.0;eor
       2932;20181007;   10;  11.1;   3.6;    3;   0.0;   0;-999;   0;   5.2;  10.9; 1000.70;   11.4;   79.58;   15.0;    5.3;    2.5;eor
       2932;20181008;   10;   6.2;   2.3;    3;   0.0;   0;-999;   0;   4.2;  10.0; 1006.23;    9.9;   81.88;   15.6;    3.8;    1.9;eor
       2932;20181009;   10;   4.1;   2.0;    3;   0.0;   0;-999;   0;   5.4;  12.4; 1006.66;   13.2;   82.75;   21.1;    6.9;    4.9;eor
       2932;20181010;   10;  13.0;   4.0;    3;   0.0;   0;-999;   0;   1.6;  12.6; 1004.93;   15.6;   73.75;   23.6;    6.6;    6.0;eor
       2932;20181011;   10;   9.1;   4.2;    3;   0.0;   0;-999;   0;   0.2;  10.3; 1000.98;   16.0;   59.96;   24.4;   10.1;    9.1;eor
       2932;20181012;   10;   8.6;   3.3;    3;   0.0;   0;-999;   0;   0.9;  11.4; 1005.85;   17.5;   59.29;   26.0;    9.8;    8.9;eor
       2932;20181013;   10;   8.1;   4.3;    3;   0.0;   0;-999;   0;   0.0;  11.4; 1006.40;   17.3;   60.25;   25.7;   11.5;    9.8;eor
       2932;20181014;   10;   8.2;   4.2;    3;   0.0;   0;-999;   0;   0.0;  10.1;  999.25;   15.4;   61.08;   23.6;    8.2;    7.3;eor
       2932;20181015;   10;   7.0;   3.6;    3;   0.0;   0;-999;   0;   3.4;   9.5;  999.04;   15.4;   56.13;   22.5;    8.3;    7.5;eor
       2932;20181016;   10;   5.7;   2.0;    3;   0.0;   0;-999;   0;   5.8;  10.7; 1002.00;   13.9;   67.50;   19.1;    9.7;    7.5;eor
       2932;20181017;   10;   3.6;   1.5;    3;   0.0;   0;-999;   0;   2.8;  11.6; 1003.08;   13.4;   77.21;   20.7;    8.4;    6.1;eor
       2932;20181018;   10;   7.9;   2.6;    3;   0.0;   0;-999;   0;   6.0;  12.5; 1005.44;   11.4;   92.25;   13.8;    7.3;    5.0;eor
       2932;20181019;   10;   5.5;   1.8;    3;   0.0;   0;-999;   0;   7.1;  10.1; 1008.90;   10.2;   81.63;   13.3;    7.2;    5.9;eor
       2932;20181020;   10;   6.2;   1.9;    3;   0.0;   0;-999;   0;   6.5;   8.4; 1012.21;    9.5;   71.79;   14.0;    4.9;    2.9;eor
       2932;20181021;   10;   4.1;   1.7;    3;   0.0;   0;-999;   0;   3.4;   8.6; 1012.28;    9.6;   73.42;   15.4;    5.2;    1.7;eor
       2932;20181022;   10;  10.3;   3.6;    3;   1.6;   6;-999;   0;   4.6;   9.1; 1011.81;    7.4;   87.83;   12.7;    3.6;    1.2;eor
       2932;20181023;   10;  19.5;   8.9;    3;   0.4;   6;-999;   0;   6.5;   9.3; 1002.18;    8.0;   86.04;   12.8;    2.3;    0.5;eor
       2932;20181024;   10;  19.7;   6.7;    3;   1.0;   6;-999;   0;   6.9;  10.2;  999.87;   10.5;   80.33;   12.8;    6.7;    4.5;eor
       2932;20181025;   10;  14.2;   6.3;    3;   0.6;   6;-999;   0;   7.5;  11.4;  998.23;   11.5;   83.96;   13.6;    9.0;    8.5;eor
       2932;20181026;   10;  12.9;   5.5;    3;   0.1;   6;-999;   0;   7.5;   9.7;  991.52;   10.4;   77.42;   12.9;    8.5;    8.1;eor
       2932;20181027;   10;  12.7;   5.4;    3;   0.0;   0;-999;   0;   7.6;   7.5;  991.01;    7.6;   71.17;   10.0;    3.8;    2.9;eor
       2932;20181028;   10;  13.7;   4.6;    3;   2.7;   6;-999;   0;   8.0;   7.6;  996.67;    4.3;   91.13;    5.8;    2.2;    2.0;eor
       2932;20181029;   10;  12.9;   6.4;    3;   0.0;   6;-999;   0;   8.0;   7.7;  988.41;    4.0;   95.21;    5.7;    3.2;    3.5;eor
       2932;20181030;   10;  22.1;   7.6;    3;   0.0;   0;-999;   0;   6.2;   9.0;  979.85;    9.0;   78.50;   16.4;    5.7;    5.5;eor
       2932;20181031;   10;  12.9;   4.1;    3;   0.0;   0;-999;   0;   3.5;   7.4; 1000.40;    8.5;   67.21;   13.5;    3.9;    2.2;eor
       2932;20181101;   10;   7.7;   2.6;    3;   0.0;   0;-999;   0;   5.9;   8.4;  997.10;    6.6;   86.00;   10.5;    1.3;    0.2;eor
       2932;20181102;   10;   9.3;   3.7;    3;   0.0;   0;-999;   0;   5.8;   8.8; 1005.74;    8.9;   77.42;   14.1;    5.4;    3.6;eor
       2932;20181103;   10;   4.6;   2.1;    3;   0.0;   0;-999;   0;   6.9;   8.9; 1012.05;    7.7;   84.71;   10.7;    5.9;    5.0;eor
       2932;20181104;   10;   4.6;   2.3;    3;   0.0;   0;-999;   0;   7.8;  11.3; 1003.00;    9.7;   93.33;   11.4;    7.2;    7.0;eor
       2932;20181105;   10;   5.8;   3.0;    3;   0.0;   0;-999;   0;   7.1;  11.8;  995.56;   10.5;   93.38;   14.7;    6.8;    5.9;eor
       2932;20181106;   10;   8.2;   3.8;    3;   0.0;   0;-999;   0;   1.8;  10.8;  994.06;   11.3;   81.71;   18.0;    6.5;    4.8;eor
       2932;20181107;   10;   6.7;   3.4;    3;   0.0;   0;-999;   0;   3.4;  11.0;  995.82;   10.3;   87.88;   15.7;    6.4;    5.7;eor
       2932;20181108;   10;   6.7;   2.8;    3;   0.0;   6;-999;   0;   7.0;  10.9; 1004.18;   10.7;   84.88;   15.4;    7.2;    5.5;eor
       2932;20181109;   10;   6.3;   2.9;    3;   0.0;   0;-999;   0;   6.1;  10.4; 1000.62;    8.7;   92.63;   11.9;    5.5;    4.7;eor
       2932;20181110;   10;  10.5;   4.2;    3;   1.2;   6;-999;   0;   3.8;   9.5;  994.37;    8.5;   85.83;   14.0;    3.9;    2.5;eor
       2932;20181111;   10;  11.8;   5.5;    3;   0.3;   6;-999;   0;   6.3;  10.5;  996.19;   10.1;   85.33;   13.9;    7.2;    6.5;eor
       2932;20181112;   10;  10.1;   5.4;    3;   0.0;   6;-999;   0;   5.3;  10.7; 1000.88;   13.2;   71.58;   19.4;    9.2;    8.1;eor
       2932;20181113;   10;  15.9;   4.6;    3;   2.7;   6;-999;   0;   5.0;  11.0; 1007.01;   10.5;   86.33;   13.0;    6.2;    3.5;eor
       2932;20181114;   10;   6.2;   3.4;    3;   0.0;   0;-999;   0;   3.2;   8.8; 1013.53;    6.9;   88.17;   11.8;    4.0;    2.4;eor
       2932;20181115;   10;   7.2;   2.9;    3;   0.0;   0;-999;   0;   3.8;   8.0; 1012.62;    5.8;   87.13;   11.1;    1.8;    0.8;eor
       2932;20181116;   10;   7.5;   3.5;    3;   0.0;   0;-999;   0;   0.3;   6.7; 1016.30;    3.6;   85.08;    8.7;   -0.6;   -1.3;eor
       2932;20181117;   10;   9.3;   4.4;    3;   0.0;   0;-999;   0;   1.5;   5.8; 1018.51;    1.2;   87.38;    5.0;   -2.2;   -3.0;eor
       2932;20181118;   10;   6.5;   2.5;    3;   1.8;   8;-999;   0;   4.1;   5.2; 1013.17;   -0.9;   90.13;    3.8;   -5.4;   -7.1;eor
       2932;20181119;   10;  14.7;   6.2;    3;   0.1;   6;-999;   0;   7.2;   6.7; 1003.90;    2.8;   88.46;    4.0;    0.4;   -0.3;eor
       2932;20181120;   10;  14.9;   8.1;    3;   0.4;   7;-999;   0;   7.8;   5.7;  999.07;    1.3;   84.83;    2.0;    0.2;   -0.2;eor
       2932;20181121;   10;   9.8;   4.8;    3;   0.1;   8;-999;   0;   7.5;   6.0; 1002.97;    0.7;   92.75;    1.4;    0.1;   -0.4;eor
       2932;20181122;   10;   7.7;   4.1;    3;   0.0;   6;-999;   0;   8.0;   6.4; 1006.07;    1.4;   94.21;    2.4;    0.3;    0.5;eor
       2932;20181123;   10;   6.5;   2.8;    3;   0.0;   0;-999;   0;   4.3;   6.5; 1004.09;    2.6;   88.08;    7.3;   -1.6;   -2.6;eor
       2932;20181124;   10;   3.1;   1.2;    3;   1.0;   6;-999;   0;   7.7;   6.4;  997.40;    0.8;   97.50;    4.6;   -2.6;   -2.6;eor
       2932;20181125;   10;   8.2;   2.9;    3;   0.0;   6;-999;   0;   6.4;   8.3;  995.29;    5.1;   93.75;    8.7;    3.1;    1.4;eor
       2932;20181126;   10;   9.9;   4.6;    3;   0.0;   6;-999;   0;   8.0;   7.1;  996.22;    3.0;   92.96;    4.5;    1.6;    1.5;eor
       2932;20181127;   10;   7.0;   2.6;    3;   0.0;   0;-999;   0;   6.3;   4.9; 1004.98;   -1.1;   87.29;    1.6;   -6.1;   -8.4;eor
       2932;20181128;   10;   7.5;   3.5;    3;   0.0;   0;-999;   0;   3.8;   4.2; 1010.33;   -2.4;   81.71;    2.2;   -7.5;   -8.7;eor
       2932;20181129;   10;  11.1;   5.0;    3;   0.0;   0;-999;   0;   7.0;   4.0; 1004.56;    1.6;   59.33;    6.9;   -2.8;   -3.8;eor
       2932;20181130;   10;  11.7;   5.7;    3;   5.2;   6;-999;   0;   7.8;   5.5;  998.60;    2.4;   75.63;    3.7;    1.3;    1.0;eor
       2932;20181201;   10;   9.8;   5.0;    3;   0.0;   0;-999;   0;   6.3;   7.8;  998.34;    5.4;   87.58;    8.9;    2.7;    1.6;eor
       2932;20181202;   10;  13.5;   7.1;    3;  10.0;   6;-999;   0;   7.4;   9.3;  987.53;    7.8;   86.21;   11.6;    5.3;    4.7;eor
       2932;20181203;   10;  13.9;   5.5;    3;   1.7;   6;-999;   0;   6.6;  11.4;  985.30;   11.0;   86.29;   13.8;    9.1;    7.4;eor
       2932;20181204;   10;  13.4;   5.5;    3;   0.0;   6;-999;   0;   4.5;   7.6;  999.48;    6.2;   78.71;   10.8;   -0.2;   -2.0;eor
       2932;20181205;   10;   7.7;   3.7;    3;   0.0;   6;-999;   0;   5.1;   5.5; 1009.87;    1.4;   81.88;    5.7;   -1.5;   -3.2;eor
       2932;20181206;   10;  10.8;   5.3;    3;   0.0;   6;-999;   0;   7.3;   7.7; 1000.78;    6.4;   77.50;   10.3;    2.3;    0.7;eor
       2932;20181207;   10;  18.3;   7.0;    3;   5.5;   6;-999;   0;   7.8;  10.9;  990.68;   10.8;   83.63;   11.9;    8.6;    8.0;eor
       2932;20181208;   10;  21.3;  10.0;    3;   1.1;   6;-999;   0;   5.1;   7.3;  986.33;    7.0;   72.88;    8.9;    4.6;    3.4;eor
       2932;20181209;   10;  17.7;   9.1;    3;   1.5;   6;-999;   0;   7.4;   8.0;  980.32;    7.2;   78.79;    8.7;    5.6;    5.0;eor
       2932;20181210;   10;  15.8;   7.8;    3;   0.7;   6;-999;   0;   7.0;   6.5;  996.08;    4.0;   79.88;    6.1;    2.4;    1.8;eor
       2932;20181211;   10;  16.3;   7.0;    3;   0.2;   6;-999;   0;   8.0;   6.6; 1000.03;    3.9;   81.25;    4.5;    2.7;    2.4;eor
       2932;20181212;   10;   9.3;   3.4;    3;   0.4;   6;-999;   0;   7.5;   6.5; 1007.06;    1.9;   93.08;    2.9;   -1.2;   -0.9;eor
       2932;20181213;   10;   6.0;   2.6;    3;   0.0;   8;-999;   0;   7.9;   5.8; 1006.60;    0.2;   94.17;    1.1;   -1.2;   -2.1;eor
       2932;20181214;   10;   6.7;   3.5;    3;   0.0;   7;-999;   0;   7.8;   5.6; 1008.04;    0.0;   90.88;    0.6;   -0.3;   -0.4;eor
       2932;20181215;   10;   7.0;   3.0;    3;   0.0;   7;-999;   0;   7.8;   5.0; 1010.26;   -0.9;   87.29;   -0.2;   -2.6;   -3.3;eor
       2932;20181216;   10;   7.7;   3.7;    3;   0.0;   8;-999;   0;   7.9;   4.8;  999.34;   -0.4;   81.08;    1.1;   -1.1;   -1.2;eor
       2932;20181217;   10;   7.7;   4.2;    3;   0.3;   6;-999;   0;   7.5;   6.3; 1003.87;    2.7;   84.46;    4.8;    0.3;    0.0;eor
       2932;20181218;   10;   7.7;   4.0;    3;   0.0;   0;-999;   0;   6.9;   6.7; 1008.28;    3.4;   85.50;    7.0;   -2.6;   -3.6;eor
       2932;20181219;   10;   8.2;   4.4;    3;   0.2;   6;-999;   0;   7.2;   5.9; 1000.54;    1.5;   86.38;    4.3;   -3.0;   -4.2;eor
       2932;20181220;   10;  10.6;   4.8;    3;   1.7;   6;-999;   0;   7.2;   7.3;  998.50;    5.0;   83.67;    7.4;    2.8;    1.9;eor
       2932;20181221;   10;  18.3;   7.1;    3;   5.0;   6;-999;   0;   7.5;   8.7;  990.72;    7.6;   83.38;   11.6;    5.2;    4.2;eor
       2932;20181222;   10;  17.5;   6.3;    3;   7.9;   6;-999;   0;   7.5;   8.8;  993.34;    7.4;   85.88;   10.9;    5.5;    4.7;eor
       2932;20181223;   10;  13.2;   4.4;    3;  12.9;   6;-999;   0;   7.6;   8.4; 1000.53;    6.1;   89.08;    7.6;    4.4;    4.0;eor
       2932;20181224;   10;  12.3;   5.1;    3;   0.5;   8;-999;   0;   7.5;   6.3; 1007.57;    2.5;   85.67;    4.5;    0.8;    0.5;eor
       2932;20181225;   10;  11.0;   6.0;    3;   0.0;   6;-999;   0;   7.7;   6.5; 1014.41;    3.7;   81.29;    5.3;    1.9;    1.7;eor
       2932;20181226;   10;  12.9;   6.6;    3;   0.0;   6;-999;   0;   8.0;   7.0; 1012.61;    3.7;   87.54;    4.7;    2.4;    2.0;eor
       2932;20181227;   10;   9.3;   4.1;    3;   0.0;   6;-999;   0;   6.4;   6.8; 1009.49;    4.5;   80.71;    6.8;    1.3;   -0.2;eor
       2932;20181228;   10;   9.3;   4.9;    3;   0.2;   6;-999;   0;   7.7;   6.9; 1010.10;    3.1;   89.54;    4.6;    0.5;   -0.6;eor
       2932;20181229;   10;  13.4;   6.4;    3;   3.6;   6;-999;   0;   7.8;   7.6; 1010.20;    4.2;   92.00;    5.9;    3.2;    2.8;eor
       2932;20181230;   10;  18.7;   6.8;    3;   0.0;   6;-999;   0;   7.4;   8.0; 1008.82;    6.3;   83.38;    7.3;    5.0;    4.3;eor
       2932;20181231;   10;   8.1;   3.1;    3;   0.1;   6;-999;   0;   8.0;   9.0; 1013.99;    6.2;   94.38;    7.4;    5.0;    4.7;eor
       2932;20190101;   10;  20.1;   9.0;    3;   3.5;   8;-999;   0;   6.9;   7.9; 1004.84;    6.0;   83.00;    7.8;    1.1;    0.2;eor
       2932;20190102;   10;  16.3;   7.0;    3;   0.0;   7;-999;   0;   4.6;   4.9; 1009.52;    1.8;   69.58;    3.1;   -0.9;   -1.9;eor
       2932;20190103;   10;   9.4;   4.2;    3;   0.0;   7;-999;   0;   5.0;   4.6; 1017.20;   -0.3;   77.63;    1.2;   -2.6;   -3.6;eor
       2932;20190104;   10;  11.8;   5.3;    3;   4.0;   8;-999;   1;   7.8;   6.2; 1013.32;    1.4;   91.04;    4.1;   -0.4;   -0.8;eor
       2932;20190105;   10;  12.0;   5.9;    3;   0.3;   6;-999;   0;   7.7;   8.8; 1005.01;    5.9;   94.46;    7.5;    3.4;    3.1;eor
       2932;20190106;   10;   9.4;   2.3;    3;   2.7;   6;-999;   0;   7.7;   6.8; 1011.32;    3.2;   87.46;    4.6;    2.2;    1.4;eor
       2932;20190107;   10;  14.4;   5.4;    3;   4.3;   6;-999;   0;   7.8;   7.9; 1009.91;    4.7;   91.71;    6.4;    3.1;    3.1;eor
       2932;20190108;   10;  20.6;   9.8;    3;   9.5;   8;-999;   0;   7.5;   7.3;  989.35;    4.6;   85.67;    5.9;    1.2;    0.9;eor
       2932;20190109;   10;  15.9;   7.7;    3;   3.1;   8;-999;   1;   8.0;   6.1;  992.21;    0.6;   94.92;    1.7;    0.1;   -0.1;eor
       2932;20190110;   10;  11.3;   4.6;    3;   0.1;   7;-999;   1;   7.7;   5.3; 1005.80;    0.1;   85.25;    1.3;   -0.7;   -0.8;eor
       2932;20190111;   10;  12.2;   6.2;    3;   1.2;   8;-999;   1;   7.9;   6.0; 1002.56;    0.8;   91.96;    5.4;   -1.1;   -1.1;eor
       2932;20190112;   10;  15.6;   7.2;    3;   1.4;   6;-999;   0;   7.8;   7.4;  996.53;    4.7;   85.75;    5.8;    4.0;    3.3;eor
       2932;20190113;   10;  21.4;   9.0;    3;   4.2;   6;-999;   0;   7.6;   8.1;  983.05;    6.0;   86.50;    8.3;    4.3;    3.8;eor
       2932;20190114;   10;  21.1;   8.0;    3;   2.0;   7;-999;   0;   4.7;   5.3;  988.57;    2.1;   74.58;    6.3;   -0.7;   -1.1;eor
       2932;20190115;   10;  16.6;   9.8;    3;   0.1;   8;-999;   1;   7.5;   6.2;  996.61;    3.4;   78.54;    5.8;    0.5;    0.1;eor
       2932;20190116;   10;  13.7;   7.1;    3;   0.0;   6;-999;   0;   7.4;   6.9;  992.58;    5.0;   78.38;    6.5;    3.2;    2.4;eor
       2932;20190117;   10;  16.8;   8.3;    3;   0.3;   8;-999;   0;   6.6;   6.3;  985.60;    4.7;   74.17;    7.6;    1.0;    0.1;eor
       2932;20190118;   10;  11.5;   4.9;    3;   0.0;   0;-999;   0;   4.1;   4.5; 1000.37;   -0.1;   74.29;    1.9;   -2.7;   -3.9;eor
       2932;20190119;   10;   5.0;   2.8;    3;   0.0;   0;-999;   0;   4.3;   4.1; 1002.91;   -2.1;   78.46;    2.6;   -6.1;   -7.5;eor
       2932;20190120;   10;   5.1;   2.0;    3;   0.0;   0;-999;   0;   0.2;   3.6; 1002.46;   -4.5;   81.58;   -0.6;   -7.9;   -9.5;eor
       2932;20190121;   10;   5.1;   1.6;    3;   0.0;   0;-999;   0;   3.0;   3.6; 1005.27;   -6.4;   93.25;   -3.3;   -9.4;  -10.2;eor
       2932;20190122;   10;   5.8;   3.4;    3;   0.0;   0;-999;   0;   1.3;   3.4;  994.94;   -5.2;   81.08;   -0.5;   -9.1;  -10.5;eor
       2932;20190123;   10;  12.0;   4.9;    3;   0.0;   0;-999;   0;   4.8;   3.1;  987.13;   -6.8;   84.08;   -3.3;   -9.9;  -10.8;eor
       2932;20190124;   10;   5.7;   2.9;    3;   0.0;   7;-999;   0;   7.3;   3.6;  994.43;   -4.6;   82.38;   -3.0;   -7.9;   -9.7;eor
       2932;20190125;   10;   8.7;   3.0;    3;   1.2;   8;-999;   1;   7.7;   3.7;  997.79;   -4.0;   82.38;   -1.3;   -6.4;   -7.9;eor
       2932;20190126;   10;  12.2;   6.9;    3;   5.2;   6;-999;   3;   8.0;   6.6;  987.39;    2.0;   92.13;    4.7;   -1.8;   -1.7;eor
       2932;20190127;   10;  10.8;   5.9;    3;   0.8;   6;-999;   0;   6.7;   6.8;  974.47;    4.4;   81.58;    7.3;    2.9;    2.0;eor
       2932;20190128;   10;  14.2;   5.6;    3;   2.4;   8;-999;   0;   6.9;   6.2;  976.06;    2.3;   86.00;    4.9;    0.6;   -0.4;eor
       2932;20190129;   10;  12.7;   5.1;    3;   0.0;   7;-999;   1;   6.3;   5.3;  987.55;    0.3;   84.25;    3.8;   -2.8;   -4.0;eor
       2932;20190130;   10;  11.0;   5.3;    3;   0.0;   0;-999;   0;   6.3;   4.5;  982.04;   -0.4;   76.54;    2.4;   -4.5;   -5.0;eor
       2932;20190131;   10;   7.9;   3.8;    3;   0.0;   0;-999;   0;   4.5;   4.6;  983.09;    0.8;   71.42;    4.2;   -4.1;   -4.5;eor
       2932;20190201;   10;   8.2;   4.3;    3;   0.0;   8;-999;   0;   6.7;   5.0;  978.30;    0.5;   79.79;    3.6;   -2.7;   -3.3;eor
       2932;20190202;   10;   6.3;   2.1;    3;   0.0;   6;-999;   0;   8.0;   6.1;  981.35;    0.4;   96.71;    0.6;    0.1;   -0.2;eor
       2932;20190203;   10;  11.1;   4.5;    3;   0.0;   7;-999;   0;   7.9;   5.6;  998.01;    0.4;   90.04;    1.1;   -0.3;   -0.6;eor
       2932;20190204;   10;   8.7;   4.7;    3;   0.0;   0;-999;   0;   4.3;   5.1; 1010.96;    0.7;   79.38;    5.3;   -3.3;   -4.5;eor
       2932;20190205;   10;  10.3;   4.7;    3;   0.0;   7;-999;   0;   7.2;   5.2; 1010.67;    1.4;   76.33;    4.2;   -0.7;   -1.5;eor
       2932;20190206;   10;   8.2;   4.5;    3;   0.0;   0;-999;   0;   5.0;   5.2; 1008.59;    1.6;   76.17;    6.6;   -2.0;   -2.9;eor
       2932;20190207;   10;  12.9;   5.4;    3;   0.0;   6;-999;   0;   6.7;   4.9;  997.48;    1.8;   69.58;    4.3;   -2.0;   -3.5;eor
       2932;20190208;   10;  14.4;   6.6;    3;   0.0;   6;-999;   0;   5.2;   6.4;  997.97;    4.8;   74.88;    8.8;    0.0;   -2.1;eor
       2932;20190209;   10;  21.8;   8.9;    3;   0.0;   6;-999;   0;   5.8;   6.4;  990.75;    7.5;   61.63;   11.5;    4.6;    3.4;eor
       2932;20190210;   10;  19.5;   9.0;    3;   1.8;   6;-999;   0;   5.9;   7.5;  982.76;    7.3;   73.25;   10.4;    3.9;    2.1;eor
       2932;20190211;   10;  19.2;   8.3;    3;   0.1;   8;-999;   0;   5.3;   6.3;  993.75;    4.2;   75.71;    7.1;    1.9;    0.4;eor
       2932;20190212;   10;  13.5;   5.5;    3;   0.3;   8;-999;   0;   6.9;   5.8; 1012.63;    2.8;   77.58;    5.1;    0.1;   -2.2;eor
       2932;20190213;   10;  12.7;   6.2;    3;   0.0;   6;    0.000;   0;   7.5;   7.0; 1017.51;    5.1;   79.04;    7.8;    1.9;    0.8;eor
       2932;20190214;   10;   7.2;   3.6;    3;   0.0;   0;    6.617;   0;   3.2;   6.1; 1019.27;    4.6;   73.08;   10.9;    0.2;   -1.6;eor
       2932;20190215;   10;   6.7;   3.2;    3;   0.0;   0;    9.750;   0;   0.8;   6.1; 1017.06;    5.6;   68.54;   14.2;   -1.0;   -2.5;eor
       2932;20190216;   10;   8.6;   4.2;    3;   0.0;   0;    9.800;   0;   0.5;   5.7; 1010.55;    7.8;   56.33;   16.9;    0.2;   -2.2;eor
       2932;20190217;   10;   9.8;   3.4;    3;   0.0;   0;    9.117;   0;   4.7;   6.4; 1007.73;    7.5;   62.04;   15.0;    1.7;   -1.5;eor
       2932;20190218;   10;   8.9;   4.0;    3;   0.0;   0;    9.700;   0;   2.3;   6.0; 1003.08;    7.8;   57.83;   15.3;    2.0;   -0.2;eor
       2932;20190219;   10;  11.3;   5.1;    3;   0.0;   6;    2.267;   0;   6.0;   6.5; 1000.77;    6.0;   69.58;    9.6;    2.3;   -1.4;eor
       2932;20190220;   10;  11.5;   5.0;    3;   0.0;   0;    4.650;   0;   6.8;   6.6; 1006.12;    6.0;   71.21;   10.6;    0.6;   -1.1;eor
       2932;20190221;   10;  13.5;   5.5;    3;   0.7;   6;    1.567;   0;   7.4;   7.8; 1008.71;    7.6;   74.75;   11.8;    3.5;    1.7;eor
       2932;20190222;   10;  10.8;   4.2;    3;   0.0;   6;    0.000;   0;   6.0;   7.5; 1019.16;    3.9;   89.42;    8.8;   -4.0;   -5.0;eor
       2932;20190223;   10;   7.7;   3.1;    3;   0.0;   0;    8.117;   0;   5.7;   4.1; 1025.68;   -0.4;   70.75;    5.2;   -5.6;   -6.6;eor
       2932;20190224;   10;   6.9;   2.6;    3;   0.0;   0;    7.317;   0;   3.0;   4.4; 1022.45;    2.9;   59.58;   10.9;   -3.1;   -4.4;eor
       2932;20190225;   10;   5.7;   2.9;    3;   0.0;   0;    9.750;   0;   3.9;   4.7; 1020.85;    6.0;   52.29;   14.6;   -1.2;   -3.0;eor
       2932;20190226;   10;   6.3;   2.8;    3;   0.0;   0;    9.183;   0;   4.0;   5.5; 1017.09;    6.8;   57.92;   13.6;   -0.6;   -2.7;eor
       2932;20190227;   10;   7.2;   3.4;    3;   0.0;   0;   10.150;   0;   0.7;   5.0; 1009.58;    8.1;   48.71;   16.8;    0.7;   -2.2;eor
       2932;20190228;   10;  12.3;   4.8;    3;   0.0;   6;    6.417;   0;   4.0;   6.6;  997.04;    8.9;   57.38;   14.5;    2.4;   -1.1;eor
       2932;20190301;   10;   9.3;   4.3;    3;   0.4;   6;    0.033;   0;   7.8;   8.6;  996.05;    7.1;   84.08;   10.9;    3.0;    2.8;eor
       2932;20190302;   10;   7.9;   3.6;    3;   0.0;   6;    0.000;   0;   7.9;   6.8;  999.05;    4.7;   79.21;    7.2;    2.8;    2.4;eor
       2932;20190303;   10;  16.5;   8.5;    3;   0.5;   6;    0.000;   0;   7.8;   8.8;  991.76;    9.9;   71.96;   11.4;    7.0;    6.5;eor
       2932;20190304;   10;  29.2;  10.9;    3;   1.4;   6;    3.100;   0;   6.6;   7.7;  979.82;    9.8;   65.13;   16.2;    4.2;    3.7;eor
       2932;20190305;   10;  17.8;   8.9;    3;   0.0;   6;    2.350;   0;   5.0;   6.4;  988.84;    5.4;   71.17;    8.7;    1.9;   -0.1;eor
       2932;20190306;   10;  13.9;   5.8;    3;   0.1;   6;    7.200;   0;   6.1;   7.1;  991.36;    7.5;   69.46;   12.9;    0.6;   -1.3;eor
       2932;20190307;   10;  19.9;   8.6;    3;   0.0;   0;    3.383;   0;   6.0;   7.5;  982.39;   11.1;   57.50;   15.9;    7.5;    6.3;eor
       2932;20190308;   10;  21.1;   9.2;    3;   0.2;   6;    3.000;   0;   5.3;   6.8;  992.47;    7.7;   64.04;   11.0;    4.2;    1.8;eor
       2932;20190309;   10;  23.3;  11.1;    3;   4.7;   8;    3.350;   0;   6.0;   7.4;  991.90;    8.3;   67.38;   12.5;    4.4;    3.2;eor
       2932;20190310;   10;  34.3;   7.8;    3;   6.9;   8;    0.283;   0;   7.3;   7.5;  988.35;    5.9;   80.33;   10.1;    1.0;    0.8;eor
       2932;20190311;   10;  19.0;   8.5;    3;   3.1;   6;    3.150;   0;   6.8;   6.1;  996.46;    3.4;   78.50;    6.4;    1.6;    0.8;eor
       2932;20190312;   10;  15.8;   6.9;    3;   0.0;   6;    4.867;   0;   7.0;   5.8;  999.70;    5.8;   65.17;    9.7;    0.2;   -1.1;eor
       2932;20190313;   10;  22.1;  11.0;    3;   0.0;   6;    3.633;   0;   6.5;   5.8;  987.68;    7.0;   58.79;   10.5;    3.0;    1.7;eor
       2932;20190314;   10;  20.9;  10.5;    3;   1.9;   6;    0.983;   0;   7.6;   7.1;  984.08;    6.2;   74.92;    8.1;    4.6;    3.6;eor
       2932;20190315;   10;  17.1;   8.9;    3;   4.7;   6;    0.900;   0;   6.5;   7.8;  985.34;    7.6;   73.83;   10.6;    4.6;    3.6;eor
       2932;20190316;   10;  17.5;   7.6;    3;   2.1;   6;    0.000;   0;   7.4;   8.0;  990.28;    7.5;   76.46;   11.0;    4.7;    3.3;eor
       2932;20190317;   10;  17.8;   6.5;    3;   0.8;   6;    2.450;   0;   7.0;   7.7;  986.86;    7.7;   74.08;   14.0;    3.5;    2.4;eor
       2932;20190318;   10;  17.8;   8.2;    3;   0.0;   8;    5.067;   0;   5.1;   5.9;  998.03;    5.1;   67.79;    9.9;    0.9;   -1.1;eor
       2932;20190319;   10;  12.9;   4.4;    3;   0.7;   8;    2.500;   0;   5.5;   6.1; 1010.19;    3.7;   76.63;    7.4;   -0.8;   -2.8;eor
       2932;20190320;   10;   8.7;   3.6;    3;   0.0;   0;   11.400;   0;   3.4;   5.9; 1016.86;    6.2;   63.25;   12.1;   -0.6;   -3.1;eor
       2932;20190321;   10;   6.0;   2.4;    3;   0.0;   0;   11.417;   0;   3.2;   7.8; 1017.50;    9.7;   65.46;   15.8;    3.4;    0.8;eor
       2932;20190322;   10;   5.7;   2.5;    3;   0.0;   0;   10.600;   0;   2.8;   9.7; 1014.80;    9.8;   79.96;   17.0;    3.2;    1.0;eor
       2932;20190323;   10;  12.3;   4.0;    3;   0.0;   0;   11.067;   0;   2.9;   9.5; 1010.90;   10.0;   78.08;   17.7;    4.7;    3.0;eor
       2932;20190324;   10;   5.1;   2.5;    3;   0.0;   6;    0.683;   0;   7.2;   7.9; 1008.62;    6.4;   82.29;    9.3;    1.4;   -2.0;eor
       2932;20190325;   10;  14.2;   5.3;    3;   2.3;   8;    2.383;   0;   6.5;   6.4; 1001.26;    4.1;   78.50;    8.1;    0.7;   -2.1;eor
       2932;20190326;   10;  14.2;   5.2;    3;   1.4;   6;    0.817;   0;   6.7;   6.8; 1009.73;    5.2;   77.04;    9.0;    0.3;   -1.6;eor
       2932;20190327;   10;   9.1;   3.6;    3;   2.6;   6;    0.000;   0;   7.9;   8.0; 1014.28;    7.3;   79.17;   10.5;    4.7;    4.3;eor
       2932;20190328;   10;   8.6;   3.5;    3;   1.0;   6;    0.000;   0;   8.0;  10.2; 1016.90;    8.6;   91.04;   11.2;    6.5;    6.2;eor
       2932;20190329;   10;   6.7;   1.7;    3;   0.0;   0;    4.350;   0;   6.2;   9.5; 1015.38;    9.6;   80.50;   13.7;    5.6;    1.9;eor
       2932;20190330;   10;   9.9;   3.7;    3;   0.0;   0;   11.467;   0;   5.0;   8.2; 1006.58;   10.7;   67.17;   18.2;    3.3;    1.5;eor
       2932;20190331;   10;   9.6;   3.3;    3;   0.0;   6;    1.200;   0;   4.5;   7.6; 1006.75;    7.2;   74.08;   10.3;    2.4;    0.8;eor
       2932;20190401;   10;  11.7;   5.2;    3;   0.0;   0;   12.383;   0;   0.9;   4.9; 1007.86;    5.5;   56.08;   11.7;   -0.5;   -1.4;eor
       2932;20190402;   10;  16.1;   4.7;    3;   0.0;   6;    9.200;   0;   4.0;   6.6;  995.43;    8.9;   58.04;   16.0;   -1.1;   -2.4;eor
       2932;20190403;   10;   8.1;   2.9;    3;   0.0;   6;    4.850;   0;   6.2;   9.6;  986.66;   12.3;   68.33;   17.0;    7.3;    5.6;eor
       2932;20190404;   10;  12.3;   3.8;    3;   0.0;   6;    7.767;   0;   5.1;   9.4;  982.56;    9.6;   79.38;   18.5;    5.2;    4.0;eor
       2932;20190405;   10;   6.9;   2.7;    3;   0.0;   6;    3.767;   0;   6.4;   9.8;  988.93;    9.0;   85.42;   12.9;    5.6;    4.7;eor
       2932;20190406;   10;   9.6;   2.6;    3;   0.0;   0;    7.333;   0;   4.2;   9.3;  990.41;   10.7;   76.17;   20.4;    3.8;    3.2;eor
       2932;20190407;   10;   9.6;   3.3;    3;   0.0;   0;   10.683;   0;   1.3;   9.6;  991.06;   12.2;   69.13;   18.6;    5.4;    3.2;eor
       2932;20190408;   10;   9.1;   2.6;    3;   0.0;   0;   11.900;   0;   3.8;   7.7;  993.35;   12.4;   56.17;   19.1;    4.8;    3.8;eor
       2932;20190409;   10;   8.2;   3.7;    3;   0.0;   0;    8.933;   0;   3.9;   7.3;  997.13;    7.1;   72.96;   12.6;    2.4;    0.9;eor
       2932;20190410;   10;  10.5;   4.0;    3;   0.0;   0;   11.917;   0;   1.1;   5.3; 1000.24;    5.3;   61.88;   10.7;   -0.1;   -1.2;eor
       2932;20190411;   10;  10.3;   3.9;    3;   0.0;   0;    4.367;   0;   5.8;   4.4; 1006.80;    3.4;   57.92;    6.6;   -1.4;   -2.8;eor
       2932;20190412;   10;   7.7;   3.4;    3;   0.9;   7;    0.000;   0;   7.8;   5.1; 1008.38;    2.4;   70.71;    3.5;    0.2;   -1.2;eor
       2932;20190413;   10;   9.1;   3.3;    3;   0.0;   8;    0.883;   1;   6.6;   5.6; 1006.64;    2.7;   77.08;    7.0;   -0.1;   -2.6;eor
       2932;20190414;   10;   7.5;   3.4;    3;   2.4;   6;    0.000;   0;   7.1;   6.9; 1007.52;    2.8;   89.96;    6.0;   -1.5;   -2.8;eor
       2932;20190415;   10;   9.6;   3.4;    3;   0.0;   0;   13.200;   0;   1.5;   6.0; 1009.53;    7.3;   60.96;   13.5;    1.0;    0.0;eor
       2932;20190416;   10;  11.3;   4.7;    3;   0.0;   0;   13.117;   0;   0.1;   5.5; 1005.45;    8.6;   51.71;   16.0;    0.6;   -0.5;eor
       2932;20190417;   10;  10.3;   4.6;    3;   0.0;   0;   13.183;   0;   0.3;   6.5; 1009.28;   10.7;   51.04;   17.6;    2.6;    0.6;eor
       2932;20190418;   10;  13.7;   4.8;    3;   0.0;   0;   13.167;   0;   0.3;   6.8; 1012.41;   13.1;   47.29;   20.0;    5.1;    2.4;eor
       2932;20190419;   10;  11.8;   4.2;    3;   0.0;   0;   13.333;   0;   0.0;   7.4; 1014.72;   14.8;   46.38;   21.7;    7.2;    5.3;eor
       2932;20190420;   10;   6.5;   2.4;    3;   0.0;   0;   13.283;   0;   1.2;   7.2; 1013.05;   13.7;   47.96;   21.8;    4.4;    1.4;eor
       2932;20190421;   10;   8.4;   2.8;    3;   0.0;   0;   13.600;   0;   0.5;   6.8; 1006.05;   14.0;   45.13;   20.7;    3.9;    2.5;eor
       2932;20190422;   10;  15.8;   6.2;    3;   0.0;   0;   13.667;   0;   0.9;   6.9;  998.77;   12.6;   48.96;   18.8;    6.5;    5.1;eor
       2932;20190423;   10;  19.4;   9.1;    3;   0.0;   0;   10.550;   0;   2.4;   8.9;  990.28;   13.3;   59.00;   19.6;    8.6;    7.3;eor
       2932;20190424;   10;  17.0;   5.6;    3;   0.0;   6;   12.167;   0;   5.2;  11.2;  988.98;   16.6;   61.38;   24.2;    9.0;    8.3;eor
       2932;20190425;   10;  10.3;   4.6;    3;   0.0;   0;   11.833;   0;   4.7;   8.8;  994.39;   17.0;   48.75;   24.7;    9.0;    7.5;eor
       2932;20190426;   10;  12.3;   4.9;    3;   3.9;   6;    8.417;   0;   6.5;  10.7;  994.08;   13.9;   68.08;   19.7;    8.5;    7.6;eor
       2932;20190427;   10;  14.7;   4.9;    3;   1.7;   6;    2.967;   0;   7.4;  10.2;  997.25;   11.2;   78.17;   17.6;    7.6;    7.1;eor
       2932;20190428;   10;   8.1;   3.1;    3;   0.4;   6;    4.283;   0;   7.3;   8.9; 1001.95;    9.4;   76.83;   13.8;    7.2;    6.2;eor
       2932;20190429;   10;  12.5;   4.2;    3;   4.2;   6;    0.000;   0;   7.0;  10.0; 1002.59;    8.6;   88.88;   11.0;    5.5;    2.9;eor
       2932;20190430;   10;   8.7;   3.1;    3;   0.3;   6;   13.383;   0;   1.3;   6.7; 1001.96;    9.6;   59.54;   17.2;    2.0;    0.3;eor
       2932;20190501;    3;   9.9;   3.6;    3;   0.0;   6;    8.450;   0;   6.5;   9.9;  997.56;   13.2;   67.54;   18.6;    7.2;    6.0;eor
       2932;20190502;    3;   9.1;   3.0;    3;   0.8;   6;    6.817;   0;   5.3;   9.7;  991.69;   11.2;   74.46;   16.4;    5.3;    3.4;eor
       2932;20190503;    3;  11.3;   3.8;    3;   4.9;   6;    2.183;   0;   6.9;   6.7;  992.92;    8.4;   61.00;   11.4;    6.1;    5.1;eor
       2932;20190504;    3;   9.3;   3.0;    3;   2.7;   6;    3.300;   0;   6.7;   6.8;  991.88;    4.6;   80.88;    8.8;    1.2;   -0.9;eor
       2932;20190505;    3;   8.1;   2.8;    3;   0.0;   6;    8.733;   0;   4.9;   5.7; 1000.28;    5.8;   63.71;   10.7;    0.1;   -1.7;eor
       2932;20190506;    3;   9.4;   3.3;    3;   0.0;   6;    5.067;   0;   5.7;   6.2; 1002.27;    6.9;   63.88;   11.8;    1.4;   -0.3;eor
       2932;20190507;    3;   6.7;   2.3;    3;   0.4;   6;    2.550;   0;   6.3;   7.1; 1001.50;    7.2;   70.58;   11.5;    3.8;    2.2;eor
       2932;20190508;    3;  11.8;   4.9;    3;   0.9;   6;    6.167;   0;   6.8;   8.8;  990.43;   10.9;   68.83;   17.6;    3.2;    1.2;eor
       2932;20190509;    3;  10.6;   4.8;    3;   0.0;   6;    6.183;   0;   6.2;  10.0;  984.41;   13.3;   66.79;   18.5;    9.9;    8.4;eor
       2932;20190510;    3;  14.6;   5.3;    3;   0.0;   6;    4.850;   0;   6.1;  10.1;  992.31;   12.1;   73.08;   16.8;    7.3;    3.9;eor
       2932;20190511;    3;  13.0;   3.8;    3;  18.2;   6;    0.000;   0;   8.0;  10.6;  996.86;    9.1;   91.88;   11.5;    7.0;    6.2;eor
       2932;20190512;    3;  11.7;   4.4;    3;   0.0;   0;    9.933;   0;   6.2;   7.3; 1011.95;    9.6;   63.88;   14.9;    5.6;    4.3;eor
       2932;20190513;    3;  10.6;   3.6;    3;   0.0;   0;   12.367;   0;   2.9;   6.4; 1018.69;    9.3;   56.92;   15.1;    3.6;    2.0;eor
       2932;20190514;    3;  12.9;   3.9;    3;   0.0;   6;    9.367;   0;   3.8;   6.4; 1014.82;    8.1;   59.38;   13.0;    2.6;    0.6;eor
       2932;20190515;    3;   9.9;   3.3;    3;   2.1;   6;    0.100;   0;   6.0;   6.0; 1008.75;    7.4;   59.42;   12.2;    0.5;   -1.0;eor
       2932;20190516;    3;   7.7;   2.4;    3;   1.7;   6;    0.000;   0;   7.5;   9.4;  999.84;    7.4;   91.08;    9.5;    4.1;    2.8;eor
       2932;20190517;    3;   9.3;   3.3;    3;   0.0;   0;    3.133;   0;   5.4;  10.8;  994.25;   11.8;   79.42;   18.3;    5.1;    4.3;eor
       2932;20190518;    3;   8.9;   3.4;    3;   0.0;   0;   13.883;   0;   2.6;  11.6;  990.91;   14.8;   69.96;   21.5;    6.4;    4.2;eor
       2932;20190519;    3;   9.6;   3.5;    3;   0.0;   0;   14.217;   0;   3.7;  12.6;  988.49;   17.7;   64.17;   24.3;    9.9;    8.7;eor
       2932;20190520;    3;   8.2;   2.6;    3;   0.3;   6;    4.633;   0;   7.0;  15.5;  985.84;   16.9;   80.92;   21.8;   11.8;   10.8;eor
       2932;20190521;    3;  12.9;   3.2;    3;   0.1;   6;    5.333;   0;   6.2;  14.2;  989.58;   15.5;   81.92;   22.0;   10.1;    9.9;eor
       2932;20190522;    3;  14.2;   5.2;    3;   0.0;   6;    0.500;   0;   7.3;  11.5;  998.93;   12.0;   81.88;   13.6;    6.6;    4.5;eor
       2932;20190523;    3;  12.3;   2.3;    3;   0.0;   0;   12.950;   0;   5.3;   9.5; 1002.33;   13.5;   64.08;   19.6;    6.6;    4.7;eor
       2932;20190524;    3;  14.7;   2.3;    3;   0.0;   0;   11.500;   0;   6.0;  11.1;  998.19;   16.7;   60.13;   22.4;    9.5;    5.0;eor
       2932;20190525;    3;   7.9;   3.0;    3;   0.0;   0;   11.683;   0;   5.8;  11.0;  999.45;   13.8;   70.00;   18.4;    8.6;    5.3;eor
       2932;20190526;    3;  14.9;   5.3;    3;   0.0;   0;   13.283;   0;   5.1;  10.4;  997.25;   16.3;   58.83;   23.3;    7.9;    4.8;eor
       2932;20190527;    3;  11.8;   4.2;    3;   0.3;   6;    1.250;   0;   7.4;  13.3;  992.23;   16.9;   69.13;   20.8;   13.3;   12.3;eor
       2932;20190528;    3;  11.1;   2.9;    3;   1.1;   6;    0.417;   0;   8.0;  11.6;  991.50;   14.3;   72.58;   18.2;   10.8;   10.2;eor
       2932;20190529;    3;   8.7;   2.9;    3;   0.0;   0;   10.083;   0;   4.5;   8.5; 1004.49;   12.1;   62.54;   17.4;    7.9;    2.3;eor
       2932;20190530;    3;   9.8;   3.7;    3;   0.0;   0;   11.067;   0;   4.8;   9.4; 1007.99;   15.3;   56.29;   22.7;    5.8;    1.0;eor
       2932;20190531;    3;   8.2;   3.1;    3;   0.0;   6;    1.450;   0;   7.0;  14.7; 1007.57;   18.9;   67.75;   23.0;   13.9;   11.4;eor
       2932;20190601;    3;  10.3;   2.9;    3;   0.0;   0;   12.833;   0;   6.0;  14.7; 1005.37;   20.7;   63.42;   27.5;   12.8;   10.5;eor
       2932;20190602;    3;   8.9;   2.9;    3;   0.0;   0;   15.183;   0;   4.4;  14.4; 1001.13;   23.5;   53.50;   31.0;   14.3;   10.2;eor
       2932;20190603;    3;  14.9;   4.4;    3;   0.2;   6;   13.050;   0;   2.7;  13.4;  997.77;   24.5;   48.33;   33.3;   16.5;   15.1;eor
       2932;20190604;    3;   7.2;   2.3;    3;   0.0;   0;   14.700;   0;   1.8;  14.9;  996.09;   23.0;   57.83;   30.9;   14.2;   11.4;eor
       2932;20190605;    3;   9.8;   3.7;    3;   0.0;   0;   12.667;   0;   1.4;  15.2;  991.77;   25.6;   49.46;   32.7;   17.4;   14.7;eor
       2932;20190606;    3;  15.1;   4.1;    3;   4.4;   6;    6.917;   0;   5.3;  15.7;  993.80;   18.7;   74.21;   25.9;   13.2;   13.3;eor
       2932;20190607;    3;  18.3;   3.7;    3;   0.0;   6;    9.100;   0;   4.5;  15.0;  997.85;   18.4;   72.00;   24.3;   12.4;   11.6;eor
       2932;20190608;    3;  17.5;   6.9;    3;   0.0;   0;    8.217;   0;   4.0;   9.9; 1004.52;   17.0;   52.79;   22.4;   11.8;    7.3;eor
       2932;20190609;    3;   8.7;   3.2;    3;   0.4;   6;   10.950;   0;   6.0;   9.8; 1006.63;   19.3;   46.67;   25.7;   10.1;    7.5;eor
       2932;20190610;    1;   6.7;   2.3;    1;   0.8;   6;    5.183;   0;   7.3;  15.6;  996.97;   21.3;   63.63;   27.9;   16.3;   15.6;eor
       2932;20190611;    1;  14.7;   3.1;    1;   8.0;   6;    9.733;   0;   5.7;  17.2;  993.58;   21.4;   70.00;   28.3;   15.3;   13.8;eor
       2932;20190612;    1;  21.4;   3.8;    1;  19.0;   8;    5.333;   0;   6.5;  18.4;  993.18;   19.3;   82.25;   28.7;   14.5;   14.1;eor
       2932;20190613;    1;   8.2;   2.7;    1;   0.0;   0;   12.483;   0;   3.5;  13.6;  998.87;   19.6;   62.50;   25.1;   14.5;   12.3;eor
       2932;20190614;    1;  10.1;   3.9;    1;   0.0;   6;   11.350;   0;   4.1;  15.0; 1000.52;   22.7;   57.04;   29.0;   13.2;   10.8;eor
       2932;20190615;    1;  16.3;   6.5;    1;   0.0;   0;   10.500;   0;   5.5;  17.6;  995.37;   24.1;   59.79;   29.7;   15.8;   12.9;eor
       2932;20190616;    1;   6.7;   1.5;    1;   0.0;   6;    1.933;   0;   6.8;  14.7; 1004.20;   17.9;   72.42;   22.4;   12.8;   11.0;eor
       2932;20190617;    1;   8.7;   2.3;    1;   0.0;   0;   11.767;   0;   3.1;  14.5; 1005.01;   20.8;   61.38;   26.4;   14.3;   11.6;eor
       2932;20190618;    1;   9.8;   3.6;    1;   0.0;   0;   12.983;   0;   3.3;  14.7;  999.98;   22.5;   56.29;   28.8;   14.1;   12.3;eor
       2932;20190619;    1;   9.3;   2.8;    1;   2.0;   6;   12.500;   0;   5.5;  15.4;  993.67;   24.9;   51.25;   32.3;   16.8;   15.4;eor
       2932;20190620;    1;  13.5;   3.4;    1;   0.1;   6;    8.133;   0;   6.0;  16.9;  995.24;   21.2;   68.46;   27.1;   15.2;   13.7;eor
       2932;20190621;    1;   8.7;   2.2;    1;   0.0;   0;    3.467;   0;   5.5;  14.5; 1001.54;   19.4;   66.58;   24.3;   14.8;   12.8;eor
       2932;20190622;    1;  11.3;   3.7;    1;   0.0;   0;    7.117;   0;   4.9;  13.6; 1004.33;   20.8;   57.58;   27.4;   14.1;   13.3;eor
       2932;20190623;    1;  13.9;   4.1;    1;   0.0;   0;   14.483;   0;   3.0;  12.9; 1005.04;   21.8;   51.96;   28.4;   14.4;   13.5;eor
       2932;20190624;    1;  12.2;   4.5;    1;   0.0;   0;   15.483;   0;   2.2;  11.1; 1006.79;   23.2;   42.54;   30.1;   14.6;   13.0;eor
       2932;20190625;    1;  11.3;   3.9;    1;   0.0;   0;   15.400;   0;   4.2;  15.8; 1004.97;   26.7;   47.13;   33.8;   17.8;   14.6;eor
       2932;20190626;    1;  10.6;   4.2;    1;   0.0;   0;   14.517;   0;   1.3;  18.9; 1004.68;   29.3;   47.88;   36.7;   21.4;   18.4;eor
       2932;20190627;    1;  11.3;   4.6;    1;   0.0;   0;   14.767;   0;   1.1;  12.2; 1008.21;   20.1;   53.67;   25.6;   13.8;   12.2;eor
       2932;20190628;    1;   7.2;   2.2;    1;   0.0;   0;    9.700;   0;   2.7;  10.7; 1008.44;   17.8;   55.00;   24.2;   12.0;    9.6;eor
       2932;20190629;    1;   6.2;   1.9;    1;   0.0;   0;   15.517;   0;   0.3;  10.9; 1004.64;   22.4;   44.79;   31.4;   11.3;    7.9;eor
       2932;20190630;    1;  12.2;   4.9;    1;   0.0;   6;   14.783;   0;   0.6;  13.2;  997.70;   28.9;   37.33;   38.3;   18.3;   15.2;eor
       2932;20190701;    1;  12.7;   3.8;    1;   0.0;   6;    8.250;   0;   4.4;  12.1;  999.04;   23.4;   42.83;   29.3;   17.4;   16.0;eor
       2932;20190702;    1;  13.0;   4.3;    1;   0.0;   0;   10.767;   0;   3.2;   9.7; 1004.12;   18.0;   48.25;   23.1;   12.2;    8.5;eor
       2932;20190703;    1;   9.6;   2.8;    1;   0.0;   0;    9.867;   0;   3.5;   8.5; 1006.82;   16.1;   48.75;   22.3;    9.4;    7.4;eor
       2932;20190704;    1;   8.6;   2.5;    1;   0.0;   0;   13.817;   0;   4.2;   8.3; 1006.16;   16.9;   46.04;   23.8;    9.2;    6.2;eor
       2932;20190705;    1;  11.7;   3.8;    1;   0.0;   6;    2.617;   0;   6.5;  11.0;  999.31;   19.8;   48.54;   25.8;   14.7;   10.5;eor
       2932;20190706;    1;  13.5;   4.7;    1;   1.9;   6;    8.633;   0;   5.0;  12.2;  993.65;   20.7;   53.58;   28.1;   13.3;   10.4;eor
       2932;20190707;    1;  11.8;   4.0;    1;   0.0;   0;    4.400;   0;   6.8;  10.1;  996.18;   15.3;   59.71;   19.3;   11.9;   10.3;eor
       2932;20190708;    1;  10.8;   3.9;    1;   0.0;   0;    4.267;   0;   6.7;   9.0; 1000.38;   14.7;   54.25;   19.4;    9.4;    7.5;eor
       2932;20190709;    1;   9.9;   3.2;    1;   0.0;   6;    0.683;   0;   6.8;   9.9; 1002.08;   14.2;   61.33;   18.2;   10.5;    8.7;eor
