STATIONS_ID;MESS_DATUM;QN_3;  FX;  FM;QN_4; RSK;RSKF; SDK;SHK_TAG;  NM; VPM;  PM; TMK; UPM; TXK; TNK; TGK;eor
       3196;20180106;   10;   9.1;   3.8;    3;   0.0;   6;    0.450;   0;   7.6;   7.4;  997.52;    4.2;   89.54;    5.8;    1.8;    1.3;eor
       3196;20180107;   10;   8.6;   2.7;    3;   0.0;   0;    2.067;   0;   4.3;   4.9; 1018.75;   -1.0;   85.63;    1.7;   -6.3;  -10.4;eor
       3196;20180108;   10;   7.6;   2.4;    3;   0.0;   0;    6.367;   0;   0.9;   3.4; 1022.94;   -3.6;   75.08;    0.3;   -7.9;  -12.0;eor
       3196;20180109;   10;  14.7;   5.6;    3;   0.1;   6;    0.000;   0;   5.3;   3.6; 1008.71;    1.6;   52.13;    3.7;   -2.4;   -4.4;eor
       3196;20180110;   10;   5.5;   2.4;    3;   0.0;   0;    0.833;   0;   7.8;   6.3; 1002.10;    1.1;   94.83;    2.6;   -0.6;   -1.4;eor
       3196;20180111;   10;   4.8;   1.1;    3;   4.5;   6;    0.000;   0;   8.0;   6.1; 1006.77;    0.1;   98.92;    1.4;   -1.3;   -2.6;eor
       3196;20180112;   10;   7.2;   2.9;    3;   0.2;   8;    0.000;   0;   7.8;   6.3; 1017.45;    0.8;   97.33;    1.1;    0.3;    0.0;eor
       3196;20180113;   10;  11.1;   5.2;    3;   0.0;   0;    0.000;   0;   8.0;   5.0; 1020.77;   -0.2;   82.58;    0.5;   -1.1;   -1.3;eor
       3196;20180114;   10;  10.3;   5.5;    3;   0.0;   0;    6.533;   0;   3.0;   4.1; 1017.48;   -1.7;   75.50;   -0.2;   -3.3;   -4.2;eor
       3196;20180115;   10;  14.9;   5.8;    3;   5.0;   8;    2.200;   0;   6.9;   4.9; 1000.29;    0.3;   78.71;    2.7;   -2.3;   -3.3;eor
       3196;20180116;   10;  14.6;   4.6;    3;   2.7;   8;    0.033;   0;   7.6;   6.8;  978.36;    2.4;   92.83;    3.8;    0.8;    0.0;eor
       3196;20180117;   10;  10.7;   4.6;    3;   0.7;   8;    0.000;   0;   7.7;   6.0;  982.67;    1.4;   89.42;    1.9;    0.7;    0.0;eor
       3196;20180118;   10;  14.4;   5.7;    3;  13.2;   8;    0.000;   0;   7.6;   6.2;  981.28;    1.3;   92.83;    2.6;    0.1;   -0.1;eor
       3196;20180119;   10;   7.5;   3.0;    3;   0.6;   8;    0.000;   3;   7.6;   6.3;  993.47;    1.3;   94.13;    2.2;    0.4;   -0.1;eor
       3196;20180120;   10;   7.6;   2.5;    3;   0.1;   8;    0.000;   0;   7.5;   5.9;  994.23;    0.7;   92.21;    2.1;   -2.3;   -4.9;eor
       3196;20180121;   10;   7.6;   1.1;    3;   0.0;   0;    0.000;   0;   8.0;   5.7; 1001.95;   -0.7;   97.79;    0.7;   -2.1;   -2.8;eor
       3196;20180122;   10;  10.4;   4.4;    3;   0.2;   8;    0.000;   0;   7.7;   5.5; 1000.38;   -0.3;   92.21;    0.7;   -1.7;   -1.6;eor
       3196;20180123;   10;  11.8;   2.5;    3;   3.0;   8;    0.000;   0;   7.9;   6.8; 1008.04;    1.9;   96.75;    5.3;   -0.3;   -0.6;eor
       3196;20180124;   10;  12.5;   5.2;    3;   1.8;   6;    0.000;   0;   7.9;  10.2; 1002.24;    9.1;   87.83;   11.5;    5.3;    4.5;eor
       3196;20180125;   10;  12.3;   3.4;    3;   1.8;   6;    0.283;   0;   7.8;   9.2; 1001.12;    7.5;   89.25;   11.4;    5.1;    2.3;eor
       3196;20180126;   10;   5.9;   1.8;    3;   0.1;   6;    0.000;   0;   7.8;   8.9; 1007.21;    5.9;   95.88;    7.2;    4.5;    3.1;eor
       3196;20180127;   10;  12.9;   2.9;    3;   1.6;   6;    0.000;   0;   7.8;   7.6; 1016.73;    5.1;   86.75;    5.8;    4.4;    3.8;eor
       3196;20180128;   10;  14.5;   5.9;    3;   5.4;   6;    0.450;   0;   7.8;   8.7; 1010.54;    7.2;   85.29;    9.5;    4.7;    3.9;eor
       3196;20180129;   10;  17.6;   7.0;    3;   7.3;   6;    0.000;   0;   7.4;   9.8; 1006.04;    8.2;   89.08;   10.1;    4.3;    2.9;eor
       3196;20180130;   10;  13.5;   5.4;    3;   0.0;   6;    0.367;   0;   7.6;   6.6; 1011.75;    4.3;   79.42;    5.9;    1.9;    0.3;eor
       3196;20180131;   10;  15.7;   4.3;    3;  13.9;   6;    0.000;   0;   7.8;   7.6;  994.19;    4.1;   90.92;    7.9;    0.7;   -1.9;eor
       3196;20180201;   10;  10.9;   4.2;    3;   0.9;   8;    2.167;   0;   5.6;   6.1;  987.32;    2.5;   84.08;    4.6;    0.7;   -0.6;eor
       3196;20180202;   10;  10.0;   3.3;    3;   4.1;   8;    0.017;   0;   7.5;   6.2;  990.22;    2.5;   85.04;    3.5;    1.7;    0.9;eor
       3196;20180203;   10;   8.5;   1.8;    3;   0.1;   8;    0.000;   0;   7.9;   5.4;  994.49;   -0.4;   91.13;    1.9;   -2.0;   -4.0;eor
       3196;20180204;   10;   6.7;   1.9;    3;   0.4;   8;    0.017;   0;   7.4;   5.3; 1008.26;   -0.9;   91.71;    0.9;   -3.6;   -7.3;eor
       3196;20180205;   10;   6.3;   2.0;    3;   0.0;   8;    2.150;   0;   7.4;   4.8; 1018.23;   -1.5;   88.08;    0.7;   -5.3;   -7.9;eor
       3196;20180206;   10;   5.5;   1.4;    3;   0.0;   0;    7.667;   0;   5.6;   3.6; 1008.89;   -4.8;   85.29;   -0.9;   -7.7;   -9.8;eor
       3196;20180207;   10;   5.6;   1.5;    3;   0.0;   0;    8.017;   0;   1.3;   3.4; 1006.92;   -4.7;   81.29;    0.4;   -8.5;  -11.2;eor
       3196;20180208;   10;   3.3;   1.2;    3;   0.0;   0;    8.183;   0;   2.3;   3.2; 1009.95;   -5.6;   80.75;    0.2;   -9.8;  -12.6;eor
       3196;20180209;   10;   6.7;   2.6;    3;   0.0;   0;    7.383;   0;   1.5;   3.8; 1006.42;   -4.0;   83.21;    0.0;   -8.9;  -12.0;eor
       3196;20180210;   10;   6.0;   2.1;    3;   0.0;   8;    6.117;   0;   5.4;   5.0; 1003.92;   -0.3;   82.92;    3.1;   -3.5;   -7.6;eor
       3196;20180211;   10;  11.3;   4.2;    3;   2.2;   8;    0.250;   0;   6.6;   5.9;  991.42;    0.8;   90.83;    2.1;   -1.0;   -2.9;eor
       3196;20180212;   10;  10.6;   4.8;    3;   0.6;   8;    2.433;   0;   5.9;   5.5;  997.04;    1.4;   82.29;    4.6;   -1.4;   -3.5;eor
       3196;20180213;   10;   6.8;   2.9;    3;   0.0;   0;    7.600;   1;   1.9;   4.9; 1004.32;   -0.4;   83.71;    4.6;   -4.1;   -7.8;eor
       3196;20180214;   10;   7.3;   2.5;    3;   0.0;   0;    8.567;   0;   0.5;   4.3; 1009.61;   -1.3;   79.08;    4.1;   -6.3;   -9.8;eor
       3196;20180215;   10;  14.5;   5.4;    3;   1.7;   8;    1.450;   0;   7.5;   4.9; 1006.30;   -0.8;   85.92;    1.4;   -3.2;   -4.2;eor
       3196;20180216;   10;   9.2;   4.3;    3;   0.0;   0;    3.933;   0;   5.8;   6.2; 1010.23;    2.2;   86.50;    4.4;    0.3;   -1.6;eor
       3196;20180217;   10;   6.0;   1.7;    3;   0.0;   0;    0.000;   0;   8.0;   5.8; 1014.35;    2.3;   80.38;    5.0;    0.9;   -0.3;eor
       3196;20180218;   10;   7.5;   2.1;    3;   0.0;   0;    2.900;   0;   7.9;   4.8; 1016.74;    1.9;   69.88;    5.8;    0.1;   -3.1;eor
       3196;20180219;   10;   5.4;   1.9;    3;   0.0;   0;    2.400;   0;   8.0;   5.1; 1010.46;    0.9;   78.50;    4.7;   -2.5;   -5.0;eor
       3196;20180220;   10;   7.2;   1.9;    3;   0.0;   0;    7.133;   0;   3.7;   4.5; 1010.76;   -1.1;   81.29;    3.9;   -4.7;   -7.7;eor
       3196;20180221;   10;   5.5;   1.3;    3;   0.0;   0;    4.717;   0;   5.9;   4.4; 1015.69;   -1.5;   82.08;    3.4;   -5.7;   -8.8;eor
       3196;20180222;   10;   7.1;   1.2;    3;   0.1;   8;    0.067;   0;   7.6;   5.0; 1015.79;   -1.5;   91.17;    1.9;   -4.9;   -7.6;eor
       3196;20180223;   10;   7.6;   2.9;    3;   0.0;   8;    8.217;   0;   3.3;   3.4; 1016.62;   -3.1;   71.21;   -0.3;   -5.8;   -8.3;eor
       3196;20180224;   10;  13.7;   3.9;    3;   0.0;   8;    6.017;   0;   5.7;   3.4; 1020.68;   -2.4;   66.08;    1.4;   -8.2;  -11.5;eor
       3196;20180225;   10;   7.6;   1.7;    3;   1.4;   8;    0.300;   0;   5.5;   3.4; 1021.83;   -6.0;   86.08;   -1.7;   -9.8;  -13.3;eor
       3196;20180226;   10;  12.3;   2.4;    3;   0.7;   8;    4.500;   2;   5.8;   3.2; 1018.95;   -6.1;   81.96;   -2.0;  -11.2;  -15.6;eor
       3196;20180227;   10;   9.2;   2.9;    3;   0.7;   8;    4.150;   1;   7.0;   2.8; 1013.19;   -7.2;   77.88;   -2.2;  -12.9;  -21.8;eor
       3196;20180228;   10;  10.0;   3.1;    3;   0.0;   0;    9.600;   0;   0.0;   1.7; 1017.46;  -12.0;   68.96;   -7.9;  -17.4;  -24.3;eor
       3196;20180301;   10;  11.0;   4.1;    3;   0.0;   0;    9.717;   0;   0.1;   2.1; 1009.53;   -9.0;   66.50;   -4.7;  -12.0;  -17.9;eor
       3196;20180302;   10;   9.0;   3.3;    3;   0.0;   0;    9.717;   0;   0.0;   1.9;  998.10;  -10.2;   69.38;   -5.7;  -15.1;  -19.3;eor
       3196;20180303;   10;   9.0;   3.1;    3;   0.0;   0;    9.767;   0;   0.1;   2.2;  995.93;   -8.6;   69.75;   -3.3;  -13.0;  -17.4;eor
       3196;20180304;   10;  10.5;   4.5;    3;   0.6;   6;    5.700;   0;   3.8;   2.8;  992.80;   -4.0;   62.17;    1.6;  -12.5;  -17.6;eor
       3196;20180305;   10;   8.0;   3.3;    3;   0.0;   6;    6.217;   0;   5.4;   5.3;  987.05;    1.9;   73.88;    8.7;   -1.9;   -4.4;eor
       3196;20180306;   10;   6.3;   2.2;    3;   6.0;   8;    5.417;   0;   5.9;   5.3;  984.35;    1.4;   80.00;    5.9;   -3.3;   -6.5;eor
       3196;20180307;   10;   6.2;   2.0;    3;   2.4;   8;    0.000;   2;   7.8;   6.1;  983.65;    0.6;   95.67;    1.8;    0.0;   -0.2;eor
       3196;20180308;   10;  10.3;   2.9;    3;   1.7;   8;    2.417;   1;   7.1;   6.7;  988.56;    3.3;   87.71;    8.1;    0.0;   -0.2;eor
       3196;20180309;   10;  13.9;   4.4;    3;   0.0;   6;    1.433;   0;   7.3;   6.4;  993.15;    3.8;   80.00;    7.6;   -0.7;   -3.8;eor
       3196;20180310;   10;   6.5;   2.5;    3;   0.2;   6;    0.000;   0;   7.9;   7.6;  993.55;    4.1;   91.71;    7.3;   -0.3;   -2.4;eor
       3196;20180311;   10;   9.8;   2.9;    3;   0.0;   6;    4.733;   0;   7.9;  10.3;  988.08;   10.0;   84.25;   14.7;    5.4;    2.3;eor
       3196;20180312;   10;   7.9;   2.0;    3;  12.4;   6;    0.000;   0;   7.7;  10.0;  981.35;    7.7;   94.67;    9.2;    4.7;    3.0;eor
       3196;20180313;   10;  10.3;   4.1;    3;   1.6;   6;    0.000;   0;   7.6;   9.5;  987.59;    7.0;   93.58;    9.8;    3.3;    2.7;eor
       3196;20180314;   10;   7.9;   2.6;    3;   0.0;   6;    1.050;   0;   7.4;   6.5; 1000.28;    3.3;   84.46;    6.4;    1.2;    0.5;eor
       3196;20180315;   10;  12.4;   4.7;    3;   0.0;   4;    0.000;   0;   7.9;   5.8;  999.18;    1.8;   83.04;    3.5;    0.1;   -1.3;eor
       3196;20180316;   10;  17.2;   7.3;    3;   0.0;   0;    0.000;   0;   7.3;   3.8; 1000.22;   -1.2;   66.67;    0.8;   -4.8;   -6.1;eor
       3196;20180317;   10;  16.3;   7.2;    3;   0.0;   0;    9.133;   0;   4.0;   2.3; 1005.66;   -3.5;   48.33;   -0.3;   -5.6;   -7.0;eor
       3196;20180318;   10;  15.1;   6.0;    3;   0.0;   0;   10.950;   0;   2.3;   2.3; 1008.40;   -2.9;   46.67;    1.2;   -6.2;  -10.5;eor
       3196;20180319;   10;   7.0;   2.0;    3;   0.2;   8;   11.033;   0;   1.2;   2.7; 1005.82;   -2.5;   55.79;    4.1;   -9.9;  -13.3;eor
       3196;20180320;   10;  12.0;   3.9;    3;   1.1;   8;    4.317;   0;   4.6;   4.7; 1005.95;   -0.2;   78.38;    4.5;   -4.1;   -7.8;eor
       3196;20180321;   10;   8.9;   3.2;    3;   2.0;   8;    5.033;   0;   6.8;   5.0; 1013.80;    0.9;   77.29;    6.7;   -5.3;   -8.7;eor
       3196;20180322;   10;  12.9;   3.9;    3;   3.5;   8;    0.000;   1;   7.7;   6.9; 1000.09;    2.5;   93.67;    5.6;    0.3;   -0.1;eor
       3196;20180323;   10;   5.5;   2.0;    3;   0.0;   6;    0.000;   0;   8.0;   6.7;  996.50;    2.6;   91.25;    5.1;    0.5;   -2.7;eor
       3196;20180324;   10;   5.4;   2.5;    3;   0.0;   0;    6.700;   0;   7.1;   6.3;  995.36;    3.3;   82.96;    9.4;   -2.0;   -5.2;eor
       3196;20180325;   10;   4.9;   1.2;    3;   0.1;   6;    7.667;   0;   6.9;   5.8;  997.82;    4.1;   73.50;   10.8;   -3.6;   -6.4;eor
       3196;20180326;   10;   6.0;   2.1;    3;   0.0;   6;    0.033;   0;   7.7;   6.6; 1002.96;    3.4;   84.46;    5.2;   -1.0;   -4.3;eor
       3196;20180327;   10;   6.4;   2.3;    3;   0.0;   8;    1.733;   0;   7.7;   6.0; 1003.43;    4.1;   74.50;    7.9;    0.9;   -0.5;eor
       3196;20180328;   10;  13.8;   5.2;    3;   8.8;   8;    0.000;   0;   7.7;   5.8;  994.76;    2.0;   82.29;    3.1;    0.1;   -0.1;eor
       3196;20180329;   10;  13.4;   5.1;    3;   0.0;   8;    0.200;   1;   7.0;   5.9;  990.90;    1.5;   87.13;    4.4;   -0.9;   -3.7;eor
       3196;20180330;   10;   8.8;   2.9;    3;   0.0;   0;   10.133;   0;   5.5;   5.5;  997.25;    2.6;   76.00;    9.4;   -3.8;   -6.9;eor
       3196;20180331;   10;   9.9;   3.6;    3;  15.5;   8;    0.000;   0;   7.8;   5.8;  990.88;    0.6;   90.96;    1.3;    0.2;   -0.6;eor
       3196;20180401;   10;  10.6;   4.3;    3;   3.0;   8;    0.000;   1;   7.2;   5.9;  993.38;    0.7;   92.29;    1.5;    0.1;   -1.1;eor
       3196;20180402;   10;   8.6;   3.2;    3;   3.1;   6;    8.267;   0;   5.4;   5.7;  998.32;    3.8;   72.25;    8.7;   -1.0;   -2.1;eor
       3196;20180403;   10;  10.3;   3.6;    3;   3.7;   6;    4.133;   0;   7.6;  10.2;  991.81;   10.6;   80.33;   17.4;    5.1;    4.3;eor
       3196;20180404;   10;  15.0;   3.6;    3;  11.0;   6;    9.600;   0;   6.4;  10.1;  991.68;   13.2;   68.33;   18.1;    8.8;    4.2;eor
       3196;20180405;   10;  16.1;   5.2;    3;   1.2;   6;    2.150;   0;   6.3;   8.9;  996.30;    8.6;   78.29;   13.5;    2.1;    0.4;eor
       3196;20180406;   10;   8.2;   3.1;    3;   0.0;   0;   11.233;   0;   4.4;   6.2; 1012.21;    6.2;   67.92;   12.0;    1.0;   -0.5;eor
       3196;20180407;   10;  12.1;   4.8;    3;   0.0;   0;   12.083;   0;   7.7;   6.5; 1005.97;   11.6;   48.33;   18.1;    5.0;    2.1;eor
       3196;20180408;   10;   9.3;   3.6;    3;   0.0;   0;   12.333;   0;   1.9;   9.6;  999.91;   14.1;   60.46;   19.9;    7.3;    2.8;eor
       3196;20180409;   10;   5.1;   1.9;    3;   0.0;   0;    9.717;   0;   3.9;   9.9;  996.60;   13.9;   65.13;   21.6;    4.6;    1.0;eor
       3196;20180410;   10;  13.7;   4.8;    3;   0.0;   0;   11.000;   0;   4.7;   9.9;  997.42;   11.1;   75.96;   18.2;    5.5;    3.7;eor
       3196;20180411;   10;  10.5;   4.8;    3;   0.0;   0;    0.083;   0;   7.2;   8.5; 1001.54;    6.5;   87.46;    9.6;    3.6;    2.3;eor
       3196;20180412;   10;  12.1;   3.8;    3;   0.0;   0;    6.867;   0;   6.2;  10.5;  996.85;   11.6;   77.46;   19.8;    3.1;    1.3;eor
       3196;20180413;   10;  12.5;   3.5;    3;   0.8;   6;    0.917;   0;   7.9;  13.2;  996.20;   15.4;   76.29;   19.7;    9.6;    5.7;eor
       3196;20180414;   10;  13.0;   3.7;    3;   9.4;   6;    0.000;   0;   6.5;  11.1; 1004.68;    9.2;   94.92;   11.8;    6.1;    2.3;eor
       3196;20180415;   10;   6.6;   1.9;    3;   0.0;   6;    3.700;   0;   7.0;  10.4; 1004.45;    9.1;   89.54;   15.9;    3.4;    0.8;eor
       3196;20180416;   10;   4.9;   1.4;    3;   0.0;   6;    0.050;   0;   8.0;  10.9; 1003.89;   10.8;   84.54;   15.8;    6.5;    4.7;eor
       3196;20180417;   10;   9.6;   2.4;    3;   0.0;   0;   11.867;   0;   3.3;   9.7; 1014.90;   12.4;   70.38;   18.9;    6.1;    1.7;eor
       3196;20180418;   10;   6.0;   1.6;    3;   0.0;   0;   12.817;   0;   3.4;  10.6; 1020.78;   15.2;   66.38;   23.6;    5.6;    1.7;eor
       3196;20180419;   10;   4.8;   1.5;    3;   0.0;   0;   12.917;   0;  -999;  12.7; 1020.30;   16.4;   71.88;   24.3;    8.4;    4.5;eor
       3196;20180420;   10;   9.1;   3.0;    3;   0.0;   0;   12.917;   0;   2.7;  12.6; 1012.10;   19.4;   60.71;   27.6;   10.7;    5.9;eor
       3196;20180421;   10;   7.3;   2.3;    3;   0.0;   0;   13.067;   0;   3.8;  10.1; 1009.67;   14.4;   63.33;   19.7;    7.6;    2.8;eor
       3196;20180422;   10;   8.1;   2.0;    3;   0.0;   6;   12.150;   0;   5.6;   9.6; 1004.45;   14.8;   60.33;   21.6;    4.7;    0.8;eor
       3196;20180423;   10;  13.3;   4.5;    3;   0.0;   0;    6.450;   0;   6.1;  11.7; 1000.73;   15.8;   65.50;   20.2;    7.2;    3.2;eor
       3196;20180424;   10;  12.2;   3.8;    3;   3.0;   6;    0.317;   0;   7.8;  10.1; 1002.19;   10.9;   77.25;   13.9;    7.3;    3.9;eor
       3196;20180425;   10;  19.0;   4.5;    3;   5.4;   6;    2.000;   0;   6.9;  10.5;  996.18;   10.8;   81.00;   16.8;    6.5;    2.2;eor
       3196;20180426;   10;  13.1;   3.7;    3;   5.9;   6;    3.350;   0;   5.4;   9.1; 1001.66;    7.7;   86.96;   12.7;    4.8;    3.7;eor
       3196;20180427;   10;   8.3;   2.9;    3;   0.0;   0;    8.400;   0;   7.0;   8.2; 1003.25;   10.0;   69.83;   15.0;    4.5;    3.1;eor
       3196;20180428;   10;   9.4;   2.2;    3;   0.0;   0;   11.183;   0;   6.5;   9.6;  999.93;   13.5;   64.42;   20.0;    5.6;    2.0;eor
       3196;20180429;   10;   8.7;   2.2;    3;   0.0;   0;   12.417;   0;   6.0;  11.0;  999.61;   15.7;   63.46;   21.3;   10.0;    8.2;eor
       3196;20180430;   10;  12.0;   3.3;    3;   3.9;   6;    5.733;   0;   4.7;  11.9;  990.38;   14.2;   72.71;   20.1;   10.1;    5.2;eor
       3196;20180501;   10;  17.0;   5.0;    3;   0.0;   6;    3.017;-999;   5.2;   7.3;  997.48;    9.7;   60.75;   12.3;    4.7;   -0.8;eor
       3196;20180502;   10;   8.0;   2.6;    3;   0.0;   0;    5.800;-999;   5.9;   7.3; 1004.10;    9.3;   64.50;   14.8;    0.1;   -4.1;eor
       3196;20180503;   10;   9.8;   2.6;    3;   0.0;   0;   11.967;-999;   5.0;   8.1; 1005.43;   10.9;   65.50;   16.5;    3.9;   -0.3;eor
       3196;20180504;   10;   6.7;   1.6;    3;   0.0;   0;   12.933;-999;   2.2;   7.1; 1014.22;    9.7;   63.13;   16.6;    2.0;   -1.8;eor
       3196;20180505;   10;   8.0;   1.9;    3;   0.0;   0;   13.733;-999;   1.0;   7.8; 1017.62;   11.1;   63.17;   19.1;    1.3;   -2.3;eor
       3196;20180506;   10;   8.0;   2.0;    3;   0.0;   0;   14.133;-999;   0.1;   9.6; 1016.62;   14.2;   63.54;   22.5;    3.9;    0.5;eor
       3196;20180507;   10;   7.1;   2.0;    3;   0.0;   0;   14.167;-999;   0.1;  10.9; 1012.47;   16.4;   62.38;   24.5;    6.0;    2.4;eor
       3196;20180508;   10;  10.3;   2.5;    3;   0.0;   0;   14.150;-999;   0.5;  10.9; 1005.52;   17.5;   60.13;   25.6;    7.3;    3.5;eor
       3196;20180509;   10;   8.7;   2.2;    3;   0.0;   0;   13.300;-999;   1.4;  12.3; 1000.10;   19.0;   60.71;   27.0;    8.4;    4.6;eor
       3196;20180510;   10;  12.0;   3.2;    3;   5.6;   6;    6.450;-999;   5.4;  14.5;  998.73;   17.3;   75.67;   26.8;   11.7;    8.3;eor
       3196;20180511;   10;   8.4;   2.5;    3;   0.0;   0;    6.183;-999;   6.1;  11.7; 1008.80;   14.1;   74.54;   19.4;    9.9;    7.5;eor
       3196;20180512;   10;   8.3;   2.3;    3;   0.0;   0;   12.333;-999;   2.5;  12.6; 1007.83;   15.3;   74.88;   22.2;    7.3;    4.4;eor
       3196;20180513;   10;  10.1;   2.8;    3;   0.0;   0;   13.900;-999;   0.2;  12.3; 1003.41;   18.7;   62.38;   26.7;   10.0;    7.0;eor
       3196;20180514;   10;  11.2;   2.8;    3;   0.0;   0;   13.017;-999;   1.5;  11.1; 1004.83;   17.9;   58.67;   26.1;    9.2;    5.5;eor
       3196;20180515;   10;  11.8;   2.8;    3;   1.1;   6;    8.883;-999;   6.0;  11.1; 1005.56;   15.5;   67.92;   23.7;    7.9;    4.2;eor
       3196;20180516;   10;   6.0;   1.7;    3;   0.0;   6;    1.267;-999;   7.3;  13.0; 1003.21;   15.2;   77.04;   21.0;    9.1;    5.8;eor
       3196;20180517;   10;   9.8;   3.8;    3;   0.0;   0;   11.917;-999;   5.7;  11.3; 1004.60;   14.6;   69.58;   20.7;   10.0;    8.1;eor
       3196;20180518;   10;   6.0;   2.1;    3;   0.0;   6;    0.000;-999;   7.4;  12.0; 1008.63;   12.1;   84.92;   13.9;    9.7;    7.8;eor
       3196;20180519;   10;   9.4;   2.7;    3;   0.0;   0;   14.400;-999;   4.2;   9.6; 1012.07;   15.9;   56.33;   21.9;    8.6;    4.4;eor
       3196;20180520;   10;   9.7;   2.8;    3;   0.0;   0;   14.817;-999;   0.1;   7.8; 1015.26;   14.6;   52.42;   22.2;    4.6;    0.2;eor
       3196;20180521;   10;  10.6;   2.7;    3;   0.0;   0;   14.667;-999;   1.7;   9.3; 1011.00;   15.9;   56.67;   24.4;    4.7;    0.5;eor
       3196;20180522;   10;   8.3;   2.2;    3;   0.0;   0;   13.033;-999;   2.4;   9.5; 1006.15;   17.2;   53.96;   25.2;    6.7;    3.0;eor
       3196;20180523;   10;  11.9;   3.4;    3;   0.0;   0;   14.117;-999;   6.7;   9.5; 1012.11;   17.0;   53.42;   24.6;    7.7;    4.0;eor
       3196;20180524;   10;  11.8;   3.7;    3;   0.0;   0;   14.650;-999;   2.8;  11.0; 1013.41;   18.1;   56.38;   25.7;    8.2;    4.6;eor
       3196;20180525;   10;  10.2;   3.0;    3;   0.0;   0;   13.967;-999;   2.7;  11.2; 1011.98;   18.1;   58.00;   26.4;    9.9;    6.6;eor
       3196;20180526;   10;   9.5;   2.2;    3;   0.0;   0;   13.583;-999;   1.9;  12.6; 1012.43;   18.0;   64.79;   26.4;    7.9;    5.0;eor
       3196;20180527;   10;  14.7;   2.5;    3;   6.7;   6;   11.133;-999;   3.8;  14.1; 1011.33;   18.1;   71.21;   26.5;    9.6;    6.2;eor
       3196;20180528;   10;   8.1;   2.3;    3;   0.0;   0;    9.283;-999;   6.6;  16.9; 1009.71;   22.7;   64.88;   31.1;   14.6;   12.9;eor
       3196;20180529;   10;  10.2;   3.1;    3;   0.0;   0;   14.983;-999;   1.8;  13.8; 1006.09;   23.9;   50.92;   30.9;   15.4;   12.4;eor
       3196;20180530;   10;  16.0;   2.1;    3;   0.0;   6;   10.517;-999;   3.9;  15.0; 1004.47;   23.1;   55.54;   32.4;   14.6;   12.0;eor
       3196;20180531;   10;   9.8;   2.7;    3;   0.0;   0;   14.150;-999;   3.5;  15.7; 1005.26;   23.5;   57.63;   31.8;   15.2;   12.1;eor
       3196;20180601;   10;   8.8;   1.6;    3;  18.5;   6;    5.933;-999;   6.4;  18.2; 1004.35;   21.2;   73.17;   29.7;   13.9;   11.9;eor
       3196;20180602;   10;   8.0;   2.3;    3;   0.0;   6;    0.733;-999;   7.9;  19.8; 1004.92;   19.7;   86.50;   23.4;   16.9;   16.0;eor
       3196;20180603;   10;   7.0;   2.4;    3;   0.0;   0;    1.850;-999;   5.8;  17.5; 1006.86;   19.0;   80.29;   23.0;   15.0;   12.2;eor
       3196;20180604;   10;   8.2;   2.8;    3;   0.0;   0;    5.750;-999;   4.4;  16.0; 1002.61;   17.5;   80.58;   22.4;   13.5;   11.0;eor
       3196;20180605;   10;   6.9;   2.5;    3;   0.0;   0;    6.717;-999;   5.2;  13.2; 1003.25;   17.5;   67.75;   24.7;   11.3;    7.2;eor
       3196;20180606;   10;   9.0;   3.4;    3;   0.0;   0;   15.383;-999;   4.0;   9.1; 1007.47;   17.4;   49.33;   24.4;    8.1;    4.7;eor
       3196;20180607;   10;   9.3;   3.3;    3;   0.0;   0;   15.050;-999;   3.8;  10.6; 1006.52;   20.0;   45.50;   27.4;   11.4;    8.3;eor
       3196;20180608;   10;   6.7;   2.2;    3;   0.0;   0;   12.233;-999;   4.3;  11.9; 1003.71;   23.1;   43.83;   30.3;   14.0;   11.1;eor
       3196;20180609;   10;   7.5;   1.9;    3;   0.0;   0;   13.350;-999;   5.1;  13.0; 1002.61;   22.6;   51.00;   31.0;   12.1;    9.0;eor
       3196;20180610;   10;  12.3;   2.2;    3;   0.0;   6;    8.700;-999;   7.1;  16.5;  999.82;   20.8;   69.58;   29.7;   14.1;   11.6;eor
       3196;20180611;   10;  10.2;   3.4;    3;   0.0;   0;   10.333;-999;   6.4;  12.7; 1000.80;   18.4;   61.21;   23.3;   12.7;   11.1;eor
       3196;20180612;   10;   8.5;   3.3;    3;   0.8;   6;    0.300;-999;   8.0;  10.8; 1000.02;   15.2;   62.88;   18.9;   11.8;   10.0;eor
       3196;20180613;   10;   8.4;   3.4;    3;   0.2;   6;    0.233;-999;   7.9;  11.7; 1001.85;   14.2;   72.46;   17.5;   11.6;   11.3;eor
       3196;20180614;   10;  11.2;   2.5;    3;   0.3;   6;    7.350;-999;   7.5;  11.0; 1004.39;   16.8;   59.38;   22.4;   11.3;    8.8;eor
       3196;20180615;   10;   6.9;   2.1;    3;   0.0;   0;    5.167;-999;   7.6;  12.6; 1006.32;   18.2;   62.17;   24.1;   14.4;   13.3;eor
       3196;20180616;   10;   7.8;   2.2;    3;   0.1;   6;    7.100;-999;   7.1;  13.1; 1004.98;   20.4;   56.83;   25.9;   11.5;    8.4;eor
       3196;20180617;   10;  10.8;   2.8;    3;   0.0;   0;    6.967;-999;   7.0;  12.9; 1004.74;   19.0;   60.96;   24.0;   12.9;    9.7;eor
       3196;20180618;   10;  10.7;   2.8;    3;   0.1;   6;    7.833;-999;   6.4;  13.4; 1008.37;   18.8;   63.17;   23.7;   12.7;    9.3;eor
       3196;20180619;   10;   9.2;   3.1;    3;   0.0;   6;    3.283;-999;   6.8;  15.4; 1010.23;   18.6;   72.46;   22.9;   14.3;   10.7;eor
       3196;20180620;   10;   9.1;   2.7;    3;   0.0;   6;    8.750;-999;   3.6;  14.3; 1009.20;   20.0;   61.92;   26.7;   11.0;    8.0;eor
       3196;20180621;   10;  19.2;   3.9;    3;   9.3;   6;    5.267;-999;   4.5;  12.9; 1002.10;   13.9;   80.46;   20.7;    8.7;    7.5;eor
       3196;20180622;   10;  14.2;   4.9;    3;   0.5;   6;    5.050;-999;   6.9;  10.1; 1006.02;   13.3;   68.04;   19.8;    8.9;    7.8;eor
       3196;20180623;   10;  12.3;   5.0;    3;   5.9;   6;    0.667;-999;   7.6;  11.9; 1008.45;   13.1;   79.42;   16.9;    9.5;    8.1;eor
       3196;20180624;   10;   8.7;   3.3;    3;   1.3;   6;    0.033;-999;   7.8;  13.4; 1007.98;   13.2;   87.83;   15.7;   11.1;   10.3;eor
       3196;20180625;   10;   9.9;   2.9;    3;   0.0;   6;    1.050;-999;   7.5;  13.5; 1010.10;   14.7;   81.63;   19.5;    9.7;    8.5;eor
       3196;20180626;   10;   7.8;   2.4;    3;   0.0;   0;    8.083;-999;   5.9;  14.3; 1013.13;   17.9;   71.63;   25.7;   12.9;   11.2;eor
       3196;20180627;   10;   8.6;   2.8;    3;   0.0;   0;   12.333;-999;   1.9;  13.0; 1015.44;   18.4;   64.75;   25.3;   10.2;    6.8;eor
       3196;20180628;   10;  10.4;   2.9;    3;   0.0;   0;   15.017;-999;   5.5;  13.3; 1012.62;   19.8;   61.38;   27.5;   11.5;    8.4;eor
       3196;20180629;   10;  10.7;   2.9;    3;   0.0;   0;   14.583;-999;   3.5;  13.5; 1007.33;   19.4;   61.96;   26.1;   10.1;    6.2;eor
       3196;20180630;   10;   8.0;   2.2;    3;   0.0;   0;   11.783;-999;   2.0;   9.7; 1010.23;   16.3;   56.50;   23.1;    8.0;    4.7;eor
       3196;20180701;   10;  10.3;   2.6;    3;   0.0;   0;   13.100;-999;   3.2;   8.9; 1011.40;   15.8;   53.79;   23.2;    7.6;    3.9;eor
       3196;20180702;   10;   9.6;   1.9;    3;   0.0;   0;   14.650;-999;   0.5;   8.6; 1008.35;   16.9;   49.67;   24.5;    5.8;    2.4;eor
       3196;20180703;   10;   9.9;   2.1;    3;   0.0;   0;   15.200;-999;   0.8;  10.3; 1005.89;   20.2;   47.21;   27.5;   11.5;    6.8;eor
       3196;20180704;   10;   7.5;   1.8;    3;   0.0;   0;   15.333;-999;   0.1;  11.8; 1003.61;   20.6;   54.29;   29.2;   10.0;    7.0;eor
       3196;20180705;   10;   9.3;   2.8;    3;   0.0;   0;   14.033;-999;   2.4;  13.9; 1001.70;   19.8;   63.71;   27.3;   12.9;   10.7;eor
       3196;20180706;   10;  11.4;   4.6;    3;   0.0;   0;    8.033;-999;   5.0;  12.3; 1005.44;   18.5;   59.96;   25.4;   11.9;    9.9;eor
       3196;20180707;   10;  12.3;   4.4;    3;   0.0;   0;   14.750;-999;   3.7;  11.4; 1008.99;   17.8;   58.79;   24.7;   10.4;    8.5;eor
       3196;20180708;   10;   9.0;   2.7;    3;   0.0;   0;   10.433;-999;   3.8;  14.3; 1010.07;   19.5;   64.25;   26.6;   12.2;   10.8;eor
       3196;20180709;   10;  12.5;   3.9;    3;   0.0;   6;    5.000;-999;   6.3;  12.0; 1008.09;   16.4;   65.75;   22.9;   12.0;   10.0;eor
       3196;20180710;   10;   7.8;   2.1;    3;  29.2;   8;    3.133;-999;   7.6;  11.4; 1005.37;   16.5;   62.79;   21.4;   12.2;   11.1;eor
       3196;20180711;   10;   7.7;   1.5;    3;   5.4;   6;    0.133;-999;   7.6;  16.8; 1004.40;   16.2;   91.38;   19.7;   14.0;   13.5;eor
       3196;20180712;   10;  10.5;   3.0;    3;   0.0;   0;    7.133;-999;   6.7;  16.0; 1004.22;   19.8;   71.63;   26.0;   15.4;   12.7;eor
       3196;20180713;   10;   8.5;   3.4;    3;   0.0;   0;   10.200;-999;   4.5;  15.7; 1007.20;   19.9;   69.92;   26.3;   14.1;   13.4;eor
       3196;20180714;   10;   7.8;   2.6;    3;   0.0;   0;    0.700;-999;   6.6;  13.3; 1009.10;   16.4;   72.17;   20.0;   12.5;    9.3;eor
       3196;20180715;   10;   6.7;   1.8;    3;   0.0;   0;    7.450;-999;   4.0;  13.8; 1007.42;   18.0;   69.33;   24.5;   11.7;    8.3;eor
       3196;20180716;   10;   6.6;   1.4;    3;   0.0;   0;   14.033;-999;   1.3;  14.5; 1004.19;   20.9;   62.58;   28.4;   12.1;    9.0;eor
       3196;20180717;   10;   8.4;   1.9;    3;   0.0;   0;   13.283;-999;   6.8;  14.8; 1002.24;   22.7;   58.33;   29.4;   14.0;   11.2;eor
       3196;20180718;   10;  11.9;   3.6;    3;   0.0;   0;    9.767;-999;   7.1;  15.1; 1004.92;   20.7;   62.92;   26.4;   16.8;   13.7;eor
       3196;20180719;   10;  10.0;   3.0;    3;   0.0;   0;   13.933;-999;  -999;  12.8; 1006.95;   20.0;   57.67;   25.1;   13.5;    9.6;eor
       3196;20180720;   10;   7.8;   2.0;    3;   0.0;   0;   12.783;-999;   4.7;  11.4; 1004.87;   18.6;   57.04;   25.5;   12.0;    8.5;eor
       3196;20180721;   10;   6.6;   1.5;    3;   0.8;   6;    9.567;-999;   5.7;  12.7; 1002.43;   20.6;   55.67;   28.3;   11.2;    8.4;eor
       3196;20180722;   10;   9.6;   2.6;    3;   3.5;   6;    1.967;-999;   6.6;  16.9; 1002.43;   20.8;   69.17;   28.1;   16.4;   14.9;eor
       3196;20180723;   10;   7.6;   2.4;    3;   0.0;   0;   12.117;-999;   1.7;  15.9; 1005.80;   20.6;   68.58;   27.3;   14.1;   11.1;eor
       3196;20180724;   10;   5.9;   1.5;    3;   0.0;   0;   13.600;-999;   1.5;  17.1; 1005.37;   24.0;   61.25;   31.5;   14.9;   12.8;eor
       3196;20180725;   10;   8.6;   2.0;    3;   0.0;   0;   14.700;-999;   1.6;  17.4; 1005.55;   25.8;   56.21;   33.1;   16.6;   14.3;eor
       3196;20180726;   10;   9.8;   2.4;    3;   0.0;   0;   13.817;-999;   1.5;  16.5; 1007.29;   25.6;   54.42;   33.9;   15.9;   13.7;eor
       3196;20180727;   10;  11.4;   3.0;    3;   0.0;   0;   12.483;-999;   2.7;  18.5; 1005.53;   24.5;   63.71;   32.4;   15.6;   12.1;eor
       3196;20180728;   10;  15.7;   3.1;    3;   1.4;   6;   10.767;-999;   3.4;  18.9;  999.79;   23.8;   68.21;   32.4;   17.1;   14.8;eor
       3196;20180729;   10;   7.4;   2.1;    3;   0.0;   6;   13.883;-999;   4.9;  15.3; 1004.98;   22.8;   58.54;   28.8;   16.9;   15.7;eor
       3196;20180730;   10;   7.6;   2.7;    3;   0.0;   6;    8.717;-999;   4.5;  17.2; 1005.87;   26.8;   50.00;   32.3;   19.9;   16.7;eor
       3196;20180731;   10;   9.3;   2.7;    3;   0.0;   6;   10.683;-999;   5.8;  16.0; 1005.86;   28.2;   43.92;   35.7;   19.6;   16.7;eor
       3196;20180801;   10;   8.6;   2.4;    3;   0.2;   6;    9.717;-999;   5.9;  16.3; 1010.01;   25.0;   52.79;   30.8;   19.6;   17.8;eor
       3196;20180802;   10;   7.3;   1.6;    3;   0.0;   0;    8.167;-999;   5.2;  15.4; 1012.85;   23.1;   56.58;   30.1;   16.9;   14.0;eor
       3196;20180803;   10;   5.7;   1.4;    3;   0.0;   0;   12.867;-999;   0.9;  15.1; 1011.18;   24.8;   52.21;   33.2;   15.0;   12.2;eor
       3196;20180804;   10;   8.7;   2.1;    3;   0.0;   6;    7.183;-999;   5.3;  17.1; 1007.61;   23.8;   60.04;   31.0;   17.3;   15.2;eor
       3196;20180805;   10;   9.7;   3.4;    3;   0.0;   0;    6.750;-999;   6.1;  13.8; 1009.68;   20.1;   60.46;   24.5;   16.0;   13.7;eor
       3196;20180806;   10;   6.0;   2.0;    3;   0.0;   0;   13.767;-999;   1.8;  13.1; 1007.55;   21.8;   54.54;   29.6;   13.2;   10.2;eor
       3196;20180807;   10;   8.8;   2.9;    3;   0.5;   6;   13.533;-999;   1.4;  12.2; 1001.57;   26.6;   38.83;   35.2;   15.4;   11.1;eor
       3196;20180808;   10;  12.5;   3.2;    3;   0.0;   0;   10.267;-999;   6.9;  15.4;  999.82;   27.7;   42.96;   35.6;   19.6;   16.8;eor
       3196;20180809;   10;  21.2;   2.7;    3;  13.3;   8;   10.467;-999;   4.0;  18.3; 1003.08;   23.9;   65.63;   32.8;   15.7;   13.1;eor
       3196;20180810;   10;  12.5;   3.9;    3;   0.0;   0;    7.300;-999;  -999;  13.1; 1007.78;   19.1;   59.83;   23.7;   12.9;    9.9;eor
       3196;20180811;   10;  13.7;   3.9;    3;   2.6;   6;    4.900;-999;   6.0;  11.6; 1008.42;   16.3;   63.79;   21.1;   12.6;   10.2;eor
       3196;20180812;   10;   8.3;   2.6;    3;   0.0;   0;    8.983;-999;   7.4;  11.7; 1005.57;   18.2;   59.42;   25.1;   11.7;   10.2;eor
       3196;20180813;   10;  11.9;   2.2;    3;   0.0;   6;    8.800;-999;   7.0;  12.9;  997.22;   20.9;   55.96;   30.0;   12.0;    9.1;eor
       3196;20180814;   10;  10.0;   3.1;    3;   1.1;   6;    2.967;-999;   6.2;  17.0;  999.22;   19.4;   76.38;   24.8;   16.0;   14.5;eor
       3196;20180815;   10;   8.6;   2.6;    3;   0.0;   6;    5.267;-999;   6.8;  15.9; 1007.01;   19.3;   72.38;   24.3;   14.9;   13.8;eor
       3196;20180816;   10;   9.5;   2.7;    3;   0.0;   0;   12.950;-999;   3.8;  14.8; 1006.14;   21.8;   59.25;   28.5;   14.8;   11.4;eor
       3196;20180817;   10;   8.5;   2.4;    3;   0.0;   0;    7.117;-999;   5.5;  16.2; 1005.84;   20.0;   70.71;   26.7;   13.8;   10.7;eor
       3196;20180818;   10;  11.5;   1.9;    3;   0.0;   0;   11.883;-999;   4.4;  12.3; 1010.27;   18.9;   60.92;   26.6;   11.3;    7.6;eor
       3196;20180819;   10;   8.5;   2.3;    3;   0.0;   0;   12.467;-999;   6.2;  13.8; 1008.55;   21.0;   57.63;   28.4;   14.3;   11.1;eor
       3196;20180820;   10;  10.3;   3.5;    3;   0.1;   6;    2.150;-999;   7.1;  16.1; 1006.18;   19.9;   69.46;   24.6;   14.3;   11.9;eor
       3196;20180821;   10;   7.6;   1.9;    3;   0.0;   0;   10.900;-999;   2.9;  11.7; 1011.06;   16.8;   64.67;   23.4;   10.9;    7.9;eor
       3196;20180822;   10;   7.6;   2.0;    3;   0.0;   0;   13.117;-999;   2.9;  11.5; 1008.30;   19.6;   54.46;   27.7;   10.5;    7.2;eor
       3196;20180823;   10;   7.3;   2.0;    3;   0.2;   6;   11.933;-999;   3.5;  14.2; 1000.67;   23.5;   50.63;   30.5;   16.1;   12.0;eor
       3196;20180824;   10;  11.1;   3.1;    3;   0.0;   0;    3.433;-999;   7.5;  12.8;  997.97;   18.4;   60.71;   21.8;   13.4;   11.2;eor
       3196;20180825;   10;  12.7;   3.1;    3;   0.9;   6;    3.883;-999;   5.5;  10.6;  998.50;   13.7;   67.88;   19.4;    9.7;    8.0;eor
       3196;20180826;   10;   9.1;   3.2;    3;   0.0;   6;    9.550;-999;   3.6;   9.5; 1003.63;   14.2;   61.75;   21.1;    8.1;    6.8;eor
       3196;20180827;   10;  11.3;   3.5;    3;   6.2;   6;    1.700;-999;   6.8;  12.3; 1000.81;   15.3;   70.50;   20.6;   13.0;   11.0;eor
       3196;20180828;   10;   7.1;   2.3;    3;   0.0;   0;    4.583;-999;   5.2;  13.6; 1008.35;   15.6;   78.92;   22.0;   10.1;    7.2;eor
       3196;20180829;   10;  10.3;   2.5;    3;   0.3;   6;   11.967;-999;  -999;  12.3; 1005.10;   17.7;   65.79;   26.2;    8.9;    5.9;eor
       3196;20180830;   10;  11.0;   3.6;    3;   4.5;   6;    0.000;-999;   7.8;  15.5; 1003.15;   16.4;   83.54;   19.8;   13.7;   13.2;eor
       3196;20180831;   10;   9.1;   3.2;    3;   0.0;   0;    6.033;-999;   5.9;  11.9; 1009.68;   14.8;   72.29;   20.0;   10.4;    9.1;eor
       3196;20180901;   10;   7.0;   2.0;    3;   0.0;   0;    5.950;-999;   4.3;  13.1; 1014.86;   15.1;   78.42;   22.4;    9.2;    5.9;eor
       3196;20180902;   10;  10.4;   2.9;    3;   0.0;   6;    7.967;-999;  -999;  14.1; 1015.55;   16.6;   75.67;   23.3;    7.8;    4.8;eor
       3196;20180903;   10;   9.9;   3.5;    3;   0.0;   0;   10.083;-999;   6.0;  16.8; 1009.15;   21.5;   67.79;   28.1;   15.5;   14.2;eor
       3196;20180904;   10;   7.3;   2.5;    3;   0.0;   0;   10.900;-999;   6.2;  14.8; 1007.47;   18.1;   74.04;   24.5;   11.4;    8.6;eor
       3196;20180905;   10;   6.9;   2.1;    3;   0.0;   0;    6.467;-999;   4.7;  15.1; 1008.62;   18.0;   76.00;   25.3;   12.6;    9.3;eor
       3196;20180906;   10;   8.9;   2.6;    3;   3.4;   6;    5.417;-999;   5.4;  15.1; 1003.46;   18.3;   74.21;   25.0;   11.9;    8.8;eor
       3196;20180907;   10;   9.8;   2.2;    3;   0.8;   6;    2.817;-999;   6.3;  14.4; 1001.35;   16.5;   78.08;   22.5;    9.9;    6.4;eor
       3196;20180908;   10;  10.7;   3.1;    3;   0.0;   6;    9.033;-999;   5.2;  10.5; 1008.12;   14.7;   63.71;   20.7;   10.2;    8.0;eor
       3196;20180909;   10;   6.8;   2.0;    3;   0.0;   0;    7.600;-999;   6.3;  10.9; 1010.15;   17.5;   56.08;   24.0;   12.5;    9.1;eor
       3196;20180910;   10;   7.9;   2.6;    3;   0.8;   6;    1.767;-999;   7.9;  12.2; 1009.57;   18.4;   58.29;   22.8;   11.8;    8.4;eor
       3196;20180911;   10;  12.8;   3.6;    3;   0.1;   6;    4.633;-999;   7.8;  14.5; 1008.06;   19.5;   65.04;   25.1;   14.1;   13.2;eor
       3196;20180912;   10;   7.5;   2.2;    3;   0.4;   6;    0.033;-999;   7.7;  15.1; 1008.94;   15.9;   83.17;   20.1;   12.2;   10.9;eor
       3196;20180913;   10;   4.6;   1.2;    3;   0.0;   6;    1.000;-999;   7.9;  12.6; 1010.75;   14.0;   79.46;   18.2;   10.9;    8.9;eor
       3196;20180914;   10;   7.0;   1.8;    3;   0.0;   0;    9.683;-999;  -999;  10.2; 1009.31;   14.3;   66.04;   21.1;    6.9;    3.0;eor
       3196;20180915;   10;   9.8;   3.4;    3;   0.9;   6;    3.517;-999;   6.9;  11.5; 1010.25;   14.0;   73.13;   20.8;   10.3;    7.9;eor
       3196;20180916;   10;   8.2;   2.3;    3;   0.0;   0;    9.333;-999;   7.8;  11.5; 1012.21;   15.2;   69.71;   22.1;    8.2;    5.0;eor
       3196;20180917;   10;   7.5;   2.3;    3;   0.0;   0;   10.867;-999;  -999;  11.0; 1008.33;   17.9;   56.67;   26.0;   10.5;    6.2;eor
       3196;20180918;   10;   9.7;   2.7;    3;   0.0;   0;   11.333;-999;   2.7;  11.0; 1003.69;   21.9;   44.83;   29.9;   12.8;    7.7;eor
       3196;20180919;   10;   9.6;   2.6;    3;   0.0;   0;   10.550;-999;   3.5;  14.6; 1005.99;   20.4;   64.63;   27.6;   12.3;    7.8;eor
       3196;20180920;   10;  10.6;   3.3;    3;   0.0;   0;    7.833;-999;   7.1;  13.9; 1004.93;   21.0;   56.83;   26.1;   17.4;   12.6;eor
       3196;20180921;   10;-999;   4.4;    3;  -999;   6;    3.383;-999;   6.6;  12.5;  996.05;   17.6;   63.88;   26.9;    9.7;    8.2;eor
       3196;20180922;   10;  12.5;   4.4;    3;   3.9;   6;    4.850;-999;   5.9;  10.0; 1004.10;   11.9;   72.75;   16.9;    8.9;    7.4;eor
       3196;20180923;   10;   9.2;   2.8;    3;   0.6;   6;    1.217;-999;   6.4;  10.4; 1001.64;    9.9;   85.04;   12.7;    7.4;    6.0;eor
       3196;20180924;   10;  16.8;   5.6;    3;   0.1;   6;    7.683;-999;   2.6;   7.8; 1012.95;    9.3;   67.38;   14.1;    5.5;    3.1;eor
       3196;20180925;   10;  11.1;   3.4;    3;   0.0;   0;   10.033;-999;   3.1;   7.4; 1025.12;    8.9;   66.54;   14.9;    4.2;    2.4;eor
       3196;20180926;   10;  13.6;   4.7;    3;   0.0;   6;    4.367;-999;   7.7;   8.2; 1019.30;   12.9;   56.88;   17.8;    7.5;    6.4;eor
       3196;20180927;   10;  10.0;   3.5;    3;   0.0;   6;    4.717;-999;   5.8;  13.8; 1013.18;   17.7;   68.58;   22.8;   14.6;   11.5;eor
       3196;20180928;   10;  11.0;   3.7;    3;   0.0;   6;    7.733;-999;   5.3;   8.8; 1012.27;   12.4;   61.54;   15.5;    6.3;    2.3;eor
       3196;20180929;   10;   6.7;   2.2;    3;   0.0;   0;    5.650;-999;   2.7;   7.8; 1016.63;    9.1;   69.96;   14.7;    3.5;   -0.8;eor
       3196;20180930;   10;   9.1;   2.6;    3;   0.0;   0;    7.983;-999;   5.1;   6.9; 1006.15;   10.4;   58.42;   18.5;    5.0;    0.7;eor
       3196;20181001;   10;  10.7;   2.8;    3;   0.1;   6;    1.967;-999;   6.0;   8.8; 1002.07;    9.1;   76.67;   15.0;    5.0;    2.0;eor
       3196;20181002;   10;  13.1;   4.5;    3;   4.2;   6;    0.000;   0;   6.1;   9.3; 1001.38;    7.1;   91.42;   10.0;    4.0;    2.4;eor
       3196;20181003;   10;  16.9;   5.5;    3;   0.0;   6;    5.700;   0;   6.0;   9.0; 1006.15;   10.3;   73.42;   14.4;    8.1;    5.6;eor
       3196;20181004;   10;  10.2;   3.2;    3;   0.2;   6;    0.467;   0;   7.8;  11.9; 1013.51;   11.7;   86.04;   16.7;    8.3;    7.6;eor
       3196;20181005;   10;   9.6;   2.9;    3;   0.0;   0;   10.067;   0;   3.0;  11.2; 1009.36;   14.8;   68.29;   20.6;   10.0;    7.1;eor
       3196;20181006;   10;   6.4;   2.1;    3;   0.3;   6;    9.883;   0;   5.1;  11.6;  999.44;   14.3;   71.83;   21.4;    8.3;    3.8;eor
       3196;20181007;   10;  10.7;   2.8;    3;   0.1;   6;    3.333;   0;   7.1;   9.9; 1006.65;   10.2;   79.63;   15.6;    2.5;   -0.9;eor
       3196;20181008;   10;   7.7;   2.2;    3;   0.0;   0;    7.500;   0;   7.8;   8.5; 1011.79;    9.0;   74.92;   15.1;    2.9;   -1.0;eor
       3196;20181009;   10;   6.2;   2.3;    3;   0.0;   0;    5.133;   0;   8.0;   9.6; 1011.55;   12.1;   70.08;   18.7;    6.1;    2.5;eor
       3196;20181010;   10;   8.1;   2.3;    3;   0.0;   0;    9.267;   0;   6.5;  13.0; 1011.68;   15.1;   77.63;   23.5;    6.9;    3.6;eor
       3196;20181011;   10;  11.8;   3.6;    3;   0.0;   0;    9.717;   0;   0.5;  11.8; 1006.94;   16.6;   64.71;   23.1;   10.7;    5.2;eor
       3196;20181012;   10;   6.6;   2.3;    3;   0.0;   0;    9.617;   0;   1.0;  12.2; 1010.55;   17.4;   63.00;   25.0;   11.5;    7.0;eor
       3196;20181013;   10;   8.8;   2.7;    3;   0.0;   0;    9.600;   0;   0.5;  12.6; 1011.65;   18.6;   60.21;   26.2;   11.9;    7.2;eor
       3196;20181014;   10;   9.5;   3.2;    3;   0.0;   0;    9.517;   0;   0.2;  10.9; 1004.44;   16.3;   59.88;   22.4;   11.1;    6.3;eor
       3196;20181015;   10;   6.6;   2.5;    3;   0.0;   0;    9.433;   0;   0.7;   9.9; 1004.16;   16.5;   53.79;   24.1;   10.1;    5.7;eor
       3196;20181016;   10;   4.0;   1.2;    3;   0.0;   0;    9.233;   0;   0.8;  11.1; 1007.74;   14.2;   70.50;   23.7;    6.4;    3.4;eor
       3196;20181017;   10;   3.0;   1.1;    3;   0.0;   0;    8.267;   0;   2.9;  12.1; 1008.82;   13.4;   81.67;   22.0;    7.4;    4.3;eor
       3196;20181018;   10;   7.4;   1.9;    3;   0.0;   6;    0.167;   0;   5.0;  12.1; 1011.61;   10.7;   93.00;   15.6;    4.1;   -1.2;eor
       3196;20181019;   10;   4.9;   1.2;    3;   0.0;   0;    6.283;   0;   4.5;   8.2; 1015.30;    6.6;   85.04;   13.0;    2.0;   -2.8;eor
       3196;20181020;   10;   8.7;   2.5;    3;   0.0;   6;    2.050;   0;   7.0;   8.6; 1017.38;    8.9;   76.00;   13.1;    5.2;    0.1;eor
       3196;20181021;   10;   6.2;   1.9;    3;   0.1;   6;    4.367;   0;   6.2;  10.2; 1017.19;    9.7;   85.33;   15.8;    4.7;    0.2;eor
       3196;20181022;   10;  10.2;   3.4;    3;   1.7;   6;    3.767;   0;   5.4;   9.1; 1016.25;    9.3;   77.21;   13.9;    5.2;    1.5;eor
       3196;20181023;   10;  19.8;   7.6;    3;   4.3;   6;    0.000;   0;   7.7;  10.2; 1001.71;    9.9;   82.42;   12.2;    5.8;    4.7;eor
       3196;20181024;   10;  16.0;   5.4;    3;   1.3;   6;    5.500;   0;   6.5;   8.3; 1003.59;    9.8;   69.08;   12.5;    7.9;    4.7;eor
       3196;20181025;   10;  16.6;   6.0;    3;   0.8;   6;    1.017;   0;   7.7;  10.4; 1000.32;   10.9;   79.42;   13.4;    8.4;    7.6;eor
       3196;20181026;   10;  11.7;   4.0;    3;   0.9;   6;    0.000;   0;   7.8;  10.2;  993.98;    9.1;   87.79;   11.6;    7.0;    5.4;eor
       3196;20181027;   10;  13.8;   4.5;    3;   0.2;   6;    1.250;   0;   7.2;   7.5;  994.73;    5.6;   82.08;    8.3;    0.0;   -3.1;eor
       3196;20181028;   10;   8.1;   2.7;    3;   0.0;   6;    0.233;   0;   7.9;   6.8; 1006.01;    2.9;   90.92;    6.8;   -1.4;   -4.7;eor
       3196;20181029;   10;  11.3;   4.6;    3;   0.0;   6;    0.000;   0;   8.0;   7.1;  998.27;    4.6;   83.33;    5.3;    3.8;    3.5;eor
       3196;20181030;   10;  17.5;   5.2;    3;   1.0;   6;    4.167;   0;   6.8;   9.8;  983.42;   10.3;   78.25;   17.7;    4.3;    3.7;eor
       3196;20181031;   10;  15.5;   3.9;    3;   0.0;   0;    7.483;   0;   6.8;   7.8; 1003.92;    8.7;   70.08;   12.0;    2.8;   -0.3;eor
       3196;20181101;   10;   7.9;   1.6;    3;   0.0;   0;    2.500;   0;   5.0;   8.3; 1002.91;    6.0;   88.25;   10.3;    0.3;   -2.6;eor
       3196;20181102;   10;  11.6;   3.4;    3;   0.0;   0;    3.950;   0;   4.0;   9.1; 1009.57;    8.3;   84.00;   13.6;    4.3;   -0.9;eor
       3196;20181103;   10;   4.2;   1.4;    3;   0.0;   0;    8.000;   0;   2.9;   7.3; 1018.33;    4.4;   88.92;   10.6;   -0.8;   -4.1;eor
       3196;20181104;   10;   6.9;   2.2;    3;   0.0;   0;    0.000;   0;   7.3;   9.5; 1010.21;    6.7;   94.88;    9.6;    0.1;   -3.2;eor
       3196;20181105;   10;   7.9;   2.5;    3;   0.0;   0;    0.000;   0;   8.0;  11.5; 1002.31;    9.6;   96.08;   11.9;    5.6;    1.7;eor
       3196;20181106;   10;   6.4;   2.0;    3;   0.0;   0;    7.600;   0;   2.8;  10.4;  999.67;    9.3;   88.67;   15.6;    4.0;    0.5;eor
       3196;20181107;   10;   6.1;   1.7;    3;   0.0;   0;    6.050;   0;   4.4;  10.2; 1000.95;    7.9;   95.58;   12.6;    3.9;    0.3;eor
       3196;20181108;   10;   6.9;   1.7;    3;   0.1;   6;    1.400;   0;   7.4;  10.1; 1009.36;    8.1;   93.29;   12.9;    3.3;    0.2;eor
       3196;20181109;   10;   7.7;   2.4;    3;   0.0;   6;    1.383;   0;   7.7;  10.4; 1006.70;    8.2;   94.92;   12.0;    3.6;    1.0;eor
       3196;20181110;   10;   9.4;   3.8;    3;   0.9;   6;    0.300;   0;   7.9;  10.3;  998.82;    9.5;   87.21;   11.7;    6.9;    6.7;eor
       3196;20181111;   10;   8.7;   3.4;    3;   1.0;   6;    2.350;   0;   7.0;  11.1;  999.45;   11.1;   83.83;   12.9;    9.2;    8.0;eor
       3196;20181112;   10;   9.4;   3.2;    3;   0.2;   6;    1.600;   0;   7.3;  11.9; 1004.57;   11.9;   85.38;   14.3;    9.2;    7.7;eor
       3196;20181113;   10;   9.1;   3.3;    3;   2.1;   6;    0.083;   0;   6.7;  11.1; 1010.30;   10.0;   89.96;   11.9;    8.2;    6.6;eor
       3196;20181114;   10;   8.7;   3.0;    3;   0.0;   0;    0.000;   0;   7.5;   9.9; 1017.70;    7.7;   94.21;    9.3;    6.3;    3.8;eor
       3196;20181115;   10;   8.7;   3.1;    3;   0.0;   0;    1.500;   0;   4.2;   8.9; 1018.96;    6.9;   89.88;    9.9;    3.9;    0.5;eor
       3196;20181116;   10;  10.6;   4.1;    3;   0.0;   0;    7.233;   0;   2.4;   7.1; 1023.63;    5.1;   80.54;    9.2;    2.0;   -1.0;eor
       3196;20181117;   10;   5.9;   2.3;    3;   0.0;   0;    7.083;   0;   1.2;   5.7; 1027.34;    1.3;   85.29;    6.7;   -3.6;   -7.5;eor
       3196;20181118;   10;   8.5;   1.9;    3;   0.7;   6;    1.367;   0;   6.7;   6.4; 1021.65;    0.9;   95.38;    5.4;   -4.8;   -7.9;eor
       3196;20181119;   10;  12.1;   4.4;    3;   0.0;   6;    0.333;   0;   7.3;   7.0; 1014.10;    4.4;   83.71;    5.5;    3.1;    1.2;eor
       3196;20181120;   10;  13.0;   5.6;    3;   0.0;   6;    0.000;   0;   7.9;   5.5; 1009.18;    2.4;   75.67;    3.9;    1.7;    0.6;eor
       3196;20181121;   10;   9.5;   4.0;    3;   0.0;   0;    0.000;   0;   7.8;   5.1; 1012.00;    0.6;   80.50;    1.7;   -0.3;   -1.2;eor
       3196;20181122;   10;   8.3;   3.6;    3;   0.0;   0;    0.000;   0;   8.0;   5.4; 1014.13;    0.4;   86.21;    0.9;   -0.2;   -0.3;eor
       3196;20181123;   10;   5.4;   2.6;    3;   0.0;   0;    0.000;   0;   8.0;   6.3; 1010.85;    0.9;   96.83;    2.2;   -0.4;   -0.5;eor
       3196;20181124;   10;   5.8;   1.7;    3;   0.2;   6;    0.100;   0;   7.5;   6.2; 1004.20;    1.2;   93.29;    2.5;   -2.4;   -5.3;eor
       3196;20181125;   10;   6.6;   2.3;    3;   0.0;   6;    0.000;   0;   6.9;   7.2; 1002.84;    2.8;   95.79;    4.7;   -0.3;   -4.3;eor
       3196;20181126;   10;   7.7;   2.3;    3;   0.0;   0;    3.617;   0;   6.6;   5.9; 1005.02;    0.6;   93.04;    4.9;   -3.5;   -6.6;eor
       3196;20181127;   10;   3.6;   0.7;    3;   0.0;   0;    0.000;   0;   8.0;   5.6; 1012.25;   -0.6;   95.00;    1.5;   -4.0;   -6.5;eor
       3196;20181128;   10;  13.2;   4.5;    3;   0.0;   6;    5.983;   0;   5.7;   4.6; 1015.92;    0.3;   73.00;    1.9;   -1.6;   -2.9;eor
       3196;20181129;   10;  14.2;   6.2;    3;   0.1;   6;    0.000;   0;   7.9;   4.1; 1007.88;    1.5;   61.17;    3.0;   -0.7;   -1.5;eor
       3196;20181130;   10;  11.3;   4.0;    3;   0.2;   6;    0.000;   0;   7.9;   5.1; 1002.55;    2.0;   71.96;    2.8;    1.4;    0.6;eor
       3196;20181201;   10;   6.6;   2.5;    3;   0.0;   6;    1.100;   0;   7.7;   7.8; 1001.60;    4.6;   92.00;    8.0;    1.8;    0.4;eor
       3196;20181202;   10;   9.6;   3.8;    3;   3.8;   6;    0.000;   0;   7.8;   9.6;  990.00;    7.4;   91.75;   11.2;    5.0;    3.6;eor
       3196;20181203;   10;  11.2;   3.9;    3;   6.8;   6;    0.650;   0;   6.5;  11.9;  987.28;   10.6;   92.54;   12.3;    8.1;    6.1;eor
       3196;20181204;   10;  14.4;   5.1;    3;   0.0;   0;    5.083;   0;   3.5;   7.3; 1002.53;    5.1;   82.88;    9.8;    1.6;    0.0;eor
       3196;20181205;   10;   9.0;   3.4;    3;   0.0;   6;    5.933;   0;   3.8;   6.2; 1014.20;    2.2;   86.42;    5.0;    1.0;   -2.7;eor
       3196;20181206;   10;   9.3;   3.5;    3;   3.3;   6;    0.000;   0;   7.8;   7.9; 1003.66;    5.0;   87.96;    9.7;    2.0;    0.8;eor
       3196;20181207;   10;  17.4;   4.7;    3;   7.3;   6;    0.000;   0;   7.7;  12.3;  992.00;   10.4;   97.17;   11.0;    6.5;    5.5;eor
       3196;20181208;   10;  14.9;   6.1;    3;   4.1;   6;    0.000;   0;   7.4;   8.3;  985.70;    6.6;   85.13;    8.0;    5.3;    3.9;eor
       3196;20181209;   10;  15.3;   5.8;    3;   3.0;   6;    0.150;   0;   7.6;   8.5;  980.82;    6.3;   89.42;    7.7;    4.8;    3.7;eor
       3196;20181210;   10;  13.7;   6.2;    3;   0.6;   6;    2.017;   0;   6.4;   6.8;  997.33;    3.9;   83.63;    5.3;    3.0;    1.7;eor
       3196;20181211;   10;  14.6;   4.5;    3;   1.3;   6;    0.000;   0;   7.6;   7.1; 1004.81;    3.7;   89.04;    4.4;    1.1;   -1.8;eor
       3196;20181212;   10;   8.0;   2.9;    3;   0.0;   8;    0.000;   0;   6.7;   6.9; 1014.42;    2.7;   93.29;    4.3;    1.0;   -2.0;eor
       3196;20181213;   10;   7.6;   2.3;    3;   0.0;   8;    0.000;   0;   7.8;   6.4; 1014.51;    1.5;   93.58;    2.8;    0.5;   -2.3;eor
       3196;20181214;   10;   4.8;   1.8;    3;   0.0;   8;    0.000;   0;   8.0;   5.5; 1016.05;    0.1;   88.38;    0.8;   -0.7;   -1.2;eor
       3196;20181215;   10;   6.9;   2.0;    3;   0.0;   0;    0.000;   0;   7.9;   5.0; 1017.47;   -0.5;   85.63;    0.2;   -1.0;   -2.6;eor
       3196;20181216;   10;  10.2;   4.2;    3;   0.0;   8;    0.000;   0;   8.0;   4.5; 1005.63;   -0.7;   77.17;    0.0;   -2.0;   -3.5;eor
       3196;20181217;   10;   5.0;   1.8;    3;   1.3;   8;    0.000;   0;   7.9;   5.8; 1008.91;   -0.1;   95.38;    1.5;   -1.7;   -2.2;eor
       3196;20181218;   10;   6.7;   2.7;    3;   0.1;   6;    0.050;   0;   7.9;   7.7; 1012.68;    3.6;   97.83;    5.6;    1.1;   -0.4;eor
       3196;20181219;   10;  11.7;   4.0;    3;   0.0;   6;    0.000;   0;   8.0;   6.4; 1004.99;    1.9;   91.13;    3.3;    0.6;   -0.7;eor
       3196;20181220;   10;   5.4;   2.4;    3;   1.5;   6;    0.733;   0;   8.0;   7.6; 1002.57;    3.8;   95.00;    5.0;    2.2;    1.4;eor
       3196;20181221;   10;  18.6;   4.1;    3;  10.0;   6;    0.000;   0;   7.6;   9.1;  992.60;    6.3;   95.46;    9.9;    4.8;    3.3;eor
       3196;20181222;   10;  17.2;   4.2;    3;   3.5;   6;    0.000;   0;   7.8;   7.8;  996.53;    5.2;   88.58;    8.3;    3.7;    3.3;eor
       3196;20181223;   10;  10.2;   3.9;    3;   7.0;   8;    0.000;   0;   7.5;   9.0; 1003.46;    5.9;   96.63;    7.2;    3.6;    3.5;eor
       3196;20181224;   10;  12.8;   4.2;    3;   0.2;   8;    0.017;   0;   7.7;   6.2; 1013.15;    1.6;   90.08;    3.6;   -0.1;   -0.6;eor
       3196;20181225;   10;  11.4;   5.1;    3;   0.3;   6;    0.000;   0;   7.9;   7.4; 1016.81;    4.7;   86.50;    6.1;    2.7;    2.1;eor
       3196;20181226;   10;  12.1;   4.8;    3;   1.3;   6;    0.000;   0;   7.8;   9.3; 1015.16;    6.3;   96.38;    7.9;    5.1;    4.7;eor
       3196;20181227;   10;  10.6;   4.2;    3;   0.5;   6;    0.000;   0;   8.0;   9.0; 1012.67;    5.7;   98.67;    6.8;    4.6;    4.4;eor
       3196;20181228;   10;   9.5;   4.2;    3;   0.3;   6;    0.000;   0;   7.7;   9.1; 1013.59;    6.5;   93.63;    7.5;    5.9;    4.9;eor
       3196;20181229;   10;  11.2;   4.4;    3;   9.0;   6;    0.000;   0;   7.6;   9.3; 1012.05;    6.4;   96.71;    7.2;    5.7;    5.4;eor
       3196;20181230;   10;  16.4;   5.7;    3;   0.0;   6;    0.417;   0;   6.3;   8.1; 1012.64;    5.8;   87.63;    7.9;    2.3;    0.6;eor
       3196;20181231;   10;  13.2;   3.3;    3;   0.8;   6;    0.000;   0;   7.8;   9.4; 1018.00;    6.1;   98.96;    8.1;    3.0;    2.4;eor
       3196;20190101;   10;  21.4;   8.3;    3;   2.3;   8;    0.867;   0;   6.9;   7.5; 1005.79;    6.0;   79.25;    7.8;    2.9;    1.6;eor
       3196;20190102;   10;  17.9;   5.9;    3;   0.0;   8;    4.267;   0;   2.5;   4.4; 1015.15;    2.3;   61.17;    4.4;    0.0;   -2.5;eor
       3196;20190103;   10;   7.5;   3.4;    3;   0.1;   6;    3.583;   0;   4.8;   5.2; 1022.92;    0.3;   83.33;    3.7;   -2.0;   -3.9;eor
       3196;20190104;   10;  13.1;   4.9;    3;   1.8;   6;    0.000;   0;   7.7;   7.2; 1016.36;    2.8;   95.58;    6.0;   -0.9;   -1.7;eor
       3196;20190105;   10;  11.0;   3.8;    3;   0.0;   6;    0.050;   0;   7.1;   8.7; 1010.52;    5.9;   92.71;    7.6;    0.7;   -3.0;eor
       3196;20190106;   10;   4.0;   1.3;    3;   1.6;   6;    0.000;   0;   6.9;   6.5; 1017.31;    0.9;   99.46;    2.0;   -1.0;   -3.8;eor
       3196;20190107;   10;  13.0;   3.8;    3;   8.0;   6;    0.033;   0;   7.7;   8.6; 1012.58;    5.0;   98.38;    6.6;    2.0;    2.0;eor
       3196;20190108;   10;  15.7;   7.0;    3;  11.1;   8;    0.000;   0;   7.6;   7.9;  989.85;    4.6;   92.08;    6.6;    1.2;    0.5;eor
       3196;20190109;   10;  12.6;   5.5;    3;   0.5;   8;    0.000;   0;   7.6;   6.0;  999.84;    1.2;   90.17;    1.7;    0.6;    0.0;eor
       3196;20190110;   10;   9.2;   2.6;    3;   1.1;   8;    0.000;   0;   8.0;   5.1; 1012.32;    0.4;   81.29;    1.2;    0.0;   -0.8;eor
       3196;20190111;   10;  10.4;   4.9;    3;   0.7;   6;    0.000;   0;   7.9;   7.1; 1004.99;    3.1;   91.58;    6.5;    0.1;   -0.2;eor
       3196;20190112;   10;  13.5;   5.0;    3;   5.7;   6;    0.000;   0;   7.7;   7.6;  998.10;    4.6;   89.25;    5.6;    2.4;    1.1;eor
       3196;20190113;   10;  18.8;   6.4;    3;   6.8;   8;    0.000;   0;   7.5;   8.4;  983.73;    6.1;   88.92;    8.0;    4.5;    3.8;eor
       3196;20190114;   10;  18.7;   8.0;    3;   0.0;   8;    4.000;   0;   4.5;   4.6;  991.03;    1.9;   65.38;    4.6;    0.3;   -1.2;eor
       3196;20190115;   10;  14.8;   6.6;    3;   3.8;   6;    0.000;   0;   7.6;   7.3;  997.31;    4.5;   85.29;    6.9;    1.9;    0.7;eor
       3196;20190116;   10;  12.8;   5.6;    3;   1.9;   6;    0.000;   0;   7.6;   8.1;  993.52;    6.2;   85.50;    7.3;    4.4;    3.6;eor
       3196;20190117;   10;  13.4;   5.3;    3;   5.5;   8;    0.067;   0;   7.7;   6.6;  987.15;    3.6;   83.83;    5.5;   -1.6;   -2.0;eor
       3196;20190118;   10;   9.9;   3.9;    3;   0.0;   8;    3.967;   5;   5.2;   4.9; 1004.27;   -1.3;   87.46;    0.6;   -5.2;  -10.4;eor
       3196;20190119;   10;   5.3;   1.7;    3;   0.0;   0;    0.850;   2;   7.6;   5.1; 1008.86;   -1.8;   94.58;   -0.2;   -4.1;   -7.7;eor
       3196;20190120;   10;   3.6;   1.3;    3;   0.0;   8;    0.000;   1;   8.0;   4.4; 1009.50;   -4.0;   96.04;   -2.8;   -5.6;   -5.2;eor
       3196;20190121;   10;   8.1;   2.6;    3;   0.6;   7;    0.450;   1;   8.0;   4.2; 1009.51;   -3.7;   91.21;   -1.7;   -5.8;   -6.1;eor
       3196;20190122;   10;   9.2;   2.9;    3;   0.0;   0;    2.083;   2;   7.9;   4.4;  999.92;   -2.5;   86.33;   -1.0;   -4.6;   -7.8;eor
       3196;20190123;   10;   8.7;   4.1;    3;   0.0;   0;    5.267;   2;   7.5;   3.3;  994.61;   -5.7;   81.21;   -3.4;   -7.7;   -8.6;eor
       3196;20190124;   10;   6.7;   2.5;    3;   0.0;   7;    0.000;   2;   8.0;   3.3; 1002.03;   -4.7;   76.75;   -3.4;   -5.8;   -5.9;eor
       3196;20190125;   10;   7.3;   1.5;    3;   1.9;   8;    0.000;   2;   7.9;   3.5; 1002.65;   -4.4;   79.96;   -3.4;   -5.2;   -5.2;eor
       3196;20190126;   10;   7.9;   2.6;    3;   3.2;   6;    0.000;   3;   7.8;   6.3;  990.12;    0.9;   95.88;    4.1;   -3.7;   -3.8;eor
       3196;20190127;   10;   9.0;   3.6;    3;   3.5;   6;    0.167;   0;   7.9;   7.5;  977.08;    3.8;   93.04;    4.8;    2.7;    1.7;eor
       3196;20190128;   10;   9.4;   2.6;    3;   1.3;   8;    0.000;   0;   7.6;   6.6;  980.00;    2.4;   90.63;    4.1;    0.4;   -0.7;eor
       3196;20190129;   10;  10.4;   3.6;    3;   0.0;   0;    0.017;   0;   7.1;   5.7;  991.30;    0.3;   90.42;    2.0;   -2.5;   -4.6;eor
       3196;20190130;   10;  12.4;   5.2;    3;   0.0;   6;    5.250;   0;   7.9;   4.9;  988.88;    0.3;   78.96;    2.9;   -1.6;   -3.0;eor
       3196;20190131;   10;   7.9;   2.6;    3;   0.0;   0;    3.000;   0;   6.2;   5.0;  988.73;   -0.1;   82.46;    3.3;   -3.2;   -6.1;eor
       3196;20190201;   10;   7.8;   3.0;    3;   0.9;   8;    0.000;   0;   6.0;   4.8;  985.79;   -1.6;   88.75;    0.1;   -4.1;   -5.8;eor
       3196;20190202;   10;   7.6;   2.6;    3;   2.7;   8;    0.000;   0;   7.7;   5.8;  987.62;    0.1;   93.92;    0.7;   -1.8;   -2.7;eor
       3196;20190203;   10;   9.3;   3.4;    3;   0.0;   6;    0.000;   0;   6.7;   5.9; 1003.64;    0.4;   93.33;    1.4;   -1.5;   -4.9;eor
       3196;20190204;   10;  10.0;   3.9;    3;   0.0;   8;    4.567;   0;   4.7;   5.3; 1013.85;    0.9;   81.79;    3.4;   -2.3;   -4.8;eor
       3196;20190205;   10;  11.2;   4.4;    3;   0.0;   6;    0.367;   0;   7.6;   6.1; 1013.39;    2.6;   83.21;    4.0;    1.5;    0.2;eor
       3196;20190206;   10;   9.5;   3.2;    3;   0.7;   6;    1.083;   0;   7.9;   6.3; 1011.67;    3.3;   81.83;    5.4;    1.1;   -0.1;eor
       3196;20190207;   10;  12.0;   3.8;    3;   1.3;   6;    0.000;   0;   7.8;   6.2;  999.39;    3.9;   76.13;    5.1;    2.2;    1.3;eor
       3196;20190208;   10;  12.5;   4.8;    3;   0.2;   6;    0.967;   0;   7.6;   7.2;  999.14;    5.9;   77.42;    7.8;    4.1;    2.6;eor
       3196;20190209;   10;  22.8;   6.2;    3;   0.9;   6;    2.083;   0;   7.6;   7.2;  990.69;    7.3;   70.54;   10.3;    5.6;    3.4;eor
       3196;20190210;   10;  12.6;   5.0;    3;   8.8;   8;    0.000;   0;   7.5;   8.0;  983.95;    6.0;   84.83;    7.9;    2.1;    1.6;eor
       3196;20190211;   10;  15.4;   6.8;    3;   0.0;   8;    3.217;   0;   5.1;   5.9;  996.33;    3.9;   73.50;    6.5;    0.7;    0.0;eor
       3196;20190212;   10;  11.5;   4.9;    3;   0.0;   0;    7.900;   0;   6.2;   5.5; 1016.06;    3.2;   72.50;    5.9;    1.0;   -3.0;eor
       3196;20190213;   10;  11.2;   4.6;    3;   0.1;   6;    0.000;   0;   7.8;   8.7; 1019.85;    6.4;   90.21;    8.3;    3.9;    2.8;eor
       3196;20190214;   10;   7.1;   2.8;    3;   0.0;   0;    7.017;   0;   3.8;   7.5; 1023.36;    6.5;   77.21;   10.8;    3.3;   -1.5;eor
       3196;20190215;   10;   7.3;   2.1;    3;   0.0;   0;    8.733;   0;   3.3;   5.8; 1021.61;    6.8;   60.75;   13.7;    0.6;   -4.0;eor
       3196;20190216;   10;   8.7;   3.5;    3;   0.0;   0;    8.667;   0;   3.8;   6.1; 1014.17;    8.5;   56.25;   14.3;    3.2;   -2.7;eor
       3196;20190217;   10;   5.3;   2.4;    3;   0.0;   0;    5.300;   0;   7.3;   7.5; 1012.55;    7.4;   72.21;   12.8;    4.3;   -1.2;eor
       3196;20190218;   10;   7.3;   2.3;    3;   0.0;   0;    8.800;   0;   3.6;   6.6; 1007.24;    7.4;   66.00;   14.1;   -0.4;   -4.1;eor
       3196;20190219;   10;  14.7;   4.9;    3;   1.2;   6;    0.667;   0;   7.7;   7.3; 1003.00;    6.9;   73.46;   10.1;    5.1;    3.7;eor
       3196;20190220;   10;   9.5;   4.0;    3;   0.3;   6;    3.783;   0;   7.8;   7.9; 1009.12;    7.2;   77.38;   10.2;    4.8;    3.3;eor
       3196;20190221;   10;  12.1;   4.8;    3;   2.2;   6;    1.850;   0;   7.8;   8.9; 1011.83;    8.2;   81.33;   10.9;    6.2;    5.2;eor
       3196;20190222;   10;  11.4;   3.7;    3;   0.0;   0;    8.367;   0;   4.4;   5.7; 1026.76;    2.8;   74.46;    7.4;   -2.2;   -5.3;eor
       3196;20190223;   10;   8.0;   2.4;    3;   0.0;   0;    8.517;   0;  -999;   3.5; 1031.72;    0.7;   56.00;    5.4;   -3.1;   -5.5;eor
       3196;20190224;   10;   4.6;   1.6;    3;   0.0;   0;    8.867;   0;   1.8;   4.6; 1027.63;    4.2;   59.04;   12.8;   -2.4;   -5.1;eor
       3196;20190225;   10;   6.7;   2.3;    3;   0.0;   0;    9.300;   0;   6.4;   6.5; 1025.84;    6.2;   68.33;   13.5;   -0.7;   -5.2;eor
       3196;20190226;   10;   6.3;   2.1;    3;   0.0;   0;    6.250;   0;   7.3;   7.3; 1022.24;    6.3;   76.29;   13.8;    1.7;   -3.1;eor
       3196;20190227;   10;   8.6;   3.0;    3;   0.0;   0;    9.467;   0;   1.6;   5.0; 1013.70;    8.7;   50.25;   16.5;   -0.8;   -5.0;eor
       3196;20190228;   10;  11.6;   4.2;    3;   0.0;   0;    2.200;   0;   4.5;   7.2; 1000.96;    5.9;   77.83;    7.8;    4.0;    2.4;eor
       3196;20190301;   10;   7.1;   1.7;    3;   0.0;   6;    0.000;   0;   8.0;   6.3; 1001.59;    3.7;   78.92;    4.8;    3.1;    1.3;eor
       3196;20190302;   10;   8.2;   2.9;    3;   0.1;   6;    0.017;   0;   8.0;   5.9; 1002.75;    4.0;   72.79;    5.4;    2.7;    0.7;eor
       3196;20190303;   10;  12.3;   4.8;    3;   3.5;   6;    0.000;   0;   7.6;  10.1;  992.38;    8.6;   89.63;   10.1;    4.7;    4.0;eor
       3196;20190304;   10;  18.9;   6.6;    3;   3.6;   6;    1.050;   0;   7.5;   8.3;  979.40;    9.1;   71.33;   13.6;    6.4;    5.4;eor
       3196;20190305;   10;  17.6;   6.2;    3;   0.9;   6;    1.500;   0;   5.5;   7.0;  989.79;    5.5;   78.08;    8.2;    2.9;    0.5;eor
       3196;20190306;   10;  11.6;   4.1;    3;   3.5;   6;    1.150;   0;   6.9;   7.5;  994.56;    6.4;   77.92;   10.8;    1.3;   -1.1;eor
       3196;20190307;   10;  20.3;   5.4;    3;   1.0;   6;    1.800;   0;   6.5;   8.3;  983.79;    9.6;   69.67;   14.5;    6.3;    4.4;eor
       3196;20190308;   10;  19.0;   6.8;    3;   3.7;   6;    4.267;   0;   6.6;   6.6;  992.48;    6.7;   67.54;    9.4;    4.2;    1.7;eor
       3196;20190309;   10;  18.7;   6.1;    3;   4.9;   8;    1.767;   0;   7.5;   7.2;  992.38;    6.4;   75.21;   10.0;    1.9;    1.4;eor
       3196;20190310;   10;  14.3;   4.4;    3;   5.0;   8;    0.817;   0;   7.3;   6.7;  991.65;    4.4;   80.46;    8.1;    2.2;    1.1;eor
       3196;20190311;   10;  10.8;   4.2;    3;  12.2;   8;    0.067;   0;   6.9;   6.6;  998.85;    2.1;   92.63;    5.2;    0.6;   -0.5;eor
       3196;20190312;   10;  16.6;   4.5;    3;   0.2;   6;    1.600;   0;   7.2;   6.4; 1001.93;    4.9;   75.25;    8.1;    0.2;   -1.2;eor
       3196;20190313;   10;  18.4;   6.2;    3;   3.1;   6;    0.100;   0;   7.5;   6.7;  987.25;    6.2;   71.33;    8.4;    4.4;    3.4;eor
       3196;20190314;   10;  13.9;   5.3;    3;  10.4;   6;    0.017;   0;   7.3;   7.8;  984.93;    5.1;   88.79;    6.7;    4.1;    2.8;eor
       3196;20190315;   10;  21.7;   7.1;    3;   3.6;   6;    0.467;   0;   7.4;   7.6;  985.63;    6.7;   77.92;    9.6;    4.7;    4.1;eor
       3196;20190316;   10;  15.1;   5.2;    3;   4.6;   6;    0.050;   0;   7.6;   7.8;  991.77;    6.4;   80.29;    9.1;    4.4;    3.9;eor
       3196;20190317;   10;  16.4;   5.0;    3;   2.5;   8;    0.967;   0;   6.0;   7.8;  987.81;    7.2;   76.50;   10.6;    3.4;    1.7;eor
       3196;20190318;   10;  17.2;   6.8;    3;   0.1;   6;    2.817;   0;   5.3;   6.4;  998.45;    4.9;   74.75;    7.9;    2.8;    1.2;eor
       3196;20190319;   10;   9.2;   3.4;    3;   0.1;   6;    5.750;   0;   3.8;   6.0; 1013.82;    4.2;   73.79;    9.1;   -0.2;   -4.1;eor
       3196;20190320;   10;  10.1;   3.7;    3;   0.1;   6;    3.000;   0;   5.9;   7.7; 1020.50;    6.4;   78.50;   11.8;   -1.6;   -4.7;eor
       3196;20190321;   10;  10.0;   3.4;    3;   0.0;   0;    0.233;   0;   8.0;  10.3; 1022.10;   10.4;   81.83;   13.0;    7.8;    6.3;eor
       3196;20190322;   10;   7.4;   2.5;    3;   0.0;   0;    1.650;   0;   6.0;  10.0; 1020.74;    9.0;   87.46;   11.9;    7.1;    5.2;eor
       3196;20190323;   10;   8.6;   3.1;    3;   0.0;   0;    1.867;   0;   6.1;   9.1; 1016.55;    7.9;   86.00;   12.0;    3.0;   -0.6;eor
       3196;20190324;   10;   6.7;   1.9;    3;   0.8;   8;    5.683;   0;   7.1;   6.5; 1014.38;    5.4;   73.33;    9.8;    2.4;   -2.0;eor
       3196;20190325;   10;  12.2;   4.3;    3;   2.7;   8;    3.133;   0;   6.1;   6.7; 1005.12;    4.5;   80.71;    8.6;    2.2;   -0.6;eor
       3196;20190326;   10;  13.4;   5.1;    3;   1.4;   6;    3.150;   0;   6.8;   6.9; 1013.23;    5.4;   77.88;    9.0;    1.8;   -0.1;eor
       3196;20190327;   10;  11.0;   4.7;    3;   1.3;   6;    0.433;   0;   7.8;   9.1; 1017.98;    7.5;   87.71;   11.3;    5.0;    4.3;eor
       3196;20190328;   10;   8.6;   3.4;    3;   0.4;   6;    0.000;   0;   7.9;  10.5; 1021.81;    8.6;   94.00;    9.8;    7.6;    7.3;eor
       3196;20190329;   10;   7.4;   2.7;    3;   0.0;   0;    2.817;   0;   7.3;   9.8; 1020.03;   10.3;   78.92;   14.8;    5.5;    1.2;eor
       3196;20190330;   10;   9.6;   2.8;    3;   0.0;   0;   10.800;   0;   6.8;   8.7; 1010.80;   11.7;   66.13;   18.3;    3.3;   -0.4;eor
       3196;20190331;   10;  10.1;   3.1;    3;   0.0;   0;    9.517;   0;   3.0;   6.0; 1013.13;    6.0;   64.63;   10.6;   -1.5;   -5.8;eor
       3196;20190401;   10;   9.0;   2.7;    3;   0.0;   0;   11.833;   0;   0.0;   4.5; 1015.58;    4.2;   57.83;   11.0;   -3.7;   -7.3;eor
       3196;20190402;   10;  10.9;   5.5;    3;   0.4;   6;    9.833;   0;   3.7;   5.4; 1001.65;    8.6;   48.17;   14.5;    1.7;   -0.1;eor
       3196;20190403;   10;   7.2;   2.0;    3;   0.1;   6;    0.350;   0;   7.9;   9.5;  993.05;   10.8;   74.21;   15.8;    6.7;    2.9;eor
       3196;20190404;   10;   8.2;   2.4;    3;   0.0;   0;   11.017;   0;   7.3;   8.7;  988.88;   12.2;   63.38;   19.3;    5.4;    0.5;eor
       3196;20190405;   10;   7.4;   1.8;    3;   0.0;   0;    8.683;   0;   7.1;   9.1;  994.74;    9.1;   79.63;   16.1;    4.3;    0.7;eor
       3196;20190406;   10;   9.1;   2.1;    3;   0.0;   0;    8.800;   0;   6.0;   9.1;  997.61;   12.4;   68.83;   22.1;    4.1;    1.1;eor
       3196;20190407;   10;   9.6;   2.0;    3;   0.0;   0;   12.117;   0;   0.4;   7.5;  998.55;   11.8;   60.00;   19.8;    3.4;   -0.8;eor
       3196;20190408;   10;  10.1;   3.1;    3;   0.0;   0;   11.300;   0;   1.6;   7.6; 1001.47;    9.0;   67.46;   17.2;    2.7;   -1.3;eor
       3196;20190409;   10;   8.7;   3.6;    3;   0.0;   0;    9.750;   0;   2.6;   5.7; 1005.91;    4.8;   68.13;   10.8;   -1.1;   -5.3;eor
       3196;20190410;   10;   8.8;   2.9;    3;   0.0;   0;    6.350;   0;   4.5;   4.9; 1008.59;    3.7;   63.96;    9.8;   -2.9;   -7.2;eor
       3196;20190411;   10;   8.8;   2.7;    3;   0.1;   8;    3.450;   0;   6.5;   5.3; 1015.11;    2.9;   70.92;    6.3;   -1.5;   -4.0;eor
       3196;20190412;   10;  10.2;   3.5;    3;   0.1;   8;    0.733;   0;   7.7;   5.4; 1016.58;    3.0;   72.33;    6.2;    1.2;    0.8;eor
       3196;20190413;   10;  10.1;   3.6;    3;   0.0;   8;    0.683;   0;   7.7;   5.4; 1015.14;    3.3;   70.79;    7.4;    0.4;   -0.2;eor
       3196;20190414;   10;   9.9;   3.9;    3;   0.1;   6;    0.000;   0;   7.8;   6.4; 1016.45;    5.2;   72.29;    9.3;    2.0;    1.3;eor
       3196;20190415;   10;   9.3;   3.5;    3;   0.0;   0;   12.800;   0;   0.9;   5.7; 1017.93;    6.6;   61.46;   13.8;    0.4;   -3.4;eor
       3196;20190416;   10;  11.3;   3.1;    3;   0.0;   0;   12.783;   0;   0.0;   5.3; 1013.68;    7.2;   58.25;   15.0;   -1.7;   -5.9;eor
       3196;20190417;   10;  10.3;   2.9;    3;   0.0;   0;   12.933;-999;   0.0;   6.1; 1017.40;    9.7;   53.00;   17.7;    0.3;   -4.9;eor
       3196;20190418;   10;  10.4;   2.9;    3;   0.0;   0;   12.867;-999;   0.0;   6.8; 1020.66;   11.7;   54.54;   20.7;    1.0;   -3.3;eor
       3196;20190419;   10;   9.8;   2.4;    3;   0.0;   0;   13.000;-999;   0.0;   6.4; 1022.84;   12.6;   49.33;   22.2;    2.2;   -1.9;eor
       3196;20190420;   10;   7.2;   2.3;    3;   0.0;   0;   13.100;-999;   2.8;   6.3; 1020.73;   10.3;   53.96;   20.0;   -0.2;   -4.8;eor
       3196;20190421;   10;   6.5;   1.6;    3;   0.0;   0;   13.133;-999;   1.5;   6.2; 1013.22;   12.2;   48.71;   21.4;    1.0;   -3.4;eor
       3196;20190422;   10;  12.9;   4.1;    3;   0.0;   0;   13.150;-999;   1.0;   6.4; 1007.07;   12.6;   47.58;   19.5;    2.6;   -2.0;eor
       3196;20190423;   10;  16.3;   6.8;    3;   0.0;   0;   10.417;-999;   2.8;   8.3;  999.47;   14.6;   50.67;   19.7;    9.7;    7.8;eor
       3196;20190424;   10;  12.6;   5.4;    3;   0.1;   6;    8.750;-999;   5.0;  10.8;  995.47;   16.9;   57.13;   23.0;   12.0;   10.9;eor
       3196;20190425;   10;   8.4;   2.7;    3;   0.0;   0;   12.083;-999;   5.0;  10.4;  999.78;   16.8;   57.08;   23.1;   10.8;    6.0;eor
       3196;20190426;   10;  11.7;   4.0;    3;   5.4;   6;    8.317;-999;   6.8;  11.5;  998.68;   15.9;   65.58;   23.8;    9.6;    5.5;eor
       3196;20190427;   10;  10.6;   3.0;    3;   1.4;   6;    4.300;-999;   7.7;  10.6; 1000.93;   12.8;   73.92;   19.0;    8.6;    6.6;eor
       3196;20190428;   10;   9.5;   3.1;    3;   3.0;   6;    1.050;-999;   7.8;   9.6; 1006.72;    8.9;   84.58;   11.6;    6.9;    5.2;eor
       3196;20190429;   10;  10.1;   3.8;    3;   0.6;   6;    7.400;-999;   4.5;   9.3; 1009.44;   10.6;   73.42;   16.7;    3.5;   -1.0;eor
       3196;20190430;   10;   8.4;   2.5;    3;   0.0;   0;   12.267;-999;   2.9;   7.7; 1008.41;   12.1;   57.00;   19.8;    1.8;   -2.2;eor
       3196;20190501;    3;  12.0;   4.9;    3;   0.0;   0;    5.083;-999;   7.1;   9.3; 1002.45;   10.2;   74.96;   14.5;    7.5;    6.4;eor
       3196;20190502;    3;  13.8;   5.4;    3;   0.5;   6;    0.567;-999;   7.4;   8.9;  994.70;    9.5;   74.58;   14.4;    5.1;    3.3;eor
       3196;20190503;    3;  13.1;   4.5;    3;   0.3;   6;    6.633;-999;   5.7;   6.1;  996.48;    6.9;   62.75;   12.1;    2.5;    0.7;eor
       3196;20190504;    3;  13.1;   3.2;    3;   0.4;   8;    8.167;-999;   5.2;   6.0;  996.35;    5.3;   69.54;   11.5;    0.5;   -3.2;eor
       3196;20190505;    3;  10.1;   2.6;    3;   0.0;   6;   10.033;-999;   2.3;   5.3; 1005.17;    6.7;   58.33;   13.2;   -1.1;   -5.1;eor
       3196;20190506;    3;  15.4;   3.9;    3;   2.0;   6;    5.467;-999;   6.9;   7.2; 1005.86;    6.4;   74.96;   13.1;    1.6;   -0.2;eor
       3196;20190507;    3;   9.0;   2.6;    3;   0.0;   0;    7.467;-999;   3.3;   5.9; 1006.05;    6.9;   62.83;   12.6;    2.0;   -2.0;eor
       3196;20190508;    3;  12.9;   3.6;    3;   2.5;   6;    7.183;-999;   5.8;   7.4;  995.74;   11.0;   57.79;   16.6;    2.5;   -2.4;eor
       3196;20190509;    3;   8.8;   2.2;    3;   3.4;   6;    4.250;-999;   6.7;  10.7;  988.84;   12.2;   77.46;   18.5;    6.8;    4.2;eor
       3196;20190510;    3;  11.6;   2.9;    3;   1.8;   6;    2.867;-999;   6.2;  10.5;  996.58;   10.3;   83.58;   15.8;    3.2;    0.1;eor
       3196;20190511;    3;   6.7;   2.1;    3;   0.0;   6;    1.150;-999;   7.3;   7.5; 1004.81;    8.0;   71.25;   12.3;    2.5;   -0.4;eor
       3196;20190512;    3;   9.9;   3.3;    3;   0.0;   0;   12.233;-999;   1.8;   6.7; 1018.15;    9.6;   59.13;   15.7;    3.8;    0.7;eor
       3196;20190513;    3;  11.2;   3.0;    3;   0.0;   0;   13.133;-999;   1.5;   5.8; 1024.90;    8.9;   55.38;   15.8;    1.9;   -1.8;eor
       3196;20190514;    3;  10.7;   3.3;    3;   0.0;   0;   11.500;-999;   3.2;   5.9; 1022.91;    8.5;   56.67;   14.8;    1.6;   -2.1;eor
       3196;20190515;    3;  13.0;   3.8;    3;   2.5;   6;   10.633;-999;   3.9;   5.9; 1016.55;    9.1;   54.13;   15.4;   -0.2;   -3.8;eor
       3196;20190516;    3;  11.5;   3.9;    3;   8.2;   6;    0.000;-999;   7.8;   9.9; 1007.11;    8.9;   85.79;   10.8;    6.7;    5.7;eor
       3196;20190517;    3;   5.6;   1.9;    3;   0.0;   6;    5.383;-999;   6.6;  11.8; 1001.09;   13.9;   76.04;   18.5;    9.3;    9.2;eor
       3196;20190518;    3;  10.9;   2.8;    3;   0.0;   0;    9.333;-999;   2.8;  13.2;  997.74;   17.1;   70.88;   24.0;    9.7;    6.7;eor
       3196;20190519;    3;  10.5;   2.6;    3;   0.0;   0;   11.683;-999;   4.1;  13.1;  995.94;   18.0;   68.54;   25.8;    9.7;    7.1;eor
       3196;20190520;    3;  10.2;   3.4;    3;   2.6;   6;    6.017;-999;   7.2;  15.6;  993.80;   17.2;   81.42;   24.9;   12.3;   11.5;eor
       3196;20190521;    3;   8.6;   2.4;    3;   1.8;   6;    2.783;-999;   7.5;  15.7;  995.88;   16.5;   84.38;   21.9;   13.0;   12.8;eor
       3196;20190522;    3;  11.9;   4.9;    3;   0.2;   6;    0.633;-999;   6.5;  11.9; 1003.46;   11.6;   86.54;   13.5;    7.3;    4.9;eor
       3196;20190523;    3;   6.4;   2.2;    3;   0.0;   0;   12.333;-999;   7.3;   9.5; 1007.38;   13.3;   65.58;   20.0;    5.5;    2.6;eor
       3196;20190524;    3;   9.3;   3.5;    3;   0.0;   0;   11.867;-999;   5.8;   9.5; 1002.63;   16.9;   51.17;   23.6;   10.1;    8.9;eor
       3196;20190525;    3;   8.6;   3.4;    3;   0.0;   0;    0.750;-999;   7.8;   9.8; 1004.22;   12.7;   67.33;   16.8;    8.8;    5.5;eor
       3196;20190526;    3;  12.9;   3.8;    3;   4.4;   6;    0.867;-999;   7.9;  11.2;  999.98;   14.9;   67.50;   20.5;    8.2;    4.6;eor
       3196;20190527;    3;  11.0;   3.1;    3;   0.0;   6;    5.150;-999;   7.0;  12.1;  996.00;   16.1;   67.58;   20.6;   10.3;    7.8;eor
       3196;20190528;    3;   8.9;   2.3;    3;   0.0;   0;    5.433;-999;   6.8;   9.6;  997.87;   12.4;   67.29;   16.8;    7.5;    4.6;eor
       3196;20190529;    3;   8.1;   2.7;    3;   0.0;   0;   10.050;-999;   4.7;   7.1; 1010.35;   10.5;   58.17;   15.9;    5.5;    2.2;eor
       3196;20190530;    3;  11.9;   3.6;    3;   0.2;   6;    6.367;-999;   7.5;  10.1; 1011.70;   15.4;   57.04;   21.2;    6.3;    1.6;eor
       3196;20190531;    3;   9.1;   3.0;    3;   0.0;   6;    3.050;-999;   7.2;  15.4; 1011.38;   18.6;   72.63;   24.2;   13.9;   10.6;eor
       3196;20190601;    3;   9.5;   2.3;    3;   0.0;   0;    8.850;-999;   5.1;  14.4; 1010.15;   19.6;   66.21;   26.9;   12.4;    9.6;eor
       3196;20190602;    3;   8.8;   2.5;    3;   0.0;   0;   14.400;-999;   6.8;  14.1; 1005.97;   22.5;   55.92;   30.8;   11.5;    8.8;eor
       3196;20190603;    3;  14.6;   2.9;    3;   7.6;   6;    9.517;-999;   4.6;  16.1; 1002.44;   23.4;   59.96;   31.8;   16.4;   15.1;eor
       3196;20190604;    3;   7.0;   1.9;    3;   0.0;   0;    9.650;-999;   5.7;  16.9; 1002.00;   20.7;   71.71;   27.5;   14.1;   12.1;eor
       3196;20190605;    3;  10.9;   2.4;    3;  10.4;   6;   12.033;-999;   4.0;  17.2;  997.75;   24.3;   62.54;   33.8;   16.0;   13.3;eor
       3196;20190606;    3;  12.2;   3.3;    3;   6.9;   6;    7.383;-999;   4.9;  16.6;  998.68;   19.4;   74.21;   27.1;   12.9;   11.3;eor
       3196;20190607;    3;  12.4;   2.3;    3;   9.1;   6;   14.100;-999;   3.0;  12.4; 1003.40;   17.8;   63.33;   24.4;   11.1;    9.8;eor
       3196;20190608;    3;  13.1;   4.4;    3;   0.0;   0;    8.617;-999;   5.1;  11.5; 1007.19;   16.9;   61.00;   20.8;   13.4;   11.1;eor
       3196;20190609;    3;   9.3;   2.5;    3;   0.1;   6;   13.667;-999;   5.8;  10.4; 1012.59;   17.7;   53.08;   23.0;   11.7;    8.7;eor
       3196;20190610;    1;   7.1;   2.5;    1;   0.0;   6;    5.317;-999;   7.5;  16.2; 1003.68;   19.6;   71.63;   25.7;   14.7;   13.9;eor
       3196;20190611;    1;   8.0;   2.2;    1;   9.1;   6;    5.967;-999;   6.5;  18.6;  999.89;   20.7;   76.96;   25.6;   15.7;   14.2;eor
       3196;20190612;    1;  15.4;   2.8;    1;  14.4;   6;    4.850;-999;   6.0;  19.6;  998.67;   20.0;   84.71;   28.2;   13.7;   12.3;eor
       3196;20190613;    1;  10.2;   2.6;    1;   3.8;   6;    8.033;-999;   6.1;  13.7; 1003.65;   18.5;   67.79;   25.2;   12.8;   10.9;eor
       3196;20190614;    1;  12.7;   3.2;    1;   0.5;   6;   13.650;-999;   2.6;  14.0; 1006.59;   21.0;   60.46;   28.6;   11.3;    9.3;eor
       3196;20190615;    1;  12.6;   3.7;    1;   0.2;   6;    4.550;-999;   6.5;  19.0; 1000.94;   22.3;   70.00;   28.9;   15.5;   14.9;eor
       3196;20190616;    1;   8.8;   2.3;    1;   0.0;   0;   10.017;-999;   5.6;  13.1; 1009.07;   17.8;   65.58;   22.8;   13.6;   10.5;eor
       3196;20190617;    1;   4.9;   1.5;    1;   0.0;   0;   15.117;-999;   1.2;  13.9; 1011.01;   19.9;   63.42;   26.1;   12.7;    9.8;eor
       3196;20190618;    1;   9.7;   2.9;    1;   0.0;   0;   14.167;-999;   4.7;  14.4; 1005.95;   22.7;   55.75;   28.6;   14.0;   11.2;eor
       3196;20190619;    1;   9.9;   2.6;    1;   0.0;   6;   12.000;-999;   6.1;  15.1;  998.89;   24.2;   51.92;   31.5;   16.9;   13.3;eor
       3196;20190620;    1;  13.5;   2.7;    1;   8.7;   6;    5.667;-999;   7.0;  16.3;  999.85;   20.5;   68.54;   24.6;   16.7;   14.2;eor
       3196;20190621;    1;   7.3;   2.3;    1;   0.0;   0;    8.133;-999;   5.1;  14.2; 1006.99;   18.2;   69.63;   23.0;   12.7;   10.7;eor
       3196;20190622;    1;   8.2;   2.3;    1;   0.0;   0;   14.117;-999;   3.3;  12.3; 1012.74;   17.7;   62.79;   23.1;   11.2;    8.8;eor
       3196;20190623;    1;   8.0;   2.6;    1;   0.0;   0;   14.833;-999;   1.2;  12.4; 1013.10;   19.4;   57.46;   26.2;   12.1;    8.5;eor
       3196;20190624;    1;   8.2;   2.2;    1;   0.0;   0;   15.150;-999;   5.7;  13.2; 1013.83;   21.0;   57.58;   29.0;    9.8;    6.7;eor
       3196;20190625;    1;   9.7;   2.7;    1;   0.0;   0;   14.183;-999;   5.9;  15.6; 1010.93;   24.4;   54.13;   32.3;   12.7;   10.0;eor
       3196;20190626;    1;  12.7;   3.6;    1;   0.0;   0;   14.617;-999;   2.2;  17.6; 1009.73;   25.7;   55.21;   34.0;   15.3;   14.2;eor
       3196;20190627;    1;  11.9;   4.6;    1;   0.0;   0;   11.533;-999;   2.3;  12.2; 1013.88;   16.8;   64.67;   22.2;   12.1;   10.0;eor
       3196;20190628;    1;   6.2;   2.1;    1;   0.0;   0;    7.217;-999;   5.3;  12.5; 1014.11;   16.6;   68.58;   23.1;   10.7;    8.3;eor
       3196;20190629;    1;   6.4;   1.8;    1;   0.0;   0;   15.417;-999;   0.3;  12.3; 1009.87;   21.6;   53.46;   30.9;    9.9;    7.0;eor
       3196;20190630;    1;  14.4;   4.0;    1;   0.0;   0;   13.917;-999;   2.2;  12.8; 1001.88;   26.2;   40.92;   37.1;   15.0;   11.4;eor
       3196;20190701;    1;  13.2;   3.9;    1;   0.2;   6;    9.600;-999;   3.9;  12.6; 1003.73;   20.0;   56.33;   26.7;   14.8;   13.4;eor
       3196;20190702;    1;  13.3;   5.0;    1;   0.0;   6;    4.333;-999;   4.7;  10.2; 1008.37;   15.7;   58.00;   19.6;    9.3;    6.3;eor
       3196;20190703;    1;  11.7;   3.7;    1;   0.1;   6;    7.700;-999;   3.4;   9.3; 1011.73;   13.8;   60.67;   19.8;    8.1;    5.6;eor
       3196;20190704;    1;  12.1;   3.7;    1;   0.0;   6;    6.400;-999;   5.6;  10.6; 1010.36;   15.6;   61.04;   20.6;    8.0;    5.5;eor
       3196;20190705;    1;  11.7;   4.2;    1;   1.0;   6;    0.533;-999;   7.7;  13.5; 1003.51;   16.1;   73.38;   19.4;   13.9;   13.6;eor
       3196;20190706;    1;  10.6;   3.0;    1;   4.3;   6;    0.367;-999;   8.0;  13.8;  998.29;   15.1;   79.79;   17.6;   12.2;   10.7;eor
       3196;20190707;    1;  12.2;   4.6;    1;   0.1;   6;    1.033;-999;   7.2;  10.1;  999.99;   13.6;   65.29;   16.2;   11.4;   10.0;eor
       3196;20190708;    1;  11.1;   3.1;    1;   1.6;   6;    2.150;-999;   7.7;  11.1; 1004.17;   13.1;   74.04;   17.6;    9.7;    7.7;eor
       3196;20190709;    1;   9.4;   3.4;    1;   0.0;   0;    3.117;-999;   5.5;  10.9; 1006.40;   13.8;   70.46;   18.7;    8.9;    7.5;eor
