STATIONS_ID;MESS_DATUM;QN_3;  FX;  FM;QN_4; RSK;RSKF; SDK;SHK_TAG;  NM; VPM;  PM; TMK; UPM; TXK; TNK; TGK;eor
       1612;20180106;   10;   7.9;   2.9;    3;  10.9;   6;    0.667;   0;   7.7;   8.4;  972.11;    6.0;   89.38;    7.8;    3.9;    1.1;eor
       1612;20180107;   10;  13.1;   5.6;    3;   1.3;   8;    0.000;   0;   7.8;   6.6;  986.59;    1.8;   95.46;    3.9;    0.4;    0.5;eor
       1612;20180108;   10;  12.0;   6.2;    3;   0.0;   0;    0.000;   0;   7.8;   5.9;  989.74;    0.5;   93.04;    1.9;   -0.2;   -0.2;eor
       1612;20180109;   10;   9.7;   3.2;    3;   0.0;   6;    0.000;   0;   6.5;   6.5;  978.62;    2.0;   91.46;    6.5;   -1.1;   -2.0;eor
       1612;20180110;   10;   7.6;   3.6;    3;   0.0;   0;    5.700;   0;   4.3;   7.2;  976.05;    4.5;   86.17;    9.7;    0.6;   -1.7;eor
       1612;20180111;   10;   5.0;   2.3;    3;   0.2;   6;    2.183;   0;   7.4;   6.7;  979.39;    2.0;   94.71;    4.5;   -1.0;   -1.5;eor
       1612;20180112;   10;   4.8;   1.9;    3;   0.0;   6;    0.000;   0;   8.0;   7.1;  988.17;    2.3;   98.04;    2.7;    1.7;    1.9;eor
       1612;20180113;   10;  10.5;   4.1;    3;   0.0;   6;    0.000;   0;   7.6;   5.8;  989.99;    0.5;   90.13;    2.0;   -3.4;   -5.6;eor
       1612;20180114;   10;  11.7;   4.7;    3;   0.0;   0;    4.267;   0;   6.6;   4.5;  987.62;   -0.5;   75.67;    2.1;   -2.2;   -3.4;eor
       1612;20180115;   10;  17.5;   7.6;    3;   0.5;   8;    5.050;   0;   4.8;   4.8;  976.88;    0.8;   73.83;    3.4;   -2.1;   -3.7;eor
       1612;20180116;   10;  20.1;   7.2;    3;   3.9;   8;    0.650;   0;   6.2;   6.3;  957.40;    2.9;   83.46;    6.1;    0.6;   -0.8;eor
       1612;20180117;   10;  16.1;   6.2;    3;   0.5;   8;    0.283;   0;   6.6;   5.3;  961.25;    0.9;   80.79;    2.1;   -0.3;   -1.8;eor
       1612;20180118;   10;  38.3;  10.2;    3;   0.3;   8;    1.250;   0;   6.2;   5.5;  961.37;    3.2;   72.33;    8.9;    0.3;   -1.3;eor
       1612;20180119;   10;  10.3;   3.4;    3;   4.2;   8;    0.033;   0;   6.8;   5.5;  969.75;    0.6;   85.67;    2.7;   -1.9;   -5.9;eor
       1612;20180120;   10;   9.3;   3.9;    3;   2.5;   8;    0.733;   0;   7.1;   5.2;  969.03;    0.2;   83.71;    2.1;   -2.4;   -5.5;eor
       1612;20180121;   10;   7.1;   2.7;    3;   0.8;   7;    0.200;   4;   7.3;   5.4;  974.36;   -0.6;   91.88;    0.8;   -3.5;   -6.1;eor
       1612;20180122;   10;  10.5;   5.3;    3;   0.9;   8;    0.000;   3;   7.4;   5.5;  973.90;    0.0;   88.42;    3.2;   -2.7;   -4.3;eor
       1612;20180123;   10;  11.0;   4.7;    3;   0.1;   6;    0.083;   0;   7.5;   7.0;  984.22;    4.0;   85.92;    5.6;    2.5;    1.3;eor
       1612;20180124;   10;  15.9;   7.6;    3;   0.0;   0;    1.617;   0;   7.6;   8.3;  982.35;    7.1;   81.92;    9.5;    5.2;    4.2;eor
       1612;20180125;   10;  14.8;   5.9;    3;   0.0;   6;    0.000;   0;   8.0;   8.3;  977.89;    8.7;   73.58;   10.6;    6.4;    5.6;eor
       1612;20180126;   10;   7.5;   2.6;    3;   1.6;   6;    0.000;   0;   7.3;   8.1;  980.84;    5.9;   86.46;    7.0;    4.4;    3.9;eor
       1612;20180127;   10;  11.7;   2.3;    3;   4.0;   6;    0.533;   0;   7.1;   7.9;  992.16;    4.5;   93.33;    6.8;    2.4;   -0.9;eor
       1612;20180128;   10;  14.4;   7.5;    3;   0.0;   6;    0.333;   0;   7.8;   7.4;  991.09;    6.4;   76.58;    8.4;    4.0;    3.1;eor
       1612;20180129;   10;  19.7;   7.8;    3;   0.6;   6;    3.300;   0;   7.5;   8.2;  986.45;    8.4;   74.21;   11.1;    6.3;    5.1;eor
       1612;20180130;   10;  16.7;   5.5;    3;   0.0;   6;    7.033;   0;   6.2;   5.7;  989.03;    3.3;   73.50;    6.3;   -0.1;   -2.2;eor
       1612;20180131;   10;  17.0;   7.3;    3;   1.1;   6;    0.017;   0;   7.4;   7.2;  973.29;    5.2;   81.33;    7.7;    0.1;   -0.9;eor
       1612;20180201;   10;   9.9;   4.2;    3;   0.0;   0;    0.000;   0;   5.5;   5.8;  964.80;    2.6;   78.88;    5.8;    0.2;   -1.5;eor
       1612;20180202;   10;  13.3;   5.6;    3;   0.0;   8;    2.533;   0;   4.7;   5.3;  967.30;    1.3;   78.29;    3.1;   -1.0;   -3.1;eor
       1612;20180203;   10;   7.4;   3.0;    3;   0.5;   8;    0.033;   0;   7.4;   5.3;  968.43;    0.9;   80.79;    2.4;   -1.5;   -4.2;eor
       1612;20180204;   10;   7.4;   3.0;    3;   1.0;   8;    0.000;   0;   7.1;   4.8;  979.07;   -1.6;   88.58;   -0.4;   -4.9;   -6.6;eor
       1612;20180205;   10;   8.2;   2.9;    3;   0.0;   8;    2.517;   0;   3.5;   4.1;  988.36;   -3.6;   88.33;   -0.7;   -6.3;  -10.0;eor
       1612;20180206;   10;   5.4;   2.0;    3;   0.0;   0;    6.833;   0;   4.4;   3.3;  979.34;   -5.7;   83.67;   -1.3;  -11.9;  -13.3;eor
       1612;20180207;   10;   6.4;   1.9;    3;   0.0;   0;    2.433;   0;   4.3;   3.8;  977.32;   -4.6;   86.50;   -0.5;   -9.2;  -11.4;eor
       1612;20180208;   10;   4.7;   1.6;    3;   0.0;   0;    0.000;   0;   6.7;   4.1;  981.73;   -3.5;   86.38;   -1.9;   -6.5;   -8.1;eor
       1612;20180209;   10;   7.2;   3.2;    3;   0.0;   0;    2.567;   0;   6.1;   4.2;  979.32;   -2.6;   82.79;    0.0;   -7.1;  -11.0;eor
       1612;20180210;   10;   6.5;   2.9;    3;   0.0;   8;    0.883;   0;   7.7;   4.9;  978.32;    0.2;   79.21;    1.7;   -1.0;   -1.3;eor
       1612;20180211;   10;  15.7;   6.3;    3;   0.0;   8;    0.250;   0;   7.1;   5.2;  969.06;    1.0;   78.92;    2.6;   -0.7;   -2.1;eor
       1612;20180212;   10;   9.8;   3.7;    3;   0.9;   8;    0.950;   0;   5.6;   5.0;  974.29;   -0.5;   84.71;    2.1;   -4.2;   -9.4;eor
       1612;20180213;   10;   6.7;   3.1;    3;   0.0;   0;    7.233;   1;   2.4;   4.1;  978.92;   -2.0;   77.96;    2.7;   -5.4;   -8.8;eor
       1612;20180214;   10;   5.1;   2.5;    3;   0.0;   0;    8.933;   0;   0.0;   3.7;  981.77;   -2.8;   74.92;    2.5;   -7.7;   -9.9;eor
       1612;20180215;   10;  13.9;   5.9;    3;   0.3;   8;    0.000;   0;   6.5;   4.2;  980.74;   -1.2;   74.00;    1.8;   -5.6;   -7.4;eor
       1612;20180216;   10;  12.0;   4.0;    3;   0.0;   0;    8.533;   0;   2.5;   5.6;  986.40;    2.0;   79.33;    7.2;   -1.6;   -3.6;eor
       1612;20180217;   10;   6.4;   2.6;    3;   0.0;   0;    0.000;   0;   8.0;   5.0;  986.55;   -0.2;   84.00;    2.5;   -3.2;   -5.5;eor
       1612;20180218;   10;   5.3;   1.8;    3;   0.0;   0;    0.000;   0;   7.6;   5.0;  989.69;    0.2;   80.33;    2.2;   -2.5;   -4.7;eor
       1612;20180219;   10;   5.7;   2.4;    3;   0.0;   0;    5.483;   0;   7.9;   4.2;  983.31;   -1.1;   75.25;    2.7;   -4.1;   -6.1;eor
       1612;20180220;   10;   5.3;   1.9;    3;   0.0;   0;    1.050;   0;   6.1;   4.2;  980.47;   -2.9;   86.17;    0.1;   -6.0;   -8.8;eor
       1612;20180221;   10;   8.9;   3.0;    3;   0.0;   0;    3.033;   0;   4.2;   3.8;  985.34;   -3.0;   78.88;    1.1;   -6.6;   -8.7;eor
       1612;20180222;   10;  12.8;   5.0;    3;   0.0;   0;    8.550;   0;   1.5;   3.4;  985.19;   -2.9;   70.50;    0.6;   -5.8;   -6.9;eor
       1612;20180223;   10;  11.7;   4.7;    3;   0.0;   0;    9.317;   0;   0.5;   2.9;  985.27;   -5.1;   69.29;   -1.7;   -7.6;   -8.6;eor
       1612;20180224;   10;  13.4;   4.9;    3;   0.0;   8;    5.283;   0;   3.1;   2.5;  988.73;   -5.7;   64.75;   -0.3;   -9.1;  -10.5;eor
       1612;20180225;   10;  10.5;   4.2;    3;   0.0;   0;    9.517;   0;   0.4;   2.0;  990.70;   -8.1;   61.67;   -4.5;  -11.7;  -13.1;eor
       1612;20180226;   10;  12.5;   4.6;    3;   0.0;   7;    3.850;   0;   5.1;   2.1;  987.37;   -8.4;   64.38;   -5.6;  -11.5;  -12.6;eor
       1612;20180227;   10;  10.9;   4.4;    3;   0.0;   7;    9.700;   0;   3.4;   1.7;  982.54;   -9.9;   61.50;   -5.4;  -13.8;  -14.8;eor
       1612;20180228;   10;  12.6;   5.5;    3;   0.0;   7;    6.050;   0;   3.3;   1.8;  984.12;  -10.3;   64.88;   -5.9;  -14.0;  -14.8;eor
       1612;20180301;   10;  12.7;   6.1;    3;   0.0;   0;    9.833;   0;   3.2;   1.9;  975.82;   -8.3;   59.88;   -2.9;  -12.6;  -13.5;eor
       1612;20180302;   10;  11.9;   5.5;    3;   0.0;   0;    8.433;   0;   5.7;   2.2;  965.02;   -7.1;   62.29;   -1.5;  -12.1;  -12.6;eor
       1612;20180303;   10;   8.2;   3.6;    3;   0.9;   7;    0.100;   0;   7.8;   2.5;  964.73;   -6.0;   63.38;   -3.6;   -9.1;   -9.3;eor
       1612;20180304;   10;   9.7;   4.3;    3;   0.0;   6;    5.500;   1;   5.9;   4.2;  964.63;   -0.1;   68.25;    7.0;   -8.3;  -10.2;eor
       1612;20180305;   10;   9.0;   4.5;    3;   0.0;   0;    6.567;   1;   7.9;   5.0;  961.37;    3.3;   65.38;    9.6;   -1.2;   -2.7;eor
       1612;20180306;   10;   5.0;   2.2;    3;  12.0;   8;    0.000;   1;   7.7;   5.1;  956.07;   -0.7;   88.50;    2.0;   -2.8;   -4.7;eor
       1612;20180307;   10;  10.3;   3.9;    3;   0.0;   6;    1.850;  11;   6.8;   6.1;  958.28;    2.3;   85.00;    7.1;   -1.7;   -0.7;eor
       1612;20180308;   10;  16.6;   6.4;    3;   0.3;   6;    5.667;   1;   6.5;   6.1;  966.24;    5.1;   69.83;    8.5;    2.8;    0.6;eor
       1612;20180309;   10;  13.0;   5.5;    3;   0.3;   6;    7.617;   0;   4.8;   6.1;  971.12;    3.8;   76.71;    7.8;    1.1;   -0.4;eor
       1612;20180310;   10;  10.8;   5.2;    3;   0.4;   6;    4.050;   0;   7.6;   8.9;  968.56;    8.6;   80.29;   14.8;    3.4;    2.9;eor
       1612;20180311;   10;   9.9;   4.1;    3;   1.3;   6;    7.600;   0;   6.5;   9.4;  962.99;   10.9;   74.04;   17.9;    5.4;    2.1;eor
       1612;20180312;   10;  10.6;   4.3;    3;   7.6;   6;    0.000;   0;   7.2;  10.0;  957.65;    8.4;   90.13;    9.8;    6.4;    4.3;eor
       1612;20180313;   10;  14.8;   6.1;    3;   3.7;   6;    1.450;   0;   7.3;   8.1;  965.10;    7.2;   80.13;    9.6;    2.5;    2.2;eor
       1612;20180314;   10;   7.2;   3.1;    3;   0.0;   0;    0.000;   0;   7.6;   6.4;  974.30;    3.1;   83.58;    5.1;    1.2;   -0.3;eor
       1612;20180315;   10;  12.2;   5.7;    3;   0.4;   6;    7.433;   0;   4.2;   6.0;  967.93;    3.8;   76.33;    9.1;   -2.1;   -3.8;eor
       1612;20180316;   10;  11.0;   4.4;    3;   7.2;   8;    0.000;   0;   7.7;   6.0;  966.61;    0.5;   93.88;    3.1;   -3.5;   -3.6;eor
       1612;20180317;   10;  16.5;   8.1;    3;   0.5;   7;    0.000;   1;   7.5;   3.3;  970.94;   -5.8;   81.67;   -3.5;   -6.9;   -6.7;eor
       1612;20180318;   10;  16.9;   8.4;    3;   0.0;   7;    4.350;   2;   8.0;   2.4;  973.89;   -5.8;   59.58;   -3.7;   -7.9;   -7.7;eor
       1612;20180319;   10;  10.0;   4.1;    3;   0.0;   0;    9.400;   0;   5.7;   2.5;  975.39;   -5.3;   60.50;   -1.5;   -9.6;  -10.6;eor
       1612;20180320;   10;   8.5;   3.3;    3;   2.5;   8;    1.367;   0;   5.7;   3.9;  978.43;   -4.0;   82.08;   -0.9;   -8.6;  -10.8;eor
       1612;20180321;   10;   6.0;   2.6;    3;   0.0;   0;   10.567;   1;   4.4;   3.5;  988.55;   -2.4;   71.00;    3.1;   -7.5;  -14.2;eor
       1612;20180322;   10;  12.6;   5.0;    3;   1.1;   8;    0.000;   0;   7.5;   4.9;  977.95;   -0.2;   79.79;    2.2;   -3.3;   -5.0;eor
       1612;20180323;   10;   5.7;   2.4;    3;   0.0;   0;    0.250;   0;   7.6;   6.4;  970.28;    2.8;   85.50;    6.5;    1.0;   -0.4;eor
       1612;20180324;   10;   7.3;   3.1;    3;   0.0;   0;    7.367;   0;   5.9;   5.7;  967.65;    3.7;   73.75;    9.5;   -0.5;   -3.3;eor
       1612;20180325;   10;   5.8;   2.1;    3;   0.0;   0;   10.983;   0;   6.1;   5.6;  970.52;    4.4;   67.63;   10.7;   -1.9;   -4.6;eor
       1612;20180326;   10;   6.5;   2.1;    3;   0.3;   6;    0.000;   0;   7.9;   6.6;  976.07;    4.5;   78.67;    6.7;    2.3;    1.2;eor
       1612;20180327;   10;   6.0;   2.3;    3;   0.0;   6;    4.750;   0;   7.4;   6.0;  976.58;    3.9;   74.71;    8.3;    0.9;   -0.3;eor
       1612;20180328;   10;   8.9;   3.9;    3;   8.0;   8;    0.000;   0;   7.7;   8.2;  966.50;    5.8;   87.21;    8.5;    3.7;    3.0;eor
       1612;20180329;   10;  15.2;   5.5;    3;   0.0;   6;    3.550;   0;   6.2;   6.2;  968.41;    4.8;   72.08;    8.1;    0.1;   -2.4;eor
       1612;20180330;   10;  10.1;   4.3;    3;   1.6;   6;    5.717;   0;   7.0;   6.2;  968.45;    6.3;   66.96;   13.9;   -0.5;   -2.6;eor
       1612;20180331;   10;   8.7;   2.8;    3;   0.1;   6;    0.000;   0;   7.6;   7.5;  961.81;    4.4;   88.83;    6.3;    1.8;    1.9;eor
       1612;20180401;   10;  11.6;   4.6;    3;   0.0;   6;    0.850;   0;   6.8;   6.0;  968.41;    3.2;   78.67;    7.3;    1.2;   -1.7;eor
       1612;20180402;   10;   9.5;   4.1;    3;   0.2;   6;    6.667;   0;   6.7;   6.3;  973.25;    6.3;   67.13;   11.3;    0.2;   -1.3;eor
       1612;20180403;   10;  13.3;   5.4;    3;   0.0;   0;    5.717;   0;   7.8;   8.4;  968.53;   13.5;   55.29;   19.1;    8.0;    6.8;eor
       1612;20180404;   10;  18.2;   4.7;    3;   0.9;   6;    4.883;   0;   6.3;   9.5;  967.97;   13.4;   63.83;   20.7;    8.0;    5.5;eor
       1612;20180405;   10;  19.6;   6.4;    3;   4.1;   6;    1.767;   0;   6.3;   8.1;  974.20;    8.3;   73.50;   12.2;    2.0;    0.4;eor
       1612;20180406;   10;   8.1;   3.7;    3;   0.0;   0;   12.350;   0;   0.4;   5.1;  985.99;    5.2;   60.71;   12.2;   -1.7;   -4.0;eor
       1612;20180407;   10;   8.0;   3.4;    3;   0.0;   0;   12.450;   0;   0.9;   6.3;  979.37;   10.7;   50.13;   21.1;   -1.5;   -4.3;eor
       1612;20180408;   10;  11.1;   4.3;    3;   0.0;   0;   12.217;   0;   0.1;   8.8;  973.90;   11.7;   64.71;   18.7;    6.0;    3.6;eor
       1612;20180409;   10;   6.5;   2.9;    3;   0.0;   0;    8.950;   0;   4.5;   9.3;  969.64;   12.8;   65.42;   20.2;    4.5;    2.5;eor
       1612;20180410;   10;  12.8;   4.5;    3;   0.0;   0;   12.133;   0;   2.6;   9.8;  967.56;   14.0;   64.46;   22.5;    6.4;    3.6;eor
       1612;20180411;   10;   7.8;   3.1;    3;   0.0;   6;    3.500;   0;   5.6;  10.8;  970.75;   12.6;   74.00;   16.7;    8.1;    5.4;eor
       1612;20180412;   10;  10.8;   3.8;    3;   2.0;   6;    5.900;   0;   6.0;  11.3;  966.62;   15.0;   68.54;   22.5;    7.9;    6.6;eor
       1612;20180413;   10;  15.3;   5.2;    3;   3.8;   6;    4.167;   0;   7.5;  11.2;  969.60;   12.3;   78.75;   17.0;    8.7;    6.0;eor
       1612;20180414;   10;  11.7;   4.8;    3;   0.0;   0;    8.367;   0;   6.7;   9.8;  981.37;   13.0;   67.29;   18.7;    8.9;    5.3;eor
       1612;20180415;   10;   6.1;   2.1;    3;   5.1;   6;    7.167;   0;   7.8;  10.6;  976.76;   13.7;   69.00;   20.7;    5.5;    3.5;eor
       1612;20180416;   10;   5.3;   2.2;    3;   1.5;   6;    0.000;   0;   7.5;  13.1;  977.90;   11.9;   93.88;   13.3;    9.1;    6.3;eor
       1612;20180417;   10;   5.0;   2.0;    3;   0.0;   0;    5.983;   0;   5.6;  11.8;  989.19;   12.2;   83.42;   17.5;    8.0;    5.2;eor
       1612;20180418;   10;   5.2;   2.5;    3;   0.0;   0;   12.950;   0;   2.3;  10.4;  994.88;   15.4;   63.08;   22.1;    7.3;    4.7;eor
       1612;20180419;   10;   7.8;   3.1;    3;   0.0;   0;   12.783;   0;   4.5;  11.4;  993.37;   16.0;   64.75;   23.4;    7.3;    4.4;eor
       1612;20180420;   10;   6.7;   2.5;    3;   0.0;   0;   13.150;   0;   6.7;  12.4;  987.33;   18.6;   60.67;   27.1;    9.2;    5.4;eor
       1612;20180421;   10;   7.1;   2.9;    3;   0.0;   0;   12.183;   0;   4.0;  12.3;  983.30;   16.7;   65.29;   22.2;   10.3;    7.0;eor
       1612;20180422;   10;   7.6;   2.6;    3;   0.0;   0;   10.533;-999;   5.7;  13.1;  978.73;   17.3;   69.33;   25.3;    8.7;    5.8;eor
       1612;20180423;   10;  11.2;   3.3;    3;   1.4;   6;    1.167;-999;   7.5;  13.2;  977.32;   15.6;   74.83;   21.2;    9.2;    5.6;eor
       1612;20180424;   10;  13.3;   4.6;    3;   0.0;   0;    6.067;-999;   7.3;  10.5;  978.90;   13.0;   72.38;   17.3;    7.5;    5.1;eor
       1612;20180425;   10;  15.5;   5.3;    3;   3.1;   6;    2.900;-999;   7.5;  10.7;  974.00;   12.8;   73.46;   18.7;    8.7;    6.2;eor
       1612;20180426;   10;  17.4;   4.7;    3;   0.0;   6;    6.483;-999;   5.0;   8.5;  978.64;    9.1;   74.29;   12.9;    5.3;    0.9;eor
       1612;20180427;   10;   8.3;   2.6;    3;   0.0;   0;   10.967;-999;   7.0;   7.7;  977.09;   10.6;   63.79;   17.6;    2.6;    0.2;eor
       1612;20180428;   10;  12.0;   4.0;    3;   0.0;   6;    8.550;   0;   5.9;  10.0;  975.20;   13.9;   63.79;   19.5;    6.9;    3.5;eor
       1612;20180429;   10;   8.7;   3.7;    3;   0.0;   6;   10.783;   0;   4.0;  12.8;  971.97;   16.5;   69.67;   23.3;    7.9;    5.6;eor
       1612;20180430;   10;  16.8;   6.1;    3;   0.0;   0;   10.200;   0;   3.9;   9.9;  966.60;   14.8;   59.38;   18.5;   10.8;    8.8;eor
       1612;20180501;   10;  15.6;   5.6;    3;   0.0;   0;    8.667;-999;   5.4;   7.2;  974.76;   11.1;   54.92;   14.3;    4.5;    0.4;eor
       1612;20180502;   10;   6.9;   2.5;    3;   2.9;   6;    2.867;-999;   7.0;   8.6;  976.65;    9.5;   72.33;   15.8;    2.4;    0.5;eor
       1612;20180503;   10;   8.3;   2.9;    3;   0.0;   0;    4.567;-999;   7.7;   9.7;  978.54;   12.7;   68.08;   17.0;    8.4;    8.1;eor
       1612;20180504;   10;   9.3;   3.8;    3;   0.0;   0;    3.517;-999;   5.3;   7.4;  985.59;   11.4;   55.00;   15.4;    8.5;    6.8;eor
       1612;20180505;   10;  10.5;   3.8;    3;   0.0;   0;   14.100;-999;   1.3;   8.5;  988.49;   12.5;   60.00;   18.5;    5.6;    4.5;eor
       1612;20180506;   10;  11.8;   3.8;    3;   0.0;   0;   14.250;-999;   0.0;   8.8;  988.24;   13.7;   57.29;   19.9;    4.4;    1.1;eor
       1612;20180507;   10;  10.7;   3.9;    3;   0.0;   0;   14.300;-999;   0.0;   9.7;  984.24;   16.0;   54.88;   22.5;    7.0;    2.2;eor
       1612;20180508;   10;  11.0;   4.1;    3;   0.0;   0;   14.300;-999;   0.2;  10.4;  977.47;   17.6;   53.50;   24.6;    8.3;    5.0;eor
       1612;20180509;   10;  10.6;   3.5;    3;   0.0;   0;   10.933;-999;   3.0;  12.5;  972.44;   18.1;   60.92;   24.7;    9.6;    7.6;eor
       1612;20180510;   10;  10.1;   3.2;    3;   0.8;   6;    7.767;-999;   5.7;  13.0;  973.48;   16.3;   72.67;   24.9;    9.8;    7.9;eor
       1612;20180511;   10;   6.6;   2.9;    3;   0.0;   0;    5.367;-999;   6.4;  11.7;  982.66;   14.2;   73.00;   18.8;   11.2;   10.7;eor
       1612;20180512;   10;  10.5;   3.3;    3;   0.0;   0;    7.233;-999;   5.3;  14.2;  979.35;   17.4;   72.83;   24.0;   11.7;   10.6;eor
       1612;20180513;   10;  12.3;   4.9;    3;   0.0;   0;   14.217;-999;   0.1;  12.7;  974.28;   19.4;   59.21;   26.6;   11.6;    9.4;eor
       1612;20180514;   10;  14.1;   5.7;    3;   0.0;   0;   14.550;-999;   1.1;   9.9;  974.83;   18.1;   49.00;   24.0;   12.8;   11.4;eor
       1612;20180515;   10;  13.2;   3.4;    3;   3.6;   6;    5.150;-999;   5.8;  10.7;  976.83;   13.6;   69.88;   20.4;    9.2;    7.7;eor
       1612;20180516;   10;   8.8;   2.8;    3;   2.8;   6;    0.883;-999;   7.5;  12.6;  976.41;   12.5;   87.21;   18.4;   10.2;   10.1;eor
       1612;20180517;   10;   9.0;   2.9;    3;   0.0;   0;    2.833;-999;   7.5;  11.8;  978.96;   12.8;   80.38;   16.9;    8.9;    6.5;eor
       1612;20180518;   10;   6.6;   2.5;    3;   0.0;   0;    0.817;-999;   7.3;   9.8;  983.30;   10.9;   75.42;   14.6;    8.3;    7.0;eor
       1612;20180519;   10;   7.0;   2.5;    3;   0.0;   0;    1.567;-999;   7.5;  10.9;  984.80;   12.9;   74.33;   16.4;    8.1;    4.8;eor
       1612;20180520;   10;  11.8;   3.6;    3;   0.0;   0;   14.900;-999;   1.0;  10.1;  985.86;   15.6;   60.21;   21.8;    8.3;    3.1;eor
       1612;20180521;   10;  12.0;   5.4;    3;   0.0;   0;   14.900;-999;   0.9;  10.3;  981.50;   16.5;   57.33;   23.7;    9.9;    8.2;eor
       1612;20180522;   10;   9.0;   2.7;    3;   0.0;   0;   13.633;-999;   3.3;  11.0;  977.79;   17.6;   56.46;   24.8;    8.4;    4.7;eor
       1612;20180523;   10;  15.2;   3.5;    3;   2.4;   6;    6.483;-999;   6.5;  13.5;  982.19;   16.9;   69.92;   24.6;   11.0;    8.4;eor
       1612;20180524;   10;   8.5;   3.1;    3;  10.1;   6;    0.000;-999;   7.7;  15.0;  983.65;   14.9;   88.75;   17.0;   14.0;   13.3;eor
       1612;20180525;   10;   5.8;   2.1;    3;   0.0;   0;    8.100;-999;   4.5;  15.8;  983.20;   18.0;   77.96;   23.7;   13.1;   10.4;eor
       1612;20180526;   10;   6.2;   2.0;    3;   0.5;   6;   14.983;-999;   1.0;  13.6;  984.83;   19.7;   63.33;   26.1;   11.2;    9.1;eor
       1612;20180527;   10;  11.7;   2.4;    3;   0.0;   6;    7.217;-999;   6.5;  15.5;  983.60;   18.6;   73.29;   26.0;   13.3;   11.4;eor
       1612;20180528;   10;  13.2;   3.7;    3;   0.4;   6;   13.383;-999;   4.8;  16.8;  982.20;   21.8;   67.25;   29.2;   13.4;   11.0;eor
       1612;20180529;   10;  11.8;   4.5;    3;   4.1;   6;   10.267;-999;   3.1;  17.4;  977.89;   23.2;   62.54;   30.5;   15.4;   12.5;eor
       1612;20180530;   10;   8.0;   2.3;    3;   0.2;   6;    7.283;-999;   5.1;  18.3;  978.64;   21.1;   74.21;   26.7;   16.8;   14.2;eor
       1612;20180531;   10;  13.5;   2.0;    3;   2.0;   6;    9.967;-999;   6.2;  18.2;  978.51;   21.5;   73.29;   28.5;   15.0;   13.0;eor
       1612;20180601;   10;   9.8;   3.8;    3;   7.0;   6;    6.567;-999;   7.4;  17.6;  979.57;   20.1;   75.79;   26.2;   15.6;   14.0;eor
       1612;20180602;   10;   8.9;   3.5;    3;   0.0;   0;    2.200;-999;   6.2;  16.2;  981.39;   17.5;   81.21;   21.2;   13.9;   12.6;eor
       1612;20180603;   10;   7.3;   2.0;    3;   0.0;   0;    9.750;-999;   4.1;  15.3;  981.52;   19.2;   71.46;   25.0;   12.9;   10.1;eor
       1612;20180604;   10;   5.8;   2.0;    3;   0.0;   0;   12.283;-999;  -999;  15.5;  976.55;   20.3;   67.54;   26.2;   12.3;    9.8;eor
       1612;20180605;   10;   6.4;   2.4;    3;   0.0;   0;    5.033;-999;   4.2;  15.2;  976.86;   16.9;   79.63;   21.4;   13.2;    9.3;eor
       1612;20180606;   10;   9.6;   3.8;    3;   0.0;   0;   14.767;-999;   1.9;  14.5;  978.49;   19.1;   66.75;   25.9;   11.9;    8.9;eor
       1612;20180607;   10;   7.8;   2.2;    3;   0.0;   0;    9.633;-999;   6.6;  14.4;  979.12;   21.0;   59.04;   28.2;   12.0;    9.6;eor
       1612;20180608;   10;   7.4;   2.6;    3;   0.0;   0;   14.733;-999;   6.5;  15.5;  976.86;   22.6;   59.46;   29.0;   14.5;   12.5;eor
       1612;20180609;   10;  13.9;   2.8;    3;   0.0;   0;    4.633;-999;   6.0;  17.5;  975.73;   21.2;   70.13;   29.1;   15.6;   13.9;eor
       1612;20180610;   10;   8.5;   2.8;    3;   0.0;   6;    4.650;-999;   6.7;  18.2;  974.88;   20.6;   76.08;   26.8;   16.2;   13.7;eor
       1612;20180611;   10;   5.5;   2.3;    3;   1.9;   6;    0.500;-999;   7.1;  16.3;  975.21;   18.0;   79.17;   21.5;   15.3;   13.0;eor
       1612;20180612;   10;   7.2;   2.4;    3;   0.0;   6;    0.817;-999;   7.9;  12.7;  974.30;   16.1;   70.25;   20.2;   13.2;   12.6;eor
       1612;20180613;   10;   8.5;   2.9;    3;   0.1;   6;    0.083;-999;   7.8;  11.0;  976.95;   13.5;   71.21;   16.1;   12.2;   12.1;eor
       1612;20180614;   10;   8.4;   2.4;    3;   0.0;   0;    6.983;-999;   6.9;  10.7;  979.62;   15.8;   61.54;   21.1;   11.8;   10.3;eor
       1612;20180615;   10;   5.5;   1.9;    3;   0.0;   0;    1.150;-999;   7.8;  12.3;  980.95;   16.5;   66.17;   21.5;   10.7;    8.2;eor
       1612;20180616;   10;   5.5;   1.7;    3;   0.0;   0;    0.100;-999;   7.9;  13.5;  979.96;   19.3;   62.96;   24.8;   13.7;   13.8;eor
       1612;20180617;   10;  12.5;   3.1;    3;   1.2;   6;    8.283;-999;   5.0;  13.8;  980.22;   18.7;   64.79;   24.3;   13.8;   11.1;eor
       1612;20180618;   10;   8.2;   2.5;    3;   0.0;   6;    4.367;-999;   6.1;  12.6;  984.47;   17.5;   64.71;   24.0;   12.6;   10.4;eor
       1612;20180619;   10;   9.6;   3.7;    3;   0.0;   0;    3.867;-999;   5.5;  14.2;  986.30;   19.3;   64.75;   25.6;   12.7;   10.2;eor
       1612;20180620;   10;   8.4;   2.1;    3;   0.0;   4;    8.783;-999;   5.0;  15.8;  984.46;   22.3;   61.54;   30.0;   14.7;   11.0;eor
       1612;20180621;   10;  23.6;   6.0;    3;   0.2;   6;   10.767;-999;   3.2;  12.1;  978.65;   18.6;   57.25;   28.3;   10.2;    8.6;eor
       1612;20180622;   10;  19.1;   5.4;    3;   2.0;   6;    3.133;-999;   6.1;   9.6;  983.79;   10.9;   74.00;   15.4;    8.2;    7.2;eor
       1612;20180623;   10;  12.3;   4.6;    3;   2.5;   6;    0.217;-999;   6.9;  10.7;  985.86;   10.7;   82.88;   12.9;    8.5;    7.0;eor
       1612;20180624;   10;   9.7;   3.2;    3;   1.9;   6;    0.100;-999;   7.5;  10.7;  983.82;   12.8;   73.75;   16.8;   10.1;    9.7;eor
       1612;20180625;   10;   7.9;   2.7;    3;   0.0;   6;    3.900;-999;   7.4;  12.0;  984.89;   15.5;   71.13;   21.6;   11.1;   11.0;eor
       1612;20180626;   10;   8.0;   2.3;    3;   0.0;   0;    5.500;-999;   6.2;  12.7;  986.52;   17.3;   65.92;   21.9;   13.4;   13.7;eor
       1612;20180627;   10;   9.4;   3.3;    3;   0.0;   0;    8.450;-999;   3.3;  11.7;  986.96;   17.6;   59.50;   22.9;   12.5;   10.7;eor
       1612;20180628;   10;  13.7;   3.5;    3;   0.0;   6;    6.500;-999;   6.7;  13.4;  983.72;   19.3;   61.08;   26.5;   12.2;   10.4;eor
       1612;20180629;   10;  10.0;   3.2;    3;   0.0;   0;   13.283;-999;   4.1;  12.2;  979.81;   22.7;   46.13;   28.9;   16.8;   15.8;eor
       1612;20180630;   10;  12.3;   4.6;    3;   0.0;   0;   13.350;-999;   0.6;   9.2;  981.62;   17.3;   49.00;   22.4;   12.8;   11.4;eor
       1612;20180701;   10;  11.3;   3.9;    3;   0.0;   0;   14.667;-999;   0.6;   7.7;  983.17;   15.7;   45.25;   21.5;    9.2;    5.3;eor
       1612;20180702;   10;   7.8;   2.2;    3;   0.0;   0;   15.017;-999;   0.1;   7.5;  981.40;   16.3;   44.71;   23.6;    5.8;    3.2;eor
       1612;20180703;   10;   6.7;   2.3;    3;   0.0;   0;   14.950;-999;   0.8;   7.5;  980.85;   18.5;   39.13;   27.0;    7.2;    5.2;eor
       1612;20180704;   10;  12.5;   2.8;    3;   0.0;   6;   11.150;-999;   4.2;   9.0;  978.27;   22.3;   36.83;   31.7;   11.0;    7.2;eor
       1612;20180705;   10;  11.3;   3.5;    3;   5.9;   6;    8.117;-999;   5.6;  15.0;  976.07;   20.7;   64.00;   30.9;   15.0;   13.5;eor
       1612;20180706;   10;   9.1;   2.7;    3;   0.0;   0;    2.683;-999;   6.0;  14.4;  981.09;   18.1;   70.46;   24.0;   12.5;    7.8;eor
       1612;20180707;   10;   9.9;   2.9;    3;   0.0;   0;   14.583;-999;   2.3;   9.1;  984.61;   17.8;   48.67;   25.6;    9.1;    5.0;eor
       1612;20180708;   10;   8.6;   2.6;    3;   0.0;   0;    8.683;-999;   6.2;  12.4;  984.85;   18.2;   59.83;   24.5;   12.2;    9.3;eor
       1612;20180709;   10;  10.9;   3.1;    3;   5.2;   6;   10.617;-999;   5.7;  11.6;  983.07;   19.6;   52.88;   25.9;   14.4;   12.9;eor
       1612;20180710;   10;   6.3;   2.2;    3;   4.5;   6;    0.550;-999;   7.6;  12.9;  979.38;   14.4;   79.46;   17.9;   11.5;   10.6;eor
       1612;20180711;   10;   9.2;   2.2;    3;   7.2;   6;    2.200;-999;   7.2;  12.8;  978.52;   14.7;   77.42;   19.0;   11.2;    9.4;eor
       1612;20180712;   10;   9.8;   3.5;    3;   0.0;   6;    1.500;-999;   6.2;  14.0;  979.54;   16.0;   78.54;   23.4;   10.1;    7.7;eor
       1612;20180713;   10;   8.9;   3.3;    3;   0.0;   0;   12.767;-999;   2.4;  13.4;  982.18;   20.7;   58.50;   28.0;   13.5;   10.9;eor
       1612;20180714;   10;   7.6;   2.2;    3;   0.0;   0;   14.517;-999;   0.1;  12.8;  982.77;   19.7;   58.92;   26.2;   12.5;    9.7;eor
       1612;20180715;   10;   7.4;   2.6;    3;   0.0;   0;   13.383;-999;  -999;  13.0;  980.35;   20.4;   56.50;   27.0;   13.4;   11.0;eor
       1612;20180716;   10;   6.5;   2.1;    3;   0.0;   0;    7.067;-999;   4.7;  12.6;  977.80;   20.6;   53.96;   26.9;   14.5;   11.7;eor
       1612;20180717;   10;  11.0;   3.3;    3;   0.0;   6;   11.583;-999;   2.9;  11.9;  976.70;   22.5;   48.58;   30.6;   13.4;   10.8;eor
       1612;20180718;   10;  11.7;   3.9;    3;   0.0;   0;   10.933;-999;   6.4;  12.2;  979.81;   21.4;   49.38;   27.6;   14.9;   10.7;eor
       1612;20180719;   10;   8.3;   2.6;    3;   0.0;   0;   14.350;-999;   1.2;  11.3;  981.12;   20.2;   50.33;   27.0;   11.5;    7.7;eor
       1612;20180720;   10;   7.0;   2.4;    3;   0.0;   0;   12.800;-999;   3.3;  11.2;  978.17;   21.6;   46.33;   29.3;   11.9;    9.3;eor
       1612;20180721;   10;   9.2;   3.0;    3;   1.1;   6;    1.000;-999;   7.8;  14.8;  975.85;   19.6;   65.13;   23.4;   15.8;   15.0;eor
       1612;20180722;   10;   6.3;   2.6;    3;   0.0;   6;    0.217;-999;   8.0;  17.2;  978.09;   19.2;   77.92;   23.4;   16.4;   15.9;eor
       1612;20180723;   10;   8.4;   2.1;    3;   0.0;   0;   11.333;-999;   2.6;  15.0;  980.30;   22.6;   57.75;   29.2;   15.0;   11.9;eor
       1612;20180724;   10;   9.1;   2.1;    3;   0.0;   0;   14.383;-999;   0.0;  13.8;  979.56;   24.1;   49.54;   31.1;   14.2;   11.4;eor
       1612;20180725;   10;   9.7;   2.7;    3;   0.0;   0;   12.617;-999;   1.3;  14.6;  979.32;   25.2;   47.96;   31.7;   16.2;   13.9;eor
       1612;20180726;   10;   8.9;   2.9;    3;   0.0;   0;   13.417;-999;   0.5;  14.3;  980.27;   25.4;   46.42;   31.9;   16.7;   14.3;eor
       1612;20180727;   10;  13.8;   3.2;    3;   0.0;   6;    8.083;-999;   4.1;  15.3;  978.33;   24.1;   52.33;   30.9;   16.4;   14.3;eor
       1612;20180728;   10;  13.4;   3.1;    3;   5.4;   8;    8.317;-999;   4.3;  17.6;  974.27;   22.5;   67.75;   32.8;   15.9;   13.9;eor
       1612;20180729;   10;   7.1;   2.5;    3;   0.0;   0;   10.317;-999;   6.5;  15.9;  979.64;   23.1;   59.25;   29.7;   15.0;   14.1;eor
       1612;20180730;   10;   6.8;   2.3;    3;   0.0;   0;   11.967;-999;   3.1;  15.0;  979.98;   27.2;   44.00;   33.9;   19.4;   17.8;eor
       1612;20180731;   10;  13.9;   2.6;    3;  19.5;   8;   10.267;-999;   4.2;  15.9;  980.00;   28.2;   44.79;   36.4;   19.7;   17.7;eor
       1612;20180801;   10;   9.0;   2.8;    3;   0.0;   0;    7.383;-999;   5.8;  17.5;  983.40;   24.6;   57.21;   28.9;   20.4;   18.1;eor
       1612;20180802;   10;   8.7;   3.0;    3;   0.0;   0;    7.550;-999;   4.7;  18.0;  985.78;   24.5;   59.79;   29.8;   19.1;   17.5;eor
       1612;20180803;   10;   8.3;   2.5;    3;   0.0;   0;   12.117;-999;   0.0;  18.6;  984.77;   26.1;   57.13;   32.9;   18.5;   17.2;eor
       1612;20180804;   10;  16.8;   2.4;    3;  10.9;   8;    8.033;-999;   4.0;  17.7;  981.34;   26.1;   55.21;   33.0;   18.9;   17.7;eor
       1612;20180805;   10;   8.0;   2.6;    3;   0.0;   0;    5.183;-999;   3.5;  16.1;  983.82;   20.8;   66.08;   24.8;   14.8;   11.9;eor
       1612;20180806;   10;   7.3;   2.6;    3;   0.0;   0;   13.750;-999;   1.0;  11.7;  982.20;   21.2;   50.96;   29.3;   11.6;    9.6;eor
       1612;20180807;   10;  10.0;   4.1;    3;   0.0;   0;   10.200;-999;   3.0;  12.3;  976.81;   26.7;   37.42;   34.7;   16.9;   14.7;eor
       1612;20180808;   10;  18.6;   3.8;    3;   0.0;   6;   10.083;-999;   4.9;  15.7;  976.45;   26.6;   46.42;   33.6;   20.2;   17.9;eor
       1612;20180809;   10;  13.6;   3.4;    3;   0.1;   6;    9.567;-999;   4.2;  16.3;  977.50;   26.0;   51.04;   35.0;   18.9;   16.6;eor
       1612;20180810;   10;  12.6;   4.9;    3;   0.1;   6;    6.100;-999;   5.5;  10.9;  984.77;   20.4;   45.92;   24.8;   15.0;   11.5;eor
       1612;20180811;   10;  12.9;   4.6;    3;   0.0;   6;    7.650;-999;   4.4;   9.9;  984.88;   18.8;   47.08;   24.2;   11.8;    9.2;eor
       1612;20180812;   10;  10.2;   2.9;    3;   0.0;   0;   12.650;-999;   7.1;   8.1;  980.60;   19.7;   39.00;   28.1;    9.5;    6.9;eor
       1612;20180813;   10;  12.9;   4.1;    3;   0.4;   6;    7.467;-999;   5.9;  12.6;  973.38;   21.1;   52.17;   30.1;   13.6;   10.2;eor
       1612;20180814;   10;   9.8;   3.7;    3;   0.1;   6;    3.367;-999;   6.4;  14.5;  977.00;   18.7;   68.08;   22.5;   14.8;   12.6;eor
       1612;20180815;   10;   7.5;   2.4;    3;   0.0;   0;    4.500;-999;   5.3;  13.2;  983.06;   19.1;   61.17;   24.6;   13.9;   11.1;eor
       1612;20180816;   10;   7.7;   2.8;    3;   0.0;   0;   13.083;-999;   1.3;  12.3;  980.90;   21.7;   51.38;   30.0;   11.5;    9.8;eor
       1612;20180817;   10;  14.0;   3.8;    3;  13.0;   8;   10.617;-999;   6.2;  14.2;  979.29;   23.7;   51.63;   31.9;   17.4;   15.5;eor
       1612;20180818;   10;   7.4;   2.1;    3;   0.0;   0;    4.617;-999;   5.8;  16.8;  984.82;   19.5;   75.54;   24.8;   15.6;   14.4;eor
       1612;20180819;   10;   7.4;   1.7;    3;   0.0;   0;   12.633;-999;   4.8;  15.5;  983.68;   22.4;   61.54;   30.1;   14.5;   12.9;eor
       1612;20180820;   10;  11.7;   3.5;    3;   0.0;   6;    6.933;-999;   5.0;  15.2;  982.40;   21.0;   61.63;   26.3;   15.0;   12.3;eor
       1612;20180821;   10;   6.4;   2.2;    3;   0.0;   6;    2.050;-999;   5.8;  16.0;  984.77;   19.6;   70.75;   23.3;   15.9;   12.9;eor
       1612;20180822;   10;   5.3;   1.8;    3;   0.0;   0;   12.400;-999;  -999;  13.8;  981.92;   21.7;   57.33;   29.9;   11.8;   10.1;eor
       1612;20180823;   10;  17.7;   3.5;    3;   5.7;   8;    7.067;-999;   4.1;  15.4;  976.37;   22.7;   59.67;   33.1;   16.3;   13.6;eor
       1612;20180824;   10;  14.2;   3.7;    3;   5.0;   6;    2.933;-999;   7.4;  15.4;  974.42;   18.5;   72.79;   23.8;   13.4;   12.9;eor
       1612;20180825;   10;  12.9;   4.6;    3;   0.0;   6;    4.800;-999;   6.2;  11.6;  975.34;   13.8;   74.29;   16.8;    9.6;    6.5;eor
       1612;20180826;   10;   8.7;   3.4;    3;   0.0;   0;   10.283;-999;   5.1;   8.7;  980.01;   13.3;   59.75;   19.7;    8.1;    6.7;eor
       1612;20180827;   10;  13.2;   5.8;    3;   0.0;   0;    4.167;-999;   6.1;  10.2;  978.26;   16.3;   55.92;   23.2;    9.0;    7.7;eor
       1612;20180828;   10;   5.8;   2.5;    3;   0.0;   0;    6.117;-999;   8.0;  12.0;  983.12;   17.3;   62.38;   22.6;   12.2;    9.8;eor
       1612;20180829;   10;   9.9;   3.1;    3;   4.0;   6;   12.150;-999;  -999;  11.3;  978.44;   20.4;   51.04;   28.9;   10.3;    7.4;eor
       1612;20180830;   10;  10.6;   4.2;    3;   2.3;   6;    0.067;-999;   6.8;  14.7;  980.33;   16.8;   76.83;   20.0;   11.8;    9.3;eor
       1612;20180831;   10;   5.8;   1.8;    3;   0.0;   0;    3.350;-999;   7.3;  10.9;  985.07;   14.3;   69.00;   18.9;    9.3;    7.7;eor
       1612;20180901;   10;   7.5;   2.6;    3;   0.5;   6;    2.533;-999;   7.0;  10.7;  987.80;   14.1;   67.71;   18.0;    8.6;    5.9;eor
       1612;20180902;   10;   7.8;   2.9;    3;   7.3;   6;    0.000;-999;   7.7;  14.8;  986.53;   13.8;   93.88;   14.7;   12.2;   12.1;eor
       1612;20180903;   10;   5.1;   1.7;    3;   7.4;   6;    0.750;-999;   7.8;  17.6;  980.87;   16.3;   94.63;   20.0;   14.7;   14.5;eor
       1612;20180904;   10;   5.6;   1.8;    3;   0.0;   0;    6.033;-999;   6.4;  16.1;  979.82;   18.5;   77.83;   24.3;   13.9;   11.9;eor
       1612;20180905;   10;   6.2;   2.0;    3;   0.0;   0;   10.083;-999;  -999;  13.9;  981.19;   18.2;   69.13;   24.7;   11.8;   10.2;eor
       1612;20180906;   10;   8.2;   2.5;    3;   2.9;   6;    7.233;-999;   5.2;  14.2;  976.18;   19.7;   64.00;   25.9;   12.6;   10.9;eor
       1612;20180907;   10;  10.2;   2.8;    3;   0.1;   6;    2.600;-999;   7.0;  15.1;  977.11;   17.4;   76.67;   22.2;   14.0;   12.5;eor
       1612;20180908;   10;   9.3;   2.4;    3;   0.0;   0;   10.933;-999;   4.3;  10.8;  983.92;   15.4;   64.29;   21.1;    9.7;    6.8;eor
       1612;20180909;   10;   7.0;   2.7;    3;   0.0;   0;    5.033;-999;   7.7;  10.8;  985.37;   16.7;   58.42;   22.9;   11.0;    9.1;eor
       1612;20180910;   10;   8.7;   3.1;    3;   0.0;   0;    6.250;-999;   6.6;  11.3;  985.43;   18.9;   54.83;   27.1;   10.5;    8.3;eor
       1612;20180911;   10;  13.3;   4.2;    3;   0.0;   0;   10.717;-999;  -999;  11.6;  985.84;   20.0;   51.96;   26.6;   13.7;   11.4;eor
       1612;20180912;   10;  11.2;   4.5;    3;   0.0;   0;   11.317;-999;   0.9;  12.2;  984.01;   20.7;   52.88;   28.8;   13.8;   11.9;eor
       1612;20180913;   10;   6.8;   2.6;    3;   0.1;   6;    0.000;-999;   7.5;  13.8;  983.41;   14.7;   82.25;   16.4;   12.9;   12.3;eor
       1612;20180914;   10;   5.2;   2.1;    3;   0.0;   6;    2.467;-999;   6.8;  13.7;  983.66;   14.9;   81.50;   19.4;   12.4;   10.0;eor
       1612;20180915;   10;   9.7;   3.1;    3;   0.0;   0;    8.083;-999;   6.5;  10.3;  986.40;   15.1;   62.50;   21.1;   10.2;    8.0;eor
       1612;20180916;   10;   6.6;   2.3;    3;   0.0;   0;   11.283;-999;   6.8;   9.3;  986.93;   15.5;   56.58;   23.6;    7.2;    5.7;eor
       1612;20180917;   10;   7.1;   2.9;    3;   0.0;   0;    8.950;-999;   5.8;  11.4;  983.69;   18.3;   55.75;   27.0;   10.0;    7.1;eor
       1612;20180918;   10;   9.3;   4.1;    3;   0.0;   0;   10.883;-999;   2.5;  12.3;  980.28;   20.8;   53.33;   29.7;   12.5;   10.0;eor
       1612;20180919;   10;  10.7;   3.9;    3;   0.0;   6;    7.750;-999;   3.5;  13.2;  982.64;   21.0;   55.25;   29.1;   15.4;   13.2;eor
       1612;20180920;   10;  12.4;   4.6;    3;   0.0;   0;   10.583;-999;   5.8;  14.1;  981.52;   22.0;   55.50;   29.4;   15.3;   13.6;eor
       1612;20180921;   10;  19.8;   6.8;    3;   0.8;   6;    4.083;-999;   7.3;  13.3;  975.02;   19.0;   63.25;   27.7;   10.1;    8.1;eor
       1612;20180922;   10;  11.6;   5.2;    3;   0.3;   6;    3.483;-999;   5.5;   8.7;  982.72;   12.3;   62.63;   16.7;    8.3;    6.5;eor
       1612;20180923;   10;  15.4;   4.3;    3;  32.3;   8;    0.000;-999;   7.6;  11.4;  975.20;   10.1;   91.50;   14.8;    6.7;    5.9;eor
       1612;20180924;   10;  15.6;   5.8;    3;   1.6;   6;    3.233;-999;   5.9;   8.5;  990.51;    8.0;   80.08;   11.7;    5.6;    4.4;eor
       1612;20180925;   10;   8.4;   3.0;    3;   0.0;   0;    8.817;-999;   2.1;   7.2; 1000.06;    7.5;   71.00;   12.9;    2.9;    0.7;eor
       1612;20180926;   10;   9.2;   4.4;    3;   0.0;   0;    9.800;-999;   6.3;   6.8;  996.85;    9.1;   61.08;   15.5;    1.6;    0.0;eor
       1612;20180927;   10;   6.9;   3.7;    3;   0.0;   0;    8.067;-999;   1.9;   8.7;  990.50;   14.6;   52.21;   23.2;    8.3;    6.8;eor
       1612;20180928;   10;   7.1;   2.8;    3;   0.9;   6;    2.783;-999;   4.3;   8.9;  986.37;   10.2;   71.46;   14.8;    5.1;    1.3;eor
       1612;20180929;   10;   5.3;   2.1;    3;   0.0;   0;    9.833;-999;   2.3;   7.2;  990.77;    7.5;   71.38;   13.0;    2.0;   -0.6;eor
       1612;20180930;   10;   5.8;   2.7;    3;   0.0;   0;   10.650;-999;   0.0;   6.6;  980.83;    9.9;   57.54;   18.3;    2.6;    0.1;eor
       1612;20181001;   10;  10.1;   3.4;    3;   0.6;   6;    0.767;-999;   6.8;   8.0;  977.65;    7.5;   76.63;   11.6;    3.6;    1.0;eor
       1612;20181002;   10;  15.6;   6.6;    3;   0.0;   6;    0.733;   0;   7.1;   8.0;  980.98;    7.3;   77.79;    9.6;    4.9;    3.7;eor
       1612;20181003;   10;  16.8;   6.3;    3;   0.0;   0;    4.083;   0;   7.0;   7.9;  984.67;   10.8;   61.33;   14.0;    6.8;    4.0;eor
       1612;20181004;   10;   6.4;   2.4;    3;   0.0;   0;    3.117;   0;   6.7;   9.0;  989.89;   10.0;   73.04;   16.5;    4.3;    1.0;eor
       1612;20181005;   10;   7.4;   3.6;    3;   0.0;   0;   10.267;   0;   2.4;   9.2;  984.62;   12.5;   66.79;   21.4;    4.9;    2.9;eor
       1612;20181006;   10;   9.7;   4.9;    3;   0.0;   0;    5.883;   0;   6.7;  11.3;  975.95;   16.0;   63.46;   24.0;    9.3;    6.9;eor
       1612;20181007;   10;   7.7;   3.0;    3;   0.0;   6;    0.617;   0;   6.9;  11.1;  980.19;   11.5;   81.17;   14.4;    7.8;    6.9;eor
       1612;20181008;   10;   4.9;   1.7;    3;   0.0;   0;    4.217;   0;   6.3;  10.8;  985.35;   11.2;   81.58;   17.4;    6.7;    5.4;eor
       1612;20181009;   10;   4.7;   2.2;    3;   0.0;   0;    7.333;   0;   6.4;  12.5;  986.27;   13.6;   81.50;   21.5;    7.3;    5.2;eor
       1612;20181010;   10;  10.5;   3.8;    3;   0.0;   0;    9.867;   0;   0.5;  12.1;  984.18;   14.4;   75.92;   22.9;    7.3;    4.6;eor
       1612;20181011;   10;   8.0;   3.3;    3;   0.0;   0;    9.867;   0;   0.0;   9.5;  980.63;   15.4;   58.46;   24.2;    7.6;    4.2;eor
       1612;20181012;   10;   7.7;   4.0;    3;   0.0;   0;    9.483;   0;   1.9;  11.2;  986.10;   17.3;   58.71;   24.7;   10.1;    7.5;eor
       1612;20181013;   10;   7.1;   3.4;    3;   0.0;   0;    9.717;   0;   0.0;  10.7;  986.17;   16.1;   60.75;   25.1;    8.8;    5.3;eor
       1612;20181014;   10;  10.2;   3.8;    3;   0.0;   0;    9.650;   0;   0.0;   9.6;  979.10;   15.1;   59.58;   24.0;    7.5;    4.3;eor
       1612;20181015;   10;   9.4;   4.1;    3;   0.0;   0;    8.317;   0;   3.5;   8.9;  979.00;   14.9;   54.42;   22.6;    8.6;    5.2;eor
       1612;20181016;   10;   5.9;   2.8;    3;   0.0;   6;    0.467;   0;   7.0;  10.3;  981.86;   13.1;   68.54;   18.1;    8.5;    5.8;eor
       1612;20181017;   10;   4.2;   2.1;    3;   0.0;   0;    6.433;   0;   3.4;  11.3;  982.82;   12.8;   77.83;   19.9;    7.9;    6.0;eor
       1612;20181018;   10;   6.4;   2.4;    3;   0.0;   6;    2.017;   0;   6.3;  12.0;  984.82;   11.5;   87.92;   16.4;    7.2;    4.9;eor
       1612;20181019;   10;   5.2;   2.0;    3;   0.0;   0;    0.000;   0;   7.8;  11.0;  987.89;   10.5;   86.67;   11.9;    7.6;    5.1;eor
       1612;20181020;   10;   7.0;   1.7;    3;   0.0;   0;    6.350;   0;   6.8;   8.9;  991.29;    9.1;   78.08;   13.9;    5.6;    1.9;eor
       1612;20181021;   10;   4.2;   1.8;    3;   0.0;   0;    5.800;   0;   4.8;   8.0;  991.58;    8.3;   74.00;   14.0;    2.5;   -0.4;eor
       1612;20181022;   10;  10.1;   3.1;    3;   0.7;   6;    2.250;   0;   5.6;   8.5;  991.25;    6.6;   86.33;   12.9;    2.2;   -0.2;eor
       1612;20181023;   10;  17.6;   7.0;    3;   3.4;   6;    0.000;   0;   7.1;   8.6;  983.21;    7.4;   83.25;   10.2;    3.3;    1.6;eor
       1612;20181024;   10;  16.0;   6.1;    3;   3.0;   6;    0.500;   0;   7.3;  10.7;  980.05;    9.6;   88.71;   11.1;    7.8;    7.5;eor
       1612;20181025;   10;  14.9;   5.8;    3;   0.7;   6;    0.067;   0;   7.5;  10.5;  978.82;   11.1;   79.58;   13.0;    9.3;    8.7;eor
       1612;20181026;   10;  11.6;   4.1;    3;   0.0;   6;    1.117;   0;   7.9;   9.2;  971.78;    9.6;   77.08;   12.3;    8.1;    6.7;eor
       1612;20181027;   10;  13.2;   3.6;    3;   0.0;   0;    0.000;   0;   7.9;   7.1;  970.83;    6.5;   72.96;    8.3;    4.5;    2.1;eor
       1612;20181028;   10;  13.9;   4.8;    3;   7.4;   6;    0.000;   0;   7.4;   7.0;  974.46;    3.2;   91.33;    4.5;    2.4;    2.4;eor
       1612;20181029;   10;  10.2;   4.9;    3;   0.0;   6;    0.000;   0;   7.9;   7.5;  966.36;    3.3;   97.38;    5.0;    2.4;    2.4;eor
       1612;20181030;   10;  19.3;   6.7;    3;   0.0;   6;    5.350;   0;   5.9;   8.2;  960.35;    7.5;   80.21;   14.9;    4.6;    3.4;eor
       1612;20181031;   10;  11.1;   4.6;    3;   0.0;   0;    7.500;   0;   4.4;   7.2;  979.78;    7.3;   71.08;   14.1;    2.7;   -0.3;eor
       1612;20181101;   10;   8.8;   3.2;    3;   0.0;   0;    1.917;   0;   6.8;   8.2;  976.61;    7.0;   81.38;   11.4;    1.6;   -0.4;eor
       1612;20181102;   10;   7.7;   3.1;    3;   0.0;   0;    2.900;   0;   6.9;   8.6;  985.34;    8.5;   78.21;   12.5;    5.0;    1.9;eor
       1612;20181103;   10;   5.5;   2.5;    3;   0.0;   6;    0.000;   0;   7.9;   9.0;  990.65;    7.6;   86.33;    8.6;    6.2;    5.8;eor
       1612;20181104;   10;   5.0;   1.4;    3;   0.0;   0;    0.000;   0;  -999;  10.7;  981.95;    8.8;   94.83;   10.7;    5.9;    4.4;eor
       1612;20181105;   10;   9.1;   2.6;    3;   0.0;   0;    0.917;   0;   7.5;  10.2;  974.82;    8.6;   90.96;   13.5;    3.5;    2.5;eor
       1612;20181106;   10;  10.4;   4.4;    3;   0.0;   0;    7.800;   0;   3.7;  10.7;  973.70;   11.5;   79.33;   18.2;    7.5;    5.3;eor
       1612;20181107;   10;   8.8;   4.2;    3;   0.0;   0;    7.533;   0;   4.9;  11.0;  975.81;   10.1;   89.25;   14.5;    7.5;    5.4;eor
       1612;20181108;   10;   6.4;   2.6;    3;   0.0;   6;    0.050;   0;   7.8;  10.9;  983.78;   10.2;   87.50;   13.3;    7.8;    6.6;eor
       1612;20181109;   10;   7.4;   3.5;    3;   0.0;   0;    0.200;   0;   7.3;  10.0;  979.94;    8.5;   90.63;   12.2;    5.0;    3.7;eor
       1612;20181110;   10;  11.9;   6.0;    3;   0.8;   4;    7.283;   0;  -999;   9.2;  974.30;    8.2;   84.54;   13.5;    5.0;    3.8;eor
       1612;20181111;   10;  11.8;   6.2;    3;   0.3;   6;    3.033;-999;  -999;   9.9;  976.46;    9.1;   85.67;   13.0;    6.2;    5.4;eor
       1612;20181112;   10;  10.3;   5.4;    3;   0.0;   0;    5.283;   0;   5.5;  10.0;  981.32;   11.6;   73.42;   17.8;    7.7;    6.3;eor
       1612;20181113;   10;  10.2;   4.9;    3;   0.3;   6;    1.150;   0;   5.6;   9.8;  987.15;    9.6;   81.46;   12.2;    5.8;    3.9;eor
       1612;20181114;   10;   6.9;-999;    3;   0.0;   0;    7.600;   0;  -999;   8.2;    -999;    5.9;   87.75;   10.1;    2.0;    0.0;eor
       1612;20181115;   10;   4.7;-999;    3;   0.0;   0;    6.800;-999;  -999;  -999;    -999;    6.0;-999;   12.4;    1.7;   -1.3;eor
       1612;20181116;   10;   7.4;   3.0;    3;   0.0;   0;    7.650;   0;   0.6;   6.1;  994.29;    3.2;   79.71;    8.4;   -0.6;   -4.2;eor
       1612;20181117;   10;   8.6;   4.3;    3;   0.0;   0;    7.167;   0;   1.5;   5.2;  995.86;    0.8;   80.88;    4.2;   -2.6;   -3.9;eor
       1612;20181118;   10;   6.4;   2.0;    3;   2.3;   8;    0.650;   0;   6.3;   4.5;  990.93;   -2.5;   87.96;   -0.3;   -4.4;   -6.9;eor
       1612;20181119;   10;  15.2;   5.5;    3;   0.4;   8;    0.250;   0;   5.7;   5.7;  981.15;    0.8;   87.50;    2.6;   -1.3;   -2.2;eor
       1612;20181120;   10;  12.8;   6.2;    3;   0.7;   4;    0.000;   0;  -999;   5.2;  976.29;    0.0;   84.75;    0.5;   -0.6;   -0.9;eor
       1612;20181121;   10;-999;-999;    3;   0.5;   4;    0.000;-999;  -999;  -999;    -999;    0.8;-999;    1.6;   -0.2;   -0.3;eor
       1612;20181122;   10;-999;-999;    3;   0.1;   4;    0.000;-999;  -999;  -999;    -999;    1.5;-999;    2.4;    0.5;    0.4;eor
       1612;20181123;   10;-999;-999;    3;   0.0;   0;    6.600;-999;  -999;  -999;    -999;    2.9;-999;    6.0;   -0.8;   -3.5;eor
       1612;20181124;   10;-999;-999;    3;   0.1;   4;    0.100;-999;  -999;  -999;    -999;    2.8;-999;    6.2;   -1.0;   -3.5;eor
       1612;20181125;   10;-999;-999;    3;   0.0;   4;    2.000;-999;  -999;  -999;    -999;    4.8;-999;    8.2;    1.9;    0.8;eor
       1612;20181126;   10;-999;-999;    3;   0.2;   6;    0.000;-999;  -999;  -999;    -999;    2.6;-999;    4.0;    0.8;    0.5;eor
       1612;20181127;   10;   6.6;   2.7;    3;   0.0;   0;    0.000;   0;   7.2;   4.7;  982.85;   -0.9;   81.58;    0.8;   -2.3;   -2.4;eor
       1612;20181128;   10;  13.0;   4.6;    3;   0.0;   0;    6.583;   0;   5.0;   4.0;  988.58;   -1.7;   75.04;    0.7;   -4.2;   -5.9;eor
       1612;20181129;   10;  15.3;   8.7;    3;   0.0;   8;    5.333;   0;   7.8;   3.6;  983.55;    0.9;   56.04;    4.7;   -1.8;   -2.8;eor
       1612;20181130;   10;  14.5;   7.7;    3;   6.0;   8;    0.000;   0;   7.7;   5.0;  978.15;    0.4;   78.17;    1.8;   -1.2;   -1.8;eor
       1612;20181201;   10;  11.1;   4.9;    3;   0.0;   6;    2.050;   0;   7.4;   7.1;  978.31;    3.9;   87.79;    7.6;    1.5;    0.9;eor
       1612;20181202;   10;  12.5;   6.9;    3;   5.5;   6;    0.000;   0;   7.2;   8.7;  968.18;    6.8;   87.04;   10.7;    3.5;    2.7;eor
       1612;20181203;   10;  10.7;   5.4;    3;   6.7;   6;    1.367;   0;   7.7;  10.9;  966.20;   10.2;   87.42;   12.5;    8.8;    8.0;eor
       1612;20181204;   10;  12.3;   4.7;    3;   0.2;   6;    3.050;   0;   4.8;   7.6;  979.28;    5.4;   82.83;   10.0;   -0.3;   -3.9;eor
       1612;20181205;   10;   8.5;   3.6;    3;   0.0;   6;    6.433;   0;   7.1;   5.4;  988.77;    1.1;   82.08;    4.9;   -1.5;   -3.7;eor
       1612;20181206;   10;  11.1;   6.3;    3;   0.0;   6;    0.133;   0;   7.7;   7.3;  980.72;    5.5;   78.58;    9.1;    2.0;    1.1;eor
       1612;20181207;   10;  20.9;   6.8;    3;   3.1;   6;    0.000;   0;   7.6;  10.0;  971.57;   10.3;   79.75;   11.2;    5.2;    4.4;eor
       1612;20181208;   10;  18.6;   8.5;    3;   2.4;   6;    2.017;   0;   5.4;   6.9;  967.40;    5.6;   76.00;    7.1;    3.7;    2.3;eor
       1612;20181209;   10;  15.4;   7.9;    3;   1.5;   6;    0.117;   0;   7.2;   7.5;  961.48;    6.1;   79.83;    7.7;    3.5;    2.0;eor
       1612;20181210;   10;  15.3;   7.4;    3;   1.5;   8;    1.333;   0;   6.4;   5.9;  976.50;    3.0;   78.13;    4.4;    0.8;    0.0;eor
       1612;20181211;   10;  14.8;   6.8;    3;   4.8;   8;    0.000;   0;   6.6;   6.2;  979.67;    2.6;   83.33;    3.4;    1.2;    0.9;eor
       1612;20181212;   10;   7.1;   2.9;    3;   0.9;   8;    0.000;   0;   7.5;   6.1;  985.37;    1.0;   92.33;    1.8;   -0.9;   -1.2;eor
       1612;20181213;   10;   9.4;   3.4;    3;   0.0;   8;    0.100;   0;   7.2;   4.9;  984.36;   -1.3;   87.92;   -0.1;   -2.6;   -3.6;eor
       1612;20181214;   10;  11.9;   4.8;    3;   0.0;   0;    0.100;   0;   7.9;   4.2;  985.59;   -0.8;   72.25;    0.2;   -1.5;   -1.6;eor
       1612;20181215;   10;   6.2;   2.9;    3;   0.0;   8;    0.000;   0;   6.9;   4.5;  987.96;   -2.0;   84.96;   -1.0;   -3.8;   -5.2;eor
       1612;20181216;   10;   8.2;   4.0;    3;   0.0;   8;    0.150;   0;   7.7;   4.3;  977.78;   -1.5;   78.92;   -0.1;   -3.4;   -4.7;eor
       1612;20181217;   10;   9.6;   4.3;    3;   0.0;   8;    1.567;   0;   7.5;   5.9;  983.26;    1.7;   85.33;    4.1;   -0.4;   -1.6;eor
       1612;20181218;   10;   8.1;   3.7;    3;   0.0;   0;    3.100;   0;   7.2;   6.2;  987.45;    2.7;   84.13;    6.4;   -1.3;   -3.5;eor
       1612;20181219;   10;  13.6;   6.0;    3;   2.3;   6;    0.000;   0;   7.6;   5.6;  979.78;    1.2;   83.54;    2.3;   -0.6;   -4.7;eor
       1612;20181220;   10;  10.1;   5.4;    3;   0.0;   6;    0.200;   0;   7.5;   6.9;  978.24;    3.6;   87.38;    5.9;    1.4;    1.0;eor
       1612;20181221;   10;  16.0;   7.5;    3;   4.7;   6;    0.000;   0;   7.3;   8.2;  971.43;    7.1;   80.75;   11.0;    4.8;    4.1;eor
       1612;20181222;   10;  18.9;   6.8;    3;   4.8;   6;    0.000;   0;   7.7;   8.3;  973.56;    8.1;   77.63;   10.9;    5.7;    4.9;eor
       1612;20181223;   10;  14.2;   4.4;    3;  16.0;   6;    0.000;   0;   7.4;   7.9;  980.22;    5.8;   85.71;    7.4;    3.3;    2.9;eor
       1612;20181224;   10;  11.5;   4.0;    3;   2.5;   8;    0.033;   0;   7.5;   6.2;  986.42;    1.5;   89.92;    3.3;   -0.3;   -0.8;eor
       1612;20181225;   10;   9.5;   4.9;    3;   0.0;   6;    0.000;   0;   7.7;   5.9;  994.00;    2.2;   82.25;    3.5;    0.4;    0.1;eor
       1612;20181226;   10;  11.7;   5.0;    3;   0.3;   6;    0.000;   0;   7.7;   6.4;  992.24;    2.8;   85.79;    4.2;    1.2;    1.1;eor
       1612;20181227;   10;   6.7;   3.4;    3;   0.0;   0;    4.750;   0;   7.4;   7.3;  988.77;    4.5;   86.46;    8.2;    2.7;    1.7;eor
       1612;20181228;   10;   7.8;   3.5;    3;   0.6;   6;    0.000;   0;   6.3;   6.5;  989.47;    1.8;   92.58;    3.0;   -0.8;   -3.2;eor
       1612;20181229;   10;  11.7;   5.0;    3;   2.6;   8;    0.017;   0;   7.9;   6.9;  990.04;    3.1;   90.25;    5.0;    1.8;    1.6;eor
       1612;20181230;   10;  15.7;   6.7;    3;   0.0;   6;    0.033;   0;   7.5;   7.2;  988.63;    5.3;   81.33;    6.3;    3.5;    3.1;eor
       1612;20181231;   10;   6.7;   2.7;    3;   0.0;   6;    0.000;   0;   7.7;   8.4;  993.25;    5.6;   91.71;    6.6;    4.7;    4.1;eor
       1612;20190101;   10;  22.2;   7.4;    3;   1.4;   8;    0.000;   0;   6.6;   7.4;  985.15;    5.5;   81.08;    7.0;    1.6;    0.8;eor
       1612;20190102;   10;  17.9;   6.8;    3;   0.0;   8;    1.183;   0;   6.1;   4.5;  988.58;    0.8;   69.00;    2.1;   -1.6;   -2.8;eor
       1612;20190103;   10;   9.9;   4.3;    3;   0.0;   8;    2.017;   0;   6.1;   4.2;  995.64;   -0.9;   73.92;    0.5;   -3.0;   -4.4;eor
       1612;20190104;   10;  11.6;   4.8;    3;   2.8;   8;    0.000;   0;   7.6;   5.6;  992.65;    0.6;   88.21;    2.7;   -1.1;   -1.4;eor
       1612;20190105;   10;  12.5;   5.5;    3;   6.3;   6;    0.000;   0;   7.6;   8.0;  984.46;    4.7;   93.50;    6.2;    2.7;    2.3;eor
       1612;20190106;   10;   7.5;   2.6;    3;   3.5;   6;    0.000;   0;   7.6;   6.7;  989.90;    2.9;   88.42;    4.4;    1.1;    0.1;eor
       1612;20190107;   10;  12.7;   4.6;    3;   2.6;   6;    0.000;   0;   7.2;   7.3;  989.53;    3.8;   91.38;    4.6;    2.9;    2.3;eor
       1612;20190108;   10;  17.8;   8.2;    3;   4.5;   8;    0.000;   0;   6.5;   6.6;  970.36;    3.4;   85.46;    4.9;    0.1;    0.0;eor
       1612;20190109;   10;  13.6;   6.7;    3;   3.2;   8;    0.000;  10;  -999;   5.8;  971.42;   -0.4;   97.71;    0.5;   -0.8;    0.0;eor
       1612;20190110;   10;  12.8;   4.1;    3;   0.3;   8;    0.000;  25;   5.7;   5.1;  984.05;   -1.7;   94.46;   -0.1;   -3.6;   -0.4;eor
       1612;20190111;   10;   9.4;   4.7;    3;   1.7;   8;    0.000;  22;   7.7;   5.3;  982.47;   -1.3;   93.71;    2.2;   -3.6;   -0.5;eor
       1612;20190112;   10;  12.3;   5.3;    3;   0.9;   6;    0.000;  16;   7.4;   6.4;  976.97;    2.5;   87.88;    3.3;    1.9;    0.0;eor
       1612;20190113;   10;  21.2;   7.0;    3;   4.5;   6;    0.000;   4;   6.8;   7.2;  964.19;    4.1;   87.38;    7.3;    2.5;    0.8;eor
       1612;20190114;   10;  17.6;   6.9;    3;   0.8;   8;    0.167;   0;   5.4;   5.4;  968.64;    1.3;   79.71;    5.0;   -1.4;   -2.2;eor
       1612;20190115;   10;  15.9;   7.1;    3;   0.3;   6;    0.000;   1;   7.8;   5.5;  977.21;    2.6;   74.25;    4.9;    0.2;   -0.3;eor
       1612;20190116;   10;  12.5;   6.6;    3;   0.0;   6;    0.000;   0;   7.6;   6.2;  972.85;    3.7;   77.88;    4.6;    1.9;    0.8;eor
       1612;20190117;   10;  14.9;   6.6;    3;   1.4;   8;    1.783;   0;   6.4;   6.2;  966.10;    3.7;   77.96;    6.8;    0.0;   -1.4;eor
       1612;20190118;   10;  11.0;   3.8;    3;   0.0;   8;    5.333;   1;   4.8;   4.1;  979.56;   -1.6;   75.50;    0.5;   -5.8;   -8.8;eor
       1612;20190119;   10;   4.3;   2.3;    3;   0.0;   0;    7.083;   0;   6.3;   3.1;  981.18;   -4.7;   73.92;    0.8;   -7.5;  -11.2;eor
       1612;20190120;   10;   4.2;   2.0;    3;   0.0;   0;    6.367;   0;   1.4;   3.2;  980.45;   -5.7;   80.21;   -2.2;   -9.0;  -12.4;eor
       1612;20190121;   10;   4.0;   1.6;    3;   0.0;   0;    6.617;   0;   1.5;   3.3;  983.49;   -5.6;   81.50;   -0.5;  -10.0;  -13.2;eor
       1612;20190122;   10;   8.8;   4.4;    3;   0.0;   0;    7.467;   0;   0.5;   3.1;  973.55;   -6.2;   79.13;   -1.5;   -9.0;  -12.1;eor
       1612;20190123;   10;   9.6;   2.4;    3;   0.0;   7;    3.633;   0;   6.6;   2.9;  964.85;   -7.8;   84.29;   -4.8;  -10.8;  -13.2;eor
       1612;20190124;   10;   5.2;   1.9;    3;   0.1;   7;    0.000;   0;   7.8;   3.5;  972.20;   -5.6;   86.13;   -3.9;   -7.7;   -8.0;eor
       1612;20190125;   10;  11.0;   2.9;    3;   1.3;   8;    0.000;   2;   7.8;   3.5;  976.39;   -4.8;   83.04;   -1.8;   -6.3;   -7.3;eor
       1612;20190126;   10;  11.7;   6.2;    3;   4.1;   8;    0.000;   5;   7.3;   6.0;  967.74;    1.1;   89.88;    3.4;   -2.1;   -2.3;eor
       1612;20190127;   10;  12.3;   6.7;    3;   0.3;   6;    0.800;   1;   7.0;   6.5;  954.98;    3.4;   83.29;    6.0;    2.2;    0.7;eor
       1612;20190128;   10;  14.0;   6.4;    3;   0.2;   8;    2.100;   1;   6.5;   5.8;  956.19;    1.8;   83.21;    3.6;    0.3;   -0.8;eor
       1612;20190129;   10;  11.6;   4.1;    3;   0.5;   7;    0.183;   1;   7.2;   4.9;  967.13;   -0.7;   84.00;    1.6;   -6.3;   -9.0;eor
       1612;20190130;   10;  10.5;   4.6;    3;   0.0;   0;    2.667;   1;   7.8;   4.1;  960.79;   -1.9;   76.71;    1.2;   -6.6;   -9.7;eor
       1612;20190131;   10;   8.0;   3.8;    3;   0.0;   7;    7.550;   1;   3.8;   4.2;  962.14;   -0.7;   72.83;    2.7;   -4.7;   -7.7;eor
       1612;20190201;   10;  12.8;   3.6;    3;   0.0;   8;    0.000;   1;   7.5;   4.8;  957.09;   -0.4;   81.17;    2.3;   -5.0;   -7.9;eor
       1612;20190202;   10;   4.5;   1.3;    3;   0.0;   8;    0.000;   1;   7.3;   5.8;  960.37;    0.4;   92.67;    1.7;   -0.5;   -1.3;eor
       1612;20190203;   10;  11.3;   4.1;    3;   5.0;   8;    0.000;   1;   7.5;   5.3;  976.54;   -0.5;   90.04;    0.1;   -1.0;   -4.0;eor
       1612;20190204;   10;  10.7;   4.4;    3;   0.0;   0;    8.033;   5;   4.8;   4.3;  990.21;   -1.7;   80.13;    2.1;   -6.1;  -12.1;eor
       1612;20190205;   10;  11.5;   5.3;    3;   0.0;   0;    0.600;   5;   7.0;   4.6;  989.84;   -0.3;   75.42;    2.6;   -3.0;   -6.5;eor
       1612;20190206;   10;  11.1;   5.7;    3;   0.0;   0;    7.867;   3;   6.3;   4.5;  987.90;   -0.6;   76.96;    3.7;   -4.6;   -6.9;eor
       1612;20190207;   10;  15.8;   6.5;    3;   0.0;   6;    0.000;   3;   7.8;   4.6;  977.48;   -0.2;   75.46;    2.1;   -3.1;   -5.0;eor
       1612;20190208;   10;  14.8;   6.6;    3;   0.0;   6;    5.000;   3;   5.5;   6.1;  978.13;    3.4;   78.71;    6.1;    0.8;   -1.4;eor
       1612;20190209;   10;  20.9;   8.3;    3;   0.0;   6;    6.417;   1;   6.8;   6.3;  971.51;    5.6;   69.21;    8.8;    2.9;    1.4;eor
       1612;20190210;   10;  20.2;   8.3;    3;   1.8;   6;    0.017;   0;   7.1;   7.0;  963.70;    6.1;   74.83;    9.4;    2.5;    1.0;eor
       1612;20190211;   10;  17.8;   7.1;    3;   0.4;   8;    1.583;   0;   6.2;   6.0;  974.08;    2.9;   79.46;    5.9;    0.9;   -1.1;eor
       1612;20190212;   10;  12.9;   5.3;    3;   0.0;   8;    0.283;   0;   7.7;   5.3;  991.96;    2.3;   73.00;    4.0;    1.0;    0.4;eor
       1612;20190213;   10;  10.4;   4.3;    3;   0.0;   6;    0.000;   0;   7.5;   6.4;  997.13;    4.2;   77.04;    6.8;    1.6;   -1.7;eor
       1612;20190214;   10;   5.5;   2.6;    3;   0.0;   0;    5.983;   0;   4.3;   5.4;  998.41;    4.3;   66.83;   11.4;    0.1;   -2.0;eor
       1612;20190215;   10;   5.8;   3.2;    3;   0.0;   0;    8.900;   0;   0.0;   5.6;  996.32;    5.4;   65.29;   14.6;   -0.5;   -2.4;eor
       1612;20190216;   10;  10.9;   5.5;    3;   0.0;   0;    8.983;   0;   0.0;   5.5;  990.40;    7.5;   56.42;   16.0;    1.6;   -0.9;eor
       1612;20190217;   10;   8.7;   4.8;    3;   0.0;   0;    8.650;   0;   8.0;   6.3;  987.39;    7.4;   62.58;   16.8;    1.0;   -1.6;eor
       1612;20190218;   10;   8.6;   4.9;    3;   0.0;   0;    9.083;   0;   2.5;   5.8;  982.93;    7.7;   57.17;   16.2;    2.4;   -0.1;eor
       1612;20190219;   10;   9.9;   4.8;    3;   0.0;   6;    2.000;   0;   5.6;   6.3;  980.96;    4.8;   73.08;    8.2;    1.8;   -1.4;eor
       1612;20190220;   10;   9.9;   3.5;    3;   0.0;   0;    2.683;   0;   6.8;   6.3;  985.85;    4.9;   73.29;    9.6;    1.0;   -1.2;eor
       1612;20190221;   10;  11.2;   4.2;    3;   0.7;   6;    0.867;   0;   7.7;   7.3;  988.54;    6.5;   75.67;    9.8;    2.6;    0.8;eor
       1612;20190222;   10;  10.0;   4.4;    3;   0.4;   6;    0.000;   0;   6.6;   7.5;  997.19;    4.0;   89.08;    7.7;   -3.3;   -5.7;eor
       1612;20190223;   10;   6.2;   2.7;    3;   0.0;   0;    8.217;   0;   7.0;   4.1; 1003.55;   -0.1;   69.54;    5.9;   -4.0;   -6.2;eor
       1612;20190224;   10;   6.0;   2.7;    3;   0.0;   0;    5.883;   0;   2.8;   3.4; 1001.11;    2.9;   47.88;   11.3;   -2.4;   -4.5;eor
       1612;20190225;   10;   5.1;   2.7;    3;   0.0;   0;    9.517;   0;   4.4;   4.5; 1000.05;    6.0;   50.92;   15.0;   -0.6;   -2.7;eor
       1612;20190226;   10;   6.1;   2.6;    3;   0.0;   0;    9.100;   0;   5.4;   4.9;  996.25;    7.3;   52.63;   14.6;    1.2;   -2.9;eor
       1612;20190227;   10;   6.6;   3.1;    3;   0.0;   0;    9.633;   0;   0.2;   5.4;  989.29;    7.8;   53.58;   17.3;    0.2;   -2.5;eor
       1612;20190228;   10;  12.8;   4.8;    3;   1.1;   6;    8.200;   0;   3.9;   6.6;  977.21;    9.4;   55.42;   14.4;    4.0;   -0.7;eor
       1612;20190301;   10;  10.2;   4.0;    3;   1.5;   6;    0.567;   0;   7.2;   8.4;  975.62;    6.8;   84.25;   10.6;    1.9;    1.7;eor
       1612;20190302;   10;   8.8;   3.4;    3;   0.0;   6;    0.000;   0;   7.4;   7.0;  978.63;    3.9;   87.00;    7.1;    1.7;    1.6;eor
       1612;20190303;   10;  14.9;   7.1;    3;   0.0;   6;    0.033;   0;   7.8;   8.4;  972.59;    8.7;   74.75;   10.3;    6.9;    5.6;eor
       1612;20190304;   10;  24.7;   9.3;    3;   0.4;   6;    3.883;   0;   7.0;   7.2;  961.27;    8.8;   64.13;   14.1;    3.2;    1.2;eor
       1612;20190305;   10;  19.0;   6.9;    3;   0.3;   6;    3.833;   0;   4.5;   6.1;  969.23;    4.4;   73.63;    7.3;    0.7;   -2.0;eor
       1612;20190306;   10;  12.8;   6.4;    3;   0.0;   0;    7.550;   0;   7.7;   7.1;  971.23;    6.7;   72.88;   12.3;    0.0;   -1.3;eor
       1612;20190307;   10;  18.0;   8.0;    3;   0.1;   6;    3.367;   0;   5.5;   7.2;  963.37;    9.7;   60.33;   13.5;    6.4;    4.9;eor
       1612;20190308;   10;  18.7;   8.0;    3;   0.4;   6;    3.367;   0;   4.5;   6.6;  973.19;    6.6;   67.67;    8.5;    3.8;    2.2;eor
       1612;20190309;   10;  25.5;   9.2;    3;   2.9;   8;    3.750;   0;   6.7;   7.1;  973.17;    7.1;   70.63;   11.3;    4.0;    2.1;eor
       1612;20190310;   10;  30.1;   7.7;    3;   5.9;   8;    1.733;   0;   6.3;   7.3;  968.73;    6.5;   74.88;   12.0;    1.7;    0.9;eor
       1612;20190311;   10;  18.0;   7.0;    3;   1.6;   8;    1.000;   0;   6.8;   5.7;  976.47;    2.4;   78.88;    4.3;    0.9;    0.1;eor
       1612;20190312;   10;  15.5;   6.6;    3;   0.2;   6;    5.083;   0;   6.7;   5.6;  979.65;    4.4;   68.67;    7.8;    0.7;   -1.3;eor
       1612;20190313;   10;  18.2;   8.5;    3;   0.0;   6;    4.883;   0;   6.2;   5.8;  968.65;    5.5;   64.71;    8.1;    2.8;    1.4;eor
       1612;20190314;   10;  17.2;   8.7;    3;   1.8;   6;    0.650;   0;   7.6;   6.6;  965.18;    5.1;   74.54;    6.9;    3.4;    2.8;eor
       1612;20190315;   10;  19.9;   7.8;    3;   4.9;   6;    0.067;   0;   7.0;   7.7;  966.32;    7.0;   76.21;   11.1;    4.7;    3.6;eor
       1612;20190316;   10;  15.2;   6.6;    3;   1.6;   6;    0.000;   0;   7.0;   7.8;  970.81;    7.3;   75.75;   10.6;    4.9;    1.6;eor
       1612;20190317;   10;  18.7;   6.9;    3;   2.2;   6;    5.400;   0;   6.1;   7.3;  967.15;    7.6;   70.33;   13.9;    3.7;    1.2;eor
       1612;20190318;   10;  17.1;   6.0;    3;   0.4;   8;    5.350;   0;   4.0;   5.7;  978.22;    3.7;   71.17;    7.3;    0.6;   -2.0;eor
       1612;20190319;   10;   9.0;   3.7;    3;   0.0;   6;    3.317;   0;   5.2;   5.2;  989.35;    3.1;   69.46;    7.6;   -0.5;   -3.8;eor
       1612;20190320;   10;   6.6;   2.6;    3;   0.0;   0;   11.050;   0;   1.9;   5.0;  996.03;    5.1;   60.25;   11.9;   -1.2;   -4.7;eor
       1612;20190321;   10;   4.8;   2.3;    3;   0.0;   0;   11.117;   0;   3.0;   7.0;  996.68;    7.9;   65.75;   15.3;    0.3;   -1.8;eor
       1612;20190322;   10;   7.2;   2.7;    3;   0.0;   0;   11.067;   0;   5.0;   9.1;  993.80;   10.1;   74.42;   17.6;    2.5;    0.4;eor
       1612;20190323;   10;  12.9;   3.5;    3;   0.0;   6;   10.800;   0;   2.8;   8.8;  990.14;   10.5;   71.71;   19.4;    5.5;    2.5;eor
       1612;20190324;   10;   5.4;   2.0;    3;   0.0;   6;    0.000;   0;   7.3;   8.7;  987.39;    6.5;   89.67;    8.5;    4.0;    0.5;eor
       1612;20190325;   10;  17.0;   4.7;    3;   3.6;   8;    1.783;   0;   6.8;   6.2;  980.95;    3.4;   80.29;    8.6;    0.7;   -1.1;eor
       1612;20190326;   10;  13.0;   5.0;    3;   3.3;   6;    0.667;   0;   7.1;   6.5;  989.17;    4.2;   79.58;    7.2;    2.1;    0.9;eor
       1612;20190327;   10;   8.3;   3.3;    3;   1.1;   6;    0.933;   0;   7.3;   7.3;  993.45;    6.2;   78.21;    9.7;    3.8;    3.4;eor
       1612;20190328;   10;   6.8;   2.8;    3;   4.3;   6;    0.000;   0;   7.3;   9.4;  996.03;    7.5;   90.33;   10.0;    5.4;    5.2;eor
       1612;20190329;   10;   5.8;   1.8;    3;   0.0;   0;    4.667;   0;   6.4;   8.9;  994.27;    9.0;   78.54;   13.7;    5.0;    1.4;eor
       1612;20190330;   10;   7.9;   3.5;    3;   0.0;   0;   11.467;   0;   2.9;   8.0;  986.32;   10.1;   67.42;   17.3;    3.1;    1.2;eor
       1612;20190331;   10;   8.5;   2.8;    3;   0.0;   0;    4.150;   0;   3.6;   7.7;  985.72;    7.5;   73.75;   11.2;    2.4;    0.4;eor
       1612;20190401;   10;  11.3;   4.9;    3;   0.0;   0;   11.700;   0;   2.0;   5.5;  985.68;    5.7;   61.88;   11.7;    0.7;   -0.6;eor
       1612;20190402;   10;  15.1;   3.7;    3;   0.0;   6;    9.617;   0;   4.3;   6.8;  974.76;    9.3;   59.33;   16.7;   -1.1;   -3.9;eor
       1612;20190403;   10;   7.4;   3.0;    3;   0.2;   6;    5.117;   0;   7.1;   9.4;  966.21;   11.7;   69.54;   17.4;    7.0;    3.8;eor
       1612;20190404;   10;  10.2;   3.3;    3;   0.0;   6;    7.550;   0;   5.3;   9.1;  962.06;    9.1;   79.17;   17.1;    3.1;    0.9;eor
       1612;20190405;   10;   5.9;   2.3;    3;   0.0;   0;    0.017;   0;   6.7;   9.6;  968.29;    8.7;   85.67;   12.1;    5.9;    4.4;eor
       1612;20190406;   10;   9.7;   3.2;    3;   0.0;   6;    7.050;   0;   4.3;   9.4;  969.63;   10.6;   76.04;   18.4;    3.7;    1.5;eor
       1612;20190407;   10;  10.4;   3.3;    3;   0.0;   0;    8.667;   0;   2.9;   9.1;  970.19;   12.0;   65.71;   17.7;    4.4;    1.7;eor
       1612;20190408;   10;   6.3;   2.0;    3;   0.0;   0;    7.017;   0;   6.6;   8.8;  972.68;   12.6;   61.75;   17.6;    6.1;    3.3;eor
       1612;20190409;   10;   7.1;   3.1;    3;   0.0;   0;    0.167;   0;   7.0;   7.7;  975.77;    6.7;   78.71;   10.8;    2.8;    2.0;eor
       1612;20190410;   10;   9.9;   3.7;    3;   0.0;   0;    8.833;   0;   4.0;   5.4;  978.35;    4.6;   65.71;   10.0;   -0.3;   -1.6;eor
       1612;20190411;   10;  11.2;   3.9;    3;   0.0;   0;    3.250;   0;   4.5;   4.3;  984.60;    2.3;   61.08;    7.0;   -2.2;   -3.9;eor
       1612;20190412;   10;   8.2;   3.3;    3;   0.0;   8;    0.000;   0;   7.8;   4.6;  986.27;    1.5;   68.46;    3.4;   -0.1;   -0.6;eor
       1612;20190413;   10;   6.7;   2.5;    3;   0.2;   8;    1.100;   0;   6.7;   5.4;  984.68;    1.8;   78.04;    5.1;   -0.8;   -2.5;eor
       1612;20190414;   10;   7.7;   2.4;    3;   1.2;   8;    0.000;   0;   7.5;   6.2;  985.81;    1.3;   91.50;    3.9;   -1.8;   -5.5;eor
       1612;20190415;   10;  10.4;   3.0;    3;   0.0;   0;   10.133;   0;   2.9;   6.5;  987.84;    7.2;   66.88;   12.8;    3.0;    2.4;eor
       1612;20190416;   10;   8.8;   3.3;    3;   0.0;   0;   12.600;   0;   0.0;   5.7;  983.86;    8.4;   54.67;   16.2;   -1.0;   -4.5;eor
       1612;20190417;   10;  11.0;   3.4;    3;   0.0;   0;   12.700;   0;   0.0;   6.4;  987.68;    9.7;   55.08;   17.5;    0.8;   -4.0;eor
       1612;20190418;   10;  13.5;   4.5;    3;   0.0;   0;   12.717;   0;   0.0;   7.3;  990.89;   12.4;   53.88;   19.6;    3.7;   -0.3;eor
       1612;20190419;   10;  11.3;   4.3;    3;   0.0;   0;   12.817;   0;   0.0;   7.5;  993.39;   14.7;   47.00;   21.6;    5.0;    0.8;eor
       1612;20190420;   10;   7.7;   2.2;    3;   0.0;   0;   12.850;   0;   0.9;   7.4;  992.10;   13.5;   51.04;   21.0;    3.6;    0.0;eor
       1612;20190421;   10;   7.0;   2.5;    3;   0.0;   0;   12.900;   0;   0.0;   7.3;  985.13;   13.5;   50.50;   20.6;    3.3;    0.5;eor
       1612;20190422;   10;  15.5;   5.4;    3;   0.0;   0;   12.967;   0;   0.0;   7.1;  977.10;   12.1;   51.96;   18.4;    4.8;    0.3;eor
       1612;20190423;   10;  17.0;   8.0;    3;   0.0;   6;   11.183;   0;   2.5;   9.0;  968.60;   13.0;   60.88;   19.9;    6.7;    5.7;eor
       1612;20190424;   10;  16.0;   4.3;    3;   0.0;   0;   11.400;   0;   5.7;  10.4;  968.61;   16.7;   57.58;   24.6;    7.9;    4.8;eor
       1612;20190425;   10;  11.2;   4.9;    3;   0.0;   0;   11.767;   0;   5.4;   8.7;  974.05;   16.8;   48.46;   24.9;    7.6;    4.0;eor
       1612;20190426;   10;  15.1;   4.8;    3;   6.0;   6;    8.100;   0;   7.4;  10.3;  974.36;   13.0;   70.29;   18.6;    7.4;    6.2;eor
       1612;20190427;   10;  13.4;   3.9;    3;   8.8;   8;    2.267;   0;   7.5;   9.7;  977.26;    9.8;   80.96;   16.8;    6.1;    5.5;eor
       1612;20190428;   10;   8.4;   2.9;    3;   0.3;   6;    2.833;   0;   7.0;   8.1;  981.52;    7.9;   77.17;   11.6;    5.7;    3.7;eor
       1612;20190429;   10;  11.0;   3.8;    3;  10.7;   6;    0.000;   0;   7.7;   9.6;  982.18;    7.3;   93.04;    9.6;    4.4;    3.1;eor
       1612;20190430;   10;   9.0;   3.0;    3;   0.0;   6;   12.800;   0;   0.9;   6.9;  981.42;    8.7;   64.63;   15.4;    2.0;    0.2;eor
       1612;20190501;    3;   9.7;   3.4;    3;   0.0;   6;    4.667;-999;   6.7;   9.5;  977.60;   11.8;   70.42;   18.5;    4.6;    1.5;eor
       1612;20190502;    3;  12.9;   4.0;    3;   1.2;   6;    8.583;-999;   5.2;   9.3;  971.55;   11.5;   69.46;   16.7;    6.3;    3.7;eor
       1612;20190503;    3;   9.8;   3.6;    3;   1.5;   6;    0.683;-999;   7.6;   7.1;  972.64;    7.3;   70.58;   10.4;    3.8;    0.8;eor
       1612;20190504;    3;   8.4;   2.3;    3;   8.8;   8;    1.150;-999;   6.6;   6.5;  971.19;    2.7;   88.04;    5.6;   -0.3;   -1.9;eor
       1612;20190505;    3;   7.3;   2.4;    3;   0.0;   6;    3.400;-999;   6.5;   5.8;  979.46;    4.4;   72.17;    9.5;   -0.3;   -1.6;eor
       1612;20190506;    3;  10.5;   3.5;    3;   0.0;   6;    3.717;-999;   6.8;   5.9;  981.65;    5.9;   64.50;   10.0;    1.9;   -1.8;eor
       1612;20190507;    3;   6.7;   2.4;    3;   0.2;   6;    1.033;-999;   7.5;   6.9;  980.82;    6.8;   69.79;   11.2;    2.1;   -1.4;eor
       1612;20190508;    3;  12.0;   5.0;    3;   1.1;   6;    3.750;-999;   7.1;   8.6;  970.04;    9.9;   70.92;   16.2;    3.4;    1.2;eor
       1612;20190509;    3;  10.8;   4.6;    3;   1.8;   6;    4.967;-999;   7.0;   9.7;  964.72;   11.6;   72.25;   16.4;    9.0;    8.2;eor
       1612;20190510;    3;  13.1;   4.0;    3;   0.3;   6;    2.933;-999;   6.8;   9.7;  972.59;   11.0;   75.17;   15.1;    7.5;    4.3;eor
       1612;20190511;    3;  11.7;   3.2;    3;  15.9;   6;    0.000;-999;   7.7;  10.3;  975.52;    8.2;   94.38;   10.3;    6.0;    5.5;eor
       1612;20190512;    3;  11.2;   4.1;    3;   0.0;   0;    7.467;-999;   7.5;   7.2;  990.98;    8.6;   66.88;   13.1;    5.3;    4.8;eor
       1612;20190513;    3;   9.4;   3.1;    3;   0.0;   6;   10.767;-999;   3.0;   6.1;  997.54;    8.4;   56.63;   13.6;    2.5;    0.8;eor
       1612;20190514;    3;  10.8;   3.4;    3;   0.1;   6;    5.600;-999;   4.5;   6.1;  993.18;    7.5;   58.58;   12.0;    3.5;    0.8;eor
       1612;20190515;    3;   8.5;   3.0;    3;   2.5;   6;    0.000;-999;   6.3;   6.3;  987.47;    5.6;   69.63;    9.7;    0.8;   -0.9;eor
       1612;20190516;    3;   6.1;   2.0;    3;   2.1;   6;    0.000;-999;   7.7;   8.8;  978.98;    6.3;   91.75;    7.5;    4.7;    4.7;eor
       1612;20190517;    3;   8.7;   3.5;    3;   0.0;   0;    3.367;-999;   5.4;   9.9;  973.37;   10.8;   77.71;   17.7;    6.4;    3.7;eor
       1612;20190518;    3;   6.5;   2.4;    3;   0.0;   0;   13.100;-999;   2.3;  11.0;  970.30;   13.8;   71.00;   21.3;    4.2;    0.8;eor
       1612;20190519;    3;   8.0;   2.4;    3;   0.0;   6;   13.033;-999;   5.8;  12.3;  968.12;   16.7;   66.63;   23.5;    7.9;    4.9;eor
       1612;20190520;    3;   7.9;   2.4;    3;   9.2;   6;    2.417;-999;   7.7;  14.5;  965.88;   15.1;   84.92;   20.1;   10.1;    7.0;eor
       1612;20190521;    3;  12.6;   3.0;    3;  14.8;   6;    3.333;-999;   6.7;  14.8;  969.36;   15.3;   86.00;   20.6;   12.0;   11.9;eor
       1612;20190522;    3;  12.4;   5.4;    3;   0.0;   6;    0.083;-999;   6.8;  11.8;  978.75;   12.1;   83.08;   14.3;    7.5;    5.3;eor
       1612;20190523;    3;   7.7;   2.6;    3;   0.0;   0;   12.833;-999;   6.8;  10.1;  981.95;   13.4;   67.83;   19.3;    6.9;    4.5;eor
       1612;20190524;    3;   9.5;   2.6;    3;   0.0;   6;    9.233;-999;   6.5;  10.7;  978.35;   15.4;   63.92;   21.3;    8.1;    5.2;eor
       1612;20190525;    3;   6.6;   2.2;    3;   0.0;   0;    7.067;-999;   4.7;  11.5;  978.87;   13.5;   74.17;   18.1;    8.0;    4.8;eor
       1612;20190526;    3;   9.7;   3.7;    3;   0.0;   0;   10.917;-999;   6.0;  11.0;  977.66;   14.7;   67.88;   21.7;    6.7;    3.7;eor
       1612;20190527;    3;  11.3;   3.9;    3;   2.3;   6;    4.250;-999;   7.3;  12.9;  972.59;   15.6;   73.29;   21.0;   11.4;   10.1;eor
       1612;20190528;    3;  10.8;   2.4;    3;  10.5;   6;    0.533;-999;   7.7;  12.0;  971.43;   12.9;   82.17;   16.7;   10.0;   10.1;eor
       1612;20190529;    3;   8.0;   2.7;    3;   0.0;   6;    8.067;-999;   5.7;   9.1;  983.75;   11.3;   69.58;   15.8;    5.9;    3.2;eor
       1612;20190530;    3;   9.4;   3.1;    3;   0.0;   6;   11.233;-999;   4.7;   9.5;  987.89;   14.1;   61.88;   20.9;    4.1;    2.3;eor
       1612;20190531;    3;   6.9;   2.6;    3;   0.0;   0;    2.350;-999;   7.8;  14.2;  987.75;   17.8;   69.92;   21.9;   13.8;   11.9;eor
       1612;20190601;    3;   6.3;   2.3;    3;   0.0;   0;   12.350;-999;   4.8;  14.4;  985.59;   19.8;   65.21;   26.7;   12.2;   10.8;eor
       1612;20190602;    3;   6.2;   2.9;    3;   0.0;   0;   14.667;-999;   5.7;  15.0;  981.54;   21.8;   60.67;   29.4;   13.3;   10.9;eor
       1612;20190603;    3;  16.0;   4.3;    3;   0.0;   6;   12.867;-999;   2.1;  13.7;  978.54;   22.4;   54.79;   30.7;   14.5;   11.3;eor
       1612;20190604;    3;   6.9;   2.9;    3;   0.0;   0;   14.283;-999;   1.0;  15.7;  976.31;   21.7;   63.21;   28.6;   14.0;   11.2;eor
       1612;20190605;    3;   7.7;   3.7;    3;   0.0;   0;   14.283;-999;   1.2;  16.8;  972.12;   23.7;   59.67;   30.6;   16.2;   12.9;eor
       1612;20190606;    3;  12.4;   4.6;    3;   4.7;   6;    5.583;-999;   4.9;  15.1;  974.13;   17.8;   73.75;   23.8;   10.8;   10.0;eor
       1612;20190607;    3;  15.3;   3.3;    3;   0.0;   6;    6.950;-999;   4.5;  15.0;  977.62;   16.6;   79.58;   24.9;   10.3;    9.2;eor
       1612;20190608;    3;  14.8;   5.5;    3;   0.1;   6;    8.317;-999;   4.3;   9.8;  984.89;   15.5;   56.96;   20.6;   10.2;    6.4;eor
       1612;20190609;    3;   8.8;   3.2;    3;   0.8;   6;    9.517;-999;   6.7;  11.4;  986.07;   17.5;   58.17;   23.9;    8.5;    6.5;eor
       1612;20190610;    1;  18.9;   1.9;    1;   9.7;   8;    4.167;-999;   7.7;  16.8;  977.16;   19.6;   75.75;   26.0;   15.1;   14.5;eor
       1612;20190611;    1;  19.8;   2.6;    1;   9.2;   8;    4.383;-999;   6.2;  17.1;  974.00;   19.1;   78.50;   24.3;   14.3;   13.0;eor
       1612;20190612;    1;  15.8;   3.4;    1;  46.2;   8;    2.600;-999;   7.1;  18.0;  973.49;   17.9;   87.29;   25.7;   14.2;   13.7;eor
       1612;20190613;    1;   6.7;   2.5;    1;   0.0;   0;   12.967;-999;   2.9;  14.4;  979.00;   18.3;   70.67;   23.9;   13.4;   10.5;eor
       1612;20190614;    1;   8.4;   3.3;    1;   0.0;   6;   10.100;-999;   4.7;  16.1;  980.30;   21.7;   64.17;   28.7;   11.9;    9.8;eor
       1612;20190615;    1;  11.6;   4.8;    1;   0.0;   0;   11.367;-999;   5.5;  17.1;  975.90;   22.7;   63.04;   27.6;   16.4;   12.8;eor
       1612;20190616;    1;   4.5;   1.5;    1;   0.0;   6;    0.617;-999;   6.7;  15.0;  984.13;   17.0;   78.04;   20.9;   13.2;   10.9;eor
       1612;20190617;    1;   7.4;   2.9;    1;   0.0;   0;   14.783;-999;   1.4;  14.8;  984.80;   19.7;   67.04;   25.2;   13.0;   10.1;eor
       1612;20190618;    1;   7.6;   2.8;    1;   0.0;   0;   13.417;-999;   2.7;  15.0;  979.96;   21.6;   60.04;   27.9;   13.1;   10.1;eor
       1612;20190619;    1;  13.8;   3.0;    1;   4.8;   6;   10.900;-999;   6.6;  16.6;  974.32;   23.2;   60.50;   30.2;   16.4;   14.7;eor
       1612;20190620;    1;  14.0;   3.5;    1;   0.3;   6;    6.400;-999;   5.8;  17.1;  975.74;   20.1;   73.79;   26.2;   15.1;   13.4;eor
       1612;20190621;    1;   6.2;   2.2;    1;   0.1;   6;    5.283;-999;   4.5;  14.9;  981.52;   18.6;   71.04;   23.2;   14.5;   13.6;eor
       1612;20190622;    1;  12.7;   3.8;    1;   0.0;   6;    6.417;-999;   5.5;  14.9;  983.59;   19.4;   66.33;   24.8;   14.6;   13.7;eor
       1612;20190623;    1;  11.0;   4.2;    1;   0.0;   0;   13.967;-999;   2.5;  14.1;  984.32;   20.6;   59.00;   26.5;   13.8;   12.8;eor
       1612;20190624;    1;   9.8;   3.7;    1;   0.0;   0;   15.100;-999;   2.5;  13.0;  986.39;   21.7;   52.83;   28.0;   13.5;   11.3;eor
       1612;20190625;    1;   7.9;   2.7;    1;   0.0;   0;   15.050;-999;   5.0;  16.3;  985.22;   24.9;   53.17;   32.7;   14.4;   12.1;eor
       1612;20190626;    1;   9.2;   3.7;    1;   0.0;   0;   14.867;-999;   0.8;  18.8;  985.65;   27.9;   52.04;   35.1;   18.7;   17.3;eor
       1612;20190627;    1;   8.4;   3.2;    1;   0.0;   0;   13.750;-999;   0.7;  12.4;  987.89;   20.6;   54.13;   26.8;   13.9;   12.8;eor
       1612;20190628;    1;   7.1;   2.2;    1;   0.0;   0;   11.083;-999;   1.7;  10.9;  988.02;   17.2;   58.25;   23.5;   10.9;    8.8;eor
       1612;20190629;    1;   6.0;   2.1;    1;   0.0;   0;   15.050;-999;   0.1;  11.3;  984.68;   21.2;   49.79;   29.9;    9.7;    7.2;eor
       1612;20190630;    1;  10.4;   4.1;    1;   0.0;   0;   14.950;-999;   0.3;  12.2;  978.75;   27.3;   37.92;   37.3;   15.8;   13.6;eor
       1612;20190701;    1;  12.0;   3.4;    1;   0.0;   6;    8.317;-999;   6.3;  14.4;  979.24;   23.2;   51.33;   28.9;   17.2;   15.8;eor
       1612;20190702;    1;  10.5;   3.6;    1;   0.0;   0;    9.967;-999;   3.1;  10.0;  984.07;   17.9;   49.38;   22.4;   11.8;    8.3;eor
       1612;20190703;    1;   8.0;   2.3;    1;   0.0;   0;   10.783;-999;   2.3;   8.8;  986.37;   15.6;   51.63;   21.3;    7.8;    5.3;eor
       1612;20190704;    1;   8.2;   1.9;    1;   0.0;   0;   14.150;-999;   3.4;   8.4;  985.81;   16.4;   47.63;   23.5;    8.6;    6.1;eor
       1612;20190705;    1;  12.4;   3.7;    1;   0.0;   6;    6.167;-999;   6.9;  10.1;  979.72;   19.0;   46.88;   25.7;   12.1;   11.3;eor
       1612;20190706;    1;  13.3;   4.0;    1;   1.3;   6;    9.400;-999;   6.3;  11.7;  973.97;   20.8;   51.04;   28.6;   12.0;   10.4;eor
       1612;20190707;    1;  13.6;   3.9;    1;   0.0;   0;    4.050;-999;   6.5;  10.2;  976.11;   14.9;   61.58;   19.2;   10.2;    7.9;eor
       1612;20190708;    1;  12.0;   4.3;    1;   0.0;   0;    1.733;-999;   7.3;   8.8;  980.40;   13.5;   58.00;   17.2;    8.5;    6.4;eor
       1612;20190709;    1;  10.1;   3.4;    1;   0.0;   6;    0.617;-999;   7.4;   9.6;  981.91;   13.0;   65.08;   17.0;    8.5;    6.3;eor
