STATIONS_ID;MESS_DATUM;QN_3;  FX;  FM;QN_4; RSK;RSKF; SDK;SHK_TAG;  NM; VPM;  PM; TMK; UPM; TXK; TNK; TGK;eor
       2812;20180106;   10;   5.0;   1.5;    3;   1.6;   6;    2.933;   0;   6.4;  10.0;  988.76;    8.1;   92.88;   10.9;    5.0;    3.4;eor
       2812;20180107;   10;   8.4;   3.4;    3;   0.0;   0;    0.150;   0;   6.4;   8.9;  996.95;    6.1;   94.71;    8.9;    2.1;    0.6;eor
       2812;20180108;   10;   3.3;   1.4;    3;   0.0;   0;    1.267;   0;   3.8;   7.4;  998.97;    3.1;   97.13;    7.5;    0.2;   -0.7;eor
       2812;20180109;   10;   9.1;   2.1;    3;   0.2;   6;    0.867;   0;   5.0;   8.0;  994.26;    5.2;   90.58;    9.1;    0.9;   -0.2;eor
       2812;20180110;   10;   7.3;   2.1;    3;   0.3;   6;    0.300;   0;   6.7;   8.0;  993.63;    6.6;   82.25;    9.3;    3.1;    1.3;eor
       2812;20180111;   10;   3.5;   1.1;    3;   0.2;   6;    0.783;   0;   7.5;   8.1;  997.05;    5.0;   92.92;    7.9;    1.6;    0.0;eor
       2812;20180112;   10;   5.5;   1.7;    3;   0.0;   0;    3.717;   0;   5.3;   7.2; 1005.30;    3.7;   90.25;    5.7;    0.8;   -1.3;eor
       2812;20180113;   10;   6.8;   1.9;    3;   0.0;   0;    0.783;   0;   5.0;   6.1; 1004.22;    3.6;   78.08;    6.5;   -2.2;   -3.7;eor
       2812;20180114;   10;   3.8;   1.0;    3;   0.0;   0;    7.350;   0;   0.1;   5.2; 1002.41;   -0.6;   89.13;    3.9;   -4.0;   -5.4;eor
       2812;20180115;   10;  20.1;   5.1;    3;   1.8;   6;    0.083;   0;   6.3;   6.3;  995.49;    3.4;   80.79;    8.7;   -2.4;   -3.8;eor
       2812;20180116;   10;  23.7;   6.3;    3;   8.1;   8;    0.600;   0;   7.2;   8.4;  982.94;    7.3;   81.63;    9.9;    5.0;    4.2;eor
       2812;20180117;   10;  16.8;   6.5;    3;   5.4;   8;    1.700;   0;   6.9;   6.3;  989.73;    4.3;   76.42;    6.7;    0.6;    0.1;eor
       2812;20180118;   10;  21.2;   8.1;    3;  12.9;   6;    0.133;   0;   7.4;   8.1;  989.70;    6.7;   82.08;   10.4;    3.6;    2.7;eor
       2812;20180119;   10;  15.8;   3.9;    3;   2.7;   6;    0.167;   0;   6.4;   7.0;  993.58;    5.1;   80.17;    7.8;    2.3;    0.7;eor
       2812;20180120;   10;  13.6;   5.2;    3;   3.7;   6;    0.000;   0;   6.6;   7.4;  988.37;    4.8;   85.67;    6.6;    2.7;    1.7;eor
       2812;20180121;   10;   9.3;   2.9;    3;   6.1;   6;    1.867;   0;   6.6;   6.5;  995.99;    4.5;   76.92;    6.0;    2.7;    1.3;eor
       2812;20180122;   10;   8.9;   3.5;    3;  12.8;   6;    0.000;   0;   7.4;  10.5;  993.70;    8.5;   93.17;   11.0;    2.7;    2.5;eor
       2812;20180123;   10;   8.8;   3.0;    3;   0.0;   6;    0.150;   0;   6.8;   8.1; 1007.37;    7.5;   78.25;    9.2;    5.5;    2.4;eor
       2812;20180124;   10;  10.6;   4.7;    3;   0.0;   0;    7.300;   0;   3.7;   9.3; 1003.88;   11.0;   71.46;   13.8;    6.9;    5.5;eor
       2812;20180125;   10;  12.2;   4.1;    3;   5.9;   6;    2.500;   0;   5.3;   8.6;  997.33;   11.6;   63.17;   13.5;    9.7;    6.6;eor
       2812;20180126;   10;   6.0;   2.3;    3;  10.8;   6;    0.000;   0;   7.6;   9.5;  999.98;    7.3;   93.42;   11.5;    5.8;    5.4;eor
       2812;20180127;   10;   5.3;   1.9;    3;   0.0;   6;    0.000;   0;   7.3;   9.2; 1012.17;    6.4;   95.79;    7.3;    3.9;    1.5;eor
       2812;20180128;   10;  10.4;   3.8;    3;   0.0;   0;    0.033;   0;   6.0;   8.4; 1017.55;    7.4;   82.17;    9.6;    3.1;    0.5;eor
       2812;20180129;   10;   9.1;   3.7;    3;   0.0;   6;    0.167;   0;   7.8;   9.1; 1014.36;    8.2;   84.46;   10.8;    5.3;    4.3;eor
       2812;20180130;   10;   7.8;   2.8;    3;   0.0;   6;    1.267;   0;   7.5;   9.5; 1010.59;    8.9;   83.58;   10.7;    7.7;    7.1;eor
       2812;20180131;   10;  15.2;   6.7;    3;  11.1;   6;    0.217;   0;   7.3;   8.5;  996.16;    8.3;   77.92;    9.5;    7.2;    6.4;eor
       2812;20180201;   10;   9.9;   4.0;    3;   0.0;   6;    0.800;   0;   6.1;   7.1;  986.92;    4.7;   83.00;    7.3;    1.3;   -0.6;eor
       2812;20180202;   10;   9.7;   4.2;    3;   0.1;   6;    1.467;   0;   6.6;   6.3;  989.84;    3.2;   81.83;    6.1;    1.1;   -0.1;eor
       2812;20180203;   10;   6.5;   2.2;    3;   0.0;   8;    0.267;   0;   7.2;   6.0;  989.69;    2.9;   80.67;    4.9;   -1.9;   -3.5;eor
       2812;20180204;   10;  10.3;   2.7;    3;   0.4;   8;    2.333;   0;   6.8;   5.7;  996.72;    0.8;   88.08;    5.4;   -2.1;   -3.7;eor
       2812;20180205;   10;   7.1;   3.7;    3;   0.0;   0;    4.250;   0;   5.2;   5.7; 1000.72;    0.5;   90.42;    4.3;   -1.7;   -1.9;eor
       2812;20180206;   10;   5.3;   1.7;    3;   0.0;   0;    3.600;   0;   4.0;   5.3;  993.56;   -0.1;   88.42;    3.6;   -3.2;   -4.3;eor
       2812;20180207;   10;   4.6;   1.4;    3;   0.0;   8;    0.000;   0;   6.9;   5.3;  994.64;   -0.4;   89.88;    1.0;   -3.0;   -4.8;eor
       2812;20180208;   10;   4.5;   1.4;    3;   0.0;   8;    0.850;   0;   6.4;   5.3; 1000.45;    0.4;   84.96;    3.3;   -1.7;   -2.8;eor
       2812;20180209;   10;   5.4;   1.4;    3;   0.0;   8;    0.000;   0;   8.0;   5.6;  997.67;    2.1;   79.54;    3.9;    0.7;    0.3;eor
       2812;20180210;   10;   7.4;   2.6;    3;   0.0;   6;    0.000;   0;   7.9;   5.8;  999.05;    2.7;   78.29;    4.4;    1.4;    1.0;eor
       2812;20180211;   10;  13.7;   5.4;    3;   1.9;   8;    0.000;   0;   7.5;   6.0;  991.46;    3.4;   76.17;    5.9;    0.8;    0.2;eor
       2812;20180212;   10;   8.9;   2.4;    3;   0.9;   8;    0.250;   0;   5.6;   5.4;  997.68;    1.2;   81.08;    3.9;   -3.1;   -4.7;eor
       2812;20180213;   10;   7.3;   2.2;    3;   0.0;   0;    9.183;   0;   0.5;   4.1;  996.22;    0.0;   69.38;    5.3;   -5.3;   -7.0;eor
       2812;20180214;   10;   6.8;   1.8;    3;   0.1;   8;    9.233;   0;   0.9;   4.2;  997.56;    0.1;   68.42;    5.1;   -5.4;   -7.3;eor
       2812;20180215;   10;   7.8;   2.3;    3;  11.0;   8;    0.000;   0;   7.3;   7.0;  998.30;    3.4;   86.38;    7.4;   -0.3;   -0.9;eor
       2812;20180216;   10;   5.4;   1.5;    3;   0.3;   6;    4.133;   0;   6.0;   8.1; 1006.18;    5.8;   88.71;   10.0;    0.9;   -1.2;eor
       2812;20180217;   10;   7.1;   2.6;    3;  18.4;   8;    0.000;   0;   7.5;   6.5; 1001.52;    1.4;   97.04;    2.9;    0.3;   -0.9;eor
       2812;20180218;   10;   7.5;   2.7;    3;   0.0;   0;    0.433;   0;   7.8;   5.9; 1007.06;    0.7;   91.67;    2.6;   -1.0;   -0.5;eor
       2812;20180219;   10;   5.5;   1.7;    3;   0.0;   0;    0.000;   0;   8.0;   5.3; 1000.77;    1.7;   77.46;    2.8;    0.5;   -0.3;eor
       2812;20180220;   10;   5.0;   2.2;    3;   0.0;   7;    0.000;   0;   8.0;   5.1;  997.86;    0.7;   80.17;    2.2;   -0.7;   -1.5;eor
       2812;20180221;   10;   9.6;   4.2;    3;   0.0;   0;    7.183;   0;   2.9;   4.7; 1000.06;    0.6;   74.33;    4.2;   -3.4;   -4.5;eor
       2812;20180222;   10;  11.7;   5.7;    3;   0.0;   0;    2.500;   0;   5.4;   4.0;  997.20;    0.0;   66.25;    2.7;   -3.4;   -4.2;eor
       2812;20180223;   10;  11.1;   5.2;    3;   0.0;   0;    0.000;   0;   8.0;   4.0;  996.48;    0.3;   64.25;    2.2;   -1.5;   -1.5;eor
       2812;20180224;   10;  14.7;   5.8;    3;   0.0;   0;    7.500;   0;   3.2;   3.5;  997.68;    1.0;   55.71;    6.4;   -2.9;   -3.0;eor
       2812;20180225;   10;  12.0;   5.3;    3;   0.0;   0;    9.900;   0;   0.0;   2.3; 1002.74;   -2.3;   44.67;    1.7;   -7.1;   -8.3;eor
       2812;20180226;   10;  12.9;   5.5;    3;   0.0;   0;    8.733;   0;   1.3;   2.0; 1002.64;   -5.7;   50.92;   -2.3;   -9.3;  -10.7;eor
       2812;20180227;   10;   9.5;   4.0;    3;   0.0;   0;    6.167;   0;   3.1;   2.1;  998.56;   -7.3;   59.29;   -4.1;  -11.0;  -12.4;eor
       2812;20180228;   10;  11.3;   3.0;    3;   0.0;   0;    8.650;   0;   2.8;   2.0;  995.20;   -5.9;   53.46;   -0.3;  -12.6;  -14.0;eor
       2812;20180301;   10;   6.9;   2.5;    3;   0.0;   8;    0.100;   0;   7.4;   2.9;  984.22;   -1.8;   54.13;    1.2;   -4.7;   -4.3;eor
       2812;20180302;   10;   6.9;   2.3;    3;   2.5;   8;    0.217;   0;   7.8;   4.0;  977.97;   -1.1;   70.25;    1.4;   -3.3;   -6.0;eor
       2812;20180303;   10;   5.5;   1.6;    3;   2.0;   8;    0.000;   1;   7.5;   5.5;  979.20;   -1.0;   97.17;    0.7;   -2.2;   -1.8;eor
       2812;20180304;   10;   8.9;   1.8;    3;   1.8;   6;    4.867;   0;   6.0;   7.3;  979.87;    3.8;   90.08;    8.9;   -3.1;   -3.5;eor
       2812;20180305;   10;   7.7;   2.4;    3;   0.0;   0;    9.783;   0;   1.2;   7.6;  976.99;    6.6;   78.67;   13.4;   -0.4;   -2.5;eor
       2812;20180306;   10;   7.0;   1.8;    3;   0.5;   6;    5.483;   0;   5.1;   7.6;  974.13;    5.3;   85.54;   11.6;   -1.2;   -2.5;eor
       2812;20180307;   10;  15.3;   4.1;    3;   0.9;   6;    1.300;   0;   6.3;   7.4;  980.61;    6.4;   78.54;   11.7;    2.0;   -1.0;eor
       2812;20180308;   10;  12.4;   5.1;    3;   0.0;   0;    6.933;   0;   4.0;   6.7;  987.88;    8.5;   62.67;   13.1;    4.2;    2.7;eor
       2812;20180309;   10;   8.6;   3.1;    3;   0.0;   6;    0.767;   0;   7.1;   7.5;  989.77;   10.8;   59.79;   16.8;    4.5;    2.9;eor
       2812;20180310;   10;   9.9;   3.7;    3;   1.6;   6;    0.000;   0;   7.6;  10.8;  986.29;   12.9;   72.92;   14.4;    9.8;    8.8;eor
       2812;20180311;   10;   9.1;   2.0;    3;   1.0;   6;    0.417;   0;   6.3;  11.1;  979.44;   10.7;   86.29;   15.2;    6.2;    4.7;eor
       2812;20180312;   10;  12.3;   4.9;    3;   1.3;   6;    1.050;   0;   7.1;  10.0;  979.88;   10.5;   79.25;   13.7;    8.5;    7.5;eor
       2812;20180313;   10;  15.7;   6.0;    3;   1.0;   6;    0.083;   0;   7.7;   8.4;  989.44;    8.0;   78.33;    9.2;    6.4;    5.9;eor
       2812;20180314;   10;  10.7;   2.2;    3;   0.0;   0;   10.067;   0;   2.7;   7.9;  992.03;    8.8;   71.21;   13.4;    4.4;    2.9;eor
       2812;20180315;   10;   8.1;   2.6;    3;   1.1;   6;    0.000;   0;   5.5;   7.5;  979.91;    5.1;   85.33;    8.7;    0.6;   -1.5;eor
       2812;20180316;   10;   8.1;   2.7;    3;   0.6;   6;    4.917;   0;   4.3;   8.5;  983.64;    8.4;   77.83;   14.0;    2.5;    0.1;eor
       2812;20180317;   10;  11.2;   4.9;    3;   3.5;   4;    0.000;   0;   6.7;   6.6;  980.25;    2.2;   91.17;    5.1;   -2.1;   -2.0;eor
       2812;20180318;   10;   8.3;   4.3;    3;   0.0;   7;    0.000;   8;   7.9;   4.8;  983.79;   -0.8;   82.79;    1.3;   -3.2;   -2.7;eor
       2812;20180319;   10;   8.1;   3.2;    3;   0.0;   7;    0.000;   1;   7.9;   4.8;  989.83;    0.4;   77.21;    2.6;   -1.1;   -1.1;eor
       2812;20180320;   10;  10.6;   4.5;    3;   0.0;   8;    6.217;   0;   4.8;   4.5;  998.61;    0.3;   72.13;    4.6;   -3.8;   -4.4;eor
       2812;20180321;   10;  11.0;   3.7;    3;   0.0;   0;   10.933;   0;   0.6;   4.3; 1007.93;    1.0;   67.46;    6.6;   -4.7;   -6.1;eor
       2812;20180322;   10;   9.6;   3.5;    3;   2.3;   8;    1.317;   0;   5.9;   5.2; 1001.76;    1.3;   75.21;    6.0;   -4.9;   -6.4;eor
       2812;20180323;   10;   7.0;   2.8;    3;   0.0;   6;    0.000;   0;   6.5;   7.1;  990.48;    4.9;   83.21;    9.0;    0.4;   -2.2;eor
       2812;20180324;   10;   8.1;   2.3;    3;   0.0;   0;    7.000;   0;   2.2;   6.4;  982.55;    4.3;   79.54;   12.6;   -2.3;   -3.0;eor
       2812;20180325;   10;   5.2;   1.5;    3;   0.0;   0;   10.383;   0;   0.6;   6.3;  987.97;    5.9;   70.04;   13.6;   -1.9;   -4.0;eor
       2812;20180326;   10;   5.4;   1.5;    3;   0.9;   6;    1.500;   0;   6.6;   7.2;  995.88;    6.7;   74.79;   11.8;    0.0;   -1.7;eor
       2812;20180327;   10;  11.8;   4.3;    3;   1.7;   6;    2.533;   0;   5.5;   7.8;  995.54;    8.1;   74.58;   13.4;    2.3;    0.4;eor
       2812;20180328;   10;  14.7;   5.0;    3;   6.8;   6;    0.433;   0;   7.4;  10.3;  987.92;   10.1;   83.21;   12.4;    7.3;    5.8;eor
       2812;20180329;   10;  10.0;   2.1;    3;   0.0;   6;    5.150;   0;   3.3;   6.8;  989.80;    7.2;   67.42;   11.2;    2.2;   -0.3;eor
       2812;20180330;   10;   8.6;   2.9;    3;   2.6;   6;    4.867;   0;   3.4;   8.0;  983.73;    6.9;   79.71;   12.3;    0.6;   -2.1;eor
       2812;20180331;   10;   6.5;   2.1;    3;   0.2;   6;    6.933;   0;   4.9;   7.7;  982.46;    8.6;   70.54;   13.2;    4.7;    3.9;eor
       2812;20180401;   10;  14.4;   4.2;    3;   1.1;   6;    0.383;   0;   6.5;   7.9;  993.05;    7.0;   78.67;   10.3;    2.2;   -0.8;eor
       2812;20180402;   10;   5.0;   1.7;    3;   0.0;   6;    4.283;   0;   4.3;   7.2;  991.12;    8.5;   67.21;   15.2;    0.1;   -2.1;eor
       2812;20180403;   10;  11.3;   4.7;    3;   0.3;   6;    6.783;   0;   5.5;   7.5;  986.69;   16.4;   41.42;   21.2;    9.5;    8.8;eor
       2812;20180404;   10;  15.8;   3.9;    3;   2.9;   6;    2.283;   0;   5.9;  10.4;  987.40;   12.1;   74.21;   18.4;    9.6;    8.1;eor
       2812;20180405;   10;  14.3;   4.8;    3;   3.4;   6;    3.450;   0;   4.8;   8.6;  997.12;    9.6;   71.63;   13.0;    2.1;   -0.7;eor
       2812;20180406;   10;   6.7;   2.2;    3;   0.0;   0;   12.133;   0;   0.5;   7.5;  999.34;   10.0;   64.50;   18.9;    0.1;   -1.6;eor
       2812;20180407;   10;   4.8;   1.5;    3;   0.0;   0;   12.083;   0;   0.7;   9.4;  993.49;   12.8;   65.67;   22.1;    2.0;   -0.4;eor
       2812;20180408;   10;   7.5;   2.3;    3;   0.0;   0;    8.983;   0;   1.9;  10.8;  988.14;   15.1;   64.63;   24.5;    6.1;    3.3;eor
       2812;20180409;   10;   8.7;   2.1;    3;   0.0;   6;    2.367;   0;   2.8;  11.3;  985.71;   14.7;   69.17;   21.6;    8.4;    6.7;eor
       2812;20180410;   10;  13.1;   2.4;    3;   9.5;   8;    2.683;   0;   6.2;  11.2;  986.42;   10.9;   85.67;   17.9;    5.5;    2.5;eor
       2812;20180411;   10;  10.1;   3.4;    3;   0.0;   0;   10.517;   0;   1.6;   9.4;  985.96;   11.1;   73.54;   18.5;    2.4;    0.4;eor
       2812;20180412;   10;   9.4;   2.6;    3;   0.0;   0;    7.267;   0;   3.0;  10.3;  981.08;   13.3;   70.50;   21.1;    7.0;    4.4;eor
       2812;20180413;   10;  10.8;   2.8;    3;   2.4;   6;    4.483;   0;   3.6;  10.1;  991.03;   11.0;   78.08;   15.9;    6.9;    4.6;eor
       2812;20180414;   10;   6.7;   2.0;    3;   0.0;   6;    8.450;   0;   3.0;  10.0;  999.44;   13.0;   68.75;   19.7;    4.2;    2.3;eor
       2812;20180415;   10;   7.4;   2.8;    3;   0.5;   6;    8.267;   0;   5.0;  12.3;  994.69;   15.3;   71.38;   19.8;   10.7;    9.2;eor
       2812;20180416;   10;   6.2;   2.1;    3;   0.0;   0;    7.500;   0;   4.9;  12.2;  997.06;   15.7;   69.88;   20.5;   10.5;    6.9;eor
       2812;20180417;   10;   6.3;   1.8;    3;   0.0;   0;   12.633;   0;   0.3;  10.9; 1006.00;   15.3;   65.67;   23.0;    6.3;    3.4;eor
       2812;20180418;   10;  10.1;   2.8;    3;   0.0;   0;   12.800;   0;   0.0;  10.5; 1009.64;   17.4;   58.17;   26.4;    7.0;    4.4;eor
       2812;20180419;   10;   5.8;   2.0;    3;   0.0;   0;   12.850;   0;   0.0;  10.7; 1007.22;   18.7;   50.67;   26.4;    9.5;    6.2;eor
       2812;20180420;   10;   5.0;   1.5;    3;   0.0;   0;   12.783;   0;   0.1;  11.7; 1003.96;   18.5;   57.96;   26.7;    9.1;    6.0;eor
       2812;20180421;   10;   4.8;   1.4;    3;   0.0;   0;   12.800;   0;   0.0;  12.5; 1000.22;   19.2;   59.92;   28.7;    9.4;    6.3;eor
       2812;20180422;   10;  10.1;   2.8;    3;   0.0;   0;   10.617;   0;   1.2;  12.0;  996.32;   20.5;   53.63;   29.8;   10.9;    8.5;eor
       2812;20180423;   10;  10.2;   3.2;    3;   7.9;   6;    0.900;   0;   5.6;  14.4;  999.07;   16.4;   77.50;   19.6;   14.6;   13.0;eor
       2812;20180424;   10;   6.7;   2.5;    3;   0.0;   0;   10.383;   0;   2.1;  13.2;  999.43;   17.2;   69.29;   23.0;   10.7;    9.1;eor
       2812;20180425;   10;  12.1;   4.5;    3;   1.1;   6;    8.283;   0;   2.1;  11.9;  995.95;   16.6;   65.13;   22.5;   10.3;    8.4;eor
       2812;20180426;   10;  10.3;   3.3;    3;   0.0;   6;    6.800;   0;   3.8;   8.7; 1000.75;   12.3;   62.63;   17.0;    5.8;    2.9;eor
       2812;20180427;   10;   7.7;   2.3;    3;   0.0;   6;   12.383;   0;   0.2;   8.6;  993.54;   13.8;   58.63;   22.9;    3.1;    1.3;eor
       2812;20180428;   10;   8.7;   2.4;    3;   2.2;   6;    4.833;   0;   3.3;  10.5;  994.09;   14.3;   65.21;   19.3;   10.1;    8.8;eor
       2812;20180429;   10;  14.2;   2.5;    3;   0.0;   6;    5.050;   0;   2.1;  14.2;  985.90;   15.3;   81.79;   23.4;    8.5;    6.6;eor
       2812;20180430;   10;  17.2;   7.8;    3;   0.0;   0;   10.233;   0;   2.1;   8.5;  987.70;   14.6;   52.04;   19.6;   10.9;   10.3;eor
       2812;20180501;   10;   8.4;   2.8;    3;   0.0;   0;    6.250;-999;   4.4;   7.7;  995.28;   10.6;   60.71;   15.0;    6.7;    3.1;eor
       2812;20180502;   10;   6.3;   2.3;    3;   0.2;   6;    3.000;-999;   3.3;   9.0;  993.76;   11.0;   69.04;   16.2;    6.3;    2.8;eor
       2812;20180503;   10;   8.9;   3.1;    3;   0.0;   0;    0.083;-999;   2.4;  11.1;  996.02;   13.6;   71.88;   17.2;    9.9;    9.4;eor
       2812;20180504;   10;  12.7;   5.7;    3;   0.0;   0;    7.317;-999;   1.7;  11.1;  998.15;   15.9;   61.63;   22.4;    8.4;    6.7;eor
       2812;20180505;   10;  13.3;   5.2;    3;   0.0;   0;   12.817;-999;   0.0;  12.1; 1000.06;   17.5;   61.04;   25.0;    9.5;    6.7;eor
       2812;20180506;   10;  12.0;   4.6;    3;   0.0;   0;   13.500;-999;   0.1;  12.1; 1000.31;   18.4;   58.79;   25.6;   12.0;    8.3;eor
       2812;20180507;   10;  11.0;   3.2;    3;   0.0;   0;   13.783;-999;   0.1;  10.2;  996.72;   18.1;   52.46;   26.9;    8.7;    4.4;eor
       2812;20180508;   10;  10.5;   2.4;    3;   0.0;   0;   13.783;-999;   0.0;  10.8;  990.27;   18.5;   53.58;   27.3;    8.3;    5.6;eor
       2812;20180509;   10;   7.7;   1.8;    3;   0.0;   6;    9.767;-999;   0.1;  12.1;  987.81;   17.5;   62.42;   25.6;    8.5;    5.8;eor
       2812;20180510;   10;  10.8;   3.0;    3;  38.1;   8;    0.033;-999;   3.8;  13.2;  994.72;   13.5;   85.00;   16.8;    7.6;    5.5;eor
       2812;20180511;   10;   7.3;   2.0;    3;   0.0;   0;   13.733;-999;   0.1;  12.4;  999.08;   14.4;   77.04;   21.4;    5.6;    3.9;eor
       2812;20180512;   10;   5.1;   1.8;    3;   0.2;   6;   10.867;-999;   1.0;  15.1;  994.47;   17.7;   75.42;   24.5;   10.4;    8.4;eor
       2812;20180513;   10;   9.5;   2.7;    3;   8.7;   6;    0.000;-999;   6.3;  13.8;  992.61;   13.1;   91.67;   18.1;   10.7;   10.5;eor
       2812;20180514;   10;   7.5;   2.8;    3;   8.3;   6;    0.000;-999;   7.3;  12.8;  991.57;   12.5;   88.38;   14.5;   10.3;    9.9;eor
       2812;20180515;   10;  10.7;   3.0;    3;   1.7;   6;    4.467;-999;   4.8;  13.9;  993.73;   15.5;   80.50;   21.0;   12.1;   10.8;eor
       2812;20180516;   10;   7.7;   2.6;    3;   6.8;   6;    3.883;-999;   3.8;  13.5;  996.35;   14.1;   84.13;   18.1;   11.6;   10.5;eor
       2812;20180517;   10;   6.8;   2.1;    3;   2.6;   6;    2.267;-999;   5.2;  14.6;  999.79;   14.8;   87.50;   18.0;   11.7;    9.9;eor
       2812;20180518;   10;   7.2;   2.8;    3;   0.0;   0;   11.383;-999;   1.9;  12.1; 1000.78;   14.6;   75.46;   20.5;    9.9;    7.8;eor
       2812;20180519;   10;   9.0;   3.4;    3;   0.0;   0;   11.317;-999;   1.0;  12.3; 1000.49;   14.6;   75.04;   20.6;    7.9;    6.1;eor
       2812;20180520;   10;   8.5;   2.9;    3;   0.0;   6;    3.750;-999;   2.3;  13.9;  999.46;   14.8;   82.50;   19.4;    8.9;    5.9;eor
       2812;20180521;   10;   8.1;   1.9;    3;   0.0;   6;    7.050;-999;   1.2;  14.9;  994.85;   17.2;   78.29;   24.3;   11.3;    9.0;eor
       2812;20180522;   10;   9.0;   2.1;    3;  24.0;   8;    8.300;-999;   1.2;  15.1;  993.90;   16.5;   82.00;   25.4;   10.4;    8.7;eor
       2812;20180523;   10;   6.1;   1.6;    3;   2.4;   6;    3.667;-999;   1.5;  16.5;  998.17;   17.6;   82.54;   22.7;   11.8;    9.7;eor
       2812;20180524;   10;   6.3;   1.9;    3;   3.5;   6;    6.500;-999;   1.2;  17.5;  998.88;   19.1;   81.21;   25.2;   14.7;   13.4;eor
       2812;20180525;   10;   6.9;   2.0;    3;   0.0;   0;   14.350;-999;   0.3;  16.5;  998.90;   20.0;   72.92;   26.1;   12.1;   10.7;eor
       2812;20180526;   10;   7.1;   1.7;    3;   0.0;   0;   10.400;-999;   0.1;  18.2;  999.84;   21.8;   71.67;   29.1;   14.0;   11.7;eor
       2812;20180527;   10;   7.9;   2.1;    3;   6.7;   6;    6.633;-999;   0.2;  18.7;  998.60;   22.4;   70.50;   28.3;   16.1;   13.9;eor
       2812;20180528;   10;   9.4;   1.9;    3;   1.7;   6;    9.300;-999;   0.5;  20.9;  996.72;   21.6;   81.50;   28.0;   16.8;   15.9;eor
       2812;20180529;   10;   7.3;   2.4;    3;   0.0;   6;    6.750;-999;   1.2;  17.8;  996.01;   20.6;   74.79;   25.2;   16.9;   14.5;eor
       2812;20180530;   10;   9.5;   2.6;    3;   1.0;   6;   11.867;-999;   1.0;  17.9;  995.34;   21.9;   69.92;   27.9;   14.1;   12.0;eor
       2812;20180531;   10;  25.3;   2.9;    3;  36.7;   8;    7.817;-999;  -999;  18.8;  996.59;   20.6;   78.79;   26.7;   15.9;   15.4;eor
       2812;20180601;   10;   8.7;   2.7;    3;   0.1;   6;   10.217;-999;  -999;  17.0; 1000.30;   19.6;   75.71;   24.9;   15.8;   14.4;eor
       2812;20180602;   10;   6.6;   1.7;    3;   0.0;   0;   12.750;-999;  -999;  16.9; 1000.54;   19.8;   74.54;   24.6;   13.5;   12.0;eor
       2812;20180603;   10;   8.0;   2.9;    3;   0.0;   0;   13.833;-999;  -999;  18.0;  997.56;   20.6;   75.58;   26.7;   13.7;   11.7;eor
       2812;20180604;   10;  11.0;   3.3;    3;   0.0;   0;   11.867;-999;  -999;  18.3;  991.67;   22.2;   70.13;   28.6;   15.7;   13.8;eor
       2812;20180605;   10;  10.6;   2.2;    3;   0.0;   6;   12.783;-999;  -999;  19.1;  991.22;   21.4;   75.71;   28.3;   15.7;   13.8;eor
       2812;20180606;   10;   5.9;   1.9;    3;   0.4;   6;    9.250;-999;  -999;  18.8;  993.30;   21.4;   75.21;   27.2;   16.0;   13.8;eor
       2812;20180607;   10;   7.9;   2.0;    3;   0.0;   6;    6.117;-999;  -999;  19.7;  996.48;   20.8;   81.00;   24.5;   16.7;   15.4;eor
       2812;20180608;   10;   8.9;   2.3;    3;   2.7;   6;    9.017;-999;  -999;  19.4;  993.97;   21.3;   78.21;   27.5;   15.7;   13.9;eor
       2812;20180609;   10;   6.4;   1.7;    3;   4.0;   6;    7.100;-999;  -999;  20.6;  993.97;   21.3;   82.29;   27.3;   17.4;   16.5;eor
       2812;20180610;   10;   5.7;   1.8;    3;   0.0;   6;    9.933;-999;  -999;  20.9;  993.23;   22.5;   78.63;   28.3;   16.3;   14.7;eor
       2812;20180611;   10;  10.0;   1.9;    3;   6.9;   6;    3.200;-999;  -999;  21.0;  991.43;   20.6;   87.21;   26.3;   16.7;   15.1;eor
       2812;20180612;   10;  10.3;   3.0;    3;  12.0;   6;    0.983;-999;  -999;  18.7;  991.07;   18.4;   88.67;   23.3;   14.7;   14.5;eor
       2812;20180613;   10;  10.1;   4.4;    3;   0.0;   0;    0.950;-999;  -999;  13.3;  995.98;   15.8;   74.71;   18.8;   13.0;   10.9;eor
       2812;20180614;   10;   6.1;   1.5;    3;   0.0;   0;   10.550;-999;  -999;  12.4;  998.20;   16.5;   68.29;   22.4;    8.9;    6.8;eor
       2812;20180615;   10;   7.7;   2.3;    3;   0.0;   0;   12.183;-999;  -999;  14.8;  998.15;   18.8;   70.46;   24.2;   13.4;   11.7;eor
       2812;20180616;   10;   4.6;   1.4;    3;   0.0;   0;   10.483;-999;  -999;  15.0;  997.26;   20.0;   67.71;   26.8;   11.9;   10.2;eor
       2812;20180617;   10;   7.2;   1.9;    3;   0.0;   0;    3.267;-999;  -999;  15.5; 1000.59;   19.6;   68.75;   23.5;   15.6;   13.3;eor
       2812;20180618;   10;   6.6;   1.6;    3;   0.0;   0;   10.433;-999;  -999;  14.6; 1004.27;   19.2;   68.13;   24.8;   12.9;   10.9;eor
       2812;20180619;   10;   6.7;   2.1;    3;   0.0;   0;   12.383;-999;  -999;  16.6; 1005.53;   21.0;   68.54;   26.8;   14.5;   12.8;eor
       2812;20180620;   10;   5.8;   1.9;    3;   0.0;   0;   14.983;-999;  -999;  19.0; 1001.57;   23.1;   69.75;   30.2;   14.4;   12.7;eor
       2812;20180621;   10;  11.7;   3.7;    3;   0.0;   0;    9.283;-999;   4.8;  15.5;  999.86;   21.3;   61.54;   27.4;   11.9;   10.1;eor
       2812;20180622;   10;  10.9;   3.0;    3;   0.0;   0;    8.800;-999;   3.1;   9.5; 1007.17;   13.9;   60.92;   19.2;    8.3;    5.0;eor
       2812;20180623;   10;   8.6;   2.8;    3;   0.0;   0;   13.750;-999;   2.7;  10.6; 1006.61;   14.6;   66.38;   21.0;    6.1;    3.8;eor
       2812;20180624;   10;   8.1;   2.5;    3;   0.0;   0;    6.183;-999;   7.9;  12.0; 1002.90;   16.1;   67.33;   22.1;    9.3;    7.1;eor
       2812;20180625;   10;  10.4;   3.1;    3;   0.0;   0;    8.350;-999;   5.0;  12.6; 1003.65;   18.0;   62.33;   23.1;   12.4;    9.2;eor
       2812;20180626;   10;   8.8;   2.6;    3;   0.0;   0;   12.717;-999;   1.8;  13.9; 1003.70;   19.0;   65.63;   25.8;    9.8;    7.2;eor
       2812;20180627;   10;  13.4;   4.0;    3;   0.0;   0;   14.717;-999;   1.0;  13.4; 1002.00;   20.0;   60.83;   27.0;   11.1;    8.6;eor
       2812;20180628;   10;  10.5;   3.4;    3;   0.0;   6;    6.817;-999;   5.2;  13.3;  999.85;   19.6;   59.04;   26.0;   11.7;    8.6;eor
       2812;20180629;   10;  10.3;   3.4;    3;   0.0;   0;   10.500;-999;   5.2;  16.6;  996.32;   23.0;   60.67;   29.7;   17.3;   14.4;eor
       2812;20180630;   10;   9.7;   3.2;    3;   0.0;   0;   14.883;-999;   0.0;  16.5;  993.84;   23.8;   59.63;   31.4;   14.7;   12.5;eor
       2812;20180701;   10;  10.4;   3.9;    3;   0.0;   0;   14.833;-999;   1.1;  12.5;  994.06;   23.2;   44.46;   30.4;   15.2;   12.3;eor
       2812;20180702;   10;   7.3;   3.0;    3;   0.0;   0;   14.367;-999;   1.2;  12.1;  994.25;   23.2;   44.00;   29.9;   14.5;   12.2;eor
       2812;20180703;   10;   8.1;   2.0;    3;   0.0;   0;    9.450;-999;   6.8;  15.1;  996.98;   21.9;   58.04;   28.6;   15.4;   12.9;eor
       2812;20180704;   10;   9.7;   2.2;    3;   2.1;   8;    7.617;-999;   7.5;  19.2;  996.52;   23.1;   69.04;   29.5;   16.4;   14.4;eor
       2812;20180705;   10;   7.4;   1.9;    3;  22.3;   6;    0.833;-999;   7.5;  18.8;  996.76;   19.5;   82.96;   22.2;   16.2;   14.0;eor
       2812;20180706;   10;   9.1;   2.1;    3;   5.7;   6;    6.750;-999;   6.2;  18.8; 1000.77;   20.0;   81.83;   26.1;   15.3;   13.9;eor
       2812;20180707;   10;   8.7;   1.6;    3;   0.0;   0;   13.100;-999;   3.1;  17.0; 1003.32;   21.4;   70.04;   27.8;   13.8;   12.4;eor
       2812;20180708;   10;   9.3;   2.5;    3;   0.0;   0;   13.650;-999;   1.7;  14.7; 1002.78;   21.1;   62.50;   27.1;   13.9;   11.7;eor
       2812;20180709;   10;  12.2;   2.8;    3;   0.0;   0;   13.067;-999;   3.3;  13.7; 1001.06;   20.5;   59.96;   28.0;   11.2;    8.9;eor
       2812;20180710;   10;   9.9;   2.9;    3;   0.0;   6;    5.250;-999;   6.1;  13.6;  998.51;   18.7;   63.46;   23.4;   12.8;    9.6;eor
       2812;20180711;   10;   7.1;   2.1;    3;   0.0;   0;    6.750;-999;   4.5;  12.1;  998.50;   17.2;   63.38;   22.3;   11.0;    9.0;eor
       2812;20180712;   10;   9.4;   1.9;    3;   0.0;   0;   12.983;-999;   1.4;  13.4;  999.30;   18.4;   65.46;   25.1;    9.5;    7.6;eor
       2812;20180713;   10;   6.3;   1.4;    3;   0.0;   0;   14.100;-999;   1.8;  14.3; 1000.15;   21.6;   59.88;   29.1;   12.1;    9.7;eor
       2812;20180714;   10;   8.1;   1.9;    3;  17.5;   8;   14.383;-999;   3.6;  15.1;  998.91;   22.8;   58.13;   30.5;   14.6;   12.6;eor
       2812;20180715;   10;  10.3;   2.3;    3;   1.4;   6;    6.200;-999;   7.0;  16.7;  996.84;   21.9;   65.54;   28.4;   15.8;   13.8;eor
       2812;20180716;   10;   7.7;   2.2;    3;   0.0;   0;   12.917;-999;   3.1;  16.0;  994.73;   22.0;   63.75;   28.4;   15.9;   13.8;eor
       2812;20180717;   10;  15.9;   2.4;    3;   3.3;   6;   11.433;-999;   5.0;  16.5;  996.97;   21.8;   65.38;   29.5;   14.9;   12.5;eor
       2812;20180718;   10;   7.4;   2.4;    3;   0.0;   0;   13.583;-999;   2.5;  16.5;  998.39;   22.1;   64.13;   28.7;   15.5;   13.6;eor
       2812;20180719;   10;   9.8;   2.7;    3;   0.0;   0;   13.650;-999;   5.2;  14.6;  997.66;   22.4;   57.46;   29.5;   14.7;   12.7;eor
       2812;20180720;   10;  11.9;   1.9;    3;   2.0;   6;    8.567;-999;   5.7;  16.7;  994.67;   21.9;   66.29;   30.9;   15.0;   13.0;eor
       2812;20180721;   10;  11.6;   2.2;    3;   6.8;   6;    0.717;-999;   7.9;  19.6;  994.47;   19.8;   85.33;   24.4;   17.8;   17.1;eor
       2812;20180722;   10;   8.6;   2.2;    3;   0.6;   6;    3.150;-999;   7.1;  18.4;  996.28;   20.9;   75.25;   26.8;   15.8;   15.0;eor
       2812;20180723;   10;   6.7;   1.7;    3;   0.0;   0;   12.883;-999;   1.8;  18.2;  998.25;   21.8;   72.54;   28.3;   14.5;   12.9;eor
       2812;20180724;   10;   8.4;   2.4;    3;   0.0;   0;   14.167;-999;   0.8;  18.2;  995.19;   24.5;   62.63;   31.9;   15.0;   13.6;eor
       2812;20180725;   10;   8.7;   2.1;    3;   0.0;   0;   12.733;-999;   2.4;  18.3;  995.39;   25.9;   58.63;   33.8;   17.5;   16.3;eor
       2812;20180726;   10;  10.1;   2.3;    3;   0.0;   0;   13.917;-999;   0.5;  16.4;  994.98;   26.1;   53.63;   35.3;   16.3;   14.8;eor
       2812;20180727;   10;   7.5;   2.0;    3;   1.0;   6;   14.133;-999;   1.7;  16.2;  992.96;   25.8;   52.50;   33.7;   15.8;   13.7;eor
       2812;20180728;   10;  11.8;   3.8;    3;   0.1;   6;    4.283;-999;   7.6;  18.9;  992.99;   23.7;   65.25;   28.6;   18.5;   17.2;eor
       2812;20180729;   10;   6.4;   1.6;    3;   0.0;   0;   12.933;-999;   4.8;  17.3;  996.05;   24.3;   60.92;   31.8;   16.5;   15.1;eor
       2812;20180730;   10;   5.5;   1.4;    3;   0.0;   0;   13.617;-999;   2.8;  16.1;  996.86;   25.8;   53.38;   34.9;   15.9;   14.0;eor
       2812;20180731;   10;   7.8;   1.9;    3;   3.0;   8;   11.450;-999;   3.0;  17.7;  997.75;   26.0;   56.33;   34.6;   16.7;   14.7;eor
       2812;20180801;   10;  16.2;   4.4;    3;   1.9;   6;    8.067;-999;   7.3;  19.2; 1000.70;   24.2;   65.79;   30.2;   19.2;   18.7;eor
       2812;20180802;   10;   8.1;   2.5;    3;   0.0;   0;   12.300;-999;   2.5;  20.4; 1002.36;   24.5;   69.54;   31.1;   17.6;   16.9;eor
       2812;20180803;   10;  12.0;   3.1;    3;   0.0;   0;   13.517;-999;   0.4;  20.9;  999.85;   26.7;   63.04;   35.4;   17.7;   16.4;eor
       2812;20180804;   10;   8.7;   2.1;    3;   0.0;   0;   12.300;-999;   2.8;  19.3;  998.14;   27.4;   57.00;   36.2;   18.9;   17.6;eor
       2812;20180805;   10;  10.5;   3.7;    3;   0.0;   0;   13.367;-999;   2.3;  18.2;  999.31;   25.4;   58.63;   32.9;   18.0;   16.4;eor
       2812;20180806;   10;   7.9;   1.6;    3;   0.0;   0;   12.483;-999;   6.2;  17.3;  996.47;   25.7;   55.83;   35.2;   16.3;   14.7;eor
       2812;20180807;   10;  15.3;   3.0;    3;   0.0;   6;    7.400;-999;   6.1;  19.0;  993.10;   27.0;   55.17;   35.9;   20.2;   18.5;eor
       2812;20180808;   10;   9.0;   3.0;    3;   0.1;   6;    8.383;-999;   6.6;  19.2;  994.93;   25.7;   59.17;   31.4;   19.2;   17.0;eor
       2812;20180809;   10;  17.7;   3.6;    3;   0.2;   6;    7.033;-999;   5.0;  18.2;  995.96;   23.5;   64.13;   32.1;   18.0;   16.0;eor
       2812;20180810;   10;  10.9;   2.5;    3;   0.0;   0;   12.167;-999;   4.0;  12.5; 1004.98;   19.9;   55.92;   26.3;   13.1;   10.3;eor
       2812;20180811;   10;  15.1;   2.4;    3;   0.0;   0;   10.350;-999;   5.3;  11.7; 1004.77;   19.3;   55.25;   26.4;   11.6;    9.1;eor
       2812;20180812;   10;   7.7;   1.7;    3;   0.0;   0;   13.600;-999;   3.7;  11.8;  997.32;   21.3;   51.83;   31.2;    9.6;    7.5;eor
       2812;20180813;   10;  12.6;   3.3;    3;   3.7;   6;    2.683;-999;   7.0;  17.7;  992.61;   20.2;   74.38;   24.1;   15.0;   13.2;eor
       2812;20180814;   10;   8.7;   2.2;    3;   0.0;   0;    5.100;-999;   5.9;  16.1;  998.01;   20.4;   69.21;   26.2;   14.2;   12.0;eor
       2812;20180815;   10;   5.7;   1.7;    3;   0.0;   0;    9.800;-999;   2.5;  15.4; 1001.42;   20.3;   67.88;   27.7;   12.4;   10.4;eor
       2812;20180816;   10;   5.4;   1.5;    3;   0.0;   0;   13.283;-999;   2.7;  15.4;  997.32;   22.2;   62.33;   31.2;   13.4;   10.9;eor
       2812;20180817;   10;   7.9;   2.5;    3;   0.1;   6;    6.350;-999;   7.3;  16.7;  997.06;   23.0;   62.25;   31.6;   15.8;   13.7;eor
       2812;20180818;   10;   6.8;   2.0;    3;   0.0;   0;    7.550;-999;   4.7;  17.0; 1002.92;   21.0;   70.54;   27.6;   14.9;   12.8;eor
       2812;20180819;   10;   6.9;   1.8;    3;   0.0;   0;    9.983;-999;   5.8;  14.3; 1002.44;   22.2;   56.88;   30.2;   15.2;   13.4;eor
       2812;20180820;   10;   9.2;   2.3;    3;   0.0;   0;   12.933;-999;   1.3;  15.9; 1001.11;   22.7;   59.79;   29.9;   13.7;   11.7;eor
       2812;20180821;   10;   7.6;   2.0;    3;   0.0;   6;   12.950;-999;   1.0;  17.4;  999.94;   23.5;   63.54;   31.2;   14.6;   12.8;eor
       2812;20180822;   10;   6.1;   1.7;    3;   0.0;   0;   12.133;-999;   0.8;  16.9;  997.70;   24.6;   58.88;   34.1;   16.3;   13.9;eor
       2812;20180823;   10;  13.9;   2.0;    3;   0.9;   6;    6.683;-999;   6.1;  18.2;  995.32;   23.0;   67.50;   31.4;   17.7;   15.3;eor
       2812;20180824;   10;  12.3;   2.5;    3;   0.5;   6;    0.833;-999;   7.8;  17.2;  995.96;   18.2;   81.92;   23.5;   12.9;    9.9;eor
       2812;20180825;   10;   7.4;   2.8;    3;   2.4;   6;    1.367;-999;   5.7;  13.4;  996.69;   13.9;   83.96;   15.9;    9.1;    7.3;eor
       2812;20180826;   10;   6.7;   1.8;    3;   0.0;   6;   11.617;-999;   5.3;   9.9;  998.90;   14.9;   63.63;   21.8;    6.5;    3.5;eor
       2812;20180827;   10;   9.1;   2.7;    3;   0.0;   6;    1.533;-999;   7.3;  12.8;  997.60;   19.6;   56.88;   25.9;   14.2;   12.5;eor
       2812;20180828;   10;   6.6;   2.0;    3;   0.0;   0;   10.933;-999;  -999;  15.8;  999.49;   20.1;   70.29;   27.8;   13.1;   10.9;eor
       2812;20180829;   10;  11.1;   2.8;    3;   6.7;   6;    6.200;-999;   7.3;  17.5;  996.10;   20.2;   76.08;   28.5;   12.5;   11.0;eor
       2812;20180830;   10;   7.6;   2.2;    3;   0.0;   6;    2.217;-999;   7.6;  15.8; 1002.01;   17.8;   78.17;   23.1;   14.3;   13.0;eor
       2812;20180831;   10;   6.2;   1.7;    3;  15.8;   6;    0.000;-999;   7.9;  14.7; 1002.23;   14.2;   90.83;   15.7;   12.6;   12.1;eor
       2812;20180901;   10;  10.4;   3.0;    3;   0.0;   6;    7.317;-999;   6.3;  13.2; 1004.45;   16.7;   72.46;   22.3;   12.3;   10.4;eor
       2812;20180902;   10;   8.6;   2.6;    3;   0.0;   6;    0.667;-999;   7.3;  13.3; 1002.42;   15.3;   76.83;   19.3;   10.3;    8.8;eor
       2812;20180903;   10;   4.0;   1.5;    3;   0.0;   0;    2.233;-999;   7.8;  15.1;  998.17;   17.3;   78.04;   22.6;   12.5;   10.3;eor
       2812;20180904;   10;   7.7;   1.6;    3;   0.0;   0;    9.517;-999;   4.3;  15.1;  997.58;   18.6;   73.13;   25.9;   10.1;    8.7;eor
       2812;20180905;   10;   6.4;   1.5;    3;   0.0;   6;   11.567;-999;   2.7;  16.6;  997.02;   20.3;   72.67;   28.1;   12.2;   10.9;eor
       2812;20180906;   10;  10.9;   2.2;    3;   2.6;   6;    5.683;-999;   7.5;  17.4;  993.95;   19.4;   79.21;   26.7;   14.4;   13.0;eor
       2812;20180907;   10;   7.8;   2.7;    3;   0.0;   0;    5.583;-999;   6.3;  15.4;  997.58;   18.3;   75.58;   23.7;   12.0;   10.2;eor
       2812;20180908;   10;   5.6;   1.6;    3;   0.0;   0;   11.517;-999;   3.9;  12.0; 1002.40;   16.4;   68.04;   23.5;    9.1;    7.0;eor
       2812;20180909;   10;   5.6;   1.3;    3;   0.0;   0;   11.483;-999;   4.6;  12.5; 1003.00;   17.5;   67.42;   27.1;    8.7;    6.8;eor
       2812;20180910;   10;   7.2;   2.0;    3;   0.0;   0;   11.433;-999;   5.5;  12.4; 1004.27;   19.7;   59.50;   29.8;    9.7;    7.2;eor
       2812;20180911;   10;   6.8;   1.6;    3;   0.0;   0;   11.883;-999;  -999;  14.4; 1005.74;   20.4;   64.96;   29.9;   11.4;    9.3;eor
       2812;20180912;   10;   6.5;   2.0;    3;   0.0;   6;   10.783;-999;   1.5;  14.8; 1001.94;   22.2;   60.13;   32.2;   12.1;    9.4;eor
       2812;20180913;   10;  11.0;   2.3;    3;   5.0;   6;    3.117;-999;   7.9;  17.9; 1000.26;   18.5;   85.04;   24.9;   14.7;   13.5;eor
       2812;20180914;   10;   5.5;   1.5;    3;   1.2;   6;    1.917;-999;   7.8;  17.1; 1001.71;   17.4;   86.46;   21.2;   13.3;   12.5;eor
       2812;20180915;   10;   7.3;   1.8;    3;   0.0;   0;   11.583;-999;   3.3;  12.4; 1005.60;   16.5;   68.96;   21.8;    9.5;    6.7;eor
       2812;20180916;   10;   4.0;   1.4;    3;   0.0;   0;   11.450;-999;   4.1;  12.9; 1003.32;   15.8;   74.54;   25.9;    7.0;    5.0;eor
       2812;20180917;   10;   6.6;   1.5;    3;   0.0;   0;   11.567;-999;   1.3;  13.5; 1000.67;   19.1;   66.71;   29.2;    9.7;    7.0;eor
       2812;20180918;   10;   7.9;   2.4;    3;   0.1;   6;    8.400;-999;   3.6;  15.0;  998.43;   20.8;   63.29;   30.3;   11.6;    9.5;eor
       2812;20180919;   10;   6.0;   1.9;    3;   0.0;   0;   11.383;-999;   0.9;  15.7; 1001.10;   21.4;   65.38;   30.1;   12.6;   10.5;eor
       2812;20180920;   10;   5.1;   1.5;    3;   0.0;   0;   11.183;-999;   4.4;  15.2;  999.80;   21.1;   65.21;   30.0;   13.2;   11.0;eor
       2812;20180921;   10;  13.6;   3.6;    3;   1.1;   6;    2.550;-999;   7.5;  14.0;  996.45;   18.1;   70.04;   27.1;   12.2;   10.8;eor
       2812;20180922;   10;  10.0;   2.4;    3;   0.2;   6;    5.000;-999;   7.8;  11.0; 1004.14;   14.8;   67.88;   20.2;   10.7;    8.4;eor
       2812;20180923;   10;  18.7;   6.6;    3;  15.2;   8;    1.583;-999;   7.8;  14.9;  997.20;   19.3;   66.08;   26.8;   11.8;   11.0;eor
       2812;20180924;   10;   8.4;   3.0;    3;   0.0;   0;    9.750;-999;   3.5;   8.9; 1013.73;   11.2;   68.54;   16.3;    4.3;    2.6;eor
       2812;20180925;   10;   8.0;   2.6;    3;   0.0;   0;   11.183;-999;   1.3;   7.3; 1017.00;   10.2;   63.75;   18.1;    2.0;    0.3;eor
       2812;20180926;   10;   5.9;   1.5;    3;   0.0;   0;   11.033;-999;  -999;   7.9; 1015.04;   11.2;   61.83;   19.6;    3.0;    0.2;eor
       2812;20180927;   10;   4.0;   1.2;    3;   0.0;   0;   11.067;-999;   0.0;  10.1; 1009.45;   13.2;   71.00;   24.5;    3.3;    0.8;eor
       2812;20180928;   10;  12.1;   3.4;    3;   0.0;   6;    9.883;-999;   3.1;  10.8; 1003.94;   14.6;   68.46;   22.5;    7.0;    5.1;eor
       2812;20180929;   10;  10.9;   4.3;    3;   0.0;   0;   10.833;-999;  -999;   8.5; 1004.61;   12.3;   61.88;   19.4;    6.2;    2.7;eor
       2812;20180930;   10;   5.5;   1.4;    3;   0.0;   6;   10.767;-999;   2.4;   9.9;  998.32;   12.4;   70.50;   22.9;    3.3;    0.8;eor
       2812;20181001;   10;   9.6;   2.8;    3;   0.0;   6;    2.133;-999;   7.2;   9.1; 1000.13;   11.9;   65.42;   15.4;    6.8;    3.0;eor
       2812;20181002;   10;   8.5;   2.7;    3;   0.0;   6;    0.583;   0;   7.5;   8.3; 1005.89;    9.7;   70.25;   13.1;    3.7;    0.3;eor
       2812;20181003;   10;   8.2;   2.9;    3;   0.1;   6;    0.867;   0;   7.6;  11.2; 1007.77;   13.7;   71.58;   18.5;    9.2;    6.6;eor
       2812;20181004;   10;   7.7;   2.3;    3;   0.0;   0;    6.983;   0;   2.7;  10.9; 1007.23;   11.5;   82.50;   20.1;    5.7;    2.5;eor
       2812;20181005;   10;   4.1;   1.2;    3;   0.0;   0;   10.583;   0;   1.3;  11.0; 1000.95;   13.1;   75.75;   24.3;    3.3;    0.5;eor
       2812;20181006;   10;   8.6;   2.1;    3;   0.0;   0;    3.583;   0;   7.8;  12.3;  993.72;   15.7;   72.67;   25.1;    7.9;    5.7;eor
       2812;20181007;   10;   8.4;   2.9;    3;   0.0;   0;    9.600;   0;   3.3;  13.1;  996.25;   15.7;   74.92;   22.7;    9.2;    6.5;eor
       2812;20181008;   10;   5.3;   2.0;    3;   0.0;   0;    4.750;   0;   4.2;  12.1; 1001.74;   11.8;   87.71;   19.8;    6.1;    4.4;eor
       2812;20181009;   10;   6.1;   1.7;    3;   0.0;   4;    7.733;   0;   5.4;  12.3; 1002.53;   12.2;   87.33;   20.5;    4.6;    3.2;eor
       2812;20181010;   10;   5.5;   1.2;    3;   0.0;   0;    2.467;   0;   4.0;  12.2;  997.98;   10.5;   95.63;   15.5;    6.3;    3.8;eor
       2812;20181011;   10;   5.1;   1.3;    3;   0.0;   6;    2.250;   0;   5.1;  13.0;  996.66;   12.2;   90.50;   19.4;    5.6;    2.9;eor
       2812;20181012;   10;   7.2;   1.8;    3;   0.0;   0;    9.783;   0;   4.6;  13.2; 1003.20;   17.0;   72.38;   27.7;    7.3;    5.9;eor
       2812;20181013;   10;   4.6;   1.1;    3;   0.0;   0;   10.100;   0;   0.1;  13.3; 1001.43;   15.6;   77.75;   24.9;    8.0;    5.3;eor
       2812;20181014;   10;   4.1;   1.2;    3;   0.0;   0;   10.033;   0;   0.0;  12.7;  994.23;   15.3;   77.21;   25.9;    7.9;    5.1;eor
       2812;20181015;   10;   6.3;   1.8;    3;   0.0;   0;    9.883;   0;   0.1;  11.1;  995.19;   13.8;   73.21;   23.7;    6.0;    3.9;eor
       2812;20181016;   10;   4.6;   1.2;    3;   0.0;   0;    7.517;   0;   3.2;  10.9;  999.69;   11.9;   80.75;   21.6;    4.9;    2.0;eor
       2812;20181017;   10;   6.5;   1.6;    3;   0.0;   0;    9.583;   0;   6.1;  11.3;  999.82;   12.2;   81.50;   20.4;    5.1;    2.2;eor
       2812;20181018;   10;   9.4;   2.6;    3;   0.0;   0;    8.300;   0;   7.6;  11.9; 1000.50;   12.8;   82.17;   21.7;    5.2;    2.9;eor
       2812;20181019;   10;   6.5;   2.3;    3;   0.0;   0;    5.550;   0;   2.7;  12.1; 1003.28;   11.7;   89.21;   19.0;    5.9;    4.0;eor
       2812;20181020;   10;   2.8;   1.1;    3;   0.0;   0;    1.733;   0;   6.8;  11.3; 1008.98;    9.4;   95.88;   14.7;    4.0;    2.2;eor
       2812;20181021;   10;   6.3;   1.9;    3;   0.0;   0;    5.450;   0;   4.5;   8.9; 1007.95;    7.9;   85.54;   16.7;    1.9;    0.0;eor
       2812;20181022;   10;  11.8;   3.3;    3;   0.0;   6;    7.817;   0;   4.8;   8.1; 1009.30;    8.9;   73.33;   17.0;   -1.1;   -3.7;eor
       2812;20181023;   10;   8.0;   2.5;    3;   0.0;   0;    2.383;   0;   7.4;   9.3; 1010.27;   10.8;   72.92;   15.4;    3.4;    0.7;eor
       2812;20181024;   10;   8.2;   3.0;    3;   0.0;   6;    0.000;   0;   7.5;  10.2; 1007.62;   12.3;   70.67;   14.2;    9.2;    7.0;eor
       2812;20181025;   10;   4.6;   1.9;    3;   0.0;   0;    0.533;   0;   7.8;  11.5; 1002.27;   12.8;   78.04;   16.5;    9.7;    5.8;eor
       2812;20181026;   10;   8.7;   2.6;    3;   3.1;   6;    6.300;   0;   7.8;   9.7;  993.37;   11.1;   74.50;   15.6;    8.6;    7.1;eor
       2812;20181027;   10;   5.1;   1.8;    3;   3.2;   6;    0.000;   0;   7.7;   9.0;  990.14;    7.7;   85.13;    9.1;    6.1;    5.8;eor
       2812;20181028;   10;  12.5;   5.9;    3;   5.5;   6;    0.000;   0;   7.8;   7.9;  987.89;    5.1;   89.71;    6.2;    4.2;    4.0;eor
       2812;20181029;   10;  10.9;   3.6;    3;   8.5;   6;    0.000;   0;   7.9;   8.1;  978.25;    5.3;   91.50;    6.3;    4.2;    4.1;eor
       2812;20181030;   10;  22.3;   7.3;    3;   0.0;   6;    0.067;   0;   5.8;   7.4;  980.86;    6.2;   77.75;    8.2;    1.9;   -1.4;eor
       2812;20181031;   10;   5.2;   1.9;    3;   0.0;   0;    0.000;   0;   7.3;   7.8;  994.78;    5.1;   88.92;    8.9;   -0.4;   -2.5;eor
       2812;20181101;   10;   9.6;   2.1;    3;   0.3;   6;    3.367;   0;   6.3;   9.1;  994.62;    8.1;   84.79;   15.5;    0.9;   -0.4;eor
       2812;20181102;   10;   5.5;   1.6;    3;   0.0;   0;    5.083;   0;   5.1;   9.3; 1003.85;    8.6;   83.79;   13.9;    1.3;   -0.8;eor
       2812;20181103;   10;   6.5;   2.7;    3;   0.0;   0;    4.183;   0;   7.0;   9.3; 1006.46;    9.1;   80.75;   12.5;    6.2;    3.9;eor
       2812;20181104;   10;   4.7;   1.4;    3;   0.0;   0;    4.650;   0;   6.8;  10.0;  996.93;    8.9;   88.00;   13.4;    3.7;    1.7;eor
       2812;20181105;   10;   4.7;   1.5;    3;   0.0;   6;    0.000;   0;   8.0;  10.6;  991.00;    8.5;   95.33;   10.5;    6.2;    4.8;eor
       2812;20181106;   10;   5.3;   1.3;    3;   0.0;   6;    0.000;   0;   8.0;  10.0;  990.47;    7.1;   99.00;    8.3;    4.7;    1.9;eor
       2812;20181107;   10;   6.3;   1.5;    3;   2.3;   6;    6.333;   0;   6.2;  10.2;  994.10;    9.8;   84.88;   16.7;    3.4;    0.8;eor
       2812;20181108;   10;   9.1;   2.3;    3;   0.0;   6;    0.867;   0;   8.0;  11.1; 1001.33;   11.5;   81.83;   14.3;    8.7;    6.5;eor
       2812;20181109;   10;   5.1;   1.5;    3;   0.0;   0;    7.133;   0;   6.6;  10.3;  996.46;    9.9;   86.08;   17.0;    5.5;    3.0;eor
       2812;20181110;   10;   7.4;   2.0;    3;   4.6;   6;    0.000;   0;   7.9;  11.3;  990.81;   10.5;   87.92;   14.4;    5.0;    2.0;eor
       2812;20181111;   10;   9.9;   3.3;    3;   0.3;   6;    3.717;   0;   5.3;  12.3;  994.06;   13.0;   82.63;   17.5;    7.8;    5.5;eor
       2812;20181112;   10;   6.8;   2.1;    3;   1.0;   6;    4.983;   0;   4.7;  11.8;  998.47;   13.0;   79.88;   19.9;    7.8;    5.3;eor
       2812;20181113;   10;   8.2;   2.3;    3;   3.1;   6;    1.717;   0;   5.2;  11.8; 1008.99;   10.9;   89.96;   15.1;    2.9;    0.4;eor
       2812;20181114;   10;   5.1;   1.5;    3;   0.0;   6;    0.000;   0;   7.3;   8.4; 1010.51;    4.4;   99.92;    6.6;    0.7;   -0.3;eor
       2812;20181115;   10;   4.3;   1.8;    3;   0.0;   6;    0.000;   0;   8.0;   8.9; 1008.32;    5.4;   98.50;    6.6;    4.8;    4.9;eor
       2812;20181116;   10;   5.6;   2.0;    3;   0.0;   0;    4.317;   0;   4.4;   7.9; 1008.07;    4.8;   92.08;    8.3;   -1.0;   -3.2;eor
       2812;20181117;   10;  10.2;   2.3;    3;   0.0;   0;    6.233;   0;   1.4;   6.0; 1006.60;    2.4;   83.46;    8.6;   -3.9;   -4.8;eor
       2812;20181118;   10;   7.7;   2.8;    3;   0.0;   0;    8.017;   0;   1.6;   5.3; 1003.20;    2.1;   75.08;    7.5;   -2.9;   -5.2;eor
       2812;20181119;   10;   9.0;   4.0;    3;   0.0;   6;    2.617;   0;   5.9;   4.7;  992.61;    1.9;   66.96;    5.0;   -1.7;   -4.0;eor
       2812;20181120;   10;   4.8;   1.8;    3;   0.0;   0;    5.767;   0;   5.2;   5.3;  987.47;    2.2;   75.46;    6.2;   -2.1;   -4.7;eor
       2812;20181121;   10;   4.1;   1.3;    3;   0.0;   0;    0.017;   0;   6.8;   5.6;  995.91;   -0.1;   91.96;    2.6;   -3.1;   -5.5;eor
       2812;20181122;   10;   2.4;   0.9;    3;   0.0;   0;    5.850;   0;   4.1;   6.0; 1000.72;    1.5;   88.71;    7.2;   -2.3;   -4.7;eor
       2812;20181123;   10;   4.1;   1.1;    3;   3.5;   6;    0.000;   0;   6.4;   5.9;  998.69;   -0.5;   99.42;    1.6;   -5.1;   -5.5;eor
       2812;20181124;   10;   8.0;   2.1;    3;   0.0;   6;    3.017;   0;   7.0;   7.9;  994.48;    5.6;   86.83;   12.2;    1.1;   -0.3;eor
       2812;20181125;   10;   5.4;   2.0;    3;   0.0;   0;    5.533;   0;   5.7;   7.4;  989.41;    4.2;   89.46;    9.6;   -1.9;   -3.6;eor
       2812;20181126;   10;   5.7;   2.4;    3;   3.2;   6;    0.000;   0;   8.0;   7.8;  989.53;    4.6;   92.21;    6.5;    3.1;    2.1;eor
       2812;20181127;   10;   2.6;   1.0;    3;   1.9;   6;    0.000;   0;   8.0;   8.1; 1000.35;    4.5;   96.88;    5.4;    3.5;    3.1;eor
       2812;20181128;   10;   4.7;   1.9;    3;   0.4;   6;    0.000;   0;   7.9;   7.9; 1004.25;    4.8;   91.75;    6.4;    2.3;    0.9;eor
       2812;20181129;   10;   6.4;   1.5;    3;   0.0;   6;    1.333;   0;   8.0;   8.2;  999.60;    5.1;   93.21;    8.4;    1.8;   -0.5;eor
       2812;20181130;   10;   6.5;   2.7;    3;   3.8;   6;    0.000;   0;   7.6;   9.2;  997.18;    6.5;   94.21;    8.9;    1.2;   -0.5;eor
       2812;20181201;   10;  11.2;   3.8;    3;   3.3;   6;    2.883;   0;   6.9;   9.1;  998.23;    8.6;   82.29;   11.4;    5.2;    3.7;eor
       2812;20181202;   10;  13.5;   7.2;    3;   4.0;   6;    0.000;   0;   7.8;  11.2;  990.27;   11.3;   82.42;   13.0;    8.2;    6.4;eor
       2812;20181203;   10;  14.6;   7.0;    3;   5.2;   6;    0.000;   0;   7.8;  12.9;  989.97;   13.2;   84.50;   14.9;   10.5;    9.5;eor
       2812;20181204;   10;   9.3;   2.2;    3;   8.0;   6;    0.167;   0;   7.8;  10.5; 1001.95;    9.1;   90.54;   11.9;    6.0;    4.6;eor
       2812;20181205;   10;   5.4;   1.2;    3;   2.4;   6;    0.033;   0;   8.0;   9.1; 1004.84;    5.7;   99.50;    8.1;    4.0;    3.0;eor
       2812;20181206;   10;   6.5;   3.0;    3;   0.1;   6;    1.500;   0;   7.5;  11.7; 1001.95;   10.8;   90.25;   13.0;    7.0;    6.2;eor
       2812;20181207;   10;  15.8;   6.1;    3;   2.3;   6;    0.700;   0;   7.9;  10.8;  996.45;   11.4;   79.79;   13.3;    7.0;    5.5;eor
       2812;20181208;   10;  16.5;   7.5;    3;   8.9;   6;    0.017;   0;   7.5;   8.4;  995.47;    7.9;   78.75;    9.8;    6.1;    4.5;eor
       2812;20181209;   10;  20.0;   6.0;    3;   1.2;   6;    0.000;   0;   7.4;   8.9;  991.21;    8.4;   80.42;   10.8;    6.2;    3.8;eor
       2812;20181210;   10;   8.0;   2.6;    3;   2.5;   6;    0.750;   0;   7.3;   7.5; 1004.98;    5.6;   82.54;    7.7;    3.2;    1.0;eor
       2812;20181211;   10;   4.3;   1.5;    3;   0.0;   0;    0.300;   0;   5.9;   6.3; 1006.33;    2.3;   87.92;    6.2;   -0.8;   -3.1;eor
       2812;20181212;   10;   6.0;   1.6;    3;   0.0;   0;    0.767;   0;   6.8;   5.8; 1004.07;   -0.6;   98.29;    1.6;   -3.8;   -5.1;eor
       2812;20181213;   10;   7.7;   2.9;    3;   0.0;   0;    0.867;   0;   6.2;   5.1;  997.40;   -0.6;   88.42;    2.7;   -3.9;   -4.9;eor
       2812;20181214;   10;   6.0;   2.5;    3;   0.0;   0;    1.517;   0;   5.0;   4.7; 1000.67;   -0.7;   80.54;    1.6;   -4.6;   -6.4;eor
       2812;20181215;   10;   4.7;   1.7;    3;   6.0;   8;    1.150;   0;   7.5;   4.5; 1004.06;   -0.2;   74.25;    1.2;   -2.2;   -4.7;eor
       2812;20181216;   10;   7.4;   1.8;    3;   0.7;   6;    3.233;   4;   6.4;   6.3;  995.76;    1.2;   92.75;    6.3;   -2.0;   -2.3;eor
       2812;20181217;   10;   6.0;   2.6;    3;   1.3;   6;    0.033;   0;   7.8;   7.7; 1004.28;    4.2;   93.67;    7.2;    1.6;   -0.5;eor
       2812;20181218;   10;   4.9;   1.7;    3;   0.0;   6;    6.667;   0;   5.8;   6.5; 1004.85;    2.4;   90.04;    7.8;   -1.4;   -3.3;eor
       2812;20181219;   10;   9.7;   2.4;    3;   1.0;   6;    0.067;   0;   7.9;   7.8;  997.59;    4.9;   89.63;    9.8;    0.8;    0.2;eor
       2812;20181220;   10;  11.9;   5.5;    3;   0.2;   6;    0.700;   0;   7.5;   8.1;  999.57;    7.5;   77.96;    9.3;    6.4;    4.9;eor
       2812;20181221;   10;  17.4;   8.2;    3;   8.0;   6;    0.000;   0;   7.8;  10.0;  996.36;   10.1;   80.08;   12.8;    7.8;    6.4;eor
       2812;20181222;   10;  18.6;   6.2;    3;   5.2;   6;    0.017;   0;   8.0;  10.5; 1000.98;   11.9;   75.50;   13.7;    8.8;    8.0;eor
       2812;20181223;   10;  12.3;   4.4;    3;   9.6;   8;    0.000;   0;   7.8;  11.2; 1003.83;   10.2;   90.17;   13.1;    7.9;    7.0;eor
       2812;20181224;   10;  17.4;   3.7;    3;   0.1;   6;    0.250;   0;   7.7;   8.9; 1008.93;    7.5;   84.33;   14.4;    1.3;   -1.4;eor
       2812;20181225;   10;   4.6;   1.5;    3;   0.0;   0;    0.000;   0;   6.4;   6.0; 1016.95;   -0.3;   99.38;    1.8;   -2.3;   -3.1;eor
       2812;20181226;   10;   4.2;   1.6;    3;   0.0;   8;    0.000;   0;   8.0;   5.3; 1014.58;   -1.0;   93.50;    0.1;   -1.6;   -1.3;eor
       2812;20181227;   10;   3.7;   1.3;    3;   0.0;   0;    0.000;   0;   8.0;   5.2; 1009.82;   -1.5;   95.58;   -0.3;   -2.3;   -3.5;eor
       2812;20181228;   10;   3.6;   1.3;    3;   0.0;   0;    0.000;   0;   8.0;   5.7; 1011.59;   -0.7;   98.08;    1.0;   -2.6;   -3.1;eor
       2812;20181229;   10;  10.9;   2.4;    3;   0.0;   6;    0.483;   0;   8.0;   6.0; 1015.73;    1.7;   86.67;    3.0;    0.8;    0.2;eor
       2812;20181230;   10;   8.4;   3.4;    3;   1.3;   6;    0.000;   0;   7.9;   6.9; 1016.37;    3.9;   85.25;    5.7;    2.1;    1.8;eor
       2812;20181231;   10;   5.6;   1.8;    3;   1.1;   6;    0.000;   0;   7.8;   8.8; 1015.93;    5.5;   96.92;    7.0;    4.3;    3.8;eor
       2812;20190101;   10;  10.9;   2.7;    3;   1.0;   6;    0.000;   0;   7.8;   8.7; 1013.05;    6.3;   91.29;    7.1;    5.4;    4.1;eor
       2812;20190102;   10;  13.0;   3.5;    3;   0.0;   6;    1.083;   0;   5.6;   5.9; 1015.53;    3.3;   75.79;    6.2;   -2.4;   -4.8;eor
       2812;20190103;   10;   3.6;   1.1;    3;   0.1;   8;    1.133;   0;   5.8;   5.2; 1019.28;   -0.7;   89.04;    1.4;   -4.6;   -6.4;eor
       2812;20190104;   10;   5.2;   1.4;    3;   0.0;   8;    2.483;   0;   7.9;   5.8; 1018.07;    1.1;   87.88;    3.4;   -2.2;   -3.9;eor
       2812;20190105;   10;   8.4;   4.0;    3;   7.2;   8;    0.000;   0;   7.7;   6.6; 1013.95;    2.1;   92.83;    3.8;    0.4;    0.0;eor
       2812;20190106;   10;   5.0;   1.6;    3;   4.9;   6;    0.000;   0;   7.8;   7.7; 1014.45;    3.6;   97.38;    4.3;    3.0;    2.0;eor
       2812;20190107;   10;   9.8;   2.3;    3;   0.5;   8;    0.000;   0;   7.9;   7.3; 1014.67;    3.6;   92.17;    4.9;    2.5;    1.7;eor
       2812;20190108;   10;  13.5;   5.5;    3;   2.0;   6;    0.450;   0;   7.3;   7.0; 1002.90;    4.5;   83.13;    8.1;    2.2;    0.1;eor
       2812;20190109;   10;  15.9;   4.3;    3;   1.7;   8;    0.633;   0;   7.6;   6.1;  998.45;    3.1;   80.83;    5.0;    0.4;   -0.3;eor
       2812;20190110;   10;   8.5;   2.5;    3;   0.0;   8;    0.000;   0;   7.9;   5.8; 1005.00;    1.0;   88.71;    2.2;   -1.9;   -3.0;eor
       2812;20190111;   10;   9.1;   3.0;    3;   2.3;   8;    0.000;   0;   7.8;   5.5; 1008.07;   -0.3;   91.92;    0.8;   -1.8;   -3.0;eor
       2812;20190112;   10;  12.0;   5.3;    3;   8.2;   6;    0.000;   0;   7.8;   6.8; 1005.38;    2.6;   91.63;    4.3;    0.5;    0.0;eor
       2812;20190113;   10;  11.8;   5.7;    3;  11.4;   6;    0.000;   0;   7.7;   8.9;  993.96;    6.3;   92.50;    9.6;    3.8;    3.3;eor
       2812;20190114;   10;  12.5;   3.1;    3;   1.8;   6;    0.283;   0;   7.2;   7.6;  996.32;    5.7;   82.96;    9.1;    0.2;   -1.9;eor
       2812;20190115;   10;   6.6;   3.1;    3;   0.0;   0;    0.750;   0;   7.9;   6.7; 1004.37;    4.4;   81.21;    7.0;    1.0;    0.1;eor
       2812;20190116;   10;   8.4;   2.3;    3;   0.0;   6;    4.650;   0;   8.0;   6.2;  995.86;    3.7;   78.50;    7.5;   -1.5;   -2.8;eor
       2812;20190117;   10;  15.2;   5.3;    3;   3.1;   8;    1.317;   0;   6.5;   7.3;  991.71;    6.0;   77.75;    8.7;   -0.2;   -1.9;eor
       2812;20190118;   10;   4.8;   1.7;    3;   0.0;   8;    2.550;   0;   7.1;   5.3; 1000.35;    1.2;   80.42;    4.5;   -2.1;   -4.3;eor
       2812;20190119;   10;   3.5;   1.1;    3;   1.5;   7;    6.183;   0;   4.3;   4.6;  996.91;   -2.1;   89.00;    1.9;   -5.4;   -6.8;eor
       2812;20190120;   10;   4.4;   1.7;    3;   0.4;   8;    0.000;   3;   7.8;   4.8;  996.60;   -2.2;   91.79;   -0.7;   -4.7;   -8.4;eor
       2812;20190121;   10;   5.4;   2.3;    3;   0.0;   8;    0.000;   1;   6.7;   4.3; 1001.92;   -3.3;   89.96;   -0.7;   -8.8;  -11.3;eor
       2812;20190122;   10;   5.6;   1.3;    3;   0.2;   7;    0.000;   0;   6.5;   4.5;  991.82;   -2.8;   89.29;    1.5;   -9.4;  -12.7;eor
       2812;20190123;   10;   7.1;   2.5;    3;   0.8;   8;    0.000;   0;   7.9;   4.7;  980.27;   -1.6;   86.88;   -0.3;   -3.9;   -5.8;eor
       2812;20190124;   10;   5.5;   1.4;    3;   0.0;   8;    0.000;   0;   7.9;   4.4;  991.37;   -2.1;   83.46;   -1.2;   -3.7;   -5.9;eor
       2812;20190125;   10;   8.3;   3.3;    3;   0.3;   8;    0.000;   0;   7.8;   4.2;  998.92;   -1.1;   74.13;    1.8;   -4.8;   -8.7;eor
       2812;20190126;   10;  11.7;   5.7;    3;   0.9;   6;    0.500;   0;   7.9;   6.5;  994.16;    3.6;   81.13;    6.6;    0.5;    0.2;eor
       2812;20190127;   10;  15.0;   7.0;    3;   3.2;   8;    0.500;   0;   7.8;   7.4;  976.86;    6.7;   75.17;    9.2;    0.9;    0.4;eor
       2812;20190128;   10;  12.4;   5.3;    3;   0.0;   8;    0.000;   0;   7.7;   6.2;  983.27;    2.9;   83.33;    4.4;    0.5;   -0.5;eor
       2812;20190129;   10;   7.1;   2.9;    3;   0.0;   8;    4.417;   0;   7.6;   5.5;  987.19;    2.4;   75.79;    5.6;    0.4;   -1.4;eor
       2812;20190130;   10;  18.7;   6.0;    3;   0.6;   8;    0.650;   0;   7.4;   5.2;  977.67;    2.2;   72.42;    3.9;   -0.5;   -1.9;eor
       2812;20190131;   10;   8.0;   2.3;    3;   1.0;   8;    1.967;   0;   7.7;   5.6;  977.84;    1.8;   80.58;    5.4;   -2.8;   -4.3;eor
       2812;20190201;   10;   5.1;   1.7;    3;   6.6;   6;    0.000;   0;   7.8;   7.7;  971.97;    3.4;   97.88;    5.4;    1.5;    0.9;eor
       2812;20190202;   10;   6.5;   2.1;    3;   2.2;   6;    2.217;   0;   7.7;   7.8;  978.55;    5.0;   89.50;    9.2;    1.9;    0.8;eor
       2812;20190203;   10;  12.4;   4.4;    3;   1.0;   8;    0.000;   0;   7.7;   6.3;  998.46;    3.0;   83.50;    4.5;    0.3;   -0.6;eor
       2812;20190204;   10;   7.2;   1.6;    3;   0.0;   0;    7.300;   0;   6.7;   5.4; 1009.88;    1.7;   79.75;    6.4;   -3.2;   -4.9;eor
       2812;20190205;   10;   4.3;   1.4;    3;   0.0;   0;    8.667;   0;   2.6;   5.2; 1010.00;    1.1;   79.92;    6.5;   -3.2;   -5.3;eor
       2812;20190206;   10;   4.2;   1.7;    3;   0.0;   0;    8.450;   0;   6.5;   5.1; 1007.18;    0.4;   82.42;    6.9;   -4.0;   -5.9;eor
       2812;20190207;   10;   9.4;   3.4;    3;   0.8;   6;    0.017;   0;   7.3;   6.6;  999.01;    2.8;   86.38;    7.3;   -2.6;   -3.2;eor
       2812;20190208;   10;  10.5;   4.7;    3;   0.2;   6;    6.033;   0;   7.7;   7.2;  998.91;    7.3;   70.67;   10.5;    4.5;    2.2;eor
       2812;20190209;   10;  14.8;   5.8;    3;   0.2;   6;    0.433;   0;   7.7;   7.7;  995.42;    9.1;   66.46;   11.7;    6.7;    4.9;eor
       2812;20190210;   10;  23.7;   8.0;    3;   1.7;   6;    0.083;   0;   7.8;   7.7;  986.70;    9.9;   63.88;   14.4;    5.8;    4.2;eor
       2812;20190211;   10;  10.2;   2.9;    3;   2.4;   6;    0.650;   0;   7.1;   7.0; 1002.75;    4.3;   84.38;    6.6;    1.3;    0.1;eor
       2812;20190212;   10;   5.4;   1.7;    3;   0.0;   0;    1.800;   0;   7.1;   6.4; 1016.63;    2.7;   87.00;    6.5;   -1.8;   -4.0;eor
       2812;20190213;   10;   4.4;   1.3;    3;   0.0;   0;    9.183;   0;   4.4;   5.6; 1018.10;    1.6;   83.13;    8.2;   -4.5;   -5.4;eor
       2812;20190214;   10;   4.1;   1.3;    3;   0.0;   0;    9.100;   0;   4.1;   5.9; 1017.05;    2.8;   79.92;   10.8;   -3.3;   -5.0;eor
       2812;20190215;   10;   3.2;   1.0;    3;   0.0;   0;    9.283;   0;   0.0;   6.1; 1013.38;    2.8;   82.08;   11.4;   -3.4;   -5.1;eor
       2812;20190216;   10;   4.4;   1.2;    3;   0.0;   0;    9.383;   0;   0.5;   6.5; 1009.49;    5.1;   76.38;   15.7;   -2.7;   -4.8;eor
       2812;20190217;   10;   5.1;   1.1;    3;   0.0;   0;    9.433;   0;   4.3;   6.1; 1005.68;    6.1;   68.50;   18.3;   -2.5;   -4.7;eor
       2812;20190218;   10;   4.8;   1.5;    3;   0.0;   0;    9.117;   0;   1.8;   6.2; 1002.12;    6.3;   66.33;   15.6;   -2.2;   -4.3;eor
       2812;20190219;   10;   6.2;   2.3;    3;   0.0;   6;    0.100;   0;   7.3;   7.6; 1002.93;    6.9;   76.08;   11.1;    1.2;   -2.0;eor
       2812;20190220;   10;   3.8;   1.2;    3;   0.0;   0;    5.867;   0;   6.6;   8.1; 1006.07;    6.7;   84.17;   13.5;    2.1;   -0.8;eor
       2812;20190221;   10;   4.1;   1.5;    3;   0.0;   6;    8.183;   0;   3.9;   7.9; 1009.96;    7.3;   79.46;   16.2;   -0.2;   -2.4;eor
       2812;20190222;   10;   7.2;   2.3;    3;   0.0;   0;    2.267;   0;   7.0;   9.1; 1015.22;    8.8;   80.50;   14.1;    2.9;   -0.1;eor
       2812;20190223;   10;   8.7;   3.0;    3;   0.0;   0;    8.600;   0;   5.4;   6.0; 1016.59;    5.0;   70.50;   12.3;   -0.2;   -3.1;eor
       2812;20190224;   10;   7.4;   2.1;    3;   0.0;   0;    9.867;   0;   2.0;   4.0; 1017.07;    4.2;   50.92;   12.3;   -2.3;   -5.5;eor
       2812;20190225;   10;   6.5;   2.1;    3;   0.0;   0;    9.883;   0;   3.8;   5.4; 1016.68;    5.9;   60.83;   16.1;   -2.6;   -4.2;eor
       2812;20190226;   10;   6.8;   1.4;    3;   0.0;   0;    8.717;   0;  -999;   7.2; 1014.26;    6.7;   74.67;   17.1;   -1.5;   -3.3;eor
       2812;20190227;   10;   4.2;   1.2;    3;   0.0;   0;   10.000;   0;   0.2;   7.2; 1008.12;    7.5;   72.71;   17.2;   -1.3;   -3.1;eor
       2812;20190228;   10;  13.8;   5.0;    3;   1.7;   6;    9.900;   0;   2.4;   7.9; 1001.75;   11.2;   61.75;   20.5;    1.0;   -1.5;eor
       2812;20190301;   10;  10.9;   3.6;    3;   4.9;   6;    0.000;   0;   7.7;   9.9;  998.96;    8.9;   86.04;   10.7;    7.1;    6.1;eor
       2812;20190302;   10;  10.3;   4.0;    3;   0.0;   6;    1.383;   0;   7.8;   8.8; 1000.37;    9.2;   76.17;   12.9;    6.7;    5.6;eor
       2812;20190303;   10;  13.2;   5.4;    3;   0.0;   0;    0.233;   0;   7.8;   8.9;  996.26;   11.1;   67.88;   13.8;    8.9;    7.5;eor
       2812;20190304;   10;  24.9;   7.4;    3;   6.0;   8;    1.600;   0;   7.1;   7.4;  986.27;   10.6;   59.54;   15.1;    5.6;    4.2;eor
       2812;20190305;   10;  14.6;   5.1;    3;   0.5;   6;    0.117;   0;   7.7;   8.2;  993.75;    7.4;   79.83;   10.7;    5.6;    4.2;eor
       2812;20190306;   10;   7.2;   2.5;    3;   0.0;   6;    4.817;   0;   8.0;   7.5;  987.29;    9.8;   63.75;   16.4;    2.3;   -0.1;eor
       2812;20190307;   10;  17.9;   7.2;    3;   1.7;   6;    3.067;   0;   7.1;   8.1;  985.61;   10.5;   63.63;   13.4;    7.7;    6.2;eor
       2812;20190308;   10;  12.5;   5.2;    3;   0.0;   6;    2.867;   0;   7.4;   7.4;  997.99;    9.6;   63.33;   13.9;    6.6;    5.4;eor
       2812;20190309;   10;  17.4;   7.6;    3;   4.2;   6;    0.017;   0;   7.9;   9.2; 1000.87;   10.6;   72.08;   13.2;    8.8;    8.2;eor
       2812;20190310;   10;  23.6;   7.6;    3;   4.0;   6;    2.500;   0;   6.9;   9.8;  996.73;   11.8;   69.92;   16.0;    6.4;    4.0;eor
       2812;20190311;   10;  16.3;   4.9;    3;   2.3;   8;    1.200;   0;   6.8;   5.9; 1005.19;    5.1;   68.71;    7.8;    0.7;    0.1;eor
       2812;20190312;   10;  19.1;   5.1;    3;   0.2;   6;    4.550;   0;   7.8;   5.2; 1001.30;    7.9;   51.04;   13.5;    1.8;   -0.3;eor
       2812;20190313;   10;  15.5;   6.9;    3;   1.5;   6;    4.633;   0;   7.2;   7.1;  995.70;    7.4;   69.21;   10.4;    5.0;    4.1;eor
       2812;20190314;   10;  18.1;   7.2;    3;  14.1;   6;    0.000;   0;   7.6;   7.9;  993.63;    6.2;   83.50;    7.4;    5.2;    4.0;eor
       2812;20190315;   10;  14.6;   6.2;    3;   4.7;   6;    0.000;   0;   7.6;  10.7;  995.15;   10.0;   87.17;   13.1;    6.8;    5.8;eor
       2812;20190316;   10;  14.2;   6.6;    3;   0.0;   6;    4.900;   0;   6.5;  10.0;  996.01;   12.1;   70.88;   14.4;   10.3;    9.3;eor
       2812;20190317;   10;  14.3;   5.5;    3;   1.6;   6;    3.383;   0;   6.8;   7.5;  990.90;   10.2;   62.46;   17.1;    2.8;    0.3;eor
       2812;20190318;   10;  10.1;   3.3;    3;   0.0;   8;    3.333;   0;   5.3;   6.9; 1002.05;    5.0;   79.79;    9.5;    1.4;   -1.0;eor
       2812;20190319;   10;   6.9;   1.8;    3;   0.0;   0;    9.617;   0;   2.8;   6.2; 1008.95;    5.1;   73.25;   11.4;   -0.7;   -2.5;eor
       2812;20190320;   10;  10.3;   2.4;    3;   0.0;   0;   11.283;   0;   2.2;   5.8; 1014.41;    4.9;   70.42;   12.6;   -2.3;   -4.4;eor
       2812;20190321;   10;   9.1;   2.7;    3;   0.0;   0;   11.317;   0;   5.1;   5.9; 1012.95;    6.6;   64.88;   15.9;   -1.5;   -3.9;eor
       2812;20190322;   10;   4.2;   1.5;    3;   0.0;   0;   11.300;   0;   3.8;   6.4; 1010.36;    8.9;   59.58;   18.5;   -0.9;   -2.7;eor
       2812;20190323;   10;   5.9;   1.8;    3;   0.0;   0;   11.317;   0;   0.2;   7.2; 1008.66;    9.7;   63.58;   18.2;    1.0;   -1.7;eor
       2812;20190324;   10;   8.3;   2.0;    3;   0.0;   0;    9.450;   0;   1.1;   8.4; 1005.77;    8.9;   75.13;   15.9;    0.9;   -1.9;eor
       2812;20190325;   10;  14.4;   3.6;    3;   3.1;   6;    5.717;   0;   6.0;   6.7; 1005.58;    7.6;   65.42;   12.1;    3.4;    0.0;eor
       2812;20190326;   10;   5.9;   2.1;    3;   0.0;   0;    4.500;   0;   6.7;   6.9; 1011.32;    6.3;   73.50;   11.3;    2.8;   -0.8;eor
       2812;20190327;   10;   8.5;   2.1;    3;   0.0;   0;    4.967;   0;   6.4;   7.1; 1012.78;    6.8;   73.21;   12.3;    1.3;   -1.4;eor
       2812;20190328;   10;  11.9;   3.6;    3;   0.0;   0;   10.800;   0;   1.0;   7.2; 1013.07;    8.4;   68.83;   16.8;   -0.9;   -3.2;eor
       2812;20190329;   10;   6.1;   2.0;    3;   0.0;   0;   11.600;   0;   0.2;   8.4; 1009.37;   10.8;   68.00;   19.0;    3.1;    0.0;eor
       2812;20190330;   10;   5.1;   1.8;    3;   0.0;   0;   11.717;   0;   0.5;   7.4; 1004.40;   11.5;   59.46;   20.5;    2.3;    0.2;eor
       2812;20190331;   10;  10.0;   2.7;    3;   0.0;   0;   11.683;   0;   0.9;   7.8; 1000.52;   11.6;   60.13;   20.5;    1.9;   -0.8;eor
       2812;20190401;   10;   8.8;   3.5;    3;   0.0;   0;   10.633;   0;   2.1;   9.2;  998.01;   11.8;   67.75;   18.5;    4.1;    0.9;eor
       2812;20190402;   10;  16.3;   3.9;    3;   2.0;   6;    7.617;   0;   7.8;   7.8;  990.70;   14.5;   52.63;   22.0;    4.5;    3.0;eor
       2812;20190403;   10;  10.1;   3.6;    3;  16.2;   6;    0.000;   0;   7.4;   9.0;  985.45;    7.6;   85.71;   11.6;    4.5;    4.0;eor
       2812;20190404;   10;   6.3;   2.3;    3;   8.7;   6;    0.000;   0;   7.6;   7.3;  983.41;    3.8;   91.58;    4.6;    2.8;    1.9;eor
       2812;20190405;   10;   5.2;   1.6;    3;   0.0;   0;    0.817;   0;   7.2;   7.8;  986.46;    5.6;   85.83;    9.0;    2.1;   -0.8;eor
       2812;20190406;   10;   6.1;   2.2;    3;   0.0;   0;    8.567;   0;   5.8;   8.6;  985.05;    7.0;   84.83;   14.2;   -0.6;   -2.7;eor
       2812;20190407;   10;   7.0;   2.8;    3;  24.3;   6;    0.033;   0;   7.8;  10.2;  987.39;   10.0;   83.58;   13.2;    6.4;    4.7;eor
       2812;20190408;   10;   7.8;   2.7;    3;   0.4;   6;    2.500;   0;   8.0;  10.7;  992.02;   11.0;   81.92;   14.7;    8.4;    7.6;eor
       2812;20190409;   10;   2.8;   1.1;    3;   6.5;   6;    0.000;   0;   7.9;  11.5;  991.73;    9.8;   95.13;   11.3;    8.0;    6.5;eor
       2812;20190410;   10;   6.2;   2.2;    3;   6.4;   6;    0.000;   0;   7.8;  10.8;  992.39;    9.1;   93.75;   11.3;    6.0;    5.1;eor
       2812;20190411;   10;  11.9;   4.4;    3;   0.0;   0;   10.467;   0;   5.5;   6.4;  998.29;    7.4;   63.08;   13.2;    1.9;   -1.3;eor
       2812;20190412;   10;  10.5;   4.0;    3;   0.0;   0;    7.033;   0;   3.8;   5.6; 1000.92;    5.7;   62.50;   11.7;    0.1;   -2.3;eor
       2812;20190413;   10;   8.9;   3.9;    3;   0.3;   6;    0.767;   0;   7.4;   6.0; 1001.24;    4.4;   71.96;    7.1;    1.8;   -0.8;eor
       2812;20190414;   10;   7.1;   3.0;    3;   0.1;   6;    0.000;   0;   6.9;   6.7; 1002.15;    4.4;   80.71;    8.6;    1.0;   -1.9;eor
       2812;20190415;   10;   7.9;   2.1;    3;   0.0;   0;   11.633;   0;   0.5;   7.3; 1001.36;    8.4;   68.17;   18.6;   -1.4;   -3.3;eor
       2812;20190416;   10;   7.5;   1.8;    3;   1.9;   6;    5.317;   0;   6.6;   9.2;  999.21;   11.3;   70.21;   18.0;    2.8;    0.4;eor
       2812;20190417;   10;   7.1;   2.1;    3;   0.0;   6;    5.117;   0;   6.5;  11.6; 1002.00;   13.3;   76.83;   18.3;    8.6;    5.7;eor
       2812;20190418;   10;   9.3;   2.9;    3;   0.0;   0;   12.617;   0;   1.6;   8.9; 1002.44;   14.8;   56.33;   22.3;    3.7;    1.3;eor
       2812;20190419;   10;   6.7;   2.0;    3;   0.0;   0;   12.717;   0;   0.1;   9.8; 1006.37;   15.3;   57.88;   22.8;    6.5;    3.4;eor
       2812;20190420;   10;   9.8;   2.6;    3;   0.0;   0;   13.050;   0;   0.0;   8.6; 1005.78;   15.7;   51.50;   25.5;    6.0;    2.8;eor
       2812;20190421;   10;   7.5;   2.4;    3;   0.0;   0;   10.483;   0;   4.4;   9.0;  998.45;   15.2;   54.71;   24.9;    5.8;    2.0;eor
       2812;20190422;   10;   8.8;   2.7;    3;   0.0;   0;   11.517;   0;   5.6;   8.7;  987.15;   15.6;   53.13;   25.9;    5.4;    2.6;eor
       2812;20190423;   10;   5.0;   1.6;    3;   0.0;   0;    5.883;   0;   6.5;   9.8;  979.49;   15.6;   56.46;   22.5;    9.2;    6.8;eor
       2812;20190424;   10;  19.3;   3.5;    3;   3.8;   8;    6.583;   0;   6.7;  11.2;  985.00;   13.8;   72.42;   24.3;    6.8;    4.8;eor
       2812;20190425;   10;   8.4;   2.8;    3;   5.5;   6;    7.383;   0;   6.5;  10.2;  990.30;   12.3;   72.29;   19.9;    4.5;    2.4;eor
       2812;20190426;   10;   7.9;   3.4;    3;   2.7;   6;    0.450;   0;   7.6;   9.6;  997.41;    9.9;   79.38;   13.1;    7.1;    4.7;eor
       2812;20190427;   10;  15.9;   5.3;    3;   2.5;   6;    0.833;   0;   7.7;   9.2;  999.34;    9.8;   75.42;   13.9;    6.5;    5.5;eor
       2812;20190428;   10;  10.8;   3.0;    3;   1.5;   6;    4.750;   0;   7.2;   8.1; 1002.32;    7.6;   78.08;   12.4;    4.2;    1.7;eor
       2812;20190429;   10;   7.2;   1.9;    3;   0.4;   6;    5.350;   0;   7.1;   8.7; 1003.94;    9.4;   74.71;   14.3;    3.3;    1.4;eor
       2812;20190430;   10;   6.0;   1.7;    3;   0.2;   6;    4.483;   0;   5.0;   9.9; 1001.45;   10.6;   78.38;   15.8;    5.4;    2.3;eor
       2812;20190501;    3;   6.1;   1.6;    3;   0.0;   0;   13.433;-999;   0.2;   8.8;  997.03;   11.9;   67.13;   20.0;    2.8;    0.3;eor
       2812;20190502;    3;  10.5;   2.5;    3;  13.7;   6;    6.817;-999;   7.3;  10.4;  992.72;   11.9;   76.04;   19.9;    5.2;    2.4;eor
       2812;20190503;    3;   6.9;   1.9;    3;   2.9;   6;    2.467;-999;   7.3;  10.2;  993.34;   11.0;   79.08;   15.3;    6.9;    4.7;eor
       2812;20190504;    3;  14.4;   3.5;    3;   6.8;   8;    0.100;-999;   6.8;   8.3;  991.74;    5.6;   89.71;   10.0;    2.7;    2.3;eor
       2812;20190505;    3;  10.2;   3.5;    3;   0.0;   6;    5.467;-999;   7.0;   6.6;  999.68;    6.2;   71.58;   10.9;    1.1;   -0.3;eor
       2812;20190506;    3;   7.8;   1.8;    3;   0.0;   0;    6.700;-999;   6.8;   7.0; 1002.46;    7.8;   68.58;   12.8;    2.1;    0.7;eor
       2812;20190507;    3;   6.2;   1.5;    3;   1.1;   6;    9.750;-999;   7.8;   7.7;  998.48;   10.2;   64.33;   16.0;    2.7;    0.4;eor
       2812;20190508;    3;  11.8;   3.3;    3;  11.5;   6;    0.000;-999;   7.8;  11.0;  987.07;   11.3;   81.63;   13.9;    9.0;    8.1;eor
       2812;20190509;    3;  18.5;   4.9;    3;   6.1;   6;    1.450;-999;   7.4;  10.6;  985.03;   11.5;   78.67;   15.2;    6.0;    4.3;eor
       2812;20190510;    3;   7.3;   2.4;    3;   1.8;   6;    2.800;-999;   7.5;  11.8;  992.71;   13.0;   79.17;   17.3;    9.9;    8.4;eor
       2812;20190511;    3;  17.5;   5.4;    3;   6.3;   6;    3.333;-999;   7.3;  11.2;  994.45;   13.1;   76.00;   19.2;    6.6;    4.3;eor
       2812;20190512;    3;  12.5;   4.4;    3;   0.0;   0;   10.317;-999;   2.6;   8.4; 1011.00;    9.1;   73.92;   13.8;    4.4;    1.4;eor
       2812;20190513;    3;  13.0;   4.9;    3;   0.0;   0;   11.767;-999;   1.8;   7.2; 1013.69;   10.2;   60.67;   17.1;    3.0;    0.3;eor
       2812;20190514;    3;  14.9;   4.7;    3;   0.0;   0;   12.367;-999;   2.0;   6.4; 1008.89;   10.5;   51.79;   16.2;    2.6;   -0.2;eor
       2812;20190515;    3;  12.2;   4.5;    3;   0.0;   0;   11.750;-999;   1.6;   6.7; 1003.15;   10.3;   55.00;   16.6;    2.2;   -0.1;eor
       2812;20190516;    3;   8.0;   2.5;    3;   0.0;   0;    6.917;-999;   5.3;   8.2;  995.36;   11.0;   62.67;   16.6;    2.7;   -0.4;eor
       2812;20190517;    3;   6.7;   2.1;    3;   0.1;   6;    7.500;-999;   5.6;  10.4;  987.61;   13.9;   66.67;   20.3;    5.4;    2.9;eor
       2812;20190518;    3;   7.6;   2.0;    3;   4.0;   6;    4.467;-999;   8.0;  12.5;  987.02;   14.6;   76.21;   21.0;   11.1;    9.4;eor
       2812;20190519;    3;   5.0;   1.4;    3;  11.2;   6;    3.867;-999;   7.8;  13.7;  986.65;   14.6;   83.29;   18.8;   11.8;   11.0;eor
       2812;20190520;    3;  12.5;   2.3;    3;   9.3;   6;    0.283;-999;   7.8;  14.5;  988.04;   14.7;   86.54;   19.2;   12.7;   11.9;eor
       2812;20190521;    3;   7.6;   2.6;    3;  24.1;   6;    0.000;-999;   7.8;  13.3;  995.25;   12.7;   90.50;   14.0;   11.8;   11.1;eor
       2812;20190522;    3;   8.0;   1.9;    3;   0.0;   0;   10.383;-999;   4.2;  11.2; 1000.66;   14.0;   72.08;   19.4;    8.8;    6.6;eor
       2812;20190523;    3;   6.8;   2.3;    3;   0.0;   0;   13.783;-999;   5.8;  11.1;  999.67;   14.8;   68.63;   21.4;    6.6;    4.3;eor
       2812;20190524;    3;   5.9;   1.7;    3;   0.0;   0;    9.817;-999;   7.6;  12.3;  996.16;   16.8;   66.46;   22.8;   10.2;    8.6;eor
       2812;20190525;    3;   8.2;   2.1;    3;   0.0;   6;    7.933;-999;   6.1;  12.6;  997.00;   16.9;   66.63;   22.5;   11.0;    9.1;eor
       2812;20190526;    3;   5.5;   1.5;    3;   0.0;   0;   13.467;-999;   5.3;  12.0;  997.42;   16.5;   66.21;   23.0;    8.7;    6.4;eor
       2812;20190527;    3;   9.0;   2.2;    3;   0.4;   6;    3.817;-999;   7.5;  13.1;  992.39;   16.2;   72.33;   21.7;   10.6;    8.2;eor
       2812;20190528;    3;  10.1;   2.7;    3;  11.8;   6;    2.133;-999;   7.4;  12.1;  991.90;   13.7;   77.79;   18.1;   10.1;    9.0;eor
       2812;20190529;    3;   8.0;   2.4;    3;   0.0;   6;    6.200;-999;   5.8;  11.2; 1001.97;   13.6;   73.04;   18.2;   10.4;    8.1;eor
       2812;20190530;    3;   5.7;   1.7;    3;   0.0;   0;   10.617;-999;   4.4;  11.2; 1006.95;   16.4;   62.71;   22.5;    6.9;    4.5;eor
       2812;20190531;    3;   5.8;   1.5;    3;   0.0;   4;   10.583;-999;   4.4;  14.4; 1006.45;   19.4;   65.92;   25.6;   14.6;   11.6;eor
       2812;20190601;    3;   6.4;   2.1;    3;   0.0;   0;   14.800;-999;   2.8;  15.2; 1002.72;   20.6;   65.29;   27.5;   11.9;    9.6;eor
       2812;20190602;    3;   7.1;   2.3;    3;   0.0;   4;   14.717;-999;   2.8;  13.9;  997.73;   23.1;   53.92;   31.0;   13.7;   11.1;eor
       2812;20190603;    3;  19.4;   2.2;    3;   0.9;   6;    9.417;-999;   4.9;  16.1;  996.42;   20.8;   67.38;   30.5;   14.5;   12.2;eor
       2812;20190604;    3;   5.6;   1.4;    3;   0.5;   6;   13.767;-999;   3.2;  17.0;  991.23;   22.9;   64.33;   33.3;   13.3;   11.3;eor
       2812;20190605;    3;  13.6;   2.9;    3;   0.0;   0;   11.417;-999;   5.8;  15.0;  987.23;   23.4;   53.79;   28.3;   16.6;   14.4;eor
       2812;20190606;    3;  11.1;   2.6;    3;   1.5;   6;    2.017;-999;   6.5;  11.7;  996.27;   13.6;   74.96;   19.7;    9.2;    7.1;eor
       2812;20190607;    3;  16.3;   2.8;    3;   0.7;   6;    9.917;-999;   5.0;  12.4;  994.35;   16.2;   68.96;   26.2;    9.2;    7.1;eor
       2812;20190608;    3;  11.2;   4.3;    3;   0.0;   0;   14.150;-999;   4.4;   9.4; 1004.38;   17.3;   49.42;   23.2;   11.2;    7.3;eor
       2812;20190609;    3;   7.4;   1.8;    3;   5.1;   6;    5.133;-999;   7.0;  12.8; 1002.18;   16.2;   70.17;   21.1;    8.6;    5.8;eor
       2812;20190610;    1;   6.9;   2.2;    1;  14.7;   6;    0.817;-999;   7.6;  16.8;  995.92;   16.4;   90.21;   19.8;   14.4;   13.6;eor
       2812;20190611;    1;   6.5;   2.0;    1;   1.3;   6;    0.900;-999;   7.8;  14.4;  993.35;   15.8;   80.58;   19.0;   12.8;   12.5;eor
       2812;20190612;    1;   8.5;   2.3;    1;   3.4;   6;    6.250;-999;   6.5;  13.7;  993.08;   16.6;   74.33;   21.5;   13.1;   12.9;eor
       2812;20190613;    1;  11.2;   2.7;    1;   0.0;   0;   12.333;-999;   1.6;  11.9;  996.14;   18.8;   59.04;   25.1;   12.4;    9.6;eor
       2812;20190614;    1;   6.6;   2.4;    1;   0.6;   6;    1.817;-999;   7.0;  15.3;  995.78;   17.5;   75.63;   22.1;   11.0;    8.4;eor
       2812;20190615;    1;   9.4;   3.0;    1;  11.3;   6;    5.517;-999;   7.3;  16.4;  996.85;   19.5;   74.04;   24.0;   15.1;   14.2;eor
       2812;20190616;    1;   6.7;   1.6;    1;   0.0;   0;    8.483;-999;   4.5;  15.2; 1002.91;   18.4;   74.00;   23.4;   13.1;   11.6;eor
       2812;20190617;    1;   9.6;   2.9;    1;   0.0;   0;   14.850;-999;   1.2;  16.0;  999.71;   19.8;   71.83;   26.4;   11.0;    9.4;eor
       2812;20190618;    1;   5.4;   1.5;    1;   0.0;   0;   12.317;-999;   5.0;  17.4;  995.56;   22.6;   66.33;   29.7;   13.8;   11.8;eor
       2812;20190619;    1;  11.6;   3.0;    1;   4.6;   8;   12.450;-999;   4.4;  15.5;  992.07;   23.8;   55.79;   30.5;   16.4;   13.2;eor
       2812;20190620;    1;  10.5;   2.7;    1;   7.9;   8;    2.500;-999;   7.7;  17.8;  995.70;   19.3;   80.00;   23.9;   16.4;   15.7;eor
       2812;20190621;    1;   7.0;   2.5;    1;   1.0;   6;   13.200;-999;   5.8;  16.1;  999.19;   20.2;   70.00;   24.8;   14.9;   14.0;eor
       2812;20190622;    1;   5.9;   2.2;    1;   1.8;   6;    0.050;-999;   7.9;  16.8;  998.79;   17.4;   84.46;   21.3;   14.5;   13.9;eor
       2812;20190623;    1;   7.4;   2.1;    1;   0.0;   0;    8.250;-999;   6.8;  18.7;  998.72;   20.9;   77.38;   27.6;   15.8;   15.5;eor
       2812;20190624;    1;   6.3;   2.0;    1;   0.0;   0;   14.133;-999;   5.0;  20.7;  999.09;   24.7;   67.13;   30.3;   16.9;   16.0;eor
       2812;20190625;    1;   6.7;   1.8;    1;   0.0;   0;   12.950;-999;   4.4;  22.1; 1000.25;   26.6;   65.04;   33.3;   18.4;   16.5;eor
       2812;20190626;    1;   5.3;   1.8;    1;   0.0;   0;   14.067;-999;   0.3;  23.4; 1003.08;   27.2;   67.38;   34.1;   19.1;   17.8;eor
       2812;20190627;    1;   9.0;   3.2;    1;   0.0;   0;   14.567;-999;   0.0;  22.0; 1003.50;   25.5;   68.21;   32.0;   18.3;   15.0;eor
       2812;20190628;    1;   8.9;   3.2;    1;   0.0;   0;   15.033;-999;   0.0;  15.6; 1002.57;   22.3;   59.71;   29.1;   14.5;   11.7;eor
       2812;20190629;    1;   8.0;   2.9;    1;   0.0;   0;   15.000;-999;   0.0;  17.6;  998.90;   23.9;   61.96;   32.0;   13.9;   11.5;eor
       2812;20190630;    1;   7.6;   2.6;    1;   0.0;   0;   14.767;-999;   1.0;  20.1;  996.88;   28.5;   54.21;   37.0;   17.3;   14.8;eor
       2812;20190701;    1;   9.7;   3.3;    1;   0.0;   6;    9.650;-999;   6.8;  19.1;  998.67;   25.3;   59.46;   28.6;   20.3;   17.6;eor
       2812;20190702;    1;   9.8;   3.9;    1;   0.0;   0;   13.983;-999;   4.4;  14.0; 1000.95;   21.3;   56.21;   26.7;   15.5;   11.9;eor
       2812;20190703;    1;  10.6;   3.9;    1;   0.0;   0;   12.650;-999;   6.2;  12.8; 1001.37;   19.9;   56.75;   26.9;   13.0;   11.0;eor
       2812;20190704;    1;   9.0;   3.1;    1;   0.0;   0;   14.700;-999;   0.8;  13.0; 1001.69;   20.2;   56.29;   27.5;   12.4;   10.3;eor
       2812;20190705;    1;   5.9;   1.6;    1;   0.0;   0;   14.800;-999;   2.9;  13.5;  998.59;   22.1;   55.04;   30.9;   12.2;    9.3;eor
       2812;20190706;    1;  10.7;   2.8;    1;   2.8;   6;    7.367;-999;   5.0;  15.8;  993.52;   23.3;   56.96;   29.9;   13.5;   10.4;eor
       2812;20190707;    1;   9.9;   2.8;    1;   0.0;   0;    6.000;-999;   7.3;  16.8;  994.38;   20.1;   72.00;   26.2;   15.7;   14.9;eor
       2812;20190708;    1;   8.9;   3.0;    1;   0.0;   0;    5.800;-999;   6.5;  13.2;  998.60;   17.5;   67.38;   22.3;   11.3;    7.6;eor
       2812;20190709;    1;  11.0;   4.0;    1;   0.0;   0;   14.467;-999;   3.3;  10.5;  999.89;   15.9;   60.21;   22.1;    8.3;    5.9;eor
