STATIONS_ID;MESS_DATUM;QN_3;  FX;  FM;QN_4; RSK;RSKF; SDK;SHK_TAG;  NM; VPM;  PM; TMK; UPM; TXK; TNK; TGK;eor
       2667;20180106;   10;   6.2;   2.0;    3;   0.2;   6;    0.000;   0;   7.2;   7.7;  996.44;    4.8;   89.54;    6.8;    0.8;   -0.2;eor
       2667;20180107;   10;  10.8;   4.2;    3;   0.0;   0;    0.000;   0;   7.6;   6.8; 1010.05;    5.1;   77.38;    6.4;    4.2;    3.5;eor
       2667;20180108;   10;  11.1;   5.0;    3;   0.0;   0;    0.000;   0;   7.1;   6.7; 1010.36;    4.5;   79.04;    6.1;    3.3;    1.0;eor
       2667;20180109;   10;   9.9;   4.4;    3;   0.2;   6;    0.267;   0;   6.5;   7.4; 1000.09;    5.6;   80.96;    7.3;    4.0;    1.3;eor
       2667;20180110;   10;   7.9;   3.6;    3;   0.1;   6;    0.967;   0;   7.2;   8.5;  998.25;    7.7;   81.08;    9.5;    6.3;    5.4;eor
       2667;20180111;   10;   3.6;   1.7;    3;   0.0;   6;    0.117;   0;   7.2;   8.9; 1004.54;    6.9;   89.67;    9.6;    5.3;    3.2;eor
       2667;20180112;   10;   3.6;   1.6;    3;   0.0;   6;    0.000;   0;   8.0;   8.4; 1013.60;    5.2;   94.96;    5.7;    4.1;    3.3;eor
       2667;20180113;   10;  11.3;   4.4;    3;   0.0;   0;    0.150;   0;   7.4;   6.8; 1012.75;    5.3;   76.67;    6.5;    3.8;    3.0;eor
       2667;20180114;   10;  13.0;   5.2;    3;   0.0;   0;    4.217;   0;   3.9;   5.5; 1009.22;    3.0;   72.67;    4.7;    1.2;   -0.6;eor
       2667;20180115;   10;  16.3;   5.4;    3;   4.5;   6;    0.167;   0;   7.0;   6.7;  995.90;    4.4;   78.75;    7.3;    1.4;    0.1;eor
       2667;20180116;   10;  19.5;   4.6;    3;   7.0;   8;    0.667;   0;   6.8;   7.3;  982.97;    4.5;   86.33;    7.2;    1.2;    0.1;eor
       2667;20180117;   10;  21.3;   5.6;    3;   1.9;   8;    0.467;   1;   6.8;   6.2;  989.97;    2.8;   82.71;    4.7;   -0.1;   -0.1;eor
       2667;20180118;   10;  31.9;   6.8;    3;   2.0;   6;    2.517;   0;   6.5;   6.7;  988.45;    5.6;   74.42;   11.3;    1.8;   -0.3;eor
       2667;20180119;   10;  12.9;   4.4;    3;   0.1;   6;    1.200;   0;   6.5;   6.4;  996.49;    3.5;   81.75;    6.0;   -0.1;   -1.5;eor
       2667;20180120;   10;   6.7;   2.9;    3;   4.8;   6;    0.033;   0;   7.4;   6.4;  992.86;    2.2;   89.21;    4.2;    0.5;   -1.2;eor
       2667;20180121;   10;   9.8;   3.5;    3;   2.9;   6;    0.850;   0;   7.3;   6.5; 1001.40;    2.5;   88.92;    4.8;    0.9;   -0.1;eor
       2667;20180122;   10;   8.7;   3.8;    3;   1.3;   6;    0.000;   0;   7.7;   8.1;  998.48;    5.3;   90.50;    8.6;    1.1;    0.7;eor
       2667;20180123;   10;   8.7;   3.8;    3;   0.0;   6;    0.533;   0;   7.5;   8.4; 1009.80;    7.5;   80.67;    9.8;    5.4;    4.3;eor
       2667;20180124;   10;  13.9;   5.6;    3;   4.4;   6;    0.133;   0;   7.0;  10.5; 1005.09;   11.7;   75.92;   13.9;    8.8;    7.9;eor
       2667;20180125;   10;   9.8;   2.7;    3;   5.2;   6;    0.000;   0;   8.0;  10.1; 1001.37;    8.2;   93.17;   11.9;    5.7;    5.4;eor
       2667;20180126;   10;   3.1;   1.3;    3;   0.0;   6;    0.000;   0;   7.4;   8.8; 1007.00;    6.2;   92.67;    8.9;    1.5;    0.0;eor
       2667;20180127;   10;   8.2;   3.1;    3;   1.1;   6;    5.283;   0;   6.6;   7.5; 1018.07;    4.5;   89.13;    8.5;    1.0;   -0.4;eor
       2667;20180128;   10;   9.8;   3.6;    3;   0.5;   6;    0.050;   0;   7.6;   9.2; 1019.10;    8.1;   85.33;   10.8;    4.1;    3.9;eor
       2667;20180129;   10;  15.3;   5.5;    3;   1.3;   6;    0.000;   0;   7.7;   9.4; 1015.68;    9.7;   78.58;   10.8;    4.8;    2.9;eor
       2667;20180130;   10;   6.3;   2.2;    3;   0.6;   6;    6.183;   0;   5.1;   7.2; 1016.00;    4.8;   84.04;    8.2;    1.5;   -1.4;eor
       2667;20180131;   10;  21.9;   5.3;    3;   8.6;   6;    0.000;   0;   7.7;   8.8;  996.63;    7.4;   84.29;   10.1;    3.1;    2.1;eor
       2667;20180201;   10;  12.7;   4.3;    3;   1.7;   8;    2.550;   0;   4.5;   6.0;  989.95;    2.9;   80.25;    5.7;   -0.6;   -2.0;eor
       2667;20180202;   10;  11.8;   3.8;    3;   1.1;   6;    0.000;   0;   7.7;   6.9;  992.20;    3.3;   88.42;    5.3;    1.2;   -0.2;eor
       2667;20180203;   10;   5.1;   2.2;    3;   1.1;   8;    0.183;   0;   7.3;   6.7;  995.44;    2.6;   90.88;    5.0;    1.3;    0.7;eor
       2667;20180204;   10;   8.7;   3.5;    3;   0.0;   7;    0.733;   0;   7.1;   4.7; 1006.23;    0.3;   75.54;    2.7;   -1.3;   -3.2;eor
       2667;20180205;   10;  10.8;   4.0;    3;   0.0;   0;    7.883;   0;   2.4;   4.1; 1012.36;    0.1;   67.88;    4.3;   -2.8;   -5.0;eor
       2667;20180206;   10;   5.7;   2.5;    3;   3.9;   7;    0.117;   0;   6.4;   4.6; 1002.81;   -1.1;   80.79;    0.9;   -2.6;   -4.2;eor
       2667;20180207;   10;   5.7;   2.2;    3;   0.0;   0;    0.000;   4;   5.3;   5.1; 1003.82;   -1.0;   90.25;    1.5;   -4.6;   -7.1;eor
       2667;20180208;   10;   3.6;   1.3;    3;   0.0;   0;    7.517;   0;   2.1;   3.8; 1008.44;   -3.4;   81.29;    1.1;   -7.7;   -9.6;eor
       2667;20180209;   10;   9.1;   3.4;    3;   0.1;   7;    3.933;   0;   4.0;   4.3; 1003.56;   -1.9;   80.17;    1.6;   -5.7;   -7.4;eor
       2667;20180210;   10;   8.7;   3.0;    3;   2.8;   8;    0.000;   0;   7.4;   5.9; 1003.20;    1.6;   86.17;    3.5;    0.1;   -1.2;eor
       2667;20180211;   10;  15.4;   4.7;    3;   1.1;   8;    0.283;   1;   6.8;   6.2;  992.65;    2.7;   83.08;    7.4;    0.4;   -1.4;eor
       2667;20180212;   10;  15.3;   4.1;    3;   0.3;   8;    1.233;   0;   5.3;   5.5; 1001.60;    1.5;   81.13;    5.6;   -1.6;   -3.9;eor
       2667;20180213;   10;  11.3;   3.8;    3;   0.0;   0;    8.317;   1;   1.0;   4.5; 1001.90;    0.9;   69.50;    5.8;   -3.1;   -5.7;eor
       2667;20180214;   10;  11.7;   4.9;    3;   2.1;   7;    8.567;   0;   1.9;   3.7; 1004.05;    0.8;   58.17;    5.3;   -3.4;   -6.6;eor
       2667;20180215;   10;  14.7;   4.7;    3;   4.0;   8;    0.000;   2;   7.3;   6.1; 1002.35;    2.0;   85.79;    4.7;   -0.6;   -2.4;eor
       2667;20180216;   10;   7.2;   2.6;    3;   0.0;   0;    6.117;   0;   3.3;   5.9; 1013.08;    2.5;   82.33;    8.3;   -2.9;   -4.4;eor
       2667;20180217;   10;   5.1;   1.9;    3;   0.0;   0;    1.200;   0;   5.4;   5.0; 1011.65;    1.2;   76.50;    6.0;   -3.9;   -6.3;eor
       2667;20180218;   10;   7.7;   3.5;    3;   0.0;   0;    8.333;   0;   1.4;   4.8; 1014.26;    1.3;   72.50;    6.9;   -3.8;   -6.0;eor
       2667;20180219;   10;   6.5;   2.4;    3;   0.0;   0;    2.417;   0;   6.0;   5.0; 1008.18;    1.2;   74.79;    4.9;   -1.5;   -3.4;eor
       2667;20180220;   10;   7.5;   2.1;    3;   0.0;   0;    7.433;   0;   1.3;   4.7; 1006.41;    0.6;   75.25;    6.6;   -4.6;   -6.6;eor
       2667;20180221;   10;   7.9;   2.6;    3;   0.0;   0;    8.633;   0;   2.3;   4.3; 1011.24;    1.0;   67.13;    6.5;   -3.8;   -6.7;eor
       2667;20180222;   10;  11.5;   3.7;    3;   0.0;   0;    9.133;   0;   0.8;   3.6; 1010.39;   -0.3;   63.29;    5.1;   -6.7;   -9.4;eor
       2667;20180223;   10;  11.5;   3.9;    3;   0.0;   0;    9.417;   0;   0.5;   2.8; 1009.14;   -1.0;   51.88;    4.2;   -7.9;  -10.4;eor
       2667;20180224;   10;  15.4;   5.7;    3;   0.0;   0;    8.733;   0;   1.4;   2.6; 1011.80;   -0.8;   45.21;    4.2;   -6.2;  -10.4;eor
       2667;20180225;   10;  12.0;   5.1;    3;   0.0;   0;    9.567;   0;   1.8;   2.0; 1015.58;   -2.6;   41.96;    1.6;   -7.2;  -11.4;eor
       2667;20180226;   10;  13.0;   4.3;    3;   0.0;   7;    5.217;   0;   3.9;   2.7; 1014.96;   -4.7;   62.88;   -0.7;   -9.4;  -12.3;eor
       2667;20180227;   10;  12.0;   4.4;    3;   0.0;   0;    9.550;   0;   0.9;   2.1; 1009.05;   -5.1;   52.04;   -0.4;   -9.3;  -12.5;eor
       2667;20180228;   10;  15.8;   6.4;    3;   0.0;   0;    9.550;   0;   1.7;   1.9; 1007.00;   -6.5;   50.71;   -3.0;   -9.5;  -12.2;eor
       2667;20180301;   10;  14.1;   7.6;    3;   0.0;   0;    7.183;   0;   6.7;   2.0;  995.40;   -3.8;   44.00;    1.1;   -7.3;   -8.2;eor
       2667;20180302;   10;  12.5;   6.4;    3;   1.6;   7;    0.017;   0;   7.3;   2.6;  986.90;   -2.7;   52.63;    0.2;   -5.0;   -5.3;eor
       2667;20180303;   10;  10.6;   5.3;    3;   0.0;   8;    2.633;   4;   7.1;   4.7;  985.91;   -0.5;   79.96;    3.1;   -3.4;   -3.4;eor
       2667;20180304;   10;  11.5;   5.8;    3;   0.0;   6;    4.117;   0;   6.9;   6.7;  984.92;    5.2;   75.83;   10.0;    0.9;    0.5;eor
       2667;20180305;   10;   8.2;   3.7;    3;   0.0;   0;    6.100;   0;   5.0;   7.2;  983.37;    7.7;   69.54;   13.5;    3.3;   -0.2;eor
       2667;20180306;   10;   5.7;   2.6;    3;   1.9;   6;    2.983;   0;   6.8;   7.5;  979.93;    7.6;   72.29;   13.0;    0.6;   -0.5;eor
       2667;20180307;   10;  11.1;   3.0;    3;   2.8;   6;    0.917;   0;   6.2;   7.9;  983.78;    5.7;   87.21;    8.1;    0.5;   -0.2;eor
       2667;20180308;   10;  15.9;   4.6;    3;   6.3;   6;    1.450;   0;   4.8;   7.0;  990.52;    5.0;   80.38;    9.7;    0.5;   -1.3;eor
       2667;20180309;   10;   7.2;   3.5;    3;   4.8;   6;    0.933;   0;   6.6;   7.5;  994.93;    5.1;   84.71;    8.4;    0.1;   -1.7;eor
       2667;20180310;   10;   7.9;   3.6;    3;   0.2;   6;    0.700;   0;   7.5;  10.8;  990.17;   11.3;   80.83;   15.6;    7.8;    7.2;eor
       2667;20180311;   10;  11.5;   4.0;    3;   0.0;   6;    0.317;   0;   6.5;  10.9;  984.29;   11.9;   78.96;   16.1;    7.2;    6.1;eor
       2667;20180312;   10;  10.3;   3.9;    3;   3.0;   6;    1.367;   0;   7.0;   9.8;  982.35;   10.7;   76.67;   15.1;    8.4;    6.7;eor
       2667;20180313;   10;  13.7;   4.8;    3;   9.0;   6;    0.000;   0;   8.0;   8.5;  991.60;    6.4;   87.88;    9.3;    4.0;    3.7;eor
       2667;20180314;   10;   7.7;   2.6;    3;   0.0;   0;    6.783;   0;   3.9;   7.0;  998.67;    6.8;   72.33;   11.4;    3.8;    2.8;eor
       2667;20180315;   10;  12.3;   5.4;    3;   2.7;   6;    4.467;   0;   5.7;   6.6;  986.86;    7.7;   63.96;   12.1;    3.9;    2.0;eor
       2667;20180316;   10;   8.7;   2.8;    3;   7.2;   8;    0.000;   0;   8.0;   8.7;  989.46;    6.8;   87.46;   10.2;    1.9;    1.5;eor
       2667;20180317;   10;  13.7;   6.1;    3;   0.2;   7;    0.000;   1;   7.8;   4.1;  993.10;   -1.2;   72.71;    1.8;   -2.6;   -3.2;eor
       2667;20180318;   10;  12.5;   5.9;    3;   0.6;   7;    0.550;   1;   7.5;   3.1;  996.31;   -1.3;   56.38;    1.6;   -3.9;   -3.8;eor
       2667;20180319;   10;   9.3;   4.6;    3;   0.0;   7;    7.567;   0;   5.2;   2.7; 1000.31;   -0.1;   45.00;    5.7;   -3.3;   -7.4;eor
       2667;20180320;   10;  15.3;   4.0;    3;   0.5;   7;    6.850;   0;   3.0;   3.5; 1008.04;    0.9;   56.33;    8.5;   -5.9;   -9.6;eor
       2667;20180321;   10;   7.5;   2.1;    3;   0.0;   6;    6.083;   0;   3.4;   4.5; 1016.53;   -0.2;   73.75;    4.6;   -5.7;   -8.7;eor
       2667;20180322;   10;   9.8;   3.1;    3;   6.1;   8;    0.000;   0;   8.0;   7.2; 1005.25;    3.9;   87.25;    6.7;   -0.4;   -1.1;eor
       2667;20180323;   10;   7.7;   2.6;    3;   0.0;   6;    0.033;   0;   7.7;   7.6;  995.73;    6.2;   80.08;    8.7;    3.8;    1.9;eor
       2667;20180324;   10;  10.3;   3.6;    3;   0.0;   0;   10.683;   0;   3.5;   6.0;  990.97;    6.3;   65.42;   12.1;    0.1;   -3.2;eor
       2667;20180325;   10;   8.7;   2.6;    3;   0.0;   0;    7.667;   0;   4.0;   5.8;  995.80;    6.4;   63.42;   13.8;   -2.8;   -4.4;eor
       2667;20180326;   10;   9.3;   3.2;    3;   0.0;   6;    4.517;   0;   6.8;   6.2; 1003.31;    7.5;   60.71;   11.4;    3.5;    0.4;eor
       2667;20180327;   10;   9.8;   3.3;    3;  11.5;   6;    2.750;   0;   5.7;   7.2;  999.94;    5.4;   80.17;   12.0;   -2.1;   -4.0;eor
       2667;20180328;   10;  19.4;   3.9;    3;   7.4;   6;    0.000;   0;   7.8;   9.3;  990.57;    7.5;   89.21;   10.9;    3.6;    3.0;eor
       2667;20180329;   10;  11.0;   3.6;    3;   0.3;   8;    4.617;   0;   5.5;   6.6;  994.34;    6.2;   70.21;   11.1;    3.5;    2.4;eor
       2667;20180330;   10;  12.9;   5.2;    3;   1.4;   6;    6.200;   0;   7.2;   7.0;  989.82;    8.6;   63.50;   13.6;    4.6;    3.1;eor
       2667;20180331;   10;  10.8;   2.5;    3;   2.2;   6;    8.017;   0;   6.0;   7.2;  988.40;    8.0;   70.08;   14.2;    0.5;   -1.0;eor
       2667;20180401;   10;  10.3;   3.0;    3;   4.3;   6;    0.017;   0;   7.4;   8.1;  996.80;    5.6;   88.88;    8.2;    3.7;    1.9;eor
       2667;20180402;   10;  10.8;   4.2;    3;   2.6;   6;    0.700;   0;   7.1;   7.6;  995.72;    8.7;   69.96;   15.1;    2.8;    0.9;eor
       2667;20180403;   10;  11.3;   3.8;    3;   2.4;   6;    1.600;   0;   7.0;   9.6;  990.55;   12.7;   66.83;   18.3;    8.4;    7.5;eor
       2667;20180404;   10;  12.3;   4.3;    3;   4.3;   6;    1.750;   0;   6.3;  10.1;  990.64;   11.2;   75.88;   14.1;    6.9;    4.3;eor
       2667;20180405;   10;  14.9;   5.1;    3;   0.2;   6;    1.617;   0;   5.7;   7.4; 1001.27;    7.6;   70.50;   11.0;   -0.5;   -2.3;eor
       2667;20180406;   10;  15.6;   6.0;    3;   0.0;   0;   11.717;   0;   3.0;   5.4; 1007.48;    8.5;   53.63;   15.6;   -0.9;   -2.7;eor
       2667;20180407;   10;  10.8;   5.1;    3;   0.0;   0;   12.050;   0;   3.7;   7.2;  999.61;   15.8;   41.38;   24.1;    7.2;    4.1;eor
       2667;20180408;   10;   6.5;   2.6;    3;   0.0;   0;    7.533;   0;   3.6;   7.9;  995.59;   18.7;   38.13;   25.7;   11.7;    8.1;eor
       2667;20180409;   10;   7.7;   2.0;    3;   0.0;   0;    0.667;   0;   5.8;  10.1;  992.37;   14.9;   60.29;   20.6;    7.9;    5.7;eor
       2667;20180410;   10;   8.7;   2.6;    3;  13.4;   6;    1.900;   0;   7.5;  11.1;  992.01;   14.6;   69.04;   19.9;   10.1;    9.4;eor
       2667;20180411;   10;   6.2;   1.8;    3;   2.7;   6;    1.633;   0;   6.2;  11.4;  994.57;   10.4;   91.00;   14.3;    5.9;    3.3;eor
       2667;20180412;   10;   7.7;   2.0;    3;   0.0;   6;    4.750;   0;   5.5;  10.6;  989.30;   12.1;   77.63;   20.8;    3.9;    2.6;eor
       2667;20180413;   10;   6.7;   2.0;    3;   0.0;   6;    0.000;   0;   6.9;  10.4;  996.45;   11.0;   80.00;   15.5;    4.5;    2.0;eor
       2667;20180414;   10;   6.7;   2.2;    3;  10.1;   6;    8.067;   0;   5.6;  11.1; 1005.04;   13.9;   71.42;   20.7;    6.6;    4.2;eor
       2667;20180415;   10;   8.4;   2.3;    3;   1.1;   6;    5.517;   0;   6.8;  12.2; 1001.49;   14.1;   77.88;   20.0;    8.9;    7.7;eor
       2667;20180416;   10;   8.2;   2.4;    3;   0.0;   0;    6.017;   0;   4.4;  10.3; 1003.93;   12.5;   73.50;   18.4;    5.5;    4.5;eor
       2667;20180417;   10;  10.1;   2.3;    3;   0.0;   0;   12.567;   0;   3.0;   9.6; 1013.18;   14.1;   64.13;   22.3;    3.6;    2.1;eor
       2667;20180418;   10;   7.2;   2.5;    3;   0.0;   0;   12.950;   0;   1.6;   9.9; 1018.07;   17.5;   55.04;   26.8;    5.8;    3.8;eor
       2667;20180419;   10;  11.5;   4.3;    3;   0.0;   0;   13.033;   0;   1.8;   9.2; 1015.00;   21.1;   39.54;   28.1;   10.0;    8.6;eor
       2667;20180420;   10;   6.2;   2.1;    3;   0.0;   0;   12.600;   0;   1.6;  10.7; 1010.95;   20.0;   48.54;   28.3;    9.2;    6.0;eor
       2667;20180421;   10;   9.1;   2.5;    3;   0.0;   0;   11.200;   0;   1.6;  12.8; 1008.17;   18.7;   62.79;   25.5;   11.0;    8.7;eor
       2667;20180422;   10;  12.3;   2.3;    3;   2.9;   6;    7.600;   0;   3.9;  13.9; 1001.03;   19.2;   64.50;   28.2;   12.2;    9.6;eor
       2667;20180423;   10;  15.9;   3.9;    3;   0.0;   0;    9.817;   0;   5.3;  12.0; 1003.49;   16.0;   66.92;   20.0;    9.4;    6.5;eor
       2667;20180424;   10;   8.2;   2.3;    3;   0.0;   0;    3.783;   0;   6.8;  10.7; 1004.33;   12.7;   73.21;   17.7;    6.5;    3.8;eor
       2667;20180425;   10;  13.7;   4.8;    3;   0.8;   6;    4.883;   0;   5.1;   9.9;  999.88;   13.6;   63.08;   18.0;    7.1;    4.7;eor
       2667;20180426;   10;  13.5;   4.4;    3;   0.0;   6;    4.467;   0;   5.1;   7.9; 1004.75;   10.2;   64.21;   15.8;    5.7;    3.1;eor
       2667;20180427;   10;  11.3;   3.6;    3;   0.0;   0;   10.583;   0;   5.0;   7.6;  999.85;   12.1;   56.58;   19.2;    3.1;    0.5;eor
       2667;20180428;   10;  10.8;   3.3;    3;   0.1;   6;    3.033;   0;   6.5;   8.9;  999.29;   13.7;   57.92;   18.5;    8.2;    6.1;eor
       2667;20180429;   10;  11.7;   2.9;    3;   5.6;   6;    3.683;   0;   6.5;  12.6;  993.89;   14.6;   75.50;   21.7;    4.8;    3.6;eor
       2667;20180430;   10;  18.7;   6.2;    3;   1.7;   6;    0.550;   0;   7.2;  10.6;  989.37;   11.6;   76.58;   14.7;    7.3;    6.7;eor
       2667;20180501;   10;  13.4;   5.2;    3;   0.0;   0;    4.283;   0;   5.1;   6.8;  999.65;    9.1;   60.08;   14.1;    4.3;    0.5;eor
       2667;20180502;   10;  12.2;   2.9;    3;   0.0;   6;    8.483;   0;   4.6;   7.6; 1000.80;   10.7;   61.67;   16.8;    0.6;   -1.3;eor
       2667;20180503;   10;  11.5;   3.5;    3;   0.0;   0;   10.517;   0;   5.8;   8.0; 1005.33;   11.8;   59.54;   16.9;    4.1;    2.0;eor
       2667;20180504;   10;  11.5;   2.8;    3;   0.0;   0;   13.867;   0;   0.8;   7.8; 1009.92;   13.0;   56.71;   21.2;    1.9;    0.1;eor
       2667;20180505;   10;   8.9;   2.6;    3;   0.0;   0;   14.000;   0;   0.5;   8.1; 1011.53;   15.8;   50.04;   24.8;    4.3;    1.6;eor
       2667;20180506;   10;  10.8;   2.8;    3;   0.0;   0;   14.067;   0;   0.0;   8.4; 1010.55;   17.8;   46.42;   27.2;    4.3;    3.2;eor
       2667;20180507;   10;   8.2;   2.7;    3;   0.0;   0;   14.100;   0;   0.0;   9.9; 1006.39;   18.9;   48.71;   26.9;    8.1;    4.9;eor
       2667;20180508;   10;   9.3;   2.9;    3;   0.0;   0;   14.150;   0;   0.2;  10.1;  999.27;   19.5;   48.67;   27.3;    6.4;    5.6;eor
       2667;20180509;   10;   6.7;   2.4;    3;   0.0;   0;   11.150;   0;   2.1;  12.0;  995.12;   19.9;   54.08;   27.8;   10.2;    8.6;eor
       2667;20180510;   10;  10.1;   3.9;    3;   0.0;   6;    0.533;   0;   5.8;  11.2; 1000.72;   14.2;   69.17;   17.2;    7.3;    5.2;eor
       2667;20180511;   10;   7.5;   2.2;    3;   0.0;   0;    7.967;   0;   3.9;   9.7; 1007.03;   14.2;   63.33;   21.2;    3.5;    2.7;eor
       2667;20180512;   10;   8.1;   2.6;    3;   0.1;   6;   12.717;   0;   5.6;  10.7; 1002.13;   17.9;   55.50;   24.4;    8.5;    6.1;eor
       2667;20180513;   10;   8.7;   3.3;    3;  17.4;   6;    0.000;   0;   7.7;  14.2;  999.80;   14.1;   88.00;   17.5;   11.3;   11.0;eor
       2667;20180514;   10;  11.3;   4.2;    3;   0.0;   6;    6.900;   0;   4.7;  14.5;  999.16;   18.6;   70.88;   27.2;   12.5;    9.6;eor
       2667;20180515;   10;  11.5;   2.7;    3;   1.6;   6;   11.150;   0;   3.6;  10.3; 1002.39;   17.7;   53.04;   24.2;    9.5;    7.2;eor
       2667;20180516;   10;  12.2;   3.4;    3;  10.8;   6;    4.800;   0;   6.2;  13.4; 1004.25;   15.3;   78.29;   20.0;   10.9;    9.7;eor
       2667;20180517;   10;  10.8;   5.5;    3;   0.0;   0;   10.217;   0;   4.0;   9.5; 1008.93;   12.4;   67.29;   18.2;    7.5;    5.7;eor
       2667;20180518;   10;   9.1;   3.4;    3;   0.0;   0;    8.317;   0;   5.9;   8.9; 1010.03;   11.5;   66.79;   17.0;    5.7;    3.5;eor
       2667;20180519;   10;   7.5;   2.6;    3;   0.0;   0;    8.233;   0;   3.3;   9.5; 1010.13;   12.1;   69.46;   18.1;    5.8;    3.5;eor
       2667;20180520;   10;  11.8;   2.3;    3;   0.0;   0;   11.783;   0;   2.0;  11.4; 1009.06;   15.1;   70.00;   25.0;    5.2;    3.2;eor
       2667;20180521;   10;  11.5;   3.7;    3;   0.0;   6;    9.333;   0;   5.5;  11.3; 1002.84;   19.2;   53.13;   25.3;   10.3;    9.4;eor
       2667;20180522;   10;   8.2;   2.0;    3;   5.4;   6;    1.400;   0;   6.6;  15.4; 1001.30;   16.6;   81.25;   19.7;   13.4;   12.7;eor
       2667;20180523;   10;  10.1;   2.2;    3;   0.8;   6;    3.700;   0;   6.9;  15.8; 1006.39;   17.8;   78.92;   24.5;   12.6;   11.9;eor
       2667;20180524;   10;  10.6;   3.2;    3;   0.0;   0;    3.717;   0;   6.3;  15.3; 1006.38;   17.9;   74.92;   22.8;   12.0;   10.7;eor
       2667;20180525;   10;   6.0;   2.3;    3;   0.0;   0;    9.567;   0;   4.5;  16.7; 1006.19;   20.4;   71.79;   26.6;   13.0;   12.0;eor
       2667;20180526;   10;   8.2;   2.9;    3;   0.0;   0;   14.167;   0;   3.4;  15.9; 1007.70;   22.7;   60.71;   28.7;   13.7;   12.7;eor
       2667;20180527;   10;   8.2;   2.1;    3;   2.5;   6;    5.183;   0;   5.7;  17.2; 1006.20;   20.9;   71.17;   27.8;   13.7;   13.0;eor
       2667;20180528;   10;   9.8;   2.4;    3;   0.0;   0;   12.967;   0;   5.3;  18.5; 1004.98;   22.7;   70.25;   30.6;   13.6;   13.0;eor
       2667;20180529;   10;  15.6;   2.1;    3;   0.0;   6;    8.017;   0;   5.4;  18.9; 1001.20;   21.7;   74.42;   29.7;   15.5;   14.2;eor
       2667;20180530;   10;   7.7;   2.1;    3;   0.0;   0;   10.167;   0;   2.9;  18.2; 1002.14;   22.2;   70.25;   28.8;   15.8;   14.8;eor
       2667;20180531;   10;   7.2;   2.4;    3;  17.6;   6;    7.750;   0;   5.4;  18.0; 1002.65;   22.3;   68.58;   28.4;   16.1;   15.0;eor
       2667;20180601;   10;  18.0;   2.8;    3;  23.3;   6;    0.000;   0;   7.8;  19.1; 1004.66;   17.6;   94.67;   19.8;   15.8;   15.7;eor
       2667;20180602;   10;   7.4;   2.7;    3;   0.0;   0;    3.283;   0;   6.5;  16.7; 1006.97;   18.6;   78.71;   23.0;   15.4;   14.2;eor
       2667;20180603;   10;   6.2;   1.9;    3;   0.0;   0;    8.883;   0;   3.9;  16.4; 1006.30;   19.8;   72.88;   24.9;   14.7;   13.5;eor
       2667;20180604;   10;   9.6;   2.4;    3;   0.0;   0;   12.900;   0;   2.6;  16.2; 1001.22;   20.6;   69.79;   27.5;   12.0;   11.0;eor
       2667;20180605;   10;   8.7;   3.3;    3;   0.0;   0;    9.150;   0;   2.3;  16.2; 1001.07;   18.5;   77.38;   23.9;   13.6;   11.7;eor
       2667;20180606;   10;   6.2;   1.7;    3;   0.0;   0;   14.067;   0;   2.1;  15.3; 1000.90;   21.7;   63.63;   29.6;   12.2;   10.2;eor
       2667;20180607;   10;  13.7;   2.5;    3;  11.7;   6;   10.000;   0;   4.8;  18.1; 1002.70;   21.5;   72.63;   28.7;   16.5;   15.2;eor
       2667;20180608;   10;   7.7;   2.7;    3;   4.8;   6;    2.633;   0;   6.8;  20.3; 1002.12;   19.8;   88.17;   23.2;   17.0;   16.4;eor
       2667;20180609;   10;   9.3;   2.5;    3;  29.3;   6;    7.833;   0;   6.0;  19.8; 1000.88;   21.7;   77.88;   27.1;   16.5;   15.4;eor
       2667;20180610;   10;   7.2;   2.5;    3;   0.0;   6;    4.183;   0;   6.4;  19.7; 1000.28;   20.9;   80.38;   25.5;   16.8;   16.5;eor
       2667;20180611;   10;   7.0;   2.7;    3;   2.0;   6;    3.483;   0;   7.0;  17.3;  999.55;   19.3;   78.50;   24.4;   15.6;   14.4;eor
       2667;20180612;   10;   8.2;   2.8;    3;   0.4;   6;    0.417;   0;   7.5;  15.0; 1000.59;   15.7;   84.54;   17.6;   13.3;   12.4;eor
       2667;20180613;   10;   8.4;   3.7;    3;   0.0;   0;    0.450;   0;   5.9;  11.9; 1004.36;   13.9;   75.71;   17.6;    8.4;    6.6;eor
       2667;20180614;   10;   8.1;   2.7;    3;   3.1;   6;    6.800;   0;   5.6;  12.9; 1004.57;   15.0;   77.54;   22.3;    6.4;    4.9;eor
       2667;20180615;   10;   6.7;   1.9;    3;   0.0;   6;    6.517;   0;   5.6;  16.0; 1004.76;   18.9;   75.00;   24.5;   14.6;   14.4;eor
       2667;20180616;   10;   9.3;   2.0;    3;   3.1;   6;    4.200;   0;   5.8;  16.1; 1003.63;   19.2;   75.00;   26.1;   13.2;   12.2;eor
       2667;20180617;   10;   9.6;   3.1;    3;   0.0;   0;    3.033;   0;   6.3;  13.5; 1006.60;   16.4;   72.92;   21.2;   12.3;   11.3;eor
       2667;20180618;   10;   7.4;   2.6;    3;   0.2;   6;    0.617;   0;   7.0;  15.3; 1009.26;   18.4;   71.92;   22.2;   14.4;   14.2;eor
       2667;20180619;   10;   6.7;   1.8;    3;   0.2;   6;    0.017;   0;   6.5;  17.1; 1012.10;   18.0;   82.46;   21.3;   13.4;   11.5;eor
       2667;20180620;   10;   6.7;   2.0;    3;   0.0;   0;    9.817;   0;   4.1;  17.8; 1008.93;   22.6;   67.13;   28.7;   17.5;   16.6;eor
       2667;20180621;   10;  15.8;   5.9;    3;   0.0;   6;    7.033;   0;   4.0;  12.5; 1007.55;   16.5;   65.71;   19.9;    9.4;    7.9;eor
       2667;20180622;   10;  14.1;   5.8;    3;   0.0;   6;    4.100;   0;   5.0;  10.2; 1013.49;   13.0;   68.13;   17.9;    9.1;    7.6;eor
       2667;20180623;   10;   9.9;   3.5;    3;   0.0;   6;    2.950;   0;   5.7;  11.4; 1014.49;   12.7;   78.33;   17.6;    7.7;    5.3;eor
       2667;20180624;   10;   9.4;   3.3;    3;   0.1;   6;    1.233;   0;   7.5;  12.7; 1010.83;   15.1;   74.75;   19.2;   10.8;    9.5;eor
       2667;20180625;   10;   8.1;   3.1;    3;   0.0;   0;    3.767;   0;   5.6;  14.3; 1012.13;   16.2;   79.04;   21.7;   12.2;   10.2;eor
       2667;20180626;   10;   9.1;   3.0;    3;   0.0;   0;   13.433;   0;   1.8;  13.4; 1012.73;   15.9;   75.75;   21.6;    9.6;    7.8;eor
       2667;20180627;   10;  10.8;   3.0;    3;   0.0;   0;   14.450;   0;   1.6;  13.2; 1011.62;   19.0;   63.96;   26.7;    9.3;    7.4;eor
       2667;20180628;   10;   9.8;   3.2;    3;   0.0;   0;   14.833;   0;   1.9;  13.0; 1009.58;   21.3;   54.00;   27.9;   10.4;    8.5;eor
       2667;20180629;   10;   9.6;   3.3;    3;   0.0;   0;   15.233;   0;   0.8;  13.8; 1005.54;   22.7;   52.29;   29.1;   15.0;   13.2;eor
       2667;20180630;   10;   9.3;   2.9;    3;   0.0;   0;   14.700;   0;   0.7;  12.9; 1003.07;   22.6;   50.50;   30.0;   13.3;   11.9;eor
       2667;20180701;   10;  12.7;   4.9;    3;   0.0;   0;   15.383;   0;   0.1;   8.1; 1004.45;   21.5;   32.75;   27.3;   15.0;   12.2;eor
       2667;20180702;   10;   8.7;   3.3;    3;   0.0;   0;   15.350;   0;   0.0;   9.0; 1003.77;   21.8;   35.50;   28.4;   12.8;   11.0;eor
       2667;20180703;   10;   7.9;   2.2;    3;   0.0;   0;   15.017;   0;   1.5;  10.2; 1004.29;   21.7;   43.33;   30.8;    8.4;    7.7;eor
       2667;20180704;   10;   8.6;   2.4;    3;   0.5;   6;    6.017;   0;   6.6;  16.5; 1002.40;   21.9;   63.29;   28.7;   15.4;   15.0;eor
       2667;20180705;   10;  10.5;   2.3;    3;   0.0;   0;    4.983;   0;   5.2;  17.3; 1001.93;   21.1;   71.42;   27.1;   14.8;   12.7;eor
       2667;20180706;   10;   8.6;   3.3;    3;   0.0;   0;    7.917;   0;   3.8;  14.7; 1007.95;   19.3;   67.79;   25.5;   13.6;   11.4;eor
       2667;20180707;   10;  11.3;   3.7;    3;   0.0;   0;   12.900;   0;   4.2;  12.5; 1010.79;   20.6;   55.29;   27.4;   13.2;   12.5;eor
       2667;20180708;   10;  11.8;   3.2;    3;   0.0;   0;   15.183;   0;   1.0;  11.5; 1011.66;   18.8;   57.04;   26.4;   10.7;    8.0;eor
       2667;20180709;   10;  11.7;   3.8;    3;   0.0;   6;    7.333;   0;   4.3;  13.6; 1010.17;   19.2;   63.21;   25.1;   11.7;    9.6;eor
       2667;20180710;   10;  12.5;   4.7;    3;  14.1;   6;    0.533;   0;   7.0;  13.0; 1005.60;   15.5;   74.50;   19.0;   11.0;    9.1;eor
       2667;20180711;   10;  11.3;   2.9;    3;   1.6;   6;    2.800;   0;   5.8;  14.4; 1005.14;   15.8;   81.79;   22.1;    9.5;    7.5;eor
       2667;20180712;   10;   7.5;   2.2;    3;   0.0;   6;    6.533;   0;   5.3;  16.8; 1006.37;   19.5;   76.42;   25.9;   14.0;   12.8;eor
       2667;20180713;   10;   8.2;   1.9;    3;   0.0;   0;   14.733;   0;   1.2;  14.9; 1008.20;   20.6;   65.58;   28.0;   11.8;   11.3;eor
       2667;20180714;   10;   8.6;   2.5;    3;   0.0;   0;   13.900;   0;   1.1;  14.5; 1007.17;   21.0;   61.75;   28.2;   12.3;   11.5;eor
       2667;20180715;   10;   8.6;   2.4;    3;   0.0;   0;   15.017;   0;   1.1;  12.7; 1004.37;   21.3;   55.54;   29.5;   11.6;   10.3;eor
       2667;20180716;   10;   8.2;   2.0;    3;   0.0;   0;   14.500;   0;   1.9;  12.2; 1001.25;   22.2;   50.54;   30.9;   10.8;    9.9;eor
       2667;20180717;   10;  16.8;   2.9;    3;   1.9;   6;    8.017;   0;   4.1;  15.0; 1003.30;   20.9;   64.75;   30.3;   13.2;   12.4;eor
       2667;20180718;   10;  11.0;   1.9;    3;   0.0;   0;   11.633;   0;   1.9;  13.7; 1006.69;   19.6;   64.04;   27.1;   11.1;    9.9;eor
       2667;20180719;   10;   6.0;   1.9;    3;   0.0;   0;   10.767;   0;   2.6;  12.8; 1005.86;   20.8;   56.83;   29.2;   11.3;    9.7;eor
       2667;20180720;   10;  10.8;   2.3;    3;   0.0;   6;    8.900;   0;   5.2;  14.0; 1001.49;   21.6;   57.83;   31.5;   11.9;   11.0;eor
       2667;20180721;   10;   8.4;   2.0;    3;   0.0;   6;    5.083;   0;   4.9;  16.0;  999.72;   21.1;   66.54;   28.5;   13.8;   13.4;eor
       2667;20180722;   10;  10.5;   3.1;    3;   0.0;   0;    8.267;   0;   5.2;  15.5; 1002.95;   22.2;   60.33;   28.8;   17.2;   15.7;eor
       2667;20180723;   10;   6.7;   1.9;    3;   0.0;   0;    7.600;   0;   2.6;  16.3; 1005.38;   22.1;   64.21;   29.2;   14.3;   13.2;eor
       2667;20180724;   10;   6.5;   2.0;    3;   0.0;   0;   11.600;   0;   0.6;  15.7; 1002.82;   25.1;   54.92;   33.8;   14.6;   13.4;eor
       2667;20180725;   10;  10.3;   2.4;    3;   0.0;   0;    8.833;   0;   2.3;  17.2; 1002.94;   25.9;   55.08;   35.6;   16.9;   15.5;eor
       2667;20180726;   10;  11.3;   2.4;    3;   0.0;   0;    9.733;   0;   3.4;  17.0; 1002.65;   27.4;   51.29;   36.3;   17.7;   16.4;eor
       2667;20180727;   10;   8.9;   2.8;    3;   0.0;   0;   14.383;   0;   1.6;  13.2;  999.88;   28.5;   37.13;   36.2;   16.5;   15.6;eor
       2667;20180728;   10;  12.0;   2.8;    3;  14.7;   6;    3.867;   0;   5.0;  17.6;  997.65;   23.0;   63.33;   29.6;   17.8;   15.7;eor
       2667;20180729;   10;  10.6;   3.1;    3;   0.0;   0;    3.433;   0;   5.7;  15.0; 1001.93;   22.8;   57.88;   31.2;   15.5;   15.2;eor
       2667;20180730;   10;   8.6;   2.1;    3;   0.0;   0;    9.667;   0;   4.0;  16.4; 1003.30;   25.1;   55.33;   34.0;   15.4;   14.5;eor
       2667;20180731;   10;   9.3;   2.9;    3;   0.0;   0;    7.917;   0;   4.6;  17.2; 1005.02;   24.8;   57.92;   32.7;   17.0;   15.5;eor
       2667;20180801;   10;   6.2;   2.1;    3;   0.0;   0;    6.283;   0;   5.0;  17.5; 1008.68;   23.0;   63.42;   29.1;   16.6;   15.8;eor
       2667;20180802;   10;   9.1;   2.4;    3;   0.0;   0;   14.000;   0;   1.0;  16.7; 1009.89;   24.8;   58.88;   33.9;   14.8;   13.5;eor
       2667;20180803;   10;   7.2;   2.2;    3;   0.0;   0;   13.583;   0;   0.6;  17.1; 1008.55;   26.9;   51.75;   35.7;   17.5;   16.1;eor
       2667;20180804;   10;  10.5;   3.7;    3;   0.0;   0;   10.900;   0;   4.3;  17.2; 1006.78;   26.8;   52.08;   33.9;   19.5;   18.6;eor
       2667;20180805;   10;   9.4;   3.6;    3;   0.0;   0;   12.417;   0;   3.0;  15.5; 1009.35;   23.1;   57.38;   28.9;   15.1;   13.2;eor
       2667;20180806;   10;   8.7;   2.4;    3;   0.0;   0;   13.283;   0;   1.3;  13.1; 1003.94;   24.6;   47.67;   34.3;   12.3;   11.4;eor
       2667;20180807;   10;  11.5;   3.2;    3;   3.6;   6;   12.967;   0;   2.0;  13.2;  997.74;   28.2;   40.29;   38.3;   14.4;   13.0;eor
       2667;20180808;   10;  13.5;   4.1;    3;   0.0;   6;    6.383;   0;   5.4;  17.6; 1000.64;   23.4;   62.08;   28.0;   15.9;   14.4;eor
       2667;20180809;   10;  18.9;   4.7;    3;  14.0;   6;    3.117;   0;   5.7;  17.1; 1000.81;   20.6;   71.21;   31.9;   14.7;   14.0;eor
       2667;20180810;   10;  12.0;   5.0;    3;   0.0;   6;    9.900;   0;   4.4;  10.7; 1009.65;   18.7;   51.88;   24.7;   12.0;   10.6;eor
       2667;20180811;   10;  10.6;   3.8;    3;   0.0;   0;   10.633;   0;   3.8;  10.8; 1010.36;   17.6;   56.13;   23.6;   10.1;    8.9;eor
       2667;20180812;   10;   9.4;   2.6;    3;   0.6;   6;   11.233;   0;   4.3;  10.4; 1003.70;   18.7;   53.75;   28.3;    7.8;    6.4;eor
       2667;20180813;   10;  11.7;   3.4;    3;   7.4;   6;    2.817;   0;   5.2;  15.8;  996.68;   17.9;   77.29;   23.1;   14.5;   12.7;eor
       2667;20180814;   10;  12.9;   3.8;    3;   1.1;   6;    1.567;   0;   7.1;  17.4; 1002.97;   19.0;   79.71;   24.3;   16.3;   15.5;eor
       2667;20180815;   10;   8.6;   1.8;    3;   0.0;   0;    3.233;   0;   6.0;  16.2; 1007.63;   19.9;   70.67;   24.3;   14.8;   13.4;eor
       2667;20180816;   10;   8.4;   2.4;    3;   0.0;   0;   13.067;   0;   2.8;  15.8; 1004.21;   20.8;   68.25;   30.1;   12.0;   10.6;eor
       2667;20180817;   10;  11.0;   3.9;    3;   1.3;   6;    4.200;   0;   5.3;  16.1; 1005.91;   18.4;   76.33;   22.6;   12.0;   10.4;eor
       2667;20180818;   10;   7.7;   2.2;    3;   0.0;   0;   12.750;   0;   3.6;  12.9; 1010.45;   18.3;   65.79;   26.4;   10.4;    8.8;eor
       2667;20180819;   10;   8.2;   2.5;    3;   0.0;   0;   13.117;   0;   1.7;  14.9; 1009.03;   20.2;   65.83;   27.9;   10.9;    9.7;eor
       2667;20180820;   10;   7.7;   2.5;    3;   0.0;   6;    0.117;   0;   7.5;  18.6; 1008.06;   20.7;   75.83;   23.8;   18.0;   16.8;eor
       2667;20180821;   10;   5.8;   1.8;    3;   0.0;   0;    3.333;   0;   6.5;  17.1; 1008.09;   22.3;   65.75;   28.5;   17.4;   15.2;eor
       2667;20180822;   10;   9.6;   2.4;    3;   0.0;   0;   12.283;   0;   2.4;  16.7; 1004.94;   22.8;   63.08;   30.9;   13.8;   13.1;eor
       2667;20180823;   10;   9.8;   2.8;    3;   0.6;   6;    8.917;   0;   3.1;  17.6; 1001.34;   21.9;   69.67;   30.0;   15.4;   13.6;eor
       2667;20180824;   10;  11.8;   4.4;    3;   2.5;   6;    2.850;   0;   6.8;  12.4; 1000.52;   18.0;   61.00;   22.0;   14.8;   13.8;eor
       2667;20180825;   10;  14.1;   4.1;    3;   1.1;   6;    3.517;   0;   5.9;  11.3; 1000.87;   13.3;   74.71;   18.0;    8.6;    6.8;eor
       2667;20180826;   10;  16.1;   2.7;    3;   1.8;   6;    7.533;   0;   4.7;   9.5; 1004.09;   14.4;   62.29;   21.8;    5.2;    3.5;eor
       2667;20180827;   10;  14.2;   4.9;    3;   0.0;   6;    3.967;   0;   6.5;  13.3; 1001.47;   17.6;   67.58;   23.9;   12.4;   11.6;eor
       2667;20180828;   10;   7.5;   2.5;    3;   0.0;   0;   10.267;   0;   2.9;  12.9; 1006.90;   18.3;   63.54;   24.4;   10.2;    8.5;eor
       2667;20180829;   10;  13.0;   2.8;    3;  11.2;   6;    5.917;   0;   6.0;  15.4; 1001.49;   19.1;   71.25;   28.1;   10.2;    8.9;eor
       2667;20180830;   10;  12.3;   4.2;    3;   0.0;   6;    6.183;   0;   5.5;  13.1; 1008.46;   15.9;   74.00;   21.0;    9.3;    8.6;eor
       2667;20180831;   10;   7.2;   2.3;    3;   0.0;   0;    6.350;   0;   6.2;  11.3; 1010.78;   14.3;   72.29;   20.7;    8.8;    7.2;eor
       2667;20180901;   10;   9.8;   2.5;    3;   0.0;   0;   11.650;   0;   0.9;  10.0; 1013.97;   13.7;   68.25;   21.4;    5.5;    3.9;eor
       2667;20180902;   10;  10.6;   2.4;    3;   0.0;   6;    6.067;   0;   3.9;  11.7; 1011.80;   16.5;   65.04;   24.5;    7.0;    5.3;eor
       2667;20180903;   10;   6.7;   2.0;    3;   0.0;   6;    0.067;   0;   7.5;  16.1; 1005.97;   18.5;   75.88;   21.9;   15.4;   13.8;eor
       2667;20180904;   10;  10.3;   1.9;    3;   1.5;   6;    7.167;   0;   5.0;  17.9; 1004.80;   19.4;   81.96;   27.6;   13.7;   12.7;eor
       2667;20180905;   10;   6.7;   1.9;    3;   1.9;   6;    4.417;   0;   5.8;  17.6; 1004.36;   20.9;   74.33;   28.8;   14.8;   13.8;eor
       2667;20180906;   10;   7.0;   2.1;    3;   9.4;   6;    0.100;   0;   6.5;  18.3; 1001.04;   17.9;   89.25;   21.1;   13.5;   12.1;eor
       2667;20180907;   10;  11.3;   2.8;    3;   0.0;   6;    2.417;   0;   5.1;  12.8; 1003.06;   14.8;   76.67;   19.0;    8.5;    6.3;eor
       2667;20180908;   10;   8.2;   2.6;    3;   0.0;   0;    9.083;   0;   3.8;  10.8; 1008.37;   14.2;   69.21;   21.8;    6.3;    4.2;eor
       2667;20180909;   10;   6.3;   2.1;    3;   0.0;   0;    6.350;   0;   5.9;  12.7; 1009.10;   17.8;   64.46;   25.4;   10.6;   10.0;eor
       2667;20180910;   10;   8.7;   2.5;    3;   0.0;   0;    3.267;   0;   6.1;  13.8; 1010.18;   17.6;   69.50;   23.7;   11.5;   10.3;eor
       2667;20180911;   10;   9.9;   3.1;    3;   0.0;   0;   10.617;   0;   3.7;  13.8; 1010.68;   19.6;   63.58;   28.3;   11.9;   10.8;eor
       2667;20180912;   10;  11.0;   3.5;    3;   1.4;   6;   10.483;   0;   2.3;  14.9; 1008.86;   18.3;   73.29;   26.5;   11.1;    9.3;eor
       2667;20180913;   10;   6.7;   2.6;    3;   0.1;   6;    0.033;   0;   6.9;  15.0; 1008.92;   15.0;   87.58;   18.1;   10.4;    8.8;eor
       2667;20180914;   10;   8.2;   2.0;    3;   0.0;   0;    4.833;   0;   4.2;  11.3; 1009.19;   14.0;   73.88;   21.1;    7.9;    6.1;eor
       2667;20180915;   10;  10.8;   2.6;    3;   0.0;   0;    2.883;   0;   5.8;  11.5; 1012.32;   14.7;   70.54;   21.1;    8.8;    6.6;eor
       2667;20180916;   10;   7.5;   2.4;    3;   0.0;   0;    9.950;   0;   5.0;  10.6; 1010.47;   15.8;   63.63;   24.5;    6.1;    4.0;eor
       2667;20180917;   10;   5.7;   2.2;    3;   0.0;   0;   10.850;   0;   5.0;  10.8; 1006.79;   18.1;   57.50;   28.2;    7.3;    5.1;eor
       2667;20180918;   10;  12.9;   4.0;    3;   0.0;   6;    8.400;   0;   2.1;  13.0; 1002.44;   23.6;   46.13;   33.1;   16.9;   14.6;eor
       2667;20180919;   10;  11.8;   3.5;    3;   0.0;   0;    9.450;   0;   2.9;  15.3; 1006.16;   21.4;   62.88;   29.5;   12.2;   11.1;eor
       2667;20180920;   10;  10.3;   3.4;    3;   0.0;   0;   10.017;   0;   5.0;  13.8; 1004.56;   20.9;   58.29;   28.1;   12.5;   10.4;eor
       2667;20180921;   10;  20.1;   5.4;    3;   1.0;   6;    2.017;   0;   5.0;  12.1;  999.03;   16.9;   62.13;   22.1;   11.7;    9.6;eor
       2667;20180922;   10;  12.9;   3.4;    3;   8.0;   6;    0.983;   0;   6.6;  10.9; 1008.26;   12.4;   76.38;   16.4;   10.4;    9.2;eor
       2667;20180923;   10;  14.4;   4.2;    3;  19.6;   6;    0.017;   0;   7.8;  12.4; 1001.80;   10.9;   94.83;   14.1;    8.0;    6.5;eor
       2667;20180924;   10;  13.2;   3.3;    3;   0.0;   6;    6.283;   0;   2.8;   9.4; 1020.82;    9.6;   80.42;   15.2;    5.3;    2.9;eor
       2667;20180925;   10;   5.1;   1.9;    3;   0.0;   0;   10.550;   0;   2.2;   8.3; 1026.26;    8.7;   76.83;   16.5;    0.5;    0.0;eor
       2667;20180926;   10;   5.0;   2.3;    3;   0.0;   0;    9.583;   0;   4.0;   8.0; 1022.15;   10.7;   65.58;   19.5;    4.0;    1.9;eor
       2667;20180927;   10;   6.2;   2.3;    3;   0.0;   0;   10.833;   0;   0.0;   9.2; 1015.25;   13.2;   65.71;   24.0;    3.5;    2.3;eor
       2667;20180928;   10;   7.2;   2.2;    3;   0.5;   6;    0.967;   0;   3.8;  10.2; 1013.75;    9.0;   88.63;   13.8;    3.9;    1.4;eor
       2667;20180929;   10;   7.2;   1.7;    3;   0.0;   0;   10.650;   0;   3.8;   7.1; 1015.56;    7.9;   71.75;   16.9;   -0.2;   -1.3;eor
       2667;20180930;   10;   6.0;   2.1;    3;   0.0;   6;   10.650;   0;   1.0;   7.3; 1005.97;    8.8;   68.63;   18.1;   -0.3;   -1.9;eor
       2667;20181001;   10;  14.9;   3.7;    3;   2.0;   6;    3.167;   0;   5.6;   9.3; 1007.01;    9.0;   81.79;   15.0;    4.7;    2.5;eor
       2667;20181002;   10;  10.8;   3.2;    3;   5.9;   6;    0.583;   0;   7.0;  11.0; 1007.86;    9.7;   89.88;   14.0;    5.9;    5.3;eor
       2667;20181003;   10;   9.3;   3.2;    3;   0.0;   0;    3.133;   0;   6.0;  11.4; 1012.92;   12.1;   81.33;   16.2;    6.1;    4.7;eor
       2667;20181004;   10;   5.1;   2.2;    3;   0.0;   0;    2.483;   0;   3.8;  10.6; 1014.98;   10.8;   82.75;   16.9;    3.7;    3.0;eor
       2667;20181005;   10;   9.3;   3.7;    3;   0.0;   0;   10.250;   0;   1.3;  11.1; 1006.85;   14.7;   68.04;   22.1;    8.6;    6.9;eor
       2667;20181006;   10;   8.9;   3.4;    3;   2.1;   6;    9.367;   0;   2.9;  12.9;  998.22;   16.8;   69.75;   25.6;    7.9;    5.6;eor
       2667;20181007;   10;   8.9;   3.2;    3;   0.4;   6;    3.867;   0;   5.9;  11.3; 1005.73;   11.9;   81.83;   16.4;    5.3;    3.5;eor
       2667;20181008;   10;   3.6;   1.6;    3;   0.0;   0;    9.817;   0;   3.2;   9.3; 1010.33;    9.3;   81.63;   17.1;    2.8;    1.3;eor
       2667;20181009;   10;   5.1;   2.0;    3;   0.0;   0;    7.300;   0;   4.9;  12.3; 1009.87;   13.2;   81.25;   22.3;    4.3;    2.9;eor
       2667;20181010;   10;  10.1;   2.8;    3;   0.0;   0;    9.933;   0;   1.0;  12.9; 1005.30;   15.9;   74.08;   24.3;    6.7;    4.9;eor
       2667;20181011;   10;   7.7;   3.5;    3;   0.0;   0;    6.750;   0;   2.4;  13.8; 1001.78;   17.6;   69.29;   23.0;   10.1;    7.7;eor
       2667;20181012;   10;  10.3;   3.7;    3;   0.0;   0;    6.600;   0;   4.5;  15.0; 1007.89;   20.1;   64.38;   26.2;   15.3;   12.0;eor
       2667;20181013;   10;  10.6;   3.9;    3;   0.0;   0;    9.717;   0;   2.0;  14.0; 1007.07;   20.6;   58.63;   26.7;   15.4;   11.4;eor
       2667;20181014;   10;  11.8;   4.5;    3;   0.0;   0;    9.450;   0;   1.2;  12.8;  999.53;   19.9;   55.63;   25.4;   15.6;   13.9;eor
       2667;20181015;   10;   6.0;   2.5;    3;   0.0;   0;    8.517;   0;   2.3;  12.2; 1001.72;   17.9;   62.17;   25.8;    9.5;    6.5;eor
       2667;20181016;   10;   6.2;   1.8;    3;   0.0;   0;    8.300;   0;   3.5;  12.3; 1006.83;   15.9;   71.46;   25.6;    8.1;    5.7;eor
       2667;20181017;   10;   4.6;   1.8;    3;   0.0;   0;    8.350;   0;   5.3;  12.8; 1007.33;   15.1;   76.79;   23.7;    8.5;    6.3;eor
       2667;20181018;   10;   6.3;   1.9;    3;   0.0;   0;    1.667;   0;   4.8;  12.7; 1010.86;   12.9;   86.04;   18.1;    7.8;    4.1;eor
       2667;20181019;   10;   4.1;   1.2;    3;   0.0;   0;    5.617;   0;   3.8;  11.0; 1012.65;   10.2;   88.46;   16.8;    4.2;    1.9;eor
       2667;20181020;   10;   5.1;   1.5;    3;   0.0;   0;    5.550;   0;   4.5;   9.4; 1018.02;    8.5;   85.88;   15.2;    2.4;   -0.1;eor
       2667;20181021;   10;   5.7;   2.1;    3;   0.0;   0;    9.183;   0;   1.9;   8.2; 1016.74;    8.1;   78.67;   16.6;    0.8;   -0.9;eor
       2667;20181022;   10;   9.4;   2.1;    3;   0.0;   6;    0.933;   0;   5.7;   9.0; 1018.59;    7.9;   85.04;   14.8;    2.8;   -0.1;eor
       2667;20181023;   10;  12.9;   4.3;    3;   1.0;   6;    0.317;   0;   6.5;   9.5; 1014.29;    9.1;   81.96;   13.5;    1.8;   -0.7;eor
       2667;20181024;   10;  14.4;   5.7;    3;   1.2;   6;    0.100;   0;   7.8;  13.6; 1011.33;   13.5;   88.21;   15.2;   12.1;   11.6;eor
       2667;20181025;   10;   8.7;   3.3;    3;   0.0;   6;    0.017;   0;   7.9;  11.4; 1007.55;   12.3;   79.54;   13.4;   10.3;    9.9;eor
       2667;20181026;   10;  12.7;   3.9;    3;   1.2;   6;    0.000;   0;   7.8;   9.4;  997.60;    9.8;   77.17;   11.6;    5.6;    4.3;eor
       2667;20181027;   10;   7.2;   2.0;    3;   0.0;   0;    0.550;   0;   6.3;   7.8;  997.25;    5.1;   88.00;    8.4;    1.0;   -1.0;eor
       2667;20181028;   10;  11.3;   4.0;    3;   0.1;   6;    2.000;   0;   6.8;   6.5; 1001.17;    4.6;   77.92;    7.6;    0.4;   -1.6;eor
       2667;20181029;   10;   8.9;   3.9;    3;   6.9;   6;    0.000;   0;   8.0;   7.4;  989.99;    5.8;   80.13;    7.3;    4.5;    3.8;eor
       2667;20181030;   10;  15.3;   5.4;    3;   5.7;   6;    0.000;   0;   7.8;   8.2;  980.98;    6.2;   86.33;    9.5;    3.8;    3.1;eor
       2667;20181031;   10;   8.1;   3.5;    3;   0.0;   6;    1.867;   0;   5.2;   8.0; 1001.39;    7.7;   76.38;   10.6;    2.8;    1.0;eor
       2667;20181101;   10;   7.2;   2.9;    3;   1.0;   6;    0.000;   0;   6.7;   9.1;  999.57;    8.4;   82.25;   10.2;    3.0;    1.7;eor
       2667;20181102;   10;   7.9;   2.3;    3;   0.0;   6;    1.417;   0;   4.7;   8.8; 1010.57;    7.9;   82.58;   11.2;    0.9;   -1.2;eor
       2667;20181103;   10;   4.1;   1.9;    3;   0.0;   0;    8.017;   0;   3.5;   6.4; 1016.01;    3.1;   85.29;   10.7;   -1.8;   -3.5;eor
       2667;20181104;   10;   7.7;   3.3;    3;   0.0;   0;    0.000;   0;   6.8;   9.1; 1004.84;    8.1;   83.58;   12.2;   -1.6;   -2.7;eor
       2667;20181105;   10;   9.1;   3.5;    3;   0.0;   6;    1.150;   0;   7.0;  10.9;  997.08;   11.1;   82.63;   14.2;    9.0;    6.2;eor
       2667;20181106;   10;   6.7;   3.1;    3;   0.0;   0;    4.800;   0;   5.9;  11.1;  995.64;   12.3;   78.13;   18.1;    7.4;    5.7;eor
       2667;20181107;   10;   9.8;   4.0;    3;   0.0;   6;    5.150;   0;   4.8;  10.4;  998.25;   12.7;   72.08;   17.4;    8.1;    5.2;eor
       2667;20181108;   10;   8.2;   2.6;    3;   0.0;   6;    4.350;   0;   4.5;  10.0; 1007.62;   10.8;   77.17;   15.1;    4.4;    3.1;eor
       2667;20181109;   10;   8.7;   3.9;    3;   0.0;   6;    2.917;   0;   5.9;  10.8; 1001.53;   11.9;   78.04;   15.5;    7.4;    6.3;eor
       2667;20181110;   10;  11.7;   5.3;    3;   3.6;   6;    0.000;   0;   7.3;  12.0;  993.39;   12.7;   81.29;   14.6;   11.1;    9.7;eor
       2667;20181111;   10;  12.9;   4.4;    3;   9.7;   6;    0.117;   0;   7.2;  11.4;  996.94;   12.3;   80.38;   14.8;   10.5;    9.6;eor
       2667;20181112;   10;  10.5;   3.1;    3;   1.3;   6;    1.517;   0;   7.3;  12.9; 1002.68;   12.7;   88.21;   19.2;   10.1;    9.3;eor
       2667;20181113;   10;  13.7;   3.4;    3;   0.0;   0;    3.850;   0;   4.4;  10.2; 1012.75;   10.6;   80.50;   15.2;    7.0;    4.4;eor
       2667;20181114;   10;   7.7;   3.3;    3;   0.0;   0;    5.550;   0;   3.6;   9.1; 1016.75;    7.7;   86.71;   12.1;    4.0;    1.2;eor
       2667;20181115;   10;  10.8;   5.4;    3;   0.0;   0;    4.300;   0;   5.6;   8.1; 1014.76;    6.5;   83.79;    8.0;    5.6;    4.5;eor
       2667;20181116;   10;  11.1;   4.6;    3;   0.0;   0;    7.083;   0;   2.2;   7.4; 1016.45;    7.2;   73.46;   12.2;    3.5;   -1.0;eor
       2667;20181117;   10;  10.5;   3.9;    3;   0.0;   0;    7.450;   0;   0.3;   5.7; 1017.78;    6.1;   62.38;   12.3;    0.6;   -2.4;eor
       2667;20181118;   10;   8.7;   1.8;    3;   0.0;   0;    7.050;   0;   1.0;   4.4; 1015.23;    2.4;   62.75;   10.8;   -4.3;   -6.3;eor
       2667;20181119;   10;  13.4;   4.8;    3;   0.0;   6;    0.867;   0;   5.5;   5.6; 1005.55;    3.4;   71.58;    6.9;   -3.1;   -6.1;eor
       2667;20181120;   10;  13.7;   6.4;    3;   0.0;   0;    0.000;   0;   7.4;   5.3;  997.39;    3.7;   67.13;    5.1;    2.5;    0.7;eor
       2667;20181121;   10;   7.4;   2.9;    3;   0.0;   0;    0.350;   0;   5.8;   5.8; 1003.90;    2.5;   79.88;    4.5;   -2.0;   -4.8;eor
       2667;20181122;   10;   8.7;   3.4;    3;   0.0;   0;    0.233;   0;   5.6;   6.2; 1007.54;    3.7;   78.42;    6.2;    0.9;   -0.7;eor
       2667;20181123;   10;   7.2;   3.1;    3;   0.0;   6;    7.033;   0;   2.5;   6.4; 1005.39;    3.9;   79.54;   10.0;    0.1;   -1.9;eor
       2667;20181124;   10;   8.1;   3.0;    3;   4.0;   6;    0.000;   0;   7.9;   7.7;  999.41;    4.1;   92.63;    6.4;    0.7;   -1.0;eor
       2667;20181125;   10;   3.6;   1.3;    3;   0.2;   6;    0.000;   0;   7.8;   8.7;  998.11;    5.3;   97.29;    6.5;    3.9;    2.0;eor
       2667;20181126;   10;   4.8;   1.9;    3;   0.0;   6;    0.000;   0;   7.8;   8.2;  999.17;    5.2;   92.46;    7.0;    3.4;    2.5;eor
       2667;20181127;   10;   7.5;   2.6;    3;   0.0;   0;    0.433;   0;   5.7;   6.1; 1007.54;    3.3;   78.50;    5.4;    0.2;   -1.7;eor
       2667;20181128;   10;  11.3;   5.7;    3;   2.0;   6;    0.000;   0;   6.8;   6.9; 1008.55;    4.3;   82.13;    6.6;    1.6;    0.4;eor
       2667;20181129;   10;  16.5;   6.6;    3;   2.7;   6;    0.000;   0;   7.2;   8.3; 1003.10;    6.9;   83.17;    8.5;    5.9;    5.4;eor
       2667;20181130;   10;   7.7;   3.8;    3;   0.5;   6;    0.600;   0;   6.7;   9.4; 1000.64;    8.4;   84.67;   11.7;    6.2;    2.8;eor
       2667;20181201;   10;  11.5;   4.4;    3;   7.8;   6;    0.717;   0;   6.2;   8.6; 1000.98;    7.6;   82.50;   11.4;    3.9;    1.6;eor
       2667;20181202;   10;  12.0;   3.9;    3;  15.1;   6;    0.000;   0;   7.5;  12.1;  990.56;   11.5;   88.25;   15.0;    8.3;    7.6;eor
       2667;20181203;   10;  14.2;   3.7;    3;   4.5;   6;    0.283;   0;   6.8;  12.5;  990.57;   12.2;   88.04;   14.0;   11.0;    9.5;eor
       2667;20181204;   10;  16.5;   3.3;    3;   0.2;   6;    3.267;   0;   5.4;   8.3; 1007.57;    6.1;   87.58;   11.4;   -1.1;   -1.9;eor
       2667;20181205;   10;   9.3;   4.0;    3;   1.1;   6;    0.283;   0;   6.5;   7.3; 1010.67;    4.1;   88.54;    7.5;   -1.2;   -2.6;eor
       2667;20181206;   10;   8.1;   3.2;    3;   1.7;   6;    0.000;   0;   7.8;  11.0; 1004.70;   10.0;   89.17;   12.8;    6.4;    5.8;eor
       2667;20181207;   10;  18.9;   5.1;    3;   3.8;   6;    0.000;   0;   7.6;  10.8;  996.38;   10.6;   84.21;   12.6;    6.1;    3.9;eor
       2667;20181208;   10;  16.3;   6.3;    3;  13.1;   6;    0.000;   0;   6.7;   8.6;  992.51;    8.2;   78.88;   10.7;    6.0;    3.7;eor
       2667;20181209;   10;  18.7;   6.5;    3;   6.4;   6;    0.017;   0;   7.2;   8.9;  991.30;    7.9;   83.58;   10.6;    5.9;    4.6;eor
       2667;20181210;   10;  11.3;   4.8;    3;   0.7;   6;    0.150;   0;   5.9;   7.4; 1008.98;    5.0;   84.96;    6.2;    3.0;    1.4;eor
       2667;20181211;   10;  12.3;   2.7;    3;   1.9;   6;    0.833;   0;   6.2;   7.1; 1011.78;    3.8;   89.38;    7.1;    1.0;   -1.4;eor
       2667;20181212;   10;   6.7;   1.6;    3;   0.0;   6;    3.217;   0;   5.6;   6.4; 1012.61;    2.5;   87.29;    7.6;   -0.3;   -2.4;eor
       2667;20181213;   10;  10.6;   3.2;    3;   0.0;   0;    6.050;   0;   2.8;   4.9; 1008.72;    1.0;   75.46;    3.6;   -1.3;   -4.0;eor
       2667;20181214;   10;   8.4;   2.5;    3;   0.0;   0;    0.000;   0;   7.7;   4.3; 1010.72;    1.2;   65.13;    1.9;    0.1;   -0.5;eor
       2667;20181215;   10;  13.7;   5.1;    3;   0.4;   7;    0.000;   0;   7.1;   4.0; 1011.32;    0.3;   64.75;    1.1;   -0.6;   -1.7;eor
       2667;20181216;   10;  10.8;   4.6;    3;   0.5;   8;    0.000;   1;   7.3;   5.3; 1000.90;    0.1;   84.83;    1.7;   -1.9;   -1.9;eor
       2667;20181217;   10;   8.6;   3.7;    3;   3.4;   6;    0.083;   0;   6.2;   7.5; 1007.61;    4.6;   88.13;    8.2;    0.9;   -0.2;eor
       2667;20181218;   10;  13.4;   4.8;    3;   0.1;   6;    3.133;   0;   5.3;   7.1; 1009.52;    4.8;   82.63;    7.3;    2.6;    0.4;eor
       2667;20181219;   10;   9.8;   4.2;    3;   0.7;   6;    1.950;   0;   7.0;   8.1; 1001.00;    7.5;   77.63;   11.8;    4.9;    3.7;eor
       2667;20181220;   10;   8.2;   3.9;    3;   4.4;   6;    0.417;   0;   7.3;   8.6; 1001.00;    7.6;   82.50;    9.8;    5.0;    3.9;eor
       2667;20181221;   10;  17.7;   6.2;    3;  10.9;   6;    0.000;   0;   7.5;   9.9;  994.64;   10.5;   77.54;   14.7;    7.4;    6.2;eor
       2667;20181222;   10;  13.4;   4.7;    3;   0.3;   6;    0.150;   0;   6.9;   9.6; 1002.35;    9.9;   79.04;   11.5;    7.2;    5.5;eor
       2667;20181223;   10;  11.3;   2.7;    3;  15.7;   6;    0.000;   0;   7.8;   9.8; 1006.18;    7.8;   92.13;   10.5;    5.9;    5.0;eor
       2667;20181224;   10;  11.5;   3.9;    3;   0.0;   6;    2.267;   0;   5.3;   7.1; 1016.92;    3.7;   88.08;    6.8;   -2.0;   -3.8;eor
       2667;20181225;   10;   6.3;   1.6;    3;   0.0;   0;    0.650;   0;   6.1;   6.1; 1023.51;    2.5;   84.29;    5.9;   -2.7;   -4.3;eor
       2667;20181226;   10;   3.4;   1.8;    3;   0.0;   0;    2.833;   0;   3.3;   5.1; 1020.70;   -0.3;   85.58;    3.8;   -4.9;   -6.0;eor
       2667;20181227;   10;   3.6;   1.8;    3;   0.0;   0;    1.317;   0;   6.3;   5.6; 1015.36;    2.2;   79.04;    5.7;   -2.1;   -3.8;eor
       2667;20181228;   10;   4.1;   1.3;    3;   0.0;   6;    6.200;   0;   4.2;   5.6; 1017.53;    1.2;   84.88;    5.1;   -2.7;   -4.6;eor
       2667;20181229;   10;  14.2;   2.8;    3;   4.4;   6;    0.000;   0;   7.9;   7.9; 1018.79;    4.6;   91.83;    8.7;    1.8;    1.6;eor
       2667;20181230;   10;  13.5;   4.1;    3;   4.0;   6;    0.017;   0;   7.7;   8.8; 1020.37;    7.5;   84.42;    8.3;    6.7;    6.4;eor
       2667;20181231;   10;   6.3;   2.2;    3;   0.8;   6;    0.000;   0;   8.0;  10.8; 1021.33;    8.5;   97.58;    9.3;    7.7;    6.6;eor
       2667;20190101;   10;  15.6;   5.3;    3;   1.8;   6;    0.000;   0;   7.6;   8.7; 1017.51;    6.7;   88.13;    8.2;    3.4;    2.4;eor
       2667;20190102;   10;  12.9;   5.3;    3;   0.1;   8;    1.250;   0;   4.9;   5.8; 1022.58;    3.2;   74.83;    6.3;   -2.2;   -4.8;eor
       2667;20190103;   10;   7.7;   2.5;    3;   1.4;   8;    0.233;   0;   7.0;   6.6; 1026.23;    2.0;   92.75;    5.1;   -2.0;   -3.8;eor
       2667;20190104;   10;  11.1;   3.1;    3;   2.5;   6;    0.000;   0;   7.6;   7.0; 1024.54;    2.7;   94.75;    4.4;    0.6;   -1.3;eor
       2667;20190105;   10;  13.7;   6.1;    3;   2.0;   6;    0.000;   0;   8.0;   8.7; 1018.63;    5.5;   96.13;    6.5;    3.5;    3.2;eor
       2667;20190106;   10;  11.3;   4.5;    3;   1.5;   6;    0.000;   0;   8.0;   8.4; 1020.60;    5.0;   95.50;    5.6;    4.5;    3.7;eor
       2667;20190107;   10;  11.3;   2.1;    3;   7.9;   6;    0.000;   0;   7.7;   8.2; 1018.70;    4.7;   95.63;    7.7;    1.7;    0.5;eor
       2667;20190108;   10;  22.8;   7.9;    3;   8.5;   6;    0.433;   0;   6.8;   7.9; 1004.35;    6.2;   83.17;    8.4;    3.6;    2.9;eor
       2667;20190109;   10;  14.2;   6.2;    3;   5.7;   8;    1.417;   0;   6.0;   6.1; 1005.94;    3.1;   79.96;    5.3;    0.6;   -0.3;eor
       2667;20190110;   10;   6.7;   3.1;    3;   1.5;   8;    0.017;   0;   7.5;   5.5; 1013.82;    1.1;   83.08;    2.7;    0.1;   -1.1;eor
       2667;20190111;   10;  11.3;   2.9;    3;   2.7;   8;    0.000;   0;   8.0;   7.8; 1012.22;    3.6;   97.58;    6.8;    0.5;    0.3;eor
       2667;20190112;   10;  12.3;   5.0;    3;   7.7;   6;    0.000;   0;   7.9;   8.6; 1006.82;    6.1;   91.46;    7.2;    5.2;    4.3;eor
       2667;20190113;   10;  15.8;   5.7;    3;  22.3;   6;    0.000;   0;   7.6;   9.9;  995.24;    7.7;   93.83;    8.8;    5.9;    5.2;eor
       2667;20190114;   10;  17.1;   5.2;    3;   3.7;   8;    1.367;   0;   6.1;   7.4; 1001.35;    4.4;   87.58;    7.0;    1.5;   -0.5;eor
       2667;20190115;   10;  11.1;   3.9;    3;   0.1;   6;    0.000;   0;   7.2;   7.2; 1007.25;    4.8;   83.79;    7.3;    0.0;   -1.7;eor
       2667;20190116;   10;  10.5;   3.8;    3;   0.6;   6;    0.000;   0;   7.8;   6.9;  998.76;    5.4;   76.79;    6.4;    2.3;    0.2;eor
       2667;20190117;   10;  13.7;   4.5;    3;   1.5;   8;    0.000;   0;   7.5;   7.0;  993.58;    4.2;   84.75;    6.8;    1.3;    0.5;eor
       2667;20190118;   10;   7.4;   2.6;    3;   0.0;   0;    4.217;   0;   5.7;   5.4; 1007.10;    0.5;   86.00;    3.3;   -3.1;   -4.4;eor
       2667;20190119;   10;   8.7;   3.4;    3;   0.0;   0;    6.150;   0;   3.2;   4.2; 1004.82;   -0.9;   74.67;    3.4;   -4.7;   -6.9;eor
       2667;20190120;   10;   5.7;   2.0;    3;   0.0;   0;    7.100;   0;   0.5;   3.6; 1005.39;   -3.1;   75.46;    1.7;   -6.8;   -9.4;eor
       2667;20190121;   10;   3.6;   1.8;    3;   0.0;   0;    7.167;   0;   0.5;   3.4; 1009.97;   -5.0;   82.33;    1.2;  -10.7;  -11.8;eor
       2667;20190122;   10;  11.3;   4.9;    3;   0.3;   7;    3.800;   0;   6.1;   3.8;  996.93;   -3.4;   78.79;   -1.2;   -6.1;   -8.0;eor
       2667;20190123;   10;   8.1;   3.6;    3;   0.0;   7;    0.083;   0;   7.7;   4.1;  988.82;   -2.0;   77.17;   -0.8;   -2.9;   -4.0;eor
       2667;20190124;   10;   5.7;   1.9;    3;   0.2;   7;    0.000;   0;   7.8;   3.9;  998.85;   -3.1;   80.79;   -2.1;   -3.9;   -4.1;eor
       2667;20190125;   10;   8.7;   2.3;    3;   5.4;   8;    0.467;   0;   7.8;   5.1; 1002.31;   -0.4;   84.17;    2.8;   -3.0;   -3.2;eor
       2667;20190126;   10;  11.7;   4.4;    3;   1.3;   6;    0.000;   0;   8.0;   8.2;  994.48;    5.9;   87.88;    8.1;    2.0;    1.6;eor
       2667;20190127;   10;  13.4;   5.1;    3;   6.4;   6;    0.000;   0;   7.6;   7.7;  977.41;    5.7;   83.33;    8.2;    2.7;    1.2;eor
       2667;20190128;   10;  17.0;   6.6;    3;   5.1;   8;    0.000;   0;   7.5;   6.6;  983.81;    2.9;   88.38;    3.8;    1.6;    0.8;eor
       2667;20190129;   10;   9.6;   3.5;    3;   0.0;   0;    3.400;   0;   7.2;   5.5;  992.45;    2.0;   78.92;    4.9;    0.4;   -2.3;eor
       2667;20190130;   10;  10.8;   3.3;    3;   8.7;   7;    0.000;   0;   7.7;   5.5;  981.96;    0.2;   88.21;    1.4;   -1.0;   -2.3;eor
       2667;20190131;   10;   7.4;   2.5;    3;   2.9;   7;    1.083;  11;   5.9;   5.1;  984.27;   -1.1;   90.83;    1.8;   -3.1;   -8.7;eor
       2667;20190201;   10;  10.8;   4.2;    3;   5.6;   6;    3.500;  12;   6.8;   6.2;  978.34;    2.2;   85.75;    5.4;   -0.2;   -1.7;eor
       2667;20190202;   10;   7.5;   2.0;    3;   0.1;   6;    0.000;   3;   8.0;   6.7;  986.13;    1.6;   98.25;    3.2;    0.8;    0.1;eor
       2667;20190203;   10;   9.8;   3.6;    3;   0.0;   0;    1.833;   3;   5.9;   5.9; 1007.23;    1.8;   86.04;    5.1;   -0.3;   -3.4;eor
       2667;20190204;   10;  11.0;   4.0;    3;   0.4;   8;    2.567;   0;   5.6;   5.1; 1015.10;    2.0;   73.92;    5.5;   -1.6;   -3.4;eor
       2667;20190205;   10;   4.6;   2.4;    3;   0.7;   8;    0.000;   0;   7.5;   6.8; 1015.54;    3.0;   88.71;    4.9;    1.5;   -1.0;eor
       2667;20190206;   10;   9.1;   4.0;    3;   2.4;   6;    0.533;   0;   6.9;   5.7; 1011.34;    4.8;   67.75;   10.1;    1.1;   -1.2;eor
       2667;20190207;   10;  11.8;   5.3;    3;   0.1;   6;    2.517;   0;   6.7;   6.9; 1000.73;    6.6;   71.46;   11.0;    3.1;    2.0;eor
       2667;20190208;   10;  14.7;   5.3;    3;   0.1;   6;    0.000;   0;   7.2;   7.8;  999.94;    7.3;   75.96;    9.0;    4.1;    2.4;eor
       2667;20190209;   10;  18.7;   6.6;    3;   1.1;   6;    1.367;   0;   6.8;   7.6;  995.11;    8.6;   67.83;   11.3;    6.8;    4.8;eor
       2667;20190210;   10;  17.1;   6.4;    3;  12.3;   6;    0.000;   0;   7.9;   8.7;  985.75;    7.6;   82.92;   10.4;    3.5;    3.0;eor
       2667;20190211;   10;  12.7;   4.6;    3;   1.6;   8;    0.350;   0;   5.5;   7.1; 1006.72;    3.8;   87.71;    6.7;   -0.1;   -2.3;eor
       2667;20190212;   10;   7.7;   1.7;    3;   0.0;   0;    0.283;   0;   5.6;   6.3; 1022.11;    2.6;   85.79;    7.7;   -0.4;   -3.0;eor
       2667;20190213;   10;   4.6;   2.2;    3;   0.0;   0;    6.500;   0;   5.1;   6.1; 1024.55;    3.1;   80.04;    8.3;   -3.4;   -4.3;eor
       2667;20190214;   10;   5.1;   2.7;    3;   0.0;   0;    8.700;   0;   3.8;   5.4; 1023.57;    5.8;   63.17;   14.9;   -3.5;   -5.7;eor
       2667;20190215;   10;   9.6;   4.1;    3;   0.0;   0;    8.850;   0;   0.3;   5.7; 1019.65;    9.4;   49.29;   16.7;    4.4;   -0.4;eor
       2667;20190216;   10;   6.7;   2.6;    3;   0.0;   0;    8.800;   0;   1.7;   6.3; 1014.54;    8.9;   57.88;   17.7;    1.7;   -1.6;eor
       2667;20190217;   10;   8.7;   3.7;    3;   0.0;   0;    8.933;   0;   4.6;   6.6; 1010.53;    8.7;   61.58;   16.2;    0.2;   -2.5;eor
       2667;20190218;   10;  11.1;   3.6;    3;   0.2;   6;    8.950;   0;   2.5;   6.3; 1006.66;    8.7;   57.63;   17.0;    0.8;   -3.1;eor
       2667;20190219;   10;  11.0;   3.1;    3;   0.2;   6;    5.033;   0;   5.4;   7.4; 1007.69;    7.7;   71.00;   12.8;    2.9;   -1.1;eor
       2667;20190220;   10;   6.2;   2.1;    3;   0.0;   0;    3.483;   0;   5.3;   7.1; 1011.75;    6.3;   74.58;   12.6;    2.0;   -1.3;eor
       2667;20190221;   10;   8.2;   2.3;    3;   0.6;   6;    1.300;   0;   6.4;   8.7; 1015.76;    8.5;   77.46;   13.9;    2.2;    0.2;eor
       2667;20190222;   10;   5.8;   2.4;    3;   0.0;   6;    1.883;   0;   5.6;  10.1; 1023.30;    9.6;   85.13;   13.4;    5.6;    1.9;eor
       2667;20190223;   10;  12.0;   4.2;    3;   0.0;   0;    8.483;   0;   3.3;   6.0; 1026.45;    6.3;   64.92;   10.9;    1.4;   -1.1;eor
       2667;20190224;   10;   8.2;   3.0;    3;   0.0;   0;    9.467;   0;   0.8;   3.7; 1025.88;    7.5;   39.33;   15.5;   -0.1;   -3.1;eor
       2667;20190225;   10;   6.7;   2.4;    3;   0.0;   0;    9.533;   0;   1.7;   5.1; 1025.50;    9.3;   45.17;   18.4;   -0.1;   -3.2;eor
       2667;20190226;   10;   4.1;   1.7;    3;   0.0;   0;    9.617;   0;   2.3;   7.0; 1022.15;    9.1;   64.25;   19.7;   -1.1;   -3.3;eor
       2667;20190227;   10;   5.0;   1.9;    3;   0.0;   0;    9.650;   0;   0.5;   6.0; 1014.08;   10.0;   55.42;   21.0;    0.2;   -3.2;eor
       2667;20190228;   10;  14.6;   3.4;    3;   4.6;   6;    5.217;   0;   4.3;   8.3; 1005.22;    8.3;   75.75;   16.6;   -0.1;   -2.7;eor
       2667;20190301;   10;  10.8;   3.3;    3;   0.5;   6;    0.000;   0;   8.0;   9.4; 1003.40;    7.2;   92.08;    9.1;    4.9;    4.3;eor
       2667;20190302;   10;   8.4;   2.7;    3;   0.8;   6;    0.333;   0;   7.5;   9.0; 1003.68;    7.7;   86.08;   11.3;    4.8;    4.3;eor
       2667;20190303;   10;  14.4;   5.6;    3;   1.1;   6;    0.000;   0;   7.4;   9.8;  996.38;   10.8;   75.25;   12.5;    8.2;    6.4;eor
       2667;20190304;   10;  23.8;   8.0;    3;   2.0;   6;    1.667;   0;   6.5;   8.2;  985.16;    9.8;   67.13;   13.2;    5.8;    4.4;eor
       2667;20190305;   10;  16.6;   4.5;    3;   1.4;   6;    1.483;   0;   6.3;   7.2;  995.31;    6.2;   75.75;   10.5;    2.9;    1.0;eor
       2667;20190306;   10;  14.6;   5.7;    3;   0.7;   6;    0.283;   0;   7.4;   8.6;  990.66;   10.2;   70.42;   14.0;    5.9;    5.0;eor
       2667;20190307;   10;  19.2;   7.0;    3;   2.2;   6;    2.450;   0;   5.8;   8.5;  985.51;   10.0;   69.46;   12.6;    7.0;    5.0;eor
       2667;20190308;   10;  14.7;   5.3;    3;   3.0;   6;    1.217;   0;   6.9;   7.6;  999.57;    7.8;   72.50;   11.4;    5.0;    3.7;eor
       2667;20190309;   10;  21.6;   6.9;    3;   3.8;   6;    1.100;   0;   7.4;   8.7; 1000.32;    9.8;   72.21;   15.0;    7.3;    6.0;eor
       2667;20190310;   10;  28.8;   7.0;    3;   9.7;   8;    2.150;   0;   6.6;   8.2;  996.56;    7.9;   76.83;   13.8;    0.8;   -0.4;eor
       2667;20190311;   10;  19.2;   6.5;    3;   2.2;   8;    2.567;   0;   6.4;   6.5; 1006.95;    4.4;   78.08;    8.2;    1.2;    0.2;eor
       2667;20190312;   10;  20.2;   5.8;    3;   0.2;   6;    0.833;   0;   7.5;   5.9; 1003.03;    6.4;   64.25;   10.6;    0.4;   -2.0;eor
       2667;20190313;   10;  20.1;   6.7;    3;   7.5;   8;    0.000;   0;   6.8;   7.2;  994.93;    5.9;   77.17;    7.7;    3.9;    3.0;eor
       2667;20190314;   10;  18.5;   6.0;    3;  13.9;   8;    0.250;   0;   7.0;   8.2;  992.77;    6.6;   83.83;    9.9;    4.9;    3.9;eor
       2667;20190315;   10;  16.8;   5.8;    3;  18.2;   6;    0.000;   0;   7.3;  10.2;  994.62;    9.2;   86.46;   12.5;    6.3;    4.8;eor
       2667;20190316;   10;  13.9;   4.2;    3;   2.3;   6;    0.033;   0;   6.7;   9.7;  996.88;    9.3;   83.17;   11.7;    5.8;    4.0;eor
       2667;20190317;   10;  15.6;   5.5;    3;   2.3;   6;    1.900;   0;   6.4;   7.6;  993.02;    7.5;   73.50;   12.3;    1.3;   -0.3;eor
       2667;20190318;   10;  15.3;   3.6;    3;   0.4;   6;    4.200;   0;   3.7;   6.5; 1006.18;    4.8;   76.83;    9.6;    0.1;   -2.9;eor
       2667;20190319;   10;   7.2;   1.9;    3;   0.0;   0;    9.317;   0;   1.3;   5.8; 1016.60;    3.9;   74.21;   11.3;   -2.8;   -4.9;eor
       2667;20190320;   10;   5.0;   2.3;    3;   0.0;   0;    4.350;   0;   4.1;   6.8; 1021.87;    6.2;   72.96;   13.9;   -2.4;   -3.9;eor
       2667;20190321;   10;   4.6;   1.9;    3;   0.0;   0;   11.033;   0;   2.5;   7.5; 1021.80;    9.0;   69.54;   17.8;   -0.5;   -1.7;eor
       2667;20190322;   10;   9.6;   2.9;    3;   0.0;   0;   10.750;   0;   3.3;   7.8; 1017.38;   11.6;   62.83;   20.3;    1.7;   -0.7;eor
       2667;20190323;   10;   6.7;   2.3;    3;   0.0;   6;    0.117;   0;   6.7;   8.7; 1017.56;    8.4;   79.50;   11.8;    3.2;    0.1;eor
       2667;20190324;   10;  10.3;   2.7;    3;   0.2;   6;    5.000;   0;   5.1;   7.7; 1014.54;    7.8;   73.96;   13.5;    2.7;   -0.8;eor
       2667;20190325;   10;  19.7;   6.1;    3;   2.3;   6;    3.000;   0;   5.7;   7.3; 1011.27;    6.3;   76.46;    9.8;    2.3;   -0.8;eor
       2667;20190326;   10;   9.3;   3.8;    3;   0.0;   0;    0.067;   0;   7.4;   7.0; 1019.04;    6.7;   71.38;    8.7;    4.9;    2.9;eor
       2667;20190327;   10;   7.2;   2.0;    3;   0.0;   0;    1.500;   0;   6.5;   7.3; 1021.26;    6.9;   75.33;   11.4;    1.4;   -1.0;eor
       2667;20190328;   10;   6.7;   2.0;    3;   0.0;   0;    0.467;   0;   6.2;   7.9; 1022.86;    8.1;   74.38;   13.1;    3.5;    0.7;eor
       2667;20190329;   10;   8.2;   2.7;    3;   0.0;   0;   11.533;   0;   0.3;   8.3; 1018.17;   10.5;   68.50;   18.5;    0.3;   -1.7;eor
       2667;20190330;   10;   9.9;   3.3;    3;   0.0;   0;   11.617;   0;   0.7;   7.9; 1010.45;   11.9;   60.83;   20.4;    1.0;   -0.8;eor
       2667;20190331;   10;  10.1;   3.1;    3;   0.0;   0;    9.300;   0;   2.9;   8.2; 1010.57;    8.8;   73.38;   16.3;    1.0;   -0.3;eor
       2667;20190401;   10;   8.4;   2.5;    3;   0.0;   0;   11.817;   0;   0.7;   7.0; 1008.23;    9.6;   61.58;   17.6;   -0.4;   -2.6;eor
       2667;20190402;   10;  13.0;   3.6;    3;   1.8;   6;    0.783;   0;   6.0;   8.7;  995.99;   11.0;   66.21;   16.4;    6.5;    2.3;eor
       2667;20190403;   10;   7.9;   2.6;    3;   3.9;   6;    0.000;   0;   7.8;   8.9;  990.65;    7.4;   86.58;   10.1;    5.2;    4.4;eor
       2667;20190404;   10;   4.6;   2.0;    3;   1.7;   6;    0.000;   0;   7.5;   8.1;  989.64;    5.5;   89.42;    7.3;    2.4;    0.9;eor
       2667;20190405;   10;   5.1;   2.0;    3;   0.0;   6;    0.000;   0;   7.7;   8.3;  994.12;    6.5;   85.83;    9.1;    2.6;    1.9;eor
       2667;20190406;   10;  10.3;   3.0;    3;   0.0;   0;    4.050;   0;   6.7;   9.7;  992.95;   11.0;   75.79;   17.1;    5.8;    3.8;eor
       2667;20190407;   10;  10.1;   2.9;    3;   0.0;   0;    9.650;   0;   3.7;   9.4;  993.34;   13.1;   66.83;   20.8;    4.0;    2.2;eor
       2667;20190408;   10;  13.9;   2.1;    3;   0.0;   6;    3.583;   0;   5.5;  10.9;  997.71;   11.4;   81.04;   18.0;    4.6;    2.9;eor
       2667;20190409;   10;  10.3;   2.6;    3;  10.3;   6;    2.500;   0;   6.8;  11.1;  998.73;   12.2;   79.33;   18.3;    7.4;    6.6;eor
       2667;20190410;   10;  11.5;   3.7;    3;   0.0;   0;    9.933;   0;   3.3;   7.0; 1002.72;    9.1;   62.54;   15.0;    2.6;    0.1;eor
       2667;20190411;   10;  11.3;   3.4;    3;   0.0;   0;   12.367;   0;   0.3;   5.0; 1009.55;    6.1;   56.63;   12.7;   -2.2;   -4.1;eor
       2667;20190412;   10;   7.9;   3.0;    3;   0.0;   0;    0.000;   0;   7.3;   5.0; 1012.25;    4.1;   61.33;    6.2;    1.6;    0.2;eor
       2667;20190413;   10;  12.0;   3.7;    3;   0.2;   8;    4.800;   0;   5.3;   5.2; 1011.29;    3.2;   69.13;    7.9;   -1.8;   -4.5;eor
       2667;20190414;   10;  12.2;   2.9;    3;   0.0;   0;    7.883;   0;   4.0;   5.7; 1011.66;    5.1;   68.88;   12.8;   -2.3;   -4.2;eor
       2667;20190415;   10;  12.9;   3.7;    3;   0.0;   0;   10.633;   0;   2.9;   7.3; 1010.72;   11.1;   57.88;   19.1;    2.8;    1.6;eor
       2667;20190416;   10;  11.5;   3.9;    3;   1.2;   6;    9.000;   0;   4.1;   7.5; 1005.60;   12.7;   51.67;   19.7;    5.0;    1.4;eor
       2667;20190417;   10;   8.1;   3.3;    3;   0.2;   6;    2.483;   0;   5.9;  10.7; 1009.88;   13.1;   71.79;   18.5;    8.6;    6.5;eor
       2667;20190418;   10;  12.7;   5.4;    3;   0.0;   0;   12.200;   0;   2.8;   7.7; 1012.50;   17.1;   40.88;   23.4;   10.3;    4.8;eor
       2667;20190419;   10;  11.8;   3.6;    3;   0.0;   0;   13.033;   0;   1.0;   7.4; 1015.52;   17.8;   38.33;   24.9;    7.5;    4.9;eor
       2667;20190420;   10;   8.2;   2.6;    3;   0.0;   0;   13.017;   0;   0.0;   8.2; 1015.33;   18.0;   43.54;   25.8;    6.8;    4.2;eor
       2667;20190421;   10;   8.7;   2.1;    3;   0.0;   0;   13.083;   0;   0.0;   7.9; 1007.76;   17.0;   45.04;   25.1;    6.0;    2.7;eor
       2667;20190422;   10;  12.3;   4.9;    3;   0.0;   0;   12.667;   0;   2.7;   7.5;  997.22;   18.1;   39.04;   25.7;    6.1;    3.4;eor
       2667;20190423;   10;  13.0;   4.3;    3;   0.0;   0;    9.083;   0;   6.2;   9.0;  987.95;   16.5;   47.71;   21.7;    7.7;    4.9;eor
       2667;20190424;   10;  19.5;   4.6;    3;  21.4;   6;    7.333;   0;   6.3;  10.6;  989.98;   17.4;   57.25;   25.9;    8.1;    6.6;eor
       2667;20190425;   10;  13.4;   4.8;    3;   0.8;   6;    3.317;   0;   5.8;   9.6;  996.00;   14.3;   61.46;   22.2;    8.1;    6.6;eor
       2667;20190426;   10;  14.9;   2.6;    3;   3.0;   6;    1.900;   0;   6.3;  10.0; 1001.76;   11.7;   74.00;   16.7;    7.0;    6.2;eor
       2667;20190427;   10;  15.8;   3.5;    3;   4.2;   6;    2.233;   0;   6.5;   9.2; 1002.03;    9.1;   79.75;   13.5;    7.3;    5.8;eor
       2667;20190428;   10;   8.2;   2.9;    3;   0.4;   6;    3.400;   0;   5.6;   8.1; 1007.10;    8.6;   72.75;   12.7;    3.1;    1.3;eor
       2667;20190429;   10;  11.0;   3.6;    3;   1.0;   6;    6.983;   0;   4.4;   8.3; 1011.54;    9.1;   74.13;   16.2;    0.6;   -1.0;eor
       2667;20190430;   10;   9.8;   3.7;    3;   0.0;   0;    9.233;   0;   3.6;   9.4; 1009.46;   12.9;   66.04;   19.0;    6.9;    4.9;eor
       2667;20190501;    3;   6.7;   1.9;    3;   0.0;   0;    6.533;   0;   3.4;  10.0; 1005.20;    9.8;   83.46;   15.5;    5.1;    2.9;eor
       2667;20190502;    3;   9.6;   2.4;    3;   4.3;   6;    2.933;   0;   6.6;   9.6;  999.47;    9.9;   80.25;   16.5;    4.3;    2.7;eor
       2667;20190503;    3;  10.5;   4.0;    3;  10.6;   6;    2.767;   0;   6.5;   8.2; 1000.25;    9.1;   72.54;   13.6;    7.1;    6.4;eor
       2667;20190504;    3;  16.5;   4.4;    3;   1.7;   8;    5.467;   0;   5.3;   7.0;  999.35;    5.0;   81.08;   10.3;    1.2;   -0.3;eor
       2667;20190505;    3;  12.5;   3.0;    3;   0.0;   6;    3.967;   0;   4.0;   6.5; 1007.74;    5.4;   74.79;   11.8;   -1.8;   -3.1;eor
       2667;20190506;    3;   8.4;   2.3;    3;   0.4;   6;    0.883;   0;   7.0;   7.3; 1009.36;    6.6;   76.08;   11.2;    1.8;    0.4;eor
       2667;20190507;    3;   6.2;   1.9;    3;   0.0;   6;    1.067;   0;   6.0;   7.5; 1005.47;    8.6;   69.13;   13.0;    4.0;    3.4;eor
       2667;20190508;    3;   9.6;   4.0;    3;   9.0;   6;    0.267;   0;   7.2;   9.8;  990.77;    9.4;   81.67;   11.8;    3.8;    2.6;eor
       2667;20190509;    3;  11.0;   3.2;    3;   7.2;   6;    4.200;   0;   6.3;  10.5;  988.03;   11.2;   79.33;   15.4;    6.5;    5.2;eor
       2667;20190510;    3;   8.2;   2.8;    3;   7.9;   6;    3.267;   0;   6.7;  10.1;  997.68;   11.2;   76.46;   16.2;    8.8;    8.1;eor
       2667;20190511;    3;  12.5;   4.0;    3;   3.0;   6;    2.333;   0;   6.3;   9.8; 1002.80;   10.0;   80.67;   14.7;    4.4;    1.7;eor
       2667;20190512;    3;  11.3;   3.8;    3;   0.0;   0;    5.133;   0;   3.3;   6.9; 1020.65;    8.5;   64.33;   14.7;    1.5;    0.0;eor
       2667;20190513;    3;  12.0;   3.0;    3;   0.0;   0;   14.333;   0;   2.2;   6.0; 1025.17;    9.8;   54.29;   16.6;    0.0;   -1.8;eor
       2667;20190514;    3;   9.8;   3.4;    3;   0.0;   0;   12.300;   0;   2.3;   6.4; 1019.81;   10.6;   52.50;   17.0;    2.9;   -0.6;eor
       2667;20190515;    3;  10.5;   3.1;    3;   0.0;   6;   14.283;   0;   0.7;   5.4; 1013.17;   10.7;   46.67;   17.2;    1.3;   -0.3;eor
       2667;20190516;    3;  11.1;   3.1;    3;   4.7;   6;    2.383;   0;   6.4;   8.3; 1004.88;   10.2;   67.58;   17.0;    4.7;    2.7;eor
       2667;20190517;    3;   7.5;   2.9;    3;   0.9;   6;    1.867;   0;   6.8;  10.8;  995.98;   11.4;   81.21;   17.5;    8.0;    6.5;eor
       2667;20190518;    3;   7.7;   2.4;    3;   1.4;   6;    5.433;   0;   5.6;  12.4;  994.11;   15.7;   71.38;   22.7;    7.7;    6.2;eor
       2667;20190519;    3;  11.3;   2.1;    3;   0.3;   6;    4.250;   0;   6.1;  13.7;  993.57;   15.0;   81.71;   21.6;    9.3;    8.6;eor
       2667;20190520;    3;  12.3;   4.1;    3;   5.4;   6;    0.000;   0;   7.5;  13.3;  995.68;   13.2;   87.71;   15.0;    9.9;    8.1;eor
       2667;20190521;    3;  12.7;   5.7;    3;  10.6;   6;    0.000;   0;   8.0;  13.0; 1001.09;   11.8;   93.83;   12.7;   10.9;   10.6;eor
       2667;20190522;    3;   9.1;   3.4;    3;   0.0;   0;    5.717;   0;   5.8;  10.8; 1007.55;   13.2;   72.33;   18.7;    9.6;    7.4;eor
       2667;20190523;    3;   8.2;   2.1;    3;   0.0;   0;   13.767;   0;   5.3;  10.5; 1006.42;   15.7;   62.08;   23.2;    6.9;    5.0;eor
       2667;20190524;    3;   9.3;   2.7;    3;   0.0;   0;    9.717;   0;   5.9;  10.5; 1003.39;   16.8;   58.46;   24.1;    7.3;    5.5;eor
       2667;20190525;    3;   9.1;   2.8;    3;   0.0;   0;   10.500;   0;   3.7;  10.0; 1005.17;   14.3;   62.21;   20.1;    5.7;    4.5;eor
       2667;20190526;    3;   9.3;   2.9;    3;   3.2;   6;    5.100;   0;   5.5;  12.0; 1002.62;   16.5;   66.00;   21.9;    8.9;    6.4;eor
       2667;20190527;    3;   8.4;   2.7;    3;   0.3;   6;    0.850;   0;   7.5;  12.5;  997.87;   15.1;   73.92;   18.7;   12.1;   10.8;eor
       2667;20190528;    3;  12.3;   3.5;    3;   0.1;   6;    3.567;   0;   6.2;  11.1;  997.84;   12.8;   75.33;   17.6;    9.0;    6.9;eor
       2667;20190529;    3;   6.2;   2.0;    3;   0.0;   6;   14.717;   0;   1.4;   8.4; 1009.03;   13.8;   57.13;   20.0;    4.5;    3.4;eor
       2667;20190530;    3;   7.2;   2.7;    3;   0.2;   6;    0.183;   0;   6.6;  13.0; 1011.88;   15.6;   72.13;   19.1;   10.7;    8.8;eor
       2667;20190531;    3;   9.1;   2.6;    3;   0.0;   0;    7.650;   0;   4.5;  14.0; 1012.93;   18.2;   68.79;   24.3;   12.1;   10.3;eor
       2667;20190601;    3;   6.0;   2.0;    3;   0.0;   0;   14.583;   0;   4.8;  14.0; 1009.85;   19.4;   66.17;   27.9;    9.6;    7.6;eor
       2667;20190602;    3;  10.8;   3.6;    3;   0.0;   0;   14.700;   0;   2.0;  15.1; 1003.00;   23.9;   54.33;   31.4;   13.4;   11.3;eor
       2667;20190603;    3;  10.8;   2.9;    3;   8.0;   6;    4.433;   0;   6.1;  16.6; 1001.55;   20.7;   69.08;   27.0;   15.4;   14.1;eor
       2667;20190604;    3;  14.1;   3.5;    3;   0.5;   6;    9.500;   0;   5.9;  17.1;  997.90;   21.8;   68.83;   29.5;   14.0;   13.5;eor
       2667;20190605;    3;  16.3;   2.4;    3;   8.5;   6;   12.750;   0;   3.6;  17.3;  994.50;   22.3;   65.42;   29.1;   16.3;   15.5;eor
       2667;20190606;    3;  15.3;   3.4;    3;   0.0;   0;    2.950;   0;   5.6;  12.2; 1000.68;   15.1;   71.71;   18.4;   11.3;    9.6;eor
       2667;20190607;    3;  17.5;   6.0;    3;   1.0;   6;    9.183;   0;   3.9;  11.8;  999.72;   16.0;   66.13;   24.3;    8.2;    7.2;eor
       2667;20190608;    3;  16.8;   6.8;    3;   1.4;   6;    3.650;   0;   5.5;   9.8; 1007.42;   15.3;   57.29;   19.8;    9.9;    8.0;eor
       2667;20190609;    3;   6.2;   2.2;    3;   0.0;   6;    9.100;   0;   5.9;  11.4; 1009.68;   16.6;   62.50;   22.7;    7.3;    6.0;eor
       2667;20190610;    1;   9.4;   2.7;    1;   1.7;   6;    4.333;   0;   7.1;  14.3; 1000.54;   18.5;   68.29;   23.9;   13.3;   13.0;eor
       2667;20190611;    1;   7.2;   2.3;    1;   0.0;   6;    6.867;   0;   6.3;  13.0;  999.96;   17.0;   68.46;   21.9;   13.3;   12.7;eor
       2667;20190612;    1;  13.4;   3.0;    1;   8.8;   6;    6.450;   0;   4.8;  13.7;  997.96;   16.8;   72.25;   21.2;   11.5;    9.6;eor
       2667;20190613;    1;  18.2;   5.0;    1;   0.3;   6;   10.017;   0;   3.5;  11.5; 1001.75;   16.5;   63.50;   23.2;   10.5;    8.9;eor
       2667;20190614;    1;  11.1;   2.4;    1;   1.4;   6;    9.650;   0;   5.0;  14.0; 1001.93;   19.8;   63.79;   27.9;   10.3;    9.2;eor
       2667;20190615;    1;  11.5;   3.2;    1;   0.0;   0;    7.017;   0;   5.9;  15.9; 1001.70;   19.5;   71.83;   24.2;   16.1;   15.0;eor
       2667;20190616;    1;   7.0;   2.3;    1;   0.0;   6;    6.083;   0;   4.6;  13.9; 1008.54;   18.4;   66.71;   23.8;   11.7;   10.1;eor
       2667;20190617;    1;  11.8;   2.2;    1;   0.0;   0;   13.367;   0;   1.6;  13.8; 1007.93;   19.5;   64.83;   27.4;    9.6;    8.7;eor
       2667;20190618;    1;   8.7;   2.3;    1;   0.0;   0;   11.467;   0;   5.3;  15.6; 1002.16;   22.3;   60.54;   29.9;   12.1;   10.8;eor
       2667;20190619;    1;  26.1;   3.3;    1;   0.5;   6;    8.967;   0;   3.7;  16.8;  997.10;   22.4;   64.67;   30.4;   14.8;   13.2;eor
       2667;20190620;    1;  11.5;   2.7;    1;   6.4;   6;    4.200;   0;   6.0;  16.2; 1001.07;   18.6;   76.08;   23.5;   14.5;   14.1;eor
       2667;20190621;    1;   7.9;   2.8;    1;   0.0;   0;   12.983;   0;   3.0;  12.3; 1007.54;   17.5;   63.58;   22.9;   12.1;   10.2;eor
       2667;20190622;    1;   9.3;   2.4;    1;   0.0;   0;   12.833;   0;   3.0;  14.0; 1007.77;   19.1;   65.75;   26.1;    8.3;    7.2;eor
       2667;20190623;    1;  11.3;   3.2;    1;   0.0;   0;   13.600;   0;   2.8;  15.0; 1006.63;   23.0;   57.08;   30.6;   12.6;   11.9;eor
       2667;20190624;    1;  12.3;   4.4;    1;   0.0;   0;   14.050;   0;   3.5;  17.4; 1006.90;   26.5;   51.08;   32.3;   20.1;   18.7;eor
       2667;20190625;    1;  10.5;   3.6;    1;   0.0;   0;   13.767;   0;   3.5;  18.5; 1006.21;   28.3;   50.17;   36.2;   19.3;   18.1;eor
       2667;20190626;    1;   8.7;   3.3;    1;   0.0;   0;   14.150;   0;   0.2;  20.8; 1011.41;   26.6;   61.63;   32.5;   20.6;   19.2;eor
       2667;20190627;    1;   9.4;   3.9;    1;   0.0;   0;   15.333;   0;   0.2;  13.1; 1014.35;   22.0;   52.79;   28.6;   15.5;   12.1;eor
       2667;20190628;    1;   6.7;   2.5;    1;   0.0;   0;   15.400;   0;   0.0;  12.4; 1012.10;   20.9;   54.00;   29.2;   11.7;    9.4;eor
       2667;20190629;    1;   7.7;   3.0;    1;   0.0;   0;   15.383;   0;   0.3;  12.2; 1006.82;   24.8;   44.33;   34.2;   11.9;   10.1;eor
       2667;20190630;    1;  11.7;   4.2;    1;   0.0;   6;   12.933;   0;   1.8;  17.0; 1002.75;   26.1;   50.29;   33.2;   17.6;   15.3;eor
       2667;20190701;    1;  11.0;   4.4;    1;   0.0;   0;    9.283;   0;   4.1;  13.5; 1006.21;   20.9;   55.88;   26.1;   14.9;   13.0;eor
       2667;20190702;    1;   9.3;   3.3;    1;   0.0;   0;   11.517;   0;   2.6;  11.0; 1010.40;   18.0;   55.67;   24.7;   10.6;    8.5;eor
       2667;20190703;    1;   9.8;   2.9;    1;   0.0;   0;   11.317;   0;   2.1;   9.8; 1012.05;   16.5;   55.21;   23.2;    7.6;    6.1;eor
       2667;20190704;    1;   6.7;   2.0;    1;   0.0;   0;   14.433;   0;   2.5;   9.1; 1011.22;   17.4;   49.88;   25.2;    7.7;    5.4;eor
       2667;20190705;    1;  10.3;   2.9;    1;   0.0;   0;    7.317;   0;   4.8;  12.3; 1005.65;   20.3;   53.58;   27.6;   13.2;   11.4;eor
       2667;20190706;    1;  12.7;   4.0;    1;   0.0;   6;    9.450;   0;   5.6;  12.9; 1000.05;   20.9;   56.00;   29.8;   13.1;   12.0;eor
       2667;20190707;    1;  10.1;   4.2;    1;   0.0;   0;    5.583;   0;   5.4;  10.6; 1002.88;   16.8;   56.46;   21.7;    9.5;    7.6;eor
       2667;20190708;    1;   8.9;   3.2;    1;   0.0;   6;    1.717;   0;   5.0;  10.1; 1007.50;   13.5;   67.00;   18.1;    4.4;    3.9;eor
       2667;20190709;    1;   9.3;   2.8;    1;   0.0;   0;    6.883;   0;   5.1;   9.5; 1008.73;   14.9;   59.38;   21.6;    7.5;    5.0;eor
