STATIONS_ID;MESS_DATUM;QN_3;  FX;  FM;QN_4; RSK;RSKF; SDK;SHK_TAG;  NM; VPM;  PM; TMK; UPM; TXK; TNK; TGK;eor
        282;20171227;   10;   5.2;   1.4;    3;   6.7;   6;    1.200;   0;   6.7;   6.1;  962.88;    1.8;   88.71;    5.9;   -1.8;   -3.8;eor
        282;20171228;   10;  11.4;   2.2;    3;   1.4;   8;    0.000;   0;   6.6;   6.3;  968.86;    2.1;   88.46;    4.0;   -1.7;   -4.1;eor
        282;20171229;   10;   9.3;   2.7;    3;   3.9;   8;    2.200;   0;   6.6;   5.0;  979.71;    0.5;   79.63;    2.9;   -0.9;   -2.3;eor
        282;20171230;   10;   8.2;   2.6;    3;   5.5;   8;    0.000;   3;   7.2;   7.6;  977.12;    3.2;   96.46;   10.3;   -0.2;   -3.0;eor
        282;20171231;   10;  13.4;   3.6;    3;   0.0;   6;    1.067;   0;   6.8;  10.3;  979.55;   10.5;   81.17;   13.6;    7.6;    2.6;eor
        282;20180101;   10;  12.9;   3.8;    3;   3.6;   6;    1.550;   0;   7.0;   7.3;  976.87;    7.3;   71.58;   10.2;    3.8;    0.5;eor
        282;20180102;   10;  11.5;   3.2;    3;   3.0;   6;    0.000;   0;   7.0;   7.3;  981.68;    4.9;   84.50;    6.2;    3.1;    0.7;eor
        282;20180103;   10;  17.0;   4.6;    3;  10.3;   6;    0.850;   0;   7.2;   7.6;  970.17;    6.1;   80.88;    8.6;    3.7;    2.7;eor
        282;20180104;   10;  11.9;   3.1;    3;   7.3;   6;    0.000;   0;   7.0;   8.3;  970.94;    6.4;   86.17;   10.0;    4.6;    1.6;eor
        282;20180105;   10;   9.7;   2.6;    3;   4.2;   6;    0.000;   0;   6.7;   8.9;  973.00;    7.8;   83.83;   10.6;    5.7;    1.8;eor
        282;20180106;   10;   3.4;   1.3;    3;   0.0;   6;    0.067;   0;   7.7;   9.2;  979.97;    6.2;   97.08;    8.2;    3.7;    1.2;eor
        282;20180107;   10;   8.6;   2.6;    3;   0.0;   0;    0.000;   0;   7.8;   7.4;  991.50;    5.1;   84.42;    6.8;    2.8;    0.5;eor
        282;20180108;   10;  10.0;   3.0;    3;   0.0;   0;    0.250;   0;   7.2;   7.2;  994.47;    5.8;   78.08;    6.9;    4.7;    1.4;eor
        282;20180109;   10;   6.5;   1.2;    3;   0.0;   6;    0.500;   0;   5.6;   7.2;  985.66;    3.5;   91.21;    7.8;   -1.2;   -3.1;eor
        282;20180110;   10;   2.7;   0.8;    3;   0.0;   0;    3.717;   0;   6.7;   6.7;  984.71;    1.9;   95.29;    8.7;   -1.3;   -2.5;eor
        282;20180111;   10;   2.4;   0.6;    3;   0.0;   6;    0.000;   0;   7.6;   6.4;  988.06;    1.6;   94.04;    4.4;   -1.3;   -2.7;eor
        282;20180112;   10;   1.7;   0.5;    3;   0.0;   6;    0.000;   0;   6.9;   7.1;  996.24;    3.1;   93.13;    5.2;   -1.6;   -3.3;eor
        282;20180113;   10;   8.5;   2.1;    3;   0.0;   0;    0.000;   0;   7.3;   5.7;  996.95;    1.5;   83.88;    4.3;   -1.7;   -3.9;eor
        282;20180114;   10;   9.0;   2.2;    3;   0.0;   0;    4.967;   0;   4.4;   4.7;  994.45;    0.7;   74.08;    3.7;   -4.7;   -6.2;eor
        282;20180115;   10;  10.8;   3.0;    3;   5.2;   6;    0.150;   0;   5.0;   5.1;  986.22;   -0.1;   84.21;    4.0;   -6.6;   -8.2;eor
        282;20180116;   10;  13.3;   3.1;    3;   9.1;   8;    1.933;   0;   6.5;   7.4;  968.33;    4.0;   89.92;    7.4;   -0.8;   -2.9;eor
        282;20180117;   10;  14.1;   3.3;    3;   2.5;   8;    1.033;   0;   6.3;   5.9;  972.96;    1.5;   86.29;    2.9;    0.0;   -1.8;eor
        282;20180118;   10;  17.8;   4.5;    3;   6.3;   8;    0.883;   0;   5.5;   6.4;  974.09;    4.0;   78.75;    9.2;   -0.9;   -3.2;eor
        282;20180119;   10;  10.7;   2.0;    3;   0.8;   8;    0.767;   0;   6.3;   6.0;  979.74;    1.4;   89.54;    4.6;   -1.7;   -3.9;eor
        282;20180120;   10;   5.9;   1.8;    3;   6.0;   8;    0.183;   0;   6.9;   6.2;  977.97;    1.0;   93.96;    3.2;   -1.6;   -3.6;eor
        282;20180121;   10;   8.8;   2.1;    3;   1.7;   8;    0.583;   0;   7.3;   6.1;  983.00;    1.2;   91.54;    3.5;   -1.2;   -3.5;eor
        282;20180122;   10;   8.2;   2.1;    3;   0.5;   8;    0.000;   1;   6.9;   6.2;  983.28;    0.7;   95.63;    1.8;   -0.3;   -0.8;eor
        282;20180123;   10;   5.8;   1.8;    3;   0.8;   6;    0.000;   0;   7.8;   7.6;  994.75;    5.0;   86.88;    7.5;    1.3;    0.6;eor
        282;20180124;   10;   5.2;   2.2;    3;   0.0;   6;    0.183;   0;   7.8;   8.8;  993.12;    7.0;   87.71;   11.3;    4.5;    1.2;eor
        282;20180125;   10;   6.5;   2.3;    3;   0.3;   6;    0.117;   0;   7.8;   8.0;  987.41;    7.7;   76.00;   11.5;    3.9;    0.1;eor
        282;20180126;   10;   5.7;   1.6;    3;   0.5;   6;    0.017;   0;   7.2;   8.6;  989.09;    6.8;   87.08;    8.7;    4.2;    2.6;eor
        282;20180127;   10;   4.9;   1.6;    3;   0.0;   6;    2.150;   0;   7.0;   7.9; 1001.28;    5.1;   90.17;    9.1;    2.2;   -0.5;eor
        282;20180128;   10;  11.0;   3.1;    3;   0.0;   6;    0.000;   0;   7.5;   8.1; 1003.51;    6.3;   84.79;    7.6;    2.8;    2.9;eor
        282;20180129;   10;  12.5;   3.3;    3;   0.0;   6;    0.000;   0;   7.5;   9.0;  999.35;    7.9;   84.54;    9.1;    6.7;    5.9;eor
        282;20180130;   10;   8.6;   1.9;    3;   0.1;   6;    7.083;   0;   3.8;   6.3;  998.93;    4.0;   77.67;    8.4;   -1.7;   -4.2;eor
        282;20180131;   10;   9.6;   2.7;    3;  10.9;   6;    0.000;   0;   7.5;   8.0;  983.92;    5.5;   88.21;    9.3;    0.1;   -0.4;eor
        282;20180201;   10;   7.0;   2.1;    3;   0.9;   8;    0.283;   0;   6.0;   6.8;  974.65;    3.1;   88.21;    5.7;   -1.0;   -3.2;eor
        282;20180202;   10;   8.0;   2.6;    3;   0.6;   8;    0.183;   0;   7.0;   6.1;  977.45;    2.0;   85.58;    3.9;   -1.0;   -3.1;eor
        282;20180203;   10;   6.7;   1.6;    3;   0.6;   8;    0.000;   0;   7.5;   5.9;  977.81;    1.3;   88.29;    3.2;   -2.9;   -5.1;eor
        282;20180204;   10;-999;   1.3;    3;   4.4;   8;    0.000;   0;   6.6;   5.3;  986.69;   -1.0;   92.83;    0.8;   -3.5;   -5.6;eor
        282;20180205;   10;   8.1;-999;    3;   0.0;   0;    6.417;   3;   3.1;   4.1;  994.71;   -2.0;   78.71;    1.6;   -8.7;  -10.4;eor
        282;20180206;   10;   6.5;   1.7;    3;   0.0;   0;    3.833;   0;   5.2;   4.0;  986.13;   -2.3;   78.83;    3.1;   -7.7;  -11.1;eor
        282;20180207;   10;   5.5;   1.1;    3;   0.0;   0;    0.783;   0;   5.6;   4.0;  984.50;   -3.1;   81.96;    1.0;   -8.5;  -11.2;eor
        282;20180208;   10;   3.1;   1.1;    3;   0.0;   0;    0.000;   0;   6.5;   4.4;  989.85;   -2.0;   83.08;    0.5;   -5.5;   -9.3;eor
        282;20180209;   10;   3.3;   0.5;    3;   0.0;   0;    0.000;   0;   7.7;   4.5;  988.20;   -2.8;   89.92;    0.4;   -8.5;  -10.5;eor
        282;20180210;   10;   5.4;   1.3;    3;   0.0;   8;    0.000;   0;   7.6;   5.4;  987.58;    0.2;   86.75;    2.5;   -1.2;   -5.8;eor
        282;20180211;   10;   7.2;   2.2;    3;   0.7;   8;    0.000;   0;   6.7;   5.9;  979.47;    0.9;   89.79;    2.3;   -0.8;   -4.8;eor
        282;20180212;   10;  10.4;   2.1;    3;   0.3;   8;    0.850;   0;   5.5;   5.5;  984.43;    0.3;   88.00;    4.1;   -3.9;   -7.3;eor
        282;20180213;   10;   6.2;   1.6;    3;   0.0;   0;    8.283;   0;   1.1;   4.2;  987.55;   -2.1;   82.13;    4.7;   -6.3;   -8.5;eor
        282;20180214;   10;   5.2;   1.0;    3;   0.0;   0;    9.017;   0;   0.0;   3.6;  989.57;   -3.2;   76.38;    5.0;   -9.5;  -11.1;eor
        282;20180215;   10;  10.3;   2.2;    3;   4.3;   8;    0.000;   0;  -999;   4.7;  989.86;   -1.6;   85.71;    2.4;   -7.9;   -9.2;eor
        282;20180216;   10;   3.3;   0.8;    3;   0.0;   0;    0.283;   0;   6.6;   6.0;  996.29;    0.2;   96.29;    2.8;   -3.2;   -4.1;eor
        282;20180217;   10;   4.2;   1.4;    3;   0.0;   0;    0.000;   0;   7.3;   5.2;  993.99;   -0.7;   89.00;    2.3;   -4.8;   -6.7;eor
        282;20180218;   10;   5.8;   1.1;    3;   0.0;   0;    6.150;   0;   4.1;   4.8;  997.67;   -0.2;   81.04;    6.1;   -6.2;   -8.0;eor
        282;20180219;   10;   3.7;   0.7;    3;   0.0;   0;    2.917;   0;   5.8;   4.3;  991.46;   -2.0;   82.25;    2.8;   -6.4;   -7.8;eor
        282;20180220;   10;   5.2;   1.6;    3;   0.0;   8;    0.000;   0;   5.1;   4.0;  988.29;   -2.8;   81.38;    0.6;   -8.4;   -9.5;eor
        282;20180221;   10;  10.2;   3.6;    3;   0.0;   0;    8.967;   0;   2.0;   4.0;  991.78;   -0.7;   69.33;    3.8;   -4.6;   -7.0;eor
        282;20180222;   10;  12.3;   3.9;    3;   0.0;   0;    9.483;   0;   0.7;   3.2;  990.99;   -1.0;   57.63;    2.9;   -6.3;   -9.1;eor
        282;20180223;   10;   9.8;   3.7;    3;   0.0;   0;    9.483;   0;   0.1;   3.1;  990.59;   -2.2;   58.96;    1.7;   -5.3;   -8.2;eor
        282;20180224;   10;  11.0;   4.1;    3;   0.0;   0;    9.317;   0;   1.3;   2.6;  994.38;   -3.1;   55.58;    2.0;   -9.1;  -12.1;eor
        282;20180225;   10;  10.0;   3.5;    3;   0.0;   0;    9.717;   0;   0.7;   2.0;  997.25;   -5.9;   51.00;   -1.9;  -10.4;  -13.1;eor
        282;20180226;   10;  11.9;   3.8;    3;   0.0;   0;    5.517;   0;   1.7;   1.9;  994.65;   -8.2;   59.33;   -4.3;  -13.4;  -15.8;eor
        282;20180227;   10;   8.2;   2.9;    3;   0.0;   0;    8.683;   0;   6.5;   1.7;  989.64;   -9.2;   58.04;   -4.6;  -14.3;  -16.3;eor
        282;20180228;   10;   9.5;   3.0;    3;   0.0;   0;    8.217;   0;   2.4;   1.7;  990.51;   -9.4;   59.46;   -4.1;  -15.7;  -17.3;eor
        282;20180301;   10;  11.4;   4.0;    3;   0.0;   0;    8.333;   0;   5.9;   1.9;  980.71;   -5.1;   46.96;    1.2;   -9.8;  -12.3;eor
        282;20180302;   10;   8.9;   2.8;    3;   2.5;   8;    5.117;   0;   6.1;   2.5;  971.09;   -4.0;   55.83;    1.1;  -11.1;  -13.2;eor
        282;20180303;   10;   3.3;   1.1;    3;   0.4;   8;    0.267;   5;   6.5;   4.0;  971.23;   -2.8;   80.42;    2.1;   -7.5;  -13.3;eor
        282;20180304;   10;   6.8;   1.7;    3;   0.0;   6;    5.200;   3;   5.8;   5.6;  972.33;    1.9;   79.42;   10.3;   -6.5;   -7.4;eor
        282;20180305;   10;   7.0;   2.0;    3;   0.0;   0;    4.133;   0;   7.7;   5.9;  969.34;    4.2;   73.04;   11.8;   -1.8;   -3.7;eor
        282;20180306;   10;   4.0;   1.0;    3;   1.9;   8;    0.000;   0;   7.4;   5.4;  964.41;   -0.4;   90.63;    2.6;   -4.0;   -5.4;eor
        282;20180307;   10;   9.1;   2.5;    3;   0.0;   6;    1.467;   0;   7.1;   6.7;  968.20;    4.7;   79.58;    9.4;    0.1;   -1.3;eor
        282;20180308;   10;  12.3;   3.4;    3;   0.9;   6;    2.133;   0;   6.3;   6.4;  976.49;    6.1;   69.50;   10.8;    1.2;   -2.2;eor
        282;20180309;   10;   6.6;   2.0;    3;   2.3;   6;    0.000;   0;   6.7;   7.5;  980.70;    3.9;   91.92;    6.8;   -0.1;   -1.7;eor
        282;20180310;   10;   5.8;   2.0;    3;   1.3;   6;    1.367;   0;   7.7;   9.9;  977.48;    8.8;   88.04;   14.6;    3.7;    2.6;eor
        282;20180311;   10;   7.4;   1.8;    3;   6.9;   6;    6.833;   0;   6.1;   9.6;  970.79;   10.8;   77.50;   18.8;    1.9;    0.0;eor
        282;20180312;   10;   8.6;   2.0;    3;   1.8;   6;    0.067;   0;   7.2;  10.3;  967.62;    8.9;   90.63;   11.6;    6.9;    4.4;eor
        282;20180313;   10;  12.4;   3.7;    3;   5.1;   6;    0.217;   0;   7.4;   8.4;  975.73;    7.8;   79.17;   10.6;    4.0;    3.4;eor
        282;20180314;   10;   5.6;   1.5;    3;   0.0;   6;    0.000;   0;   6.9;   7.1;  983.04;    4.2;   86.25;    7.0;   -1.8;   -4.0;eor
        282;20180315;   10;  10.4;   2.5;    3;   2.5;   6;    8.917;   0;   4.4;   6.2;  973.73;    4.4;   75.21;   11.0;   -3.5;   -6.1;eor
        282;20180316;   10;   7.6;   2.3;    3;   5.4;   8;    0.033;   0;   7.1;   8.3;  973.26;    5.7;   89.88;    9.8;    0.0;    0.0;eor
        282;20180317;   10;  12.9;   4.7;    3;   1.0;   7;    0.000;   0;   7.5;   4.3;  974.91;   -1.5;   77.00;    0.3;   -3.2;   -3.1;eor
        282;20180318;   10;  13.7;   4.3;    3;   0.1;   8;    0.000;   2;  -999;   3.4;  978.04;   -2.5;   67.17;    0.3;   -4.5;   -4.6;eor
        282;20180319;   10;   9.4;   3.2;    3;   0.0;   0;    9.267;   0;   6.3;   3.0;  981.93;   -1.7;   56.29;    2.2;   -4.2;   -6.9;eor
        282;20180320;   10;  10.2;   2.1;    3;   1.0;   8;    2.950;   0;   5.3;   4.0;  987.60;   -2.4;   76.38;    1.0;   -9.4;  -11.6;eor
        282;20180321;   10;   8.5;   2.1;    3;   0.0;   0;   10.783;   0;   4.3;   3.6;  997.32;   -0.9;   66.75;    5.3;   -6.0;   -9.2;eor
        282;20180322;   10;  11.8;   2.2;    3;   2.8;   8;    0.100;   0;   6.5;   4.8;  988.97;   -0.5;   80.67;    3.9;   -5.2;   -8.6;eor
        282;20180323;   10;   4.6;   1.2;    3;   0.0;   6;    0.417;   0;   7.5;   6.9;  979.70;    2.8;   92.63;    7.6;    0.5;    0.0;eor
        282;20180324;   10;   9.6;   1.7;    3;   0.0;   0;    8.250;   0;   6.1;   5.7;  975.15;    3.6;   75.92;   11.4;   -2.4;   -4.9;eor
        282;20180325;   10;   5.1;   1.0;    3;   0.0;   0;   10.683;   0;   4.4;   5.1;  978.44;    3.2;   71.17;   13.2;   -4.9;   -7.8;eor
        282;20180326;   10;   8.1;   1.4;    3;   0.1;   6;    0.667;   0;   7.1;   6.0;  984.54;    3.6;   77.96;   10.8;   -2.6;   -4.9;eor
        282;20180327;   10;   8.5;   1.8;    3;   2.6;   6;    3.967;   0;   6.5;   6.5;  984.83;    5.6;   73.83;   11.9;   -0.9;   -3.7;eor
        282;20180328;   10;  11.5;   2.7;    3;   6.1;   6;    0.250;   0;   7.4;   9.0;  975.56;    7.8;   85.92;   11.9;    4.4;    4.0;eor
        282;20180329;   10;  11.2;   2.7;    3;   0.0;   0;    2.750;   0;   6.7;   6.0;  978.50;    5.5;   67.46;   10.0;   -1.8;   -4.0;eor
        282;20180330;   10;   9.1;   1.9;    3;   1.2;   6;    8.500;   0;   5.5;   6.3;  975.25;    6.9;   66.92;   16.6;   -3.3;   -5.3;eor
        282;20180331;   10;   6.9;   2.0;    3;   0.1;   6;    0.217;   0;   6.0;   8.3;  970.60;    6.5;   85.67;    9.9;   -0.8;   -2.7;eor
        282;20180401;   10;  12.7;   2.5;    3;   4.2;   8;    2.317;   0;   6.7;   7.1;  978.41;    4.7;   83.96;   10.4;   -1.0;   -2.7;eor
        282;20180402;   10;   7.8;   2.5;    3;   0.1;   6;    7.300;   0;   5.1;   7.0;  981.95;    8.6;   65.71;   14.7;    2.1;   -0.2;eor
        282;20180403;   10;  10.8;   2.6;    3;   0.0;   6;    7.333;   0;   3.6;   8.3;  977.14;   14.4;   53.63;   22.9;    7.4;    4.1;eor
        282;20180404;   10;  17.8;   2.7;    3;   0.8;   6;    6.567;   0;   3.7;   9.3;  976.68;   13.0;   66.79;   24.1;    6.1;    3.1;eor
        282;20180405;   10;  13.6;   3.8;    3;   0.9;   6;    2.000;   0;   6.5;   8.1;  984.32;    9.6;   67.21;   13.6;    3.5;    0.0;eor
        282;20180406;   10;  10.4;   2.3;    3;   0.0;   0;   12.150;   0;   0.2;   4.7;  993.32;    6.8;   54.04;   15.7;   -3.1;   -5.2;eor
        282;20180407;   10;   8.8;   1.8;    3;   0.0;   0;   12.233;   0;   0.0;   5.8;  986.56;   10.4;   54.04;   23.4;   -1.9;   -4.6;eor
        282;20180408;   10;   6.4;   1.6;    3;   0.0;   0;   12.150;   0;   0.0;   8.2;  981.54;   11.5;   65.63;   22.2;    0.7;   -1.3;eor
        282;20180409;   10;   6.2;   1.2;    3;   0.0;   0;    4.850;   0;   1.9;   8.4;  976.90;   11.6;   66.88;   23.9;    0.5;   -1.2;eor
        282;20180410;   10;  11.7;   1.5;    3;   0.8;   6;    8.150;   0;   4.5;   9.4;  974.65;   13.3;   66.58;   24.5;    3.0;    1.3;eor
        282;20180411;   10;   8.3;   1.7;    3;   0.0;   0;    4.483;   0;   4.7;  10.7;  977.97;   11.6;   80.96;   18.9;    5.9;    3.0;eor
        282;20180412;   10;  10.2;   2.2;    3;   0.0;   6;    4.733;   0;   4.1;  10.1;  972.60;   15.7;   60.42;   23.2;    7.0;    4.7;eor
        282;20180413;   10;  14.6;   2.9;    3;   3.1;   6;    0.650;   0;   6.3;  10.6;  979.22;   10.5;   83.67;   14.9;    6.6;    4.7;eor
        282;20180414;   10;   6.8;   2.3;    3;   0.0;   0;   10.100;   0;   2.5;   9.8;  990.33;   12.1;   72.42;   20.0;    5.3;    3.6;eor
        282;20180415;   10;   3.9;   1.1;    3;   0.0;   6;    8.067;   0;   4.3;   9.7;  984.28;   13.1;   68.75;   22.0;    2.7;    1.2;eor
        282;20180416;   10;  10.8;   1.4;    3;   0.0;   6;    0.933;   0;   5.6;  12.0;  985.83;   13.6;   78.42;   18.4;    6.3;    4.3;eor
        282;20180417;   10;   6.1;   1.3;    3;   0.0;   0;    9.017;   0;   2.8;  10.0;  996.68;   12.8;   72.46;   22.4;    3.8;    2.0;eor
        282;20180418;   10;   8.1;   1.3;    3;   0.0;   0;   12.767;   0;   0.5;   9.5; 1002.37;   14.6;   64.17;   25.7;    3.2;    1.8;eor
        282;20180419;   10;   7.8;   1.5;    3;   0.0;   0;   12.867;   0;   1.0;   8.5; 1000.22;   16.1;   55.92;   27.7;    4.6;    2.3;eor
        282;20180420;   10;   7.8;   1.6;    3;   0.0;   0;   12.833;   0;   0.8;  10.9;  995.09;   17.1;   62.25;   29.0;    5.0;    3.3;eor
        282;20180421;   10;   7.8;   1.7;    3;   0.0;   0;   11.550;   0;   2.0;  11.6;  990.59;   17.1;   64.63;   26.9;    6.2;    4.7;eor
        282;20180422;   10;   8.0;   1.6;    3;   0.1;   6;   10.850;   0;   3.9;  12.7;  986.68;   17.8;   67.63;   27.9;    7.7;    6.1;eor
        282;20180423;   10;  13.6;   2.2;    3;   3.6;   6;    4.750;   0;   5.8;  14.3;  986.78;   15.1;   84.46;   22.3;   10.3;    8.1;eor
        282;20180424;   10;   9.6;   2.7;    3;   0.0;   0;    8.967;   0;   3.0;  11.6;  988.47;   14.1;   74.71;   20.2;    8.4;    6.2;eor
        282;20180425;   10;  14.3;   3.8;    3;   0.1;   6;    5.750;   0;   4.1;  11.2;  983.91;   14.2;   71.71;   20.3;    7.2;    4.7;eor
        282;20180426;   10;  12.9;   4.2;    3;   0.0;   6;    7.017;   0;   5.6;   7.5;  988.49;   10.8;   60.08;   15.9;    1.4;   -0.9;eor
        282;20180427;   10;   8.6;   1.8;    3;   0.0;   0;   10.650;   0;   6.6;   7.5;  984.83;   10.5;   64.50;   20.0;    0.2;   -1.8;eor
        282;20180428;   10;   7.8;   1.7;    3;   1.0;   6;    4.233;   0;   7.7;  10.4;  984.02;   13.3;   70.75;   20.2;    6.4;    4.7;eor
        282;20180429;   10;   7.0;   2.4;    3;   0.0;   0;   12.533;   0;   3.5;  12.4;  978.22;   19.1;   60.50;   27.2;   10.7;    9.9;eor
        282;20180430;   10;  14.3;   3.8;    3;   0.1;   6;    5.083;   0;   6.4;   9.5;  976.06;   15.2;   56.33;   20.4;   11.0;    7.5;eor
        282;20180501;   10;  12.4;   3.5;    3;   0.0;   6;    7.033;-999;   6.8;   7.4;  984.35;   10.5;   59.38;   14.7;    1.4;   -0.8;eor
        282;20180502;   10;   7.2;   2.8;    3;   0.0;   6;    2.617;-999;   7.1;   8.7;  983.65;   11.5;   65.96;   19.0;    0.4;   -0.7;eor
        282;20180503;   10;   9.9;   3.4;    3;   0.0;   0;    6.133;-999;   7.5;  10.0;  985.41;   15.1;   60.21;   21.2;    6.8;    4.7;eor
        282;20180504;   10;  11.2;   4.3;    3;   0.0;   0;    8.983;-999;   4.5;   9.1;  990.86;   15.8;   50.88;   21.8;   11.8;    8.3;eor
        282;20180505;   10;  10.2;   3.9;    3;   0.0;   0;   13.600;-999;   0.1;   9.9;  993.80;   16.7;   52.58;   23.6;    9.4;    5.7;eor
        282;20180506;   10;   9.7;   3.2;    3;   0.0;   0;   13.800;-999;   0.0;   8.5;  994.07;   16.2;   49.29;   24.2;    4.4;    1.2;eor
        282;20180507;   10;   9.6;   3.0;    3;   0.0;   0;   13.850;-999;   0.0;   8.7;  990.10;   17.8;   47.63;   26.9;    6.9;    3.2;eor
        282;20180508;   10;  12.2;   3.3;    3;   0.0;   0;   12.983;-999;   0.3;   9.5;  983.59;   19.0;   45.50;   26.6;    9.9;    6.6;eor
        282;20180509;   10;  13.3;   2.1;    3;   3.4;   6;   10.150;-999;   4.1;  11.3;  979.32;   17.2;   63.29;   26.5;    7.9;    6.0;eor
        282;20180510;   10;  16.6;   2.0;    3;  27.8;   8;    6.833;-999;   5.9;  13.1;  982.10;   14.3;   83.38;   25.3;    8.2;    7.2;eor
        282;20180511;   10;   5.3;   1.4;    3;   0.0;   0;    3.133;-999;   6.2;  13.1;  990.23;   14.3;   81.71;   19.4;   10.8;   10.0;eor
        282;20180512;   10;   6.7;   1.4;    3;   0.0;   6;   11.800;-999;  -999;  13.6;  986.24;   17.2;   73.25;   26.1;    7.6;    7.3;eor
        282;20180513;   10;  14.4;   2.7;    3;   4.2;   6;    8.667;-999;   4.3;  15.3;  980.20;   19.4;   71.08;   27.2;   13.1;   11.0;eor
        282;20180514;   10;  12.9;   3.4;    3;   0.0;   0;    7.233;-999;   5.8;  13.1;  980.01;   19.7;   61.33;   26.7;   11.6;    8.6;eor
        282;20180515;   10;  13.1;   3.6;    3;   3.4;   6;    5.900;-999;   6.1;  11.0;  983.83;   14.9;   66.96;   21.0;   11.9;    8.9;eor
        282;20180516;   10;   9.1;   2.6;    3;   3.3;   8;    3.000;-999;   7.2;  13.3;  984.50;   14.3;   82.00;   18.7;   11.6;   11.4;eor
        282;20180517;   10;   8.9;   2.7;    3;   0.0;   0;    4.917;-999;   7.3;  12.9;  987.46;   14.9;   77.71;   20.1;    8.7;    7.5;eor
        282;20180518;   10;   7.6;   2.3;    3;   0.0;   0;   12.350;-999;   3.4;  10.1;  991.09;   11.9;   74.67;   17.7;    5.6;    4.7;eor
        282;20180519;   10;  10.5;   2.2;    3;   0.0;   6;    9.033;-999;   7.5;  10.6;  991.47;   13.7;   70.13;   21.3;    4.2;    3.7;eor
        282;20180520;   10;  12.0;   3.3;    3;   0.0;   0;    8.400;-999;   5.1;  10.2;  991.70;   17.8;   53.13;   24.3;   11.2;    8.2;eor
        282;20180521;   10;  11.7;   3.5;    3;   0.0;   0;   12.350;-999;   1.8;  10.8;  986.88;   19.4;   50.04;   26.1;   12.8;    9.2;eor
        282;20180522;   10;   7.7;   1.7;    3;   0.0;   0;    9.750;-999;   4.8;  11.9;  984.30;   19.4;   56.13;   26.5;   10.8;    9.2;eor
        282;20180523;   10;  16.9;   2.1;    3;   7.2;   6;    6.933;-999;   6.5;  15.1;  988.50;   16.7;   80.29;   24.0;    9.5;    7.7;eor
        282;20180524;   10;   5.9;   1.4;    3;   4.8;   6;    0.617;-999;   7.5;  17.2;  990.13;   16.3;   92.33;   19.9;   12.0;   11.5;eor
        282;20180525;   10;   8.8;   1.4;    3;   0.6;   6;    6.600;-999;   6.1;  16.0;  990.54;   16.9;   84.54;   24.2;   11.1;   10.1;eor
        282;20180526;   10;   5.9;   1.2;    3;   0.0;   0;   10.467;-999;   4.8;  15.4;  992.09;   19.3;   72.58;   27.4;    9.9;    9.2;eor
        282;20180527;   10;   6.4;   1.4;    3;   0.0;   0;   10.450;-999;   6.6;  15.7;  990.30;   20.5;   68.67;   28.2;   11.5;   11.1;eor
        282;20180528;   10;   8.1;   1.8;    3;   0.0;   0;   12.000;-999;   1.8;  16.0;  988.46;   22.2;   64.25;   31.0;   11.8;   10.9;eor
        282;20180529;   10;   7.2;   1.6;    3;   0.0;   6;    8.833;-999;   3.9;  18.1;  985.08;   21.9;   71.67;   30.3;   13.9;   12.4;eor
        282;20180530;   10;   7.0;   1.6;    3;   0.0;   0;   13.100;-999;  -999;  16.7;  986.43;   21.3;   69.92;   28.3;   13.4;   12.6;eor
        282;20180531;   10;  13.0;   1.8;    3;   0.3;   6;   10.150;-999;   5.4;  17.9;  985.74;   22.1;   70.83;   31.1;   13.8;   13.6;eor
        282;20180601;   10;   9.2;   2.6;    3;   0.0;   0;    5.417;-999;   6.5;  16.6;  988.80;   20.0;   73.17;   25.4;   12.7;   11.8;eor
        282;20180602;   10;   7.1;   2.0;    3;   0.0;   0;    8.900;-999;   3.6;  15.1;  990.07;   18.6;   73.46;   24.9;   10.9;   10.1;eor
        282;20180603;   10;   5.7;   1.6;    3;   0.0;   0;   13.083;-999;   1.6;  14.4;  988.68;   20.5;   63.54;   28.2;   10.8;   10.2;eor
        282;20180604;   10;   8.4;   2.1;    3;   0.0;   0;   10.883;-999;   2.7;  15.0;  983.23;   22.1;   59.71;   29.4;   14.6;   13.0;eor
        282;20180605;   10;  11.2;   3.0;    3;   0.0;   0;   13.400;-999;   0.8;  15.6;  982.79;   22.0;   60.92;   28.3;   15.5;   13.5;eor
        282;20180606;   10;   8.3;   1.8;    3;   0.0;   0;   10.133;-999;   3.7;  15.5;  984.47;   21.7;   62.63;   30.0;   12.4;   10.2;eor
        282;20180607;   10;   8.8;   1.9;    3;   2.3;   6;    5.583;-999;   6.2;  17.5;  986.30;   20.7;   74.25;   29.9;   13.7;   12.0;eor
        282;20180608;   10;   7.2;   1.6;    3;   0.0;   0;    6.017;-999;   6.9;  17.9;  984.00;   22.2;   70.00;   29.5;   15.0;   14.3;eor
        282;20180609;   10;   8.3;   1.6;    3;   0.3;   6;    7.750;-999;   4.4;  18.5;  983.13;   21.3;   75.42;   29.8;   14.7;   13.2;eor
        282;20180610;   10;   8.8;   2.1;    3;   0.0;   6;    7.783;-999;   6.7;  19.0;  983.03;   21.9;   75.00;   28.4;   17.0;   16.4;eor
        282;20180611;   10;  11.0;   1.8;    3;  40.1;   8;    4.983;-999;   6.5;  20.0;  981.54;   20.4;   84.42;   26.9;   16.3;   16.1;eor
        282;20180612;   10;   7.7;   3.3;    3;   0.0;   6;    0.550;-999;   7.6;  15.7;  981.35;   18.0;   76.00;   21.6;   15.3;   14.5;eor
        282;20180613;   10;   8.4;   3.7;    3;   0.0;   6;    0.000;-999;   7.9;  11.5;  984.89;   15.1;   66.92;   16.9;   13.4;   12.9;eor
        282;20180614;   10;   6.2;   1.5;    3;   0.0;   0;    5.467;-999;  -999;  11.2;  988.26;   15.4;   66.42;   21.0;    9.0;    7.7;eor
        282;20180615;   10;   6.4;   1.5;    3;   0.0;   0;    8.367;-999;   6.1;  12.4;  988.80;   16.5;   69.42;   23.6;    7.8;    7.0;eor
        282;20180616;   10;-999;-999;    3;   0.0;   0;    8.000;-999;  -999;  -999;    -999;   18.0;-999;   24.5;    8.8;    7.8;eor
        282;20180617;   10;-999;-999;    3;   0.0;   0;    6.500;-999;  -999;  -999;    -999;   17.0;-999;   22.5;   11.0;   10.0;eor
        282;20180618;   10;   8.1;-999;    3;   0.0;   0;    7.000;-999;  -999;  -999;    -999;   19.0;-999;   23.9;   11.2;   10.1;eor
        282;20180619;   10;   7.9;   2.2;    3;   0.0;   0;    5.683;-999;   6.1;  15.6;  995.13;   19.1;   72.25;   25.3;   10.7;    9.4;eor
        282;20180620;   10;   7.9;   1.4;    3;   0.0;   0;   12.767;-999;   1.0;  16.5;  992.35;   21.9;   67.38;   30.0;   13.0;   11.6;eor
        282;20180621;   10;  14.5;   4.3;    3;   0.0;   4;   10.933;-999;   2.8;  13.4;  987.73;   19.5;   60.38;   26.9;   11.1;    7.9;eor
        282;20180622;   10;  16.0;   3.7;    3;   2.2;   6;    5.067;-999;   5.0;   9.7;  994.31;   12.1;   68.54;   16.3;    5.7;    4.9;eor
        282;20180623;   10;   8.0;   2.4;    3;   0.0;   6;    1.883;-999;   6.4;  10.1;  995.63;   11.7;   75.38;   16.0;    4.7;    3.0;eor
        282;20180624;   10;   8.5;   2.6;    3;   0.0;   6;    1.967;-999;   7.8;  10.8;  992.33;   15.3;   64.71;   20.5;   10.2;   10.3;eor
        282;20180625;   10;   8.2;   2.7;    3;   0.0;   6;    8.500;-999;   6.3;  11.5;  993.17;   17.1;   60.58;   22.7;   12.9;   12.0;eor
        282;20180626;   10;   6.9;   1.5;    3;   0.0;   0;    4.400;-999;   5.9;  13.3;  994.16;   17.4;   68.71;   24.5;   10.3;    7.9;eor
        282;20180627;   10;  11.8;   3.0;    3;   0.0;   0;   10.900;-999;   3.4;  11.7;  993.79;   18.0;   60.38;   24.6;    9.9;    7.9;eor
        282;20180628;   10;  11.8;   3.3;    3;   0.8;   6;    4.083;-999;   6.2;  14.0;  991.03;   18.2;   68.79;   24.3;    9.9;    7.6;eor
        282;20180629;   10;   9.6;   2.3;    3;   0.0;   0;    7.633;-999;   5.1;  15.2;  986.98;   22.2;   61.96;   29.5;   13.2;   10.6;eor
        282;20180630;   10;  10.0;   3.7;    3;   0.0;   0;   15.033;-999;   0.3;  10.5;  987.28;   19.8;   49.33;   25.6;   11.5;    9.7;eor
        282;20180701;   10;   9.1;   3.0;    3;   0.0;   0;   15.033;-999;   0.0;   8.4;  989.25;   18.1;   42.58;   24.7;    7.9;    5.1;eor
        282;20180702;   10;   8.2;   2.5;    3;   0.0;   0;   15.017;-999;   0.0;   8.4;  988.02;   18.5;   42.83;   26.5;    6.8;    4.7;eor
        282;20180703;   10;   7.3;   1.7;    3;   0.0;   0;   14.983;-999;   0.8;   8.8;  988.07;   18.9;   48.00;   28.8;    6.5;    4.6;eor
        282;20180704;   10;   7.3;   1.5;    3;   0.0;   0;    9.483;-999;   6.7;  11.0;  986.68;   20.3;   52.88;   31.1;    6.8;    5.9;eor
        282;20180705;   10;  10.7;   2.0;    3;   1.7;   6;    8.633;-999;   5.9;  15.9;  985.13;   19.9;   72.58;   29.5;   11.5;   10.4;eor
        282;20180706;   10;  11.1;   3.1;    3;   1.2;   6;    7.917;-999;   4.6;  15.7;  988.82;   20.4;   69.29;   27.6;   11.2;    9.2;eor
        282;20180707;   10;   9.5;   2.4;    3;   0.0;   0;   14.483;-999;   1.7;  10.4;  992.78;   18.6;   55.67;   27.4;    8.1;    6.0;eor
        282;20180708;   10;  10.1;   2.3;    3;   0.0;   0;   12.600;-999;   4.0;  11.5;  992.46;   19.2;   56.63;   28.3;    8.2;    7.2;eor
        282;20180709;   10;  10.5;   2.5;    3;   0.1;   6;    9.200;-999;   4.9;  12.4;  990.81;   20.2;   56.67;   27.8;   10.1;    9.2;eor
        282;20180710;   10;   9.9;   2.6;    3;   4.3;   6;    1.983;-999;   7.6;  12.1;  987.15;   17.0;   63.75;   20.7;   13.8;   13.3;eor
        282;20180711;   10;  10.5;   1.7;    3;   2.2;   6;    1.917;-999;   7.2;  13.7;  986.95;   15.1;   80.92;   19.5;   12.6;   12.2;eor
        282;20180712;   10;   9.2;   2.1;    3;   0.0;   6;    7.000;-999;   5.5;  14.4;  988.55;   18.3;   71.50;   24.9;   12.7;   11.1;eor
        282;20180713;   10;  10.1;   1.6;    3;   0.0;   6;    9.433;-999;   4.1;  14.2;  990.65;   19.3;   67.79;   27.3;   10.8;    9.8;eor
        282;20180714;   10;   7.4;   1.7;    3;   0.0;   0;   11.517;-999;   2.4;  13.5;  989.80;   20.9;   60.21;   28.9;   12.5;   10.6;eor
        282;20180715;   10;  12.0;   1.6;    3;   3.2;   6;    8.300;-999;   3.8;  14.6;  987.36;   19.2;   71.38;   29.5;   10.4;    9.0;eor
        282;20180716;   10;   6.9;   1.4;    3;   0.0;   6;    7.233;-999;   4.3;  16.2;  985.67;   18.8;   77.75;   26.6;   12.4;   11.1;eor
        282;20180717;   10;  12.4;   2.5;    3;   0.0;   0;   11.150;-999;   6.1;  13.6;  985.69;   21.2;   59.75;   30.1;   10.1;    8.6;eor
        282;20180718;   10;  10.9;   2.6;    3;   0.0;   0;   13.500;-999;   1.5;  13.3;  988.08;   21.2;   57.46;   28.4;   11.9;   10.1;eor
        282;20180719;   10;   7.0;   1.7;    3;   0.0;   0;   14.300;-999;   1.0;  11.4;  988.77;   19.7;   56.25;   28.4;    9.9;    8.0;eor
        282;20180720;   10;   8.4;   1.5;    3;   0.1;   6;   11.417;-999;   4.5;  12.7;  985.14;   21.4;   55.67;   31.2;    9.5;    8.2;eor
        282;20180721;   10;   3.8;   1.4;    3;  10.6;   6;    0.000;-999;   5.7;  18.2;  983.89;   17.7;   89.13;   19.6;   13.9;   13.1;eor
        282;20180722;   10;   4.2;   1.3;    3;   0.2;   6;    0.000;-999;   7.0;  19.0;  986.12;   18.9;   87.21;   22.6;   16.7;   16.2;eor
        282;20180723;   10;   7.7;   1.6;    3;   0.0;   0;    8.467;-999;   3.7;  17.3;  988.16;   21.6;   71.33;   29.2;   14.5;   14.0;eor
        282;20180724;   10;   5.3;   1.2;    3;   0.0;   0;   12.967;-999;   0.5;  16.0;  986.75;   22.6;   64.75;   32.3;   12.6;   12.1;eor
        282;20180725;   10;   9.5;   2.1;    3;   0.0;   0;   13.533;-999;   1.0;  16.0;  986.31;   24.3;   59.04;   33.6;   13.5;   12.9;eor
        282;20180726;   10;  11.7;   2.0;    3;   0.0;   0;   12.517;-999;   1.5;  14.6;  987.07;   24.4;   54.38;   33.0;   14.0;   12.8;eor
        282;20180727;   10;   9.9;   1.5;    3;   0.0;   0;    7.450;-999;   3.3;  15.5;  985.01;   23.5;   57.08;   31.5;   14.2;   13.2;eor
        282;20180728;   10;  13.8;   2.4;    3;   0.0;   6;    8.733;-999;   3.5;  16.8;  982.20;   23.3;   63.63;   32.2;   13.6;   12.8;eor
        282;20180729;   10;   6.4;   1.4;    3;   0.0;   0;    7.883;-999;   6.5;  16.8;  986.78;   23.7;   61.92;   31.2;   15.3;   14.0;eor
        282;20180730;   10;   6.3;   1.3;    3;   0.0;   0;   12.700;-999;   2.0;  15.8;  987.47;   25.3;   55.75;   34.9;   14.3;   13.2;eor
        282;20180731;   10;   8.4;   1.5;    3;   0.0;   0;   12.600;-999;   1.6;  15.5;  987.68;   26.6;   51.92;   37.9;   14.2;   13.5;eor
        282;20180801;   10;   9.4;   3.3;    3;   0.0;   0;    4.517;-999;   6.0;  18.0;  990.10;   25.5;   57.04;   31.9;   17.9;   16.4;eor
        282;20180802;   10;   8.2;   3.0;    3;   0.0;   6;    5.217;-999;   5.3;  19.5;  992.43;   26.1;   58.58;   31.5;   21.9;   19.0;eor
        282;20180803;   10;   8.9;   2.0;    3;   0.0;   0;   10.300;-999;   2.8;  19.8;  991.28;   27.6;   56.25;   35.6;   18.7;   16.4;eor
        282;20180804;   10;  12.0;   1.9;    3;   0.0;   0;   10.300;-999;   2.1;  19.1;  988.52;   27.3;   57.38;   35.9;   18.1;   16.9;eor
        282;20180805;   10;   9.0;   3.3;    3;   0.0;   0;   12.750;-999;   1.4;  16.2;  990.30;   25.0;   53.00;   30.6;   15.1;   13.1;eor
        282;20180806;   10;   7.3;   1.5;    3;   0.0;   0;   13.683;-999;   0.0;  12.7;  988.89;   22.8;   52.25;   33.0;   11.6;   10.0;eor
        282;20180807;   10;   8.2;   2.1;    3;   0.0;   0;    8.017;-999;   3.8;  14.9;  984.57;   24.6;   53.50;   35.1;   12.7;   11.8;eor
        282;20180808;   10;   9.9;   2.4;    3;   0.0;   6;    7.750;-999;   4.5;  16.5;  984.84;   25.2;   55.33;   33.3;   15.5;   13.9;eor
        282;20180809;   10;  20.4;   3.1;    3;   0.1;   6;   11.200;-999;   2.6;  16.4;  985.58;   25.1;   55.79;   35.4;   15.5;   14.4;eor
        282;20180810;   10;  10.4;   3.1;    3;   0.0;   0;    8.033;-999;   5.6;  11.7;  994.04;   19.8;   51.67;   24.6;   14.2;   11.7;eor
        282;20180811;   10;  12.1;   3.5;    3;   0.0;   0;    8.433;-999;   5.1;  11.3;  993.68;   19.2;   53.88;   24.8;    9.5;    6.8;eor
        282;20180812;   10;   7.5;   1.5;    3;   0.0;   0;   13.000;-999;   2.4;   9.9;  988.38;   18.3;   54.08;   29.7;    5.8;    4.1;eor
        282;20180813;   10;  11.8;   2.0;    3;   0.7;   6;    5.350;-999;   4.4;  14.4;  982.35;   18.4;   69.46;   27.5;    8.5;    7.3;eor
        282;20180814;   10;  11.9;   2.6;    3;   0.1;   6;    5.367;-999;   4.0;  15.4;  986.28;   18.1;   76.21;   23.6;   12.2;   10.7;eor
        282;20180815;   10;   8.3;   1.7;    3;   0.0;   6;    4.000;-999;   4.2;  14.5;  991.43;   17.8;   74.33;   25.1;   10.9;    8.7;eor
        282;20180816;   10;   8.1;   1.3;    3;   0.0;   0;   12.950;-999;   0.3;  12.9;  988.62;   20.0;   61.38;   30.9;    8.6;    7.1;eor
        282;20180817;   10;   8.0;   1.8;    3;   0.3;   6;   11.333;-999;   5.4;  13.7;  986.83;   22.9;   55.25;   33.0;   11.0;    9.2;eor
        282;20180818;   10;   7.1;   2.6;    3;   0.0;   0;   10.700;-999;   3.0;  16.5;  991.71;   22.3;   63.54;   29.1;   15.0;   13.1;eor
        282;20180819;   10;   7.4;   1.5;    3;   0.0;   0;   11.883;-999;   1.4;  14.2;  991.65;   21.8;   60.33;   31.8;   12.7;   11.1;eor
        282;20180820;   10;   8.6;   2.2;    3;   0.0;   0;   11.133;-999;   0.8;  14.9;  990.44;   21.0;   62.96;   28.9;   11.1;    9.2;eor
        282;20180821;   10;   8.5;   1.9;    3;   0.0;   0;    8.333;-999;   2.8;  14.7;  991.35;   21.5;   61.08;   29.8;   12.2;   10.2;eor
        282;20180822;   10;   6.7;   1.4;    3;   0.0;   0;   11.550;-999;   1.3;  14.7;  988.71;   23.1;   58.00;   32.9;   13.3;   11.2;eor
        282;20180823;   10;  10.1;   1.8;    3;   0.0;   6;    5.500;-999;   4.3;  15.3;  984.82;   21.9;   61.25;   30.5;   11.6;    9.9;eor
        282;20180824;   10;  10.9;   2.9;    3;   0.0;   6;    2.100;-999;   6.6;  14.7;  983.58;   19.2;   66.46;   24.4;   15.3;   13.1;eor
        282;20180825;   10;  11.2;   2.9;    3;   0.4;   6;    2.467;-999;   5.0;  11.0;  984.69;   13.7;   71.21;   18.2;    5.3;    3.1;eor
        282;20180826;   10;   6.4;   1.5;    3;   0.0;   0;    9.217;-999;   2.8;   8.2;  988.85;   11.3;   66.88;   20.4;    2.8;    0.7;eor
        282;20180827;   10;  12.5;   2.6;    3;   0.0;   6;    1.767;-999;   5.6;  10.9;  987.46;   15.2;   64.88;   22.7;    5.1;    2.8;eor
        282;20180828;   10;   5.8;   1.2;    3;   0.0;   0;   10.500;-999;   3.1;  12.2;  990.60;   17.2;   67.04;   25.7;    8.4;    6.0;eor
        282;20180829;   10;   7.4;   1.6;    3;   3.5;   6;   11.383;-999;   2.0;  12.3;  986.09;   19.0;   61.96;   30.3;    5.9;    4.1;eor
        282;20180830;   10;   9.3;   2.8;    3;   0.0;   6;    0.700;-999;   6.0;  14.9;  989.90;   16.8;   78.67;   20.5;    9.2;    7.3;eor
        282;20180831;   10;   6.4;   1.9;    3;   1.0;   6;    0.400;-999;   7.4;  13.6;  992.32;   14.7;   82.38;   19.5;    9.0;    7.8;eor
        282;20180901;   10;  12.0;   3.3;    3;   0.0;   6;    4.233;-999;   6.3;  10.9;  994.67;   16.5;   59.33;   20.7;   11.7;   10.4;eor
        282;20180902;   10;   8.6;   3.1;    3;   0.3;   6;    0.000;-999;   7.6;  14.2;  993.01;   16.4;   75.83;   17.9;   15.2;   14.3;eor
        282;20180903;   10;   4.4;   1.6;    3;   8.0;   6;    1.283;-999;   6.7;  17.3;  988.05;   16.8;   90.33;   20.2;   15.0;   14.1;eor
        282;20180904;   10;   5.5;   1.6;    3;   0.0;   0;    3.083;-999;   4.6;  16.9;  987.44;   17.7;   84.92;   25.5;   11.0;   10.4;eor
        282;20180905;   10;   5.2;   1.0;    3;   0.0;   0;    9.033;-999;   2.7;  14.1;  988.25;   17.7;   75.38;   28.2;   11.0;   10.2;eor
        282;20180906;   10;   7.9;   1.6;    3;   6.2;   6;    7.950;-999;   4.0;  14.9;  983.99;   18.1;   75.21;   27.4;    8.9;    7.8;eor
        282;20180907;   10;  14.3;   1.5;    3;   2.1;   6;    2.267;-999;   6.0;  16.8;  985.87;   17.0;   87.58;   22.5;   12.6;   11.3;eor
        282;20180908;   10;   6.4;   1.4;    3;   0.0;   0;    9.783;-999;   4.4;  11.8;  992.23;   15.5;   71.13;   22.7;    7.1;    6.5;eor
        282;20180909;   10;   5.3;   1.2;    3;   0.0;   0;    9.200;-999;   6.1;  11.2;  993.60;   15.1;   70.75;   24.6;    7.0;    5.8;eor
        282;20180910;   10;   6.4;   1.4;    3;   0.0;   0;    8.783;-999;   4.7;  11.5;  994.09;   16.4;   67.38;   28.4;    5.4;    4.2;eor
        282;20180911;   10;  10.2;   2.1;    3;   0.0;   0;   11.567;-999;  -999;  11.9;  995.19;   17.2;   66.38;   27.4;    8.2;    6.9;eor
        282;20180912;   10;   9.4;   1.8;    3;   1.9;   6;   11.800;-999;   0.0;  12.3;  992.11;   18.9;   63.04;   30.8;    7.8;    6.2;eor
        282;20180913;   10;   7.1;   2.1;    3;   0.8;   6;    2.917;-999;   6.9;  15.9;  989.88;   18.6;   75.04;   23.8;   14.6;   13.6;eor
        282;20180914;   10;   6.1;   1.3;    3;   0.0;   6;    1.650;-999;   7.3;  14.7;  991.35;   17.1;   76.63;   22.2;   13.3;   11.7;eor
        282;20180915;   10;   8.3;   2.0;    3;   0.0;   0;    7.267;-999;   4.8;  11.1;  994.99;   15.2;   67.79;   21.4;    5.8;    4.3;eor
        282;20180916;   10;   4.7;   1.1;    3;   0.0;   0;   11.350;-999;   3.0;   9.3;  994.90;   12.8;   69.00;   24.2;    3.3;    2.2;eor
        282;20180917;   10;   6.2;   1.2;    3;   0.0;   0;   11.300;-999;   1.9;  10.5;  991.82;   15.1;   67.46;   26.9;    5.5;    4.7;eor
        282;20180918;   10;  12.1;   1.6;    3;   0.0;   0;   11.183;-999;   0.3;  12.1;  988.57;   17.6;   66.58;   30.8;    6.1;    5.5;eor
        282;20180919;   10;   7.8;   2.2;    3;   0.0;   6;    8.300;-999;   2.1;  14.5;  991.31;   19.7;   67.42;   29.3;   11.6;   10.0;eor
        282;20180920;   10;   8.3;   1.9;    3;   0.0;   0;   10.600;-999;   1.3;  14.7;  989.91;   20.0;   67.63;   30.7;   11.2;    9.5;eor
        282;20180921;   10;  17.2;   3.4;    3;   1.5;   8;    4.933;-999;   5.2;  14.3;  984.53;   18.7;   69.38;   28.7;   11.8;    9.7;eor
        282;20180922;   10;   8.4;   2.6;    3;   0.5;   6;    3.417;-999;   5.4;   9.5;  992.68;   13.0;   65.42;   16.8;    6.8;    4.7;eor
        282;20180923;   10;  27.3;   4.1;    3;  16.4;   8;    0.217;-999;   7.1;  13.5;  984.11;   13.5;   86.21;   22.9;    7.8;    6.0;eor
        282;20180924;   10;  12.0;   3.8;    3;   0.0;   0;    6.467;-999;   4.5;   8.1; 1001.11;   10.1;   67.25;   15.1;    6.6;    4.3;eor
        282;20180925;   10;   6.3;   1.6;    3;   0.0;   0;    9.133;-999;   1.8;   6.9; 1008.97;    6.5;   74.79;   14.4;   -0.7;   -1.8;eor
        282;20180926;   10;   6.0;   1.2;    3;   0.0;   0;    7.417;-999;   2.3;   6.6; 1006.16;    6.4;   73.79;   16.9;   -2.3;   -3.2;eor
        282;20180927;   10;   4.2;   1.1;    3;   0.0;   0;   10.783;-999;   0.0;   7.3;  999.77;   10.3;   67.25;   23.2;    0.6;   -0.2;eor
        282;20180928;   10;  12.0;   2.4;    3;   0.0;   0;    8.100;-999;   2.3;   8.5;  994.28;   10.8;   69.46;   21.0;    1.7;    0.2;eor
        282;20180929;   10;   7.3;   1.7;    3;   0.0;   0;   10.617;-999;   0.0;   6.4;  998.12;    7.0;   68.88;   16.2;   -0.5;   -2.9;eor
        282;20180930;   10;   6.0;   1.3;    3;   0.0;   0;   10.600;-999;   0.0;   6.5;  989.13;    7.6;   68.50;   19.1;   -2.2;   -4.2;eor
        282;20181001;   10;  11.8;   2.5;    3;   0.5;   6;    3.667;-999;   6.8;   7.9;  986.92;    8.3;   73.50;   14.9;    2.5;    0.6;eor
        282;20181002;   10;  10.8;   3.2;    3;   0.1;   6;    0.183;   0;   6.5;   7.8;  992.41;    6.9;   78.50;   10.6;    0.4;   -1.2;eor
        282;20181003;   10;  11.7;   3.5;    3;   0.0;   6;    2.717;   0;   5.4;   9.3;  995.02;   10.6;   73.83;   16.3;    0.7;   -1.3;eor
        282;20181004;   10;   4.5;   1.0;    3;   0.0;   0;   10.100;   0;  -999;   7.6;  998.71;    7.2;   77.13;   17.5;   -1.1;   -2.6;eor
        282;20181005;   10;   5.8;   1.2;    3;   0.0;   0;    8.733;   0;   0.7;   8.0;  992.65;    9.1;   74.67;   23.0;   -0.7;   -2.0;eor
        282;20181006;   10;   7.1;   1.7;    3;   0.0;   0;    6.983;   0;   6.6;  10.8;  984.54;   13.0;   73.75;   24.3;    2.5;    1.1;eor
        282;20181007;   10;   8.6;   2.2;    3;   0.0;   0;    9.700;   0;   2.8;  11.6;  986.84;   13.4;   77.13;   23.0;    5.4;    3.5;eor
        282;20181008;   10;   3.5;   0.9;    3;   0.0;   0;    7.850;   0;   2.1;  10.8;  992.85;   11.8;   80.29;   21.6;    5.0;    2.8;eor
        282;20181009;   10;   4.2;   0.9;    3;   0.0;   0;    5.667;   0;   4.6;  11.0;  994.15;   10.9;   85.38;   20.9;    4.2;    2.4;eor
        282;20181010;   10;   8.1;   1.6;    3;   0.0;   0;    9.833;   0;   0.0;  10.2;  990.88;   11.3;   77.46;   23.0;    1.8;   -0.1;eor
        282;20181011;   10;   9.4;   1.9;    3;   0.0;   6;    9.900;   0;   0.5;   9.0;  987.67;   13.0;   67.54;   24.9;    4.4;    0.9;eor
        282;20181012;   10;   5.3;   1.2;    3;   0.0;   0;    9.817;   0;   1.0;  11.4;  994.34;   14.7;   72.08;   25.5;    6.2;    3.9;eor
        282;20181013;   10;   6.5;   1.3;    3;   0.0;   0;    9.783;   0;   0.0;   9.8;  993.62;   13.0;   70.96;   25.9;    3.7;    1.7;eor
        282;20181014;   10;   5.6;   1.2;    3;   0.0;   0;    9.717;   0;   0.0;   9.5;  986.50;   11.8;   73.29;   24.6;    3.1;    1.1;eor
        282;20181015;   10;   6.5;   0.9;    3;   0.0;   0;    9.650;   0;   0.0;   8.4;  986.67;   10.8;   71.46;   24.5;    1.8;   -0.3;eor
        282;20181016;   10;   3.1;   0.8;    3;   0.0;   0;    6.100;   0;   3.5;   9.1;  990.35;   10.1;   76.13;   21.1;    1.4;   -0.4;eor
        282;20181017;   10;   2.7;   0.8;    3;   0.0;   0;    8.200;   0;   1.5;   9.1;  990.85;    9.7;   78.50;   21.7;    1.9;    0.3;eor
        282;20181018;   10;   8.2;   1.8;    3;   0.0;   0;    6.433;   0;   2.1;   9.7;  992.17;   10.2;   78.75;   20.7;    1.7;    0.2;eor
        282;20181019;   10;   6.0;   1.3;    3;   0.0;   0;    4.167;   0;   4.0;  10.1;  994.74;   10.2;   82.25;   17.5;    3.5;    0.9;eor
        282;20181020;   10;   6.2;   1.4;    3;   0.0;   0;    7.683;   0;   4.8;   8.7;  999.04;    9.3;   76.13;   16.9;    0.4;   -2.3;eor
        282;20181021;   10;   6.2;   1.1;    3;   0.0;   0;    7.483;   0;   2.7;   6.8;  999.84;    5.8;   76.88;   15.7;   -1.7;   -4.1;eor
        282;20181022;   10;  11.5;   1.7;    3;   0.1;   6;    3.883;   0;   4.4;   7.0; 1000.14;    5.4;   77.25;   14.8;   -4.5;   -6.8;eor
        282;20181023;   10;  13.5;   3.0;    3;   0.3;   6;    0.000;   0;   7.2;   7.6;  995.57;    7.6;   74.88;   12.2;    0.3;   -2.4;eor
        282;20181024;   10;  13.4;   4.3;    3;   4.5;   6;    0.483;   0;   7.0;  11.8;  990.96;   11.9;   84.25;   14.2;   10.5;    9.8;eor
        282;20181025;   10;  10.9;   3.4;    3;   0.0;   6;    0.933;   0;   7.7;  10.5;  989.41;   12.5;   73.04;   15.1;   10.3;    9.5;eor
        282;20181026;   10;   8.5;   2.3;    3;   0.2;   6;    0.767;   0;   7.7;   9.0;  981.58;   10.1;   73.00;   13.2;    8.5;    7.6;eor
        282;20181027;   10;   7.0;   1.9;    3;   0.1;   6;    0.017;   0;   7.0;   7.4;  979.70;    6.8;   75.50;    9.2;    3.5;    2.7;eor
        282;20181028;   10;  11.4;   3.8;    3;   4.4;   6;    0.000;   0;   6.7;   6.7;  980.28;    5.0;   76.96;    6.5;    3.3;    3.0;eor
        282;20181029;   10;   7.5;   2.8;    3;   0.2;   6;    0.000;   0;   7.3;   7.9;  970.96;    6.5;   80.33;   10.0;    4.1;    3.5;eor
        282;20181030;   10;  16.0;   4.2;    3;   1.7;   6;    0.000;   0;   4.4;   8.2;  969.64;    8.3;   74.83;   14.9;    2.6;   -0.5;eor
        282;20181031;   10;   6.4;   2.0;    3;   0.0;   0;    3.167;   0;   4.8;   7.2;  987.70;    7.2;   72.29;   14.9;   -0.5;   -2.9;eor
        282;20181101;   10;   7.3;   1.2;    3;   0.0;   0;    3.567;   0;   4.6;   7.4;  984.83;    5.4;   83.79;   15.0;   -0.6;   -2.2;eor
        282;20181102;   10;   5.1;   1.4;    3;   0.0;   6;    3.567;   0;   6.5;   8.3;  993.99;    7.1;   83.13;   13.3;    0.4;   -1.8;eor
        282;20181103;   10;   5.9;   2.2;    3;   0.0;   6;    0.000;   0;   7.8;   9.0;  997.46;    9.6;   75.54;   12.2;    6.7;    5.1;eor
        282;20181104;   10;   5.2;   1.7;    3;   0.0;   6;    0.000;   0;   8.0;  10.6;  989.15;   10.9;   81.33;   11.9;    9.7;    8.6;eor
        282;20181105;   10;   6.2;   1.2;    3;   0.0;   0;    3.233;   0;   2.9;   9.5;  981.87;    8.8;   84.83;   17.7;    2.3;    0.0;eor
        282;20181106;   10;   5.8;   1.1;    3;   0.0;   0;    6.017;   0;   4.3;   8.5;  981.37;    7.2;   85.13;   18.7;    1.0;   -0.5;eor
        282;20181107;   10;   4.5;   1.0;    3;   0.2;   6;    4.383;   0;   5.3;   8.4;  984.76;    5.5;   92.88;   13.0;    1.6;   -0.6;eor
        282;20181108;   10;   3.1;   0.9;    3;   0.1;   6;    0.267;   0;   7.3;  10.0;  992.20;    7.9;   93.83;   12.4;    4.7;    3.6;eor
        282;20181109;   10;   6.0;   1.6;    3;   0.0;   0;    0.000;   0;   7.4;   9.5;  988.30;    8.0;   88.46;   11.5;    3.0;    1.4;eor
        282;20181110;   10;   8.1;   2.9;    3;   0.5;   6;    1.283;   0;   7.6;   9.4;  983.27;    9.2;   81.17;   12.0;    7.4;    5.3;eor
        282;20181111;   10;   7.3;   3.0;    3;   0.8;   6;    4.750;   0;   3.5;  10.4;  985.44;   10.2;   84.00;   15.1;    7.0;    5.4;eor
        282;20181112;   10;   7.0;   2.4;    3;   2.3;   6;    5.667;   0;   4.8;   9.7;  990.07;   11.6;   72.25;   16.6;    5.4;    2.3;eor
        282;20181113;   10;   8.8;   2.3;    3;   0.3;   6;    0.500;   0;   4.8;   9.8;  997.22;    8.8;   86.54;   12.8;    0.6;   -1.2;eor
        282;20181114;   10;   4.7;   1.5;    3;   0.0;   0;    0.000;   0;   7.3;   7.9; 1001.96;    4.9;   91.08;    8.0;    0.2;   -1.6;eor
        282;20181115;   10;   5.9;   1.4;    3;   0.0;   0;    4.283;   0;   4.3;   7.2;  999.55;    5.1;   81.75;   10.8;   -1.8;   -4.1;eor
        282;20181116;   10;   6.4;   1.5;    3;   0.0;   0;    7.517;   0;   0.0;   5.4; 1001.26;    1.6;   79.58;   10.3;   -4.5;   -6.9;eor
        282;20181117;   10;  10.3;   3.5;    3;   0.0;   0;    7.733;   0;   0.1;   5.2; 1001.14;    4.5;   63.13;    9.9;   -2.9;   -5.5;eor
        282;20181118;   10;   9.3;   2.9;    3;   0.1;   8;    7.700;   0;   1.8;   3.6;  996.38;    2.0;   53.08;    7.9;   -4.4;   -7.6;eor
        282;20181119;   10;  13.0;   3.4;    3;   0.2;   8;    0.000;   0;   6.7;   5.1;  986.54;    2.1;   71.79;    3.9;   -0.3;   -2.1;eor
        282;20181120;   10;  14.3;   3.4;    3;   1.3;   8;    0.000;   0;   5.2;   5.3;  981.10;    1.9;   75.33;    3.5;   -3.9;   -7.2;eor
        282;20181121;   10;   5.3;   1.1;    3;   0.0;   6;    0.000;   0;   7.0;   5.7;  987.22;    1.2;   84.83;    4.4;   -4.8;   -7.4;eor
        282;20181122;   10;   3.6;   1.0;    3;   0.0;   0;    0.000;   0;   7.8;   6.4;  991.59;    3.2;   83.96;    5.4;   -0.3;   -2.5;eor
        282;20181123;   10;   5.9;   1.7;    3;   1.2;   6;    0.000;   0;   7.7;   6.1;  991.08;    1.7;   87.42;    4.0;   -0.7;   -2.5;eor
        282;20181124;   10;   5.5;   1.5;    3;   0.1;   6;    0.033;   0;   6.9;   7.5;  984.86;    3.7;   92.96;    6.7;   -0.7;   -2.5;eor
        282;20181125;   10;   6.7;   1.8;    3;   0.0;   6;    1.617;   0;   6.0;   7.0;  981.70;    3.3;   89.50;    7.2;   -3.2;   -5.2;eor
        282;20181126;   10;   7.8;   2.6;    3;   0.0;   6;    0.000;   0;   6.8;   6.1;  980.57;    2.9;   81.21;    6.8;   -3.8;   -5.7;eor
        282;20181127;   10;   5.3;   2.2;    3;   0.0;   0;    0.000;   0;   7.7;   5.4;  990.09;    2.4;   74.79;    3.5;    0.3;   -0.4;eor
        282;20181128;   10;   9.0;   2.7;    3;   0.0;   0;    4.967;   0;   7.3;   5.0;  996.63;    1.6;   74.04;    4.8;   -0.1;   -1.2;eor
        282;20181129;   10;   9.5;   2.7;    3;   0.0;   0;    3.950;   0;   7.0;   4.3;  992.84;    2.0;   61.75;    5.8;   -1.5;   -2.8;eor
        282;20181130;   10;   5.8;   1.8;    3;   4.0;   6;    0.000;   0;  -999;   5.4;  987.99;    1.5;   78.25;    2.2;   -0.4;   -2.4;eor
        282;20181201;   10;   6.5;   1.8;    3;   0.3;   6;    1.017;   0;   7.1;   8.0;  987.89;    5.1;   91.38;    9.1;    2.0;    1.9;eor
        282;20181202;   10;   7.5;   3.6;    3;  19.6;   6;    0.000;   0;   7.4;   9.9;  978.53;    8.1;   90.83;   12.1;    5.2;    4.3;eor
        282;20181203;   10;   9.7;   3.1;    3;  19.4;   6;    0.250;   0;   6.8;  11.9;  976.53;   11.0;   90.38;   12.9;    8.8;    8.1;eor
        282;20181204;   10;  13.2;   3.1;    3;   0.0;   6;    1.467;   0;   4.8;   7.6;  989.20;    5.6;   81.33;   10.5;   -2.8;   -4.5;eor
        282;20181205;   10;   2.7;   0.7;    3;   0.1;   6;    0.000;   0;   7.7;   5.6;  997.10;   -0.4;   94.21;    2.2;   -3.4;   -4.3;eor
        282;20181206;   10;   7.5;   2.4;    3;   0.3;   6;    0.000;   0;   7.5;   8.2;  990.91;    5.6;   88.58;   10.1;    1.2;    1.2;eor
        282;20181207;   10;  15.4;   3.8;    3;   4.4;   6;    0.000;   0;   7.3;  10.5;  982.91;   10.8;   80.92;   12.3;    7.3;    5.7;eor
        282;20181208;   10;  15.5;   5.4;    3;   6.3;   6;    0.050;   0;   6.5;   7.7;  979.75;    6.6;   78.58;    8.0;    4.3;    2.0;eor
        282;20181209;   10;  17.9;   5.6;    3;   1.0;   6;    0.000;   0;   7.4;   8.0;  973.74;    7.4;   77.46;    8.8;    4.5;    2.7;eor
        282;20181210;   10;  12.6;   4.7;    3;   2.0;   8;    3.033;   0;   6.1;   6.2;  988.51;    3.9;   77.21;    6.0;    0.9;    0.0;eor
        282;20181211;   10;  10.7;   4.2;    3;   0.5;   6;    0.150;   0;   7.5;   6.0;  991.32;    3.3;   77.88;    4.8;    2.5;    1.1;eor
        282;20181212;   10;   6.3;   2.3;    3;   0.3;   8;    1.483;   0;   6.1;   5.7;  993.64;    2.1;   80.71;    4.5;   -3.7;   -5.4;eor
        282;20181213;   10;   7.9;   2.4;    3;   0.0;   0;    1.267;   0;   5.1;   4.1;  990.81;   -1.0;   72.38;    1.2;   -5.4;   -8.0;eor
        282;20181214;   10;   5.9;   2.6;    3;   0.0;   0;    0.000;   0;   8.0;   3.9;  992.68;   -0.3;   65.92;    0.2;   -0.9;   -1.5;eor
        282;20181215;   10;   7.2;   2.4;    3;   0.0;   0;    0.000;   0;   8.0;   3.7;  995.79;   -0.6;   62.88;   -0.1;   -2.4;   -4.7;eor
        282;20181216;   10;   8.6;   2.3;    3;   0.5;   8;    0.000;   0;   7.0;   4.5;  986.52;   -1.7;   82.04;    0.4;   -4.9;   -8.0;eor
        282;20181217;   10;   4.6;   1.7;    3;   0.3;   6;    0.000;   0;   7.7;   6.7;  992.99;    2.1;   94.46;    3.9;    0.3;    0.1;eor
        282;20181218;   10;   7.8;   2.1;    3;   0.0;   6;    1.933;   0;   7.2;   6.8;  996.40;    3.1;   88.92;    6.5;   -2.4;   -5.2;eor
        282;20181219;   10;   5.9;   1.7;    3;   7.9;   6;    0.000;   0;   7.7;   6.0;  988.95;    0.9;   91.71;    2.7;   -4.0;   -5.8;eor
        282;20181220;   10;   6.7;   2.5;    3;   1.8;   6;    0.050;   0;   7.4;   7.8;  988.09;    4.6;   91.67;    6.3;    2.5;    2.2;eor
        282;20181221;   10;  14.1;   4.6;    3;   7.9;   6;    0.000;   0;   7.4;   8.8;  982.90;    7.6;   84.29;   11.7;    4.6;    3.7;eor
        282;20181222;   10;  17.5;   4.2;    3;   2.1;   6;    0.850;   0;   7.7;   9.2;  985.17;    9.3;   78.21;   12.3;    5.3;    3.3;eor
        282;20181223;   10;  10.1;   2.2;    3;  25.8;   6;    0.000;   0;   7.5;   8.7;  990.06;    6.5;   90.33;    8.6;    2.4;    0.3;eor
        282;20181224;   10;  11.5;   3.7;    3;   0.1;   6;    0.733;   0;   7.4;   6.9;  995.55;    4.3;   82.21;    8.0;   -1.2;   -3.4;eor
        282;20181225;   10;   4.5;   1.6;    3;   0.0;   6;    0.000;   0;   8.0;   5.5; 1005.16;    1.4;   80.88;    3.2;   -0.4;   -1.7;eor
        282;20181226;   10;   4.1;   1.3;    3;   0.3;   6;    1.083;   0;   6.0;   5.3; 1003.31;   -0.2;   88.42;    2.3;   -4.1;   -6.6;eor
        282;20181227;   10;   4.0;   1.2;    3;   0.0;   0;    3.633;   0;   7.8;   5.9;  999.08;    1.7;   86.13;    5.2;   -0.5;   -1.3;eor
        282;20181228;   10;   5.0;   1.7;    3;   0.0;   6;    2.383;   0;   6.4;   5.5;  999.54;   -0.1;   90.00;    2.1;   -3.0;   -4.4;eor
        282;20181229;   10;   8.9;   2.1;    3;   1.7;   8;    0.000;   0;   7.6;   6.0; 1001.90;    0.9;   91.46;    3.2;   -0.7;   -0.8;eor
        282;20181230;   10;  10.0;   4.1;    3;   0.0;   6;    0.000;   0;   7.7;   7.3; 1000.05;    5.8;   78.79;    7.3;    3.1;    2.5;eor
        282;20181231;   10;   5.4;   1.6;    3;   1.1;   6;    0.000;   0;   7.5;   8.6; 1002.92;    5.9;   92.42;    7.3;    4.7;    4.4;eor
        282;20190101;   10;  17.2;   4.5;    3;   1.5;   8;    0.000;   0;   7.4;   8.0;  997.18;    6.1;   85.00;    7.1;    2.4;    0.8;eor
        282;20190102;   10;  14.6;   4.8;    3;   0.7;   8;    4.250;   0;   5.6;   4.7;  999.46;    2.1;   65.21;    4.0;   -0.1;   -1.7;eor
        282;20190103;   10;   7.5;   2.1;    3;   0.0;   7;    6.433;   0;   4.5;   4.1; 1005.90;   -1.1;   73.38;    1.8;   -5.4;   -8.1;eor
        282;20190104;   10;   8.7;   2.4;    3;   3.6;   8;    0.000;   0;   7.6;   5.3; 1003.81;    0.4;   84.33;    1.9;   -2.0;   -2.9;eor
        282;20190105;   10;  10.5;   3.4;    3;   3.7;   8;    0.000;   0;   7.3;   7.4;  995.84;    3.9;   91.29;    6.1;    0.8;    0.0;eor
        282;20190106;   10;   6.0;   2.0;    3;   2.4;   6;    0.017;   0;   7.6;   7.8;  998.82;    4.9;   89.25;    5.7;    3.8;    3.0;eor
        282;20190107;   10;   8.3;   2.6;    3;   0.8;   8;    0.000;   0;   7.8;   7.0; 1000.41;    4.6;   82.67;    5.6;    2.6;    2.1;eor
        282;20190108;   10;  13.7;   5.9;    3;   2.6;   8;    0.167;   0;   6.9;   6.8;  983.69;    4.0;   83.54;    5.6;    2.2;    1.6;eor
        282;20190109;   10;  13.5;   5.2;    3;   0.0;   8;    0.000;   0;   7.3;   5.4;  982.15;    1.6;   78.50;    3.4;    0.6;   -0.1;eor
        282;20190110;   10;   8.8;   3.5;    3;   0.0;   8;    0.000;   0;   7.7;   4.6;  992.71;    0.5;   71.92;    1.6;   -1.4;   -2.0;eor
        282;20190111;   10;   7.6;   1.8;    3;   4.9;   8;    0.000;   0;   7.5;   5.0;  993.96;   -0.9;   86.96;    1.1;   -2.1;   -2.6;eor
        282;20190112;   10;  10.6;   4.0;    3;   1.6;   6;    0.000;   1;   7.2;   6.5;  989.00;    2.3;   89.21;    3.2;    1.1;    0.0;eor
        282;20190113;   10;  13.4;   4.5;    3;   8.8;   6;    0.000;   0;   7.2;   8.0;  976.40;    5.7;   87.46;    8.4;    2.6;    1.9;eor
        282;20190114;   10;  17.4;   4.2;    3;   0.6;   8;    0.083;   0;   7.2;   5.8;  979.88;    3.9;   70.92;    6.6;    1.7;    0.7;eor
        282;20190115;   10;  10.8;   4.5;    3;   0.0;   6;    0.000;   0;   7.8;   5.8;  989.62;    3.4;   74.04;    4.8;    1.7;    0.7;eor
        282;20190116;   10;   8.2;   3.3;    3;   0.0;   6;    0.000;   0;   7.8;   6.0;  984.03;    3.7;   75.88;    5.0;    0.0;   -3.0;eor
        282;20190117;   10;  13.9;   3.5;    3;   5.4;   8;    0.417;   0;   6.7;   6.7;  977.42;    4.2;   80.96;    6.4;   -0.2;   -1.7;eor
        282;20190118;   10;   8.2;   2.2;    3;   0.0;   7;    4.833;   0;   5.4;   4.5;  989.02;   -0.3;   76.08;    3.0;   -6.2;   -8.3;eor
        282;20190119;   10;   5.6;   1.5;    3;   0.0;   0;    7.483;   0;   4.9;   3.4;  988.60;   -3.6;   74.08;    3.6;   -8.1;  -10.5;eor
        282;20190120;   10;   5.1;   1.3;    3;   0.0;   0;    7.450;   0;   2.7;   3.3;  988.12;   -4.7;   77.29;   -0.3;  -10.3;  -12.2;eor
        282;20190121;   10;   3.9;   1.1;    3;   0.0;   0;    4.317;   0;   3.6;   3.4;  991.81;   -3.6;   74.54;    1.6;  -10.2;  -12.1;eor
        282;20190122;   10;   6.4;   1.7;    3;   0.0;   0;    0.000;   0;   6.0;   3.1;  983.02;   -6.3;   80.08;   -3.1;  -12.3;  -13.3;eor
        282;20190123;   10;   6.7;   2.5;    3;   0.0;   8;    0.000;   0;   8.0;   3.4;  972.28;   -4.1;   74.79;   -3.1;   -5.7;   -7.4;eor
        282;20190124;   10;   4.3;   1.8;    3;   0.3;   7;    0.000;   0;   7.0;   3.8;  979.98;   -3.3;   79.50;   -1.8;   -4.5;   -4.6;eor
        282;20190125;   10;   5.9;   2.0;    3;   4.2;   8;    0.067;   1;   7.7;   3.8;  986.40;   -3.3;   79.21;   -1.6;   -5.1;   -5.7;eor
        282;20190126;   10;  10.1;   3.0;    3;   1.2;   6;    0.000;   4;   7.7;   6.2;  979.91;    1.7;   88.92;    3.9;   -1.7;   -1.8;eor
        282;20190127;   10;  11.5;   3.7;    3;   1.2;   8;    0.183;   0;   7.5;   6.7;  964.84;    4.1;   81.96;    7.5;    2.7;    1.4;eor
        282;20190128;   10;  10.9;   4.7;    3;   1.3;   8;    0.000;   0;   6.8;   5.8;  967.35;    1.9;   82.96;    3.4;    0.8;    0.0;eor
        282;20190129;   10;   9.5;   2.4;    3;   0.0;   8;    0.250;   0;   7.7;   5.2;  976.65;    0.4;   81.96;    2.8;   -4.1;   -6.7;eor
        282;20190130;   10;   9.8;   3.4;    3;   0.0;   8;    1.233;   0;   7.5;   4.4;  968.52;    0.0;   71.63;    3.4;   -5.5;   -8.2;eor
        282;20190131;   10;   7.1;   1.8;    3;   1.3;   8;    4.717;   0;   3.0;   4.1;  970.05;   -1.0;   74.42;    4.5;   -5.8;   -8.5;eor
        282;20190201;   10;   6.2;   1.8;    3;   4.4;   8;    0.000;   2;   7.3;   5.6;  964.25;    1.1;   84.88;    3.4;   -3.0;   -3.1;eor
        282;20190202;   10;   4.0;   1.0;    3;   0.0;   6;    0.000;   0;   7.4;   6.5;  968.61;    1.6;   95.33;    3.4;    0.4;   -1.0;eor
        282;20190203;   10;  11.0;   4.3;    3;   0.0;   8;    0.000;   0;   7.7;   5.4;  985.10;    1.8;   76.75;    2.6;    1.2;    0.2;eor
        282;20190204;   10;   6.4;   2.1;    3;   0.0;   0;    8.067;   0;   4.3;   4.5;  999.90;   -0.3;   76.46;    4.2;   -4.9;   -7.3;eor
        282;20190205;   10;   6.0;   2.6;    3;   0.0;   7;    0.967;   0;   6.9;   4.6; 1000.23;   -1.2;   81.58;    2.0;   -3.9;   -6.3;eor
        282;20190206;   10;   6.2;   2.8;    3;   0.0;   0;    5.600;   0;   6.1;   4.2;  998.42;   -2.2;   80.83;    2.1;   -4.8;   -6.6;eor
        282;20190207;   10;   8.2;   2.8;    3;   1.5;   6;    0.000;   0;   7.3;   4.6;  988.58;   -2.4;   87.79;    1.2;   -6.4;   -8.0;eor
        282;20190208;   10;   7.2;   3.2;    3;   0.4;   6;    4.750;   0;   6.9;   6.2;  988.43;    3.5;   80.04;    8.7;   -0.5;   -2.7;eor
        282;20190209;   10;  16.5;   3.8;    3;   0.7;   6;    1.017;   0;   7.5;   6.8;  982.92;    5.7;   73.25;   10.1;   -0.2;   -2.4;eor
        282;20190210;   10;  17.0;   5.0;    3;   4.7;   6;    0.000;   0;   7.4;   7.1;  974.40;    6.3;   74.83;   11.9;   -0.1;   -2.3;eor
        282;20190211;   10;  14.5;   5.0;    3;   0.0;   8;    0.250;   0;   6.2;   6.0;  985.87;    3.9;   74.17;    6.0;    0.4;   -1.8;eor
        282;20190212;   10;  11.4;   3.5;    3;   0.0;   8;    0.033;   0;   7.8;   5.4; 1002.92;    3.2;   70.08;    4.8;    1.0;   -0.8;eor
        282;20190213;   10;   7.2;   1.5;    3;   0.0;   0;    8.733;   0;   5.8;   4.9; 1007.74;    1.3;   76.38;    8.8;   -3.7;   -5.8;eor
        282;20190214;   10;   2.6;   0.8;    3;   0.0;   0;    5.183;   0;   4.6;   4.8; 1007.97;    0.1;   80.25;    9.7;   -4.9;   -6.7;eor
        282;20190215;   10;   2.6;   0.8;    3;   0.0;   0;    9.100;   0;   0.2;   4.8; 1005.45;    0.8;   77.21;   12.7;   -6.3;   -9.0;eor
        282;20190216;   10;   5.5;   1.2;    3;   0.0;   0;    9.150;   0;   0.0;   4.9; 1000.43;    1.1;   77.25;   13.0;   -6.5;   -9.7;eor
        282;20190217;   10;   4.1;   0.9;    3;   0.0;   0;    9.117;   0;   6.8;   5.1;  996.84;    1.5;   77.21;   13.6;   -6.2;   -9.1;eor
        282;20190218;   10;   3.3;   0.9;    3;   0.0;   0;    9.233;   0;   0.6;   4.9;  992.39;    1.7;   74.42;   14.7;   -6.1;   -9.5;eor
        282;20190219;   10;   6.8;   1.5;    3;   0.0;   6;    0.800;   0;   5.2;   5.6;  991.41;    1.3;   82.46;    7.9;   -4.4;   -7.8;eor
        282;20190220;   10;   5.8;   1.4;    3;   0.0;   0;    1.233;   0;   7.3;   6.0;  995.67;    2.5;   82.92;    9.7;   -3.6;   -6.6;eor
        282;20190221;   10;   8.1;   1.7;    3;   0.0;   6;    2.133;   0;   6.8;   6.8;  998.75;    4.6;   80.79;   11.7;   -2.7;   -5.3;eor
        282;20190222;   10;   9.0;   3.1;    3;   0.0;   6;    0.117;   0;   6.4;   7.9; 1004.90;    7.6;   74.75;   10.9;   -1.3;   -4.9;eor
        282;20190223;   10;   8.0;   1.6;    3;   0.0;   0;    7.667;   0;   6.0;   3.6; 1011.33;    0.3;   63.00;    8.0;   -6.1;   -9.4;eor
        282;20190224;   10;   3.9;   1.0;    3;   0.0;   0;    7.667;   0;   2.1;   3.3; 1010.05;   -0.2;   59.42;   10.2;   -7.1;   -9.9;eor
        282;20190225;   10;   2.9;   0.9;    3;   0.0;   0;    9.367;   0;   4.0;   4.2; 1009.06;    2.0;   65.25;   15.9;   -6.6;   -9.0;eor
        282;20190226;   10;   4.4;   1.1;    3;   0.0;   0;    9.600;   0;   5.3;   4.6; 1005.08;    3.5;   65.83;   16.5;   -5.0;   -7.7;eor
        282;20190227;   10;   3.4;   0.9;    3;   0.0;   0;    9.700;   0;   0.4;   4.5;  998.55;    4.0;   62.50;   17.6;   -4.5;   -7.1;eor
        282;20190228;   10;  14.8;   3.1;    3;   0.0;   6;    9.033;   0;   2.6;   6.2;  987.89;    7.0;   63.83;   17.0;   -5.0;   -8.2;eor
        282;20190301;    3;   8.3;   3.0;    3;   2.3;   6;    0.650;   0;   7.7;   8.9;  985.15;    9.0;   77.25;   12.1;    7.1;    5.8;eor
        282;20190302;    3;   7.3;   2.4;    3;   0.0;   6;    0.000;   0;   7.5;   7.9;  988.10;    6.4;   81.88;    8.7;    4.8;    2.3;eor
        282;20190303;    3;  12.3;   3.9;    3;   0.0;   6;    0.000;   0;   7.8;   8.3;  983.80;    9.9;   68.13;   11.8;    7.8;    6.4;eor
        282;20190304;    3;  24.6;   5.4;    3;   2.4;   6;    0.633;   0;   7.1;   7.1;  972.82;    8.9;   62.96;   14.0;    4.1;    0.7;eor
        282;20190305;    3;  15.6;   3.9;    3;   2.9;   6;    0.067;   0;   6.0;   6.7;  980.56;    4.6;   79.21;    8.0;   -1.4;   -3.4;eor
        282;20190306;    3;  11.2;   3.3;    3;   0.0;   6;    5.533;   0;   7.5;   7.5;  979.73;    7.1;   75.58;   13.7;   -1.5;   -4.1;eor
        282;20190307;    3;  16.6;   4.1;    3;   0.3;   6;    1.517;   0;   6.4;   7.5;  973.58;    9.7;   62.83;   12.9;    6.2;    3.2;eor
        282;20190308;    3;  14.1;   4.6;    3;   1.6;   6;    1.117;   0;   6.8;   7.2;  984.77;    7.1;   71.29;   10.2;    4.2;    2.8;eor
        282;20190309;    3;  19.4;   5.9;    3;   4.1;   6;    0.783;   0;   7.3;   7.9;  985.53;    7.9;   73.83;   10.8;    4.6;    1.3;eor
        282;20190310;    3;  23.2;   5.8;    3;   9.4;   8;    1.417;   0;   6.6;   8.4;  980.31;    8.3;   76.71;   14.0;    4.5;    3.3;eor
        282;20190311;    3;  19.4;   5.6;    3;   2.9;   8;    2.467;   0;   5.4;   5.7;  988.41;    3.8;   71.33;    5.9;    0.7;   -0.8;eor
        282;20190312;    3;  10.7;   4.3;    3;   0.0;   6;    5.167;   0;   6.9;   5.2;  989.81;    6.0;   57.29;    9.8;    2.9;    2.0;eor
        282;20190313;    3;  17.1;   5.8;    3;   2.3;   6;    1.267;   0;   6.6;   6.2;  980.40;    6.4;   64.79;    9.4;    3.9;    0.7;eor
        282;20190314;    3;  14.0;   5.2;    3;   5.6;   6;    0.000;   0;   7.0;   7.2;  977.50;    5.3;   80.54;    6.7;    4.1;    2.7;eor
        282;20190315;    3;  15.9;   5.2;    3;  13.2;   6;    0.000;   0;   7.3;   9.1;  978.15;    8.5;   80.54;   11.6;    5.8;    4.3;eor
        282;20190316;    3;  12.1;   3.1;    3;   5.2;   6;    0.217;   0;   6.4;   9.2;  981.87;    8.2;   84.75;   12.0;    2.4;   -0.9;eor
        282;20190317;    3;  17.7;   3.9;    3;   1.6;   8;    5.283;   0;   6.5;   7.3;  978.00;    6.8;   75.75;   14.5;    1.6;   -1.4;eor
        282;20190318;    3;  11.7;   3.2;    3;   0.7;   6;    3.000;   0;   5.1;   6.2;  989.22;    3.3;   79.92;    7.8;   -0.6;   -2.2;eor
        282;20190319;    3;   7.9;   1.3;    3;   0.0;   0;    3.900;   0;   5.9;   5.2;  998.68;    2.4;   75.25;    9.3;   -1.7;   -3.8;eor
        282;20190320;    3;   4.7;   1.1;    3;   0.0;   0;   11.033;   0;   0.5;   4.6; 1005.13;    2.9;   66.13;   11.8;   -4.6;   -6.8;eor
        282;20190321;    3;   5.2;   1.3;    3;   0.0;   0;   11.083;   0;   4.4;   5.4; 1004.89;    5.3;   65.38;   16.8;   -4.3;   -6.1;eor
        282;20190322;    3;   6.8;   1.3;    3;   0.0;   0;   11.067;   0;   4.6;   6.8; 1001.24;    8.3;   67.08;   20.5;   -1.9;   -3.8;eor
        282;20190323;    3;   7.2;   1.7;    3;   0.0;   0;   11.050;   0;   0.9;   7.1;  998.10;    9.3;   65.08;   18.9;   -1.5;   -3.8;eor
        282;20190324;    3;   6.7;   2.1;    3;   0.0;   0;    1.333;   0;   3.9;   8.1;  994.94;    8.0;   76.17;   13.4;    0.4;   -1.8;eor
        282;20190325;    3;  15.3;   3.3;    3;   3.4;   8;    2.617;   0;   5.3;   6.2;  991.43;    4.1;   76.88;    9.3;   -0.8;   -3.4;eor
        282;20190326;    3;  10.0;   2.3;    3;   0.5;   6;    0.317;   0;   7.3;   5.9;  999.35;    4.1;   74.33;    8.5;   -1.2;   -3.3;eor
        282;20190327;    3;   8.1;   1.8;    3;   0.0;   0;    2.917;   0;   7.6;   7.0; 1002.58;    6.6;   73.96;   10.7;    2.7;    1.9;eor
        282;20190328;    3;   6.9;   1.6;    3;   0.0;   6;    1.100;   0;   7.0;   8.0; 1004.46;    7.9;   75.96;   13.5;    2.5;   -0.3;eor
        282;20190329;    3;   8.1;   1.6;    3;   0.0;   0;    9.750;   0;   2.6;   7.6; 1001.66;    9.3;   68.92;   17.0;    1.0;   -1.6;eor
        282;20190330;    3;   6.5;   1.3;    3;   0.0;   0;   11.500;   0;   2.6;   6.6;  995.02;    8.0;   66.71;   18.6;   -1.8;   -4.0;eor
        282;20190331;    3;  10.2;   2.5;    3;   0.0;   0;    9.683;   0;   0.9;   7.0;  992.47;    8.8;   66.17;   18.9;   -1.4;   -3.3;eor
        282;20190401;    3;   8.3;   2.5;    3;   0.0;   0;   11.600;   0;   0.0;   6.7;  991.43;    9.4;   60.13;   17.2;   -0.4;   -3.1;eor
        282;20190402;    3;  18.0;   2.3;    3;   2.9;   6;   10.133;   0;   5.3;   7.4;  982.25;    9.9;   63.75;   20.0;   -0.7;   -3.2;eor
        282;20190403;    3;  15.5;   2.1;    3;   0.4;   6;    7.217;   0;   6.3;   9.2;  974.08;   11.1;   73.08;   18.6;    4.1;    3.1;eor
        282;20190404;    3;   8.9;   2.9;    3;   1.0;   6;    3.767;   0;   7.2;   8.2;  970.59;    8.1;   76.25;   13.3;    5.4;    5.4;eor
        282;20190405;    3;   3.6;   1.4;    3;   0.0;   6;    1.550;   0;   6.2;   8.6;  976.16;    7.0;   85.92;   11.9;    2.3;    0.3;eor
        282;20190406;    3;  12.9;   2.7;    3;   0.0;   0;    7.333;   0;   3.8;   8.0;  976.23;   10.6;   66.63;   19.9;   -0.2;   -0.8;eor
        282;20190407;    3;   9.6;   2.6;    3;   0.0;   0;    9.033;   0;   5.3;   7.6;  976.82;   11.6;   58.29;   18.7;    2.9;   -0.3;eor
        282;20190408;    3;   6.6;   1.7;    3;   0.0;   0;    7.167;   0;   7.0;   8.6;  980.40;   12.2;   62.29;   18.1;    6.6;    3.7;eor
        282;20190409;    3;   9.0;   2.5;    3;   0.0;   0;    3.050;   0;   7.2;   8.7;  981.40;   10.9;   69.29;   18.4;    4.2;    2.4;eor
        282;20190410;    3;  10.3;   4.5;    3;   0.0;   0;    7.133;   0;   5.7;   5.8;  983.82;    9.5;   49.25;   14.0;    5.3;    3.1;eor
        282;20190411;    3;  11.4;   4.3;    3;   0.0;   0;   12.250;   0;   0.8;   4.4;  990.41;    6.2;   47.67;   11.4;    0.8;   -2.6;eor
        282;20190412;    3;   9.4;   3.3;    3;   0.0;   0;    1.917;   0;   6.5;   4.0;  992.87;    4.1;   50.13;    8.4;   -1.8;   -4.6;eor
        282;20190413;    3;   8.5;   3.2;    3;   0.0;   4;    4.033;   0;   6.6;   4.4;  991.30;    5.1;   52.42;   10.3;    1.3;    0.7;eor
        282;20190414;    3;  10.4;   3.9;    3;   0.0;   6;    1.500;   0;   7.3;   5.6;  992.73;    4.5;   66.54;    7.1;    0.7;   -1.0;eor
        282;20190415;    3;  12.4;   3.2;    3;   0.0;   0;   11.467;   0;   2.3;   6.1;  993.79;   10.5;   52.21;   17.6;    2.1;   -0.9;eor
        282;20190416;    3;   8.6;   2.4;    3;   0.0;   0;   11.833;   0;   2.3;   4.9;  990.16;   11.5;   40.58;   19.8;   -0.9;   -3.9;eor
        282;20190417;    3;  13.6;   2.3;    3;   0.0;   0;    8.700;   0;   5.4;   5.3;  994.07;   13.1;   39.13;   21.0;    1.6;   -0.8;eor
        282;20190418;    3;  12.0;   3.7;    3;   0.0;   0;   11.417;   0;   2.2;   6.8;  996.71;   14.8;   43.79;   21.3;    4.5;    0.4;eor
        282;20190419;    3;  14.3;   2.9;    3;   0.0;   0;   12.933;   0;   0.0;   6.6;  999.38;   15.5;   42.21;   23.9;    3.0;   -1.3;eor
        282;20190420;    3;   9.8;   2.3;    3;   0.0;   0;   12.967;   0;   0.1;   6.0;  998.60;   15.9;   38.88;   24.6;    2.0;   -0.9;eor
        282;20190421;    3;   7.9;   1.7;    3;   0.0;   0;   12.983;   0;   0.0;   5.8;  991.59;   13.8;   43.96;   24.3;    1.6;   -1.6;eor
        282;20190422;    3;  11.8;   3.6;    3;   0.0;   0;   12.700;   0;   2.9;   6.1;  982.05;   15.5;   40.17;   24.2;    2.0;   -1.2;eor
        282;20190423;    3;  12.3;   4.3;    3;   0.0;   6;    8.050;   0;   4.1;   8.8;  973.48;   16.2;   47.71;   20.7;   10.9;    6.4;eor
        282;20190424;    3;  20.4;   3.3;    3;   0.0;   6;    9.850;   0;   3.3;   8.9;  975.72;   17.2;   50.67;   27.4;    5.1;    2.0;eor
        282;20190425;    3;  11.5;   2.8;    3;   0.0;   0;   11.883;   0;   3.0;   7.5;  981.21;   15.8;   48.96;   26.2;    2.4;   -0.3;eor
        282;20190426;    3;   9.1;   2.4;    3;   5.1;   6;    0.300;   0;   5.5;   9.5;  984.82;    9.4;   80.63;   12.9;    4.8;    1.9;eor
        282;20190427;    3;  16.8;   2.7;    3;   8.1;   6;    2.900;   0;   6.3;   9.6;  987.01;    9.6;   81.75;   16.6;    6.1;    5.9;eor
        282;20190428;    3;   6.2;   2.0;    3;   2.5;   6;    2.917;   0;   6.3;   8.0;  990.65;    7.9;   76.88;   13.0;    5.3;    4.2;eor
        282;20190429;    3;   8.3;   2.2;    3;  15.2;   6;    0.000;   0;   5.6;   8.9;  991.54;    7.3;   87.33;   10.7;    2.6;    1.4;eor
        282;20190430;    3;  10.3;   3.2;    3;   0.0;   0;   13.000;   0;   2.1;   7.8;  989.44;   10.8;   64.17;   17.1;    3.0;    1.5;eor
        282;20190501;    3;   7.1;   1.2;    3;   0.0;   0;    3.417;-999;   4.0;   8.8;  986.84;   10.0;   73.33;   18.2;    0.5;   -0.2;eor
        282;20190502;    3;   9.4;   2.4;    3;   0.6;   6;    8.967;-999;   3.4;   9.0;  980.53;   12.2;   66.96;   18.9;    3.1;    1.0;eor
        282;20190503;    3;   9.5;   2.5;    3;   0.6;   6;    2.183;-999;   6.3;   8.1;  981.37;    9.3;   69.92;   12.6;    2.7;    0.6;eor
        282;20190504;    3;  10.4;   2.3;    3;   5.1;   6;    0.017;-999;   5.0;   7.2;  979.55;    4.7;   84.38;    8.0;   -0.8;   -2.2;eor
        282;20190505;    3;   7.1;   1.9;    3;   0.0;   0;    3.383;-999;   5.2;   5.6;  988.10;    4.2;   71.13;   10.6;   -1.5;   -3.0;eor
        282;20190506;    3;   9.3;   1.9;    3;   0.0;   6;    1.650;-999;   5.2;   5.5;  990.93;    4.4;   69.29;   11.6;   -2.3;   -3.8;eor
        282;20190507;    3;   6.8;   1.2;    3;   0.0;   6;    3.567;-999;   6.4;   6.3;  989.19;    6.7;   67.83;   13.4;   -0.9;   -1.2;eor
        282;20190508;    3;   9.0;   2.7;    3;   6.8;   6;    1.133;-999;   6.8;   9.3;  978.07;    8.7;   81.75;   14.6;   -0.2;   -1.4;eor
        282;20190509;    3;  10.2;   2.8;    3;   9.9;   6;    0.967;-999;   6.7;  10.8;  973.99;   10.6;   84.50;   14.6;    7.5;    6.4;eor
        282;20190510;    3;  11.1;   3.2;    3;   6.3;   6;    5.583;-999;   5.5;   9.2;  981.82;   12.2;   67.04;   17.5;    7.1;    4.3;eor
        282;20190511;    3;  13.4;   3.3;    3;   3.7;   6;    1.767;-999;   6.9;  11.1;  982.66;   11.6;   81.67;   17.5;    7.4;    7.1;eor
        282;20190512;    3;  12.0;   4.6;    3;   0.0;   0;    7.517;-999;   6.5;   7.0;  999.29;   10.0;   59.54;   14.9;    6.6;    4.0;eor
        282;20190513;    3;  10.6;   3.5;    3;   0.0;   0;   13.800;-999;   0.6;   5.8; 1005.35;    9.1;   55.04;   15.7;    0.5;   -1.3;eor
        282;20190514;    3;  13.1;   3.6;    3;   0.0;   0;    8.100;-999;   2.7;   5.9; 1000.68;    7.1;   62.21;   13.4;   -0.8;   -2.3;eor
        282;20190515;    3;  11.4;   3.6;    3;   0.0;   6;    4.250;-999;   5.1;   5.7;  994.99;    7.1;   59.46;   12.3;   -0.7;   -3.3;eor
        282;20190516;    3;   5.8;   1.8;    3;   1.3;   6;    0.000;-999;   7.0;   8.3;  986.89;    8.0;   77.25;    9.6;    6.7;    6.1;eor
        282;20190517;    3;  11.6;   2.4;    3;   0.0;   0;    7.000;-999;   4.7;   9.8;  979.93;   12.9;   68.33;   20.2;    7.0;    4.4;eor
        282;20190518;    3;   6.7;   1.5;    3;   0.0;   0;   10.683;-999;   4.0;  10.0;  977.19;   14.6;   63.83;   23.2;    3.4;    1.8;eor
        282;20190519;    3;   9.4;   1.8;    3;   2.2;   6;    7.867;-999;   5.6;  12.1;  975.18;   15.4;   71.38;   23.6;    5.7;    3.9;eor
        282;20190520;    3;   9.0;   2.4;    3;  23.7;   6;    0.200;-999;   7.2;  14.3;  974.18;   14.2;   88.83;   19.7;   11.7;   10.1;eor
        282;20190521;    3;   8.4;   2.7;    3;  19.2;   6;    0.033;-999;   7.3;  14.7;  978.18;   14.0;   91.75;   16.7;   12.7;   12.3;eor
        282;20190522;    3;   7.9;   2.8;    3;   0.0;   6;    0.433;-999;   6.6;  12.1;  988.50;   12.8;   82.21;   15.9;    6.1;    4.1;eor
        282;20190523;    3;   5.8;   1.4;    3;   0.0;   0;    9.300;-999;   7.3;  10.3;  990.52;   12.6;   74.96;   20.2;    6.0;    5.9;eor
        282;20190524;    3;   5.4;   1.2;    3;   0.0;   0;   11.367;-999;   6.5;  10.4;  986.75;   14.8;   67.04;   22.9;    5.1;    4.3;eor
        282;20190525;    3;  12.9;   1.7;    3;   0.0;   6;    4.850;-999;   6.4;  12.1;  986.49;   15.3;   71.29;   22.0;    8.6;    7.9;eor
        282;20190526;    3;   9.2;   2.1;    3;   0.0;   0;    9.817;-999;   5.5;  11.7;  986.44;   15.4;   70.58;   22.7;    7.9;    6.0;eor
        282;20190527;    3;   8.8;   2.4;    3;   0.6;   6;   11.100;-999;   6.7;  12.5;  981.21;   15.9;   70.71;   22.3;    8.1;    5.7;eor
        282;20190528;    3;  10.1;   2.2;    3;   7.1;   6;    0.017;-999;   7.3;  13.1;  979.73;   13.5;   84.75;   16.5;    8.1;    7.2;eor
        282;20190529;    3;   5.9;   1.9;    3;   0.0;   6;    2.767;-999;   5.8;  10.1;  991.67;   10.8;   79.29;   16.2;    4.4;    2.9;eor
        282;20190530;    3;   6.9;   1.7;    3;   0.0;   6;    9.300;-999;   5.3;   9.5;  996.82;   13.3;   66.17;   21.4;    2.6;    2.5;eor
        282;20190531;    1;   7.7;   1.5;    1;   0.0;   0;    3.217;-999;   6.7;  13.7;  996.42;   17.4;   70.75;   23.5;   10.5;    8.7;eor
        282;20190601;    1;   4.5;   1.1;    1;   0.0;   0;   13.133;-999;   4.9;  13.4;  993.88;   18.8;   66.08;   27.1;    8.7;    7.6;eor
        282;20190602;    1;   6.5;   1.7;    1;   0.0;   0;   14.633;-999;   3.3;  13.7;  989.39;   20.7;   61.92;   29.9;    9.7;    8.1;eor
        282;20190603;    1;  16.3;   2.5;    1;   0.1;   6;   11.383;-999;   2.5;  14.1;  986.46;   21.5;   61.21;   31.6;   11.0;    9.1;eor
        282;20190604;    1;   6.2;   1.9;    1;   0.0;   0;   14.200;-999;   1.8;  14.9;  983.87;   21.4;   63.71;   30.3;   12.3;   10.1;eor
        282;20190605;    1;   7.0;   2.0;    1;   0.0;   4;   14.217;-999;   1.9;  14.5;  978.91;   23.1;   56.92;   32.0;   11.6;    9.8;eor
        282;20190606;    1;  10.6;   3.3;    1;   4.3;   6;    2.300;-999;   6.3;  13.3;  983.66;   15.7;   74.75;   19.3;   11.3;   10.7;eor
        282;20190607;    1;  17.9;   2.7;    1;   3.7;   6;   10.483;-999;   4.6;  13.5;  985.03;   18.6;   66.96;   28.2;   11.7;   11.9;eor
        282;20190608;    1;  12.6;   3.1;    1;   0.0;   6;    9.867;-999;   4.3;  10.3;  994.07;   15.2;   64.04;   21.2;    7.6;    6.1;eor
        282;20190609;    1;   8.4;   1.6;    1;   0.7;   6;    9.067;-999;   4.7;  12.6;  993.19;   16.8;   69.25;   26.2;    5.2;    4.2;eor
        282;20190610;    1;   6.2;   1.3;    1;   4.0;   6;    1.117;-999;   6.9;  16.9;  985.50;   17.8;   84.25;   23.7;   14.3;   12.5;eor
        282;20190611;    1;   7.3;   2.3;    1;   0.0;   6;    5.133;-999;   6.5;  16.3;  981.89;   18.8;   75.83;   23.8;   15.1;   14.2;eor
        282;20190612;    1;  13.2;   2.1;    1;   1.7;   6;    4.917;-999;   6.2;  16.0;  981.97;   16.7;   84.46;   24.2;   13.4;   12.7;eor
        282;20190613;    1;   5.6;   1.5;    1;   0.0;   0;   10.900;-999;   2.6;  13.5;  987.00;   18.0;   70.00;   25.2;   11.1;    8.8;eor
        282;20190614;    1;  10.2;   2.4;    1;   0.0;   0;    8.733;-999;   4.5;  14.6;  987.03;   21.5;   60.33;   31.4;    9.1;    7.0;eor
        282;20190615;    1;  10.1;   2.6;    1;   5.4;   6;   10.933;-999;   5.2;  15.9;  984.88;   20.3;   68.54;   24.8;   14.5;   13.1;eor
        282;20190616;    1;   6.7;   1.4;    1;   5.0;   6;    0.633;-999;   7.4;  16.6;  992.36;   16.7;   87.33;   21.0;   14.0;   12.1;eor
        282;20190617;    1;   7.9;   1.7;    1;   0.0;   0;    9.667;-999;   3.5;  15.4;  991.70;   19.1;   73.79;   27.1;   13.0;   11.2;eor
        282;20190618;    1;   7.0;   1.2;    1;   0.0;   0;   12.433;-999;   4.3;  14.9;  986.95;   21.4;   64.00;   30.4;   12.8;   11.0;eor
        282;20190619;    1;   6.6;   1.8;    1;   3.9;   6;   14.033;-999;   4.5;  15.7;  982.27;   23.1;   60.79;   31.4;   14.5;   13.5;eor
        282;20190620;    1;  12.8;   2.4;    1;   0.0;   6;    5.233;-999;   6.4;  16.7;  984.77;   20.1;   72.67;   25.7;   15.0;   13.0;eor
        282;20190621;    1;   7.3;   1.6;    1;   0.0;   0;    8.967;-999;   2.9;  14.3;  989.23;   18.6;   70.25;   25.6;   12.0;   10.6;eor
        282;20190622;    1;  10.1;   3.3;    1;   0.1;   6;    7.533;-999;   6.1;  15.3;  989.37;   21.0;   62.71;   27.2;   12.8;   12.0;eor
        282;20190623;    1;  11.3;   3.2;    1;   0.0;   0;    7.950;-999;   4.0;  15.9;  990.43;   22.3;   60.92;   28.1;   14.8;   13.2;eor
        282;20190624;    1;   8.8;   2.6;    1;   0.0;   0;   14.533;-999;   3.1;  15.6;  992.59;   23.3;   58.42;   30.4;   14.7;   13.0;eor
        282;20190625;    1;   7.5;   1.5;    1;   0.0;   0;   14.500;-999;   5.7;  17.0;  992.38;   24.3;   61.25;   33.9;   13.6;   11.8;eor
        282;20190626;    1;   7.6;   1.4;    1;   0.0;   0;   14.517;-999;   1.0;  19.5;  993.68;   26.2;   62.46;   35.8;   14.9;   14.0;eor
        282;20190627;    1;   9.2;   3.4;    1;   0.0;   0;   14.217;-999;   0.2;  14.8;  994.43;   25.0;   49.42;   30.8;   17.8;   15.2;eor
        282;20190628;    1;   7.5;   2.6;    1;   0.0;   0;   14.867;-999;   0.0;  11.8;  994.53;   20.1;   53.50;   28.1;   10.6;    8.7;eor
        282;20190629;    1;   6.2;   1.4;    1;   0.0;   0;   14.883;-999;   0.0;  12.3;  991.64;   21.9;   53.83;   33.4;    9.9;    7.6;eor
