STATIONS_ID;MESS_DATUM;QN_3;  FX;  FM;QN_4; RSK;RSKF; SDK;SHK_TAG;  NM; VPM;  PM; TMK; UPM; TXK; TNK; TGK;eor
       4271;20180106;   10;  12.2;   4.9;    3;   0.7;   6;    0.017;   0;   7.7;   7.5; 1006.07;    4.2;   89.92;    6.0;    1.7;    0.6;eor
       4271;20180107;   10;  12.1;   3.2;    3;   0.0;   0;    6.100;   0;   2.8;   4.8; 1029.03;    0.8;   74.42;    2.9;   -2.6;   -8.9;eor
       4271;20180108;   10;   9.9;   2.8;    3;   0.0;   0;    7.467;   0;   0.0;   4.6; 1033.49;   -1.2;   83.00;    1.7;   -3.6;   -8.7;eor
       4271;20180109;   10;  15.6;   6.3;    3;   5.9;   8;    3.283;   0;   4.1;   4.3; 1019.65;    1.5;   64.04;    3.2;   -1.3;   -3.8;eor
       4271;20180110;   10;  10.0;   3.6;    3;   3.1;   6;    0.000;   0;   7.7;   6.5; 1011.39;    1.7;   94.33;    2.9;    0.1;    0.0;eor
       4271;20180111;   10;   6.4;   2.1;    3;   6.0;   8;    0.000;   0;   7.6;   6.9; 1016.68;    1.8;   98.50;    4.0;   -0.2;   -0.2;eor
       4271;20180112;   10;   9.3;   2.9;    3;   0.0;   8;    0.000;   0;   7.7;   6.3; 1028.02;    1.7;   91.33;    2.3;    1.0;    0.7;eor
       4271;20180113;   10;  12.7;   6.1;    3;   0.0;   8;    0.833;   0;   7.9;   4.9; 1031.15;    0.3;   78.25;    1.1;   -0.8;   -0.9;eor
       4271;20180114;   10;  11.3;   5.6;    3;   0.0;   0;    6.617;   0;   2.3;   4.2; 1027.62;   -1.0;   73.42;    0.3;   -2.6;   -4.1;eor
       4271;20180115;   10;  16.6;   6.1;    3;   2.2;   8;    3.717;   0;   6.0;   4.9; 1008.60;    0.8;   75.96;    3.7;   -2.6;   -3.9;eor
       4271;20180116;   10;  16.3;   4.8;    3;   0.1;   8;    0.200;   0;   7.4;   6.8;  985.62;    3.0;   89.83;    4.5;    1.7;    0.4;eor
       4271;20180117;   10;  13.4;   4.3;    3;   1.0;   8;    0.467;   0;   7.0;   6.2;  989.93;    2.2;   86.25;    3.1;    0.9;    0.2;eor
       4271;20180118;   10;  15.3;   6.5;    3;   6.8;   8;    0.000;   0;   7.3;   6.5;  990.04;    2.1;   90.75;    3.4;    0.5;    0.0;eor
       4271;20180119;   10;  10.4;   3.9;    3;   0.4;   8;    0.000;   0;   7.8;   6.5; 1001.52;    2.0;   92.04;    2.8;    1.1;    0.3;eor
       4271;20180120;   10;   8.3;   2.8;    3;   0.0;   0;    0.000;   0;   7.4;   6.1; 1002.91;    1.7;   88.46;    2.3;    0.3;   -2.4;eor
       4271;20180121;   10;   7.5;   1.7;    3;   0.0;   6;    0.433;   0;   7.6;   6.1; 1011.19;    0.5;   95.67;    2.9;   -1.5;   -1.9;eor
       4271;20180122;   10;  10.6;   4.8;    3;   0.3;   8;    0.000;   0;   7.4;   5.5; 1009.99;    0.2;   88.46;    1.4;   -1.1;   -1.5;eor
       4271;20180123;   10;  13.3;   3.2;    3;   1.5;   6;    0.000;   0;   7.8;   6.6; 1016.30;    1.9;   93.00;    6.2;   -0.4;   -2.5;eor
       4271;20180124;   10;  16.1;   6.4;    3;   2.3;   6;    0.033;   0;   7.9;  10.7; 1008.58;   10.1;   86.46;   12.5;    6.2;    5.5;eor
       4271;20180125;   10;   9.5;   3.7;    3;   0.5;   6;    0.917;   0;   7.5;   9.0; 1009.00;    7.6;   86.67;    9.4;    5.9;    3.5;eor
       4271;20180126;   10;   8.0;   2.5;    3;   0.0;   6;    0.000;   0;   7.8;   8.7; 1016.12;    5.3;   96.96;    6.4;    4.2;    3.1;eor
       4271;20180127;   10;  18.1;   4.1;    3;   2.2;   6;    0.217;   0;   7.8;   7.6; 1024.52;    5.5;   83.96;    6.9;    4.3;    3.6;eor
       4271;20180128;   10;  17.4;   6.5;    3;   2.9;   6;    3.533;   0;   7.4;   8.7; 1017.13;    7.2;   85.25;    8.9;    5.4;    4.6;eor
       4271;20180129;   10;  18.7;   8.9;    3;   2.3;   6;    0.000;   0;   7.2;   9.6; 1012.45;    8.1;   88.67;   10.4;    4.9;    3.6;eor
       4271;20180130;   10;  19.5;   8.5;    3;   0.1;   6;    3.450;   0;   5.9;   7.1; 1018.95;    4.9;   81.67;    6.1;    3.4;    1.9;eor
       4271;20180131;   10;  13.4;   4.4;    3;   3.3;   6;    0.000;   0;   7.5;   7.6; 1001.51;    4.5;   88.79;    8.1;    1.7;    0.0;eor
       4271;20180201;   10;  11.1;   5.0;    3;   0.0;   6;    1.900;   0;   4.2;   6.2;  994.50;    2.9;   82.08;    4.2;    1.4;   -0.2;eor
       4271;20180202;   10;  11.6;   3.2;    3;   2.9;   8;    0.000;   0;   7.8;   6.5;  998.52;    3.2;   83.88;    4.1;    2.3;    1.6;eor
       4271;20180203;   10;  11.1;   5.2;    3;   0.0;   8;    0.000;   0;   7.8;   5.0; 1003.56;   -0.1;   81.92;    3.4;   -1.8;   -3.7;eor
       4271;20180204;   10;  11.5;   3.9;    3;   0.3;   8;    0.800;   0;   7.4;   5.8; 1018.47;    1.1;   86.50;    3.4;   -0.9;   -3.3;eor
       4271;20180205;   10;   9.0;   3.0;    3;   0.1;   7;    2.983;   0;   7.6;   4.7; 1028.42;    0.3;   74.92;    1.4;   -1.8;   -5.5;eor
       4271;20180206;   10;   5.9;   2.1;    3;   0.0;   0;    6.517;   0;   6.0;   4.1; 1018.45;   -2.0;   77.38;    0.2;   -4.0;   -8.3;eor
       4271;20180207;   10;   5.4;   1.8;    3;   0.0;   0;    8.517;   0;   0.1;   3.6; 1017.00;   -2.9;   74.92;   -0.1;   -6.1;  -11.4;eor
       4271;20180208;   10;   4.6;   1.9;    3;   0.0;   0;    8.383;   0;   1.9;   3.8; 1019.30;   -2.0;   72.50;    1.8;   -4.7;   -9.6;eor
       4271;20180209;   10;   9.0;   3.2;    3;   0.0;   0;    8.117;   0;   0.1;   3.8; 1016.01;   -2.7;   76.75;    0.6;   -5.4;   -8.7;eor
       4271;20180210;   10;   5.3;   2.5;    3;   0.0;   0;    3.817;   0;   4.6;   4.7; 1013.13;   -1.0;   82.71;    1.8;   -3.8;   -5.4;eor
       4271;20180211;   10;  12.0;   4.5;    3;   1.1;   8;    0.000;   0;   6.0;   6.0;  999.12;    1.5;   88.63;    2.6;    0.2;   -0.9;eor
       4271;20180212;   10;  16.5;   5.4;    3;   1.7;   8;    0.150;   0;   5.0;   5.8; 1003.89;    1.6;   84.58;    3.2;    0.1;   -1.4;eor
       4271;20180213;   10;   7.9;   3.1;    3;   0.0;   0;    5.483;   0;   3.2;   5.4; 1012.77;    1.0;   82.92;    4.7;   -1.1;   -4.9;eor
       4271;20180214;   10;   8.2;   2.9;    3;   0.0;   0;    8.600;   0;   0.1;   4.7; 1018.96;    0.8;   73.79;    5.5;   -2.4;   -5.3;eor
       4271;20180215;   10;  14.9;   5.7;    3;   1.3;   8;    1.033;   0;   7.8;   4.9; 1015.18;   -0.6;   83.13;    1.6;   -2.8;   -3.7;eor
       4271;20180216;   10;  14.6;   5.1;    3;   0.3;   6;    7.700;   0;   4.3;   6.5; 1017.63;    3.5;   82.88;    5.5;    1.5;   -0.4;eor
       4271;20180217;   10;  11.6;   3.6;    3;   0.0;   6;    0.000;   0;   8.0;   7.1; 1023.32;    3.0;   93.25;    3.6;    2.4;    0.7;eor
       4271;20180218;   10;   8.2;   2.7;    3;   0.0;   0;    0.983;   0;   8.0;   5.0; 1025.65;    3.1;   66.08;    5.3;    1.4;    0.2;eor
       4271;20180219;   10;   5.8;   2.5;    3;   0.0;   0;    3.967;   0;   7.3;   5.4; 1019.50;    2.3;   74.54;    5.4;    0.1;   -1.1;eor
       4271;20180220;   10;   8.6;   2.8;    3;   0.0;   0;    7.683;   0;   2.1;   4.8; 1021.17;    1.1;   73.54;    4.3;   -0.8;   -4.1;eor
       4271;20180221;   10;   7.2;   1.9;    3;   0.0;   8;    3.000;   0;   7.3;   5.5; 1025.55;    1.0;   83.67;    3.1;   -1.0;   -5.2;eor
       4271;20180222;   10;   7.6;   3.3;    3;   0.1;   8;    1.917;   0;   6.8;   5.5; 1025.68;    0.9;   83.67;    2.4;   -1.5;   -4.1;eor
       4271;20180223;   10;   6.9;   2.4;    3;   0.0;   8;    8.850;   0;   3.6;   3.8; 1027.01;   -1.2;   67.58;    0.9;   -3.5;   -6.0;eor
       4271;20180224;   10;  11.8;   3.6;    3;   0.5;   7;    6.533;   0;   4.9;   3.9; 1031.39;   -0.9;   67.71;    0.9;   -3.9;   -7.8;eor
       4271;20180225;   10;  12.9;   4.0;    3;   3.0;   8;    0.650;   1;   6.3;   4.1; 1032.15;   -3.2;   84.17;   -1.5;   -4.7;   -9.2;eor
       4271;20180226;   10;  15.0;   4.9;    3;   1.0;   8;    2.383;   6;   6.3;   3.7; 1029.40;   -3.3;   77.63;   -0.6;   -6.9;  -14.3;eor
       4271;20180227;   10;  14.3;   5.8;    3;   3.4;   8;    4.700;   6;   5.6;   3.1; 1024.03;   -4.5;   68.54;   -1.9;   -9.5;   -8.7;eor
       4271;20180228;   10;  12.2;   3.7;    3;   0.0;   7;    9.200;   8;   2.8;   2.1; 1028.61;   -8.9;   65.71;   -5.9;  -12.0;  -11.4;eor
       4271;20180301;   10;  10.6;   3.5;    3;   0.0;   7;    9.133;   7;   2.9;   2.7; 1020.66;   -6.9;   73.00;   -3.4;   -9.6;  -11.3;eor
       4271;20180302;   10;  10.2;   3.2;    3;   0.0;   7;    3.883;   6;   4.0;   2.3; 1008.98;   -8.2;   70.42;   -5.5;  -11.0;  -13.0;eor
       4271;20180303;   10;   9.0;   3.4;    3;   0.0;   0;    9.500;   6;   0.2;   2.6; 1006.58;   -6.2;   67.46;   -2.1;  -10.3;  -12.5;eor
       4271;20180304;   10;  12.1;   5.2;    3;   0.1;   8;    6.017;   6;   4.5;   2.9; 1003.23;   -4.1;   64.50;   -0.5;   -8.2;  -10.2;eor
       4271;20180305;   10;  12.1;   4.7;    3;   0.4;   8;    4.817;   5;   5.8;   5.0;  995.97;    1.4;   71.79;    6.7;   -2.7;   -4.1;eor
       4271;20180306;   10;   8.7;   3.3;    3;   1.3;   8;    7.900;   3;   4.4;   5.4;  994.07;    2.5;   75.25;    7.1;   -0.4;   -2.7;eor
       4271;20180307;   10;   9.7;   4.2;    3;   4.7;   8;    0.000;   3;   7.5;   6.2;  993.00;    0.8;   96.38;    1.7;    0.4;   -1.3;eor
       4271;20180308;   10;  10.2;   3.6;    3;   4.9;   8;    1.583;   2;   6.8;   6.8;  996.70;    2.8;   91.08;    6.0;    0.3;    0.0;eor
       4271;20180309;   10;  14.2;   5.1;    3;   1.0;   8;    1.150;   1;   6.4;   6.9; 1000.88;    3.2;   89.17;    4.9;    0.5;   -3.2;eor
       4271;20180310;   10;   9.3;   3.4;    3;   2.4;   6;    0.067;   1;   7.8;   6.8; 1003.20;    3.1;   89.17;    6.5;    0.6;   -0.7;eor
       4271;20180311;   10;   8.3;   3.3;    3;   0.3;   6;    4.250;   1;   7.6;   9.9;  996.86;    8.9;   86.96;   15.4;    3.4;    2.8;eor
       4271;20180312;   10;   8.4;   2.3;    3;  27.8;   6;    0.000;   0;   7.7;   8.6;  990.35;    5.3;   96.13;    9.6;    2.7;    2.8;eor
       4271;20180313;   10;  10.2;   5.0;    3;   2.5;   6;    0.000;   0;   7.8;   8.4;  995.82;    4.5;   99.04;    8.3;    2.6;    2.5;eor
       4271;20180314;   10;   8.6;   4.2;    3;   0.0;   6;    0.000;   0;   7.9;   6.8; 1009.57;    2.4;   92.67;    3.2;    1.8;    0.8;eor
       4271;20180315;   10;  15.5;   5.4;    3;   0.0;   0;    4.567;   0;   7.3;   5.1; 1010.33;    1.6;   74.50;    3.6;    0.1;   -0.9;eor
       4271;20180316;   10;  18.5;   7.1;    3;   0.3;   8;    2.033;   0;   7.2;   3.8; 1012.53;   -0.6;   64.83;    1.1;   -3.0;   -4.5;eor
       4271;20180317;   10;  19.4;   6.2;    3;   0.3;   8;    4.700;   1;   5.8;   3.3; 1017.97;   -2.8;   65.96;   -1.2;   -4.6;   -6.1;eor
       4271;20180318;   10;  14.9;   5.2;    3;   0.0;   0;   11.667;   0;   0.6;   2.7; 1020.31;   -2.0;   51.17;    0.2;   -4.3;   -6.5;eor
       4271;20180319;   10;   6.6;   2.7;    3;   3.2;   8;   11.767;   0;   2.6;   3.3; 1015.62;   -1.4;   60.71;    1.1;   -4.8;  -10.8;eor
       4271;20180320;   10;  16.8;   6.5;    3;   0.0;   0;    8.267;   1;   3.9;   5.6; 1015.61;    1.3;   84.00;    3.1;    0.1;   -3.7;eor
       4271;20180321;   10;  10.4;   4.1;    3;   3.7;   8;    3.150;   0;   7.0;   5.8; 1021.87;    2.4;   79.63;    5.1;   -1.2;   -2.4;eor
       4271;20180322;   10;  11.7;   4.5;    3;   2.6;   8;    0.000;   1;   7.7;   6.7; 1007.98;    2.2;   94.13;    4.1;    0.3;    0.0;eor
       4271;20180323;   10;   7.9;   2.3;    3;   0.0;   0;    0.000;   0;   7.9;   6.5; 1005.64;    2.4;   89.13;    3.7;    1.3;    0.9;eor
       4271;20180324;   10;   7.9;   2.8;    3;   0.0;   0;    0.117;   0;   8.0;   6.5; 1004.32;    4.8;   76.96;    9.8;    0.8;    0.4;eor
       4271;20180325;   10;   6.0;   2.0;    3;   0.0;   6;    6.333;   0;   7.6;   6.5; 1006.90;    4.9;   74.88;    6.7;    2.5;    0.9;eor
       4271;20180326;   10;   8.9;   4.7;    3;   0.0;   6;    0.117;   0;   7.8;   6.9; 1011.99;    3.0;   90.67;    4.9;    1.4;    1.7;eor
       4271;20180327;   10;   7.6;   2.8;    3;   0.0;   0;    1.217;   0;   7.8;   6.9; 1012.66;    3.2;   90.67;    5.6;    0.7;    1.1;eor
       4271;20180328;   10;  13.5;   4.8;    3;  14.7;   8;    0.533;   0;   7.1;   5.8; 1005.38;    3.1;   76.38;    4.8;    0.4;    0.0;eor
       4271;20180329;   10;  13.8;   5.4;    3;   0.6;   8;    0.000;   8;   7.7;   6.2;  999.33;    1.0;   95.38;    1.6;    0.1;    0.0;eor
       4271;20180330;   10;   9.1;   3.4;    3;   0.0;   0;    9.350;   1;   6.8;   5.6; 1007.26;    2.1;   78.92;    6.1;    0.3;   -1.2;eor
       4271;20180331;   10;  12.8;   5.3;    3;  -999;   8;    0.000;   0;   7.5;   5.7; 1002.00;    1.4;   85.25;    3.4;    0.1;   -0.9;eor
       4271;20180401;   10;-999;-999;    3;  -999;-999;    0.000;-999;  -999;  -999;    -999;    0.4;-999;    1.0;    0.0;   -0.1;eor
       4271;20180402;   10;-999;-999;    3;   5.0;   4;   10.500;-999;  -999;  -999;    -999;    1.3;-999;    5.0;   -3.5;   -1.0;eor
       4271;20180403;   10;-999;-999;    3;   0.7;   4;    1.000;-999;  -999;  -999;    -999;    6.5;-999;   12.0;    2.0;    0.5;eor
       4271;20180404;   10;-999;-999;    3;   7.9;   6;    8.600;-999;  -999;  -999;    -999;   11.3;-999;   15.9;    7.0;    7.3;eor
       4271;20180405;   10;  19.4;   6.3;    3;   5.1;   6;    1.183;   0;   6.0;   9.4; 1003.80;    8.6;   83.04;   12.7;    3.5;    2.1;eor
       4271;20180406;   10;  14.1;   4.9;    3;   0.0;   0;   11.733;   0;   3.2;   6.3; 1020.80;    5.6;   70.21;    8.4;    2.8;    1.4;eor
       4271;20180407;   10;  14.1;   4.7;    3;   0.0;   0;   11.300;   0;   6.8;   6.0; 1014.92;   11.7;   46.42;   18.0;    4.4;    2.0;eor
       4271;20180408;   10;  10.0;   3.3;    3;   0.0;   0;   12.750;   0;   2.1;   9.4; 1008.42;   15.4;   54.54;   21.6;   10.1;    5.3;eor
       4271;20180409;   10;   6.3;   2.7;    3;   0.0;   0;   10.600;   0;   3.8;   9.8; 1005.79;   12.7;   67.33;   20.5;    7.2;    3.4;eor
       4271;20180410;   10;  13.5;   4.7;    3;   0.0;   6;    7.583;   0;   6.1;   8.6; 1009.03;    7.6;   82.04;   12.1;    5.2;    4.5;eor
       4271;20180411;   10;  12.2;   4.4;    3;   0.0;   0;    2.367;   0;   5.4;   7.5; 1012.87;    5.6;   82.29;    8.1;    4.7;    3.0;eor
       4271;20180412;   10;  12.4;   3.8;    3;   0.0;   6;    9.750;   0;   4.4;   9.1; 1008.21;    9.3;   77.67;   14.6;    4.7;    2.8;eor
       4271;20180413;   10;  10.3;   3.7;    3;   2.6;   6;    2.900;   0;   7.4;  10.8; 1006.70;   11.1;   82.00;   19.0;    6.1;    6.0;eor
       4271;20180414;   10;  11.2;   3.0;    3;   5.4;   6;    0.000;   0;   7.0;  10.7; 1012.60;    8.6;   95.13;    9.6;    5.6;    4.6;eor
       4271;20180415;   10;   6.9;   2.5;    3;   0.4;   6;    0.167;   0;   6.8;  10.4; 1013.95;    8.8;   91.46;   11.0;    5.7;    3.6;eor
       4271;20180416;   10;   5.6;   2.5;    3;   0.0;   6;    1.933;   0;   7.7;   9.1; 1013.42;    6.2;   96.00;    8.4;    5.3;    4.3;eor
       4271;20180417;   10;   8.6;   3.0;    3;   0.0;   0;   12.633;   0;   3.3;   9.7; 1023.81;   10.3;   78.08;   14.0;    6.6;    5.1;eor
       4271;20180418;   10;   7.3;   3.3;    3;   0.0;   0;   12.933;   0;   1.2;  11.1; 1029.58;   13.8;   70.83;   18.9;    9.8;    7.9;eor
       4271;20180419;   10;   6.7;   2.6;    3;   0.0;   0;   13.450;   0;   2.3;  12.9; 1029.45;   14.8;   77.33;   20.5;    9.8;    5.8;eor
       4271;20180420;   10;  13.0;   4.9;    3;   0.0;   0;   13.400;-999;   1.6;  12.4; 1020.35;   17.7;   64.46;   28.2;   10.2;    9.0;eor
       4271;20180421;   10;   9.7;   4.8;    3;   0.0;   0;   13.217;-999;   0.7;   9.8; 1018.70;   10.8;   76.38;   13.6;    8.0;    6.9;eor
       4271;20180422;   10;   9.4;   3.4;    3;   0.3;   6;   12.767;   0;   5.1;  10.1; 1013.64;   11.4;   75.00;   18.6;    7.8;    4.9;eor
       4271;20180423;   10;  13.9;   5.0;    3;   0.0;   6;    6.967;   0;   5.4;  11.7; 1008.94;   13.0;   77.13;   16.8;    8.8;    7.0;eor
       4271;20180424;   10;  13.5;   4.9;    3;   8.2;   6;    1.883;   0;   7.6;   9.5; 1009.59;   11.2;   71.25;   14.0;    7.9;    6.2;eor
       4271;20180425;   10;  13.9;   5.1;    3;   1.2;   6;    1.550;   0;   7.3;  10.6; 1003.66;    9.6;   88.46;   14.5;    7.3;    5.9;eor
       4271;20180426;   10;  19.8;   5.0;    3;   1.2;   6;    5.283;   0;   4.5;   9.0; 1009.03;    9.0;   78.58;   13.0;    6.3;    4.7;eor
       4271;20180427;   10;  10.3;   3.5;    3;   0.0;   0;    6.483;   0;   6.9;   8.4; 1011.59;   11.2;   64.46;   14.9;    6.4;    5.2;eor
       4271;20180428;   10;   9.5;   2.4;    3;   0.0;   0;    9.500;   0;   5.0;   9.8; 1008.73;   13.2;   65.38;   21.3;    9.5;    7.3;eor
       4271;20180429;   10;  10.0;   3.3;    3;   0.0;   0;   12.950;   0;   3.2;  11.2; 1009.54;   12.0;   79.50;   15.1;   10.0;    7.2;eor
       4271;20180430;   10;  13.4;   4.1;    3;   5.8;   6;    6.833;   0;   4.7;  11.9;  999.27;   14.0;   74.21;   18.5;   11.5;    9.5;eor
       4271;20180501;   10;  19.2;   6.1;    3;   0.1;   6;    2.483;-999;   5.3;   8.1; 1004.53;   10.0;   65.75;   12.3;    6.5;    4.6;eor
       4271;20180502;   10;   8.8;   3.5;    3;   0.0;   0;   10.650;-999;   4.5;   7.2; 1013.00;   11.0;   56.38;   16.3;    4.6;    3.3;eor
       4271;20180503;   10;  11.8;   4.0;    3;   0.0;   0;   13.067;-999;   5.3;   9.1; 1014.45;    9.7;   76.00;   12.2;    7.4;    4.2;eor
       4271;20180504;   10;   4.8;   2.3;    3;   0.0;   0;   14.583;-999;   2.1;   9.4; 1023.78;    8.9;   82.38;   11.1;    5.4;    2.3;eor
       4271;20180505;   10;   8.2;   2.7;    3;   0.0;   0;   14.667;-999;   1.3;   9.2; 1027.32;   10.3;   73.25;   13.9;    5.9;    3.3;eor
       4271;20180506;   10;   8.6;   2.8;    3;   0.0;   0;   15.000;-999;   0.4;  10.3; 1026.21;   13.1;   68.58;   17.6;    8.2;    3.9;eor
       4271;20180507;   10;   9.0;   3.4;    3;   0.0;   0;   15.017;-999;   0.1;  10.8; 1022.02;   15.3;   61.96;   21.2;   10.8;    5.9;eor
       4271;20180508;   10;  10.4;   3.4;    3;   0.0;   0;   15.017;-999;   0.0;  11.3; 1015.14;   18.0;   57.13;   25.5;   10.8;    6.1;eor
       4271;20180509;   10;  10.6;   3.6;    3;   0.0;   0;   14.733;-999;   0.8;  12.4; 1009.80;   18.9;   59.42;   27.0;   12.7;   11.6;eor
       4271;20180510;   10;  16.0;   4.6;    3;   3.0;   6;    7.350;-999;   5.3;  14.1; 1007.55;   17.7;   72.13;   27.1;   11.4;   11.2;eor
       4271;20180511;   10;  12.2;   4.5;    3;   0.0;   6;    9.733;-999;   4.0;  12.1; 1017.82;   12.1;   86.38;   14.5;   10.0;    5.4;eor
       4271;20180512;   10;   8.0;   2.9;    3;   0.0;   0;   12.717;-999;   1.2;  12.6; 1017.55;   13.8;   80.21;   17.7;    9.8;    5.2;eor
       4271;20180513;   10;  12.3;   2.9;    3;   0.0;   0;   11.367;-999;   2.0;  12.7; 1013.71;   17.4;   67.83;   25.7;   10.3;    9.0;eor
       4271;20180514;   10;  11.5;   3.0;    3;   0.0;   0;   15.017;-999;   0.0;  12.9; 1015.02;   16.3;   70.13;   25.9;   10.2;    7.2;eor
       4271;20180515;   10;   8.5;   2.8;    3;   0.0;   6;    7.883;-999;   5.2;  12.3; 1015.46;   12.7;   84.00;   16.2;   10.3;    6.3;eor
       4271;20180516;   10;   9.6;   2.5;    3;   0.0;   0;    8.733;-999;   7.3;  12.8; 1012.51;   13.9;   80.17;   17.0;   10.8;    9.1;eor
       4271;20180517;   10;  11.7;   6.7;    3;   0.0;   6;    5.650;-999;   5.2;  12.5; 1013.38;   12.8;   85.04;   15.4;   11.2;   10.1;eor
       4271;20180518;   10;   9.3;   4.2;    3;   0.0;   0;    3.833;-999;   6.0;  13.2; 1017.10;   13.3;   87.04;   15.3;   11.4;   10.4;eor
       4271;20180519;   10;   8.3;   3.1;    3;   0.0;   0;   12.467;-999;   3.9;  10.1; 1021.82;   15.5;   60.50;   21.2;   11.1;    8.3;eor
       4271;20180520;   10;   9.4;   3.3;    3;   0.0;   0;   15.650;-999;   0.0;   8.3; 1025.23;   15.1;   50.21;   21.3;    9.5;    5.9;eor
       4271;20180521;   10;  10.4;   3.1;    3;   0.0;   0;   14.117;-999;   3.4;  11.0; 1021.18;   16.0;   63.63;   22.8;    9.4;    5.7;eor
       4271;20180522;   10;   9.2;   3.7;    3;   0.0;   0;   13.817;-999;   2.0;  12.8; 1016.01;   15.2;   74.38;   19.6;   11.3;    8.2;eor
       4271;20180523;   10;   8.5;   3.2;    3;   0.0;   0;   15.700;-999;   2.9;  12.1; 1022.20;   14.8;   72.79;   19.9;   10.4;    4.7;eor
       4271;20180524;   10;  13.2;   3.5;    3;   0.0;   0;   15.700;-999;   0.0;  11.2; 1023.99;   17.9;   57.17;   23.4;   12.0;    6.6;eor
       4271;20180525;   10;  11.9;   4.6;    3;   0.0;   0;   15.333;-999;   2.0;  12.1; 1022.36;   14.8;   73.38;   22.1;   10.3;    5.9;eor
       4271;20180526;   10;   9.2;   3.3;    3;   0.0;   0;   13.517;-999;   3.1;  13.3; 1022.36;   12.8;   90.13;   16.4;    9.7;    6.1;eor
       4271;20180527;   10;  10.3;   3.9;    3;   2.3;   6;    8.533;-999;   6.1;  14.7; 1021.25;   14.3;   89.88;   19.1;   11.1;   11.3;eor
       4271;20180528;   10;   9.4;   3.6;    3;   0.0;   6;    9.950;-999;   5.1;  15.5; 1019.64;   19.2;   73.04;   30.5;   12.5;   12.8;eor
       4271;20180529;   10;  11.0;   3.8;    3;   0.0;   0;   15.567;-999;   1.1;  15.1; 1015.98;   23.7;   53.42;   30.6;   17.5;   14.7;eor
       4271;20180530;   10;   9.3;   2.6;    3;   0.0;   0;   15.467;-999;   0.2;  15.3; 1014.23;   21.1;   62.46;   29.6;   13.5;   10.2;eor
       4271;20180531;   10;  12.6;   3.0;    3;   0.0;   0;   13.933;-999;   2.7;  15.3; 1015.19;   19.3;   69.13;   26.8;   13.7;   13.4;eor
       4271;20180601;   10;  10.7;   3.1;    3;   0.0;   0;   14.583;-999;   1.8;  15.1; 1013.82;   16.8;   79.13;   19.9;   14.6;   13.4;eor
       4271;20180602;   10;   7.2;   2.6;    3;   0.0;   0;   15.450;-999;   2.0;  15.6; 1013.46;   15.8;   86.50;   18.2;   12.4;   11.3;eor
       4271;20180603;   10;   8.9;   4.1;    3;   0.0;   0;    0.883;-999;   6.4;  17.2; 1015.48;   16.5;   91.38;   19.1;   14.6;   14.5;eor
       4271;20180604;   10;  11.2;   5.2;    3;   0.0;   6;    5.650;-999;   5.0;  16.5; 1010.80;   16.6;   87.46;   20.7;   14.8;   14.0;eor
       4271;20180605;   10;  10.5;   5.4;    3;   0.0;   0;   11.967;-999;   2.5;  15.2; 1012.13;   16.9;   79.50;   20.8;   14.2;   12.8;eor
       4271;20180606;   10;  11.4;   4.7;    3;   0.0;   0;   16.483;-999;   1.5;   9.8; 1017.07;   18.2;   50.54;   24.0;   12.3;   11.0;eor
       4271;20180607;   10;  10.3;   4.3;    3;   0.0;   0;   16.150;-999;   1.3;   9.8; 1015.92;   20.6;   42.54;   27.4;   13.5;   11.2;eor
       4271;20180608;   10;   8.6;   3.1;    3;   0.0;   0;   14.150;-999;   3.3;  12.3; 1012.82;   22.4;   46.42;   30.2;   16.9;   15.2;eor
       4271;20180609;   10;   7.4;   2.9;    3;   0.0;   0;   13.600;-999;   3.5;  16.4; 1012.39;   18.2;   77.75;   21.2;   15.4;   12.6;eor
       4271;20180610;   10;  11.6;   2.9;    3;   4.0;   6;    7.883;-999;   7.0;  18.4; 1008.71;   18.7;   85.38;   22.6;   16.5;   14.2;eor
       4271;20180611;   10;  14.4;   8.6;    3;   0.0;   6;    8.783;-999;   5.4;  14.2; 1009.14;   17.0;   73.33;   19.1;   15.0;   14.7;eor
       4271;20180612;   10;  13.0;   8.2;    3;   0.4;   6;    0.050;-999;   7.8;  13.1; 1008.00;   15.5;   74.29;   17.2;   14.2;   14.1;eor
       4271;20180613;   10;  13.5;   7.8;    3;   0.0;   6;    6.883;-999;   5.6;  12.7; 1009.80;   15.3;   73.67;   18.0;   12.7;   12.6;eor
       4271;20180614;   10;  12.4;   3.8;    3;   0.2;   6;    4.983;-999;   7.3;  11.9; 1012.39;   17.4;   60.79;   22.2;   13.0;   12.7;eor
       4271;20180615;   10;   8.0;   3.6;    3;   0.0;   0;   14.050;-999;   4.7;  13.7; 1015.32;   17.1;   70.33;   19.3;   14.7;   12.0;eor
       4271;20180616;   10;  10.9;   3.3;    3;   5.0;   6;    6.617;-999;   7.6;  14.5; 1013.78;   20.1;   62.75;   26.0;   14.0;   11.6;eor
       4271;20180617;   10;  13.0;   4.1;    3;   0.0;   6;    4.617;-999;   7.4;  15.7; 1013.14;   18.2;   75.75;   22.0;   15.8;   14.5;eor
       4271;20180618;   10;   9.0;   3.5;    3;   0.3;   6;    3.150;-999;   7.6;  14.7; 1016.48;   18.0;   71.67;   22.3;   14.7;   14.0;eor
       4271;20180619;   10;  13.0;   6.5;    3;   0.0;   6;    8.267;-999;   4.9;  15.8; 1017.93;   18.0;   76.29;   21.3;   15.5;   14.1;eor
       4271;20180620;   10;  12.3;   4.6;    3;   4.1;   6;   12.900;-999;   2.8;  15.2; 1016.96;   20.3;   65.04;   26.6;   12.0;   11.1;eor
       4271;20180621;   10;  24.6;   8.5;    3;  25.9;   6;    0.683;-999;   6.8;  13.5; 1009.35;   14.2;   82.50;   18.1;    9.5;    8.1;eor
       4271;20180622;   10;  19.7;  11.0;    3;   0.0;   6;    8.533;-999;   6.6;  11.8; 1013.16;   14.3;   71.96;   17.8;   10.2;    9.4;eor
       4271;20180623;   10;  18.7;  12.4;    3;   0.2;   6;    5.483;-999;   7.3;  12.3; 1015.90;   14.9;   72.17;   17.5;   13.1;   12.5;eor
       4271;20180624;   10;  15.6;   7.5;    3;   0.1;   6;    4.667;-999;   6.7;  13.8; 1015.95;   15.0;   80.83;   16.9;   13.1;   12.5;eor
       4271;20180625;   10;  10.1;   5.5;    3;   0.0;   6;    0.917;-999;   7.3;  15.2; 1018.32;   15.9;   84.38;   18.3;   13.9;   13.7;eor
       4271;20180626;   10;   8.8;   4.4;    3;   0.0;   0;    6.150;-999;   5.6;  16.6; 1022.35;   16.4;   88.58;   18.3;   14.8;   13.7;eor
       4271;20180627;   10;  10.7;   3.6;    3;   0.0;   0;   14.583;-999;   2.2;  15.6; 1025.30;   18.4;   74.25;   22.2;   14.7;   10.5;eor
       4271;20180628;   10;   9.0;   3.7;    3;   0.0;   0;   15.700;-999;   3.3;  17.0; 1022.50;   18.7;   78.96;   21.9;   15.4;   13.0;eor
       4271;20180629;   10;   9.3;   4.3;    3;   0.0;   0;   15.183;-999;   3.1;  16.2; 1016.67;   19.1;   73.42;   22.6;   14.7;   12.7;eor
       4271;20180630;   10;   6.9;   3.2;    3;   0.0;   0;   11.867;-999;   3.5;  12.0; 1019.65;   17.8;   59.54;   20.7;   14.8;   13.4;eor
       4271;20180701;   10;   8.0;   3.2;    3;   0.0;   0;   14.867;-999;   2.1;  10.5; 1021.04;   17.7;   52.33;   21.1;   14.1;   10.8;eor
       4271;20180702;   10;  11.2;   5.1;    3;   0.0;   0;   14.217;-999;   1.2;  13.6; 1017.02;   18.1;   64.50;   21.9;   11.5;    9.4;eor
       4271;20180703;   10;   8.6;   3.8;    3;   0.0;   0;   16.450;-999;   0.0;  15.7; 1014.67;   19.5;   70.04;   22.1;   16.2;   12.1;eor
       4271;20180704;   10;   6.4;   3.9;    3;   0.0;   0;   16.167;-999;   0.2;  16.1; 1012.73;   18.4;   76.17;   20.1;   15.5;   14.6;eor
       4271;20180705;   10;  12.8;   6.7;    3;   0.0;   6;    0.050;-999;   7.6;  16.1; 1010.44;   18.0;   78.21;   19.7;   15.3;   13.8;eor
       4271;20180706;   10;  15.9;  10.8;    3;   0.0;   0;   11.283;-999;   3.8;  14.7; 1013.29;   18.1;   70.75;   20.8;   15.9;   14.9;eor
       4271;20180707;   10;  15.7;  11.4;    3;   0.0;   0;   10.683;-999;   4.3;  14.5; 1016.97;   17.8;   71.46;   20.6;   15.2;   14.3;eor
       4271;20180708;   10;  12.5;   7.1;    3;   0.0;   0;    5.200;-999;   4.9;  17.3; 1018.83;   18.6;   80.96;   21.4;   16.9;   16.3;eor
       4271;20180709;   10;  14.8;   9.6;    3;   0.0;   0;    4.233;-999;   6.4;  13.8; 1016.02;   16.7;   72.25;   18.4;   13.8;   13.1;eor
       4271;20180710;   10;  10.7;   3.8;    3;   5.8;   6;    7.000;-999;   7.3;  13.6; 1014.74;   16.1;   74.08;   21.4;   12.1;   11.0;eor
       4271;20180711;   10;   9.3;   3.9;    3;  13.3;   6;    0.000;-999;   7.8;  19.7; 1013.91;   17.9;   95.75;   18.7;   17.1;   16.5;eor
       4271;20180712;   10;   9.1;   3.4;    3;   0.0;   0;   11.700;-999;   6.9;  18.0; 1013.33;   19.2;   80.83;   21.6;   17.5;   14.9;eor
       4271;20180713;   10;  13.0;   7.3;    3;   0.0;   0;    8.783;-999;   5.8;  18.3; 1015.57;   19.1;   83.08;   22.5;   16.8;   15.9;eor
       4271;20180714;   10;  11.7;   7.0;    3;   0.0;   0;    4.283;-999;   5.3;  14.7; 1017.55;   17.3;   74.67;   19.1;   15.6;   15.6;eor
       4271;20180715;   10;   8.9;   3.8;    3;   0.0;   0;   13.267;-999;   1.5;  16.2; 1016.28;   18.4;   76.54;   21.1;   16.5;   12.0;eor
       4271;20180716;   10;   5.0;   2.5;    3;   0.0;   0;   14.783;-999;   2.3;  19.2; 1013.40;   19.7;   83.67;   22.5;   15.9;   11.2;eor
       4271;20180717;   10;   5.1;   2.2;    3;   0.0;   0;   13.083;-999;   7.6;  20.4; 1011.32;   21.3;   81.04;   24.8;   16.4;   13.0;eor
       4271;20180718;   10;  12.7;   8.2;    3;   0.0;   0;    7.917;-999;   6.6;  19.5; 1013.35;   20.7;   79.83;   22.7;   19.0;   19.2;eor
       4271;20180719;   10;  11.5;   6.8;    3;   0.0;   0;   14.967;-999;   1.9;  16.0; 1015.71;   20.3;   67.50;   22.4;   18.1;   16.0;eor
       4271;20180720;   10;   8.9;   4.9;    3;   0.0;   0;   12.483;-999;   3.3;  14.7; 1013.50;   19.7;   64.33;   22.7;   17.5;   15.7;eor
       4271;20180721;   10;   4.3;   2.0;    3;   0.0;   0;   14.083;-999;   3.4;  15.7; 1011.41;   20.6;   64.96;   24.4;   14.4;   12.2;eor
       4271;20180722;   10;  10.9;   3.1;    3;   0.0;   0;    7.683;-999;   5.0;  17.6; 1010.74;   22.8;   63.50;   28.5;   18.7;   16.1;eor
       4271;20180723;   10;   9.5;   5.0;    3;   0.0;   0;   14.883;-999;   1.0;  19.2; 1014.24;   21.3;   75.54;   23.6;   19.4;   18.0;eor
       4271;20180724;   10;   5.4;   2.3;    3;   0.0;   0;   15.383;-999;   0.5;  19.7; 1014.14;   23.1;   70.00;   27.7;   18.7;   16.7;eor
       4271;20180725;   10;   3.6;   1.6;    3;   0.0;   0;   14.467;-999;   1.2;  22.2; 1014.65;   24.1;   74.04;   28.0;   18.9;   15.7;eor
       4271;20180726;   10;   9.3;   3.4;    3;   0.0;   0;   15.017;-999;   0.2;  23.0; 1016.61;   24.2;   76.08;   27.1;   19.6;   17.4;eor
       4271;20180727;   10;  13.0;   3.5;    3;   0.0;   0;   14.133;-999;   1.8;  21.9; 1015.33;   24.5;   72.63;   29.8;   19.8;   17.4;eor
       4271;20180728;   10;  17.3;   4.2;    3;   0.0;   6;   11.100;-999;   2.9;  20.4; 1008.52;   25.0;   68.13;   32.8;   20.0;   18.7;eor
       4271;20180729;   10;  11.6;   4.5;    3;   0.0;   6;   12.567;-999;   4.7;  16.3; 1013.57;   21.8;   62.92;   24.6;   19.7;   18.8;eor
       4271;20180730;   10;   9.5;   4.2;    3;   0.0;   6;    6.583;-999;   6.6;  17.7; 1014.77;   26.2;   53.25;   31.8;   21.3;   20.7;eor
       4271;20180731;   10;  12.4;   4.3;    3;   0.2;   6;   12.183;-999;   4.6;  17.7; 1014.72;   27.6;   50.71;   35.5;   21.9;   21.2;eor
       4271;20180801;   10;   9.5;   4.4;    3;   0.0;   6;    8.850;-999;   4.9;  22.4; 1019.00;   22.6;   81.88;   24.9;   20.7;   18.6;eor
       4271;20180802;   10;   5.9;   2.6;    3;   0.0;   0;   11.417;-999;   4.0;  19.5; 1021.72;   23.1;   69.17;   26.2;   20.4;   16.2;eor
       4271;20180803;   10;   6.4;   2.4;    3;   0.0;   0;   14.350;-999;   0.6;  19.2; 1020.06;   23.6;   65.96;   27.5;   18.8;   17.8;eor
       4271;20180804;   10;  12.0;   5.2;    3;   0.0;   6;    9.483;-999;   6.0;  21.0; 1016.55;   23.4;   73.21;   25.4;   21.3;   19.4;eor
       4271;20180805;   10;  14.3;   9.7;    3;   1.4;   6;    5.550;-999;   6.5;  16.6; 1017.72;   20.5;   68.42;   22.8;   18.6;   17.7;eor
       4271;20180806;   10;  11.9;   4.8;    3;   0.0;   0;   10.800;-999;   3.4;  16.7; 1015.84;   21.3;   65.96;   24.7;   18.8;   17.7;eor
       4271;20180807;   10;   8.3;   3.3;    3;   0.0;   0;   14.233;-999;   1.0;  13.0; 1010.26;   27.3;   38.50;   34.5;   19.8;   17.5;eor
       4271;20180808;   10;  12.2;   4.6;    3;   0.0;   0;   11.333;-999;   4.6;  18.1; 1007.90;   25.8;   55.25;   34.0;   21.3;   20.5;eor
       4271;20180809;   10;  13.2;   4.6;    3;  14.0;   8;   11.067;-999;   4.3;  20.3; 1011.93;   23.2;   72.17;   29.6;   20.4;   18.9;eor
       4271;20180810;   10;  16.9;   5.6;    3;   0.0;   6;    6.400;-999;   5.1;  15.2; 1015.31;   19.3;   68.04;   21.8;   16.4;   12.3;eor
       4271;20180811;   10;  20.3;   6.2;    3;   5.9;   6;    4.000;-999;   6.1;  12.9; 1015.62;   17.0;   66.79;   20.1;   13.5;   13.2;eor
       4271;20180812;   10;  13.4;   4.0;    3;   0.0;   6;    6.633;-999;   7.3;  13.3; 1013.76;   17.9;   65.42;   21.5;   13.4;   12.4;eor
       4271;20180813;   10;  12.3;   3.4;    3;   0.6;   6;    3.517;-999;   7.7;  14.6; 1005.81;   21.6;   59.58;   29.8;   17.4;   16.8;eor
       4271;20180814;   10;  11.9;   4.9;    3;   1.8;   6;    2.533;-999;   6.9;  18.0; 1006.66;   19.4;   79.71;   22.9;   17.1;   15.4;eor
       4271;20180815;   10;  14.5;   5.9;    3;   0.0;   6;    3.950;-999;   7.4;  17.6; 1014.83;   20.4;   73.46;   23.1;   18.4;   17.8;eor
       4271;20180816;   10;  10.9;   2.9;    3;   0.0;   0;   12.300;-999;   3.4;  15.7; 1014.37;   23.2;   56.67;   28.7;   18.6;   16.9;eor
       4271;20180817;   10;   8.6;   4.7;    3;   0.0;   6;    7.000;-999;   4.0;  17.9; 1014.91;   20.4;   74.29;   22.2;   19.0;   17.2;eor
       4271;20180818;   10;   9.4;   4.0;    3;   0.0;   0;   13.333;-999;   4.5;  14.9; 1018.60;   19.5;   66.54;   22.9;   14.4;   13.0;eor
       4271;20180819;   10;  10.5;   3.9;    3;   0.1;   6;    7.783;-999;   7.0;  16.2; 1016.87;   20.2;   69.00;   24.3;   16.2;   15.2;eor
       4271;20180820;   10;  13.6;   7.2;    3;   0.3;   6;    4.250;-999;   6.3;  16.8; 1014.04;   19.5;   74.29;   21.2;   17.5;   16.7;eor
       4271;20180821;   10;  11.6;   4.8;    3;   0.0;   0;   13.383;-999;   0.9;  12.2; 1019.82;   17.8;   59.79;   20.0;   15.1;   12.4;eor
       4271;20180822;   10;   6.5;   2.7;    3;   0.0;   0;   13.500;-999;   0.5;  12.4; 1016.95;   21.3;   50.75;   28.0;   14.1;   12.6;eor
       4271;20180823;   10;   7.3;   2.9;    3;   0.0;   0;   12.283;-999;   1.3;  16.5; 1009.28;   20.9;   66.71;   27.8;   17.9;   15.3;eor
       4271;20180824;   10;  15.4;   5.0;    3;   2.1;   6;    4.367;-999;   6.9;  14.4; 1005.77;   18.1;   69.13;   21.4;   12.7;   11.1;eor
       4271;20180825;   10;  13.5;   3.9;    3;   0.6;   6;    5.133;-999;   6.5;  11.1; 1006.22;   14.0;   70.46;   18.6;   11.4;    9.9;eor
       4271;20180826;   10;  11.2;   4.5;    3;   0.0;   6;   10.650;-999;   2.4;  11.6; 1011.46;   15.0;   68.83;   19.5;   10.7;    9.4;eor
       4271;20180827;   10;  15.3;   4.7;    3;   0.5;   6;    0.533;-999;   7.0;  12.2; 1008.28;   16.1;   66.33;   18.2;   14.0;   13.1;eor
       4271;20180828;   10;  10.3;   3.9;    3;   0.0;   6;    5.750;-999;   5.5;  14.2; 1016.36;   17.2;   72.92;   20.9;   13.5;   12.4;eor
       4271;20180829;   10;  10.7;   3.4;    3;   0.2;   6;    8.983;-999;   5.9;  13.8; 1014.45;   19.7;   62.96;   25.4;   15.0;   11.4;eor
       4271;20180830;   10;  15.8;   4.8;    3;  20.0;   6;    0.417;-999;   7.8;  16.2; 1011.15;   17.2;   82.54;   18.7;   15.3;   14.4;eor
       4271;20180831;   10;  14.3;   7.4;    3;   0.0;   6;    8.483;-999;   5.7;  15.9; 1017.51;   17.2;   80.79;   19.0;   15.9;   14.6;eor
       4271;20180901;   10;   8.0;   4.4;    3;   0.0;   0;   11.317;-999;   2.1;  14.7; 1023.76;   17.6;   73.25;   19.4;   14.0;   10.4;eor
       4271;20180902;   10;  10.7;   3.5;    3;   0.0;   0;    8.400;-999;   3.2;  16.7; 1025.34;   17.6;   83.00;   21.6;   12.8;    9.0;eor
       4271;20180903;   10;   9.3;   3.3;    3;   0.0;   0;   11.700;-999;   2.9;  17.9; 1019.40;   20.4;   75.50;   26.0;   17.1;   15.7;eor
       4271;20180904;   10;  11.0;   4.6;    3;   0.0;   0;   11.950;-999;   0.5;  17.1; 1017.31;   18.0;   83.17;   20.4;   16.0;   13.9;eor
       4271;20180905;   10;   9.2;   3.4;    3;   0.0;   0;   10.650;-999;   1.1;  17.6; 1018.25;   18.1;   84.67;   21.0;   15.5;   12.5;eor
       4271;20180906;   10;   9.1;   3.2;    3;   0.0;   6;    8.617;-999;   2.4;  16.1; 1013.00;   18.7;   76.83;   24.1;   14.0;    9.5;eor
       4271;20180907;   10;  13.3;   3.4;    3;   0.9;   6;    1.900;-999;   5.9;  16.1; 1009.58;   16.8;   84.17;   22.0;   11.6;    9.7;eor
       4271;20180908;   10;  11.9;   3.7;    3;   0.0;   0;    8.933;-999;   3.9;  11.0; 1015.96;   15.7;   63.29;   21.0;   10.8;    8.2;eor
       4271;20180909;   10;   7.0;   2.5;    3;   0.0;   6;    5.250;-999;   7.0;  12.7; 1018.78;   17.2;   64.71;   20.6;   13.4;   10.9;eor
       4271;20180910;   10;   6.7;   3.1;    3;   3.0;   6;    1.967;-999;   7.5;  14.1; 1017.77;   17.7;   69.58;   21.3;   15.1;   13.8;eor
       4271;20180911;   10;  12.8;   4.1;    3;   2.3;   6;    0.000;-999;   7.9;  15.9; 1015.72;   17.4;   80.04;   20.8;   13.8;   13.3;eor
       4271;20180912;   10;  12.0;   5.9;    3;   1.1;   6;    0.067;-999;   7.8;  14.4; 1017.18;   15.5;   81.50;   17.0;   13.8;   13.7;eor
       4271;20180913;   10;   6.7;   3.1;    3;   0.0;   0;   10.067;-999;   3.6;  12.0; 1019.44;   14.6;   72.71;   17.4;   11.4;    8.2;eor
       4271;20180914;   10;   7.7;   3.0;    3;   0.0;   0;   10.017;-999;   4.5;  11.0; 1017.68;   15.4;   64.63;   20.6;   10.4;    9.3;eor
       4271;20180915;   10;  12.4;   4.6;    3;   0.0;   6;    2.300;-999;   7.5;  12.4; 1017.93;   15.0;   72.54;   18.3;   12.2;   10.9;eor
       4271;20180916;   10;   8.6;   3.4;    3;   0.0;   0;    8.100;-999;   6.7;  11.6; 1020.34;   15.7;   66.92;   21.0;   10.0;    8.9;eor
       4271;20180917;   10;   9.2;   3.1;    3;   0.0;   0;    9.317;-999;  -999;  12.8; 1016.49;   17.8;   63.13;   24.2;   13.9;   12.9;eor
       4271;20180918;   10;  13.4;   3.5;    3;   0.0;   0;   11.550;-999;  -999;  12.3; 1011.76;   21.6;   52.29;   29.8;   14.7;   11.0;eor
       4271;20180919;   10;   9.1;   3.3;    3;   0.0;   0;   11.100;-999;   2.6;  15.3; 1013.82;   20.4;   66.04;   26.3;   14.9;   13.3;eor
       4271;20180920;   10;  13.8;   3.8;    3;   0.0;   0;    7.683;-999;   5.7;  14.1; 1012.56;   21.2;   56.75;   25.5;   17.3;   15.4;eor
       4271;20180921;   10;  25.0;   5.5;    3;   9.3;   6;    4.000;-999;   6.4;  12.7; 1002.88;   17.6;   64.63;   26.8;   11.2;    9.9;eor
       4271;20180922;   10;  16.3;   5.3;    3;   1.1;   6;    6.833;-999;   5.2;  10.5; 1010.89;   12.1;   74.50;   16.3;   10.0;    8.8;eor
       4271;20180923;   10;  18.4;   5.6;    3;   1.0;   6;    2.183;-999;   5.5;  10.5; 1009.47;   11.6;   77.46;   13.5;    8.9;    7.5;eor
       4271;20180924;   10;  20.7;  13.4;    3;   1.7;   6;    5.717;-999;   4.4;   9.0; 1020.23;   11.8;   64.92;   13.7;    8.7;    6.9;eor
       4271;20180925;   10;  14.2;   7.0;    3;   0.0;   0;   10.217;-999;   2.6;   8.7; 1033.19;   11.3;   65.04;   13.6;    8.9;    7.0;eor
       4271;20180926;   10;  16.7;   6.3;    3;   0.5;   6;    0.483;-999;   7.9;  10.1; 1026.05;   13.5;   65.00;   16.7;    9.0;    7.6;eor
       4271;20180927;   10;  16.3;   5.7;    3;   0.8;   6;    3.700;-999;   7.1;  15.8; 1020.38;   17.5;   79.71;   21.5;   14.9;   14.2;eor
       4271;20180928;   10;  17.0;  10.9;    3;   0.0;   0;    9.950;-999;   4.1;   9.8; 1020.67;   13.0;   65.42;   15.1;   11.3;   10.0;eor
       4271;20180929;   10;  10.6;   5.7;    3;   0.0;   0;    8.317;-999;   3.3;   9.2; 1024.64;   12.1;   65.38;   15.1;    9.1;    7.1;eor
       4271;20180930;   10;   9.1;   3.4;    3;   4.0;   6;    3.050;-999;   7.5;   8.2; 1014.31;   11.6;   60.83;   16.9;    8.2;    6.5;eor
       4271;20181001;   10;  16.1;   6.6;    3;   3.1;   6;    2.617;-999;   7.0;  10.2; 1010.04;   11.5;   75.00;   13.5;    9.4;    8.6;eor
       4271;20181002;   10;  25.8;   8.7;    3;   5.4;   6;    0.317;   0;   7.4;   9.7; 1007.50;    9.6;   80.63;   12.9;    6.8;    6.1;eor
       4271;20181003;   10;  23.6;  14.1;    3;   0.5;   6;    6.433;   0;   5.9;   9.6; 1013.06;   11.9;   68.79;   13.4;    9.1;    8.4;eor
       4271;20181004;   10;  12.1;   4.5;    3;   0.7;   6;    0.250;   0;   7.7;  12.5; 1021.07;   12.5;   85.54;   15.0;    9.9;    9.5;eor
       4271;20181005;   10;  11.3;   3.8;    3;   0.0;   0;    8.867;   0;   3.8;  12.2; 1017.12;   15.8;   69.29;   21.2;   12.4;    9.5;eor
       4271;20181006;   10;   6.3;   2.7;    3;   0.8;   6;    9.750;   0;   5.2;  11.8; 1007.95;   13.1;   78.42;   18.7;    9.9;    8.3;eor
       4271;20181007;   10;  16.2;   6.0;    3;   0.0;   0;    5.333;   0;   6.2;  10.2; 1015.33;   10.8;   78.79;   13.4;    7.0;    5.2;eor
       4271;20181008;   10;   9.5;   3.1;    3;   0.0;   0;    5.867;   0;   7.3;   8.8; 1020.09;   10.3;   71.29;   15.1;    6.2;    4.5;eor
       4271;20181009;   10;   8.0;   3.2;    3;   0.0;   0;    3.600;   0;   7.5;   9.8; 1019.63;   12.7;   67.92;   18.3;    8.3;    7.6;eor
       4271;20181010;   10;   8.8;   3.3;    3;   0.0;   0;    8.617;   0;   4.5;  12.8; 1021.00;   15.3;   73.79;   21.6;    9.8;    8.1;eor
       4271;20181011;   10;  11.9;   5.3;    3;   0.0;   0;    9.517;   0;   0.3;  12.2; 1016.09;   17.2;   64.17;   22.3;   12.3;   10.7;eor
       4271;20181012;   10;   8.9;   3.1;    3;   0.0;   0;    9.367;   0;   0.6;  12.9; 1018.92;   17.9;   63.63;   24.2;   13.4;   11.5;eor
       4271;20181013;   10;   9.0;   3.6;    3;   0.0;   0;    9.433;   0;   0.3;  13.2; 1020.04;   19.5;   59.50;   26.1;   14.6;   12.2;eor
       4271;20181014;   10;  11.3;   4.6;    3;   0.0;   0;    9.167;   0;   0.0;  11.5; 1012.97;   17.2;   59.50;   21.7;   13.0;   11.5;eor
       4271;20181015;   10;   9.1;   3.3;    3;   0.0;   0;    9.033;   0;   0.0;  10.7; 1012.53;   17.2;   54.67;   23.2;   13.0;   11.7;eor
       4271;20181016;   10;   5.7;   2.3;    3;   0.0;   0;    8.200;   0;   0.6;  12.2; 1016.42;   15.5;   69.25;   21.0;   11.6;   10.1;eor
       4271;20181017;   10;   4.9;   1.9;    3;   0.0;   6;    8.183;   0;   4.4;  14.0; 1017.73;   14.3;   86.46;   20.2;   10.5;    6.7;eor
       4271;20181018;   10;  10.1;   5.2;    3;   0.0;   6;    2.150;   0;   4.5;  12.9; 1020.60;   12.7;   87.13;   14.2;   11.0;    8.9;eor
       4271;20181019;   10;   6.3;   3.7;    3;   0.0;   0;    7.233;   0;   4.5;   9.4; 1024.20;   10.8;   72.38;   12.6;    7.9;    6.8;eor
       4271;20181020;   10;  10.6;   4.5;    3;   0.0;   6;    1.283;   0;   6.6;  10.2; 1025.55;   11.3;   75.29;   13.4;    8.6;    6.9;eor
       4271;20181021;   10;   8.5;   3.4;    3;   1.3;   6;    2.650;   0;   6.8;  11.1; 1025.27;   12.2;   78.67;   15.8;    8.1;    7.2;eor
       4271;20181022;   10;  14.3;   8.5;    3;   0.6;   6;    6.300;   0;   4.6;   9.9; 1024.23;   11.4;   73.29;   13.3;    7.9;    6.8;eor
       4271;20181023;   10;  26.2;  12.9;    3;   4.7;   6;    0.000;   0;   7.8;  11.0; 1007.65;   11.3;   81.33;   13.0;    8.6;    7.9;eor
       4271;20181024;   10;  20.2;  11.8;    3;   1.4;   6;    7.283;   0;   4.4;   8.7; 1011.54;   10.4;   68.71;   11.6;    9.2;    8.6;eor
       4271;20181025;   10;  24.0;  14.2;    3;   1.5;   6;    1.283;   0;   7.3;  10.7; 1007.22;   11.6;   78.67;   12.4;   10.2;    9.7;eor
       4271;20181026;   10;  13.8;   5.4;    3;   3.3;   6;    0.000;   0;   7.8;  10.2; 1000.97;    9.8;   83.88;   12.2;    7.6;    6.1;eor
       4271;20181027;   10;  19.1;   9.0;    3;   3.7;   6;    0.933;   0;   6.8;   7.7; 1002.32;    7.2;   75.83;    8.8;    4.3;    3.3;eor
       4271;20181028;   10;  12.7;   5.4;    3;   3.1;   6;    1.033;   0;   7.3;   7.1; 1016.42;    6.0;   76.58;    7.3;    4.2;    2.8;eor
       4271;20181029;   10;  12.7;   4.4;    3;   0.0;   6;    0.000;   0;   7.9;   7.8; 1009.05;    6.4;   81.04;    7.8;    5.5;    4.7;eor
       4271;20181030;   10;  17.0;   5.0;    3;   1.1;   6;    5.000;   0;   6.1;  10.3;  992.08;   11.3;   77.17;   19.0;    5.8;    4.4;eor
       4271;20181031;   10;  17.0;   5.5;    3;   0.0;   0;    4.833;   0;   6.4;   8.5; 1011.57;    9.5;   71.63;   11.9;    7.2;    5.1;eor
       4271;20181101;   10;   7.4;   3.4;    3;   0.0;   0;    3.783;   0;   6.0;   9.0; 1012.18;    8.5;   80.63;   11.3;    5.9;    3.9;eor
       4271;20181102;   10;  12.0;   3.8;    3;   0.0;   6;    5.567;   0;   3.2;   9.2; 1017.39;    9.1;   79.79;   13.0;    6.0;    4.3;eor
       4271;20181103;   10;   7.7;   2.8;    3;   0.0;   0;    8.383;   0;   0.6;   7.7; 1027.10;    6.6;   80.25;   11.0;    3.4;   -1.4;eor
       4271;20181104;   10;  10.2;   3.5;    3;   0.0;   6;    0.000;   0;   6.3;   9.1; 1020.01;    7.3;   87.92;    9.6;    3.4;    1.9;eor
       4271;20181105;   10;   7.0;   3.0;    3;   0.0;   6;    0.000;   0;   7.9;  11.6; 1012.05;   10.1;   93.79;   11.0;    9.1;    6.5;eor
       4271;20181106;   10;   7.0;   2.9;    3;   0.0;   0;    7.767;   0;   2.6;  10.8; 1008.65;   10.8;   83.42;   15.4;    8.5;    5.9;eor
       4271;20181107;   10;   7.1;   3.1;    3;   0.0;   0;    7.850;   0;   2.0;  10.9; 1009.68;    9.8;   89.50;   12.8;    8.0;    6.4;eor
       4271;20181108;   10;   8.1;   2.8;    3;   0.0;   0;    0.967;   0;   6.5;  10.7; 1017.97;    9.7;   88.46;   12.9;    7.4;    3.2;eor
       4271;20181109;   10;   9.6;   3.0;    3;   0.0;   6;    0.333;   0;   7.9;  10.4; 1015.98;    8.6;   93.29;   10.3;    6.5;    4.0;eor
       4271;20181110;   10;  10.3;   4.4;    3;   0.0;   6;    0.033;   0;   7.9;  10.6; 1007.45;   10.3;   84.50;   11.9;    8.5;    7.9;eor
       4271;20181111;   10;  10.5;   3.7;    3;   0.9;   6;    2.633;   0;   7.2;  11.1; 1007.55;   11.7;   80.54;   14.3;   10.6;    9.6;eor
       4271;20181112;   10;  12.9;   3.1;    3;   3.9;   6;    0.017;   0;   7.8;  12.1; 1012.77;   11.6;   88.92;   13.5;   10.7;    9.4;eor
       4271;20181113;   10;  10.9;   3.6;    3;   2.1;   6;    0.167;   0;   7.6;  10.9; 1017.92;   10.4;   86.29;   12.2;    9.4;    7.9;eor
       4271;20181114;   10;  11.1;   3.5;    3;   0.1;   6;    1.567;   0;   7.5;  10.3; 1025.68;    9.4;   86.92;   10.3;    8.8;    8.1;eor
       4271;20181115;   10;   9.1;   3.7;    3;   0.0;   0;    6.250;   0;   3.4;   9.6; 1028.27;    9.2;   82.75;   12.2;    6.5;    5.5;eor
       4271;20181116;   10;  10.3;   5.3;    3;   0.0;   0;    7.883;   0;   0.5;   7.3; 1033.37;    6.5;   76.08;   10.1;    3.5;    1.5;eor
       4271;20181117;   10;   7.6;   2.9;    3;   0.0;   0;    7.700;   0;   2.0;   6.3; 1037.75;    3.3;   81.63;    6.0;    1.0;   -3.9;eor
       4271;20181118;   10;  17.3;   4.7;    3;   1.3;   6;    0.033;   0;   7.5;   7.6; 1031.90;    5.2;   85.38;    8.1;    0.0;   -5.1;eor
       4271;20181119;   10;  12.6;   4.4;    3;   0.1;   6;    3.350;   0;   5.9;   7.3; 1025.34;    6.1;   77.08;    7.8;    4.4;    3.0;eor
       4271;20181120;   10;  13.7;   5.0;    3;   0.0;   0;    0.000;   0;   6.5;   5.9; 1020.47;    4.1;   71.79;    4.9;    2.4;    1.6;eor
       4271;20181121;   10;  11.6;   4.5;    3;   0.0;   0;    3.233;   0;   6.5;   5.3; 1022.81;    1.9;   76.33;    2.9;    0.6;   -0.5;eor
       4271;20181122;   10;   8.8;   3.8;    3;   0.0;   6;    0.000;   0;   8.0;   5.2; 1024.57;    0.0;   85.38;    0.8;   -1.0;   -1.0;eor
       4271;20181123;   10;   7.3;   2.8;    3;   0.0;   8;    0.000;   0;   8.0;   6.0; 1020.63;    0.9;   91.00;    2.7;   -0.8;   -0.9;eor
       4271;20181124;   10;   6.6;   2.1;    3;   0.0;   0;    0.000;   0;   8.0;   6.6; 1013.88;    3.4;   85.04;    4.3;    2.6;    2.2;eor
       4271;20181125;   10;   9.1;   2.4;    3;   0.0;   6;    0.217;   0;   7.2;   7.2; 1013.01;    4.7;   84.13;    6.0;    3.2;    2.7;eor
       4271;20181126;   10;   7.4;   2.4;    3;   0.0;   6;    1.983;   0;   6.9;   6.6; 1015.23;    4.7;   77.42;    6.4;    3.6;    0.9;eor
       4271;20181127;   10;   8.5;   2.2;    3;   0.0;   0;    0.000;   0;   7.9;   5.3; 1021.72;    2.7;   70.75;    4.4;    1.0;   -1.5;eor
       4271;20181128;   10;  16.7;   4.6;    3;   0.0;   6;    6.383;   0;   3.3;   4.6; 1025.20;    0.7;   72.13;    2.7;   -1.8;   -4.6;eor
       4271;20181129;   10;  15.9;   6.4;    3;   1.3;   8;    0.000;   0;   7.7;   4.5; 1015.70;    2.3;   63.04;    3.8;    1.0;    0.3;eor
       4271;20181130;   10;  11.7;   4.3;    3;   0.4;   6;    0.000;   0;   7.8;   5.2; 1010.51;    2.9;   69.38;    3.6;    2.5;    1.4;eor
       4271;20181201;   10;   8.8;   3.5;    3;   0.0;   6;    0.217;   0;   6.8;   7.9; 1009.56;    5.5;   87.63;    8.0;    2.7;    1.6;eor
       4271;20181202;   10;  10.1;   3.6;    3;   3.8;   6;    0.000;   0;   7.8;   9.2;  997.93;    7.3;   89.04;   10.1;    6.0;    5.4;eor
       4271;20181203;   10;  13.0;   3.9;    3;   6.9;   6;    1.117;   0;   7.5;  11.5;  994.47;   10.9;   88.38;   12.7;    7.3;    6.8;eor
       4271;20181204;   10;  20.6;  11.2;    3;   0.6;   8;    5.250;   0;   3.9;   7.9; 1009.78;    6.6;   80.29;    7.7;    4.7;    3.5;eor
       4271;20181205;   10;  11.5;   3.8;    3;   0.1;   6;    6.117;   0;   3.8;   6.5; 1022.46;    3.7;   81.92;    5.8;    2.4;    0.7;eor
       4271;20181206;   10;  10.8;   4.0;    3;   2.0;   6;    0.000;   0;   7.8;   7.8; 1011.59;    5.2;   85.71;   10.4;    3.0;    2.2;eor
       4271;20181207;   10;  19.4;   4.8;    3;   6.7;   6;    0.000;   0;   7.6;  12.2;  998.97;   10.8;   93.54;   11.6;    7.5;    6.6;eor
       4271;20181208;   10;  16.7;   7.3;    3;   5.6;   6;    0.000;   0;   7.5;   8.3;  991.38;    7.4;   80.63;    8.5;    6.0;    4.6;eor
       4271;20181209;   10;  19.5;   7.7;    3;   2.4;   6;    1.367;   0;   7.2;   8.6;  987.62;    7.0;   85.54;    8.2;    5.9;    5.1;eor
       4271;20181210;   10;  21.8;  14.0;    3;   0.4;   6;    1.750;   0;   6.5;   7.3; 1003.85;    6.2;   76.75;    6.8;    5.2;    4.2;eor
       4271;20181211;   10;  20.6;  10.7;    3;   0.2;   6;    0.000;   0;   7.7;   7.2; 1013.66;    5.5;   79.08;    6.5;    4.6;    3.5;eor
       4271;20181212;   10;  11.8;   6.5;    3;   0.4;   4;    0.767;   0;   7.5;   7.2; 1024.67;    4.8;   83.25;    5.6;    3.1;    1.7;eor
       4271;20181213;   10;   6.6;   2.9;    3;   0.0;   4;    0.000;   0;   6.9;   6.6; 1024.73;    2.9;   87.13;    3.7;    1.7;    0.7;eor
       4271;20181214;   10;   6.9;   2.3;    3;   0.0;   8;    0.000;   0;   8.0;   5.5; 1026.16;    1.3;   82.00;    2.0;    0.4;    0.0;eor
       4271;20181215;   10;   9.5;   2.4;    3;   0.0;   0;    0.667;   0;   7.3;   4.9; 1027.46;    0.4;   78.17;    1.1;   -0.6;   -2.8;eor
       4271;20181216;   10;  10.7;   4.5;    3;   0.0;   7;    0.000;   0;   7.6;   4.8; 1015.62;   -0.1;   78.38;    0.8;   -1.2;   -2.5;eor
       4271;20181217;   10;   7.5;   3.0;    3;   1.7;   8;    0.000;   0;   8.0;   5.3; 1018.35;    0.2;   84.92;    1.8;   -0.7;   -1.2;eor
       4271;20181218;   10;   9.5;   3.0;    3;   0.3;   6;    0.000;   0;   7.7;   7.6; 1021.54;    3.7;   95.04;    5.7;    1.7;    1.4;eor
       4271;20181219;   10;  14.5;   4.7;    3;   0.2;   6;    0.000;   0;   7.7;   6.6; 1013.89;    2.8;   88.08;    3.8;    1.9;    1.1;eor
       4271;20181220;   10;   7.8;   2.8;    3;   2.4;   6;    0.000;   0;   7.8;   7.4; 1011.35;    3.8;   92.67;    4.8;    2.4;    1.5;eor
       4271;20181221;   10;  15.7;   3.9;    3;  11.9;   6;    0.000;   0;   7.7;   8.8; 1000.92;    6.0;   94.08;    8.8;    4.6;    4.0;eor
       4271;20181222;   10;  19.3;   5.2;    3;   2.4;   6;    0.000;   0;   7.8;   7.6; 1004.82;    4.5;   90.13;    7.4;    3.9;    3.2;eor
       4271;20181223;   10;  13.4;   4.3;    3;   0.9;   8;    0.000;   0;   7.8;   8.3; 1011.68;    5.4;   91.58;    7.4;    2.6;    2.2;eor
       4271;20181224;   10;  14.1;   8.5;    3;   0.1;   8;    0.283;   0;   7.6;   6.1; 1021.97;    3.0;   79.88;    5.5;    0.8;    0.1;eor
       4271;20181225;   10;  15.2;  10.2;    3;   0.0;   0;    1.400;   0;   7.4;   7.9; 1024.22;    5.9;   84.96;    6.3;    5.2;    4.4;eor
       4271;20181226;   10;  14.2;   8.3;    3;   0.2;   6;    0.000;   0;   7.9;   9.3; 1023.07;    6.7;   93.83;    8.5;    5.9;    5.5;eor
       4271;20181227;   10;  12.9;   6.9;    3;   0.3;   6;    0.000;   0;   7.7;   9.6; 1020.25;    6.9;   95.88;    7.8;    6.3;    6.1;eor
       4271;20181228;   10;  12.8;   7.4;    3;   0.3;   6;    0.500;   0;   7.7;   8.9; 1021.73;    6.4;   92.63;    7.6;    5.7;    4.3;eor
       4271;20181229;   10;  11.8;   5.4;    3;   3.0;   6;    0.233;   0;   7.8;   9.5; 1019.32;    7.7;   90.67;    8.4;    6.9;    6.3;eor
       4271;20181230;   10;  19.1;  10.0;    3;   0.0;   0;    1.617;   0;   5.1;   8.4; 1020.91;    6.0;   89.67;    7.4;    4.9;    3.1;eor
       4271;20181231;   10;  14.3;   4.1;    3;   1.5;   6;    0.000;   0;   7.8;   9.1; 1026.05;    6.6;   93.13;    8.4;    5.1;    4.1;eor
       4271;20190101;   10;  28.6;  13.9;    3;   1.2;   8;    3.150;   0;   6.0;   7.6; 1012.05;    6.6;   77.75;    8.4;    4.7;    4.2;eor
       4271;20190102;   10;  29.6;  14.7;    3;   0.0;   0;    6.033;   0;   2.1;   5.1; 1024.20;    4.1;   62.00;    6.0;    2.7;    1.4;eor
       4271;20190103;   10;  14.2;   8.5;    3;   0.0;   6;    2.550;   0;   5.3;   6.1; 1031.95;    3.8;   76.71;    4.2;    3.3;    1.8;eor
       4271;20190104;   10;  15.9;   9.5;    3;   0.6;   6;    0.083;   0;   7.1;   8.0; 1024.06;    4.8;   92.13;    6.4;    3.0;    1.9;eor
       4271;20190105;   10;  12.8;   6.0;    3;   0.0;   0;    2.467;   0;   6.0;   8.4; 1019.62;    5.2;   94.67;    6.3;    3.6;    1.5;eor
       4271;20190106;   10;   5.7;   2.0;    3;   0.9;   6;    1.517;   0;   6.8;   6.9; 1026.23;    2.7;   92.29;    4.1;   -0.4;   -2.1;eor
       4271;20190107;   10;  14.5;   4.9;    3;   2.8;   6;    0.000;   0;   7.7;   8.6; 1020.09;    5.5;   94.75;    7.5;    3.5;    3.2;eor
       4271;20190108;   10;  20.5;  11.0;    3;   4.6;   8;    0.000;   0;   7.5;   7.8;  996.58;    5.3;   86.71;    7.5;    3.2;    2.4;eor
       4271;20190109;   10;  19.5;  13.5;    3;   0.3;   8;    0.000;   0;   7.7;   6.1; 1010.03;    2.6;   83.21;    3.6;    1.8;    1.3;eor
       4271;20190110;   10;  10.9;   4.7;    3;   0.6;   8;    0.050;   0;   7.9;   5.5; 1021.50;    1.5;   80.96;    2.9;    0.3;   -0.4;eor
       4271;20190111;   10;  13.8;   7.6;    3;   0.2;   6;    0.000;   0;   7.7;   7.8; 1012.63;    4.3;   92.88;    6.0;    0.7;    0.1;eor
       4271;20190112;   10;  15.9;   7.6;    3;   1.8;   6;    0.150;   0;   7.5;   8.1; 1005.17;    5.5;   89.29;    6.8;    4.1;    2.7;eor
       4271;20190113;   10;  21.9;  10.2;    3;   3.1;   6;    0.000;   0;   7.8;   8.5;  990.35;    6.2;   89.25;    8.1;    5.0;    4.2;eor
       4271;20190114;   10;  24.9;  16.1;    3;   0.7;   8;    4.117;   0;   4.2;   5.1;  998.27;    3.3;   65.71;    5.1;    2.2;    1.6;eor
       4271;20190115;   10;  21.4;  10.4;    3;   5.1;   6;    0.000;   0;   7.7;   8.0; 1004.11;    5.4;   88.54;    6.9;    3.2;    2.5;eor
       4271;20190116;   10;  14.9;   6.5;    3;   1.0;   6;    0.000;   0;   7.7;   8.6; 1000.10;    6.8;   86.67;    7.9;    4.8;    4.1;eor
       4271;20190117;   10;  15.8;   7.1;    3;   0.2;   8;    0.483;   0;   7.2;   6.7;  994.25;    4.3;   79.96;    6.1;    0.6;   -0.1;eor
       4271;20190118;   10;  15.0;   7.4;    3;   0.0;   6;    6.600;   0;   4.3;   5.2; 1012.41;    1.6;   76.04;    3.4;   -0.2;   -1.4;eor
       4271;20190119;   10;   7.1;   2.5;    3;   0.0;   6;    0.000;   0;   7.9;   5.8; 1017.81;    0.2;   93.67;    1.1;   -1.7;   -1.6;eor
       4271;20190120;   10;   5.3;   1.7;    3;   0.0;   0;    0.000;   0;   8.0;   5.0; 1018.93;   -2.2;   96.83;   -1.6;   -3.5;   -3.3;eor
       4271;20190121;   10;  10.0;   4.2;    3;   0.5;   8;    0.950;   0;   7.4;   4.6; 1017.24;   -2.3;   89.46;   -0.1;   -5.0;   -6.0;eor
       4271;20190122;   10;  10.2;   3.8;    3;   0.0;   8;    0.017;   0;   6.9;   5.1; 1008.85;   -1.3;   91.38;    0.2;   -3.0;   -4.0;eor
       4271;20190123;   10;  11.3;   5.4;    3;   0.0;   0;    5.467;   0;   6.3;   3.6; 1004.60;   -4.1;   79.58;   -1.6;   -5.6;   -6.5;eor
       4271;20190124;   10;   8.3;   2.6;    3;   0.0;   7;    0.383;   0;   7.8;   3.4; 1011.98;   -3.8;   74.25;   -2.7;   -4.9;   -7.5;eor
       4271;20190125;   10;  11.3;   3.1;    3;   1.3;   4;    0.000;   0;   8.0;   3.5; 1011.50;   -3.5;   73.63;   -2.8;   -4.4;   -4.6;eor
       4271;20190126;   10;   8.5;   2.9;    3;   1.9;   4;    0.000;   1;   7.8;   6.0;  998.61;    0.2;   94.33;    3.1;   -3.7;   -3.8;eor
       4271;20190127;   10;   9.1;   3.0;    3;   2.5;   4;    0.000;   0;   7.7;   7.8;  985.19;    4.1;   94.29;    5.1;    2.7;    2.2;eor
       4271;20190128;   10;  11.9;   3.2;    3;   0.7;   8;    0.383;   0;   7.9;   6.9;  988.60;    3.3;   88.92;    4.5;    0.8;    0.3;eor
       4271;20190129;   10;  12.5;   5.4;    3;   0.0;   0;    3.833;   0;   5.5;   5.7;  999.33;    1.1;   85.08;    3.0;   -1.1;   -2.3;eor
       4271;20190130;   10;  12.9;   4.7;    3;   0.0;   0;    3.817;   0;   7.8;   5.0;  999.05;    0.7;   78.71;    3.1;   -0.8;   -2.6;eor
       4271;20190131;   10;  10.4;   4.0;    3;   0.0;   7;    1.667;   0;   6.7;   5.1;  998.35;    0.4;   81.33;    2.8;   -1.3;   -2.9;eor
       4271;20190201;   10;-999;-999;    3;   0.0;   0;    0.000;-999;  -999;  -999;    -999;   -1.0;-999;    0.1;   -2.9;   -3.9;eor
       4271;20190202;   10;-999;-999;    3;   5.0;   4;    0.000;-999;  -999;  -999;    -999;    0.7;-999;    2.5;   -1.0;   -2.0;eor
       4271;20190203;   10;-999;-999;    3;   0.0;   0;    0.000;-999;  -999;  -999;    -999;    1.2;-999;    2.5;   -2.0;   -6.0;eor
       4271;20190204;   10;  14.0;-999;    3;   0.0;   4;    4.300;-999;  -999;  -999;    -999;    0.8;-999;    3.9;   -3.0;   -6.0;eor
       4271;20190205;   10;  14.0;   5.7;    3;   0.0;   6;    1.500;   0;   7.0;   6.7; 1020.67;    3.8;   83.08;    5.6;    1.9;    1.0;eor
       4271;20190206;   10;  12.7;   3.9;    3;   5.6;   6;    0.000;   0;   7.9;   6.9; 1019.69;    3.8;   86.29;    5.5;    1.7;    1.0;eor
       4271;20190207;   10;  12.8;   4.2;    3;   1.0;   6;    0.000;   0;   7.5;   7.1; 1006.91;    4.9;   82.13;    5.9;    4.2;    3.2;eor
       4271;20190208;   10;  14.9;   5.7;    3;   0.6;   6;    0.183;   0;   7.8;   7.7; 1006.09;    6.7;   78.08;    8.1;    5.4;    4.5;eor
       4271;20190209;   10;  17.6;   6.8;    3;   0.4;   6;    1.517;   0;   7.3;   7.5;  997.06;    8.0;   69.88;    9.9;    6.6;    5.5;eor
       4271;20190210;   10;  13.3;   4.6;    3;  10.9;   8;    0.000;   0;   7.3;   8.2;  991.63;    6.3;   85.88;    8.1;    1.7;    1.0;eor
       4271;20190211;   10;  18.5;  11.1;    3;   0.1;   6;    2.567;   0;   4.7;   6.7; 1004.15;    4.0;   82.13;    4.8;    2.2;    1.9;eor
       4271;20190212;   10;  16.9;   7.9;    3;   0.0;   6;    8.183;   0;   4.8;   6.1; 1024.38;    3.5;   77.88;    5.9;    2.6;    1.2;eor
       4271;20190213;   10;  15.3;   6.9;    3;   0.0;   0;    0.000;   0;   7.9;   9.0; 1027.30;    6.9;   90.17;    8.6;    5.5;    5.0;eor
       4271;20190214;   10;  12.5;   4.1;    3;   0.0;   0;    3.650;   0;   5.5;   8.2; 1031.73;    6.6;   83.75;    8.7;    3.0;    0.2;eor
       4271;20190215;   10;   5.9;   2.5;    3;   0.0;   0;    8.567;   0;   3.5;   6.6; 1030.17;    6.4;   71.08;   12.6;    0.9;    0.2;eor
       4271;20190216;   10;  11.1;   3.8;    3;   0.0;   0;    8.800;   0;   3.4;   6.8; 1022.05;    9.0;   59.50;   13.9;    4.8;    2.1;eor
       4271;20190217;   10;   9.0;   3.3;    3;   0.0;   0;    2.033;   0;   6.0;   9.3; 1021.15;    9.3;   78.75;   12.2;    5.9;    4.1;eor
       4271;20190218;   10;   7.0;   2.9;    3;   0.0;   0;    8.567;   0;   2.3;   7.4; 1015.57;    8.2;   69.17;   13.9;    3.6;    2.4;eor
       4271;20190219;   10;  14.7;   5.6;    3;   0.5;   6;    1.583;   0;   6.5;   7.8; 1010.28;    6.9;   78.25;    9.4;    5.4;    4.5;eor
       4271;20190220;   10;  14.5;   5.9;    3;   3.3;   6;    1.567;   0;   7.8;   8.3; 1016.84;    7.0;   82.96;    9.0;    5.4;    5.0;eor
       4271;20190221;   10;  12.3;   5.9;    3;   2.7;   6;    0.900;   0;   7.8;   9.0; 1019.85;    7.0;   89.63;    9.0;    4.5;    4.6;eor
       4271;20190222;   10;  10.1;   3.8;    3;   0.0;   0;    6.517;   0;   4.9;   5.4; 1037.25;    2.6;   72.50;    4.9;   -0.3;   -1.3;eor
       4271;20190223;   10;   9.4;   3.1;    3;   0.0;   0;    7.467;   0;  -999;   3.6; 1040.81;    2.3;   51.42;    6.8;   -1.1;   -2.6;eor
       4271;20190224;   10;   6.9;   2.9;    3;   0.0;   0;    8.817;   0;   2.5;   5.5; 1036.50;    4.5;   65.00;    9.6;    0.5;   -1.2;eor
       4271;20190225;   10;  10.5;   5.3;    3;   0.0;   0;    6.000;   0;   5.6;   7.6; 1034.71;    4.9;   87.54;    7.8;    2.1;    1.0;eor
       4271;20190226;   10;  10.5;   4.8;    3;   0.0;   0;    3.833;   0;   5.1;   7.8; 1031.24;    5.6;   85.21;    8.9;    3.9;    3.1;eor
       4271;20190227;   10;  12.5;   3.8;    3;   0.0;   0;    9.183;   0;   0.9;   5.7; 1021.75;    8.8;   52.83;   15.0;    3.6;    2.4;eor
       4271;20190228;   10;  12.9;   6.5;    3;   0.0;   0;    0.950;   0;   5.4;   7.7; 1009.26;    5.6;   85.08;   10.1;    3.9;    2.9;eor
       4271;20190301;   10;   8.7;   3.9;    3;   0.0;   6;    0.000;   0;   7.8;   6.8; 1010.69;    3.5;   86.21;    4.3;    1.8;    0.7;eor
       4271;20190302;   10;   8.1;   3.1;    3;   0.0;   6;    0.250;   0;   7.6;   6.4; 1011.02;    3.8;   80.17;    5.7;    1.5;    0.0;eor
       4271;20190303;   10;  12.9;   4.6;    3;   4.9;   6;    0.000;   0;   7.8;   9.8;  999.26;    8.4;   88.33;   10.7;    4.7;    3.5;eor
       4271;20190304;   10;  21.6;   7.3;    3;   3.5;   6;    0.683;   0;   7.6;   8.9;  985.21;    9.0;   77.13;   12.6;    6.4;    5.4;eor
       4271;20190305;   10;  22.6;   8.0;    3;   0.6;   6;    5.367;   0;   5.4;   7.4;  996.26;    6.5;   75.92;    7.8;    3.2;    2.0;eor
       4271;20190306;   10;  12.9;   4.1;    3;   1.6;   6;    0.000;   0;   7.0;   7.5; 1002.76;    6.6;   77.75;   10.3;    1.9;    0.9;eor
       4271;20190307;   10;  18.7;   5.3;    3;   1.3;   6;    1.467;   0;   6.3;   8.7;  990.82;    9.8;   71.92;   14.2;    7.2;    5.7;eor
       4271;20190308;   10;  23.4;   9.0;    3;   4.3;   6;    5.800;   0;   5.9;   7.1;  998.90;    6.3;   73.50;    8.0;    4.0;    2.9;eor
       4271;20190309;   10;  20.9;   7.7;    3;   4.8;   8;    3.933;   0;   5.9;   7.1;  999.07;    5.7;   77.63;    8.9;    1.4;    1.1;eor
       4271;20190310;   10;  19.6;   7.2;    3;   0.4;   6;    5.083;   0;   6.4;   7.0;  999.13;    5.4;   77.58;    7.4;    3.3;    2.1;eor
       4271;20190311;   10;  10.3;   4.9;    3;   0.8;   6;    2.967;   0;   5.5;   6.8; 1007.10;    3.6;   86.75;    4.9;    1.7;    1.3;eor
       4271;20190312;   10;  16.0;   5.3;    3;   1.8;   6;    1.667;   0;   5.0;   6.5; 1009.63;    4.9;   75.54;    7.7;    0.2;   -0.7;eor
       4271;20190313;   10;  17.5;   7.1;    3;   2.7;   6;    0.783;   0;   7.1;   7.2;  993.44;    6.3;   75.88;    8.2;    4.3;    3.1;eor
       4271;20190314;   10;  17.3;   6.8;    3;   7.7;   6;    0.617;   0;   7.3;   8.0;  992.03;    5.7;   87.71;    7.4;    4.8;    3.6;eor
       4271;20190315;   10;  24.8;  10.1;    3;   2.0;   6;    1.017;   0;   7.1;   8.0;  991.85;    6.5;   82.42;    9.1;    5.0;    4.3;eor
       4271;20190316;   10;  19.2;   7.3;    3;   6.5;   6;    2.000;   0;   6.8;   7.9;  998.85;    6.4;   82.25;    9.3;    4.7;    4.1;eor
       4271;20190317;   10;  16.6;   6.2;    3;   0.7;   6;    2.250;   0;   5.6;   7.7;  994.30;    7.8;   72.38;   10.2;    4.7;    3.4;eor
       4271;20190318;   10;  18.5;   8.8;    3;   0.1;   4;    2.400;   0;   6.7;   7.0; 1004.50;    5.5;   77.71;    7.8;    4.3;    3.2;eor
       4271;20190319;   10;  10.8;   4.9;    3;   0.0;   0;    5.333;   0;   4.3;   6.8; 1022.40;    4.6;   79.54;    6.4;    2.2;    1.0;eor
       4271;20190320;   10;  12.2;   4.8;    3;   0.1;   6;    0.433;   0;   6.3;   8.0; 1028.35;    6.5;   81.63;   10.4;    1.4;    0.2;eor
       4271;20190321;   10;  11.3;   4.6;    3;   0.0;   6;    0.483;   0;   7.7;  10.4; 1030.13;    9.8;   85.58;   13.3;    7.8;    7.2;eor
       4271;20190322;   10;   9.5;   3.0;    3;   0.0;   6;    0.000;   0;   6.9;  10.0; 1029.69;    8.4;   90.54;   10.7;    5.9;    6.0;eor
       4271;20190323;   10;  11.9;   5.5;    3;   0.0;   0;    3.233;   0;   6.5;   9.1; 1025.33;    7.3;   89.04;    9.5;    5.5;    4.1;eor
       4271;20190324;   10;  10.0;   4.3;    3;   1.4;   6;    5.383;   0;   5.9;   7.5; 1023.15;    5.7;   81.92;    7.2;    4.3;    3.0;eor
       4271;20190325;   10;  15.5;   7.1;    3;   0.3;   6;    5.067;   0;   5.3;   7.5; 1013.37;    5.3;   84.25;    7.3;    3.2;    2.6;eor
       4271;20190326;   10;  16.1;   8.2;    3;   0.0;   6;    3.967;   0;   5.9;   7.6; 1021.31;    5.8;   82.92;    7.2;    4.5;    3.0;eor
       4271;20190327;   10;  13.8;   6.9;    3;   1.3;   6;    0.017;   0;   7.8;   9.4; 1026.00;    7.0;   93.79;    8.7;    5.7;    5.4;eor
       4271;20190328;   10;   9.7;   5.5;    3;   0.2;   6;    0.000;   0;   6.7;   9.9; 1030.38;    7.4;   96.29;    9.7;    6.4;    6.4;eor
       4271;20190329;   10;   9.8;   3.6;    3;   0.0;   0;    4.400;   0;   6.2;   9.2; 1028.55;    9.1;   80.13;   12.6;    6.5;    5.2;eor
       4271;20190330;   10;  11.8;   3.9;    3;   0.0;   6;    9.217;   0;   3.2;   9.2; 1019.29;   10.4;   74.96;   17.7;    4.8;    3.8;eor
       4271;20190331;   10;  13.3;   6.4;    3;   0.0;   0;   11.783;   0;   3.3;   7.1; 1022.20;    6.5;   73.13;    8.0;    4.5;    1.6;eor
       4271;20190401;   10;   8.5;   3.2;    3;   0.0;   0;   12.600;   0;   0.0;   5.5; 1025.46;    5.2;   64.25;   10.4;    0.5;   -2.7;eor
       4271;20190402;   10;  12.6;   6.2;    3;   0.0;   0;   10.017;   0;   2.9;   5.5; 1011.22;    8.4;   50.04;   13.6;    2.3;    0.9;eor
       4271;20190403;   10;   9.1;   2.9;    3;   0.0;   6;    2.533;   0;   7.6;   8.5; 1002.38;   10.1;   69.33;   15.7;    7.7;    6.5;eor
       4271;20190404;   10;  10.3;   3.9;    3;   0.0;   0;   11.883;   0;   6.5;   8.5;  998.56;   12.8;   58.38;   18.9;    8.6;    6.0;eor
       4271;20190405;   10;   9.0;   3.5;    3;   0.3;   6;   10.250;   0;   6.5;   9.4; 1003.78;   13.3;   62.29;   19.5;    8.9;    6.9;eor
       4271;20190406;   10;   7.3;   2.0;    3;   0.0;   0;   10.350;   0;   5.5;   9.5; 1007.52;   11.8;   70.63;   21.6;    6.2;    3.8;eor
       4271;20190407;   10;   7.5;   2.1;    3;   0.0;   0;   12.367;   0;   0.3;   8.8; 1008.27;    8.7;   78.42;   12.4;    5.8;    1.8;eor
       4271;20190408;   10;  12.8;   4.6;    3;   0.0;   6;    8.500;   0;   3.0;   7.9; 1011.91;    7.1;   78.63;   10.2;    3.7;    1.8;eor
       4271;20190409;   10;   9.3;   4.2;    3;   0.0;   0;    9.683;   0;   1.8;   6.2; 1016.40;    4.9;   72.46;    7.2;    2.9;    0.0;eor
       4271;20190410;   10;  11.4;   4.2;    3;   0.0;   6;    8.433;   0;   2.8;   5.8; 1018.92;    4.4;   69.54;    7.2;    1.8;   -1.0;eor
       4271;20190411;   10;  10.8;   3.4;    3;   0.4;   8;    1.083;   0;   7.0;   5.7; 1025.40;    3.4;   72.83;    5.3;    1.7;   -0.6;eor
       4271;20190412;   10;  12.7;   5.2;    3;   1.1;   8;    7.783;   0;   5.1;   5.3; 1027.31;    3.5;   67.54;    6.0;    1.4;    0.2;eor
       4271;20190413;   10;  11.9;   3.8;    3;   0.4;   8;    1.583;   0;   7.4;   5.8; 1026.02;    3.1;   76.29;    5.4;    1.4;    0.0;eor
       4271;20190414;   10;  14.2;   4.5;    3;   0.2;   6;    2.183;   0;   7.0;   6.5; 1027.33;    5.9;   70.33;    9.2;    3.3;    2.5;eor
       4271;20190415;   10;  11.6;   4.1;    3;   0.0;   0;   13.117;   0;   1.0;   6.2; 1028.82;    6.2;   67.08;   11.9;    2.8;    1.1;eor
       4271;20190416;   10;  10.7;   3.7;    3;   0.0;   0;   12.617;   0;   0.4;   6.1; 1024.36;    7.7;   60.67;   13.6;    2.6;    1.1;eor
       4271;20190417;   10;   9.3;   3.3;    3;   0.0;   0;   13.467;   0;   0.0;   6.7; 1027.92;   10.1;   55.75;   16.9;    4.7;    3.0;eor
       4271;20190418;   10;  10.7;   3.5;    3;   0.0;   0;   13.550;   0;   0.0;   8.2; 1031.33;    9.1;   70.83;   13.0;    5.0;    2.8;eor
       4271;20190419;   10;   9.6;   2.9;    3;   0.0;   0;   13.567;   0;   0.0;   7.3; 1033.22;   10.9;   56.21;   16.8;    5.7;    0.6;eor
       4271;20190420;   10;   9.7;   3.1;    3;   0.0;   0;   13.750;   0;   1.4;   7.6; 1030.91;    8.0;   70.67;   11.1;    3.4;   -3.2;eor
       4271;20190421;   10;   9.1;   2.7;    3;   0.0;   0;   13.883;   0;   0.5;   7.3; 1023.07;   10.0;   60.58;   13.7;    3.6;   -1.7;eor
       4271;20190422;   10;  11.8;   3.7;    3;   0.0;   0;   13.867;   0;   0.0;   7.4; 1017.32;   12.6;   51.75;   19.1;    6.1;    0.6;eor
       4271;20190423;   10;  18.1;   6.0;    3;   1.5;   6;   11.267;   0;   2.6;   8.5; 1010.53;   14.6;   52.42;   19.7;   10.3;    8.6;eor
       4271;20190424;   10;  12.7;   6.0;    3;   0.0;   6;    9.633;   0;   4.3;  11.3; 1005.17;   16.4;   60.75;   21.5;   12.7;   11.1;eor
       4271;20190425;   10;   8.6;   3.6;    3;   0.0;   0;   12.133;   0;   3.5;  11.8; 1008.68;   14.4;   72.29;   18.2;   12.6;   11.4;eor
       4271;20190426;   10;  12.8;   5.9;    3;   5.3;   6;    7.883;   0;   5.5;  11.9; 1007.80;   13.6;   77.08;   24.7;   10.4;   10.2;eor
       4271;20190427;   10;  11.9;   4.1;    3;   2.6;   6;    6.767;   0;   7.5;  11.3; 1009.34;   11.7;   82.38;   16.1;    9.3;    8.7;eor
       4271;20190428;   10;  10.1;   5.3;    3;   4.4;   6;    0.217;   0;   7.8;  11.3; 1015.20;   10.1;   91.33;   11.4;    9.5;    8.6;eor
       4271;20190429;   10;  13.5;   6.8;    3;   0.0;   0;   11.483;   0;   2.9;  10.0; 1019.50;    9.9;   82.08;   12.3;    8.3;    5.9;eor
       4271;20190430;   10;  10.0;   3.6;    3;   0.0;   6;    9.467;   0;   3.6;  10.6; 1017.57;   11.0;   81.13;   15.2;    7.1;    2.8;eor
       4271;20190501;    3;  16.7;   9.8;    3;   0.0;   6;    0.000;-999;   7.8;  10.5; 1010.54;    9.8;   86.17;   10.8;    8.8;    8.8;eor
       4271;20190502;    3;  18.9;  11.1;    3;   2.6;   6;    0.050;-999;   7.3;   9.3; 1001.81;    9.3;   79.13;   10.8;    7.3;    6.2;eor
       4271;20190503;    3;  17.5;   9.8;    3;   1.1;   6;    5.700;-999;   5.7;   7.1; 1003.86;    7.6;   67.88;   10.2;    4.1;    3.1;eor
       4271;20190504;    3;  16.1;   5.5;    3;   1.0;   6;    9.700;-999;   3.3;   6.5; 1004.69;    5.8;   71.38;    8.6;    2.4;    1.3;eor
       4271;20190505;    3;  13.4;   6.3;    3;   0.0;   0;   11.917;-999;   2.8;   7.0; 1013.61;    8.7;   61.75;   11.6;    4.8;    3.6;eor
       4271;20190506;    3;  14.9;   7.0;    3;   0.0;   6;    7.033;-999;   6.3;   7.4; 1013.45;    7.9;   69.96;   11.1;    3.3;    2.1;eor
       4271;20190507;    3;  13.7;   5.1;    3;   0.0;   0;   12.050;-999;   3.2;   6.9; 1014.40;    7.8;   65.83;   10.8;    3.4;    2.4;eor
       4271;20190508;    3;  12.9;   3.8;    3;   2.5;   6;    7.083;-999;   6.0;   6.8; 1004.94;   11.5;   51.46;   16.5;    4.6;    2.6;eor
       4271;20190509;    3;   8.9;   2.8;    3;   0.9;   6;    3.217;-999;   6.8;  11.4;  997.51;   12.0;   81.50;   14.6;   10.3;    8.5;eor
       4271;20190510;    3;  10.8;   4.3;    3;   0.8;   6;    2.200;-999;   6.5;  10.9; 1004.99;   10.7;   84.67;   12.9;    8.4;    7.3;eor
       4271;20190511;    3;  10.8;   5.1;    3;   0.0;   0;   14.483;-999;   3.0;   8.3; 1014.06;    9.8;   68.17;   12.0;    7.0;    5.6;eor
       4271;20190512;    3;  12.8;   8.5;    3;   0.0;   0;   13.617;-999;   1.3;   8.7; 1027.07;   10.2;   70.04;   12.8;    7.6;    6.1;eor
       4271;20190513;    3;  10.4;   6.4;    3;   0.0;   6;   13.767;-999;   0.7;   8.5; 1034.16;   10.2;   68.33;   12.7;    8.2;    2.8;eor
       4271;20190514;    3;   8.9;   4.5;    3;   0.0;   0;   12.817;-999;   3.2;   7.3; 1033.04;    9.9;   60.54;   12.5;    6.1;    2.4;eor
       4271;20190515;    3;  12.9;   6.4;    3;   0.1;   6;   14.167;-999;   4.0;   7.4; 1026.80;   10.5;   58.88;   14.2;    5.3;   -0.2;eor
       4271;20190516;    3;  16.2;   7.9;    3;   1.1;   6;    0.217;-999;   7.9;   9.6; 1017.86;   10.8;   73.96;   13.3;    8.8;    7.8;eor
       4271;20190517;    3;   8.9;   2.8;    3;   0.0;   6;    2.850;-999;   7.8;  12.6; 1010.87;   11.2;   93.96;   13.3;    9.7;    9.4;eor
       4271;20190518;    3;  10.6;   3.2;    3;   0.0;   0;   10.750;-999;   3.3;  13.3; 1007.85;   15.4;   78.88;   22.6;   10.5;    9.5;eor
       4271;20190519;    3;  11.2;   4.4;    3;   0.0;   0;   12.250;-999;   4.9;  13.4; 1006.13;   12.9;   90.13;   16.4;   10.9;    8.4;eor
       4271;20190520;    3;  11.0;   5.3;    3;   4.5;   6;    0.883;-999;   7.9;  13.4; 1004.16;   11.8;   97.00;   14.4;   10.5;   10.9;eor
       4271;20190521;    3;   7.7;   2.5;    3;   2.3;   6;    0.083;-999;   8.0;  14.3; 1004.85;   12.8;   96.71;   15.1;   11.0;   11.5;eor
       4271;20190522;    3;  14.1;   8.6;    3;   0.1;   6;    1.833;-999;   6.7;  12.7; 1011.70;   11.8;   91.71;   13.3;   10.7;    9.0;eor
       4271;20190523;    3;   9.3;   4.1;    3;   0.0;   0;   13.467;-999;   6.0;  10.6; 1015.84;   13.6;   69.71;   18.3;   10.0;    8.4;eor
       4271;20190524;    3;  12.9;   4.7;    3;   0.0;   0;   10.050;-999;   4.7;  10.9; 1010.92;   15.2;   64.00;   22.1;   11.1;    9.9;eor
       4271;20190525;    3;  12.1;   7.2;    3;   0.0;   0;    3.583;-999;   7.8;  10.6; 1012.38;   12.5;   73.17;   15.3;   11.2;   10.4;eor
       4271;20190526;    3;  13.5;   4.5;    3;   7.9;   6;    0.000;-999;   7.7;  12.6; 1007.21;   13.6;   79.92;   16.7;    9.1;    8.5;eor
       4271;20190527;    3;  13.8;   5.2;    3;   0.0;   6;    8.517;-999;   6.1;  12.4; 1004.18;   14.7;   74.29;   16.7;   12.4;   11.9;eor
       4271;20190528;    3;  12.5;   5.6;    3;   0.0;   0;   11.250;-999;   5.4;   9.9; 1006.91;   12.5;   68.21;   14.3;   10.7;    9.6;eor
       4271;20190529;    3;  12.6;   5.2;    3;   0.0;   0;   15.400;-999;   1.6;   7.1; 1019.32;   11.3;   53.42;   13.6;    9.4;    7.3;eor
       4271;20190530;    3;  13.7;   4.4;    3;   1.2;   6;    4.833;-999;   7.6;  11.0; 1019.59;   15.0;   63.17;   20.0;    8.9;    7.3;eor
       4271;20190531;    3;  11.6;   3.6;    3;   0.0;   6;    1.300;-999;   7.8;  15.7; 1019.55;   16.2;   85.25;   20.1;   14.3;   12.8;eor
       4271;20190601;    3;  10.6;   3.5;    3;   0.0;   0;    9.133;-999;   5.2;  14.6; 1018.80;   16.7;   77.54;   22.4;   12.9;   11.1;eor
       4271;20190602;    3;   9.5;   3.2;    3;   0.0;   0;   13.783;-999;   5.4;  15.1; 1014.78;   20.5;   64.13;   29.0;   11.8;   10.1;eor
       4271;20190603;    3;  12.9;   3.8;    3;   2.5;   6;   10.700;-999;   4.8;  16.0; 1010.85;   20.8;   66.42;   28.8;   15.7;   15.2;eor
       4271;20190604;    3;  10.3;   4.5;    3;   0.0;   0;   10.783;-999;   5.0;  15.0; 1011.65;   17.5;   75.50;   22.3;   15.1;   14.7;eor
       4271;20190605;    3;  10.1;   3.8;    3;   0.0;   0;   12.250;-999;   3.3;  17.6; 1006.99;   20.9;   71.71;   25.9;   17.4;   16.5;eor
       4271;20190606;    3;  15.5;   6.3;    3;   1.5;   6;    7.150;-999;   4.7;  16.8; 1007.28;   20.2;   72.29;   29.8;   14.7;   14.1;eor
       4271;20190607;    3;  10.5;   4.6;    3;   2.6;   6;    8.183;-999;   5.0;  14.4; 1012.47;   15.7;   80.33;   19.2;   13.7;   13.5;eor
       4271;20190608;    3;  13.0;   4.6;    3;   0.0;   0;    5.067;-999;   6.0;  12.3; 1014.82;   17.4;   63.46;   20.2;   14.1;   12.4;eor
       4271;20190609;    3;  10.1;   3.7;    3;   0.0;   6;   14.967;-999;   3.4;  11.4; 1021.46;   16.3;   61.88;   19.7;   12.6;   10.8;eor
       4271;20190610;    1;   9.4;   3.8;    1;   7.4;   6;    1.667;-999;   7.6;  15.1; 1013.96;   17.2;   76.29;   21.7;   14.7;   14.1;eor
       4271;20190611;    1;   7.6;   3.2;    1;  11.4;   6;    3.417;-999;   7.1;  18.2; 1009.26;   17.4;   91.46;   23.7;   15.2;   15.0;eor
       4271;20190612;    1;  12.8;   4.1;    1;  18.3;   8;    8.483;-999;   6.0;  18.4; 1007.73;   17.8;   90.29;   21.5;   15.9;   14.5;eor
       4271;20190613;    1;  11.3;   3.5;    1;   0.1;   6;   10.700;-999;   5.0;  14.0; 1011.91;   19.6;   64.67;   25.4;   14.1;   12.5;eor
       4271;20190614;    1;  11.0;   4.2;    1;   0.0;   6;   12.767;-999;   3.0;  14.5; 1015.48;   21.5;   59.21;   28.3;   14.5;   13.2;eor
       4271;20190615;    1;  20.8;   4.2;    1;  26.4;   8;    0.667;-999;   7.5;  18.1; 1010.33;   19.1;   82.08;   22.5;   15.7;   15.2;eor
       4271;20190616;    1;  14.2;   4.5;    1;   0.0;   0;   11.500;-999;   4.7;  14.4; 1017.53;   17.1;   74.04;   19.7;   14.9;   13.2;eor
       4271;20190617;    1;   6.8;   2.6;    1;   0.0;   0;   16.050;-999;   1.0;  14.2; 1020.12;   19.2;   65.13;   22.4;   15.2;   13.9;eor
       4271;20190618;    1;   9.8;   4.1;    1;   0.0;   0;   13.283;-999;   4.4;  14.6; 1014.80;   23.4;   52.21;   29.2;   17.3;   16.4;eor
       4271;20190619;    1;  16.2;   3.4;    1;   0.0;   6;   14.233;-999;   4.1;  15.7; 1007.67;   24.2;   54.42;   31.0;   17.9;   15.5;eor
       4271;20190620;    1;  11.3;   3.1;    1;   2.0;   6;   11.200;-999;   5.1;  17.6; 1008.16;   19.5;   77.83;   24.1;   17.1;   13.7;eor
       4271;20190621;    1;   9.3;   4.9;    1;   0.0;   0;   10.233;-999;   4.3;  15.0; 1015.70;   18.0;   72.96;   21.1;   16.1;   15.0;eor
       4271;20190622;    1;   8.1;   4.3;    1;   0.0;   0;   15.733;-999;   1.3;  11.7; 1022.59;   17.0;   60.50;   19.0;   13.8;   11.5;eor
       4271;20190623;    1;  11.5;   3.9;    1;   0.0;   0;   15.600;-999;   1.6;  13.2; 1023.01;   18.0;   64.04;   23.7;   12.9;   10.7;eor
       4271;20190624;    1;  10.5;   3.8;    1;   0.0;   0;   15.133;-999;   4.5;  14.7; 1023.63;   19.6;   65.50;   27.6;   13.9;   11.5;eor
       4271;20190625;    1;-999;-999;    1;   0.0;   0;   13.800;-999;  -999;  -999; 1019.95;   24.0;-999;   31.5;   16.6;   14.5;eor
       4271;20190626;    1;  16.2;-999;    1;   0.0;   0;   14.700;-999;  -999;  -999; 1018.18;   22.4;-999;   27.6;   16.0;   14.0;eor
       4271;20190627;    1;  16.7;  10.9;    1;   0.0;   0;    7.150;-999;   4.0;  14.1; 1022.19;   16.7;   73.88;   18.8;   14.5;   13.0;eor
       4271;20190628;    1;  12.0;   5.1;    1;   0.0;   0;   11.333;-999;   4.2;  14.7; 1022.82;   17.2;   75.21;   19.4;   15.7;   10.0;eor
       4271;20190629;    1;   7.3;   3.2;    1;   0.0;   0;   15.967;-999;   0.1;  14.8; 1018.52;   19.4;   66.58;   23.8;   13.9;    8.0;eor
       4271;20190630;    1;  14.7;   5.9;    1;   0.0;   0;   14.217;-999;   2.2;  15.0; 1009.91;   24.3;   54.17;   35.9;   17.8;    7.5;eor
       4271;20190701;    1;  16.8;   7.6;    1;   0.2;   6;   12.283;-999;   3.3;  15.0; 1011.45;   19.2;   68.21;   24.4;   14.7;   11.0;eor
       4271;20190702;    1;  19.1;  12.1;    1;   1.1;   6;    6.033;-999;   6.4;  12.2; 1015.92;   15.9;   67.38;   17.6;   13.4;   12.8;eor
       4271;20190703;    1;  16.9;   9.8;    1;   1.4;   6;    7.033;-999;   5.2;  11.2; 1019.66;   15.3;   64.63;   18.3;   12.2;   11.9;eor
       4271;20190704;    1;  17.1;   8.6;    1;   8.9;   6;    0.867;-999;   7.0;  12.4; 1017.69;   15.9;   68.13;   18.4;   13.7;   12.7;eor
       4271;20190705;    1;  19.1;   9.5;    1;   4.8;   6;    1.583;-999;   7.6;  15.1; 1011.03;   15.6;   84.79;   17.5;   13.5;   13.2;eor
       4271;20190706;    1;  17.4;   6.6;    1;   1.3;   6;    1.533;-999;   7.5;  14.3; 1005.57;   15.6;   80.42;   17.9;   14.1;   13.4;eor
       4271;20190707;    1;  18.7;  11.7;    1;   1.2;   6;    2.333;-999;   7.7;  12.2; 1007.30;   14.9;   72.04;   16.6;   13.3;   11.9;eor
       4271;20190708;    1;  15.6;   9.7;    1;   0.0;   6;   10.283;-999;   5.0;  12.1; 1011.84;   15.2;   70.29;   17.7;   12.2;   11.0;eor
       4271;20190709;    1;  14.1;   9.1;    1;   0.0;   6;   10.983;-999;   5.3;  12.5; 1014.57;   15.7;   70.17;   18.1;   13.7;   12.8;eor
