STATIONS_ID;MESS_DATUM;QN_3;  FX;  FM;QN_4; RSK;RSKF; SDK;SHK_TAG;  NM; VPM;  PM; TMK; UPM; TXK; TNK; TGK;eor
       2961;20180106;   10;  12.3;   6.7;    3;  -999;-999;    0.000;-999;  -999;   6.8; 1004.83;    3.5;   85.50;    5.5;    1.8;-999;eor
       2961;20180107;   10;  13.4;   5.5;    3;  -999;-999;    6.767;-999;  -999;   4.3; 1027.83;    1.8;   62.13;    2.8;    1.4;-999;eor
       2961;20180108;   10;  18.0;   8.5;    3;  -999;-999;    7.417;-999;  -999;   4.9; 1030.89;    2.3;   68.04;    3.0;    1.6;-999;eor
       2961;20180109;   10;  23.5;  15.6;    3;  -999;-999;    3.283;-999;  -999;   5.0; 1015.80;    3.3;   64.00;    4.0;    2.2;-999;eor
       2961;20180110;   10;  10.0;   5.7;    3;  -999;-999;    0.467;-999;  -999;   6.7; 1008.65;    3.3;   85.71;    4.5;    2.2;-999;eor
       2961;20180111;   10;  12.4;   6.5;    3;  -999;-999;    0.000;-999;  -999;   7.5; 1015.22;    3.5;   95.88;    4.2;    2.6;-999;eor
       2961;20180112;   10;  17.4;  11.1;    3;  -999;-999;    0.000;-999;  -999;   6.5; 1025.53;    2.7;   87.38;    3.3;    1.7;-999;eor
       2961;20180113;   10;  16.0;  10.6;    3;  -999;-999;    0.000;-999;  -999;   5.6; 1027.97;    1.1;   83.33;    2.1;   -0.9;-999;eor
       2961;20180114;   10;  17.0;  11.2;    3;  -999;-999;    5.233;-999;  -999;   4.5; 1024.03;   -0.1;   74.63;    0.8;   -1.5;-999;eor
       2961;20180115;   10;  22.4;  14.3;    3;  -999;-999;    0.483;-999;  -999;   5.5; 1002.70;    1.0;   83.08;    3.3;   -1.6;-999;eor
       2961;20180116;   10;  21.8;  10.9;    3;  -999;-999;    0.600;-999;  -999;   6.9;  981.93;    3.0;   90.50;    5.5;    0.7;-999;eor
       2961;20180117;   10;  14.9;   9.6;    3;  -999;-999;    1.583;-999;  -999;   6.3;  987.40;    1.8;   90.71;    3.4;    1.1;-999;eor
       2961;20180118;   10;  16.9;  10.3;    3;  -999;-999;    0.000;-999;  -999;   6.5;  988.39;    1.8;   93.25;    2.9;    0.7;-999;eor
       2961;20180119;   10;  11.7;   7.0;    3;  -999;-999;    2.667;-999;  -999;   6.5;  998.96;    1.8;   93.79;    3.0;    0.8;-999;eor
       2961;20180120;   10;  10.9;   6.6;    3;  -999;-999;    0.000;-999;  -999;   6.3;  999.94;    1.7;   90.92;    2.1;    0.9;-999;eor
       2961;20180121;   10;  10.4;   3.4;    3;  -999;-999;    3.533;-999;  -999;   6.1; 1009.10;    0.9;   93.17;    5.4;   -1.6;-999;eor
       2961;20180122;   10;  13.9;   7.8;    3;  -999;-999;    0.000;-999;  -999;   5.9; 1006.70;    0.4;   93.71;    1.4;   -1.0;-999;eor
       2961;20180123;   10;  19.1;   7.6;    3;  -999;-999;    0.000;-999;  -999;   7.5; 1012.64;    3.5;   94.29;    7.4;    0.9;-999;eor
       2961;20180124;   10;  24.6;  13.7;    3;  -999;-999;    0.000;-999;  -999;  10.5; 1003.83;    9.6;   87.91;   12.6;    6.6;-999;eor
       2961;20180125;   10;  15.8;   8.9;    3;  -999;-999;    0.000;-999;  -999;   8.5; 1005.81;    7.1;   84.29;    8.0;    6.2;-999;eor
       2961;20180126;   10;   7.9;   4.2;    3;  -999;-999;    0.967;-999;  -999;   8.5; 1014.29;    5.4;   94.42;    6.8;    3.9;-999;eor
       2961;20180127;   10;  24.9;   9.4;    3;  -999;-999;    0.100;-999;  -999;   7.4; 1021.24;    4.8;   86.21;    5.6;    3.8;-999;eor
       2961;20180128;   10;  22.7;  14.2;    3;  -999;-999;    4.200;-999;  -999;   8.7; 1014.33;    7.0;   86.50;    8.1;    5.3;-999;eor
       2961;20180129;   10;  28.7;  15.8;    3;  -999;-999;    0.000;-999;  -999;   9.0; 1010.18;    7.3;   86.67;    9.4;    5.0;-999;eor
       2961;20180130;   10;  19.4;  12.2;    3;  -999;-999;    4.867;-999;  -999;   7.1; 1017.00;    5.0;   81.13;    5.8;    3.8;-999;eor
       2961;20180131;   10;  23.1;  10.7;    3;  -999;-999;    0.000;-999;  -999;   7.5;  997.41;    4.3;   88.92;    8.0;    2.5;-999;eor
       2961;20180201;   10;  20.8;  12.9;    3;  -999;-999;    0.017;-999;  -999;   6.3;  990.11;    3.0;   83.38;    4.0;    1.9;-999;eor
       2961;20180202;   10;  16.6;   8.0;    3;  -999;-999;    0.267;-999;  -999;   6.8;  995.73;    2.7;   90.92;    4.1;    0.1;-999;eor
       2961;20180203;   10;  13.7;   7.6;    3;  -999;-999;    0.000;-999;  -999;   4.8; 1002.93;   -0.5;   80.92;    0.7;   -1.3;-999;eor
       2961;20180204;   10;  19.7;  12.1;    3;  -999;-999;    0.000;-999;  -999;   5.4; 1017.68;    1.0;   82.21;    1.7;   -0.9;-999;eor
       2961;20180205;   10;  12.0;   6.3;    3;  -999;-999;    0.550;-999;  -999;   4.4; 1027.09;   -0.2;   73.17;    0.9;   -1.2;-999;eor
       2961;20180206;   10;   6.5;   3.5;    3;  -999;-999;    7.483;-999;  -999;   4.1; 1016.34;   -1.2;   72.50;   -0.2;   -2.2;-999;eor
       2961;20180207;   10;   6.3;   2.5;    3;  -999;-999;    8.817;-999;  -999;   3.5; 1015.27;   -1.4;   63.25;   -0.1;   -2.5;-999;eor
       2961;20180208;   10;   8.6;   5.0;    3;  -999;-999;    8.733;-999;  -999;   4.0; 1016.96;   -1.2;   71.96;    0.6;   -3.0;-999;eor
       2961;20180209;   10;  11.3;   7.5;    3;  -999;-999;    7.750;-999;  -999;   4.4; 1012.68;   -1.5;   79.33;    0.3;   -3.3;-999;eor
       2961;20180210;   10;  11.3;   5.3;    3;  -999;-999;    6.917;-999;  -999;   4.9; 1010.37;   -0.6;   84.04;    1.3;   -2.9;-999;eor
       2961;20180211;   10;  20.8;  13.0;    3;  -999;-999;    0.867;-999;  -999;   6.3;  993.92;    2.1;   88.63;    4.5;    0.2;-999;eor
       2961;20180212;   10;  21.4;  12.4;    3;  -999;-999;    1.917;-999;  -999;   6.1; 1000.46;    2.0;   86.79;    3.7;    0.7;-999;eor
       2961;20180213;   10;  13.1;   8.2;    3;  -999;-999;    8.400;-999;  -999;   5.7; 1009.63;    1.3;   84.88;    3.2;   -0.3;-999;eor
       2961;20180214;   10;  14.4;   7.4;    3;  -999;-999;    9.217;-999;  -999;   4.6; 1015.64;    1.5;   68.04;    3.5;   -0.3;-999;eor
       2961;20180215;   10;  19.8;  12.7;    3;  -999;-999;    0.000;-999;  -999;   5.2; 1010.30;    0.9;   78.96;    2.3;   -0.2;-999;eor
       2961;20180216;   10;  15.6;   9.7;    3;  -999;-999;    5.250;-999;  -999;   6.8; 1015.57;    3.6;   85.96;    5.5;    2.1;-999;eor
       2961;20180217;   10;   9.1;   3.3;    3;  -999;-999;    0.000;-999;  -999;   6.4; 1021.87;    3.0;   84.75;    4.2;    1.5;-999;eor
       2961;20180218;   10;  10.7;   5.4;    3;  -999;-999;    3.350;-999;  -999;   5.2; 1023.02;    2.9;   68.54;    4.4;    1.5;-999;eor
       2961;20180219;   10;   7.2;   3.9;    3;  -999;-999;    3.817;-999;  -999;   5.8; 1017.04;    2.5;   79.33;    4.4;    1.1;-999;eor
       2961;20180220;   10;  11.4;   6.4;    3;  -999;-999;    7.367;-999;  -999;   5.7; 1019.32;    2.4;   78.38;    3.2;    1.9;-999;eor
       2961;20180221;   10;   7.0;   2.9;    3;  -999;-999;    3.500;-999;  -999;   5.6; 1024.26;    1.7;   80.50;    3.1;    0.9;-999;eor
       2961;20180222;   10;  11.2;   4.4;    3;  -999;-999;    1.817;-999;  -999;   5.5; 1024.21;    0.9;   84.75;    1.6;   -0.6;-999;eor
       2961;20180223;   10;  11.5;   6.8;    3;  -999;-999;    8.983;-999;  -999;   4.3; 1025.28;    0.1;   69.79;    1.1;   -0.3;-999;eor
       2961;20180224;   10;  18.0;  11.0;    3;  -999;-999;    5.400;-999;  -999;   4.3; 1029.67;   -0.4;   72.38;    0.7;   -2.0;-999;eor
       2961;20180225;   10;  15.1;   9.7;    3;  -999;-999;    0.200;-999;  -999;   3.5; 1031.25;   -2.3;   67.21;   -1.4;   -4.3;-999;eor
       2961;20180226;   10;  17.1;  11.7;    3;  -999;-999;    8.117;-999;  -999;   3.3; 1028.82;   -2.5;   65.88;   -0.8;   -4.3;-999;eor
       2961;20180227;   10;  22.6;  12.5;    3;  -999;-999;    1.483;-999;  -999;   3.3; 1022.85;   -3.8;   71.33;   -2.0;   -6.5;-999;eor
       2961;20180228;   10;  23.7;  13.3;    3;  -999;-999;    1.017;-999;  -999;   2.7; 1026.06;   -5.8;   67.46;   -3.2;   -8.0;-999;eor
       2961;20180301;   10;  22.5;  13.0;    3;  -999;-999;    1.583;-999;  -999;   3.5; 1018.17;   -4.1;   78.13;   -2.4;   -5.2;-999;eor
       2961;20180302;   10;  22.1;  12.5;    3;  -999;-999;    1.750;-999;  -999;   3.5; 1006.50;   -4.6;   79.58;   -2.5;   -6.1;-999;eor
       2961;20180303;   10;  19.0;  12.3;    3;  -999;-999;    9.500;-999;  -999;   3.2; 1003.85;   -4.2;   70.25;   -2.0;   -6.2;-999;eor
       2961;20180304;   10;  18.1;  12.8;    3;  -999;-999;    3.267;-999;  -999;   3.5;  999.70;   -2.5;   68.17;    0.4;   -4.6;-999;eor
       2961;20180305;   10;  15.0;   8.5;    3;  -999;-999;    2.467;-999;  -999;   6.2;  992.25;    3.3;   79.04;    8.2;   -0.8;-999;eor
       2961;20180306;   10;  11.0;   6.8;    3;  -999;-999;    9.050;-999;  -999;   6.2;  991.62;    2.6;   84.79;    5.1;    1.4;-999;eor
       2961;20180307;   10;   7.6;   4.3;    3;  -999;-999;    0.000;-999;  -999;   6.3;  992.33;    0.8;   96.71;    1.5;    0.3;-999;eor
       2961;20180308;   10;  11.2;   5.2;    3;  -999;-999;    2.383;-999;  -999;   6.9;  993.99;    2.6;   93.54;    6.4;    0.1;-999;eor
       2961;20180309;   10;  13.1;   7.0;    3;  -999;-999;    0.900;-999;  -999;   6.7;  998.88;    2.9;   89.13;    4.4;    0.7;-999;eor
       2961;20180310;   10;  16.1;   9.7;    3;  -999;-999;    0.000;-999;  -999;   6.6; 1000.23;    1.5;   96.88;    2.2;    0.7;-999;eor
       2961;20180311;   10;  13.5;   7.0;    3;  -999;-999;    2.967;-999;  -999;   9.9;  993.80;    7.5;   94.50;   12.9;    2.2;-999;eor
       2961;20180312;   10;   5.8;   2.6;    3;  -999;-999;    0.000;-999;  -999;   9.3;  989.15;    6.2;   98.17;   10.3;    2.6;-999;eor
       2961;20180313;   10;   9.1;   5.9;    3;  -999;-999;    0.000;-999;  -999;   8.1;  994.73;    4.5;   95.75;    8.3;    2.5;-999;eor
       2961;20180314;   10;  10.9;   5.4;    3;  -999;-999;    0.000;-999;  -999;   6.3; 1008.23;    2.0;   88.67;    2.8;    1.2;-999;eor
       2961;20180315;   10;  27.6;  16.4;    3;  -999;-999;    0.000;-999;  -999;   5.5; 1006.83;    1.4;   81.71;    2.4;    0.6;-999;eor
       2961;20180316;   10;  29.7;  21.9;    3;  -999;-999;    0.667;-999;  -999;   4.2; 1009.87;   -0.5;   71.21;    0.7;   -3.7;-999;eor
       2961;20180317;   10;  32.5;  22.0;    3;  -999;-999;    3.367;-999;  -999;   3.7; 1015.63;   -2.4;   72.04;   -1.2;   -4.0;-999;eor
       2961;20180318;   10;  26.6;  18.4;    3;  -999;-999;    9.750;-999;  -999;   3.4; 1017.87;   -1.5;   60.92;   -0.3;   -3.0;-999;eor
       2961;20180319;   10;  11.4;   4.9;    3;  -999;-999;   11.183;-999;  -999;   3.7; 1013.98;    0.7;   58.00;    3.4;   -1.0;-999;eor
       2961;20180320;   10;  18.1;   7.9;    3;  -999;-999;   11.617;-999;  -999;   5.3; 1015.74;    2.2;   74.42;    3.5;    0.8;-999;eor
       2961;20180321;   10;  13.4;   7.2;    3;  -999;-999;    0.617;-999;  -999;   5.9; 1019.97;    2.4;   79.83;    5.1;   -0.6;-999;eor
       2961;20180322;   10;  21.1;   7.8;    3;  -999;-999;    0.000;-999;  -999;   7.2; 1005.93;    3.1;   94.21;    5.4;    1.4;-999;eor
       2961;20180323;   10;   8.7;   4.6;    3;  -999;-999;    1.867;-999;  -999;   6.5; 1003.15;    2.6;   87.96;    4.7;    1.1;-999;eor
       2961;20180324;   10;   8.2;   4.2;    3;  -999;-999;    0.000;-999;  -999;   7.3; 1001.69;    5.1;   82.38;    7.7;    3.5;-999;eor
       2961;20180325;   10;   7.0;   4.6;    3;  -999;-999;    0.000;-999;  -999;   7.2; 1005.06;    6.2;   75.54;    7.3;    3.3;-999;eor
       2961;20180326;   10;   8.6;   5.0;    3;  -999;-999;    1.267;-999;  -999;   6.8; 1010.62;    2.7;   91.21;    5.8;   -0.2;-999;eor
       2961;20180327;   10;  12.2;   4.8;    3;  -999;-999;    2.117;-999;  -999;   6.7; 1010.48;    1.7;   97.54;    2.7;    0.6;-999;eor
       2961;20180328;   10;  21.4;  14.2;    3;  -999;-999;    0.000;-999;  -999;   6.3; 1002.01;    1.7;   91.29;    2.5;    0.2;-999;eor
       2961;20180329;   10;  18.8;   8.8;    3;  -999;-999;    0.000;-999;  -999;   6.2;  999.55;    0.6;   96.67;    1.0;    0.2;-999;eor
       2961;20180330;   10;  18.8;   7.8;    3;  -999;-999;   11.750;-999;  -999;   5.6; 1005.08;    1.2;   83.58;    2.0;    0.5;-999;eor
       2961;20180331;   10;  20.5;  13.1;    3;  -999;-999;    0.000;-999;  -999;   5.8; 1000.80;    1.2;   87.67;    1.7;    0.1;-999;eor
       2961;20180401;   10;  11.4;   6.8;    3;  -999;-999;    3.983;-999;  -999;   6.0; 1002.80;    1.6;   87.88;    3.7;    0.4;-999;eor
       2961;20180402;   10;  13.7;   6.7;    3;  -999;-999;    9.533;-999;  -999;   5.4; 1004.91;    2.8;   72.88;    7.1;    0.6;-999;eor
       2961;20180403;   10;  15.2;   7.5;    3;  -999;-999;    0.750;-999;  -999;  10.2;  996.66;    8.4;   90.50;   13.1;    2.1;-999;eor
       2961;20180404;   10;  18.0;   8.0;    3;  -999;-999;    4.667;-999;  -999;   9.7;  997.05;    9.9;   79.33;   13.9;    6.6;-999;eor
       2961;20180405;   10;  19.6;  10.0;    3;  -999;-999;    1.400;-999;  -999;   8.3; 1001.68;    6.7;   82.79;   10.1;    3.5;-999;eor
       2961;20180406;   10;  13.3;   7.9;    3;  -999;-999;   12.017;-999;  -999;   6.5; 1018.30;    5.6;   72.67;   11.9;    2.9;-999;eor
       2961;20180407;   10;  14.2;   8.5;    3;  -999;-999;   10.067;-999;  -999;   6.7; 1011.42;   10.0;   56.04;   15.8;    4.3;-999;eor
       2961;20180408;   10;   8.2;   4.8;    3;  -999;-999;   11.517;-999;  -999;   9.1; 1005.48;   14.3;   55.71;   20.1;    9.8;-999;eor
       2961;20180409;   10;  13.3;   6.1;    3;  -999;-999;    6.950;-999;  -999;  10.3; 1004.00;   11.8;   74.92;   15.0;    6.8;-999;eor
       2961;20180410;   10;  24.3;  14.2;    3;  -999;-999;    1.267;-999;  -999;   7.8; 1007.43;    4.7;   91.08;    6.9;    3.8;-999;eor
       2961;20180411;   10;  23.3;  13.2;    3;  -999;-999;    2.700;-999;  -999;   7.0; 1011.75;    4.0;   86.79;    4.5;    3.5;-999;eor
       2961;20180412;   10;  24.4;  14.1;    3;  -999;-999;    7.883;-999;  -999;   7.7; 1006.70;    5.0;   87.58;    6.1;    4.1;-999;eor
       2961;20180413;   10;  18.3;  11.1;    3;  -999;-999;    0.900;-999;  -999;   8.3; 1005.29;    5.5;   91.38;    6.4;    4.8;-999;eor
       2961;20180414;   10;  14.8;   6.3;    3;  -999;-999;    0.000;-999;  -999;   9.3; 1010.34;    6.6;   94.75;    7.9;    4.7;-999;eor
       2961;20180415;   10;  10.1;   5.2;    3;  -999;-999;    0.400;-999;  -999;   9.2; 1011.84;    7.4;   89.46;    8.9;    5.2;-999;eor
       2961;20180416;   10;  10.8;   6.1;    3;  -999;-999;    5.500;-999;  -999;  10.0; 1011.70;    8.4;   89.96;   13.1;    4.7;-999;eor
       2961;20180417;   10;   9.2;   4.9;    3;  -999;-999;   12.100;-999;  -999;   9.0; 1021.71;   11.1;   70.33;   15.1;    6.5;-999;eor
       2961;20180418;   10;  10.3;   5.4;    3;  -999;-999;   13.233;-999;  -999;  11.2; 1027.52;   15.0;   65.13;   19.2;   10.7;-999;eor
       2961;20180419;   10;  13.0;   7.1;    3;  -999;-999;   13.533;-999;  -999;  13.0; 1027.01;   16.0;   71.33;   19.0;   12.5;-999;eor
       2961;20180420;   10;  15.2;   7.6;    3;  -999;-999;   13.433;-999;  -999;  11.6; 1018.10;   17.4;   59.88;   24.6;   10.0;-999;eor
       2961;20180421;   10;   8.8;   5.2;    3;  -999;-999;   13.600;-999;  -999;   9.4; 1017.55;   11.3;   71.75;   17.6;    7.4;-999;eor
       2961;20180422;   10;  16.7;   5.9;    3;  -999;-999;   11.183;-999;  -999;   9.6; 1011.61;    8.7;   85.96;   18.2;    4.6;-999;eor
       2961;20180423;   10;  16.7;   9.8;    3;  -999;-999;    8.983;-999;  -999;  10.8; 1006.90;   11.9;   77.42;   18.7;    7.8;-999;eor
       2961;20180424;   10;  18.5;  10.3;    3;  -999;-999;    5.867;-999;  -999;   9.4; 1006.80;    9.4;   79.79;   11.5;    7.4;-999;eor
       2961;20180425;   10;  15.2;   8.4;    3;  -999;-999;    2.767;-999;  -999;   9.8; 1001.61;    8.3;   89.04;   11.6;    6.2;-999;eor
       2961;20180426;   10;  19.7;   9.6;    3;  -999;-999;    9.200;-999;  -999;   8.8; 1006.71;    8.1;   81.88;   10.3;    6.2;-999;eor
       2961;20180427;   10;  10.8;   6.1;    3;  -999;-999;    7.500;-999;  -999;   8.6; 1009.10;    9.4;   73.38;   12.5;    6.4;-999;eor
       2961;20180428;   10;  13.8;   5.8;    3;  -999;-999;    4.900;-999;  -999;  10.5; 1006.80;   10.4;   83.29;   14.4;    7.5;-999;eor
       2961;20180429;   10;  12.9;   5.1;    3;  -999;-999;    0.167;-999;  -999;  10.4; 1008.00;    8.6;   93.50;   11.0;    6.8;-999;eor
       2961;20180430;   10;  23.1;   9.6;    3;  -999;-999;    2.583;-999;  -999;  10.5;  997.05;   10.5;   82.58;   14.0;    8.1;-999;eor
       2961;20180501;   10;  22.3;  11.9;    3;  -999;-999;    0.033;-999;  -999;   8.5; 1000.35;    8.0;   79.88;   11.7;    5.9;-999;eor
       2961;20180502;   10;  13.8;   7.7;    3;  -999;-999;   13.983;-999;  -999;   7.4; 1009.92;   10.0;   62.17;   14.9;    5.0;-999;eor
       2961;20180503;   10;  10.8;   6.7;    3;  -999;-999;   11.133;-999;  -999;   8.0; 1012.85;    9.6;   66.75;   12.0;    6.7;-999;eor
       2961;20180504;   10;   5.3;   2.9;    3;  -999;-999;   14.200;-999;  -999;   8.0; 1022.34;    8.3;   73.92;   10.9;    5.9;-999;eor
       2961;20180505;   10;   7.5;   3.9;    3;  -999;-999;   13.700;-999;  -999;   8.3; 1025.80;   10.8;   63.96;   13.8;    7.6;-999;eor
       2961;20180506;   10;  10.9;   5.8;    3;  -999;-999;   15.133;-999;  -999;   9.1; 1024.45;   12.7;   62.14;   16.2;   10.1;-999;eor
       2961;20180507;   10;  12.1;   6.4;    3;  -999;-999;   15.083;-999;  -999;  10.9; 1019.95;   14.6;   65.96;   17.5;   12.2;-999;eor
       2961;20180508;   10;  13.6;   8.9;    3;  -999;-999;   14.950;-999;  -999;  12.1; 1012.77;   13.5;   78.13;   17.4;   11.5;-999;eor
       2961;20180509;   10;  13.2;   9.8;    3;  -999;-999;   14.683;-999;  -999;  12.6; 1007.52;   13.3;   82.71;   17.4;   11.5;-999;eor
       2961;20180510;   10;  15.4;   8.5;    3;  -999;-999;    6.683;-999;  -999;  13.3; 1005.70;   13.2;   87.25;   19.3;   10.5;-999;eor
       2961;20180511;   10;  10.7;   4.7;    3;  -999;-999;   11.333;-999;  -999;  10.4; 1016.64;   11.9;   75.29;   13.6;   10.0;-999;eor
       2961;20180512;   10;   9.1;   6.1;    3;  -999;-999;    6.550;-999;  -999;  12.3; 1015.68;   12.7;   83.33;   15.3;   11.3;-999;eor
       2961;20180513;   10;  17.4;   8.9;    3;  -999;-999;    9.517;-999;  -999;  13.0; 1012.00;   12.7;   88.79;   16.0;   10.6;-999;eor
       2961;20180514;   10;  11.7;   7.5;    3;  -999;-999;   15.050;-999;  -999;  12.8; 1013.90;   14.1;   79.46;   17.8;   12.0;-999;eor
       2961;20180515;   10;   9.7;   5.1;    3;  -999;-999;   13.400;-999;  -999;  11.8; 1014.67;   15.3;   68.92;   19.7;   12.8;-999;eor
       2961;20180516;   10;  13.7;   6.5;    3;  -999;-999;    9.300;-999;  -999;  12.7; 1012.16;   16.3;   69.00;   21.7;   10.1;-999;eor
       2961;20180517;   10;  10.9;   7.4;    3;  -999;-999;   12.850;-999;  -999;  11.7; 1012.61;   12.0;   83.54;   14.7;    9.0;-999;eor
       2961;20180518;   10;   8.8;   5.9;    3;  -999;-999;   14.017;-999;  -999;  11.7; 1015.67;   12.3;   82.17;   15.1;   10.0;-999;eor
       2961;20180519;   10;   7.5;   2.8;    3;  -999;-999;    6.500;-999;  -999;  11.7; 1020.37;   12.5;   80.71;   15.3;   10.2;-999;eor
       2961;20180520;   10;  12.4;   6.8;    3;  -999;-999;   15.450;-999;  -999;  10.5; 1023.35;   14.2;   64.50;   15.9;   12.9;-999;eor
       2961;20180521;   10;  18.6;  10.2;    3;  -999;-999;   14.517;-999;  -999;  12.5; 1019.28;   13.8;   79.17;   15.7;   12.2;-999;eor
       2961;20180522;   10;  10.1;   6.8;    3;  -999;-999;   15.067;-999;  -999;  13.2; 1014.44;   14.8;   78.88;   17.3;   12.9;-999;eor
       2961;20180523;   10;   7.0;   3.7;    3;  -999;-999;   15.733;-999;  -999;  12.3; 1020.93;   16.4;   67.58;   19.5;   13.9;-999;eor
       2961;20180524;   10;  15.5;   9.8;    3;  -999;-999;   15.767;-999;  -999;  13.5; 1022.29;   15.7;   76.25;   17.1;   14.3;-999;eor
       2961;20180525;   10;  15.0;   9.2;    3;  -999;-999;   14.483;-999;  -999;  12.5; 1020.91;   15.1;   73.08;   16.7;   13.8;-999;eor
       2961;20180526;   10;   8.2;   4.4;    3;  -999;-999;   14.583;-999;  -999;  15.1; 1021.37;   15.7;   84.83;   18.5;   13.5;-999;eor
       2961;20180527;   10;  13.7;   6.8;    3;  -999;-999;    2.067;-999;  -999;  16.2; 1020.10;   14.7;   96.63;   15.5;   13.9;-999;eor
       2961;20180528;   10;  14.1;   6.6;    3;  -999;-999;   11.750;-999;  -999;  16.8; 1018.03;   15.8;   93.38;   18.8;   14.3;-999;eor
       2961;20180529;   10;  16.1;   9.1;    3;  -999;-999;   14.483;-999;  -999;  16.5; 1014.26;   17.4;   83.00;   19.3;   16.1;-999;eor
       2961;20180530;   10;  12.6;   8.8;    3;  -999;-999;   14.450;-999;  -999;  16.4; 1012.78;   17.1;   84.21;   19.7;   14.7;-999;eor
       2961;20180531;   10;  15.8;  10.2;    3;  -999;-999;   13.100;-999;  -999;  16.0; 1013.75;   16.2;   86.50;   17.3;   15.4;-999;eor
       2961;20180601;   10;  11.6;   5.9;    3;  -999;-999;   15.350;-999;  -999;  16.5; 1012.90;   16.8;   86.13;   19.2;   15.2;-999;eor
       2961;20180602;   10;   9.0;   3.6;    3;  -999;-999;   14.033;-999;  -999;  17.0; 1012.40;   18.6;   80.58;   24.1;   15.9;-999;eor
       2961;20180603;   10;   9.2;   5.4;    3;  -999;-999;    2.667;-999;  -999;  17.7; 1013.93;   17.7;   87.63;   20.1;   16.1;-999;eor
       2961;20180604;   10;  11.9;   7.8;    3;  -999;-999;    8.967;-999;  -999;  16.2; 1009.39;   16.7;   85.29;   19.2;   14.3;-999;eor
       2961;20180605;   10;   9.3;   4.9;    3;  -999;-999;   11.833;-999;  -999;  14.4; 1011.03;   16.5;   77.21;   19.1;   14.1;-999;eor
       2961;20180606;   10;  13.0;   8.1;    3;  -999;-999;   16.000;-999;  -999;  13.3; 1014.67;   17.2;   67.83;   18.5;   15.3;-999;eor
       2961;20180607;   10;  11.3;   7.4;    3;  -999;-999;   16.333;-999;  -999;  13.3; 1013.87;   17.7;   65.25;   19.7;   16.0;-999;eor
       2961;20180608;   10;   9.1;   4.0;    3;  -999;-999;   13.817;-999;  -999;  18.0; 1011.48;   19.2;   81.00;   22.3;   16.9;-999;eor
       2961;20180609;   10;   7.2;   4.1;    3;  -999;-999;    5.717;-999;  -999;  16.1; 1010.96;   19.3;   72.17;   21.9;   17.8;-999;eor
       2961;20180610;   10;  10.8;   5.0;    3;  -999;-999;    0.233;-999;  -999;  18.1; 1008.03;   18.4;   85.08;   20.9;   15.4;-999;eor
       2961;20180611;   10;  16.6;   9.6;    3;  -999;-999;    8.483;-999;  -999;  12.3; 1007.97;   15.7;   68.63;   17.7;   13.6;-999;eor
       2961;20180612;   10;  13.4;   8.7;    3;  -999;-999;    0.017;-999;  -999;  12.4; 1006.72;   14.1;   77.17;   15.4;   12.6;-999;eor
       2961;20180613;   10;  14.7;   9.1;    3;  -999;-999;    5.517;-999;  -999;  11.0; 1008.70;   14.4;   67.38;   16.6;   12.4;-999;eor
       2961;20180614;   10;  14.6;   8.7;    3;  -999;-999;    6.050;-999;  -999;  12.9; 1009.75;   16.0;   71.67;   20.6;   12.3;-999;eor
       2961;20180615;   10;   9.9;   4.1;    3;  -999;-999;   12.667;-999;  -999;  12.5; 1013.60;   16.5;   67.21;   21.0;   13.6;-999;eor
       2961;20180616;   10;  16.4;   5.4;    3;  -999;-999;    3.017;-999;  -999;  15.0; 1011.56;   18.0;   72.33;   21.0;   16.9;-999;eor
       2961;20180617;   10;  13.7;   7.3;    3;  -999;-999;    7.583;-999;  -999;  13.7; 1011.25;   16.7;   72.17;   18.0;   14.6;-999;eor
       2961;20180618;   10;  15.1;   7.4;    3;  -999;-999;    4.200;-999;  -999;  15.2; 1014.17;   16.1;   82.88;   17.8;   14.0;-999;eor
       2961;20180619;   10;  14.3;   9.3;    3;  -999;-999;   10.933;-999;  -999;  14.3; 1016.04;   16.3;   77.04;   18.5;   13.3;-999;eor
       2961;20180620;   10;  15.8;   9.1;    3;  -999;-999;    7.317;-999;  -999;  16.1; 1014.41;   18.4;   76.42;   23.8;   12.9;-999;eor
       2961;20180621;   10;  19.6;   9.9;    3;  -999;-999;    4.000;-999;  -999;  12.1; 1008.27;   13.0;   80.50;   16.6;   10.3;-999;eor
       2961;20180622;   10;  21.2;  11.3;    3;  -999;-999;    8.200;-999;  -999;  11.0; 1012.31;   13.2;   72.83;   15.8;   10.6;-999;eor
       2961;20180623;   10;  19.2;  11.7;    3;  -999;-999;    2.683;-999;  -999;  12.4; 1015.40;   13.6;   79.42;   15.2;   11.9;-999;eor
       2961;20180624;   10;  12.9;   7.8;    3;  -999;-999;    2.917;-999;  -999;  13.7; 1014.97;   14.3;   84.13;   17.2;   12.1;-999;eor
       2961;20180625;   10;  10.6;   7.0;    3;  -999;-999;    5.367;-999;  -999;  14.5; 1016.99;   14.5;   87.50;   16.8;   12.9;-999;eor
       2961;20180626;   10;   7.4;   3.4;    3;  -999;-999;    8.467;-999;  -999;  15.9; 1020.99;   16.3;   86.29;   23.2;   12.2;-999;eor
       2961;20180627;   10;   7.4;   3.8;    3;  -999;-999;   15.200;-999;  -999;  15.9; 1023.87;   17.1;   81.54;   18.7;   14.3;-999;eor
       2961;20180628;   10;   8.6;   3.8;    3;  -999;-999;   16.200;-999;  -999;  15.2; 1021.64;   19.6;   68.13;   23.0;   16.8;-999;eor
       2961;20180629;   10;  11.6;   7.4;    3;  -999;-999;   16.133;-999;  -999;  14.3; 1015.94;   18.1;   68.79;   20.3;   15.9;-999;eor
       2961;20180630;   10;   8.7;   3.9;    3;  -999;-999;   15.017;-999;  -999;  13.2; 1017.88;   17.9;   64.29;   20.2;   15.5;-999;eor
       2961;20180701;   10;   8.9;   3.3;    3;  -999;-999;   16.517;-999;  -999;  11.0; 1019.40;   17.5;   55.00;   19.8;   15.3;-999;eor
       2961;20180702;   10;   8.2;   4.0;    3;  -999;-999;   16.533;-999;  -999;  11.0; 1016.13;   19.0;   50.58;   24.7;   15.4;-999;eor
       2961;20180703;   10;  10.8;   5.3;    3;  -999;-999;   16.383;-999;  -999;  13.5; 1013.55;   18.2;   65.13;   22.5;   14.5;-999;eor
       2961;20180704;   10;   8.6;   5.1;    3;  -999;-999;    6.700;-999;  -999;  14.7; 1011.36;   16.3;   78.79;   19.3;   14.0;-999;eor
       2961;20180705;   10;  12.6;   7.7;    3;  -999;-999;    0.067;-999;  -999;  14.9; 1009.06;   16.5;   79.25;   17.8;   15.3;-999;eor
       2961;20180706;   10;  16.0;  11.2;    3;  -999;-999;   12.583;-999;  -999;  12.9; 1012.32;   16.4;   69.75;   18.9;   13.8;-999;eor
       2961;20180707;   10;  16.7;  11.3;    3;  -999;-999;   15.550;-999;  -999;  13.1; 1016.17;   16.3;   71.25;   19.4;   13.2;-999;eor
       2961;20180708;   10;  11.5;   5.8;    3;  -999;-999;   15.550;-999;  -999;  14.0; 1018.29;   17.5;   70.75;   24.1;   12.9;-999;eor
       2961;20180709;   10;  16.7;  10.9;    3;  -999;-999;    4.783;-999;  -999;  12.5; 1014.75;   14.9;   73.13;   16.4;   12.7;-999;eor
       2961;20180710;   10;  14.5;   7.0;    3;  -999;-999;   10.733;-999;  -999;  13.3; 1013.21;   15.2;   77.08;   17.9;   11.8;-999;eor
       2961;20180711;   10;  13.1;   6.1;    3;  -999;-999;    2.783;-999;  -999;  17.0; 1013.31;   18.5;   79.71;   20.8;   17.1;-999;eor
       2961;20180712;   10;  10.2;   5.1;    3;  -999;-999;   14.633;-999;  -999;  17.1; 1012.74;   21.1;   70.42;   26.2;   15.5;-999;eor
       2961;20180713;   10;  10.4;   7.6;    3;  -999;-999;   15.017;-999;  -999;  15.5; 1014.91;   17.6;   77.67;   22.8;   14.3;-999;eor
       2961;20180714;   10;  12.8;   6.8;    3;  -999;-999;    3.333;-999;  -999;  13.1; 1016.36;   16.1;   71.92;   18.6;   14.3;-999;eor
       2961;20180715;   10;   7.7;   3.2;    3;  -999;-999;   15.617;-999;  -999;  14.9; 1015.07;   18.3;   71.67;   21.4;   14.6;-999;eor
       2961;20180716;   10;   7.2;   2.3;    3;  -999;-999;   15.617;-999;  -999;  17.5; 1012.33;   21.2;   69.96;   25.9;   17.8;-999;eor
       2961;20180717;   10;  11.1;   3.0;    3;  -999;-999;   14.500;-999;  -999;  18.6; 1010.05;   21.9;   71.42;   25.1;   18.6;-999;eor
       2961;20180718;   10;  12.1;   7.5;    3;  -999;-999;   13.017;-999;  -999;  16.6; 1012.89;   19.5;   73.88;   22.8;   16.8;-999;eor
       2961;20180719;   10;  10.7;   5.7;    3;  -999;-999;   15.550;-999;  -999;  14.1; 1014.97;   18.8;   65.67;   22.3;   16.4;-999;eor
       2961;20180720;   10;   8.8;   2.8;    3;  -999;-999;   15.033;-999;  -999;  13.3; 1012.34;   19.2;   60.83;   22.2;   14.9;-999;eor
       2961;20180721;   10;   5.7;   2.9;    3;  -999;-999;   13.567;-999;  -999;  16.2; 1009.72;   21.3;   64.38;   23.6;   18.8;-999;eor
       2961;20180722;   10;  10.8;   3.8;    3;  -999;-999;   12.750;-999;  -999;  17.8; 1009.44;   21.4;   70.08;   25.9;   18.0;-999;eor
       2961;20180723;   10;   7.8;   4.0;    3;  -999;-999;   14.533;-999;  -999;  18.8; 1013.01;   20.8;   77.29;   25.0;   17.5;-999;eor
       2961;20180724;   10;   5.8;   3.0;    3;  -999;-999;   15.433;-999;  -999;  20.2; 1012.47;   22.8;   73.58;   26.2;   19.4;-999;eor
       2961;20180725;   10;  10.2;   2.9;    3;  -999;-999;   11.450;-999;  -999;  22.1; 1013.25;   24.6;   71.50;   27.2;   22.0;-999;eor
       2961;20180726;   10;   8.8;   5.5;    3;  -999;-999;   14.633;-999;  -999;  23.5; 1015.23;   24.0;   78.75;   25.9;   22.4;-999;eor
       2961;20180727;   10;  18.2;   9.9;    3;  -999;-999;   14.950;-999;  -999;  23.0; 1013.68;   23.5;   79.54;   24.8;   22.3;-999;eor
       2961;20180728;   10;  23.3;   9.6;    3;  -999;-999;   10.033;-999;  -999;  22.4; 1006.43;   21.9;   85.38;   25.0;   19.2;-999;eor
       2961;20180729;   10;  13.8;   7.0;    3;  -999;-999;   12.800;-999;  -999;  15.9; 1011.33;   20.5;   66.08;   23.6;   17.1;-999;eor
       2961;20180730;   10;   9.5;   4.8;    3;  -999;-999;    6.400;-999;  -999;  20.0; 1012.62;   23.8;   67.79;   26.1;   21.7;-999;eor
       2961;20180731;   10;  11.7;   6.9;    3;  -999;-999;    5.933;-999;  -999;  18.9; 1012.70;   25.7;   58.29;   31.6;   20.8;-999;eor
       2961;20180801;   10;   8.7;   4.2;    3;  -999;-999;   10.150;-999;  -999;  18.0; 1018.17;   21.1;   72.21;   22.9;   19.2;-999;eor
       2961;20180802;   10;   6.5;   3.1;    3;  -999;-999;   14.200;-999;  -999;  17.8; 1020.33;   22.2;   67.17;   26.0;   19.3;-999;eor
       2961;20180803;   10;   8.6;   3.1;    3;  -999;-999;   14.700;-999;  -999;  19.7; 1018.57;   23.1;   69.88;   24.8;   21.4;-999;eor
       2961;20180804;   10;  13.2;   6.2;    3;  -999;-999;    8.667;-999;  -999;  19.9; 1015.74;   21.8;   76.13;   24.6;   18.3;-999;eor
       2961;20180805;   10;  15.5;   8.9;    3;  -999;-999;    5.500;-999;  -999;  15.0; 1016.95;   19.0;   68.42;   21.0;   17.0;-999;eor
       2961;20180806;   10;   8.1;   4.2;    3;  -999;-999;   13.267;-999;  -999;  17.8; 1014.08;   20.5;   73.75;   23.7;   16.5;-999;eor
       2961;20180807;   10;  13.4;   6.3;    3;  -999;-999;   13.950;-999;  -999;  18.6; 1007.78;   24.6;   60.75;   28.5;   21.6;-999;eor
       2961;20180808;   10;  17.8;-999;    3;  -999;-999;    6.500;-999;  -999;  -999;    -999;   24.2;-999;   27.5;   19.1;-999;eor
       2961;20180809;   10;  31.3;   8.2;    3;  -999;-999;    7.533;-999;  -999;  18.0; 1009.61;   20.6;   73.96;   23.7;   18.0;-999;eor
       2961;20180810;   10;  30.1;  13.2;    3;  -999;-999;    5.233;-999;  -999;  14.5; 1012.13;   17.7;   71.25;   21.3;   15.7;-999;eor
       2961;20180811;   10;  22.1;  12.4;    3;  -999;-999;    5.400;-999;  -999;  12.8; 1012.97;   16.0;   70.96;   18.2;   12.8;-999;eor
       2961;20180812;   10;  15.1;   7.6;    3;  -999;-999;    2.283;-999;  -999;  13.9; 1011.30;   17.0;   72.38;   19.5;   14.3;-999;eor
       2961;20180813;   10;  17.6;   6.3;    3;  -999;-999;    0.017;-999;  -999;  16.7; 1003.42;   19.7;   72.96;   21.4;   17.3;-999;eor
       2961;20180814;   10;  13.6;   9.0;    3;  -999;-999;    6.117;-999;  -999;  17.7; 1004.76;   19.2;   80.25;   22.3;   16.7;-999;eor
       2961;20180815;   10;  12.6;   7.0;    3;  -999;-999;    2.900;-999;  -999;  17.4; 1012.90;   19.4;   77.08;   21.8;   16.4;-999;eor
       2961;20180816;   10;  13.9;   7.2;    3;  -999;-999;   10.300;-999;  -999;  17.7; 1011.92;   21.0;   71.75;   25.4;   17.7;-999;eor
       2961;20180817;   10;  10.0;   4.8;    3;  -999;-999;    6.800;-999;  -999;  16.7; 1013.58;   18.7;   77.17;   22.6;   16.2;-999;eor
       2961;20180818;   10;  14.9;   9.3;    3;  -999;-999;    8.933;-999;  -999;  14.9; 1016.45;   18.6;   69.96;   21.8;   15.3;-999;eor
       2961;20180819;   10;  15.0;   8.7;    3;  -999;-999;    0.383;-999;  -999;  16.1; 1014.49;   19.4;   71.92;   21.5;   17.2;-999;eor
       2961;20180820;   10;  15.0;  10.0;    3;  -999;-999;    5.567;-999;  -999;  15.8; 1012.71;   18.3;   74.71;   20.4;   15.9;-999;eor
       2961;20180821;   10;  10.7;   5.6;    3;  -999;-999;   13.400;-999;  -999;  13.1; 1018.17;   17.9;   63.92;   22.1;   15.3;-999;eor
       2961;20180822;   10;  12.4;   6.3;    3;  -999;-999;   12.817;-999;  -999;  14.1; 1014.29;   21.3;   55.88;   26.5;   16.5;-999;eor
       2961;20180823;   10;  13.7;   5.8;    3;  -999;-999;    4.450;-999;  -999;  17.9; 1007.37;   20.1;   76.25;   22.8;   17.6;-999;eor
       2961;20180824;   10;  23.7;  10.9;    3;  -999;-999;    4.400;-999;  -999;  14.0; 1003.35;   16.3;   74.96;   19.5;   12.8;-999;eor
       2961;20180825;   10;  16.6;   9.5;    3;  -999;-999;    3.683;-999;  -999;  11.7; 1003.85;   13.2;   77.25;   14.7;   11.7;-999;eor
       2961;20180826;   10;  20.3;   8.7;    3;  -999;-999;    9.550;-999;  -999;  11.1; 1009.10;   14.6;   68.00;   17.4;   11.2;-999;eor
       2961;20180827;   10;  19.6;  11.5;    3;  -999;-999;    1.583;-999;  -999;  13.3; 1004.60;   15.7;   74.54;   18.9;   12.4;-999;eor
       2961;20180828;   10;  11.1;   6.5;    3;  -999;-999;    6.183;-999;  -999;  14.3; 1014.35;   16.9;   74.58;   19.4;   14.2;-999;eor
       2961;20180829;   10;  14.3;   8.3;    3;  -999;-999;    7.783;-999;  -999;  15.8; 1011.98;   18.4;   74.38;   20.4;   16.3;-999;eor
       2961;20180830;   10;  20.1;   9.8;    3;  -999;-999;    0.000;-999;  -999;  16.7; 1010.89;   16.6;   87.71;   18.7;   14.2;-999;eor
       2961;20180831;   10;  14.8;   7.4;    3;  -999;-999;   10.983;-999;  -999;  14.5; 1016.73;   16.9;   75.29;   23.3;   13.7;-999;eor
       2961;20180901;   10;   8.5;   3.9;    3;  -999;-999;   11.133;-999;  -999;  14.3; 1022.67;   17.0;   73.96;   21.4;   15.6;-999;eor
       2961;20180902;   10;  13.9;   6.2;    3;  -999;-999;   12.733;-999;  -999;  16.0; 1024.18;   18.0;   77.58;   18.9;   16.8;-999;eor
       2961;20180903;   10;  15.7;  11.5;    3;  -999;-999;    8.250;-999;  -999;  19.2; 1017.87;   18.6;   89.17;   19.6;   17.9;-999;eor
       2961;20180904;   10;  11.0;   6.7;    3;  -999;-999;   10.850;-999;  -999;  17.4; 1016.03;   18.3;   82.58;   19.7;   17.5;-999;eor
       2961;20180905;   10;  11.3;   5.7;    3;  -999;-999;   11.667;-999;  -999;  17.5; 1016.72;   18.5;   82.25;   19.4;   17.4;-999;eor
       2961;20180906;   10;  16.8;  10.2;    3;  -999;-999;    8.467;-999;  -999;  17.9; 1010.47;   18.3;   84.92;   19.8;   16.6;-999;eor
       2961;20180907;   10;  21.7;   8.6;    3;  -999;-999;    3.233;-999;  -999;  15.3; 1006.95;   16.3;   82.17;   19.8;   12.7;-999;eor
       2961;20180908;   10;  20.0;  11.0;    3;  -999;-999;    4.700;-999;  -999;  12.5; 1012.41;   14.8;   74.00;   18.0;   11.7;-999;eor
       2961;20180909;   10;  13.6;   7.0;    3;  -999;-999;    4.900;-999;  -999;  13.8; 1015.83;   17.4;   69.21;   20.5;   14.5;-999;eor
       2961;20180910;   10;  12.4;   8.0;    3;  -999;-999;    3.833;-999;  -999;  14.3; 1015.35;   17.7;   70.21;   19.6;   15.6;-999;eor
       2961;20180911;   10;  21.3;  11.8;    3;  -999;-999;    0.000;-999;  -999;  16.0; 1012.69;   16.1;   87.29;   17.9;   13.9;-999;eor
       2961;20180912;   10;  13.8;   8.2;    3;  -999;-999;    0.050;-999;  -999;  13.4; 1015.42;   14.5;   81.46;   15.5;   13.2;-999;eor
       2961;20180913;   10;   9.6;   5.5;    3;  -999;-999;   10.850;-999;  -999;  11.7; 1017.56;   15.2;   68.92;   18.3;   11.9;-999;eor
       2961;20180914;   10;  13.3;   8.9;    3;  -999;-999;    7.200;-999;  -999;  11.8; 1015.30;   15.2;   68.58;   17.9;   12.7;-999;eor
       2961;20180915;   10;  15.1;   9.8;    3;  -999;-999;    4.483;-999;  -999;  12.6; 1015.94;   14.5;   76.67;   16.6;   12.5;-999;eor
       2961;20180916;   10;  16.8;   8.1;    3;  -999;-999;    7.200;-999;  -999;  12.9; 1017.63;   15.8;   72.33;   19.3;   12.2;-999;eor
       2961;20180917;   10;  12.7;   7.5;    3;  -999;-999;    9.750;-999;  -999;  13.3; 1013.93;   18.2;   64.13;   21.8;   14.8;-999;eor
       2961;20180918;   10;  16.7;   8.5;    3;  -999;-999;   11.467;-999;  -999;  13.9; 1008.79;   20.4;   59.54;   28.9;   16.2;-999;eor
       2961;20180919;   10;  17.2;  10.1;    3;  -999;-999;    8.500;-999;  -999;  15.9; 1011.04;   19.1;   72.58;   24.4;   15.6;-999;eor
       2961;20180920;   10;  17.5;  10.0;    3;  -999;-999;    4.117;-999;  -999;  15.7; 1009.50;   19.5;   69.38;   21.9;   17.0;-999;eor
       2961;20180921;   10;  27.7;  15.2;    3;  -999;-999;    1.800;-999;  -999;  12.5;  999.02;   16.0;   68.42;   22.5;    9.8;-999;eor
       2961;20180922;   10;  22.9;  13.1;    3;  -999;-999;    7.800;-999;  -999;  10.5; 1008.20;   12.4;   73.96;   15.4;    9.7;-999;eor
       2961;20180923;   10;  17.4;   9.7;    3;  -999;-999;    1.667;-999;  -999;  10.1; 1008.28;   11.4;   74.67;   13.0;   10.1;-999;eor
       2961;20180924;   10;  26.0;  14.7;    3;  -999;-999;    8.467;-999;  -999;   8.4; 1020.57;   11.0;   64.50;   13.1;    8.7;-999;eor
       2961;20180925;   10;  14.9;   8.8;    3;  -999;-999;    9.417;-999;  -999;   9.1; 1031.93;   11.7;   66.67;   13.8;    9.1;-999;eor
       2961;20180926;   10;  28.1;  15.8;    3;  -999;-999;    1.433;-999;  -999;  12.3; 1023.17;   13.3;   79.04;   15.7;   10.9;-999;eor
       2961;20180927;   10;  20.6;  12.1;    3;  -999;-999;    4.017;-999;  -999;  16.0; 1018.30;   16.5;   85.38;   18.3;   13.2;-999;eor
       2961;20180928;   10;  18.5;  12.8;    3;  -999;-999;    9.883;-999;  -999;   9.0; 1020.31;   12.4;   62.50;   14.4;   10.2;-999;eor
       2961;20180929;   10;  14.9;   9.0;    3;  -999;-999;    4.183;-999;  -999;  10.1; 1022.64;   11.6;   73.79;   13.7;    8.7;-999;eor
       2961;20180930;   10;  16.0;   9.9;    3;  -999;-999;    3.000;-999;  -999;  10.2; 1011.56;   12.1;   71.54;   15.2;   10.0;-999;eor
       2961;20181001;   10;  16.7;   8.6;    3;  -999;-999;    6.767;-999;  -999;   9.8; 1009.07;   10.8;   75.25;   12.9;    9.1;-999;eor
       2961;20181002;   10;  24.5;  14.8;    3;  -999;-999;    1.433;-999;  -999;   9.6; 1005.05;    9.9;   78.83;   13.4;    7.6;-999;eor
       2961;20181003;   10;  26.4;  13.8;    3;  -999;-999;    7.633;-999;  -999;   9.5; 1012.54;   11.5;   69.96;   13.5;    9.6;-999;eor
       2961;20181004;   10;  13.6;   9.1;    3;  -999;-999;    0.317;-999;  -999;  13.4; 1018.57;   12.9;   89.67;   14.9;    9.9;-999;eor
       2961;20181005;   10;  14.4;   9.1;    3;  -999;-999;    8.483;-999;  -999;  13.3; 1014.12;   15.6;   75.54;   19.2;   13.1;-999;eor
       2961;20181006;   10;  17.3;   4.7;    3;  -999;-999;    5.300;-999;  -999;  13.6; 1006.10;   13.2;   89.33;   18.0;   10.2;-999;eor
       2961;20181007;   10;  19.7;   8.8;    3;  -999;-999;    9.000;-999;  -999;   9.2; 1014.78;   10.7;   71.92;   13.9;    8.4;-999;eor
       2961;20181008;   10;  14.9;   9.7;    3;  -999;-999;    2.317;-999;  -999;   9.7; 1017.08;   11.5;   71.38;   13.9;    8.9;-999;eor
       2961;20181009;   10;  16.3;   8.7;    3;  -999;-999;    5.733;-999;  -999;  11.6; 1016.85;   13.2;   76.33;   15.9;   10.5;-999;eor
       2961;20181010;   10;  12.6;   6.7;    3;  -999;-999;    8.250;-999;  -999;  12.9; 1018.43;   13.5;   82.58;   16.3;   10.9;-999;eor
       2961;20181011;   10;  14.0;   8.4;    3;  -999;-999;   10.050;-999;  -999;  13.3; 1012.76;   15.7;   74.83;   19.3;   13.8;-999;eor
       2961;20181012;   10;  11.8;   7.4;    3;  -999;-999;   10.033;-999;  -999;  13.2; 1015.75;   18.2;   63.08;   22.5;   13.9;-999;eor
       2961;20181013;   10;  14.2;   9.0;    3;  -999;-999;   10.017;-999;  -999;  14.1; 1016.48;   20.4;   59.79;   25.6;   16.4;-999;eor
       2961;20181014;   10;  14.6;   8.5;    3;  -999;-999;   10.033;-999;  -999;  11.8; 1009.35;   17.7;   58.92;   21.7;   14.2;-999;eor
       2961;20181015;   10;  10.6;   5.8;    3;  -999;-999;    9.917;-999;  -999;  12.2; 1009.75;   17.7;   60.67;   22.0;   13.9;-999;eor
       2961;20181016;   10;   9.1;   5.2;    3;  -999;-999;    3.550;-999;  -999;  14.8; 1014.47;   16.4;   79.29;   19.1;   14.1;-999;eor
       2961;20181017;   10;   7.8;   4.9;    3;  -999;-999;    6.833;-999;  -999;  15.1; 1015.74;   16.7;   80.42;   21.0;   13.3;-999;eor
       2961;20181018;   10;  14.7;   7.8;    3;  -999;-999;    5.283;-999;  -999;  11.5; 1020.07;   12.8;   77.42;   14.1;   10.8;-999;eor
       2961;20181019;   10;   9.7;   4.8;    3;  -999;-999;    7.917;-999;  -999;   9.3; 1022.95;   11.6;   68.42;   17.1;    9.7;-999;eor
       2961;20181020;   10;  13.4;   8.2;    3;  -999;-999;    6.850;-999;  -999;  10.4; 1023.96;   11.8;   75.46;   15.5;    9.7;-999;eor
       2961;20181021;   10;  16.1;   8.3;    3;  -999;-999;    0.133;-999;  -999;  12.4; 1022.89;   12.4;   85.92;   14.5;   10.1;-999;eor
       2961;20181022;   10;  19.6;  11.0;    3;  -999;-999;    8.067;-999;  -999;   9.6; 1023.10;   11.3;   71.75;   12.8;    9.0;-999;eor
       2961;20181023;   10;  26.6;  18.0;    3;  -999;-999;    0.000;-999;  -999;  11.1; 1006.77;   12.2;   78.21;   13.6;   11.1;-999;eor
       2961;20181024;   10;  22.4;  13.7;    3;  -999;-999;    4.533;-999;  -999;   9.3; 1011.20;   10.9;   70.83;   12.3;    9.6;-999;eor
       2961;20181025;   10;  22.3;  13.8;    3;  -999;-999;    3.317;-999;  -999;  10.3; 1006.57;   11.2;   76.96;   12.4;    9.9;-999;eor
       2961;20181026;   10;  20.3;  10.7;    3;  -999;-999;    0.000;-999;  -999;  10.4;  998.13;    9.7;   85.83;   11.6;    6.7;-999;eor
       2961;20181027;   10;  19.7;  12.7;    3;  -999;-999;    0.583;-999;  -999;   7.2; 1001.86;    6.5;   73.83;    7.7;    5.2;-999;eor
       2961;20181028;   10;  21.8;  11.2;    3;  -999;-999;    5.483;-999;  -999;   6.5; 1015.53;    5.7;   70.46;    6.9;    4.8;-999;eor
       2961;20181029;   10;  27.4;  18.3;    3;  -999;-999;    0.000;-999;  -999;   8.1; 1006.67;    7.6;   78.17;    8.6;    5.9;-999;eor
       2961;20181030;   10;  22.5;  13.8;    3;  -999;-999;    0.217;-999;  -999;  10.0;  988.94;    9.4;   84.29;   12.4;    5.6;-999;eor
       2961;20181031;   10;  28.4;  12.5;    3;  -999;-999;    2.683;-999;  -999;   8.8; 1007.63;    9.1;   76.46;   10.4;    5.2;-999;eor
       2961;20181101;   10;  12.3;   7.3;    3;  -999;-999;    4.300;-999;  -999;  10.0; 1009.56;   10.0;   81.17;   10.9;    8.9;-999;eor
       2961;20181102;   10;  19.5;  10.9;    3;  -999;-999;    1.483;-999;  -999;  10.0; 1014.04;    9.4;   84.29;   11.8;    6.9;-999;eor
       2961;20181103;   10;  10.9;   7.4;    3;  -999;-999;    8.550;-999;  -999;   8.3; 1024.54;    7.5;   80.71;   10.0;    5.5;-999;eor
       2961;20181104;   10;  10.9;   7.3;    3;  -999;-999;    0.000;-999;  -999;   9.7; 1017.25;    8.2;   88.25;    9.6;    6.3;-999;eor
       2961;20181105;   10;  12.9;   8.2;    3;  -999;-999;    0.000;-999;  -999;  11.9; 1009.69;   10.0;   96.67;   10.5;    9.6;-999;eor
       2961;20181106;   10;   9.9;   5.4;    3;  -999;-999;    0.000;-999;  -999;  11.2; 1006.22;    8.9;   98.04;   10.8;    7.2;-999;eor
       2961;20181107;   10;  10.0;   6.3;    3;  -999;-999;    6.183;-999;  -999;  11.5; 1006.99;   10.4;   91.33;   11.9;    7.7;-999;eor
       2961;20181108;   10;  11.0;   6.2;    3;  -999;-999;    1.617;-999;  -999;  10.6; 1015.86;   10.9;   81.13;   12.8;    8.6;-999;eor
       2961;20181109;   10;  13.2;   5.9;    3;  -999;-999;    0.650;-999;  -999;  10.8; 1013.26;    9.3;   91.71;   10.1;    7.7;-999;eor
       2961;20181110;   10;  17.0;   9.9;    3;  -999;-999;    0.000;-999;  -999;  11.0; 1003.36;   10.6;   86.46;   12.7;    8.8;-999;eor
       2961;20181111;   10;  14.6;   9.2;    3;  -999;-999;    0.867;-999;  -999;  11.8; 1003.54;   11.9;   84.54;   13.2;   10.8;-999;eor
       2961;20181112;   10;  10.1;   5.8;    3;  -999;-999;    0.000;-999;  -999;  12.0; 1010.35;   10.2;   96.58;   10.8;    9.3;-999;eor
       2961;20181113;   10;  19.9;  10.7;    3;  -999;-999;    1.017;-999;  -999;  10.8; 1015.04;   10.0;   87.83;   11.0;    8.9;-999;eor
       2961;20181114;   10;  13.8;   8.5;    3;  -999;-999;    0.000;-999;  -999;  10.7; 1023.21;    9.1;   92.42;   10.4;    7.4;-999;eor
       2961;20181115;   10;  11.6;   6.3;    3;  -999;-999;    6.983;-999;  -999;   9.7; 1025.23;    9.5;   82.13;   11.8;    8.1;-999;eor
       2961;20181116;   10;  12.3;   8.5;    3;  -999;-999;    7.683;-999;  -999;   8.0; 1030.07;    7.8;   75.75;    9.7;    5.8;-999;eor
       2961;20181117;   10;  13.6;   8.2;    3;  -999;-999;    7.633;-999;  -999;   7.3; 1035.19;    6.2;   76.71;    7.6;    5.1;-999;eor
       2961;20181118;   10;  21.0;  10.3;    3;  -999;-999;    0.000;-999;  -999;   7.6; 1031.04;    6.9;   76.29;    7.6;    6.1;-999;eor
       2961;20181119;   10;  24.1;  17.5;    3;  -999;-999;    1.150;-999;  -999;   7.2; 1023.71;    6.6;   74.33;    7.9;    4.4;-999;eor
       2961;20181120;   10;  26.7;  19.3;    3;  -999;-999;    0.000;-999;  -999;   6.4; 1017.32;    5.8;   69.58;    6.8;    4.6;-999;eor
       2961;20181121;   10;  23.2;  15.4;    3;  -999;-999;    0.167;-999;  -999;   6.4; 1019.93;    4.4;   76.50;    5.4;    3.6;-999;eor
       2961;20181122;   10;  17.0;   9.1;    3;  -999;-999;    0.000;-999;  -999;   6.3; 1021.83;    2.2;   87.67;    4.8;    0.4;-999;eor
       2961;20181123;   10;  10.3;   6.6;    3;  -999;-999;    0.000;-999;  -999;   6.5; 1018.08;    2.3;   90.29;    3.3;    1.6;-999;eor
       2961;20181124;   10;   8.5;   3.9;    3;  -999;-999;    0.000;-999;  -999;   6.8; 1011.93;    3.5;   85.92;    5.2;    2.6;-999;eor
       2961;20181125;   10;  16.7;  10.9;    3;  -999;-999;    0.000;-999;  -999;   7.8; 1011.39;    5.2;   87.58;    6.1;    4.2;-999;eor
       2961;20181126;   10;  15.2;  10.7;    3;  -999;-999;    2.317;-999;  -999;   6.9; 1013.85;    4.9;   79.71;    5.9;    3.0;-999;eor
       2961;20181127;   10;  13.6;   4.9;    3;  -999;-999;    0.000;-999;  -999;   4.9; 1020.08;    2.9;   65.29;    3.6;    2.2;-999;eor
       2961;20181128;   10;  21.3;  13.4;    3;  -999;-999;    4.800;-999;  -999;   4.7; 1020.90;    2.1;   66.21;    2.8;    1.5;-999;eor
       2961;20181129;   10;  21.2;  14.9;    3;  -999;-999;    0.000;-999;  -999;   6.6; 1010.07;    3.7;   82.83;    6.2;    1.5;-999;eor
       2961;20181130;   10;  17.4;  11.2;    3;  -999;-999;    2.567;-999;  -999;   7.4; 1005.92;    6.5;   76.29;    7.7;    5.6;-999;eor
       2961;20181201;   10;  15.4;   9.5;    3;  -999;-999;    0.283;-999;  -999;   8.9; 1005.90;    7.0;   89.04;    8.1;    5.8;-999;eor
       2961;20181202;   10;  14.7;   9.8;    3;  -999;-999;    0.000;-999;  -999;  10.2;  994.04;    7.9;   94.88;    9.7;    6.7;-999;eor
       2961;20181203;   10;  17.8;  11.1;    3;  -999;-999;    0.017;-999;  -999;  11.1;  991.53;   10.3;   88.50;   11.6;    7.5;-999;eor
       2961;20181204;   10;  20.1;  11.5;    3;  -999;-999;    5.600;-999;  -999;   7.1; 1008.93;    6.5;   73.46;    8.1;    4.0;-999;eor
       2961;20181205;   10;  13.8;   9.5;    3;  -999;-999;    5.783;-999;  -999;   6.8; 1019.43;    4.1;   83.21;    5.3;    3.2;-999;eor
       2961;20181206;   10;  17.1;  10.0;    3;  -999;-999;    0.000;-999;  -999;   9.2; 1007.97;    6.6;   93.04;   10.2;    3.9;-999;eor
       2961;20181207;   10;  19.1;  11.2;    3;  -999;-999;    0.000;-999;  -999;  11.7;  995.66;    9.9;   95.58;   11.2;    7.4;-999;eor
       2961;20181208;   10;  26.7;  17.1;    3;  -999;-999;    0.000;-999;  -999;   8.6;  986.98;    7.4;   83.83;    8.7;    5.6;-999;eor
       2961;20181209;   10;  20.8;  12.4;    3;  -999;-999;    0.900;-999;  -999;   8.3;  986.31;    7.1;   82.13;    8.0;    5.9;-999;eor
       2961;20181210;   10;  22.1;  14.0;    3;  -999;-999;    2.850;-999;  -999;   6.9; 1003.83;    5.7;   75.54;    6.7;    4.3;-999;eor
       2961;20181211;   10;  17.2;  11.7;    3;  -999;-999;    0.450;-999;  -999;   6.7; 1014.42;    5.3;   75.46;    5.7;    4.8;-999;eor
       2961;20181212;   10;  14.6;   9.6;    3;  -999;-999;    0.033;-999;  -999;   6.5; 1023.99;    4.6;   76.54;    5.2;    3.8;-999;eor
       2961;20181213;   10;  17.4;  10.9;    3;  -999;-999;    0.033;-999;  -999;   6.2; 1023.40;    3.1;   81.25;    4.1;    1.3;-999;eor
       2961;20181214;   10;  16.7;   8.8;    3;  -999;-999;    0.000;-999;  -999;   5.6; 1024.15;    2.8;   75.21;    3.6;    1.3;-999;eor
       2961;20181215;   10;  16.6;   8.0;    3;  -999;-999;    0.567;-999;  -999;   4.6; 1024.80;    1.0;   69.29;    1.8;    0.3;-999;eor
       2961;20181216;   10;  17.1;  10.5;    3;  -999;-999;    0.017;-999;  -999;   4.7; 1012.35;    0.5;   73.46;    1.7;   -1.1;-999;eor
       2961;20181217;   10;  10.3;   5.7;    3;  -999;-999;    0.000;-999;  -999;   5.9; 1015.55;    1.1;   88.96;    2.7;   -0.6;-999;eor
       2961;20181218;   10;  15.6;   6.9;    3;  -999;-999;    0.000;-999;  -999;   8.1; 1018.22;    4.7;   94.08;    5.8;    2.5;-999;eor
       2961;20181219;   10;  17.4;   9.7;    3;  -999;-999;    0.000;-999;  -999;   7.0; 1009.85;    3.7;   87.67;    4.9;    2.6;-999;eor
       2961;20181220;   10;  10.5;   6.7;    3;  -999;-999;    0.000;-999;  -999;   8.2; 1008.07;    4.8;   94.58;    5.9;    4.0;-999;eor
       2961;20181221;   10;  14.8;   8.6;    3;  -999;-999;    0.000;-999;  -999;   9.0;  997.16;    5.9;   96.17;    6.7;    5.3;-999;eor
       2961;20181222;   10;  14.6;   4.5;    3;  -999;-999;    0.000;-999;  -999;   7.5; 1004.01;    4.4;   89.67;    5.5;    3.7;-999;eor
       2961;20181223;   10;  14.5;   8.2;    3;  -999;-999;    0.000;-999;  -999;   8.4; 1010.02;    5.6;   92.38;    7.4;    1.3;-999;eor
       2961;20181224;   10;  16.7;   9.5;    3;  -999;-999;    0.483;-999;  -999;   6.3; 1021.46;    3.4;   80.54;    5.7;    0.6;-999;eor
       2961;20181225;   10;  18.4;  11.6;    3;  -999;-999;    0.600;-999;  -999;   7.7; 1023.25;    6.1;   81.04;    7.1;    5.3;-999;eor
       2961;20181226;   10;  15.6;  10.5;    3;  -999;-999;    0.017;-999;  -999;   9.6; 1021.70;    7.4;   92.58;    9.0;    6.1;-999;eor
       2961;20181227;   10;  15.0;  10.3;    3;  -999;-999;    0.000;-999;  -999;   9.9; 1018.66;    7.0;   98.29;    7.7;    6.4;-999;eor
       2961;20181228;   10;  13.2;   8.5;    3;  -999;-999;    0.083;-999;  -999;   9.2; 1020.65;    7.1;   90.42;    8.0;    6.5;-999;eor
       2961;20181229;   10;  17.3;  10.5;    3;  -999;-999;    0.000;-999;  -999;   9.8; 1016.86;    7.6;   93.42;    8.5;    6.9;-999;eor
       2961;20181230;   10;  23.2;  11.7;    3;  -999;-999;    5.333;-999;  -999;   8.0; 1021.00;    6.6;   81.92;    8.1;    5.5;-999;eor
       2961;20181231;   10;  19.8;   8.9;    3;  -999;-999;    0.000;-999;  -999;   9.4; 1024.02;    6.7;   95.83;    8.5;    4.5;-999;eor
       2961;20190101;   10;  31.9;  18.7;    3;  -999;-999;    1.667;-999;  -999;   7.2; 1011.67;    6.8;   72.13;    8.8;    4.9;-999;eor
       2961;20190102;   10;  28.6;  15.8;    3;  -999;-999;    6.417;-999;  -999;   4.8; 1025.68;    4.7;   56.13;    6.0;    2.2;-999;eor
       2961;20190103;   10;  10.2;   7.2;    3;  -999;-999;    4.483;-999;  -999;   5.7; 1031.80;    3.0;   74.83;    4.8;    2.0;-999;eor
       2961;20190104;   10;  16.7;  11.0;    3;  -999;-999;    0.267;-999;  -999;   8.1; 1023.76;    5.5;   89.75;    7.7;    2.7;-999;eor
       2961;20190105;   10;  15.1;   8.5;    3;  -999;-999;    2.817;-999;  -999;   8.8; 1019.40;    6.6;   90.46;    8.0;    4.0;-999;eor
       2961;20190106;   10;  10.9;   4.8;    3;  -999;-999;    0.000;-999;  -999;   8.0; 1024.56;    4.1;   96.83;    6.5;    0.4;-999;eor
       2961;20190107;   10;  21.1;  10.0;    3;  -999;-999;    0.000;-999;  -999;   8.8; 1017.71;    6.3;   92.38;    8.0;    5.5;-999;eor
       2961;20190108;   10;  28.8;  18.0;    3;  -999;-999;    1.233;-999;  -999;   7.2;  996.50;    5.6;   79.13;    7.8;    3.4;-999;eor
       2961;20190109;   10;  27.0;  17.3;    3;  -999;-999;    0.017;-999;  -999;   5.5; 1011.14;    3.4;   70.00;    4.2;    2.0;-999;eor
       2961;20190110;   10;  14.7;   7.4;    3;  -999;-999;    0.217;-999;  -999;   5.8; 1020.26;    2.1;   82.08;    2.7;    1.4;-999;eor
       2961;20190111;   10;  15.6;  10.4;    3;  -999;-999;    2.667;-999;  -999;   8.1; 1011.82;    5.8;   87.83;    7.7;    2.4;-999;eor
       2961;20190112;   10;  17.5;  11.6;    3;  -999;-999;    0.183;-999;  -999;   8.1; 1003.60;    5.9;   86.63;    7.0;    4.7;-999;eor
       2961;20190113;   10;  28.0;  14.3;    3;  -999;-999;    0.017;-999;  -999;   8.4;  989.35;    6.6;   85.42;    8.8;    4.2;-999;eor
       2961;20190114;   10;  28.2;  18.1;    3;  -999;-999;    5.333;-999;  -999;   4.9;  999.05;    3.1;   63.83;    4.4;    1.7;-999;eor
       2961;20190115;   10;  20.0;  13.6;    3;  -999;-999;    0.000;-999;  -999;   8.3; 1002.84;    6.0;   88.33;    7.6;    3.8;-999;eor
       2961;20190116;   10;  24.8;  14.9;    3;  -999;-999;    0.000;-999;  -999;   8.8;  996.92;    6.7;   89.83;    7.7;    4.7;-999;eor
       2961;20190117;   10;  22.4;  14.2;    3;  -999;-999;    0.933;-999;  -999;   6.6;  992.19;    3.7;   81.71;    5.4;    0.1;-999;eor
       2961;20190118;   10;  14.3;   8.7;    3;  -999;-999;    7.200;-999;  -999;   5.4; 1011.35;    1.3;   79.58;    3.8;   -1.0;-999;eor
       2961;20190119;   10;   9.4;   5.9;    3;  -999;-999;    4.117;-999;  -999;   5.7; 1015.52;    0.8;   88.71;    3.2;   -0.8;-999;eor
       2961;20190120;   10;  10.2;   4.7;    3;  -999;-999;    7.433;-999;  -999;   5.2; 1016.65;    0.7;   81.67;    4.4;   -1.2;-999;eor
       2961;20190121;   10;  18.3;  11.4;    3;  -999;-999;    4.350;-999;  -999;   5.4; 1014.63;   -0.5;   91.04;    2.0;   -3.8;-999;eor
       2961;20190122;   10;  16.2;   9.6;    3;  -999;-999;    2.050;-999;  -999;   5.2; 1005.25;   -0.2;   86.46;    1.1;   -2.3;-999;eor
       2961;20190123;   10;  12.8;   8.2;    3;  -999;-999;    4.200;-999;  -999;   4.0; 1001.70;   -2.4;   78.96;   -0.1;   -4.1;-999;eor
       2961;20190124;   10;  10.3;   4.8;    3;  -999;-999;    0.000;-999;  -999;   3.4; 1010.06;   -4.5;   76.92;   -2.7;   -6.9;-999;eor
       2961;20190125;   10;  15.4;   8.0;    3;  -999;-999;    0.000;-999;  -999;   3.6; 1008.85;   -3.3;   74.38;   -2.4;   -4.0;-999;eor
       2961;20190126;   10;  10.6;   7.3;    3;  -999;-999;    0.283;-999;  -999;   7.0;  995.51;    2.3;   96.46;    4.7;   -2.7;-999;eor
       2961;20190127;   10;  13.0;   8.7;    3;  -999;-999;    0.017;-999;  -999;   8.1;  981.24;    4.5;   95.88;    5.1;    3.1;-999;eor
       2961;20190128;   10;  17.0;   7.9;    3;  -999;-999;    0.000;-999;  -999;   6.4;  986.94;    2.1;   89.67;    3.1;   -0.2;-999;eor
       2961;20190129;   10;  13.1;   8.4;    3;  -999;-999;    2.300;-999;  -999;   5.7;  997.34;    1.0;   87.04;    2.6;   -1.2;-999;eor
       2961;20190130;   10;  21.7;  10.7;    3;  -999;-999;    3.883;-999;  -999;   5.2;  995.54;    1.3;   77.54;    2.5;    0.1;-999;eor
       2961;20190131;   10;  14.0;   8.0;    3;  -999;-999;    0.783;-999;  -999;   5.2;  995.13;    1.3;   77.63;    2.2;    0.7;-999;eor
       2961;20190201;   10;  18.1;  10.8;    3;  -999;-999;    0.000;-999;  -999;   5.5;  993.44;    0.9;   84.92;    1.6;    0.0;-999;eor
       2961;20190202;   10;  13.4;   8.5;    3;  -999;-999;    0.000;-999;  -999;   6.1;  996.85;    1.7;   88.25;    2.2;    1.1;-999;eor
       2961;20190203;   10;  13.1;   8.8;    3;  -999;-999;    5.417;-999;  -999;   6.0; 1011.74;    2.2;   83.67;    4.2;    1.1;-999;eor
       2961;20190204;   10;  24.9;  13.1;    3;  -999;-999;    0.683;-999;  -999;   5.7; 1017.24;    2.2;   79.75;    4.1;    0.8;-999;eor
       2961;20190205;   10;  19.7;  12.1;    3;  -999;-999;    0.933;-999;  -999;   7.3; 1018.18;    3.7;   91.71;    5.5;    2.2;-999;eor
       2961;20190206;   10;  16.5;   9.8;    3;  -999;-999;    0.000;-999;  -999;   7.3; 1016.24;    3.3;   93.75;    4.5;    1.7;-999;eor
       2961;20190207;   10;  31.2;  12.1;    3;  -999;-999;    1.650;-999;  -999;   7.8; 1002.50;    5.5;   87.21;    8.2;    3.9;-999;eor
       2961;20190208;   10;  21.5;  14.2;    3;  -999;-999;    0.133;-999;  -999;   8.0; 1001.43;    6.5;   82.75;    8.3;    5.2;-999;eor
       2961;20190209;   10;  30.1;  17.8;    3;  -999;-999;    1.183;-999;  -999;   7.8;  992.20;    7.1;   77.38;    8.4;    5.6;-999;eor
       2961;20190210;   10;  21.3;  11.0;    3;  -999;-999;    0.000;-999;  -999;   7.8;  988.92;    5.1;   89.04;    7.1;    3.1;-999;eor
       2961;20190211;   10;  22.0;  13.0;    3;  -999;-999;    7.533;-999;  -999;   6.2; 1004.59;    4.9;   71.38;    6.9;    3.1;-999;eor
       2961;20190212;   10;  17.5;   9.5;    3;  -999;-999;    5.700;-999;  -999;   6.4; 1023.24;    4.6;   74.75;    8.5;    2.7;-999;eor
       2961;20190213;   10;  16.2;  11.3;    3;  -999;-999;    0.000;-999;  -999;   9.1; 1025.62;    6.5;   93.83;    8.0;    5.6;-999;eor
       2961;20190214;   10;  14.3;   8.0;    3;  -999;-999;    4.450;-999;  -999;   8.0; 1029.72;    5.8;   87.50;    8.9;    3.6;-999;eor
       2961;20190215;   10;  11.3;   7.1;    3;  -999;-999;    9.417;-999;  -999;   6.0; 1027.61;    7.7;   60.29;   13.6;    3.0;-999;eor
       2961;20190216;   10;  16.2;  10.2;    3;  -999;-999;    9.033;-999;  -999;   7.5; 1019.35;    8.6;   66.25;   11.3;    6.0;-999;eor
       2961;20190217;   10;   9.4;   6.3;    3;  -999;-999;    4.267;-999;  -999;   9.5; 1018.44;    9.6;   79.08;   12.1;    6.9;-999;eor
       2961;20190218;   10;  11.2;   7.3;    3;  -999;-999;    8.767;-999;  -999;   7.8; 1012.91;    8.9;   68.54;   13.0;    5.5;-999;eor
       2961;20190219;   10;  18.0;  11.6;    3;  -999;-999;    0.183;-999;  -999;   8.2; 1008.09;    6.6;   84.67;    8.3;    5.7;-999;eor
       2961;20190220;   10;  15.3;  10.1;    3;  -999;-999;    0.033;-999;  -999;   8.6; 1014.72;    6.7;   86.79;    7.9;    5.6;-999;eor
       2961;20190221;   10;  14.5;  10.3;    3;  -999;-999;    0.033;-999;  -999;   9.1; 1018.21;    7.0;   90.75;    7.8;    5.9;-999;eor
       2961;20190222;   10;  15.8;  10.4;    3;  -999;-999;    4.717;-999;  -999;   6.1; 1035.14;    3.3;   78.42;    6.9;    1.3;-999;eor
       2961;20190223;   10;  11.1;   5.9;    3;  -999;-999;    4.433;-999;  -999;   4.6; 1038.03;    3.1;   60.50;    6.1;    0.4;-999;eor
       2961;20190224;   10;  10.1;   5.8;    3;  -999;-999;    9.367;-999;  -999;   5.8; 1034.69;    6.2;   60.83;   11.6;    2.5;-999;eor
       2961;20190225;   10;  10.8;   5.7;    3;  -999;-999;    8.833;-999;  -999;   7.5; 1033.57;    6.2;   79.17;   11.3;    2.4;-999;eor
       2961;20190226;   10;   9.0;   6.3;    3;  -999;-999;    9.333;-999;  -999;   7.0; 1029.98;    7.6;   67.96;   13.0;    3.6;-999;eor
       2961;20190227;   10;  11.6;   7.7;    3;  -999;-999;   10.100;-999;  -999;   5.7; 1020.06;    9.3;   48.83;   15.0;    4.2;-999;eor
       2961;20190228;   10;  12.7;   7.7;    3;  -999;-999;    4.467;-999;  -999;   7.8; 1008.10;    5.6;   86.25;    9.2;    3.8;-999;eor
       2961;20190301;   10;  10.7;   5.2;    3;  -999;-999;    1.067;-999;  -999;   6.4; 1008.88;    4.0;   78.00;    5.6;    3.0;-999;eor
       2961;20190302;   10;  15.1;   6.6;    3;  -999;-999;    0.000;-999;  -999;   6.5; 1008.33;    4.5;   76.63;    6.4;    2.7;-999;eor
       2961;20190303;   10;  20.3;  12.0;    3;  -999;-999;    1.650;-999;  -999;   9.4;  995.73;    8.4;   85.29;   10.3;    6.4;-999;eor
       2961;20190304;   10;  33.3;  18.1;    3;  -999;-999;    0.767;-999;  -999;   8.9;  980.50;    8.1;   81.88;   11.2;    5.0;-999;eor
       2961;20190305;   10;  26.2;  14.0;    3;  -999;-999;    5.650;-999;  -999;   7.4;  994.10;    6.2;   78.67;    7.3;    4.5;-999;eor
       2961;20190306;   10;  19.0;  10.4;    3;  -999;-999;    0.000;-999;  -999;   8.0;  998.42;    6.1;   84.13;    9.5;    3.5;-999;eor
       2961;20190307;   10;  30.8;  13.4;    3;  -999;-999;    2.700;-999;  -999;   8.7;  986.46;    8.8;   76.71;   12.1;    3.9;-999;eor
       2961;20190308;   10;  25.5;  15.0;    3;  -999;-999;    5.683;-999;  -999;   6.9;  996.14;    6.0;   73.79;    7.6;    4.7;-999;eor
       2961;20190309;   10;  25.7;  14.6;    3;  -999;-999;    1.600;-999;  -999;   7.0;  995.97;    5.2;   79.75;    7.6;    0.7;-999;eor
       2961;20190310;   10;  25.9;  11.0;    3;  -999;-999;    4.117;-999;  -999;   6.6;  997.52;    5.2;   74.54;    6.9;    2.7;-999;eor
       2961;20190311;   10;  13.0;   5.7;    3;  -999;-999;    5.567;-999;  -999;   6.6; 1005.55;    3.8;   82.58;    7.6;    1.9;-999;eor
       2961;20190312;   10;  26.9;  12.7;    3;  -999;-999;    0.233;-999;  -999;   6.8; 1005.30;    4.3;   82.25;    6.5;    2.0;-999;eor
       2961;20190313;   10;  27.6;  15.9;    3;  -999;-999;    0.000;-999;  -999;   7.7;  988.77;    5.4;   85.21;    6.4;    4.3;-999;eor
       2961;20190314;   10;  19.2;  12.2;    3;  -999;-999;    0.000;-999;  -999;   8.0;  989.09;    5.7;   87.13;    6.6;    4.9;-999;eor
       2961;20190315;   10;  32.7;  15.6;    3;  -999;-999;    1.250;-999;  -999;   7.8;  989.67;    6.3;   81.54;    8.8;    5.0;-999;eor
       2961;20190316;   10;  26.2;  12.8;    3;  -999;-999;    0.533;-999;  -999;   8.0;  995.81;    6.3;   82.96;   10.2;    4.2;-999;eor
       2961;20190317;   10;  25.9;  16.4;    3;  -999;-999;    3.983;-999;  -999;   7.6;  990.42;    7.0;   74.83;   10.3;    3.8;-999;eor
       2961;20190318;   10;  30.0;  15.0;    3;  -999;-999;    5.233;-999;  -999;   6.7; 1002.28;    5.6;   73.88;    7.1;    4.4;-999;eor
       2961;20190319;   10;  12.1;   6.7;    3;  -999;-999;   10.383;-999;  -999;   6.5; 1020.90;    5.1;   73.50;    7.3;    3.7;-999;eor
       2961;20190320;   10;  14.8;   9.9;    3;  -999;-999;    0.017;-999;  -999;   8.7; 1025.88;    6.7;   87.63;    9.1;    3.8;-999;eor
       2961;20190321;   10;  18.7;  11.1;    3;  -999;-999;    0.617;-999;  -999;  10.4; 1027.90;    8.5;   93.29;   11.0;    6.9;-999;eor
       2961;20190322;   10;  12.4;   6.0;    3;  -999;-999;    0.650;-999;  -999;  10.0; 1027.10;    7.7;   94.92;   10.1;    5.7;-999;eor
       2961;20190323;   10;  12.8;   8.1;    3;  -999;-999;    3.150;-999;  -999;   8.4; 1024.01;    7.5;   81.58;   10.4;    4.7;-999;eor
       2961;20190324;   10;  17.3;   7.3;    3;  -999;-999;    6.833;-999;  -999;   7.2; 1021.36;    5.6;   79.33;    7.9;    4.2;-999;eor
       2961;20190325;   10;  20.3;   9.2;    3;  -999;-999;    8.267;-999;  -999;   7.2; 1012.58;    5.6;   79.21;    7.7;    3.6;-999;eor
       2961;20190326;   10;  20.8;  10.5;    3;  -999;-999;    2.700;-999;  -999;   7.4; 1020.72;    6.2;   78.42;    8.6;    4.3;-999;eor
       2961;20190327;   10;  14.7;  10.3;    3;  -999;-999;    0.000;-999;  -999;   9.6; 1024.62;    7.1;   94.21;    8.3;    6.1;-999;eor
       2961;20190328;   10;  12.1;   7.9;    3;  -999;-999;    0.017;-999;  -999;  10.0; 1029.15;    9.0;   87.54;   12.3;    6.9;-999;eor
       2961;20190329;   10;  13.4;   8.1;    3;  -999;-999;    4.367;-999;  -999;   8.9; 1026.47;    9.2;   76.25;   11.5;    6.9;-999;eor
       2961;20190330;   10;  13.4;   7.7;    3;  -999;-999;   10.233;-999;  -999;   9.0; 1017.40;    9.6;   75.79;   15.7;    5.7;-999;eor
       2961;20190331;   10;  16.7;   8.4;    3;  -999;-999;   11.350;-999;  -999;   6.1; 1021.33;    6.3;   64.33;    7.9;    4.5;-999;eor
       2961;20190401;   10;  13.2;   8.1;    3;  -999;-999;   12.483;-999;  -999;   5.9; 1023.08;    5.4;   65.25;    6.2;    4.2;-999;eor
       2961;20190402;   10;  15.0;  10.0;    3;  -999;-999;    9.783;-999;  -999;   6.5; 1007.36;    7.6;   61.33;   12.0;    4.2;-999;eor
       2961;20190403;   10;  12.3;   6.7;    3;  -999;-999;    0.000;-999;  -999;   9.3; 1000.14;    9.2;   80.29;   11.1;    7.1;-999;eor
       2961;20190404;   10;  18.1;   4.5;    3;  -999;-999;    7.150;-999;  -999;   9.1;  997.22;    8.2;   84.08;   12.2;    6.6;-999;eor
       2961;20190405;   10;  12.1;   7.0;    3;  -999;-999;    8.317;-999;  -999;   9.2; 1002.36;    7.8;   86.46;    9.3;    6.8;-999;eor
       2961;20190406;   10;  14.6;   6.8;    3;  -999;-999;   10.250;-999;  -999;   9.3; 1006.17;    8.1;   86.25;   11.0;    6.4;-999;eor
       2961;20190407;   10;   9.8;   5.7;    3;  -999;-999;   12.050;-999;  -999;   9.2; 1006.95;    8.5;   82.67;   12.7;    6.7;-999;eor
       2961;20190408;   10;  13.7;   7.5;    3;  -999;-999;    8.533;-999;  -999;   7.8; 1011.18;    7.4;   75.54;    8.2;    6.5;-999;eor
       2961;20190409;   10;  16.2;   8.4;    3;  -999;-999;    9.650;-999;  -999;   5.8; 1015.35;    5.2;   64.67;    6.8;    3.1;-999;eor
       2961;20190410;   10;  17.9;   9.3;    3;  -999;-999;   10.917;-999;  -999;   5.2; 1017.85;    4.7;   61.33;    5.9;    3.4;-999;eor
       2961;20190411;   10;  10.7;   6.0;    3;  -999;-999;    3.350;-999;  -999;   5.9; 1023.90;    4.1;   72.21;    4.9;    3.1;-999;eor
       2961;20190412;   10;  16.0;   7.7;    3;  -999;-999;    7.700;-999;  -999;   5.0; 1026.08;    3.8;   62.29;    4.5;    2.6;-999;eor
       2961;20190413;   10;  20.2;  13.8;    3;  -999;-999;    1.367;-999;  -999;   5.5; 1024.77;    3.6;   69.83;    4.7;    2.6;-999;eor
       2961;20190414;   10;  19.1;  13.4;    3;  -999;-999;    1.200;-999;  -999;   6.7; 1026.22;    5.1;   75.83;    7.1;    2.5;-999;eor
       2961;20190415;   10;  19.2;  12.9;    3;  -999;-999;   13.017;-999;  -999;   6.6; 1027.15;    5.3;   74.58;    6.4;    4.2;-999;eor
       2961;20190416;   10;  19.0;  13.3;    3;  -999;-999;   13.400;-999;  -999;   6.9; 1022.24;    5.8;   74.29;    7.5;    4.3;-999;eor
       2961;20190417;   10;  15.6;  11.0;    3;  -999;-999;   13.233;-999;  -999;   7.9; 1025.84;    7.1;   78.25;    8.9;    6.0;-999;eor
       2961;20190418;   10;  15.8;  10.2;    3;  -999;-999;   13.267;-999;  -999;   8.2; 1029.73;    8.0;   76.96;   11.0;    6.3;-999;eor
       2961;20190419;   10;  15.1;   9.5;    3;  -999;-999;   13.450;-999;  -999;   8.1; 1031.48;    8.3;   74.46;   12.0;    6.7;-999;eor
       2961;20190420;   10;   8.1;   3.9;    3;  -999;-999;   13.917;-999;  -999;   7.1; 1029.78;    9.6;   61.67;   13.6;    6.5;-999;eor
       2961;20190421;   10;  10.1;   6.1;    3;  -999;-999;   14.050;-999;  -999;   6.5; 1021.20;   11.2;   49.71;   15.0;    8.1;-999;eor
       2961;20190422;   10;  20.3;  11.1;    3;  -999;-999;   13.917;-999;  -999;   8.8; 1014.64;    9.9;   72.04;   11.1;    9.1;-999;eor
       2961;20190423;   10;  24.1;  16.3;    3;  -999;-999;   13.167;-999;  -999;   9.2; 1007.30;   10.2;   73.83;   11.3;    9.3;-999;eor
       2961;20190424;   10;  16.9;  12.9;    3;  -999;-999;    8.233;-999;  -999;  10.8; 1001.95;   10.9;   82.58;   13.3;    9.6;-999;eor
       2961;20190425;   10;  16.2;   8.5;    3;  -999;-999;   11.167;-999;  -999;  11.5; 1005.98;   13.4;   74.83;   17.8;   10.7;-999;eor
       2961;20190426;   10;  16.4;   8.8;    3;  -999;-999;    3.300;-999;  -999;  11.5; 1006.73;   11.7;   83.88;   15.2;    9.6;-999;eor
       2961;20190427;   10;  12.1;   6.1;    3;  -999;-999;    6.683;-999;  -999;  11.1; 1007.48;   11.6;   81.71;   16.5;    9.4;-999;eor
       2961;20190428;   10;  10.6;   6.7;    3;  -999;-999;    0.050;-999;  -999;  10.4; 1013.95;    9.4;   88.00;   10.2;    8.4;-999;eor
       2961;20190429;   10;  11.6;   5.9;    3;  -999;-999;    8.633;-999;  -999;   9.9; 1019.13;   10.6;   78.83;   13.6;    8.3;-999;eor
       2961;20190430;   10;  12.0;   7.8;    3;  -999;-999;    5.750;-999;  -999;   9.2; 1016.71;   12.8;   63.92;   17.5;    8.2;-999;eor
       2961;20190501;    3;  18.6;  11.9;    3;  -999;-999;    0.117;-999;  -999;   9.9; 1009.47;    8.6;   88.63;    9.5;    7.8;-999;eor
       2961;20190502;    3;  19.5;  13.5;    3;  -999;-999;    1.500;-999;  -999;   8.7; 1000.63;    8.5;   77.79;    9.8;    6.0;-999;eor
       2961;20190503;    3;  22.6;  12.1;    3;  -999;-999;    9.200;-999;  -999;   6.3; 1002.42;    6.5;   65.92;    8.6;    4.0;-999;eor
       2961;20190504;    3;  16.8;   7.9;    3;  -999;-999;    9.717;-999;  -999;   6.3; 1003.67;    5.7;   68.96;    8.5;    2.9;-999;eor
       2961;20190505;    3;  13.8;   8.1;    3;  -999;-999;   12.033;-999;  -999;   6.8; 1012.08;    7.5;   65.54;   10.2;    4.9;-999;eor
       2961;20190506;    3;  22.4;  11.0;    3;  -999;-999;    8.483;-999;  -999;   7.1; 1011.29;    6.7;   72.33;    8.8;    4.4;-999;eor
       2961;20190507;    3;  18.1;   7.8;    3;  -999;-999;   12.200;-999;  -999;   6.3; 1012.26;    7.4;   61.83;    9.7;    3.8;-999;eor
       2961;20190508;    3;  15.1;   7.2;    3;  -999;-999;    6.217;-999;  -999;   8.5; 1001.88;    9.5;   70.71;   11.8;    6.3;-999;eor
       2961;20190509;    3;  12.2;   7.3;    3;  -999;-999;    6.767;-999;  -999;  10.9;  994.91;   11.6;   80.54;   15.0;    9.7;-999;eor
       2961;20190510;    3;  13.4;   7.3;    3;  -999;-999;    0.550;-999;  -999;   9.5; 1003.27;    9.9;   77.54;   11.9;    7.6;-999;eor
       2961;20190511;    3;  17.1;   6.3;    3;  -999;-999;   14.850;-999;  -999;   7.7; 1013.18;    9.6;   65.17;   13.1;    6.6;-999;eor
       2961;20190512;    3;  17.1;  10.6;    3;  -999;-999;   14.167;-999;  -999;   7.3; 1026.49;    9.7;   61.79;   13.2;    6.3;-999;eor
       2961;20190513;    3;  15.1;   9.3;    3;  -999;-999;   15.117;-999;  -999;   7.5; 1033.46;    9.6;   63.33;   12.7;    6.6;-999;eor
       2961;20190514;    3;   9.3;   4.5;    3;  -999;-999;   10.867;-999;  -999;   8.0; 1031.88;    9.9;   66.04;   11.1;    8.5;-999;eor
       2961;20190515;    3;  11.1;   4.0;    3;  -999;-999;   15.283;-999;  -999;   7.8; 1026.04;   10.9;   59.75;   13.3;    8.4;-999;eor
       2961;20190516;    3;  20.5;  12.0;    3;  -999;-999;    1.500;-999;  -999;   8.6; 1017.63;   11.7;   62.25;   14.5;    9.1;-999;eor
       2961;20190517;    3;  18.9;   9.6;    3;  -999;-999;    1.683;-999;  -999;  11.8; 1009.36;    9.8;   97.50;   10.7;    9.1;-999;eor
       2961;20190518;    3;  16.8;   9.5;    3;  -999;-999;    5.800;-999;  -999;  12.7; 1006.29;   11.2;   95.96;   14.1;    9.5;-999;eor
       2961;20190519;    3;  11.7;   7.4;    3;  -999;-999;    6.300;-999;  -999;  13.3; 1005.20;   11.4;   98.79;   13.4;    9.9;-999;eor
       2961;20190520;    3;  11.7;   5.9;    3;  -999;-999;    6.983;-999;  -999;  14.7; 1003.65;   14.6;   89.17;   18.7;   11.8;-999;eor
       2961;20190521;    3;  11.9;   7.1;    3;  -999;-999;    0.033;-999;  -999;  15.4; 1003.88;   14.5;   92.71;   17.5;   12.2;-999;eor
       2961;20190522;    3;  14.9;  10.3;    3;  -999;-999;    4.617;-999;  -999;  11.4; 1010.94;   11.5;   83.83;   13.6;    9.7;-999;eor
       2961;20190523;    3;  11.6;   6.5;    3;  -999;-999;   13.483;-999;  -999;  10.2; 1013.63;   14.2;   64.96;   18.4;    8.8;-999;eor
       2961;20190524;    3;  17.5;   9.6;    3;  -999;-999;   12.033;-999;  -999;  10.3; 1008.95;   13.6;   66.71;   18.1;   10.8;-999;eor
       2961;20190525;    3;  13.2;   9.1;    3;  -999;-999;    4.150;-999;  -999;  10.1; 1010.85;   11.6;   73.79;   13.6;    9.8;-999;eor
       2961;20190526;    3;  17.5;  11.1;    3;  -999;-999;    0.000;-999;  -999;  13.2; 1004.42;   12.5;   89.50;   14.5;    9.5;-999;eor
       2961;20190527;    3;  17.6;  11.2;    3;  -999;-999;    6.850;-999;  -999;  11.0; 1001.70;   13.4;   71.71;   15.1;   11.0;-999;eor
       2961;20190528;    3;  15.2;   7.6;    3;  -999;-999;    9.683;-999;  -999;   8.8; 1005.67;   11.5;   65.17;   15.7;    8.8;-999;eor
       2961;20190529;    3;  13.0;   5.5;    3;  -999;-999;   15.067;-999;  -999;   7.3; 1017.48;   11.4;   54.88;   15.7;    8.2;-999;eor
       2961;20190530;    3;  19.6;  11.4;    3;  -999;-999;    0.217;-999;  -999;  12.5; 1016.05;   13.4;   79.92;   16.1;   10.5;-999;eor
       2961;20190531;    3;  14.2;   8.2;    3;  -999;-999;    0.483;-999;  -999;  15.4; 1017.41;   15.6;   86.42;   17.8;   14.4;-999;eor
       2961;20190601;    3;  18.1;   8.9;    3;  -999;-999;    8.650;-999;  -999;  13.5; 1016.73;   15.9;   75.17;   19.1;   12.9;-999;eor
       2961;20190602;    3;  15.3;   7.5;    3;  -999;-999;   12.100;-999;  -999;  15.0; 1012.14;   16.3;   80.83;   22.3;   12.0;-999;eor
       2961;20190603;    3;  15.2;   6.8;    3;  -999;-999;    6.067;-999;  -999;  15.2; 1008.77;   19.2;   68.17;   22.6;   14.4;-999;eor
       2961;20190604;    3;  16.3;   5.8;    3;  -999;-999;    4.567;-999;  -999;  14.0; 1009.86;   15.2;   80.67;   17.2;   13.8;-999;eor
       2961;20190605;    3;  15.1;   7.9;    3;  -999;-999;   11.917;-999;  -999;  17.6; 1004.84;   19.8;   76.33;   23.2;   15.9;-999;eor
       2961;20190606;    3;  18.1;   9.1;    3;  -999;-999;    5.100;-999;  -999;  15.6; 1005.64;   17.9;   75.71;   24.8;   12.9;-999;eor
       2961;20190607;    3;  22.9;   6.7;    3;  -999;-999;   13.333;-999;  -999;  13.3; 1010.78;   14.8;   78.50;   19.1;   12.5;-999;eor
       2961;20190608;    3;  23.4;  13.3;    3;  -999;-999;    3.900;-999;  -999;  12.1; 1010.97;   15.6;   67.79;   17.3;   13.9;-999;eor
       2961;20190609;    3;  18.2;   9.0;    3;  -999;-999;   12.567;-999;  -999;  11.8; 1018.76;   15.3;   68.00;   19.1;   12.8;-999;eor
       2961;20190610;    1;  15.4;  10.5;    1;  -999;-999;    1.033;-999;  -999;  14.2; 1013.06;   15.6;   79.96;   16.2;   14.9;-999;eor
       2961;20190611;    1;  14.8;   6.5;    1;  -999;-999;    3.117;-999;  -999;  16.7; 1008.20;   15.9;   92.21;   21.8;   13.9;-999;eor
       2961;20190612;    1;  24.4;   7.1;    1;  -999;-999;    0.367;-999;  -999;  17.1; 1006.55;   15.5;   96.58;   17.3;   14.7;-999;eor
       2961;20190613;    1;  15.9;   7.1;    1;  -999;-999;   10.983;-999;  -999;  13.4; 1009.16;   17.5;   68.88;   21.7;   13.4;-999;eor
       2961;20190614;    1;  19.0;   6.2;    1;  -999;-999;   10.933;-999;  -999;  14.9; 1012.94;   18.1;   72.08;   22.7;   14.6;-999;eor
       2961;20190615;    1;  23.3;  10.3;    1;  -999;-999;    1.567;-999;  -999;  17.1; 1008.40;   17.4;   85.92;   19.5;   15.1;-999;eor
       2961;20190616;    1;  12.0;   5.0;    1;  -999;-999;   10.117;-999;  -999;  14.3; 1015.76;   16.6;   76.50;   23.3;   13.6;-999;eor
       2961;20190617;    1;  11.8;   6.0;    1;  -999;-999;   15.900;-999;  -999;  15.4; 1017.79;   18.3;   73.88;   23.7;   14.9;-999;eor
       2961;20190618;    1;  24.8;   6.8;    1;  -999;-999;    8.633;-999;  -999;  16.6; 1012.35;   20.6;   69.25;   26.2;   15.2;-999;eor
       2961;20190619;    1;  25.6;   6.6;    1;  -999;-999;   10.000;-999;  -999;  17.1; 1005.37;   20.1;   73.04;   26.7;   17.4;-999;eor
       2961;20190620;    1;  14.1;   7.1;    1;  -999;-999;    3.333;-999;  -999;  16.4; 1006.25;   17.6;   81.17;   19.1;   15.5;-999;eor
       2961;20190621;    1;  11.0;   6.5;    1;  -999;-999;    8.250;-999;  -999;  12.9; 1014.21;   16.3;   70.04;   18.7;   14.2;-999;eor
       2961;20190622;    1;   9.3;   5.1;    1;  -999;-999;   16.500;-999;  -999;  11.3; 1021.23;   15.7;   63.33;   17.5;   13.7;-999;eor
       2961;20190623;    1;  12.5;   8.2;    1;  -999;-999;   15.100;-999;  -999;  13.8; 1021.36;   17.3;   69.88;   18.2;   16.3;-999;eor
       2961;20190624;    1;  15.7;  10.3;    1;  -999;-999;   14.450;-999;  -999;  15.8; 1021.58;   18.3;   75.04;   19.9;   16.9;-999;eor
       2961;20190625;    1;  12.4;   8.0;    1;  -999;-999;   14.583;-999;  -999;  18.1; 1017.45;   21.9;   70.04;   28.5;   17.6;-999;eor
       2961;20190626;    1;  17.6;   9.2;    1;  -999;-999;   13.100;-999;  -999;  18.3; 1017.20;   21.6;   70.42;   25.8;   13.3;-999;eor
       2961;20190627;    1;  17.0;  10.7;    1;  -999;-999;    8.583;-999;  -999;  12.6; 1021.46;   15.1;   73.25;   17.7;   13.0;-999;eor
       2961;20190628;    1;  11.7;   5.6;    1;  -999;-999;   10.633;-999;  -999;  14.0; 1021.63;   15.8;   78.04;   21.6;   11.7;-999;eor
       2961;20190629;    1;   8.6;   4.8;    1;  -999;-999;   15.517;-999;  -999;  14.5; 1016.78;   19.2;   67.29;   25.4;   12.5;-999;eor
       2961;20190630;    1;  20.2;  10.2;    1;  -999;-999;   15.683;-999;  -999;  16.3; 1007.93;   21.7;   64.04;   30.5;   15.8;-999;eor
       2961;20190701;    1;  21.8;  11.9;    1;  -999;-999;    5.267;-999;  -999;  15.1; 1009.44;   17.0;   78.54;   20.6;   15.0;-999;eor
       2961;20190702;    1;  22.6;  12.8;    1;  -999;-999;    8.167;-999;  -999;  10.6; 1014.93;   14.3;   64.92;   15.8;   12.6;-999;eor
       2961;20190703;    1;  16.7;  10.1;    1;  -999;-999;    8.050;-999;  -999;  10.5; 1018.64;   14.1;   66.08;   17.1;   11.4;-999;eor
       2961;20190704;    1;  20.1;  12.7;    1;  -999;-999;    1.433;-999;  -999;  13.1; 1015.87;   14.6;   78.25;   16.7;   11.7;-999;eor
       2961;20190705;    1;  18.6;  10.2;    1;  -999;-999;    0.633;-999;  -999;  14.3; 1009.71;   14.9;   84.58;   16.2;   13.5;-999;eor
       2961;20190706;    1;  19.8;  11.7;    1;  -999;-999;    2.783;-999;  -999;  13.6; 1003.54;   14.9;   80.38;   17.4;   13.4;-999;eor
       2961;20190707;    1;  17.7;  11.9;    1;  -999;-999;    0.883;-999;  -999;  10.8; 1006.50;   13.6;   69.38;   15.3;   11.9;-999;eor
       2961;20190708;    1;  13.7;   8.7;    1;  -999;-999;    7.750;-999;  -999;  11.1; 1010.95;   14.0;   70.08;   17.0;   12.0;-999;eor
       2961;20190709;    1;  12.1;   8.1;    1;  -999;-999;   10.267;-999;  -999;  11.8; 1013.64;   14.5;   71.58;   16.9;   12.5;-999;eor
