STATIONS_ID;MESS_DATUM;QN_3;  FX;  FM;QN_4; RSK;RSKF; SDK;SHK_TAG;  NM; VPM;  PM; TMK; UPM; TXK; TNK; TGK;eor
       1684;20180105;   10;  13.7;   6.6;    3;   0.0;   6;    0.750;   0;   6.6;   8.0;  970.45;    6.3;   83.25;    7.6;    4.2;    2.7;eor
       1684;20180106;   10;  11.6;   2.8;    3;   3.6;   6;    2.767;   0;   7.4;   8.6;  980.57;    6.6;   88.42;    9.8;    4.5;    2.7;eor
       1684;20180107;   10;  10.9;   5.1;    3;   1.3;   6;    0.000;   0;   8.0;   7.0;  995.90;    2.4;   95.83;    4.8;    0.7;    0.7;eor
       1684;20180108;   10;  10.9;   5.3;    3;   0.0;   0;    1.100;   0;   6.5;   5.5; 1001.26;   -0.1;   90.21;    1.2;   -1.3;   -1.8;eor
       1684;20180109;   10;  11.2;   4.0;    3;   0.1;   6;    3.033;   0;   6.8;   6.1;  991.14;    1.9;   85.96;    8.7;   -1.5;   -2.1;eor
       1684;20180110;   10;  10.9;   4.2;    3;   2.4;   6;    0.000;   0;   7.8;   8.3;  984.99;    6.2;   88.04;    8.2;    4.5;    3.9;eor
       1684;20180111;   10;   4.7;   1.4;    3;   1.6;   6;    0.000;   0;   8.0;   8.2;  987.51;    4.2;   98.63;    5.5;    3.3;    3.0;eor
       1684;20180112;   10;   8.7;   3.4;    3;   0.0;   0;    0.000;   0;   8.0;   6.9;  997.28;    1.9;   99.08;    3.8;    0.2;    0.3;eor
       1684;20180113;   10;  12.9;   5.0;    3;   0.0;   0;    0.033;   0;   7.0;   4.7; 1000.82;   -0.7;   80.92;    0.2;   -1.9;   -2.8;eor
       1684;20180114;   10;  13.3;   4.1;    3;   0.0;   0;    6.017;   0;   2.3;   4.1;  998.84;   -2.6;   81.63;   -0.7;   -6.1;   -7.4;eor
       1684;20180115;   10;  22.6;   8.3;    3;   0.1;   7;    4.700;   0;   4.0;   4.1;  988.63;   -2.0;   77.96;    0.8;   -6.7;   -7.7;eor
       1684;20180116;   10;  22.1;   9.4;    3;   5.8;   8;    2.667;   1;   6.7;   5.3;  966.25;    0.5;   84.25;    2.0;   -1.3;   -1.6;eor
       1684;20180117;   10;  14.4;   5.3;    3;   1.7;   7;    0.033;   3;   6.7;   5.3;  967.80;    0.4;   84.67;    1.6;   -2.3;   -4.7;eor
       1684;20180118;   10;  30.3;   9.6;    3;   2.4;   8;    0.350;   5;   7.5;   5.6;  968.30;    1.9;   80.58;    6.2;   -1.0;   -2.9;eor
       1684;20180119;   10;  12.6;   4.0;    3;   0.4;   8;    0.417;   0;   7.4;   5.9;  977.01;    1.4;   87.63;    2.7;    0.4;   -0.8;eor
       1684;20180120;   10;   8.2;   3.9;    3;   0.2;   7;    0.150;   0;   7.0;   5.4;  978.29;    0.2;   87.17;    2.4;   -2.7;   -4.6;eor
       1684;20180121;   10;   6.0;   2.2;    3;   0.0;   0;    0.000;   0;   7.6;   5.1;  982.62;   -1.5;   93.25;   -0.8;   -2.6;   -4.9;eor
       1684;20180122;   10;  10.9;   3.9;    3;   0.6;   8;    1.483;   0;   7.1;   4.3;  984.47;   -1.2;   77.54;    1.9;   -4.1;   -5.2;eor
       1684;20180123;   10;  11.5;   3.2;    3;   1.6;   8;    0.000;   3;   7.6;   6.5;  992.24;    1.1;   97.33;    3.7;   -1.6;   -1.5;eor
       1684;20180124;   10;  16.9;   8.9;    3;   0.1;   6;    2.317;   0;   7.7;   8.1;  991.36;    5.5;   88.67;    8.3;    2.7;    2.1;eor
       1684;20180125;   10;  17.2;   8.1;    3;   0.0;   0;    0.000;   0;   7.8;   7.1;  987.33;    5.9;   75.92;    7.6;    2.7;    1.7;eor
       1684;20180126;   10;  14.2;   5.9;    3;   4.3;   6;    0.000;   0;   7.9;   6.3;  989.60;    3.4;   81.38;    4.4;    2.8;    2.2;eor
       1684;20180127;   10;  11.5;   2.3;    3;   0.8;   6;    0.000;   0;   7.7;   7.8; 1000.62;    3.5;   99.25;    5.3;    2.1;    0.8;eor
       1684;20180128;   10;  15.1;   7.2;    3;   0.2;   6;    0.000;   0;   7.9;   7.9;  997.54;    6.1;   84.00;    8.5;    2.7;    2.1;eor
       1684;20180129;   10;  18.1;   7.0;    3;   1.8;   6;    0.000;   0;   7.6;   8.8;  992.41;    8.9;   76.92;    9.7;    6.5;    5.9;eor
       1684;20180130;   10;  17.6;   6.0;    3;   0.0;   6;    0.567;   0;   6.9;   6.2;  995.27;    3.5;   78.00;    6.7;    0.0;   -2.7;eor
       1684;20180131;   10;  18.1;   8.5;    3;   3.9;   6;    0.833;   0;   7.7;   6.6;  982.65;    4.1;   79.13;    7.1;    0.6;   -0.7;eor
       1684;20180201;   10;  11.5;   4.5;    3;   0.9;   6;    1.283;   0;   7.8;   6.8;  972.98;    3.8;   84.75;    6.2;    1.0;   -0.5;eor
       1684;20180202;   10;  10.9;   5.6;    3;   0.0;   8;    5.700;   0;   5.7;   5.4;  976.29;    2.1;   76.75;    4.5;    0.2;   -1.1;eor
       1684;20180203;   10;   9.1;   3.9;    3;   0.6;   8;    2.817;   0;   7.2;   5.8;  976.05;    1.5;   85.75;    4.0;   -0.9;   -1.8;eor
       1684;20180204;   10;   6.7;   2.2;    3;   0.6;   7;    5.167;   1;   5.8;   5.0;  987.37;   -0.5;   85.13;    2.5;   -1.8;   -3.6;eor
       1684;20180205;   10;   7.2;   2.4;    3;   0.1;   7;    1.600;   1;   5.6;   4.5;  996.99;   -2.6;   87.92;   -0.2;   -6.4;   -7.9;eor
       1684;20180206;   10;   6.1;   2.2;    3;   0.0;   0;    8.833;   0;   2.7;   3.2;  989.65;   -5.2;   77.63;   -0.8;   -9.9;  -11.0;eor
       1684;20180207;   10;   5.6;   2.3;    3;   0.0;   0;    8.383;   0;   4.4;   3.9;  986.03;   -2.9;   78.58;    2.5;   -7.5;   -8.7;eor
       1684;20180208;   10;   5.4;   2.3;    3;   0.0;   0;    0.000;   0;   7.8;   4.6;  989.82;   -1.8;   85.25;   -0.5;   -2.6;   -2.5;eor
       1684;20180209;   10;   8.0;   2.6;    3;   0.0;   0;    0.733;   0;   6.8;   4.5;  988.70;   -1.6;   82.42;    0.8;   -3.9;   -6.0;eor
       1684;20180210;   10;   8.0;   2.7;    3;   0.0;   0;    0.000;   0;   7.5;   4.4;  987.32;   -1.4;   79.75;    0.5;   -5.1;   -7.1;eor
       1684;20180211;   10;  12.6;   5.5;    3;   0.4;   8;    3.217;   0;   7.4;   5.2;  978.23;    1.4;   76.46;    4.5;   -0.6;   -1.4;eor
       1684;20180212;   10;   9.7;   3.2;    3;   0.0;   7;    2.800;   0;   5.5;   5.5;  981.87;    1.2;   83.21;    4.3;   -1.2;   -3.5;eor
       1684;20180213;   10;   6.7;   2.4;    3;   0.0;   0;    8.933;   0;   2.7;   4.5;  987.75;    0.0;   75.54;    4.4;   -3.6;   -6.3;eor
       1684;20180214;   10;   7.3;   2.1;    3;   0.0;   0;    6.050;   0;   2.7;   4.5;  991.00;   -2.4;   88.13;    2.0;   -6.3;   -8.4;eor
       1684;20180215;   10;  14.6;   4.6;    3;   0.0;   8;    4.950;   0;   7.2;   4.4;  991.58;   -0.6;   76.63;    2.7;   -4.3;   -3.9;eor
       1684;20180216;   10;  12.2;   5.0;    3;   0.0;   0;    7.500;   0;   3.5;   5.4;  993.77;    2.6;   74.88;    7.6;   -1.6;   -3.9;eor
       1684;20180217;   10;   6.3;   2.3;    3;   0.1;   7;    2.700;   0;   7.0;   5.2;  995.27;    0.7;   81.88;    3.8;   -2.8;   -5.3;eor
       1684;20180218;   10;   4.8;   2.2;    3;   0.0;   0;    0.550;   0;   7.2;   5.2;  998.61;    0.2;   83.83;    2.9;   -2.0;   -3.7;eor
       1684;20180219;   10;   6.9;   2.5;    3;   0.0;   0;    7.667;   0;   6.6;   4.3;  992.99;   -0.7;   74.67;    3.5;   -4.0;   -5.7;eor
       1684;20180220;   10;   6.9;   2.6;    3;   0.0;   0;    7.750;   0;   6.3;   4.4;  989.57;   -1.6;   81.08;    2.5;   -5.3;   -6.7;eor
       1684;20180221;   10;   8.5;   3.5;    3;   0.0;   0;    5.517;   0;   2.8;   4.0;  993.71;   -2.8;   82.42;    1.8;   -6.1;   -6.9;eor
       1684;20180222;   10;  10.0;   3.9;    3;   0.0;   0;    8.250;   0;   2.4;   3.4;  994.35;   -3.5;   74.75;    1.7;   -7.0;   -7.8;eor
       1684;20180223;   10;   8.7;   3.5;    3;   0.0;   7;    6.950;   0;   1.9;   3.0;  994.87;   -6.3;   77.88;   -3.1;   -9.1;  -11.6;eor
       1684;20180224;   10;  13.3;   4.2;    3;   0.0;   7;    3.700;   0;   4.1;   2.7;  997.97;   -6.7;   73.38;   -2.7;  -10.8;  -12.9;eor
       1684;20180225;   10;   8.2;   3.4;    3;   0.0;   0;   10.100;   0;   2.4;   2.0;  999.85;   -8.7;   63.38;   -4.6;  -12.5;  -13.4;eor
       1684;20180226;   10;   9.5;   4.1;    3;   0.0;   7;    4.200;   0;   3.3;   1.9;  996.32;  -10.6;   70.83;   -6.9;  -13.2;  -14.3;eor
       1684;20180227;   10;  13.0;   4.6;    3;   0.0;   7;    7.967;   0;   5.1;   1.8;  991.75;  -11.1;   68.50;   -6.2;  -15.3;  -16.1;eor
       1684;20180228;   10;  10.4;   4.0;    3;   0.0;   7;    5.833;   0;   3.8;   1.8;  994.76;  -10.9;   67.67;   -6.9;  -13.9;  -14.5;eor
       1684;20180301;   10;  10.8;   4.4;    3;   0.0;   0;    9.883;   0;   0.7;   2.0;  987.48;   -9.4;   68.25;   -4.4;  -13.8;  -14.3;eor
       1684;20180302;   10;  11.5;   4.1;    3;   0.0;   0;    9.017;   0;   1.2;   2.0;  975.98;   -9.1;   66.42;   -3.6;  -14.2;  -15.4;eor
       1684;20180303;   10;  12.0;   3.7;    3;   0.0;   0;    8.350;   0;   3.6;   2.0;  975.48;   -8.7;   63.75;   -3.4;  -13.9;  -16.2;eor
       1684;20180304;   10;  10.1;   3.2;    3;   0.0;   0;    9.500;   0;   4.3;   2.5;  975.93;   -3.4;   54.92;    4.7;  -11.9;  -14.8;eor
       1684;20180305;   10;  16.4;   6.9;    3;   0.0;   0;    2.667;   0;   7.0;   4.4;  971.71;    0.4;   70.50;    2.9;   -1.8;   -4.2;eor
       1684;20180306;   10;   6.3;   2.0;    3;  10.9;   8;    0.000;   0;   7.8;   5.7;  965.58;   -0.2;   93.38;    1.2;   -3.2;   -5.1;eor
       1684;20180307;   10;   8.2;   3.9;    3;   1.1;   8;    0.000;   2;   8.0;   6.6;  966.09;    2.0;   93.13;    5.2;    0.3;    0.0;eor
       1684;20180308;   10;  14.3;   5.2;    3;   0.3;   6;    3.900;   0;   6.0;   6.2;  974.80;    4.8;   72.75;    8.0;    2.9;    0.7;eor
       1684;20180309;   10;  16.4;   4.7;    3;   0.3;   6;    8.067;   0;   5.1;   5.7;  978.96;    4.7;   67.79;    9.4;    0.5;   -2.8;eor
       1684;20180310;   10;  13.5;   4.7;    3;   0.3;   6;    1.500;   0;   7.5;   8.3;  978.10;    7.2;   80.71;   11.5;    1.0;   -1.3;eor
       1684;20180311;   10;  11.7;   4.6;    3;   0.0;   0;    4.283;   0;   7.4;   9.4;  972.92;   10.8;   72.50;   15.9;    7.5;    5.6;eor
       1684;20180312;   10;  10.0;   4.0;    3;   7.8;   6;    0.150;   0;   7.9;   9.9;  964.82;    8.4;   89.33;   11.5;    4.6;    2.5;eor
       1684;20180313;   10;  11.5;   5.2;    3;   0.5;   6;    0.233;   0;   7.4;   8.7;  972.59;    8.3;   79.46;   11.1;    6.2;    5.4;eor
       1684;20180314;   10;  12.2;   3.1;    3;   0.1;   6;    0.000;   0;   7.9;   7.0;  981.57;    3.5;   88.17;    6.4;    1.6;    1.2;eor
       1684;20180315;   10;  11.3;   3.9;    3;   0.0;   6;    7.017;   0;   5.9;   6.7;  979.47;    3.4;   86.21;    7.7;   -0.1;   -1.6;eor
       1684;20180316;   10;  13.0;   5.8;    3;   4.4;   8;    0.000;   0;   8.0;   5.7;  976.72;   -0.4;   94.54;    2.8;   -4.1;   -4.0;eor
       1684;20180317;   10;  14.0;   6.6;    3;   0.2;   7;    0.000;   5;   7.6;   3.2;  981.90;   -5.8;   79.50;   -4.1;   -7.1;   -6.7;eor
       1684;20180318;   10;  16.2;   5.9;    3;   0.0;   0;   10.183;   5;   6.0;   2.1;  985.21;   -6.2;   55.58;   -3.2;   -8.7;   -9.2;eor
       1684;20180319;   10;   9.2;   3.1;    3;   0.0;   0;   11.317;   3;   4.3;   2.5;  983.97;   -5.2;   60.08;   -0.1;  -10.6;  -11.0;eor
       1684;20180320;   10;  11.4;   2.7;    3;   0.1;   7;   10.917;   0;   5.5;   3.4;  985.18;   -2.1;   65.04;    3.7;   -9.3;  -11.2;eor
       1684;20180321;   10;  11.9;   3.1;    3;   0.0;   0;    8.983;   1;   4.6;   4.0;  995.96;   -1.1;   72.75;    3.8;   -5.6;   -8.5;eor
       1684;20180322;   10;  13.5;   5.9;    3;   0.6;   8;    0.250;   0;   7.9;   4.7;  985.98;    0.5;   73.25;    2.7;   -1.8;   -3.4;eor
       1684;20180323;   10;   6.2;   2.3;    3;   0.4;   8;    0.000;   0;   8.0;   6.6;  978.37;    1.9;   93.71;    3.7;    0.6;    0.1;eor
       1684;20180324;   10;   7.3;   2.3;    3;   0.0;   0;    2.933;   0;   7.3;   5.7;  977.31;    3.3;   75.13;    8.5;   -2.5;   -3.9;eor
       1684;20180325;   10;  14.5;   5.5;    3;   0.0;   0;   11.717;   0;   4.1;   5.4;  979.91;    3.3;   70.79;    7.9;   -2.2;   -4.6;eor
       1684;20180326;   10;   8.6;   3.3;    3;   1.2;   6;    0.000;   0;   7.8;   6.4;  983.43;    4.2;   77.08;    7.9;    2.1;    1.5;eor
       1684;20180327;   10;   6.1;   2.0;    3;   1.3;   8;    2.533;   0;   6.5;   6.3;  985.48;    2.2;   88.17;    5.9;   -0.4;   -1.9;eor
       1684;20180328;   10;   9.6;   2.8;    3;   2.2;   6;    0.000;   0;   7.9;   7.1;  977.05;    3.5;   89.67;    6.8;   -0.7;   -1.8;eor
       1684;20180329;   10;  13.8;   5.1;    3;   0.0;   6;    1.417;   0;   7.0;   6.7;  975.87;    5.7;   72.88;    7.8;    1.5;   -1.5;eor
       1684;20180330;   10;   8.4;   2.8;    3;   0.0;   0;   10.900;   0;   4.0;   5.8;  978.89;    6.3;   62.29;   12.6;   -0.5;   -3.4;eor
       1684;20180331;   10;  10.8;   3.5;    3;   9.7;   8;    1.083;   0;   7.9;   7.8;  969.51;    5.4;   86.50;   12.9;    1.6;   -0.1;eor
       1684;20180401;   10;  13.9;   6.2;    3;   0.2;   8;    0.000;   0;   8.0;   5.8;  973.70;    1.3;   87.13;    2.6;    0.1;    0.1;eor
       1684;20180402;   10;  12.4;   4.2;    3;   0.0;   6;    7.767;   0;   5.6;   5.9;  981.81;    4.9;   67.63;   10.4;    0.2;   -0.7;eor
       1684;20180403;   10;  12.6;   5.7;    3;   0.0;   6;    7.567;   0;   6.6;   8.1;  978.19;   12.6;   55.42;   19.8;    7.1;    5.1;eor
       1684;20180404;   10;  13.0;   5.1;    3;   0.4;   6;    7.817;   0;   6.7;  10.0;  976.81;   15.8;   56.04;   21.3;   10.4;    7.7;eor
       1684;20180405;   10;  14.1;   5.3;    3;   4.9;   6;    6.883;   0;   4.7;   9.1;  981.39;   10.2;   74.50;   16.0;    4.5;    4.1;eor
       1684;20180406;   10;  11.4;   2.9;    3;   0.0;   0;   11.383;   0;   2.4;   5.4;  995.00;    6.3;   59.42;   12.1;    1.1;   -0.4;eor
       1684;20180407;   10;  12.9;   4.0;    3;   0.0;   0;   12.733;   0;   1.0;   6.8;  990.67;   11.5;   50.83;   20.4;   -0.5;   -2.2;eor
       1684;20180408;   10;  13.4;   4.7;    3;   0.2;   6;    9.633;   0;   2.5;   9.4;  984.00;   12.3;   66.04;   16.7;    6.4;    2.9;eor
       1684;20180409;   10;   7.1;   2.5;    3;   0.0;   0;   11.450;   0;   1.8;  10.3;  978.91;   13.9;   67.13;   21.6;    4.7;    1.9;eor
       1684;20180410;   10;  11.0;   3.9;    3;   0.0;   0;   11.100;   0;   2.5;   9.7;  977.71;   15.9;   56.38;   21.6;    8.9;    5.9;eor
       1684;20180411;   10;  10.7;   3.3;    3;   0.0;   0;    9.800;   0;   4.4;  10.8;  980.03;   14.3;   67.75;   20.0;    8.4;    6.5;eor
       1684;20180412;   10;  14.4;   4.5;    3;   1.2;   6;    8.483;   0;   6.3;  10.8;  977.65;   17.5;   56.42;   23.9;    7.6;    5.5;eor
       1684;20180413;   10;  15.9;   5.6;    3;   2.7;   6;    2.350;   0;   7.5;  12.0;  979.54;   15.6;   68.46;   20.4;   10.7;    9.5;eor
       1684;20180414;   10;  12.7;   5.6;    3;   0.0;   0;    9.733;   0;   5.9;  10.7;  990.02;   13.7;   69.33;   19.3;    9.4;    7.2;eor
       1684;20180415;   10;  10.0;   2.2;    3;   1.8;   6;    6.267;   0;   7.4;  12.0;  985.60;   15.3;   69.42;   21.8;    7.8;    5.1;eor
       1684;20180416;   10;   7.6;   2.5;    3;  14.1;   6;    0.000;   0;   8.0;  14.4;  984.57;   12.7;   97.42;   16.2;   11.1;   10.6;eor
       1684;20180417;   10;   7.8;   2.4;    3;   0.0;   0;    3.133;   0;   5.0;  12.3;  996.86;   12.2;   87.33;   16.9;    7.0;    5.1;eor
       1684;20180418;   10;   4.5;   1.4;    3;   0.0;   0;   12.933;   0;   1.5;  10.8; 1003.41;   14.1;   70.96;   21.9;    4.1;    2.8;eor
       1684;20180419;   10;   5.0;   1.3;    3;   0.0;   0;   12.750;   0;   2.0;  12.4; 1002.05;   16.2;   69.92;   23.9;    7.2;    5.0;eor
       1684;20180420;   10;   9.2;   3.0;    3;   0.0;   0;   13.267;   0;   3.3;  13.8;  996.05;   18.2;   68.46;   25.3;    8.7;    6.6;eor
       1684;20180421;   10;   8.8;   2.8;    3;   0.0;   0;   13.117;   0;   3.9;  12.3;  990.41;   18.4;   59.17;   23.8;   10.9;    7.4;eor
       1684;20180422;   10;   4.4;   1.6;    3;   0.0;   0;   12.417;   0;   5.3;  11.0;  987.78;   16.0;   61.50;   23.5;    7.6;    3.8;eor
       1684;20180423;   10;  12.1;   3.1;    3;   3.8;   6;    5.550;   0;   7.3;  14.3;  984.48;   16.8;   75.71;   22.9;   10.9;    8.4;eor
       1684;20180424;   10;  11.2;   3.2;    3;   0.0;   6;    6.600;   0;   6.4;  11.5;  986.78;   13.5;   75.92;   18.8;    8.4;    6.3;eor
       1684;20180425;   10;  16.8;   5.0;    3;   2.7;   6;    6.967;   0;   6.2;  11.7;  981.36;   13.8;   75.71;   20.8;    8.7;    6.2;eor
       1684;20180426;   10;  15.2;   3.9;    3;   0.3;   6;    7.967;   0;   5.0;   9.4;  985.86;    9.8;   78.88;   13.4;    4.1;    2.4;eor
       1684;20180427;   10;   8.5;   2.9;    3;   0.0;   0;   10.983;   0;   6.0;   8.1;  986.73;   11.2;   63.83;   16.3;    3.7;    1.4;eor
       1684;20180428;   10;  10.4;   3.5;    3;   0.0;   0;   10.433;   0;   6.1;  11.5;  983.46;   16.3;   63.17;   22.8;   11.1;    7.8;eor
       1684;20180429;   10;   6.2;   2.2;    3;   0.0;   6;   13.317;   0;   4.9;  14.5;  980.76;   17.9;   71.83;   25.2;    8.8;    6.8;eor
       1684;20180430;   10;  12.9;   4.3;    3;   0.1;   6;   12.200;   0;   3.1;  12.1;  974.99;   17.5;   61.38;   24.2;    8.2;    5.9;eor
       1684;20180501;   10;  11.0;   2.5;    3;   0.0;   6;    5.933;   0;   6.3;   9.8;  982.71;   13.2;   65.83;   18.6;    5.8;    3.0;eor
       1684;20180502;   10;   9.9;   3.4;    3;   2.0;   6;    6.417;   0;   6.8;  10.7;  984.85;   12.4;   74.71;   18.5;    3.8;    1.8;eor
       1684;20180503;   10;   8.1;   2.4;    3;   0.4;   6;    0.483;   0;   7.7;  13.4;  985.59;   12.7;   91.21;   16.2;    9.5;    9.0;eor
       1684;20180504;   10;   9.1;   3.9;    3;   0.0;   0;   12.767;   0;   3.2;   8.7;  993.35;   12.6;   61.08;   18.9;    7.0;    5.5;eor
       1684;20180505;   10;  10.0;   3.8;    3;   0.0;   0;   14.017;   0;   1.3;   8.1;  996.77;   12.3;   60.00;   18.9;    5.2;    3.4;eor
       1684;20180506;   10;   9.4;   2.9;    3;   0.0;   0;   14.317;   0;   0.8;   9.0;  996.85;   13.2;   62.00;   20.0;    3.8;    1.7;eor
       1684;20180507;   10;   9.8;   2.9;    3;   0.0;   0;   14.567;   0;   0.3;  10.1;  993.37;   15.0;   62.67;   22.3;    5.1;    2.7;eor
       1684;20180508;   10;  10.3;   3.4;    3;   0.0;   0;   14.400;   0;   1.2;  10.3;  986.83;   16.8;   57.71;   23.4;    6.6;    4.3;eor
       1684;20180509;   10;  11.1;   3.4;    3;   0.0;   6;    5.583;   0;   6.3;  14.4;  981.63;   18.3;   68.38;   23.4;   12.0;   11.8;eor
       1684;20180510;   10;  10.9;   2.8;    3;   0.4;   6;   10.033;   0;   6.2;  14.7;  981.77;   18.8;   70.54;   27.7;   13.2;   10.8;eor
       1684;20180511;   10;   8.4;   2.6;    3;   0.0;   0;    1.833;   0;   7.0;  14.5;  990.40;   14.7;   87.08;   17.5;   11.9;   10.2;eor
       1684;20180512;   10;   8.3;   2.7;    3;   0.0;   0;    6.167;   0;   5.8;  16.1;  988.89;   16.8;   84.92;   22.6;   12.6;   11.4;eor
       1684;20180513;   10;  13.8;   4.0;    3;   0.0;   0;   14.483;   0;   1.3;  12.2;  984.57;   18.7;   60.00;   23.7;   11.7;    8.4;eor
       1684;20180514;   10;  14.6;   4.5;    3;   0.0;   0;   14.017;   0;   4.0;  10.3;  984.94;   16.0;   58.54;   21.5;    8.1;    6.8;eor
       1684;20180515;   10;  10.2;   2.6;    3;   4.7;   6;    3.883;   0;   6.0;  11.4;  984.38;   12.7;   77.96;   17.7;    7.1;    5.0;eor
       1684;20180516;   10;   9.1;   2.4;    3;   5.9;   6;    3.167;   0;   7.2;  13.6;  982.61;   13.6;   88.29;   19.1;   10.4;   10.3;eor
       1684;20180517;   10;  11.8;   3.9;    3;   3.0;   6;    1.217;   0;   7.4;  14.4;  983.91;   14.0;   90.08;   19.0;   11.4;   10.2;eor
       1684;20180518;   10;   9.2;   3.7;    3;   0.0;   6;    0.817;   0;   7.3;  11.4;  990.10;   11.9;   82.08;   15.7;    9.0;    8.5;eor
       1684;20180519;   10;   6.0;   1.9;    3;   0.0;   0;    7.817;   0;   6.6;  11.3;  992.80;   14.1;   71.71;   20.6;    7.2;    5.7;eor
       1684;20180520;   10;  10.4;   3.2;    3;   0.0;   0;   14.983;   0;   1.6;  10.3;  995.37;   14.5;   64.33;   20.4;    5.7;    2.9;eor
       1684;20180521;   10;  12.5;   4.0;    3;   0.0;   0;   14.467;   0;   0.7;  10.4;  991.78;   15.6;   61.08;   20.8;    6.9;    5.0;eor
       1684;20180522;   10;   7.7;   2.2;    3;   0.0;   6;   14.633;   0;   2.7;  11.2;  987.24;   16.8;   61.79;   24.0;    6.6;    4.1;eor
       1684;20180523;   10;  10.1;   4.0;    3;   0.0;   0;    5.033;   0;   7.5;  14.4;  991.21;   19.0;   65.50;   24.1;   13.3;   12.2;eor
       1684;20180524;   10;  13.2;   4.7;    3;   0.0;   0;   11.450;   0;   7.2;  13.0;  993.21;   18.5;   61.58;   23.5;   12.8;   10.6;eor
       1684;20180525;   10;  10.5;   3.4;    3;   0.0;   0;   14.000;   0;   2.9;  12.8;  991.88;   18.8;   61.25;   24.6;   11.3;    9.1;eor
       1684;20180526;   10;   6.7;   1.6;    3;   0.0;   0;   13.617;   0;   1.5;  12.9;  993.27;   19.7;   60.13;   27.7;   10.2;    7.9;eor
       1684;20180527;   10;   7.8;   2.5;    3;   0.0;   0;   11.300;   0;   4.0;  15.2;  992.35;   21.1;   63.33;   27.4;   12.3;   10.3;eor
       1684;20180528;   10;  10.1;   2.7;    3;   0.0;   6;    9.533;   0;   5.5;  17.6;  991.77;   22.4;   65.38;   29.0;   14.5;   11.9;eor
       1684;20180529;   10;  11.1;   3.4;    3;   0.0;   0;   11.833;   0;   2.2;  16.8;  988.30;   22.6;   61.58;   29.5;   14.4;   11.6;eor
       1684;20180530;   10;  10.1;   2.8;    3;   0.9;   6;   10.533;   0;   4.9;  16.7;  987.34;   22.3;   64.17;   29.4;   14.5;   11.7;eor
       1684;20180531;   10;   7.1;   2.0;    3;   0.0;   0;   12.483;   0;   3.8;  16.1;  987.26;   23.1;   60.75;   30.9;   13.2;   12.2;eor
       1684;20180601;   10;  15.1;   2.9;    3;   7.6;   6;    9.133;   0;   5.8;  17.7;  987.15;   21.6;   72.71;   30.9;   16.2;   13.9;eor
       1684;20180602;   10;   9.3;   3.4;    3;   0.0;   6;    7.883;   0;   7.1;  18.4;  988.03;   20.4;   77.79;   24.4;   17.5;   17.0;eor
       1684;20180603;   10;   8.0;   2.7;    3;   0.0;   6;    4.300;   0;   5.9;  18.2;  988.92;   18.9;   83.83;   22.5;   14.8;   13.5;eor
       1684;20180604;   10;   6.7;   2.1;    3;   0.0;   0;   11.200;   0;   3.5;  17.3;  983.91;   20.3;   74.63;   26.8;   14.1;   12.7;eor
       1684;20180605;   10;   7.1;   2.4;    3;   0.0;   0;    6.200;   0;   4.3;  16.2;  984.05;   17.9;   79.63;   22.0;   13.8;   12.5;eor
       1684;20180606;   10;  11.6;   5.1;    3;   0.0;   0;   15.250;   0;   1.8;  10.3;  988.76;   17.2;   53.88;   22.8;   12.0;   11.1;eor
       1684;20180607;   10;   8.6;   2.9;    3;   0.0;   0;   15.283;   0;   1.8;  10.7;  988.95;   19.2;   49.63;   26.7;    9.8;    8.1;eor
       1684;20180608;   10;   7.6;   2.3;    3;   0.0;   0;   13.050;   0;   4.5;  15.3;  985.41;   23.5;   55.04;   29.8;   14.1;   12.3;eor
       1684;20180609;   10;  11.1;   2.0;    3;   4.4;   6;    3.033;   0;   7.3;  19.2;  984.25;   20.8;   80.00;   29.4;   16.9;   15.2;eor
       1684;20180610;   10;   6.6;   1.9;    3;   0.5;   6;    3.583;   0;   6.8;  20.5;  982.29;   20.5;   86.29;   27.9;   15.1;   14.0;eor
       1684;20180611;   10;   6.5;   2.0;    3;   2.7;   6;    6.267;   0;   6.3;  17.8;  982.48;   19.7;   79.04;   25.1;   16.1;   15.0;eor
       1684;20180612;   10;   7.4;   2.1;    3;   0.0;   6;    6.700;   0;   6.4;  14.7;  980.87;   17.9;   73.17;   22.6;   12.8;   10.8;eor
       1684;20180613;   10;   8.2;   2.3;    3;   0.0;   6;    0.050;   0;   7.4;  12.8;  983.32;   14.7;   76.58;   17.2;   12.7;   11.2;eor
       1684;20180614;   10;   6.6;   2.2;    3;   0.0;   0;    4.550;   0;   5.5;  11.7;  987.45;   15.3;   68.92;   20.0;   10.6;    7.5;eor
       1684;20180615;   10;   6.8;   1.8;    3;   0.0;   0;   10.067;   0;   6.5;  12.1;  988.36;   17.3;   65.29;   24.9;    8.5;    6.3;eor
       1684;20180616;   10;   5.2;   1.6;    3;   0.0;   0;    5.567;   0;   5.7;  13.6;  988.34;   19.9;   61.46;   26.2;   13.5;   12.6;eor
       1684;20180617;   10;  14.2;   2.5;    3;   0.0;   6;    9.150;   0;   6.1;  14.6;  987.44;   21.0;   63.21;   29.2;   13.6;   11.5;eor
       1684;20180618;   10;   8.7;   2.5;    3;   0.0;   0;    9.233;   0;   4.5;  13.3;  991.70;   19.4;   60.67;   24.3;   15.3;   12.8;eor
       1684;20180619;   10;   9.8;   2.9;    3;   0.0;   0;    3.317;   0;   5.9;  14.9;  993.67;   20.2;   63.63;   24.9;   15.7;   13.5;eor
       1684;20180620;   10;   7.7;   2.4;    3;   0.0;   0;    9.550;   0;   4.9;  15.7;  992.83;   22.7;   59.21;   29.1;   16.1;   13.7;eor
       1684;20180621;   10;  17.6;   4.9;    3;   5.3;   6;   10.083;   0;   4.4;  13.9;  985.12;   20.6;   56.83;   29.4;   10.1;    8.0;eor
       1684;20180622;   10;  11.5;   3.8;    3;   2.2;   6;    6.617;   0;   5.3;  10.0;  990.09;   11.0;   75.67;   13.9;    7.9;    5.7;eor
       1684;20180623;   10;  12.3;   5.2;    3;   2.3;   6;    2.950;   0;   6.9;  11.0;  991.19;   11.9;   79.13;   14.8;   10.3;    9.4;eor
       1684;20180624;   10;   9.3;   3.9;    3;   0.5;   6;    0.317;   0;   7.9;  12.9;  990.36;   11.7;   93.29;   13.6;   10.5;   10.4;eor
       1684;20180625;   10;   8.9;   2.5;    3;   0.0;   0;    7.733;   0;   6.3;  12.5;  991.88;   15.6;   73.00;   21.3;   11.4;   11.2;eor
       1684;20180626;   10;  11.0;   3.0;    3;   1.1;   6;    4.883;   0;   6.3;  14.1;  993.26;   16.1;   77.92;   21.8;   10.8;    9.2;eor
       1684;20180627;   10;  10.9;   2.5;    3;   0.4;   6;    5.017;   0;   6.5;  13.8;  994.86;   16.4;   76.50;   23.2;   10.6;    8.0;eor
       1684;20180628;   10;  12.7;   3.6;    3;   0.0;   6;    0.950;   0;   6.7;  15.3;  990.27;   18.5;   72.75;   22.5;   13.6;   11.6;eor
       1684;20180629;   10;  11.6;   4.0;    3;   0.0;   0;   10.517;   0;   5.2;  14.1;  986.04;   22.6;   54.63;   29.6;   15.8;   15.0;eor
       1684;20180630;   10;  11.2;   4.7;    3;   0.0;   0;    8.800;   0;   4.9;   9.1;  989.60;   15.9;   51.50;   20.6;    9.2;    6.8;eor
       1684;20180701;   10;   8.9;   3.1;    3;   0.0;   0;    9.667;   0;   4.1;   8.2;  991.23;   14.3;   52.54;   20.6;    7.6;    5.2;eor
       1684;20180702;   10;   8.8;   2.1;    3;   0.0;   0;   15.150;   0;   1.5;   8.3;  989.30;   15.5;   50.58;   23.1;    5.7;    3.5;eor
       1684;20180703;   10;  10.0;   2.7;    3;   0.0;   0;   15.583;   0;   0.9;   8.5;  988.12;   18.9;   42.92;   26.3;   10.0;    6.8;eor
       1684;20180704;   10;   7.7;   2.1;    3;   0.0;   0;   15.650;   0;   1.0;   9.4;  986.13;   22.2;   41.25;   31.1;   11.2;    8.2;eor
       1684;20180705;   10;  12.7;   2.0;    3;   3.1;   6;    6.000;   0;   5.2;  12.8;  982.90;   23.7;   46.63;   31.9;   14.7;   11.8;eor
       1684;20180706;   10;  10.7;   3.3;    3;   0.0;   0;    7.967;   0;   5.8;  15.3;  987.32;   18.9;   70.71;   22.7;   14.6;   12.4;eor
       1684;20180707;   10;   9.7;   3.1;    3;   0.0;   0;   11.983;   0;   3.8;   9.8;  990.81;   18.5;   48.21;   25.0;   12.6;   10.2;eor
       1684;20180708;   10;   7.9;   2.8;    3;   0.0;   0;    8.433;   0;   4.4;  13.2;  991.15;   19.1;   60.42;   25.4;   13.7;   11.8;eor
       1684;20180709;   10;  11.2;   2.9;    3;   0.0;   0;   10.600;   0;   4.9;  12.8;  989.44;   20.4;   55.46;   25.9;   14.3;   12.3;eor
       1684;20180710;   10;   8.6;   2.5;    3;   0.0;   6;    2.233;   0;   7.2;  13.2;  987.17;   15.8;   74.17;   21.7;   13.5;   12.8;eor
       1684;20180711;   10;   9.0;   1.8;    3;   0.2;   6;    1.783;   0;   7.1;  14.3;  986.10;   16.0;   79.42;   21.4;   13.0;   12.0;eor
       1684;20180712;   10;  11.4;   4.1;    3;  16.6;   6;    0.133;   0;   7.6;  15.4;  985.49;   14.8;   90.83;   16.1;   12.8;   11.9;eor
       1684;20180713;   10;  13.0;   3.3;    3;   0.0;   6;    6.950;   0;   5.2;  16.1;  988.56;   19.8;   72.50;   26.5;   14.3;   12.4;eor
       1684;20180714;   10;  10.5;   3.0;    3;   0.0;   0;   13.317;   0;   1.9;  14.6;  989.70;   19.9;   64.83;   26.2;   13.8;   11.3;eor
       1684;20180715;   10;   7.9;   2.1;    3;   0.0;   0;   13.417;   0;   2.5;  14.0;  988.51;   19.4;   64.58;   26.4;   12.6;   10.6;eor
       1684;20180716;   10;   7.3;   2.1;    3;   0.0;   6;   15.050;   0;   2.5;  12.8;  985.27;   20.8;   55.71;   28.1;   10.7;    9.6;eor
       1684;20180717;   10;  11.6;   3.2;    3;   0.4;   6;    2.283;   0;   6.8;  16.3;  983.13;   20.1;   70.67;   26.3;   15.1;   13.8;eor
       1684;20180718;   10;  10.5;   3.5;    3;   1.3;   6;    0.083;   0;   7.2;  15.9;  985.18;   20.7;   66.50;   24.9;   17.8;   16.7;eor
       1684;20180719;   10;  11.0;   3.1;    3;   0.0;   6;    3.867;   0;   6.7;  16.1;  987.82;   18.7;   74.38;   22.4;   15.2;   13.9;eor
       1684;20180720;   10;   8.3;   2.1;    3;   0.0;   0;   13.167;   0;   2.7;  12.5;  986.80;   21.0;   54.25;   27.0;   13.9;   11.5;eor
       1684;20180721;   10;   9.3;   2.6;    3;   0.0;   0;   13.767;   0;   6.6;  12.0;  983.91;   21.9;   50.42;   30.4;   12.4;   10.6;eor
       1684;20180722;   10;   9.8;   2.9;    3;   0.0;   0;   12.567;   0;   5.8;  11.8;  984.68;   21.0;   50.33;   28.1;   13.4;   11.9;eor
       1684;20180723;   10;   9.3;   2.7;    3;   0.0;   0;   11.300;   0;   3.8;  13.8;  987.17;   22.5;   52.38;   29.3;   16.6;   14.2;eor
       1684;20180724;   10;   8.7;   2.5;    3;   0.0;   0;   13.917;   0;   1.9;  14.5;  987.33;   23.0;   54.17;   30.9;   14.1;   11.7;eor
       1684;20180725;   10;  12.8;   3.2;    3;   0.0;   0;   12.800;   0;   2.0;  15.7;  987.03;   23.6;   57.29;   30.9;   16.1;   13.9;eor
       1684;20180726;   10;  11.3;   2.9;    3;   0.0;   0;   10.517;   0;   2.0;  15.7;  988.12;   24.4;   55.21;   31.7;   14.8;   13.6;eor
       1684;20180727;   10;  10.9;   2.4;    3;  13.5;   6;    9.767;   0;   4.0;  18.4;  986.76;   22.5;   69.54;   30.7;   16.0;   14.7;eor
       1684;20180728;   10;  11.5;   2.4;    3;   1.8;   6;   11.433;   0;   6.1;  18.5;  982.46;   23.8;   65.63;   31.4;   16.5;   15.7;eor
       1684;20180729;   10;   8.2;   2.6;    3;   0.0;   0;   13.133;   0;   3.5;  16.2;  987.55;   24.1;   56.33;   30.1;   18.7;   17.9;eor
       1684;20180730;   10;   8.2;   2.4;    3;   0.0;   0;   10.233;   0;   4.2;  15.4;  988.95;   26.0;   48.42;   33.5;   18.0;   15.7;eor
       1684;20180731;   10;   6.7;   2.0;    3;   0.0;   0;   14.600;   0;   0.4;  14.2;  989.12;   27.1;   44.17;   35.1;   16.8;   15.4;eor
       1684;20180801;   10;   8.6;   2.6;    3;   0.0;   0;   13.617;   0;   1.6;  16.7;  990.44;   27.6;   48.54;   34.6;   18.7;   16.7;eor
       1684;20180802;   10;  11.8;   3.0;    3;   0.0;   6;   12.000;   0;   5.3;  19.2;  992.35;   26.3;   58.21;   33.4;   18.2;   17.3;eor
       1684;20180803;   10;   8.5;   2.7;    3;   0.0;   0;   11.050;   0;   2.3;  19.7;  992.64;   26.2;   60.08;   33.3;   19.8;   18.8;eor
       1684;20180804;   10;  12.8;   2.4;    3;   1.4;   6;    7.250;   0;   4.3;  17.1;  989.00;   25.3;   54.79;   33.5;   19.8;   18.0;eor
       1684;20180805;   10;  11.2;   2.9;    3;   0.0;   6;    8.500;   0;   3.6;  16.3;  990.44;   21.5;   65.17;   27.7;   14.0;   11.6;eor
       1684;20180806;   10;   6.8;   1.8;    3;   0.0;   0;   14.600;   0;   0.5;  11.7;  990.77;   21.1;   50.75;   28.8;   11.3;    9.7;eor
       1684;20180807;   10;   9.9;   3.5;    3;   0.0;   0;   13.383;   0;   2.6;  11.4;  986.42;   25.2;   40.79;   34.0;   13.6;   11.4;eor
       1684;20180808;   10;  11.0;   4.2;    3;   0.0;   6;    7.883;   0;   4.6;  17.9;  984.63;   27.5;   50.92;   34.7;   19.1;   17.2;eor
       1684;20180809;   10;  14.2;   3.0;    3;   0.0;   0;    9.350;   0;   3.6;  18.1;  985.62;   26.3;   56.42;   34.4;   17.0;   15.9;eor
       1684;20180810;   10;   9.3;   3.5;    3;   0.4;   6;    0.533;   0;   6.3;  14.7;  992.63;   20.2;   62.46;   23.9;   14.5;   12.0;eor
       1684;20180811;   10;  14.6;   3.2;    3;   2.9;   6;    8.883;   0;   4.2;  11.9;  992.65;   18.4;   57.67;   24.5;   12.8;    9.8;eor
       1684;20180812;   10;   9.5;   2.6;    3;   0.0;   0;   13.250;   0;   5.1;   9.5;  989.55;   18.9;   48.67;   27.4;    8.4;    6.3;eor
       1684;20180813;   10;  14.6;   3.5;    3;   1.3;   6;   10.967;   0;   5.9;  12.7;  981.20;   23.6;   47.54;   32.9;   14.2;   10.9;eor
       1684;20180814;   10;   9.7;   4.0;    3;   0.0;   0;    6.717;   0;   6.4;  15.6;  983.97;   20.9;   65.08;   25.8;   17.3;   16.8;eor
       1684;20180815;   10;  10.2;   3.4;    3;   0.0;   0;    8.983;   0;   5.8;  13.4;  990.18;   20.3;   58.04;   25.5;   15.7;   13.9;eor
       1684;20180816;   10;  10.6;   2.2;    3;   0.0;   0;    9.100;   0;   3.3;  12.7;  990.00;   21.3;   53.67;   28.5;   13.9;   11.8;eor
       1684;20180817;   10;  11.5;   2.2;    3;   0.0;   6;   12.433;   0;   3.2;  12.9;  986.97;   24.9;   43.63;   32.3;   16.2;   12.8;eor
       1684;20180818;   10;  12.1;   2.4;    3;   0.0;   0;   10.467;   0;   4.5;  16.2;  992.00;   22.6;   60.46;   28.8;   17.6;   15.4;eor
       1684;20180819;   10;   5.5;   1.5;    3;   0.0;   0;   11.267;   0;   4.1;  15.3;  991.55;   23.6;   56.00;   31.5;   14.9;   13.3;eor
       1684;20180820;   10;  11.5;   3.1;    3;   0.0;   0;   12.417;   0;   1.7;  14.7;  989.12;   22.8;   54.42;   29.0;   17.4;   15.6;eor
       1684;20180821;   10;   7.0;   2.1;    3;   0.0;   6;    3.117;   0;   5.4;  14.8;  992.41;   20.1;   63.63;   24.9;   13.1;   12.0;eor
       1684;20180822;   10;   5.9;   1.7;    3;   0.0;   0;    7.317;   0;   4.1;  14.6;  990.62;   20.9;   61.42;   28.9;   12.4;   10.5;eor
       1684;20180823;   10;  12.8;   2.3;    3;   1.0;   6;   10.717;   0;   4.1;  14.4;  984.43;   25.0;   51.21;   34.5;   14.9;   13.8;eor
       1684;20180824;   10;  11.0;   3.5;    3;   7.5;   6;    0.950;   0;   7.6;  17.9;  981.65;   19.5;   78.54;   24.2;   15.5;   15.1;eor
       1684;20180825;   10;  13.6;   2.4;    3;   1.0;   6;    1.500;   0;   7.6;  13.1;  983.02;   15.3;   75.88;   18.9;   12.5;   11.1;eor
       1684;20180826;   10;   9.2;   2.6;    3;   0.0;   0;    7.950;   0;   5.3;   9.8;  987.83;   13.7;   64.29;   18.8;    8.9;    6.6;eor
       1684;20180827;   10;  11.8;   4.2;    3;   0.0;   0;    8.217;   0;   5.8;   9.3;  986.93;   17.1;   52.21;   23.8;    8.2;    6.4;eor
       1684;20180828;   10;   7.7;   2.1;    3;   0.0;   0;    5.783;   0;   4.0;  11.9;  991.17;   17.4;   61.71;   22.6;   10.6;    8.0;eor
       1684;20180829;   10;   6.8;   2.2;    3;   0.0;   0;   12.017;   0;   1.5;  11.7;  988.27;   18.7;   59.08;   27.8;    8.8;    6.8;eor
       1684;20180830;   10;   9.5;   4.0;    3;   2.5;   6;    0.033;   0;   7.4;  15.4;  987.14;   18.2;   74.54;   21.9;   15.0;   14.0;eor
       1684;20180831;   10;   8.1;   2.8;    3;   0.0;   6;    8.750;   0;   6.6;  11.8;  992.35;   16.1;   65.50;   20.4;   12.5;   11.3;eor
       1684;20180901;   10;   8.0;   2.9;    3;   5.9;   6;    0.000;   0;   7.9;  14.1;  995.35;   14.2;   86.96;   15.7;   13.1;   13.0;eor
       1684;20180902;   10;   8.7;   3.4;    3;   0.8;   6;    2.567;   0;   6.8;  16.7;  993.98;   16.7;   88.38;   22.1;   13.1;   13.0;eor
       1684;20180903;   10;  11.4;   3.5;    3;   0.0;   0;    3.883;   0;   6.1;  16.3;  988.89;   20.1;   71.13;   25.5;   16.2;   15.0;eor
       1684;20180904;   10;   9.0;   2.1;    3;   0.0;   0;    9.200;   0;   4.4;  15.2;  987.22;   19.2;   70.58;   26.2;   12.8;   10.9;eor
       1684;20180905;   10;   9.3;   2.0;    3;   0.0;   0;   10.800;   0;   3.2;  13.9;  989.19;   18.8;   66.79;   26.1;   11.8;   10.0;eor
       1684;20180906;   10;   8.0;   2.2;    3;   0.0;   0;   11.817;   0;   2.0;  12.7;  985.48;   18.7;   63.25;   25.8;   10.4;    8.7;eor
       1684;20180907;   10;   6.2;   2.2;    3;   0.4;   6;    0.533;   0;   6.2;  14.8;  984.70;   17.4;   74.71;   21.6;   12.1;   10.1;eor
       1684;20180908;   10;   7.5;   2.0;    3;   0.0;   0;    9.417;   0;   4.1;  11.5;  991.95;   15.9;   66.38;   21.4;    8.7;    6.9;eor
       1684;20180909;   10;   6.3;   2.1;    3;   0.0;   0;    7.333;   0;   4.9;  10.7;  993.49;   17.1;   58.79;   25.0;    8.7;    6.6;eor
       1684;20180910;   10;   8.3;   2.1;    3;   0.0;   6;    8.433;   0;   5.4;  10.9;  993.29;   19.3;   53.54;   27.1;    9.5;    7.4;eor
       1684;20180911;   10;  10.3;   3.1;    3;   0.0;   6;    7.950;   0;   6.9;  11.0;  993.30;   20.9;   46.25;   26.9;   16.5;   13.2;eor
       1684;20180912;   10;  10.3;   3.4;    3;   0.0;   0;   12.183;   0;   1.0;  11.2;  991.53;   22.4;   44.00;   30.2;   15.1;   12.1;eor
       1684;20180913;   10;   7.4;   3.1;    3;   3.2;   6;    0.000;   0;   6.4;  14.7;  991.18;   15.0;   86.50;   18.0;   12.1;   11.3;eor
       1684;20180914;   10;   4.6;   2.1;    3;   0.1;   6;    0.000;   0;   6.8;  14.9;  991.75;   13.7;   95.17;   15.1;   10.8;    8.7;eor
       1684;20180915;   10;   8.6;   2.7;    3;   0.0;   0;    5.783;   0;   5.6;  11.4;  993.65;   15.0;   68.79;   19.8;   10.2;    7.9;eor
       1684;20180916;   10;   7.1;   1.8;    3;   0.0;   0;   10.117;   0;   6.6;  10.3;  995.75;   15.5;   62.25;   22.7;    7.9;    6.2;eor
       1684;20180917;   10;   8.6;   3.1;    3;   0.0;   0;   10.917;   0;   5.4;  11.7;  992.50;   18.7;   56.33;   26.1;   11.3;    8.6;eor
       1684;20180918;   10;  10.8;   4.0;    3;   0.0;   0;   11.217;   0;   3.5;  13.9;  989.15;   21.5;   55.71;   28.1;   13.4;   10.2;eor
       1684;20180919;   10;   9.2;   3.3;    3;   0.0;   0;    9.183;   0;   3.0;  13.8;  990.53;   22.2;   52.42;   28.6;   18.2;   14.7;eor
       1684;20180920;   10;  10.5;   3.6;    3;   0.0;   0;   10.283;   0;   3.4;  14.8;  990.00;   23.4;   53.00;   30.0;   17.3;   13.4;eor
       1684;20180921;   10;  19.8;   6.0;    3;   6.7;   6;    9.950;   0;   5.0;  13.9;  983.30;   21.3;   58.29;   29.6;   12.1;   11.0;eor
       1684;20180922;   10;  12.6;   4.4;    3;   0.0;   6;    2.700;   0;   6.1;   9.2;  990.19;   12.7;   63.79;   16.5;    9.1;    7.8;eor
       1684;20180923;   10;  16.1;   4.5;    3;  33.4;   6;    0.000;   0;   7.8;  10.7;  982.69;   11.3;   80.50;   13.4;    6.9;    6.9;eor
       1684;20180924;   10;  15.5;   5.9;    3;   1.6;   6;    4.567;   0;   5.5;   8.6;  994.47;    8.5;   77.75;   12.5;    5.9;    4.4;eor
       1684;20180925;   10;   9.4;   3.3;    3;   0.0;   0;    5.350;   0;   3.9;   7.2; 1006.85;    7.5;   71.50;   12.7;    2.5;    0.5;eor
       1684;20180926;   10;  12.2;   4.8;    3;   0.0;   0;    6.600;   0;   6.1;   6.5; 1005.18;    9.3;   57.88;   15.0;    2.2;   -0.5;eor
       1684;20180927;   10;   9.3;   4.1;    3;   0.0;   6;    4.217;   0;   4.4;  10.8;  998.20;   15.6;   60.21;   20.3;   13.2;   12.0;eor
       1684;20180928;   10;   8.6;   3.2;    3;   0.1;   6;    2.983;   0;   4.3;  10.0;  992.99;   12.0;   70.75;   15.1;    6.3;    3.0;eor
       1684;20180929;   10;   6.5;   1.9;    3;   0.0;   0;   10.550;   0;   1.2;   7.1;  998.87;    7.8;   69.25;   13.9;    3.3;    0.6;eor
       1684;20180930;   10;  11.1;   4.3;    3;   0.0;   0;   11.267;   0;   0.8;   6.9;  990.10;   10.5;   56.71;   16.7;    2.1;    0.4;eor
       1684;20181001;   10;   9.5;   3.6;    3;   0.2;   6;    3.000;   0;   5.2;   8.3;  984.05;    9.9;   68.08;   13.0;    6.9;    3.5;eor
       1684;20181002;   10;  14.0;   6.0;    3;   2.1;   6;    1.350;   0;   7.4;   8.1;  987.60;    8.2;   74.50;   10.9;    6.0;    5.5;eor
       1684;20181003;   10;  18.2;   6.3;    3;   2.9;   6;    4.150;   0;   6.0;   9.2;  989.87;    9.9;   75.25;   12.2;    7.7;    5.7;eor
       1684;20181004;   10;   7.9;   2.9;    3;   0.0;   0;    6.400;   0;   6.7;   9.3;  997.85;   10.8;   72.46;   15.8;    7.7;    5.5;eor
       1684;20181005;   10;  15.0;   4.6;    3;   0.0;   0;   10.800;   0;   2.1;   9.1;  994.28;   14.0;   57.75;   19.1;    7.4;    4.1;eor
       1684;20181006;   10;  14.9;   6.4;    3;   0.0;   6;    9.633;   0;   5.8;   9.7;  985.14;   15.3;   55.71;   18.7;   11.6;    9.8;eor
       1684;20181007;   10;  10.5;   4.2;    3;   0.0;   0;    4.900;   0;   6.5;  11.5;  987.41;   13.9;   72.13;   19.1;    5.8;    2.7;eor
       1684;20181008;   10;   6.5;   1.7;    3;   0.0;   0;    8.400;   0;   5.1;   9.2;  994.27;   10.0;   76.42;   17.9;    2.7;    0.7;eor
       1684;20181009;   10;   6.6;   2.5;    3;   0.0;   0;    9.633;   0;   6.5;  11.9;  995.12;   13.7;   76.96;   21.0;    8.6;    5.3;eor
       1684;20181010;   10;   6.5;   2.2;    3;   0.0;   0;   10.550;   0;   2.3;  12.0;  994.74;   15.8;   69.42;   23.6;    7.8;    5.4;eor
       1684;20181011;   10;  12.7;   4.4;    3;   0.0;   0;   10.333;   0;   1.0;  10.4;  991.44;   19.1;   48.63;   25.4;   10.8;    7.3;eor
       1684;20181012;   10;  13.3;   5.3;    3;   0.0;   0;   10.283;   0;   0.3;  11.5;  995.37;   18.8;   53.54;   23.2;   15.9;   11.2;eor
       1684;20181013;   10;   9.7;   4.4;    3;   0.0;   0;   10.150;   0;   0.0;  10.8;  996.36;   18.2;   52.58;   23.8;   12.6;    9.6;eor
       1684;20181014;   10;  14.6;   5.5;    3;   0.0;   0;   10.150;   0;   0.0;   9.0;  989.80;   18.8;   42.54;   24.1;   12.2;    9.2;eor
       1684;20181015;   10;  18.3;   7.2;    3;   0.0;   0;    3.800;   0;   4.8;   7.8;  988.96;   18.1;   37.63;   22.2;   14.4;   10.7;eor
       1684;20181016;   10;  10.0;   3.3;    3;   0.0;   0;    9.400;   0;   2.5;   9.1;  990.48;   15.9;   51.13;   20.6;    8.4;    6.3;eor
       1684;20181017;   10;   6.3;   2.0;    3;   0.0;   0;    9.167;   0;   1.2;  10.2;  991.27;   13.9;   66.21;   21.0;    8.2;    5.4;eor
       1684;20181018;   10;   7.0;   2.0;    3;   0.2;   6;    8.583;   0;   1.6;  11.4;  992.02;   12.3;   81.25;   18.5;    6.8;    4.4;eor
       1684;20181019;   10;   4.5;   1.4;    3;   0.7;   6;    0.000;   0;   8.0;  12.9;  995.68;   10.9;   98.71;   11.6;   10.2;   10.1;eor
       1684;20181020;   10;   7.8;   1.9;    3;   0.0;   6;    2.417;   0;   7.2;   9.0;  998.89;    8.6;   80.29;   10.8;    7.0;    4.6;eor
       1684;20181021;   10;   4.3;   1.4;    3;   0.0;   0;    6.250;   0;   4.1;   8.6;  999.67;    7.9;   81.17;   13.7;    2.9;   -0.4;eor
       1684;20181022;   10;  10.4;   2.7;    3;   1.5;   6;    3.400;   0;   5.0;   8.8;  998.32;    7.4;   85.42;   12.8;    2.8;   -0.6;eor
       1684;20181023;   10;  20.7;   7.4;    3;  14.8;   6;    0.167;   0;   7.3;   9.0;  987.37;    7.3;   87.67;   10.1;    3.2;    1.5;eor
       1684;20181024;   10;  17.9;   5.1;    3;   1.4;   6;    2.417;   0;   6.5;   7.8;  984.24;    8.1;   71.50;   10.2;    5.5;    3.7;eor
       1684;20181025;   10;  17.1;   6.0;    3;   1.7;   6;    0.100;   0;   7.5;  10.6;  983.60;   10.2;   85.21;   12.3;    7.5;    7.1;eor
       1684;20181026;   10;   9.5;   4.2;    3;   0.0;   6;    1.067;   0;   7.3;   9.3;  979.71;    9.4;   78.17;   12.3;    7.6;    6.2;eor
       1684;20181027;   10;  11.0;   3.9;    3;   0.0;   6;    0.750;   0;   8.0;   7.6;  978.40;    7.4;   73.38;    9.8;    4.5;    3.7;eor
       1684;20181028;   10;  12.2;   5.0;    3;  10.2;   8;    0.000;   0;   8.0;   7.0;  983.26;    3.1;   91.83;    4.7;    1.6;    1.4;eor
       1684;20181029;   10;  10.7;   4.6;    3;   0.0;   6;    0.000;   0;   8.0;   8.2;  976.58;    4.2;   98.58;    9.8;    2.5;    2.4;eor
       1684;20181030;   10;  23.0;   8.6;    3;   0.0;   0;    7.400;   0;   5.3;  10.1;  970.18;   15.7;   56.58;   19.8;    8.1;    6.4;eor
       1684;20181031;   10;  14.4;   4.0;    3;   0.0;   0;    9.067;   0;   3.5;   7.3;  989.67;    9.4;   63.54;   15.1;    3.1;    1.5;eor
       1684;20181101;   10;  12.7;   3.3;    3;   0.0;   0;    5.717;   0;   6.6;   9.3;  985.78;   11.4;   70.13;   16.5;    1.8;    1.1;eor
       1684;20181102;   10;   5.3;   1.8;    3;   3.6;   6;    2.950;   0;   6.4;  10.0;  993.87;   10.1;   81.29;   13.6;    5.3;    3.0;eor
       1684;20181103;   10;   7.0;   2.6;    3;   0.3;   6;    0.000;   0;   7.9;  11.0;  999.05;    9.0;   95.13;   10.4;    8.0;    7.9;eor
       1684;20181104;   10;   6.6;   2.8;    3;   0.0;   6;    0.567;   0;   7.9;  11.6;  991.68;    9.8;   96.04;   12.1;    8.7;    8.9;eor
       1684;20181105;   10;  13.0;   3.1;    3;   0.0;   0;    2.383;   0;   7.6;  10.4;  985.67;   11.5;   79.29;   17.0;    7.3;    7.5;eor
       1684;20181106;   10;  15.0;   6.5;    3;   0.0;   0;    8.650;   0;   1.1;  11.0;  983.93;   14.2;   68.50;   17.5;   12.0;    8.4;eor
       1684;20181107;   10;  11.5;   5.2;    3;   0.0;   0;    7.550;   0;   3.5;  10.8;  984.75;   12.8;   72.79;   16.1;   10.7;    8.3;eor
       1684;20181108;   10;  11.6;   3.2;    3;   0.0;   0;    1.500;   0;   6.6;  10.8;  991.90;   10.6;   85.08;   13.5;    6.3;    4.5;eor
       1684;20181109;   10;  10.0;   2.4;    3;   0.0;   0;    1.417;   0;   6.7;  10.0;  989.47;    7.9;   94.08;   11.2;    3.9;    3.3;eor
       1684;20181110;   10;  12.5;   6.2;    3;   0.0;   0;    7.983;   0;   2.6;   9.8;  984.07;    9.8;   80.67;   12.9;    7.7;    5.9;eor
       1684;20181111;   10;  14.8;   6.9;    3;   0.0;   0;    3.533;   0;   3.3;   9.6;  985.83;    9.7;   79.29;   11.9;    8.2;    6.2;eor
       1684;20181112;   10;  15.3;   6.8;    3;   0.0;   0;    5.117;   0;   2.8;  10.4;  991.20;   11.0;   78.75;   13.4;    8.6;    6.2;eor
       1684;20181113;   10;  15.1;   5.9;    3;   3.0;   6;    0.000;   0;   7.1;  10.6;  995.03;   10.0;   86.13;   11.9;    7.0;    4.8;eor
       1684;20181114;   10;   7.9;   2.6;    3;   0.0;   0;    4.717;   0;   6.9;   8.7; 1001.15;    7.5;   83.79;   11.0;    3.5;    1.9;eor
       1684;20181115;   10;   5.4;   2.0;    3;   0.0;   0;    7.383;   0;   4.2;   7.8; 1001.70;    5.7;   85.88;   11.7;    1.0;   -2.4;eor
       1684;20181116;   10;   8.9;   3.0;    3;   0.0;   0;    8.117;   0;   2.1;   6.5; 1005.10;    3.2;   84.42;    7.6;   -1.9;   -3.9;eor
       1684;20181117;   10;  11.3;   4.2;    3;   0.0;   0;    8.083;   0;   1.2;   5.3; 1006.54;    1.2;   80.71;    5.0;   -3.4;   -5.9;eor
       1684;20181118;   10;   4.9;   1.6;    3;   3.3;   7;    3.133;   0;   4.9;   4.5;  999.43;   -2.7;   89.00;    0.6;   -6.9;   -8.9;eor
       1684;20181119;   10;  12.8;   4.2;    3;   0.0;   8;    0.000;   2;   7.9;   5.8;  991.45;    0.5;   91.58;    1.6;   -0.8;   -0.7;eor
       1684;20181120;   10;  14.4;   6.2;    3;   0.1;   7;    0.000;   0;   7.9;   5.2;  988.24;    0.3;   83.46;    0.7;   -0.2;   -0.6;eor
       1684;20181121;   10;  10.3;   4.6;    3;   0.1;   8;    0.000;   0;   8.0;   5.7;  990.80;   -0.1;   93.50;    0.3;   -0.7;   -0.7;eor
       1684;20181122;   10;   9.4;   3.3;    3;   0.0;   6;    0.000;   0;   8.0;   5.7;  994.15;    0.4;   91.21;    1.2;   -0.1;   -0.1;eor
       1684;20181123;   10;   9.7;   2.2;    3;   0.0;   6;    0.017;   0;   6.3;   6.6;  992.77;    2.2;   92.71;    5.8;   -0.8;   -2.7;eor
       1684;20181124;   10;   8.8;   2.7;    3;   0.0;   6;    0.000;   0;   7.3;   7.1;  985.61;    3.4;   90.75;    6.3;   -1.3;   -3.0;eor
       1684;20181125;   10;   8.2;   2.9;    3;   0.0;   6;    3.200;   0;   6.5;   7.9;  983.44;    5.4;   88.38;    8.9;    2.6;    0.4;eor
       1684;20181126;   10;  10.5;   5.4;    3;   0.0;   6;    0.000;   0;   8.0;   6.8;  982.74;    2.4;   92.33;    4.5;   -0.4;   -0.3;eor
       1684;20181127;   10;   8.0;   3.7;    3;   0.0;   0;    2.533;   0;   8.0;   4.5;  991.53;   -1.1;   78.75;   -0.1;   -2.3;   -2.1;eor
       1684;20181128;   10;   5.7;   2.1;    3;   0.0;   0;    7.617;   0;   2.5;   4.2;  999.40;   -1.1;   74.67;    3.1;   -4.7;   -6.4;eor
       1684;20181129;   10;  17.8;   6.1;    3;   0.0;   0;    6.950;   0;   4.8;   3.1;  995.65;   -1.0;   57.21;    2.4;   -6.2;   -8.1;eor
       1684;20181130;   10;  18.9;   8.9;    3;   0.3;   8;    0.300;   0;   7.1;   3.4;  988.66;   -0.2;   56.54;    0.8;   -1.7;   -2.6;eor
       1684;20181201;   10;  12.6;   5.8;    3;   0.0;   6;    0.067;   0;   7.8;   5.2;  987.44;   -0.4;   87.38;    2.1;   -2.4;   -2.6;eor
       1684;20181202;   10;  16.0;   8.3;    3;   3.2;   6;    0.033;   0;   7.3;   6.5;  978.43;    2.8;   86.83;    4.8;    1.4;    0.4;eor
       1684;20181203;   10;  12.8;   6.1;    3;   1.6;   6;    1.317;   0;   7.2;   9.2;  974.63;    7.2;   90.92;    9.9;    4.5;    4.1;eor
       1684;20181204;   10;  12.9;   4.5;    3;   1.0;   6;    2.067;   0;   4.8;   7.8;  985.12;    5.7;   83.83;    9.9;    1.2;   -1.2;eor
       1684;20181205;   10;   9.1;   3.2;    3;   0.0;   0;    7.150;   0;   2.7;   5.7;  998.33;    2.0;   81.25;    5.5;   -0.9;   -2.8;eor
       1684;20181206;   10;  17.3;   7.7;    3;   0.1;   6;    0.000;   0;   7.9;   5.4;  990.27;    2.8;   72.04;    3.5;    0.7;   -1.8;eor
       1684;20181207;   10;  12.9;   6.4;    3;   9.9;   6;    0.000;   0;   8.0;   9.5;  980.12;    7.3;   92.25;    9.8;    3.4;    3.2;eor
       1684;20181208;   10;  21.7;   7.5;    3;   3.3;   6;    2.000;   0;   6.4;   7.4;  975.20;    6.3;   76.88;    9.9;    4.5;    3.2;eor
       1684;20181209;   10;  15.8;   7.9;    3;   2.9;   6;    0.000;   0;   7.8;   8.0;  967.60;    6.6;   81.83;    7.9;    5.1;    3.6;eor
       1684;20181210;   10;  15.4;   7.0;    3;   2.6;   8;    0.733;   0;   7.2;   6.4;  980.50;    3.4;   82.00;    5.2;    1.9;    1.1;eor
       1684;20181211;   10;  13.7;   4.6;    3;   6.8;   8;    0.000;   0;   7.9;   6.4;  983.98;    1.6;   93.38;    2.9;    0.0;    0.0;eor
       1684;20181212;   10;   7.3;   2.8;    3;   1.8;   8;    0.000;   3;   7.1;   6.1;  992.58;    0.4;   96.38;    1.4;   -2.4;   -4.5;eor
       1684;20181213;   10;   6.9;   2.2;    3;   0.3;   8;    0.000;   1;   7.8;   5.7;  993.63;   -0.6;   96.33;    0.3;   -2.8;   -3.2;eor
       1684;20181214;   10;   7.4;   3.4;    3;   0.0;   7;    0.000;   0;   8.0;   5.4;  995.41;   -0.6;   93.42;    0.0;   -1.6;   -1.5;eor
       1684;20181215;   10;   6.8;   3.5;    3;   0.0;   7;    0.000;   0;   8.0;   5.1;  996.92;   -1.3;   90.96;   -0.6;   -1.9;   -1.9;eor
       1684;20181216;   10;  12.4;   4.6;    3;   0.0;   7;    0.633;   1;   7.8;   4.0;  988.22;   -1.9;   75.21;   -1.3;   -2.5;   -3.1;eor
       1684;20181217;   10;  10.0;   4.1;    3;   0.0;   8;    0.000;   0;   7.8;   5.3;  992.03;    0.0;   85.92;    1.7;   -2.0;   -1.9;eor
       1684;20181218;   10;  12.2;   3.4;    3;   0.0;   6;    0.000;   0;   6.2;   6.3;  997.08;    2.0;   89.21;    3.7;   -0.1;   -2.4;eor
       1684;20181219;   10;  15.6;   7.2;    3;   0.0;   8;    0.133;   0;   6.7;   5.4;  990.43;    1.7;   78.08;    2.5;    0.1;   -1.5;eor
       1684;20181220;   10;  13.4;   6.9;    3;   0.4;   8;    0.000;   0;   7.8;   5.4;  987.78;    0.7;   83.92;    2.8;   -0.9;   -0.6;eor
       1684;20181221;   10;  18.1;   8.2;    3;   4.3;   6;    0.000;   0;   7.7;   7.6;  980.90;    4.7;   88.13;   10.6;    1.8;    0.8;eor
       1684;20181222;   10;  15.9;   5.7;    3;   9.4;   6;    0.000;   0;   7.7;   8.6;  979.70;    7.0;   86.29;   10.5;    4.6;    4.3;eor
       1684;20181223;   10;  12.7;   4.1;    3;   8.6;   6;    0.000;   0;   7.9;   8.2;  987.40;    5.2;   92.04;    6.6;    3.6;    3.3;eor
       1684;20181224;   10;  12.9;   4.3;    3;   0.2;   8;    0.000;   0;   8.0;   5.7;  992.25;    0.7;   87.25;    3.9;   -1.1;   -0.9;eor
       1684;20181225;   10;  12.7;   5.7;    3;   0.8;   6;    0.000;   0;   8.0;   6.6;  998.82;    2.5;   89.96;    3.7;    0.5;    0.2;eor
       1684;20181226;   10;  12.1;   5.1;    3;   0.4;   6;    0.000;   0;   8.0;   7.0;  997.94;    3.3;   90.25;    4.5;    2.5;    2.5;eor
       1684;20181227;   10;   9.5;   4.1;    3;   0.0;   6;    1.800;   0;   7.6;   7.9;  995.76;    5.3;   88.38;    6.5;    4.2;    2.8;eor
       1684;20181228;   10;   8.5;   4.1;    3;   0.6;   6;    0.000;   0;   7.9;   7.4;  995.51;    3.9;   91.63;    4.3;    3.2;    1.7;eor
       1684;20181229;   10;  10.9;   4.5;    3;   5.2;   6;    0.000;   0;   8.0;   7.7;  996.82;    4.0;   94.46;    4.8;    2.4;    2.2;eor
       1684;20181230;   10;  16.0;   5.6;    3;   4.4;   6;    0.000;   0;   7.8;   7.4;  993.00;    4.1;   90.04;    5.9;    2.2;    2.0;eor
       1684;20181231;   10;   8.4;   2.5;    3;   0.6;   6;    4.383;   0;   7.1;   7.1; 1000.35;    3.9;   87.92;    5.7;    2.1;    0.5;eor
       1684;20190101;   10;  19.2;   7.1;    3;   0.9;   8;    0.000;   0;   7.3;   7.7;  989.53;    5.6;   84.21;    7.2;    1.2;    0.9;eor
       1684;20190102;   10;  15.6;   6.0;    3;   0.5;   8;    0.050;   0;   7.1;   4.9;  991.79;    0.2;   77.92;    2.1;   -1.5;   -2.4;eor
       1684;20190103;   10;  11.3;   4.2;    3;   1.7;   8;    0.917;   0;   6.8;   4.3; 1000.65;   -2.2;   82.58;   -0.4;   -3.4;   -8.4;eor
       1684;20190104;   10;  11.6;   4.2;    3;   1.9;   8;    0.000;   2;   7.5;   5.4;  998.15;   -1.3;   94.54;    2.0;   -6.1;  -10.9;eor
       1684;20190105;   10;  12.6;   5.3;    3;   3.3;   8;    0.000;   0;   7.7;   7.6;  989.27;    3.6;   96.13;    5.6;    1.0;    0.3;eor
       1684;20190106;   10;   7.9;   3.1;    3;   0.0;   8;    0.000;   0;   7.9;   5.1;  996.91;    0.4;   81.75;    1.0;   -0.7;   -1.5;eor
       1684;20190107;   10;   9.8;   2.8;    3;   5.2;   8;    0.000;   0;   7.9;   6.3;  996.95;    1.2;   93.83;    3.6;   -0.6;   -0.9;eor
       1684;20190108;   10;  17.0;   7.1;    3;   7.2;   8;    0.200;   0;   7.5;   6.9;  975.51;    3.2;   89.75;    5.2;    0.6;    0.3;eor
       1684;20190109;   10;  12.3;   5.2;    3;   7.0;   8;    0.000;   2;   7.7;   6.1;  974.88;    0.1;   98.83;    0.8;   -0.2;   -0.1;eor
       1684;20190110;   10;   9.6;   4.8;    3;   2.2;   8;    0.000;  10;   7.5;   5.6;  990.01;   -0.5;   95.08;    0.1;   -2.4;   -0.4;eor
       1684;20190111;   10;  11.0;   4.8;    3;   1.1;   8;    0.000;   9;   7.6;   5.0;  988.86;   -1.7;   91.79;    2.3;   -6.0;   -2.6;eor
       1684;20190112;   10;  11.9;   5.4;    3;   3.3;   6;    0.000;   4;   7.7;   6.7;  982.48;    2.6;   91.42;    3.5;    1.9;    0.0;eor
       1684;20190113;   10;  19.8;   6.8;    3;  14.0;   8;    0.000;   0;   7.5;   7.6;  969.19;    4.3;   90.96;    6.7;    2.4;    2.0;eor
       1684;20190114;   10;  17.9;   7.4;    3;   0.5;   8;    2.350;   0;   6.1;   4.9;  971.47;    1.3;   71.92;    5.2;   -2.5;   -2.9;eor
       1684;20190115;   10;  18.9;   7.6;    3;   3.6;   8;    0.000;   0;   7.5;   6.0;  981.20;    1.8;   85.08;    4.6;   -0.6;   -0.6;eor
       1684;20190116;   10;  15.2;   6.8;    3;   0.0;   6;    0.050;   0;   7.9;   7.0;  980.03;    4.3;   84.54;    5.7;    2.5;    1.7;eor
       1684;20190117;   10;  13.9;   6.7;    3;   1.1;   8;    0.017;   0;   6.9;   6.5;  973.63;    3.7;   81.58;    5.2;    1.4;    0.5;eor
       1684;20190118;   10;  13.2;   4.6;    3;   0.4;   8;    0.583;   0;   6.5;   4.3;  986.25;   -1.2;   75.50;    2.4;   -4.4;   -6.8;eor
       1684;20190119;   10;   5.5;   1.8;    3;   0.0;   0;    7.800;   0;   5.8;   3.9;  990.86;   -2.2;   75.29;    2.2;   -6.1;   -8.5;eor
       1684;20190120;   10;   4.0;   1.3;    3;   0.0;   7;    7.850;   0;   0.0;   3.7;  989.59;   -4.7;   85.04;    0.0;   -8.2;   -9.7;eor
       1684;20190121;   10;   3.8;   1.2;    3;   0.0;   7;    0.000;   0;   7.8;   3.8;  992.55;   -5.9;   96.33;   -4.4;   -8.2;  -10.0;eor
       1684;20190122;   10;   5.4;   2.3;    3;   0.0;   0;    7.983;   1;   1.3;   3.5;  983.78;   -5.4;   86.13;   -0.6;   -8.2;  -11.0;eor
       1684;20190123;   10;  12.5;   4.0;    3;   0.0;   7;    0.283;   0;   6.8;   3.2;  975.75;   -6.7;   86.00;   -3.7;  -10.0;  -12.0;eor
       1684;20190124;   10;  10.2;   4.0;    3;   0.0;   7;    0.000;   1;   8.0;   3.4;  981.25;   -4.8;   78.83;   -3.8;   -5.6;   -5.4;eor
       1684;20190125;   10;   9.3;   2.9;    3;   0.0;   8;    0.000;   1;   7.9;   3.4;  984.74;   -4.8;   80.33;   -3.6;   -5.7;   -5.5;eor
       1684;20190126;   10;  12.8;   5.3;    3;   7.3;   8;    0.000;   1;   7.8;   5.5;  975.59;   -0.8;   92.88;    2.4;   -4.3;   -4.4;eor
       1684;20190127;   10;  16.9;   7.0;    3;   0.0;   6;    0.433;   1;   7.8;   6.5;  964.91;    3.2;   84.75;    4.6;    1.6;    0.9;eor
       1684;20190128;   10;  13.5;   5.6;    3;   0.4;   8;    3.583;   1;   7.4;   5.9;  964.81;    2.6;   79.42;    4.7;    1.0;   -0.5;eor
       1684;20190129;   10;  14.7;   4.4;    3;   0.0;   8;    1.733;   1;   7.3;   5.3;  974.56;    0.1;   86.00;    1.9;   -2.4;   -4.3;eor
       1684;20190130;   10;  12.1;   3.3;    3;   0.0;   0;    7.900;   1;   5.6;   4.3;  972.32;   -1.2;   76.58;    2.8;   -4.6;   -6.1;eor
       1684;20190131;   10;   9.0;   3.4;    3;   0.0;   0;    5.650;   0;   5.5;   4.6;  972.28;    0.0;   76.04;    2.9;   -1.7;   -3.6;eor
       1684;20190201;   10;  12.7;   2.7;    3;   0.0;   6;    0.067;   0;   6.7;   4.9;  968.22;    0.0;   79.63;    2.8;   -4.1;   -6.0;eor
       1684;20190202;   10;   5.5;   1.6;    3;   1.0;   6;    0.000;   0;   7.7;   6.4;  968.25;    1.2;   95.75;    2.2;   -0.5;   -1.3;eor
       1684;20190203;   10;   8.7;   3.7;    3;  14.5;   8;    0.000;   0;   7.4;   6.0;  982.69;   -0.1;   98.46;    1.0;   -0.5;   -0.4;eor
       1684;20190204;   10;  10.2;   3.4;    3;   0.0;   7;    3.217;  16;   4.5;   5.1;  998.53;   -0.7;   88.00;    1.9;   -2.8;   -4.2;eor
       1684;20190205;   10;  12.2;   5.4;    3;   0.0;   0;    2.867;  14;   6.8;   4.5;  998.42;   -1.0;   78.63;    0.6;   -3.9;   -3.6;eor
       1684;20190206;   10;  14.2;   5.8;    3;   0.0;   0;    7.633;  12;   5.9;   4.9;  997.49;   -0.1;   81.17;    1.3;   -1.5;   -3.6;eor
       1684;20190207;   10;  18.6;   8.3;    3;   0.7;   8;    2.783;  11;   7.7;   4.5;  986.75;   -0.2;   74.58;    1.2;   -1.5;   -3.6;eor
       1684;20190208;   10;  13.7;   7.5;    3;   0.0;   0;    8.517;  10;   4.4;   6.0;  987.75;    2.3;   82.83;    4.5;   -1.1;   -2.6;eor
       1684;20190209;   10;  20.3;   8.0;    3;   0.0;   6;    4.567;   6;   6.2;   6.1;  980.67;    4.9;   70.17;    6.9;    3.3;    0.4;eor
       1684;20190210;   10;  19.2;   9.1;    3;   2.1;   8;    1.117;   2;   6.9;   6.6;  973.87;    5.5;   73.79;    8.5;    3.5;    1.4;eor
       1684;20190211;   10;  16.7;   7.0;    3;   1.8;   8;    0.967;   0;   6.9;   6.5;  977.99;    3.2;   84.75;    5.7;    0.8;   -0.4;eor
       1684;20190212;   10;  12.3;   4.3;    3;   3.6;   8;    4.717;   0;   5.7;   5.3;  997.18;    1.1;   80.42;    3.7;   -0.7;   -3.6;eor
       1684;20190213;   10;  10.7;   4.9;    3;   0.1;   6;    0.000;   0;   7.8;   7.4; 1003.46;    3.7;   92.21;    5.3;    1.3;    0.6;eor
       1684;20190214;   10;   7.5;   2.6;    3;   0.0;   6;    5.583;   0;   4.3;   7.4; 1006.12;    4.8;   85.46;    8.6;    0.0;   -2.3;eor
       1684;20190215;   10;   4.7;   1.8;    3;   0.0;   0;    9.450;   0;   2.7;   5.6; 1004.65;    4.2;   71.75;   12.1;   -1.7;   -3.7;eor
       1684;20190216;   10;   9.8;   3.8;    3;   0.0;   0;    9.667;   0;   1.6;   6.2;  999.13;    6.5;   65.00;   12.4;    0.4;   -2.7;eor
       1684;20190217;   10;   6.5;   3.0;    3;   0.0;   0;    9.383;   0;   6.8;   6.3;  996.21;    7.5;   61.00;   13.5;    1.9;   -1.1;eor
       1684;20190218;   10;   8.6;   4.3;    3;   0.0;   0;    9.833;   0;   4.1;   6.0;  991.77;    8.4;   55.63;   13.7;    4.7;    0.3;eor
       1684;20190219;   10;  11.7;   5.4;    3;   0.0;   6;    5.917;   0;   4.0;   7.0;  988.19;    6.7;   71.58;   12.1;    3.9;    2.4;eor
       1684;20190220;   10;   9.6;   4.4;    3;   0.0;   0;    0.033;   0;   7.7;   6.7;  992.96;    6.1;   71.58;    8.4;    3.9;    1.4;eor
       1684;20190221;   10;  10.9;   4.0;    3;  10.0;   6;    0.050;   0;   7.7;   7.8;  995.28;    6.0;   82.50;    8.3;    2.9;    1.0;eor
       1684;20190222;   10;  13.4;   5.2;    3;   0.9;   6;    4.833;   0;   4.0;   6.1; 1005.04;    2.1;   79.92;    7.4;   -4.0;   -4.5;eor
       1684;20190223;   10;   6.4;   2.3;    3;   0.0;   0;    6.800;   0;   5.0;   3.1; 1013.63;   -1.6;   58.96;    3.3;   -5.9;   -6.3;eor
       1684;20190224;   10;   5.3;   2.2;    3;   0.0;   0;    5.250;   0;   4.9;   3.5; 1009.62;    2.5;   48.67;    9.3;   -2.8;   -3.8;eor
       1684;20190225;   10;   7.3;   2.8;    3;   0.0;   0;    9.567;   0;   4.7;   4.7; 1006.98;    5.8;   51.13;   12.3;   -0.8;   -2.7;eor
       1684;20190226;   10;   9.0;   3.0;    3;   0.0;   0;    1.317;   0;   6.4;   6.4; 1002.93;    6.5;   65.46;   10.4;    1.1;   -1.6;eor
       1684;20190227;   10;   6.0;   2.5;    3;   0.0;   0;    9.933;   0;   0.9;   7.1;  996.95;    6.2;   75.67;   14.4;   -1.5;   -3.2;eor
       1684;20190228;   10;  14.6;   4.6;    3;   0.3;   6;    9.167;   0;   3.3;   6.9;  983.06;    8.9;   60.63;   12.9;    5.4;    1.1;eor
       1684;20190301;   10;   7.7;   2.8;    3;   4.4;   6;    0.000;   0;   7.8;   8.4;  982.52;    5.1;   95.04;    8.1;    2.2;    2.0;eor
       1684;20190302;   10;   7.5;   3.1;    3;   0.2;   8;    0.000;   0;   7.9;   6.4;  986.64;    3.1;   84.08;    4.5;    1.2;    0.8;eor
       1684;20190303;   10;  12.2;   6.3;    3;   0.3;   6;    0.983;   0;   7.7;   8.6;  980.67;    8.1;   80.08;   11.2;    3.8;    2.4;eor
       1684;20190304;   10;  20.3;   8.3;    3;   0.5;   6;    0.300;   0;   7.4;   7.6;  969.45;    9.7;   63.67;   14.5;    4.7;    2.9;eor
       1684;20190305;   10;  17.8;   7.0;    3;   1.2;   6;    3.067;   0;   6.7;   6.3;  976.31;    5.2;   72.33;    8.6;    1.7;   -0.7;eor
       1684;20190306;   10;  14.7;   5.9;    3;   0.0;   0;    9.517;   0;   4.3;   6.7;  981.63;    5.8;   73.42;    9.4;    0.4;   -1.9;eor
       1684;20190307;   10;  15.5;   7.9;    3;   0.0;   6;    0.767;   0;   6.2;   7.6;  972.46;    9.7;   63.17;   13.7;    5.9;    4.4;eor
       1684;20190308;   10;  19.9;   7.6;    3;   2.2;   6;    2.083;   0;   5.5;   7.1;  980.88;    6.6;   73.04;    9.6;    3.0;    1.6;eor
       1684;20190309;   10;  22.1;   8.2;    3;   7.2;   8;    1.900;   0;   7.4;   7.4;  980.27;    6.4;   77.29;   10.8;    3.1;    1.4;eor
       1684;20190310;   10;  24.9;   6.7;    3;   6.5;   8;    0.100;   0;   7.2;   7.3;  975.48;    5.9;   78.75;    9.2;    0.7;    0.5;eor
       1684;20190311;   10;  18.7;   6.3;    3;   1.7;   8;    3.133;   0;   7.2;   6.0;  982.68;    2.7;   81.71;    6.5;    0.4;    0.2;eor
       1684;20190312;   10;  16.6;   5.7;    3;   0.2;   8;    5.133;   0;   6.6;   6.0;  988.46;    3.8;   75.50;    6.7;    0.6;   -0.9;eor
       1684;20190313;   10;  17.3;   8.0;    3;   0.3;   6;    4.650;   0;   6.9;   5.6;  976.97;    6.1;   60.67;    9.1;    2.4;    1.5;eor
       1684;20190314;   10;  15.7;   7.6;    3;   7.3;   8;    1.350;   0;   7.5;   7.0;  972.43;    5.4;   78.38;    8.5;    2.5;    2.2;eor
       1684;20190315;   10;  17.7;   7.4;    3;   6.2;   6;    0.833;   0;   7.7;   7.7;  971.98;    6.9;   77.17;    9.3;    4.8;    3.7;eor
       1684;20190316;   10;  17.5;   6.7;    3;   1.9;   6;    1.000;   0;   7.8;   7.5;  977.80;    6.4;   77.75;    8.6;    4.9;    3.9;eor
       1684;20190317;   10;  15.7;   7.1;    3;   0.6;   6;    9.700;   0;   5.6;   8.0;  975.20;    9.5;   69.83;   16.7;    5.5;    4.7;eor
       1684;20190318;   10;  16.1;   5.6;    3;   0.0;   6;    4.750;   0;   5.4;   6.2;  985.14;    4.9;   71.71;    7.6;    2.3;    0.5;eor
       1684;20190319;   10;  10.5;   3.5;    3;   0.0;   6;    2.600;   0;   6.5;   5.8;  996.43;    3.8;   72.29;    7.1;    1.5;   -0.8;eor
       1684;20190320;   10;   7.1;   2.6;    3;   0.0;   0;   10.450;   0;   2.3;   5.7; 1004.03;    5.0;   67.46;   10.4;   -0.5;   -3.0;eor
       1684;20190321;   10;   7.0;   2.3;    3;   0.0;   0;    6.167;   0;   4.0;   8.1; 1004.76;    9.2;   69.75;   14.7;    4.8;    2.5;eor
       1684;20190322;   10;   5.8;   1.8;    3;   0.0;   0;   10.850;   0;   2.9;   9.8; 1002.88;    9.4;   84.04;   16.9;    2.5;    0.4;eor
       1684;20190323;   10;   9.5;   3.3;    3;   0.0;   0;   11.517;   0;   1.5;  10.0;  997.80;   12.3;   72.71;   19.7;    4.3;    2.2;eor
       1684;20190324;   10;   5.4;   2.1;    3;   0.0;   0;    0.583;   0;   7.8;   8.1;  995.08;    7.6;   77.96;   10.3;    4.6;    2.8;eor
       1684;20190325;   10;  14.0;   3.7;    3;   2.6;   8;    2.217;   0;   6.4;   6.8;  987.19;    3.6;   85.71;    7.0;    1.4;   -0.3;eor
       1684;20190326;   10;  13.4;   4.8;    3;   0.2;   6;    0.483;   0;   7.8;   6.8;  994.85;    4.0;   84.04;    6.3;    2.0;    1.4;eor
       1684;20190327;   10;   7.1;   2.8;    3;   0.6;   6;    0.633;   0;   7.5;   7.8; 1000.33;    5.4;   86.96;    7.5;    1.6;   -0.5;eor
       1684;20190328;   10;   7.9;   3.0;    3;   3.5;   6;    0.000;   0;   7.5;  10.2; 1002.85;    7.5;   98.13;    9.3;    6.1;    5.8;eor
       1684;20190329;   10;   5.7;   1.7;    3;   0.0;   0;    4.933;   0;   7.8;   9.3; 1002.97;    8.6;   83.96;   13.0;    3.0;    0.8;eor
       1684;20190330;   10;   8.4;   3.2;    3;   0.0;   0;   11.567;   0;   6.7;   8.2;  994.82;    9.9;   69.33;   16.5;    3.1;   -0.1;eor
       1684;20190331;   10;   8.6;   3.4;    3;   0.0;   0;    4.100;   0;   5.3;   8.2;  992.99;    8.5;   73.21;   13.2;    2.5;    1.6;eor
       1684;20190401;   10;  12.6;   5.1;    3;   0.0;   0;   12.383;   0;   1.3;   4.7;  996.15;    5.2;   55.17;   10.2;   -0.6;   -1.7;eor
       1684;20190402;   10;  10.9;   3.6;    3;   0.0;   0;   11.750;   0;   3.1;   6.4;  985.34;    9.1;   54.79;   16.5;   -0.4;   -3.7;eor
       1684;20190403;   10;  10.3;   4.2;    3;   0.0;   0;   10.017;   0;   5.3;   8.1;  976.18;   14.0;   51.46;   19.4;    6.7;    4.6;eor
       1684;20190404;   10;  13.8;   4.8;    3;   0.0;   0;   11.183;   0;   2.8;   8.4;  971.65;   14.2;   53.08;   19.7;    8.2;    2.6;eor
       1684;20190405;   10;   6.7;   2.7;    3;   0.9;   6;    8.333;   0;   3.9;   9.7;  976.42;   13.7;   62.25;   20.4;    8.6;    5.3;eor
       1684;20190406;   10;  10.1;   2.7;    3;   0.0;   0;    9.467;   0;   2.3;   9.4;  978.51;   12.4;   67.67;   19.5;    4.8;    3.0;eor
       1684;20190407;   10;   8.6;   2.6;    3;   0.0;   0;   11.867;   0;   0.0;   9.3;  979.11;   11.3;   71.96;   17.6;    3.2;    1.4;eor
       1684;20190408;   10;   6.5;   1.6;    3;   0.0;   0;   10.400;   0;   1.2;   8.5;  980.66;   11.8;   65.96;   19.5;    3.4;    1.5;eor
       1684;20190409;   10;   8.9;   4.0;    3;   0.0;   0;    2.450;   0;   5.4;   7.3;  984.30;    5.7;   79.71;   10.0;    3.0;    1.9;eor
       1684;20190410;   10;  11.8;   5.8;    3;   0.0;   0;    4.600;   0;   7.4;   5.1;  987.08;    4.8;   60.08;    8.1;    2.7;    2.2;eor
       1684;20190411;   10;   9.9;   4.9;    3;   0.0;   0;    1.700;   0;   7.8;   4.7;  993.03;    3.2;   61.42;    5.7;    0.0;   -1.2;eor
       1684;20190412;   10;   7.3;   3.7;    3;   0.0;   7;    0.000;   0;   7.9;   5.1;  994.71;    2.4;   70.21;    4.1;    0.9;    0.9;eor
       1684;20190413;   10;   7.9;   3.5;    3;   2.8;   8;    0.000;   0;   8.0;   5.5;  993.21;    3.4;   71.25;    6.2;    0.8;    0.7;eor
       1684;20190414;   10;  10.8;   3.8;    3;   0.1;   8;    2.167;   0;   7.8;   6.8;  993.54;    5.4;   78.25;   11.8;    0.2;    0.0;eor
       1684;20190415;   10;   9.1;   3.3;    3;   0.0;   0;   13.100;   0;   0.6;   5.3;  996.72;    6.8;   56.00;   13.3;   -0.2;   -1.9;eor
       1684;20190416;   10;  10.8;   3.5;    3;   0.0;   0;   13.183;   0;   0.0;   5.0;  994.19;    7.8;   49.92;   14.1;   -1.4;   -3.8;eor
       1684;20190417;   10;  10.4;   3.2;    3;   0.0;   0;    9.467;   0;   1.5;   6.3;  997.64;    9.5;   53.75;   16.7;    0.3;   -3.3;eor
       1684;20190418;   10;  12.5;   3.2;    3;   0.0;   0;   13.083;   0;   0.0;   7.1; 1000.79;   12.3;   52.83;   19.2;    1.9;   -0.8;eor
       1684;20190419;   10;   9.3;   2.5;    3;   0.0;   0;   13.367;   0;   0.2;   7.2; 1002.98;   13.5;   50.67;   20.8;    4.1;    1.1;eor
       1684;20190420;   10;   7.3;   1.8;    3;   0.0;   0;   13.167;   0;   4.0;   7.2; 1000.43;   13.6;   49.54;   22.3;    3.0;    0.0;eor
       1684;20190421;   10;   9.6;   1.8;    3;   0.0;   0;   13.517;   0;   0.0;   7.5;  994.15;   12.9;   53.42;   20.1;    2.4;    0.3;eor
       1684;20190422;   10;  15.6;   5.1;    3;   0.0;   0;   13.267;   0;   0.3;   7.4;  988.15;   10.7;   58.25;   14.4;    4.1;    0.7;eor
       1684;20190423;   10;  15.4;   6.6;    3;   0.0;   6;    6.367;   0;   4.5;   8.7;  981.99;   12.2;   60.83;   16.5;    7.1;    5.9;eor
       1684;20190424;   10;  13.0;   5.1;    3;   0.0;   0;   12.333;   0;   4.9;  11.6;  980.02;   15.4;   66.63;   20.6;   10.0;    8.2;eor
       1684;20190425;   10;   9.7;   2.9;    3;   0.0;   0;   12.467;   0;   3.8;  10.6;  983.26;   18.8;   51.50;   25.2;   11.9;    8.5;eor
       1684;20190426;   10;  13.5;   3.4;    3;   1.3;   6;    9.467;   0;   5.7;  12.3;  980.44;   17.8;   62.92;   25.8;    8.9;    7.7;eor
       1684;20190427;   10;  10.8;   3.5;    3;   0.5;   6;    1.417;   0;   7.5;  10.3;  984.72;   10.8;   80.63;   15.4;    6.4;    3.7;eor
       1684;20190428;   10;   8.6;   3.4;    3;   3.5;   6;    1.333;   0;   7.5;   8.7;  988.60;    9.3;   75.08;   12.4;    6.1;    3.9;eor
       1684;20190429;   10;   7.8;   3.1;    3;   5.4;   6;    0.000;   0;   7.4;  10.7;  987.14;    8.4;   96.58;   10.4;    6.8;    5.4;eor
       1684;20190430;   10;   8.0;   3.2;    3;   0.0;   6;   10.867;   0;   1.9;   8.3;  987.27;    9.6;   71.33;   16.6;    3.8;    2.9;eor
       1684;20190501;    3;   9.6;   3.6;    3;   1.4;   6;    2.967;-999;   6.7;   9.8;  983.66;   10.8;   74.21;   16.0;    4.3;    1.5;eor
       1684;20190502;    3;  12.2;   4.0;    3;   0.5;   6;   10.467;-999;   5.0;   9.7;  978.44;   11.7;   71.50;   16.1;    7.2;    4.9;eor
       1684;20190503;    3;  10.3;   3.7;    3;   0.4;   6;    2.567;-999;   7.2;   7.5;  979.56;    7.4;   73.17;   11.2;    4.0;    2.0;eor
       1684;20190504;    3;   8.1;   2.1;    3;  12.0;   6;    0.117;-999;   7.0;   7.0;  978.59;    3.4;   89.46;    6.4;    0.6;   -0.8;eor
       1684;20190505;    3;   8.5;   2.8;    3;   0.0;   0;    6.467;-999;   7.1;   6.2;  986.28;    5.1;   72.75;   10.5;    0.5;   -0.6;eor
       1684;20190506;    3;   9.5;   3.1;    3;   0.0;   0;    6.850;-999;   5.3;   5.8;  988.58;    5.9;   63.75;   10.7;    1.5;   -0.9;eor
       1684;20190507;    3;   8.8;   2.3;    3;   0.0;   6;    5.833;-999;   6.8;   7.1;  989.11;    6.8;   72.17;   11.1;    1.4;   -0.6;eor
       1684;20190508;    3;  11.5;   4.0;    3;   1.7;   6;   10.050;-999;   6.8;   7.8;  980.62;   12.2;   57.67;   17.4;    4.5;    3.4;eor
       1684;20190509;    3;  10.1;   3.4;    3;   0.0;   6;    4.067;-999;   7.1;  10.6;  973.46;   12.5;   74.00;   16.6;    9.3;    7.5;eor
       1684;20190510;    3;  10.9;   3.6;    3;   1.2;   6;    5.533;-999;   5.9;  10.1;  979.80;   12.1;   73.04;   16.6;    7.1;    4.5;eor
       1684;20190511;    3;   9.2;   2.8;    3;   9.4;   6;    1.500;-999;   7.3;  11.3;  983.94;   10.3;   90.08;   14.0;    5.5;    3.6;eor
       1684;20190512;    3;  11.7;   4.5;    3;   1.8;   6;    5.600;-999;   8.0;   8.3;  996.59;    9.1;   74.13;   14.6;    3.8;    4.1;eor
       1684;20190513;    3;  10.5;   3.3;    3;   0.0;   0;    8.650;-999;   5.8;   6.8; 1004.15;    8.9;   60.92;   13.4;    4.4;    1.4;eor
       1684;20190514;    3;  12.1;   3.2;    3;   1.1;   6;    5.450;-999;   6.2;   7.7; 1000.10;    6.6;   78.79;   11.2;    2.8;    0.2;eor
       1684;20190515;    3;   7.8;   3.6;    3;  12.3;   6;    0.000;-999;   7.8;   8.4;  994.02;    5.3;   93.21;    7.0;    2.6;    2.9;eor
       1684;20190516;    3;   6.5;   1.8;    3;   0.0;   0;    0.267;-999;   7.8;  10.1;  986.50;    8.5;   91.46;   12.4;    5.4;    5.5;eor
       1684;20190517;    3;   7.9;   2.1;    3;   0.0;   0;    5.283;-999;   6.2;  12.6;  982.59;   13.4;   82.92;   19.4;    8.2;    7.2;eor
       1684;20190518;    3;   8.1;   2.6;    3;   0.0;   0;   14.850;-999;   0.5;  11.3;  980.04;   15.4;   66.21;   21.7;    6.3;    4.5;eor
       1684;20190519;    3;   8.6;   2.1;    3;   0.0;   0;   10.300;-999;   4.2;  12.6;  977.15;   17.3;   65.58;   24.6;    6.4;    5.4;eor
       1684;20190520;    3;  10.3;   2.5;    3;   0.2;   6;    3.683;-999;   5.9;  14.2;  974.27;   15.1;   83.17;   19.5;    9.8;    8.3;eor
       1684;20190521;    3;   9.8;   2.1;    3;   8.4;   6;   12.950;-999;   5.1;  13.8;  976.45;   16.5;   74.75;   23.0;    7.7;    6.4;eor
       1684;20190522;    3;  12.4;   5.2;    3;  15.4;   6;    0.000;-999;   7.3;  13.9;  983.15;   11.9;   98.67;   15.2;    9.6;    9.5;eor
       1684;20190523;    3;   8.3;   3.0;    3;   0.0;   0;    6.300;-999;   5.8;  10.0;  988.97;   12.2;   72.88;   18.2;    7.5;    4.9;eor
       1684;20190524;    3;   5.8;   1.5;    3;   0.0;   0;   12.983;-999;   7.7;  10.5;  986.40;   14.2;   67.00;   21.1;    4.5;    3.7;eor
       1684;20190525;    3;   6.9;   2.4;    3;   0.0;   0;    9.367;-999;   4.3;  11.9;  985.93;   15.3;   69.08;   19.9;    9.4;    7.7;eor
       1684;20190526;    3;   8.5;   2.6;    3;   0.0;   0;   14.067;-999;   5.4;  11.6;  985.50;   15.3;   68.83;   21.8;    7.8;    6.3;eor
       1684;20190527;    3;   9.3;   3.4;    3;  14.5;   6;   10.333;-999;   5.5;  13.2;  980.37;   18.2;   64.63;   24.1;   12.6;   11.0;eor
       1684;20190528;    3;   7.6;   1.9;    3;   5.9;   6;    0.000;-999;   7.7;  14.6;  978.23;   13.3;   95.25;   14.5;   11.5;   11.4;eor
       1684;20190529;    3;  12.0;   3.3;    3;   0.0;   0;    6.883;-999;   6.6;  10.3;  990.64;   11.5;   77.17;   16.4;    6.6;    4.5;eor
       1684;20190530;    3;   6.0;   1.3;    3;   0.0;   6;   14.733;-999;   1.0;   8.9;  996.17;   12.9;   63.75;   19.5;    4.3;    2.6;eor
       1684;20190531;    3;   7.2;   2.3;    3;   0.0;   0;    4.917;-999;   7.3;  14.2;  995.34;   17.3;   71.75;   22.6;   11.0;   10.8;eor
       1684;20190601;    3;   6.2;   2.1;    3;   0.0;   0;   14.167;-999;   3.5;  15.5;  993.45;   19.7;   70.46;   25.7;   11.4;   10.2;eor
       1684;20190602;    3;   4.2;   1.6;    3;   0.0;   0;   15.200;-999;   0.5;  15.7;  990.32;   21.7;   63.67;   28.7;   13.0;   11.0;eor
       1684;20190603;    3;   8.7;   2.9;    3;   0.0;   0;   15.467;-999;   0.1;  16.1;  987.38;   23.5;   57.00;   29.4;   16.4;   12.8;eor
       1684;20190604;    3;   5.5;   1.9;    3;   0.0;   0;   15.200;-999;   0.0;  17.3;  984.80;   22.4;   65.54;   29.5;   14.8;   13.2;eor
       1684;20190605;    3;  10.4;   3.0;    3;   0.0;   0;   15.283;-999;   0.8;  18.0;  981.63;   22.8;   67.50;   28.2;   13.2;   12.3;eor
       1684;20190606;    3;  12.1;   4.3;    3;  13.5;   8;   10.517;-999;   4.6;  17.5;  981.67;   20.4;   74.46;   26.2;   13.1;   13.3;eor
       1684;20190607;    3;   7.4;   2.3;    3;   1.2;   6;    5.933;-999;   5.0;  16.8;  986.82;   17.1;   86.21;   22.6;   13.3;   13.3;eor
       1684;20190608;    3;  11.3;   3.3;    3;   0.3;   6;    9.617;-999;   3.5;  12.5;  992.56;   17.3;   64.71;   22.1;    9.3;    8.0;eor
       1684;20190609;    1;   8.9;   2.5;    1;   0.0;   0;   12.667;-999;   3.8;  12.1;  995.36;   18.3;   60.25;   24.5;    7.7;    6.2;eor
       1684;20190610;    1;  24.0;   2.5;    1;   9.0;   6;    8.250;-999;   6.1;  19.2;  985.60;   23.2;   67.46;   28.8;   16.0;   15.2;eor
       1684;20190611;    1;   9.9;   3.1;    1;   0.0;   0;   12.383;-999;   4.1;  20.9;  981.72;   24.8;   68.83;   31.5;   15.0;   14.9;eor
       1684;20190612;    1;  15.7;   3.7;    1;  12.3;   6;   11.967;-999;   4.1;  19.3;  980.82;   24.8;   65.00;   31.4;   16.8;   16.4;eor
       1684;20190613;    1;   7.9;   1.7;    1;   0.0;   6;    6.983;-999;   5.4;  16.9;  987.14;   18.2;   81.79;   23.9;   14.3;   13.8;eor
       1684;20190614;    1;   7.9;   2.5;    1;   0.0;   0;   14.383;-999;   1.6;  17.5;  989.86;   22.1;   68.42;   27.6;   13.2;   12.0;eor
       1684;20190615;    1;  14.1;   3.4;    1;   1.0;   6;    6.883;-999;   6.6;  20.4;  984.02;   23.7;   70.92;   32.0;   18.8;   17.7;eor
       1684;20190616;    1;   8.6;   2.4;    1;   0.3;   6;    6.150;-999;   5.5;  15.0;  991.16;   18.4;   71.25;   22.7;   13.0;   11.0;eor
       1684;20190617;    1;   6.8;   2.1;    1;   0.0;   0;   15.333;-999;   1.9;  14.1;  993.43;   19.6;   64.17;   25.2;   10.8;    9.9;eor
       1684;20190618;    1;   8.2;   2.8;    1;   0.0;   0;   15.133;-999;   1.5;  15.4;  989.50;   20.5;   65.71;   25.9;   12.1;   10.5;eor
       1684;20190619;    1;   9.4;   3.3;    1;   0.0;   6;   13.517;-999;   3.8;  17.1;  983.26;   23.5;   61.54;   30.5;   15.4;   13.1;eor
       1684;20190620;    1;  11.4;   3.4;    1;   3.8;   6;   11.650;-999;   3.5;  16.8;  983.35;   22.1;   63.79;   26.9;   16.8;   15.4;eor
       1684;20190621;    1;   7.6;   2.5;    1;   0.0;   0;    8.900;-999;   5.5;  17.1;  988.77;   19.8;   75.58;   25.2;   15.1;   12.8;eor
       1684;20190622;    1;  11.0;   3.7;    1;   0.0;   0;   11.367;-999;   5.5;  14.3;  992.35;   20.2;   62.42;   25.0;   13.8;   12.2;eor
       1684;20190623;    1;  10.5;   3.6;    1;   0.0;   0;   15.250;-999;   3.8;  13.3;  993.15;   20.0;   58.13;   25.5;   12.2;   10.9;eor
       1684;20190624;    1;   9.4;   2.6;    1;   0.0;   0;   15.733;-999;   0.0;  13.4;  995.50;   21.4;   55.00;   28.2;    9.8;    8.1;eor
       1684;20190625;    1;   8.2;   2.6;    1;   0.0;   0;   15.450;-999;   2.2;  18.0;  994.71;   24.8;   59.54;   32.4;   14.6;   12.6;eor
       1684;20190626;    1;   9.8;   4.3;    1;   0.0;   0;   14.783;-999;   0.8;  21.0;  992.57;   29.4;   53.04;   35.7;   23.0;   21.1;eor
       1684;20190627;    1;  11.0;   3.6;    1;   0.0;   0;   15.550;-999;   0.4;  13.0;  993.64;   22.1;   50.08;   26.4;   14.3;   13.3;eor
       1684;20190628;    1;   7.2;   2.3;    1;   0.0;   0;    9.700;-999;   3.5;  12.2;  995.09;   18.2;   60.08;   23.8;   13.5;   10.6;eor
       1684;20190629;    1;   6.1;   1.5;    1;   0.0;   0;   15.567;-999;   0.3;  13.2;  993.05;   21.4;   56.25;   30.0;   10.5;    9.3;eor
       1684;20190630;    1;  11.5;   4.3;    1;   0.0;   0;   15.467;-999;   0.0;  12.7;  986.86;   27.1;   38.96;   35.6;   15.1;   12.1;eor
       1684;20190701;    1;   9.1;   2.7;    1;   0.0;   0;   12.283;-999;   5.1;  15.9;  985.87;   24.6;   51.71;   29.8;   19.0;   17.1;eor
       1684;20190702;    1;  10.6;   3.5;    1;   0.0;   0;   10.500;-999;   3.8;  10.6;  990.55;   18.4;   50.63;   23.1;   11.2;    8.1;eor
       1684;20190703;    1;   9.8;   2.6;    1;   0.0;   0;   12.283;-999;   2.2;   8.3;  993.65;   15.2;   50.50;   21.2;    8.2;    6.1;eor
       1684;20190704;    1;   9.7;   2.7;    1;   0.0;   0;   13.717;-999;   3.2;   8.3;  993.12;   16.1;   48.33;   23.0;    8.6;    6.9;eor
       1684;20190705;    1;  11.7;   3.0;    1;   0.0;   6;    0.483;-999;   8.0;  11.1;  986.76;   17.8;   54.29;   22.6;   12.3;   10.5;eor
       1684;20190706;    1;  12.0;   3.3;    1;   0.0;   6;    8.700;-999;   7.1;  12.4;  981.30;   20.6;   55.29;   28.2;   12.3;   10.6;eor
       1684;20190707;    1;  11.7;   3.8;    1;   0.0;   6;    6.133;-999;   6.1;  10.4;  982.49;   15.6;   60.63;   20.2;   11.0;    8.6;eor
       1684;20190708;    1;  11.6;   3.5;    1;   0.0;   6;    4.733;-999;   6.8;   8.7;  987.02;   14.0;   55.54;   19.0;    8.3;    7.0;eor
